? 11 753 772 659 542 236 309 641 334 356 228 132
? 11 132 362 34 200 566 492 461 403 233 284 345
? 11 345 603 707 784 118 254 612 161 125 130 788
? 11 788 393 536 181 39 292 703 70 610 21 48
? 11 48 416 166 435 423 139 402 666 401 412 482
? 11 482 82 505 286 413 576 92 119 366 709 739
? 4 739 525 44 250
? 11 217 543 100 558 205 486 759 282 691 324 527
? 11 527 290 244 5 157 592 223 799 143 609 487
? 11 487 503 593 665 51 127 311 793 160 437 502
? 11 502 338 337 212 8 90 424 551 484 121 674
? 11 674 485 61 173 372 621 367 554 326 29 314
? 6 314 344 42 105 469 183
? 11 699 508 547 572 201 17 539 711 516 635 465
? 11 465 246 126 506 18 705 84 148 584 591 31
? 11 31 101 582 544 258 88 175 796 178 16 315
? 11 315 736 574 85 480 38 702 764 532 724 206
? 2 206 176
? 11 321 634 164 77 745 198 658 52 159 348 375
? 11 375 274 457 478 134 111 261 777 767 156 422
? 11 422 165 629 23 735 62 586 107 46 451 281
? 4 281 278 361 219
? 11 624 495 498 599 766 549 606 429 679 648 595
? 11 595 692 683 209 235 45 476 247 102 353 9
? 11 9 504 239 352 700 512 381 585 106 135 79
? 4 79 76 587 706
? 11 374 40 168 556 259 722 216 283 208 689 768
? 11 768 440 340 37 475 87 432 723 654 763 410
? 11 410 501 93 4 472 41 439 245 343 530 53
? 6 53 19 154 358 564 726
