? 3 704 226 585
? 3 585 627 122
? 3 122 751 342
? 3 342 382 602
? 3 602 413 728
? 3 728 208 706
? 3 706 97 169
? 3 169 521 198
? 3 198 303 657
? 3 657 782 453
? 3 453 763 4
? 3 4 633 645
? 3 645 772 762
? 2 762 29
? 3 423 466 628
? 3 628 395 331
? 3 331 597 590
? 3 590 396 553
? 3 553 189 248
? 3 248 462 352
? 3 352 107 411
? 3 411 15 671
? 3 671 690 777
? 3 777 729 588
? 2 588 523
? 3 424 50 179
? 3 179 234 55
? 3 55 379 508
? 3 508 24 182
? 3 182 240 330
? 3 330 157 378
? 3 378 146 81
? 3 81 358 421
? 3 421 582 119
? 3 119 789 393
? 3 393 752 262
? 3 262 341 185
? 3 92 672 477
? 3 477 82 280
? 3 280 187 286
? 3 286 609 696
? 3 696 144 767
? 3 767 242 370
? 3 370 46 345
? 3 345 615 62
? 3 62 647 339
? 3 339 322 764
? 3 764 743 669
? 3 669 501 594
? 3 272 503 265
? 3 265 251 723
? 3 723 118 520
? 3 520 11 318
? 3 318 749 391
? 3 391 236 467
? 3 467 439 83
? 3 83 340 13
? 3 13 183 285
? 3 285 684 317
? 3 317 204 394
? 3 522 366 760
? 3 760 260 660
? 3 660 512 410
? 3 410 584 640
? 3 640 95 644
? 3 644 273 127
? 3 127 458 482
? 3 482 603 796
? 3 796 790 384
? 3 384 110 652
? 3 652 620 616
? 3 738 150 656
? 3 656 58 402
? 3 402 525 142
? 3 142 235 698
? 3 698 86 349
? 3 349 744 375
? 3 375 420 579
? 3 701 654 539
? 3 539 161 68
? 3 68 388 685
? 3 685 8 488
? 3 488 188 63
? 3 63 310 686
? 3 686 571 507
? 3 507 773 32
? 3 32 23 550
? 3 19 496 217
? 3 217 85 637
? 3 637 589 596
? 3 596 261 12
? 3 12 401 215
? 3 215 634 125
? 3 125 556 664
? 3 664 427 30
? 3 30 727 281
? 2 281 143
? 3 505 194 707
? 3 707 761 351
? 3 351 612 196
? 3 196 222 151
? 3 151 544 678
? 3 678 332 469
? 3 291 689 359
? 3 359 6 748
? 3 748 436 386
? 3 386 109 84
? 3 84 364 80
? 3 80 768 263
? 3 263 135 747
? 3 747 774 780
? 3 200 26 134
? 3 134 160 433
? 3 433 779 668
? 3 668 301 57
? 3 57 353 164
? 3 164 174 677
? 3 677 267 483
? 3 483 87 36
? 2 36 233
? 3 315 662 674
? 3 674 264 96
? 3 96 514 794
? 3 794 309 38
? 3 38 712 442
? 3 442 201 419
? 3 419 680 66
? 3 66 137 499
? 2 499 451
? 3 165 542 530
? 3 530 667 319
? 3 319 478 69
? 3 69 489 703
? 3 703 491 327
? 3 327 225 168
? 3 168 422 758
? 3 758 162 276
? 2 276 622
? 3 475 48 545
? 3 545 533 736
? 3 736 216 337
? 3 337 324 576
? 3 576 356 429
? 2 429 154
? 3 64 551 211
? 3 211 67 131
? 3 131 231 799
? 3 799 513 625
? 3 625 440 203
? 3 737 214 117
? 3 117 372 398
? 3 398 300 661
? 3 661 103 40
? 3 40 313 561
? 3 561 435 348
? 3 25 75 42
? 3 42 400 18
? 3 18 229 700
? 3 700 569 376
? 3 89 91 566
? 3 566 687 170
? 3 170 158 540
? 3 540 147 682
? 2 682 608
? 3 238 292 354
? 3 354 487 517
? 3 517 509 486
? 3 486 711 793
? 3 793 624 104
? 3 104 218 781
? 2 781 471
? 3 363 360 249
? 3 249 404 730
? 3 730 403 431
? 3 431 506 114
? 3 114 333 721
? 3 721 543 60
? 2 60 575
? 3 33 155 108
? 3 108 441 450
? 3 450 559 3
? 3 3 192 473
? 3 473 213 614
? 3 614 274 409
? 2 409 592
? 3 563 791 642
? 3 642 28 90
? 3 90 320 271
? 3 271 173 347
? 3 347 610 710
? 3 710 283 629
? 2 629 795
? 3 765 718 232
? 3 232 21 284
? 3 284 139 538
? 3 538 480 1
? 3 1 27 798
? 3 798 493 549
? 2 549 45
? 3 665 148 76
? 3 76 350 136
? 3 136 456 567
? 3 567 679 587
? 3 587 755 515
? 3 515 270 7
? 2 7 10
? 3 464 269 692
? 3 692 443 734
? 3 734 498 243
? 2 243 418
? 3 167 470 577
? 3 577 241 254
? 3 254 14 129
? 3 129 510 659
? 2 659 591
? 3 691 206 412
? 3 412 447 613
? 2 613 771
? 3 757 181 126
? 3 126 383 572
? 3 572 463 325
? 3 325 365 336
? 3 336 742 268
? 3 753 716 16
? 3 16 788 445
? 3 445 52 527
? 3 527 454 326
? 3 326 635 305
? 3 430 583 746
? 3 746 177 733
? 3 733 329 106
? 3 374 297 141
? 3 141 502 526
? 3 526 255 535
? 2 535 381
? 3 71 5 468
? 3 468 307 494
? 3 494 607 191
? 3 444 93 536
? 3 536 651 355
? 3 355 650 61
? 2 61 766
? 3 244 428 130
? 3 130 149 289
? 3 289 34 775
? 3 775 369 362
? 3 245 649 705
? 3 705 564 237
? 3 237 537 709
? 3 709 573 581
? 3 306 278 224
? 3 224 0 552
? 3 552 219 770
? 3 770 407 630
? 3 334 100 288
? 3 288 643 750
? 3 750 437 133
? 3 133 35 715
? 3 31 658 695
? 3 695 708 405
? 3 405 472 17
? 3 786 504 713
? 3 713 457 51
? 3 115 593 580
? 3 580 275 484
? 3 415 460 39
? 3 39 44 683
? 3 683 163 618
? 3 735 171 266
? 3 266 79 586
? 3 586 153 604
? 2 604 88
? 3 279 20 485
? 3 485 227 385
? 3 385 186 295
? 2 295 476
? 3 392 253 230
? 3 230 298 112
? 3 112 316 524
? 2 524 631
? 3 343 606 694
? 2 694 598
? 3 308 495 293
? 3 293 302 492
? 3 492 670 56
? 3 277 282 373
? 3 373 176 184
? 3 184 697 140
? 3 113 414 296
? 3 296 116 166
? 3 166 98 497
? 3 574 719 368
? 3 368 455 361
? 2 361 258
? 3 128 688 294
? 3 294 159 199
? 2 199 646
? 3 287 663 172
? 3 172 314 259
? 2 259 43
? 3 797 390 448
? 3 448 78 438
? 2 438 724
? 3 722 638 387
? 3 387 22 518
? 2 518 250
? 3 717 675 756
? 3 756 367 446
? 2 446 397
? 3 623 570 516
? 3 516 792 132
? 3 357 70 621
? 3 621 299 346
? 3 121 732 416
? 3 416 74 321
? 3 531 699 479
? 3 479 389 529
? 3 212 534 220
? 2 220 619
? 3 406 102 595
? 3 595 714 541
? 3 776 655 53
? 3 53 290 554
? 3 617 785 156
? 3 156 152 558
? 3 408 474 740
? 2 740 252
? 3 648 787 344
? 3 344 636 784
? 3 335 726 105
? 3 145 673 725
? 3 452 578 459
? 2 459 500
? 3 239 641 769
? 2 769 548
? 3 120 778 720
? 2 720 461
? 3 209 221 54
? 3 138 565 257
? 2 257 73
? 3 190 193 247
? 3 702 65 205
? 2 205 511
? 3 59 202 693
? 2 693 562
? 3 178 399 666
? 2 666 653
? 3 632 465 2
? 3 41 754 47
? 3 676 745 228
? 3 123 605 256
? 3 560 626 371
? 3 77 197 338
? 3 9 449 481
? 3 377 434 380
? 3 739 547 490
? 3 417 432 207
? 2 519 124
? 2 223 37
? 2 180 99
? 2 555 195
? 2 681 599
? 2 111 611
? 2 72 639
? 2 546 246
? 2 426 528
? 2 210 328
? 2 175 532
!
786 504 713 457 51 
504 786
713 786
51 457
457 713
115 593 580 275 484 
115 580
580 593
275 484
275 580
49 
423 466 628 395 331 597 590 396 553 189 248 462 352 107 411 15 671 690 777 729 588 523 
423 628
466 628
331 395
395 628
331 590
590 597
396 553
396 590
189 248
189 553
248 352
352 462
107 352
107 411
15 411
15 671
671 777
690 777
588 729
588 777
523 588
430 583 746 177 733 329 106 
430 583
583 746
177 746
733 746
106 329
106 733
343 606 694 598 
343 606
343 694
598 694
94 
519 124 
124 519
691 206 412 447 613 771 
206 691
412 691
412 613
447 613
613 771
64 551 211 67 131 231 799 513 625 440 203 
64 551
211 551
67 211
131 211
131 799
231 799
513 625
513 799
203 440
203 625
464 269 692 443 734 498 243 418 
269 692
464 692
443 692
692 734
243 498
498 734
243 418
212 534 220 619 
212 220
220 534
220 619
101 
505 194 707 761 351 612 196 222 151 544 678 332 469 
194 505
194 707
351 761
707 761
196 351
196 612
151 196
151 222
151 544
151 678
332 469
332 678
223 37 
37 223
408 474 740 252 
408 474
474 740
252 740
304 
335 726 105 
105 335
335 726
200 26 134 160 433 779 668 301 57 353 164 174 677 267 483 87 36 233 
26 134
26 200
134 160
134 433
433 668
433 779
57 301
57 668
57 164
57 353
164 677
174 677
267 483
483 677
36 483
87 483
36 233
311 
180 99 
99 180
704 226 585 627 122 751 342 382 602 413 728 208 706 97 169 521 198 303 657 782 453 763 4 633 645 772 762 29 
226 585
585 704
122 585
122 627
122 751
342 751
342 602
382 602
413 728
602 728
208 706
208 728
97 169
169 706
169 521
198 521
198 303
198 657
453 657
453 782
4 453
4 763
4 633
633 645
645 762
762 772
29 762
623 570 516 792 132 
516 570
516 623
132 516
516 792
574 719 368 455 361 258 
368 719
574 719
361 368
368 455
258 361
555 195 
195 555
424 50 179 234 55 379 508 24 182 240 330 157 378 146 81 358 421 582 119 789 393 752 262 341 185 
50 179
50 424
55 234
179 234
55 508
379 508
24 182
182 508
182 240
182 330
157 378
330 378
81 378
146 378
81 358
358 421
119 421
119 582
119 789
393 789
262 393
393 752
185 262
262 341
145 673 725 
145 725
673 725
71 5 468 307 494 607 191 
5 71
5 468
307 468
307 494
191 494
191 607
452 578 459 500 
452 578
459 578
459 500
209 221 54 
54 221
209 221
190 193 247 
190 193
193 247
357 70 621 299 346 
70 621
357 621
299 346
299 621
238 292 354 487 517 509 486 711 793 624 104 218 781 471 
238 292
238 354
354 517
487 517
486 517
509 517
486 793
711 793
104 793
624 793
104 218
218 781
471 781
239 641 769 548 
239 641
641 769
548 769
632 465 2 
2 465
2 632
757 181 126 383 572 463 325 365 336 742 268 
126 181
126 757
126 572
383 572
325 463
325 572
325 336
336 365
268 742
336 742
363 360 249 404 730 403 431 506 114 333 721 543 60 575 
249 360
249 363
249 404
249 730
403 431
431 730
114 506
431 506
114 333
333 721
60 543
543 721
60 575
681 599 
599 681
111 611 
111 611
89 91 566 687 170 158 540 147 682 608 
89 91
89 566
170 566
170 687
158 170
158 540
147 682
540 682
608 682
120 778 720 461 
120 778
720 778
461 720
312 
138 565 257 73 
138 565
257 565
73 257
272 503 265 251 723 118 520 11 318 749 391 236 467 439 83 340 13 183 285 684 317 204 394 
265 503
272 503
251 265
251 723
118 520
520 723
11 318
11 520
318 391
318 749
236 467
391 467
83 467
439 467
13 340
83 340
13 183
183 285
285 684
317 684
204 317
204 394
25 75 42 400 18 229 700 569 376 
25 42
25 75
18 42
18 400
18 229
229 700
376 569
569 700
738 150 656 58 402 525 142 235 698 86 349 744 375 420 579 
150 656
150 738
58 402
58 656
142 525
402 525
142 235
142 698
86 349
349 698
349 744
375 744
375 420
420 579
121 732 416 74 321 
121 416
416 732
74 416
321 416
33 155 108 441 450 559 3 192 473 213 614 274 409 592 
33 155
108 155
108 441
441 450
3 559
450 559
3 192
3 473
213 473
473 614
274 409
409 614
409 592
374 297 141 502 526 255 535 381 
141 374
297 374
141 526
502 526
255 526
526 535
381 535
41 754 47 
41 754
47 754
291 689 359 6 748 436 386 109 84 364 80 768 263 135 747 774 780 
291 359
291 689
6 359
359 748
386 436
436 748
84 109
84 386
80 84
84 364
80 263
263 768
135 747
263 747
747 774
774 780
444 93 536 651 355 650 61 766 
93 444
93 536
355 651
536 651
61 650
355 650
61 766
531 699 479 389 529 
479 531
531 699
389 479
389 529
244 428 130 149 289 34 775 369 362 
130 428
244 428
130 149
149 289
34 289
34 775
362 369
369 775
406 102 595 714 541 
102 406
102 595
541 595
541 714
735 171 266 79 586 153 604 88 
171 266
171 735
79 266
266 586
153 586
586 604
88 604
676 745 228 
228 676
228 745
323 
123 605 256 
123 256
123 605
128 688 294 159 199 646 
128 688
294 688
159 199
199 294
199 646
425 
31 658 695 708 405 472 17 
31 658
658 695
405 695
405 708
17 405
17 472
415 460 39 44 683 163 618 
39 460
415 460
39 44
44 683
163 618
163 683
702 65 205 511 
65 205
65 702
205 511
560 626 371 
371 560
560 626
308 495 293 302 492 670 56 
293 308
308 495
293 492
302 492
56 492
492 670
557 
568 
77 197 338 
77 338
197 338
59 202 693 562 
59 202
202 693
562 693
563 791 642 28 90 320 271 173 347 610 710 283 629 795 
563 791
642 791
28 90
28 642
90 271
271 320
173 271
173 347
347 610
610 710
283 629
629 710
629 795
600 
701 654 539 161 68 388 685 8 488 188 63 310 686 571 507 773 32 23 550 
539 701
654 701
68 161
161 539
68 388
388 685
8 685
488 685
63 488
188 488
63 310
63 686
507 571
507 686
32 507
32 773
23 550
32 550
315 662 674 264 96 514 794 309 38 712 442 201 419 680 66 137 499 451 
315 662
662 674
96 264
96 674
96 514
96 794
38 309
38 794
38 442
38 712
201 419
201 442
66 680
419 680
66 137
66 499
451 499
776 655 53 290 554 
53 655
655 776
53 290
290 554
617 785 156 152 558 
156 617
156 785
152 558
156 558
737 214 117 372 398 300 661 103 40 313 561 435 348 
117 214
117 737
117 372
372 398
300 398
300 661
40 103
103 661
40 313
313 561
348 561
435 561
601 
72 639 
72 639
287 663 172 314 259 43 
172 287
172 663
172 314
259 314
43 259
245 649 705 564 237 537 709 573 581 
245 649
649 705
237 705
564 705
237 537
537 709
573 709
581 709
797 390 448 78 438 724 
390 448
448 797
78 438
438 448
438 724
731 
306 278 224 0 552 219 770 407 630 
224 278
224 306
0 224
0 552
219 552
552 770
407 770
630 770
19 496 217 85 637 589 596 261 12 401 215 634 125 556 664 427 30 727 281 143 
19 217
217 496
85 217
85 637
589 596
589 637
12 261
12 596
12 215
215 401
125 215
215 634
125 556
556 664
30 427
30 664
30 281
30 727
143 281
741 
759 
279 20 485 227 385 186 295 476 
20 279
279 485
227 485
385 485
186 295
186 385
295 476
165 542 530 667 319 478 69 489 703 491 327 225 168 422 758 162 276 622 
165 542
530 542
319 667
530 667
69 478
319 478
69 703
489 703
327 491
491 703
168 225
225 327
168 422
168 758
162 758
276 758
276 622
765 718 232 21 284 139 538 480 1 27 798 493 549 45 
232 765
718 765
21 232
232 284
139 284
139 538
1 480
480 538
1 27
27 798
493 549
493 798
45 549
392 253 230 298 112 316 524 631 
230 253
253 392
112 230
112 298
112 316
112 524
524 631
648 787 344 636 784 
344 648
648 787
344 636
344 784
722 638 387 22 518 250 
387 638
387 722
22 387
22 518
250 518
277 282 373 176 184 697 140 
277 373
282 373
176 184
176 373
140 697
184 697
546 246 
246 546
167 470 577 241 254 14 129 510 659 591 
167 577
470 577
241 254
241 577
14 129
14 254
129 510
129 659
591 659
113 414 296 116 166 98 497 
113 296
113 414
116 166
116 296
98 166
166 497
753 716 16 788 445 52 527 454 326 635 305 
16 716
716 753
16 788
445 788
52 445
52 527
326 454
326 527
305 326
305 635
9 449 481 
9 449
449 481
377 434 380 
377 434
380 434
522 366 760 260 660 512 410 584 640 95 644 273 127 458 482 603 796 790 384 110 652 620 616 
366 522
522 760
260 660
260 760
410 512
410 660
410 584
410 640
95 640
640 644
127 644
273 644
127 458
458 482
482 796
603 796
384 790
790 796
110 384
110 652
616 652
620 652
426 528 
426 528
178 399 666 653 
178 399
399 666
653 666
717 675 756 367 446 397 
675 717
675 756
367 446
367 756
397 446
334 100 288 643 750 437 133 35 715 
100 288
100 334
288 643
643 750
133 437
133 750
35 133
35 715
739 547 490 
490 547
490 739
210 328 
210 328
175 532 
175 532
783 
92 672 477 82 280 187 286 609 696 144 767 242 370 46 345 615 62 647 339 322 764 743 669 501 594 
92 477
477 672
82 280
82 477
187 286
280 286
286 609
609 696
144 696
144 767
242 370
370 767
46 345
46 370
62 615
345 615
62 647
339 647
322 339
322 764
669 743
669 764
501 594
501 669
665 148 76 350 136 456 567 679 587 755 515 270 7 10 
76 148
148 665
76 136
136 350
136 456
456 567
567 679
587 679
515 755
587 755
7 270
270 515
7 10
417 432 207 
207 432
417 432
475 48 545 533 736 216 337 324 576 356 429 154 
48 475
475 545
533 545
533 736
216 736
337 736
324 337
324 576
356 429
356 576
154 429
