2215
0 0 11387007 0
0 0 0 6807468
11387007 0 11387007 6807468
0 6807468 0 71375553
0 71375553 5432229 71375553
5432229 71375553 5432229 79593362
5432229 79593362 8302937 79593362
11387007 6807468 68662325 6807468
11387007 6807468 11387007 21600841
68662325 6807468 68662325 21600841
68662325 6807468 83143321 6807468
83143321 6807468 83143321 15771212
83143321 15771212 95494596 15771212
83143321 15771212 83143321 18487483
95494596 15771212 95494596 18487483
83143321 18487483 91748913 18487483
91748913 18487483 91748913 24779050
11387007 21600841 60783749 21600841
60783749 21600841 60783749 57337582
0 71375553 0 118440831
0 118440831 4148188 118440831
8302937 79593362 36786004 79593362
36786004 79593362 36786004 100888421
4148188 118440831 18499032 118440831
4148188 118440831 4148188 120121461
18499032 118440831 18499032 120121461
36786004 100888421 36786004 108189809
36786004 108189809 37109818 108189809
60783749 57337582 101149136 57337582
60783749 57337582 60783749 59456108
101149136 57337582 101149136 59456108
37109818 108189809 37731707 108189809
37109818 108189809 37109818 123433355
37109818 123433355 37731707 123433355
37731707 108189809 51262510 108189809
51262510 108189809 51262510 112630137
60783749 59456108 75632718 59456108
60783749 59456108 60783749 98587631
60783749 98587631 75632718 98587631
75632718 59456108 99885455 59456108
75632718 59456108 75632718 76767587
99885455 59456108 99885455 76767587
91748913 24779050 155016247 24779050
155016247 24779050 155016247 27625968
4148188 120121461 4148188 173244769
4148188 173244769 11845336 173244769
99885455 76767587 99885455 83007706
99885455 83007706 103048366 83007706
75632718 76767587 96738748 76767587
96738748 76767587 96738748 91316526
155016247 27625968 163929718 27625968
163929718 27625968 163929718 29634490
163929718 29634490 177104640 29634490
177104640 29634490 177104640 30426309
103048366 83007706 118894261 83007706
103048366 83007706 103048366 89774054
118894261 83007706 118894261 89774054
103048366 89774054 103048366 102841275
103048366 102841275 107954873 102841275
101149136 59456108 143486015 59456108
143486015 59456108 143486015 74517714
51262510 112630137 51262510 156599032
51262510 156599032 61977222 156599032
11387007 0 213362367 0
213362367 0 213362367 6568462
11845336 173244769 11845336 201450544
11845336 201450544 23294474 201450544
61977222 156599032 70256717 156599032
70256717 156599032 70256717 161163540
23294474 201450544 34696058 201450544
23294474 201450544 23294474 201792401
34696058 201450544 34696058 201792401
4148188 173244769 4148188 237303745
4148188 237303745 4833844 237303745
51262510 156599032 51262510 186485749
51262510 186485749 56965330 186485749
23294474 201792401 23294474 217947712
23294474 217947712 27051411 217947712
107954873 102841275 135409987 102841275
135409987 102841275 135409987 111062407
27051411 217947712 27051411 219834329
27051411 219834329 27092170 219834329
177104640 30426309 212683297 30426309
177104640 30426309 177104640 35597713
212683297 30426309 212683297 35597713
177104640 35597713 209198351 35597713
177104640 35597713 177104640 43231158
209198351 35597713 209198351 43231158
143486015 74517714 143486015 98879729
143486015 98879729 154494645 98879729
135409987 111062407 144185619 111062407
144185619 111062407 144185619 117067513
213362367 6568462 249139609 6568462
249139609 6568462 249139609 12606182
144185619 111062407 148893999 111062407
148893999 111062407 148893999 114346822
70256717 156599032 110811769 156599032
110811769 156599032 110811769 156895212
209198351 43231158 209198351 51636568
209198351 51636568 217343582 51636568
177104640 43231158 177104640 68480224
177104640 68480224 200923229 68480224
177104640 68480224 178431525 68480224
177104640 68480224 177104640 93359832
177104640 93359832 178431525 93359832
4833844 237303745 4833844 266601792
4833844 266601792 6716671 266601792
178431525 68480224 178431525 89525294
178431525 89525294 187769166 89525294
178431525 93359832 178431525 99406365
178431525 99406365 178761947 99406365
27092170 219834329 41100906 219834329
27092170 219834329 27092170 246154112
27092170 246154112 41100906 246154112
70256717 161163540 104454607 161163540
104454607 161163540 104454607 185551365
110811769 156895212 115171033 156895212
110811769 156895212 110811769 175975610
110811769 175975610 115171033 175975610
4148188 237303745 4148188 287968716
4148188 287968716 4603695 287968716
41100906 246154112 41100906 256997980
41100906 256997980 41203974 256997980
200923229 68480224 222936166 68480224
200923229 68480224 200923229 78556761
222936166 68480224 222936166 78556761
200923229 78556761 221619180 78556761
221619180 78556761 221619180 84418145
249139609 12606182 271244011 12606182
249139609 12606182 249139609 36451111
249139609 36451111 271244011 36451111
104454607 185551365 105243605 185551365
104454607 185551365 104454607 204134139
104454607 204134139 105243605 204134139
178761947 99406365 178761947 120311934
178761947 120311934 189145462 120311934
105243605 185551365 108968044 185551365
105243605 185551365 105243605 203694573
105243605 203694573 108968044 203694573
221619180 84418145 229885768 84418145
229885768 84418145 229885768 91601892
115171033 156895212 157106851 156895212
157106851 156895212 157106851 165547618
41100906 219834329 102261200 219834329
102261200 219834329 102261200 227133404
115171033 175975610 152837670 175975610
152837670 175975610 152837670 177119880
108968044 203694573 123632143 203694573
123632143 203694573 123632143 206636441
189145462 120311934 189145462 139707686
189145462 139707686 192148634 139707686
108968044 185551365 134330672 185551365
134330672 185551365 134330672 202394238
271244011 36451111 286783090 36451111
286783090 36451111 286783090 50410936
229885768 91601892 229885768 104138737
229885768 104138737 235310995 104138737
229885768 104138737 229885768 112567270
229885768 112567270 233171411 112567270
229885768 84418145 256118806 84418145
256118806 84418145 256118806 90060363
134330672 202394238 141152675 202394238
141152675 202394238 141152675 206845106
152837670 177119880 162246340 177119880
162246340 177119880 162246340 186294130
41203974 256997980 60093722 256997980
41203974 256997980 41203974 294629060
41203974 294629060 60093722 294629060
41203974 294629060 55231453 294629060
41203974 294629060 41203974 303214573
55231453 294629060 55231453 303214573
286783090 50410936 290665983 50410936
286783090 50410936 286783090 68867676
286783090 68867676 290665983 68867676
102261200 227133404 121188736 227133404
121188736 227133404 121188736 240717189
60093722 294629060 65621751 294629060
65621751 294629060 65621751 296702065
55231453 303214573 59624863 303214573
59624863 303214573 59624863 304404050
60093722 256997980 94987387 256997980
60093722 256997980 60093722 269259311
94987387 256997980 94987387 269259311
60093722 269259311 83419250 269259311
83419250 269259311 83419250 283340576
256118806 84418145 285528885 84418145
285528885 84418145 285528885 85581057
41203974 303214573 41203974 328333982
41203974 328333982 44831134 328333982
4603695 287968716 4603695 339763673
4603695 339763673 36436706 339763673
65621751 296702065 82368744 296702065
65621751 296702065 65621751 301170456
82368744 296702065 82368744 301170456
162246340 186294130 190360293 186294130
162246340 186294130 162246340 194112365
190360293 186294130 190360293 194112365
256118806 90060363 284101892 90060363
256118806 90060363 256118806 101977867
284101892 90060363 284101892 101977867
162246340 194112365 180276508 194112365
180276508 194112365 180276508 209849599
65621751 301170456 65621751 316672232
65621751 316672232 74464729 316672232
290665983 50410936 329249685 50410936
329249685 50410936 329249685 67180611
284101892 90060363 297891305 90060363
297891305 90060363 297891305 101324540
65621751 316672232 65621751 328525122
65621751 328525122 71261646 328525122
121188736 240717189 147379568 240717189
147379568 240717189 147379568 252898027
256118806 101977867 256118806 139349188
256118806 139349188 264210445 139349188
65621751 328525122 65621751 337368051
65621751 337368051 68735000 337368051
329249685 50410936 353879284 50410936
353879284 50410936 353879284 57112859
297891305 90060363 310169618 90060363
310169618 90060363 310169618 101202709
4603695 339763673 4603695 398790662
4603695 398790662 15640619 398790662
147379568 252898027 160822342 252898027
160822342 252898027 160822342 258345893
249139609 6568462 414109987 6568462
414109987 6568462 414109987 9304046
286783090 36451111 387297601 36451111
387297601 36451111 387297601 37482261
353879284 50410936 369279846 50410936
369279846 50410936 369279846 55960032
74464729 316672232 98972696 316672232
98972696 316672232 98972696 327045373
82368744 301170456 120165966 301170456
120165966 301170456 120165966 306797782
264210445 139349188 287455453 139349188
287455453 139349188 287455453 139831566
147379568 240717189 178619464 240717189
178619464 240717189 178619464 250822574
310169618 90060363 333779367 90060363
333779367 90060363 333779367 95817488
353879284 57112859 368410856 57112859
353879284 57112859 353879284 64126195
368410856 57112859 368410856 64126195
36436706 339763673 47902083 339763673
36436706 339763673 36436706 384746887
36436706 384746887 47902083 384746887
65621751 337368051 65621751 364746861
65621751 364746861 68454818 364746861
47902083 339763673 47902083 372619456
47902083 372619456 61592359 372619456
15640619 398790662 32992901 398790662
15640619 398790662 15640619 401882889
32992901 398790662 32992901 401882889
271244011 12606182 400382332 12606182
400382332 12606182 400382332 34516984
297891305 101324540 297891305 131968997
297891305 131968997 304330682 131968997
178619464 240717189 188646853 240717189
188646853 240717189 188646853 248455907
213362367 0 431634252 0
431634252 0 431634252 5665620
178619464 250822574 178619464 255932030
178619464 255932030 183357695 255932030
353879284 64126195 353879284 76474479
353879284 76474479 363090777 76474479
98972696 327045373 110318432 327045373
110318432 327045373 110318432 330119883
190360293 194112365 242737463 194112365
242737463 194112365 242737463 197825284
68735000 337368051 68735000 358726671
68735000 358726671 85096376 358726671
310169618 101202709 310169618 124135128
310169618 124135128 321506121 124135128
256118806 139349188 256118806 183532694
256118806 183532694 262851632 183532694
333779367 95817488 333779367 111650604
333779367 111650604 343566179 111650604
15640619 401882889 15640619 438013482
15640619 438013482 17319177 438013482
160822342 258345893 160822342 281489681
160822342 281489681 175691680 281489681
0 118440831 0 458901965
262851632 183532694 273992263 183532694
273992263 183532694 273992263 189319075
32992901 401882889 58375758 401882889
58375758 401882889 58375758 407733216
17319177 438013482 24070621 438013482
17319177 438013482 17319177 447365286
17319177 447365286 24070621 447365286
321506121 124135128 321506121 143591522
321506121 143591522 329715417 143591522
188646853 248455907 218367560 248455907
218367560 248455907 218367560 255784149
242737463 197825284 242737463 233136193
242737463 233136193 244185479 233136193
363090777 76474479 370090504 76474479
363090777 76474479 363090777 107554382
363090777 107554382 370090504 107554382
370090504 76474479 398301538 76474479
370090504 76474479 370090504 82051374
398301538 76474479 398301538 82051374
329715417 143591522 334819899 143591522
329715417 143591522 329715417 152248364
329715417 152248364 334819899 152248364
370090504 82051374 370090504 107311733
370090504 107311733 381241110 107311733
58375758 407733216 81280554 407733216
81280554 407733216 81280554 408904214
85096376 358726671 116717341 358726671
116717341 358726671 116717341 373797236
24070621 438013482 50001128 438013482
50001128 438013482 50001128 441765365
0 458901965 0 490616247
0 490616247 1634999 490616247
273992263 189319075 285419590 189319075
273992263 189319075 273992263 209793836
273992263 209793836 285419590 209793836
400382332 34516984 427691612 34516984
400382332 34516984 400382332 75827472
400382332 75827472 427691612 75827472
116717341 373797236 124538488 373797236
116717341 373797236 116717341 379638803
124538488 373797236 124538488 379638803
17319177 447365286 17319177 483728015
17319177 483728015 20919406 483728015
285419590 189319075 303885283 189319075
303885283 189319075 303885283 203307469
334819899 143591522 363682830 143591522
363682830 143591522 363682830 145960639
427691612 34516984 451805395 34516984
427691612 34516984 427691612 59155697
427691612 59155697 451805395 59155697
50001128 441765365 50001128 454009679
50001128 454009679 57068318 454009679
20919406 483728015 26149455 483728015
20919406 483728015 20919406 485052506
26149455 483728015 26149455 485052506
175691680 281489681 175691680 331297383
175691680 331297383 183499792 331297383
218367560 255784149 241930241 255784149
241930241 255784149 241930241 274525759
50001128 454009679 50001128 462897679
50001128 462897679 55701537 462897679
381241110 107311733 381241110 126843103
381241110 126843103 395133823 126843103
451805395 34516984 470627327 34516984
470627327 34516984 470627327 53090199
427691612 75827472 433421476 75827472
427691612 75827472 427691612 91620038
427691612 91620038 433421476 91620038
116717341 379638803 116717341 404715144
116717341 404715144 121536632 404715144
20919406 485052506 20919406 503713741
20919406 503713741 22647543 503713741
303885283 203307469 315810997 203307469
315810997 203307469 315810997 211625824
395133823 126843103 399543859 126843103
399543859 126843103 399543859 129398455
433421476 75827472 439886068 75827472
433421476 75827472 433421476 90186664
433421476 90186664 439886068 90186664
124538488 373797236 153859344 373797236
153859344 373797236 153859344 376434056
81280554 408904214 89954240 408904214
81280554 408904214 81280554 441309957
81280554 441309957 89954240 441309957
116717341 358726671 171662632 358726671
171662632 358726671 171662632 364058501
26149455 485052506 26149455 500051026
26149455 500051026 40787916 500051026
241930241 274525759 246248021 274525759
241930241 274525759 241930241 294775036
241930241 294775036 246248021 294775036
363682830 145960639 386984171 145960639
386984171 145960639 386984171 154139056
246248021 274525759 250193332 274525759
246248021 274525759 246248021 292079426
246248021 292079426 250193332 292079426
470627327 34516984 496582175 34516984
496582175 34516984 496582175 47390960
439886068 75827472 465775246 75827472
465775246 75827472 465775246 78538986
399543859 129398455 411822703 129398455
399543859 129398455 399543859 132789389
411822703 129398455 411822703 132789389
89954240 408904214 89954240 435360582
89954240 435360582 113386554 435360582
89954240 441309957 92027016 441309957
89954240 441309957 89954240 459272863
89954240 459272863 92027016 459272863
433421476 91620038 433421476 115714926
433421476 115714926 435808182 115714926
92027016 441309957 106954866 441309957
106954866 441309957 106954866 445323579
250193332 274525759 276091744 274525759
276091744 274525759 276091744 278074507
399543859 132789389 399543859 145474157
399543859 145474157 408755102 145474157
439886068 90186664 461066913 90186664
461066913 90186664 461066913 96242310
241930241 255784149 295294276 255784149
295294276 255784149 295294276 265723468
303885283 189319075 362711334 189319075
362711334 189319075 362711334 198899290
386984171 154139056 386984171 175039575
386984171 175039575 387602747 175039575
106954866 445323579 113718204 445323579
113718204 445323579 113718204 449296850
250193332 292079426 250193332 303537121
250193332 303537121 259529212 303537121
295294276 255784149 295294276 263286154
295294276 263286154 301389697 263286154
171662632 364058501 195524889 364058501
195524889 364058501 195524889 371480501
40787916 500051026 63373976 500051026
63373976 500051026 63373976 504626769
496582175 34516984 535324332 34516984
535324332 34516984 535324332 42038189
250193332 303537121 250193332 322017658
250193332 322017658 256128221 322017658
183499792 331297383 240112703 331297383
240112703 331297383 240112703 340431049
431634252 5665620 570127474 5665620
570127474 5665620 570127474 11154087
121536632 404715144 152046891 404715144
121536632 404715144 121536632 429591944
152046891 404715144 152046891 429591944
121536632 429591944 151067655 429591944
151067655 429591944 151067655 433254984
301389697 263286154 316128128 263286154
316128128 263286154 316128128 268750015
63373976 504626769 77856154 504626769
77856154 504626769 77856154 509306386
152046891 404715144 169496756 404715144
169496756 404715144 169496756 417958998
22647543 503713741 22647543 565598058
22647543 565598058 23870169 565598058
276091744 278074507 289546159 278074507
276091744 278074507 276091744 300286979
276091744 300286979 289546159 300286979
17319177 483728015 17319177 571033184
17319177 571033184 19162322 571033184
461066913 96242310 461066913 113488645
461066913 113488645 477769625 113488645
496582175 47390960 496582175 76555289
496582175 76555289 515085741 76555289
289546159 278074507 289546159 295582814
289546159 295582814 297817073 295582814
171662632 358726671 233130717 358726671
233130717 358726671 233130717 362398008
92027016 459272863 92027016 496026080
92027016 496026080 102017191 496026080
387602747 175039575 400177280 175039575
387602747 175039575 387602747 203003038
387602747 203003038 400177280 203003038
23870169 565598058 34750537 565598058
34750537 565598058 34750537 570011252
113718204 449296850 137604626 449296850
113718204 449296850 113718204 470865044
137604626 449296850 137604626 470865044
408755102 145474157 443911550 145474157
443911550 145474157 443911550 165797579
233130717 362398008 233130717 372374418
233130717 372374418 238323087 372374418
289546159 300286979 289546159 316183162
289546159 316183162 295607657 316183162
169496756 417958998 186630489 417958998
186630489 417958998 186630489 425608440
1634999 490616247 1634999 602834440
1634999 602834440 12288602 602834440
102017191 496026080 102017191 506143418
102017191 506143418 110486146 506143418
570127474 11154087 581726165 11154087
570127474 11154087 570127474 36122636
570127474 36122636 581726165 36122636
443911550 145474157 443911550 161471320
443911550 161471320 456630499 161471320
137604626 470865044 148419795 470865044
148419795 470865044 148419795 471118761
1634999 602834440 1634999 617827163
1634999 617827163 5904745 617827163
515085741 76555289 543321375 76555289
515085741 76555289 515085741 82795066
543321375 76555289 543321375 82795066
92027016 496026080 92027016 525251401
92027016 525251401 101634715 525251401
570127474 5665620 620425874 5665620
620425874 5665620 620425874 9504818
113718204 470865044 113718204 493874402
113718204 493874402 136144503 493874402
400177280 175039575 437902240 175039575
400177280 175039575 400177280 193012226
437902240 175039575 437902240 193012226
387602747 203003038 387602747 235265915
387602747 235265915 396152583 235265915
535324332 42038189 569312382 42038189
569312382 42038189 569312382 63749978
169496756 404715144 220281230 404715144
220281230 404715144 220281230 412924595
316128128 263286154 365891081 263286154
365891081 263286154 365891081 267682709
581726165 11154087 611710639 11154087
611710639 11154087 611710639 21940840
34750537 570011252 57558889 570011252
34750537 570011252 34750537 576342181
57558889 570011252 57558889 576342181
400177280 193012226 435936007 193012226
435936007 193012226 435936007 198129255
611710639 11154087 611710639 18029605
611710639 18029605 617193476 18029605
400177280 203003038 426172384 203003038
426172384 203003038 426172384 210477088
12288602 602834440 27769194 602834440
27769194 602834440 27769194 609349045
515085741 82795066 515085741 119117892
515085741 119117892 518311865 119117892
57558889 570011252 68201256 570011252
68201256 570011252 68201256 571226293
110486146 506143418 133459860 506143418
110486146 506143418 110486146 506335368
133459860 506143418 133459860 506335368
148419795 471118761 153004259 471118761
148419795 471118761 148419795 488270224
148419795 488270224 153004259 488270224
477769625 113488645 477769625 141133910
477769625 141133910 501162367 141133910
295607657 316183162 324879259 316183162
295607657 316183162 295607657 317685886
324879259 316183162 324879259 317685886
435936007 198129255 444466863 198129255
444466863 198129255 444466863 199091044
365891081 267682709 365891081 278870010
365891081 278870010 366214160 278870010
362711334 198899290 362711334 260212686
362711334 260212686 385513628 260212686
101634715 525251401 117384187 525251401
117384187 525251401 117384187 529206140
543321375 82795066 559055740 82795066
543321375 82795066 543321375 88696242
559055740 82795066 559055740 88696242
110486146 506335368 127362002 506335368
127362002 506335368 127362002 521061851
581726165 36122636 581726165 62693014
581726165 62693014 586010456 62693014
34750537 576342181 34750537 600329366
34750537 600329366 53941813 600329366
295607657 317685886 295607657 346130698
295607657 346130698 308473064 346130698
238323087 372374418 254216800 372374418
238323087 372374418 238323087 401658845
238323087 401658845 254216800 401658845
543321375 88696242 543321375 108308625
543321375 108308625 551719713 108308625
324879259 317685886 324879259 329528098
324879259 329528098 332597567 329528098
444466863 199091044 455042428 199091044
444466863 199091044 444466863 208868677
455042428 199091044 455042428 208868677
617193476 18029605 641761526 18029605
617193476 18029605 617193476 22805547
641761526 18029605 641761526 22805547
254216800 372374418 278167531 372374418
278167531 372374418 278167531 387212049
396152583 235265915 421042761 235265915
421042761 235265915 421042761 244610762
617193476 22805547 637323740 22805547
637323740 22805547 637323740 29355029
421042761 235265915 423276758 235265915
421042761 235265915 421042761 243726118
421042761 243726118 423276758 243726118
153004259 471118761 190133738 471118761
190133738 471118761 190133738 484096993
423276758 243726118 428377472 243726118
428377472 243726118 428377472 246642460
190133738 471118761 190133738 481756276
190133738 481756276 194196897 481756276
641761526 22805547 654157786 22805547
654157786 22805547 654157786 25555199
423276758 235265915 444207078 235265915
444207078 235265915 444207078 235850436
444466863 208868677 444466863 229857467
444466863 229857467 453472556 229857467
586010456 62693014 611333124 62693014
586010456 62693014 586010456 75050253
611333124 62693014 611333124 75050253
385513628 260212686 407541034 260212686
407541034 260212686 407541034 279824076
332597567 329528098 356431397 329528098
332597567 329528098 332597567 332032976
356431397 329528098 356431397 332032976
407541034 260212686 407541034 279077088
407541034 279077088 410506775 279077088
366214160 278870010 366214160 317490563
366214160 317490563 372431782 317490563
444466863 198129255 491228018 198129255
491228018 198129255 491228018 198821271
308473064 346130698 330105154 346130698
308473064 346130698 308473064 360480150
330105154 346130698 330105154 360480150
68201256 571226293 108446331 571226293
108446331 571226293 108446331 583610190
501162367 141133910 535918464 141133910
535918464 141133910 535918464 156771682
332597567 332032976 356255818 332032976
356255818 332032976 356255818 338269879
586010456 75050253 607254774 75050253
586010456 75050253 586010456 87323521
607254774 75050253 607254774 87323521
53941813 600329366 53941813 621212830
53941813 621212830 73759401 621212830
238323087 401658845 238323087 443286316
238323087 443286316 252330187 443286316
611333124 62693014 628528399 62693014
628528399 62693014 628528399 67893715
194196897 481756276 214382080 481756276
214382080 481756276 214382080 485108928
252330187 443286316 255098302 443286316
252330187 443286316 252330187 444557648
255098302 443286316 255098302 444557648
108446331 571226293 127486217 571226293
127486217 571226293 127486217 572330700
455042428 208868677 479219793 208868677
455042428 208868677 455042428 221863985
479219793 208868677 479219793 221863985
479219793 208868677 486114838 208868677
486114838 208868677 486114838 215189459
455042428 221863985 476625962 221863985
476625962 221863985 476625962 225251233
254216800 401658845 254216800 441849372
254216800 441849372 260085790 441849372
308473064 360480150 308473064 392804930
308473064 392804930 312441625 392804930
330105154 360480150 330105154 371849997
330105154 371849997 333423475 371849997
127362002 521061851 157172660 521061851
127362002 521061851 127362002 553619050
127362002 553619050 157172660 553619050
356255818 338269879 368360236 338269879
368360236 338269879 368360236 342700742
73759401 621212830 73759401 633210278
73759401 633210278 78475171 633210278
607254774 87323521 620010330 87323521
620010330 87323521 620010330 95575128
535918464 141133910 568305218 141133910
568305218 141133910 568305218 150111286
453472556 229857467 453472556 258685578
453472556 258685578 460016738 258685578
312441625 392804930 321324144 392804930
321324144 392804930 321324144 397448594
157172660 521061851 179986429 521061851
179986429 521061851 179986429 539662981
486114838 208868677 506381968 208868677
506381968 208868677 506381968 213389446
127362002 553619050 151330694 553619050
151330694 553619050 151330694 568616484
372431782 317490563 398346976 317490563
398346976 317490563 398346976 323737888
260085790 441849372 273391745 441849372
273391745 441849372 273391745 452434651
654157786 25555199 678966941 25555199
654157786 25555199 654157786 50985105
654157786 50985105 678966941 50985105
252330187 444557648 252330187 477703660
252330187 477703660 252712127 477703660
453472556 258685578 453472556 273308888
453472556 273308888 458390640 273308888
410506775 279077088 432763553 279077088
432763553 279077088 432763553 299502774
214382080 485108928 219390187 485108928
214382080 485108928 214382080 513475295
214382080 513475295 219390187 513475295
535918464 156771682 563532181 156771682
535918464 156771682 535918464 169624969
563532181 156771682 563532181 169624969
219390187 485108928 244335897 485108928
244335897 485108928 244335897 489327503
563532181 156771682 570729012 156771682
570729012 156771682 570729012 163512500
535918464 169624969 535918464 188204931
535918464 188204931 546772800 188204931
432763553 279077088 448780282 279077088
448780282 279077088 448780282 286280996
586010456 87323521 586010456 130224331
586010456 130224331 606265003 130224331
654157786 50985105 654157786 70597498
654157786 70597498 666249784 70597498
398346976 323737888 407114849 323737888
407114849 323737888 407114849 330139944
407114849 323737888 412276285 323737888
412276285 323737888 412276285 327082410
27769194 609349045 27769194 697281814
27769194 697281814 44972707 697281814
219390187 513475295 224783444 513475295
224783444 513475295 224783444 518493000
273391745 452434651 277459270 452434651
273391745 452434651 273391745 468471928
273391745 468471928 277459270 468471928
620010330 95575128 647582848 95575128
647582848 95575128 647582848 100325407
252712127 477703660 260367609 477703660
252712127 477703660 252712127 487941621
252712127 487941621 260367609 487941621
570729012 163512500 580439512 163512500
570729012 163512500 570729012 168489269
580439512 163512500 580439512 168489269
678966941 50985105 678966941 66604635
678966941 66604635 685847612 66604635
277459270 452434651 294769676 452434651
294769676 452434651 294769676 458877689
666249784 70597498 666249784 86572853
666249784 86572853 667941868 86572853
260367609 477703660 272060395 477703660
272060395 477703660 272060395 483553076
260367609 487941621 268926110 487941621
260367609 487941621 260367609 491606684
268926110 487941621 268926110 491606684
678966941 25555199 719732959 25555199
719732959 25555199 719732959 42990711
448780282 286280996 465502096 286280996
465502096 286280996 465502096 299027613
294769676 452434651 306701278 452434651
306701278 452434651 306701278 457961644
606265003 130224331 624510919 130224331
624510919 130224331 624510919 140955214
224783444 518493000 234506277 518493000
224783444 518493000 224783444 535703967
224783444 535703967 234506277 535703967
412276285 327082410 426584697 327082410
412276285 327082410 412276285 344336401
412276285 344336401 426584697 344336401
570729012 168489269 570729012 201739213
570729012 201739213 571649224 201739213
506381968 213389446 506381968 262927063
506381968 262927063 513290593 262927063
306701278 452434651 320393291 452434651
320393291 452434651 320393291 456034927
234506277 518493000 234506277 531612038
234506277 531612038 245399290 531612038
78475171 633210278 112048526 633210278
112048526 633210278 112048526 665846440
321324144 397448594 360404416 397448594
360404416 397448594 360404416 418925798
260367609 491606684 260367609 515127578
260367609 515127578 266631221 515127578
44972707 697281814 44972707 728299766
44972707 728299766 57198006 728299766
465502096 299027613 465502096 312919949
465502096 312919949 475322230 312919949
571649224 201739213 571649224 213334216
571649224 213334216 575100579 213334216
426584697 327082410 453157486 327082410
453157486 327082410 453157486 338050622
667941868 86572853 690825276 86572853
667941868 86572853 667941868 101761815
690825276 86572853 690825276 101761815
5904745 617827163 5904745 782585320
5904745 782585320 10473826 782585320
546772800 188204931 546772800 236504703
546772800 236504703 557749769 236504703
571649224 213334216 571649224 222104838
571649224 222104838 573391664 222104838
112048526 665846440 125888464 665846440
112048526 665846440 112048526 670758379
125888464 665846440 125888464 670758379
513290593 262927063 527167846 262927063
513290593 262927063 513290593 269532641
527167846 262927063 527167846 269532641
268926110 491606684 268926110 514235254
268926110 514235254 283678859 514235254
453157486 327082410 453157486 337587618
453157486 337587618 460681476 337587618
151330694 568616484 186082289 568616484
151330694 568616484 151330694 612275603
151330694 612275603 186082289 612275603
580439512 168489269 621711038 168489269
580439512 168489269 580439512 177443829
621711038 168489269 621711038 177443829
580439512 177443829 612582532 177443829
612582532 177443829 612582532 187676255
667941868 101761815 667941868 123199432
667941868 123199432 677259694 123199432
624510919 140955214 650175280 140955214
650175280 140955214 650175280 150546968
360404416 418925798 376444418 418925798
376444418 418925798 376444418 424874054
268926110 514235254 279272033 514235254
268926110 514235254 268926110 524046788
279272033 514235254 279272033 524046788
575100579 213334216 589923351 213334216
589923351 213334216 589923351 213448870
557749769 236504703 564014935 236504703
564014935 236504703 564014935 240991061
186082289 568616484 216409902 568616484
216409902 568616484 216409902 590566790
719732959 42990711 759642483 42990711
759642483 42990711 759642483 52089595
513290593 269532641 513290593 299187262
513290593 299187262 515340632 299187262
650175280 150546968 650175280 162581106
650175280 162581106 652579312 162581106
27769194 697281814 27769194 780260454
27769194 780260454 36065152 780260454
186082289 612275603 205881798 612275603
186082289 612275603 186082289 615397247
205881798 612275603 205881798 615397247
759642483 52089595 766482210 52089595
766482210 52089595 766482210 56679262
677259694 123199432 699576884 123199432
699576884 123199432 699576884 124995814
620425874 5665620 817409299 5665620
817409299 5665620 817409299 8095020
186082289 615397247 201582036 615397247
201582036 615397247 201582036 624237159
320393291 456034927 320393291 494088734
320393291 494088734 332804798 494088734
216409902 590566790 216409902 611308187
216409902 611308187 218886653 611308187
515340632 299187262 515340632 314013583
515340632 314013583 519078002 314013583
690825276 101761815 715552422 101761815
715552422 101761815 715552422 119302334
690825276 86572853 749202777 86572853
749202777 86572853 749202777 88689100
475322230 312919949 511581405 312919949
475322230 312919949 475322230 326321888
511581405 312919949 511581405 326321888
426584697 344336401 426584697 412054268
426584697 412054268 426808212 412054268
817409299 8095020 817409299 15436380
817409299 15436380 824389312 15436380
749202777 88689100 751036124 88689100
751036124 88689100 751036124 89598811
766482210 56679262 778546204 56679262
778546204 56679262 778546204 62574386
201582036 624237159 205978812 624237159
201582036 624237159 201582036 635218556
201582036 635218556 205978812 635218556
719732959 25555199 806018693 25555199
806018693 25555199 806018693 36960299
205978812 624237159 219106087 624237159
219106087 624237159 219106087 624515559
112048526 670758379 112048526 724626584
112048526 724626584 123245567 724626584
36065152 780260454 36065152 804197698
36065152 804197698 44490879 804197698
589923351 213448870 589923351 240876950
589923351 240876950 609634780 240876950
268926110 524046788 268926110 573387227
268926110 573387227 278141395 573387227
652579312 162581106 652579312 192753449
652579312 192753449 659199539 192753449
715552422 101761815 739590867 101761815
739590867 101761815 739590867 112687098
125888464 670758379 142639778 670758379
125888464 670758379 125888464 709837540
125888464 709837540 142639778 709837540
749202777 86572853 767574384 86572853
767574384 86572853 767574384 86903475
739590867 101761815 748407451 101761815
748407451 101761815 748407451 106093325
279272033 524046788 308409865 524046788
279272033 524046788 279272033 548331309
308409865 524046788 308409865 548331309
564014935 240991061 564014935 271281923
564014935 271281923 585673980 271281923
219106087 624515559 220297846 624515559
219106087 624515559 219106087 637108352
219106087 637108352 220297846 637108352
778546204 62574386 778546204 76200364
778546204 76200364 782282731 76200364
475322230 326321888 475322230 358235709
475322230 358235709 502103444 358235709
824389312 15436380 837962082 15436380
837962082 15436380 837962082 23129381
475322230 358235709 475322230 376996935
475322230 376996935 484370509 376996935
589923351 240876950 589923351 258191727
589923351 258191727 606459032 258191727
218886653 611308187 245371607 611308187
245371607 611308187 245371607 620544208
142639778 670758379 172512207 670758379
142639778 670758379 142639778 696111885
172512207 670758379 172512207 696111885
279272033 548331309 279272033 571023506
279272033 571023506 299606170 571023506
659199539 192753449 667095145 192753449
659199539 192753449 659199539 205770553
659199539 205770553 667095145 205770553
278141395 573387227 278404240 573387227
278141395 573387227 278141395 594538364
278141395 594538364 278404240 594538364
332804798 494088734 372146076 494088734
372146076 494088734 372146076 500927112
220297846 624515559 238792150 624515559
238792150 624515559 238792150 634313341
278404240 573387227 291823493 573387227
291823493 573387227 291823493 582116142
142639778 709837540 162383436 709837540
162383436 709837540 162383436 713002484
142639778 696111885 168789861 696111885
168789861 696111885 168789861 707326371
376444418 424874054 416425715 424874054
416425715 424874054 416425715 461179357
806018693 36960299 819398292 36960299
806018693 36960299 806018693 59541532
806018693 59541532 819398292 59541532
299606170 571023506 299606170 579475586
299606170 579475586 299962001 579475586
564014935 271281923 564014935 316400696
564014935 316400696 566464558 316400696
238792150 634313341 245926646 634313341
245926646 634313341 245926646 637451417
502103444 358235709 527968146 358235709
527968146 358235709 527968146 358296425
819398292 36960299 829462034 36960299
819398292 36960299 819398292 56898334
819398292 56898334 829462034 56898334
606459032 258191727 624597551 258191727
606459032 258191727 606459032 262215396
624597551 258191727 624597551 262215396
44490879 804197698 80245972 804197698
44490879 804197698 44490879 806749657
80245972 804197698 80245972 806749657
606459032 262215396 617290266 262215396
617290266 262215396 617290266 270228235
617290266 270228235 618703858 270228235
618703858 270228235 618703858 271107002
123245567 724626584 134283453 724626584
123245567 724626584 123245567 757673301
123245567 757673301 134283453 757673301
748407451 106093325 775510797 106093325
748407451 106093325 748407451 116917600
775510797 106093325 775510797 116917600
44490879 806749657 44490879 831497834
44490879 831497834 61554288 831497834
511581405 326321888 544899596 326321888
544899596 326321888 544899596 348499689
624597551 262215396 624597551 267146732
624597551 267146732 626254121 267146732
44490879 831497834 54278075 831497834
44490879 831497834 44490879 839789655
54278075 831497834 54278075 839789655
416425715 461179357 416425715 477122551
416425715 477122551 417215833 477122551
245926646 637451417 254720598 637451417
254720598 637451417 254720598 640433463
819398292 59541532 819398292 71171868
819398292 71171868 824343253 71171868
585673980 271281923 585673980 305882197
585673980 305882197 589636108 305882197
416425715 424874054 446113966 424874054
416425715 424874054 416425715 450047480
446113966 424874054 446113966 450047480
220297846 637108352 220297846 667800952
220297846 667800952 230550336 667800952
112048526 724626584 112048526 781734062
112048526 781734062 118619693 781734062
134283453 724626584 157278282 724626584
157278282 724626584 157278282 744647879
54278075 839789655 60645026 839789655
60645026 839789655 60645026 841318150
134283453 757673301 134741442 757673301
134283453 757673301 134283453 767949753
134283453 767949753 134741442 767949753
372146076 500927112 395397350 500927112
372146076 500927112 372146076 508218389
395397350 500927112 395397350 508218389
416425715 450047480 445464573 450047480
445464573 450047480 445464573 459463901
837962082 15436380 885728267 15436380
885728267 15436380 885728267 19476619
446113966 424874054 473819367 424874054
473819367 424874054 473819367 433682570
134741442 757673301 145701609 757673301
145701609 757673301 145701609 762871539
157278282 724626584 157278282 738271191
157278282 738271191 170405169 738271191
145701609 757673301 148840060 757673301
148840060 757673301 148840060 759940593
829462034 36960299 854238797 36960299
854238797 36960299 854238797 54950680
667095145 205770553 671297057 205770553
667095145 205770553 667095145 238702264
667095145 238702264 671297057 238702264
659199539 205770553 659199539 243407378
659199539 243407378 667085123 243407378
659199539 243407378 664582271 243407378
664582271 243407378 664582271 246464325
61554288 831497834 78551490 831497834
78551490 831497834 78551490 832664576
299962001 579475586 325848386 579475586
299962001 579475586 299962001 585915701
325848386 579475586 325848386 585915701
417215833 477122551 433116774 477122551
417215833 477122551 417215833 480155228
433116774 477122551 433116774 480155228
118619693 781734062 130384531 781734062
118619693 781734062 118619693 783378001
130384531 781734062 130384531 783378001
433116774 477122551 433116774 479776747
433116774 479776747 434098068 479776747
589636108 305882197 606126295 305882197
589636108 305882197 589636108 308108923
606126295 305882197 606126295 308108923
80245972 804197698 108263421 804197698
108263421 804197698 108263421 805975764
308409865 548331309 351672887 548331309
308409865 548331309 308409865 563719567
351672887 548331309 351672887 563719567
299962001 585915701 299962001 615206344
299962001 615206344 301623086 615206344
118619693 783378001 127941049 783378001
127941049 783378001 127941049 790820318
544899596 348499689 544899596 369795241
544899596 369795241 549420901 369795241
325848386 585915701 325848386 592715141
325848386 592715141 326545474 592715141
667095145 192753449 722317435 192753449
722317435 192753449 722317435 197541708
308409865 563719567 346746621 563719567
346746621 563719567 346746621 574045200
417215833 480155228 417215833 493277520
417215833 493277520 428092956 493277520
484370509 376996935 484370509 424180919
484370509 424180919 498099168 424180919
245926646 634313341 290536998 634313341
290536998 634313341 290536998 634597001
372146076 508218389 372146076 544903434
372146076 544903434 380244717 544903434
220297846 667800952 220297846 701012270
220297846 701012270 225229684 701012270
715552422 119302334 715552422 192622729
715552422 192622729 736441437 192622729
671297057 205770553 695489454 205770553
671297057 205770553 671297057 235152193
671297057 235152193 695489454 235152193
695489454 205770553 695489454 221450411
695489454 221450411 710673340 221450411
434098068 479776747 440752303 479776747
434098068 479776747 434098068 491794280
434098068 491794280 440752303 491794280
748407451 116917600 748407451 181585979
748407451 181585979 751153810 181585979
589636108 308108923 589636108 333611202
589636108 333611202 599615994 333611202
585673980 305882197 585673980 344785645
585673980 344785645 588875117 344785645
885728267 19476619 885728267 46222690
885728267 46222690 888618661 46222690
380244717 544903434 387185259 544903434
387185259 544903434 387185259 548013469
326545474 592715141 335846716 592715141
335846716 592715141 335846716 601598003
626254121 267146732 626254121 297051328
626254121 297051328 640415454 297051328
395397350 508218389 395397350 526462880
395397350 526462880 411107987 526462880
290536998 634597001 300484846 634597001
300484846 634597001 300484846 638120859
854238797 54950680 879989727 54950680
854238797 54950680 854238797 59008386
879989727 54950680 879989727 59008386
108263421 805975764 125619777 805975764
108263421 805975764 108263421 816723956
125619777 805975764 125619777 816723956
431634252 0 938461538 0
938461538 0 938461538 4932670
445464573 459463901 472068358 459463901
472068358 459463901 472068358 473993450
440752303 479776747 463680140 479776747
463680140 479776747 463680140 482478565
472068358 459463901 482537160 459463901
482537160 459463901 482537160 464057826
5904745 782585320 5904745 938915050
5904745 938915050 8040575 938915050
10473826 782585320 10473826 934054110
10473826 934054110 14662044 934054110
44490879 839789655 44490879 903377141
44490879 903377141 46816751 903377141
346746621 574045200 364059183 574045200
364059183 574045200 364059183 587641563
736441437 192622729 741251272 192622729
736441437 192622729 736441437 211203962
736441437 211203962 741251272 211203962
108263421 816723956 108263421 833089735
108263421 833089735 119521561 833089735
125619777 816723956 136937968 816723956
136937968 816723956 136937968 817969313
230550336 667800952 267378157 667800952
230550336 667800952 230550336 691809913
267378157 667800952 267378157 691809913
230550336 691809913 265019777 691809913
230550336 691809913 230550336 696732967
265019777 691809913 265019777 696732967
364059183 587641563 374939593 587641563
374939593 587641563 374939593 587981416
434098068 491794280 434098068 525804487
434098068 525804487 437767054 525804487
46816751 903377141 57893129 903377141
57893129 903377141 57893129 906151624
938461538 0 964341302 0
440752303 491794280 457796425 491794280
457796425 491794280 457796425 507372347
78551490 832664576 106813144 832664576
78551490 832664576 78551490 860703787
106813144 832664576 106813144 860703787
498099168 424180919 518966611 424180919
498099168 424180919 498099168 448855573
498099168 448855573 518966611 448855573
585673980 344785645 585673980 381956222
585673980 381956222 587651860 381956222
741251272 192622729 777376411 192622729
777376411 192622729 777376411 194889134
335846716 601598003 359831204 601598003
359831204 601598003 359831204 612808787
824343253 71171868 824343253 148107869
824343253 148107869 824872474 148107869
127941049 790820318 168638736 790820318
168638736 790820318 168638736 805413416
938461538 4932670 960989862 4932670
938461538 4932670 938461538 14635319
960989862 4932670 960989862 14635319
585673980 381956222 585673980 392024192
585673980 392024192 585821182 392024192
518966611 424180919 545404171 424180919
545404171 424180919 545404171 433583199
518966611 448855573 526964396 448855573
526964396 448855573 526964396 454059672
710673340 221450411 710673340 259567625
710673340 259567625 721841584 259567625
549420901 369795241 549420901 411679569
549420901 411679569 570561402 411679569
498099168 448855573 498099168 472025583
498099168 472025583 510253562 472025583
498099168 472025583 498099168 480825936
498099168 480825936 504831145 480825936
777376411 194889134 786414116 194889134
786414116 194889134 786414116 200859175
411107987 526462880 411107987 554696153
411107987 554696153 433072161 554696153
374939593 587981416 374939593 601962856
374939593 601962856 385860836 601962856
265019777 696732967 279477969 696732967
279477969 696732967 279477969 709101218
364059183 574045200 408917919 574045200
408917919 574045200 408917919 580055911
57893129 906151624 72564121 906151624
57893129 906151624 57893129 916627095
72564121 906151624 72564121 916627095
411107987 554696153 423064974 554696153
423064974 554696153 423064974 566360278
300484846 638120859 302716143 638120859
300484846 638120859 300484846 690121611
300484846 690121611 302716143 690121611
78551490 860703787 78551490 893417005
78551490 893417005 100228524 893417005
526964396 454059672 538371236 454059672
538371236 454059672 538371236 455706112
960989862 4932670 987607743 4932670
987607743 4932670 987607743 6478820
279477969 696732967 291262123 696732967
291262123 696732967 291262123 702999583
457796425 491794280 492031785 491794280
492031785 491794280 492031785 502927939
640415454 297051328 680283316 297051328
640415454 297051328 640415454 315162434
680283316 297051328 680283316 315162434
291262123 696732967 291262123 701642690
291262123 701642690 294611880 701642690
695489454 235152193 695489454 287359339
695489454 287359339 708994027 287359339
538371236 454059672 543727967 454059672
543727967 454059672 543727967 454991385
492031785 491794280 501457573 491794280
501457573 491794280 501457573 498040185
302716143 638120859 317757036 638120859
302716143 638120859 302716143 682886418
302716143 682886418 317757036 682886418
457796425 507372347 457796425 528363254
457796425 528363254 473072805 528363254
437767054 525804487 437767054 549283560
437767054 549283560 453952189 549283560
423064974 566360278 423064974 578676821
423064974 578676821 424812354 578676821
545404171 433583199 560540161 433583199
560540161 433583199 560540161 443721914
317757036 638120859 358541996 638120859
317757036 638120859 317757036 647075370
358541996 638120859 358541996 647075370
504831145 480825936 521695971 480825936
521695971 480825936 521695971 484909268
230550336 696732967 230550336 760535283
230550336 760535283 246762144 760535283
987607743 6478820 987607743 20290911
987607743 20290911 988455408 20290911
302716143 690121611 315743276 690121611
302716143 690121611 302716143 694370918
315743276 690121611 315743276 694370918
824872474 148107869 828468999 148107869
824872474 148107869 824872474 182146547
824872474 182146547 828468999 182146547
317757036 647075370 344411654 647075370
344411654 647075370 344411654 667579676
640415454 315162434 640415454 350683319
640415454 350683319 661639259 350683319
424812354 578676821 436018847 578676821
436018847 578676821 436018847 580247074
57893129 916627095 57893129 949690244
57893129 949690244 66585802 949690244
168638736 805413416 168638736 845920999
168638736 845920999 170669192 845920999
14662044 934054110 14662044 994412742
14662044 994412742 24766110 994412742
854238797 59008386 854238797 143606754
854238797 143606754 876137263 143606754
521695971 484909268 529049859 484909268
521695971 484909268 521695971 491284745
529049859 484909268 529049859 491284745
100228524 893417005 114618453 893417005
114618453 893417005 114618453 905858093
57893129 949690244 57893129 959087135
57893129 959087135 61412277 959087135
302716143 694370918 302716143 710697736
302716143 710697736 311267535 710697736
988455408 20290911 998334055 20290911
998334055 20290911 998334055 24866925
570561402 411679569 604661423 411679569
604661423 411679569 604661423 418579096
560540161 433583199 584654252 433583199
584654252 433583199 584654252 439049304
828468999 148107869 828468999 174249069
828468999 174249069 849942514 174249069
106813144 860703787 141268854 860703787
141268854 860703787 141268854 883189507
879989727 59008386 889723677 59008386
879989727 59008386 879989727 135497533
879989727 135497533 889723677 135497533
168638736 845920999 168638736 855119512
168638736 855119512 170283423 855119512
585821182 392024192 629715827 392024192
629715827 392024192 629715827 395962045
344411654 667579676 359563136 667579676
359563136 667579676 359563136 668147448
560540161 443721914 560540161 457331038
560540161 457331038 571329120 457331038
661639259 350683319 667168397 350683319
661639259 350683319 661639259 361868422
661639259 361868422 667168397 361868422
938461538 14635319 938461538 88249402
938461538 88249402 941403894 88249402
315743276 694370918 330923169 694370918
330923169 694370918 330923169 698877164
889723677 59008386 889723677 128805690
889723677 128805690 902731566 128805690
436018847 580247074 448996258 580247074
436018847 580247074 436018847 586824954
448996258 580247074 448996258 586824954
141268854 860703787 165376898 860703787
165376898 860703787 165376898 871528333
358541996 647075370 382250000 647075370
382250000 647075370 382250000 655108854
849942514 174249069 859922667 174249069
849942514 174249069 849942514 177749591
859922667 174249069 859922667 177749591
876137263 143606754 876137263 160231949
876137263 160231949 877897680 160231949
786414116 200859175 788012203 200859175
786414116 200859175 786414116 250733136
786414116 250733136 788012203 250733136
114618453 905858093 133225523 905858093
114618453 905858093 114618453 907659074
133225523 905858093 133225523 907659074
359563136 668147448 359563136 682971632
359563136 682971632 359754753 682971632
141268854 883189507 158457064 883189507
158457064 883189507 158457064 886775953
330923169 698877164 330923169 714585491
330923169 714585491 331153562 714585491
246762144 760535283 289029639 760535283
246762144 760535283 246762144 760848769
289029639 760535283 289029639 760848769
667168397 361868422 683630696 361868422
683630696 361868422 683630696 366461096
667168397 350683319 695831367 350683319
695831367 350683319 695831367 355184216
661639259 361868422 661639259 385552111
661639259 385552111 666538099 385552111
436018847 586824954 436018847 613001487
436018847 613001487 440061675 613001487
889723677 135497533 901131815 135497533
889723677 135497533 889723677 152803799
889723677 152803799 901131815 152803799
960989862 14635319 960989862 73333571
960989862 73333571 981368004 73333571
158457064 886775953 158457064 895925633
158457064 895925633 158952389 895925633
571329120 457331038 591947004 457331038
571329120 457331038 571329120 464460796
591947004 457331038 591947004 464460796
448996258 586824954 471292452 586824954
471292452 586824954 471292452 588821550
629715827 395962045 629715827 421841870
629715827 421841870 640322563 421841870
529049859 491284745 531233245 491284745
529049859 491284745 529049859 536823383
529049859 536823383 531233245 536823383
788012203 200859175 788012203 248327218
788012203 248327218 820050186 248327218
246762144 760848769 283561446 760848769
246762144 760848769 246762144 786046089
283561446 760848769 283561446 786046089
708994027 287359339 708994027 325155150
708994027 325155150 745158324 325155150
981368004 73333571 981368004 85346404
981368004 85346404 985389737 85346404
708994027 325155150 743606155 325155150
708994027 325155150 708994027 327755774
743606155 325155150 743606155 327755774
849942514 177749591 849942514 215609374
849942514 215609374 856272400 215609374
359754753 682971632 364048282 682971632
359754753 682971632 359754753 709464217
359754753 709464217 364048282 709464217
889723677 152803799 889723677 174724565
889723677 174724565 899239605 174724565
531233245 491284745 531233245 535429061
531233245 535429061 539170618 535429061
591947004 464460796 601659338 464460796
601659338 464460796 601659338 473971526
165376898 871528333 194528326 871528333
165376898 871528333 165376898 881623664
194528326 871528333 194528326 881623664
708994027 327755774 737452684 327755774
737452684 327755774 737452684 338700006
985389737 85346404 985389737 89316724
985389737 89316724 986930631 89316724
165376898 881623664 184752347 881623664
184752347 881623664 184752347 893047377
364048282 682971632 391189055 682971632
391189055 682971632 391189055 686999449
981368004 85346404 981368004 96318512
981368004 96318512 983480954 96318512
133225523 907659074 133225523 946593549
133225523 946593549 133392794 946593549
289029639 760848769 300335675 760848769
289029639 760848769 289029639 779836887
289029639 779836887 300335675 779836887
194528326 881623664 194528326 884884390
194528326 884884390 195955158 884884390
960989862 73333571 960989862 118083660
960989862 118083660 962857443 118083660
300335675 760848769 307458515 760848769
300335675 760848769 300335675 774801838
300335675 774801838 307458515 774801838
471292452 586824954 495461223 586824954
495461223 586824954 495461223 586853587
901131815 152803799 919344797 152803799
919344797 152803799 919344797 163587881
307458515 760848769 322364162 760848769
322364162 760848769 322364162 760872290
133392794 946593549 135784018 946593549
135784018 946593549 135784018 947969725
311267535 710697736 311267535 756402316
311267535 756402316 328062971 756402316
695831367 355184216 702876845 355184216
695831367 355184216 695831367 382723468
695831367 382723468 702876845 382723468
440061675 613001487 440061675 635684309
440061675 635684309 451678101 635684309
695831367 382723468 701402182 382723468
701402182 382723468 701402182 387231132
539170618 535429061 539170618 550238138
539170618 550238138 539342326 550238138
901131815 135497533 949793942 135497533
949793942 135497533 949793942 141050565
571329120 464460796 571329120 513408806
571329120 513408806 577532031 513408806
666538099 385552111 666538099 421782892
666538099 421782892 669439851 421782892
702876845 355184216 702876845 374820505
702876845 374820505 716681380 374820505
902731566 128805690 957992539 128805690
957992539 128805690 957992539 134218262
521695971 491284745 521695971 566322897
521695971 566322897 526014491 566322897
983480954 96318512 996113356 96318512
996113356 96318512 996113356 98341732
640322563 421841870 663175304 421841870
663175304 421841870 663175304 432328446
184752347 893047377 184752347 909814781
184752347 909814781 187300541 909814781
495461223 586853587 504280761 586853587
504280761 586853587 504280761 593954148
629715827 421841870 629715827 464079613
629715827 464079613 634410085 464079613
158952389 895925633 158952389 938089560
158952389 938089560 163304736 938089560
322364162 760872290 322364162 781171796
322364162 781171796 323468532 781171796
246762144 786046089 246762144 838200169
246762144 838200169 267736124 838200169
889723677 174724565 889723677 213607890
889723677 213607890 893570291 213607890
328062971 756402316 341375055 756402316
341375055 756402316 341375055 769641094
364048282 709464217 384829336 709464217
384829336 709464217 384829336 726812207
451678101 635684309 451678101 656627940
451678101 656627940 455651652 656627940
957992539 128805690 984148849 128805690
984148849 128805690 984148849 130591929
526014491 566322897 526014491 581348931
526014491 581348931 533656955 581348931
267736124 838200169 267736124 844074929
267736124 844074929 271108020 844074929
384829336 709464217 401580251 709464217
401580251 709464217 401580251 716151456
716681380 374820505 731242561 374820505
731242561 374820505 731242561 387551711
634410085 464079613 634410085 476174067
634410085 476174067 643092312 476174067
669439851 421782892 697306440 421782892
697306440 421782892 697306440 422766881
267736124 844074929 267736124 852288116
267736124 852288116 268291674 852288116
307458515 774801838 307458515 806655403
307458515 806655403 315880657 806655403
899239605 174724565 915859070 174724565
899239605 174724565 899239605 212315159
899239605 212315159 915859070 212315159
114618453 907659074 114618453 999362599
114618453 999362599 129137249 999362599
384829336 726812207 393648036 726812207
384829336 726812207 384829336 735815763
384829336 735815763 393648036 735815763
323468532 781171796 339849940 781171796
339849940 781171796 339849940 790116355
899239605 212315159 915848007 212315159
899239605 212315159 899239605 215498997
915848007 212315159 915848007 215498997
899239605 215498997 914725044 215498997
899239605 215498997 899239605 217030471
914725044 215498997 914725044 217030471
246762144 838200169 246762144 877025450
246762144 877025450 257148435 877025450
187300541 909814781 187300541 936067185
187300541 936067185 199102142 936067185
315880657 806655403 326800874 806655403
315880657 806655403 315880657 809356946
326800874 806655403 326800874 809356946
856272400 215609374 856272400 256320514
856272400 256320514 880072365 256320514
899239605 217030471 899239605 229155146
899239605 229155146 907467253 229155146
504280761 593954148 504280761 634242936
504280761 634242936 504391220 634242936
268291674 852288116 288056344 852288116
288056344 852288116 288056344 854288839
914725044 217030471 921654289 217030471
921654289 217030471 921654289 220862165
915859070 174724565 915859070 209689248
915859070 209689248 933316928 209689248
663175304 432328446 692366759 432328446
663175304 432328446 663175304 451287916
692366759 432328446 692366759 451287916
577532031 513408806 577532031 541796486
577532031 541796486 602499654 541796486
820050186 248327218 820050186 293120548
820050186 293120548 853090349 293120548
643092312 476174067 643092312 501261349
643092312 501261349 645690386 501261349
455651652 656627940 455651652 689268952
455651652 689268952 458551431 689268952
163304736 938089560 163304736 968688580
163304736 968688580 182000405 968688580
856272400 256320514 856272400 283166704
856272400 283166704 868846187 283166704
246762144 877025450 246762144 901350846
246762144 901350846 250810451 901350846
634410085 476174067 634410085 509991099
634410085 509991099 642287375 509991099
504391220 634242936 515685334 634242936
504391220 634242936 504391220 637675417
515685334 634242936 515685334 637675417
663175304 451287916 663175304 475679918
663175304 475679918 680105832 475679918
315880657 809356946 315880657 840232674
315880657 840232674 317052579 840232674
391189055 686999449 449156547 686999449
449156547 686999449 449156547 709193399
737452684 338700006 801736808 338700006
801736808 338700006 801736808 357349146
533656955 581348931 562744823 581348931
533656955 581348931 533656955 598278066
562744823 581348931 562744823 598278066
199102142 936067185 219604852 936067185
199102142 936067185 199102142 942733124
219604852 936067185 219604852 942733124
326800874 809356946 348622917 809356946
348622917 809356946 348622917 814478241
199102142 942733124 199102142 958260836
199102142 958260836 205921125 958260836
562744823 581348931 562744823 592978698
562744823 592978698 571278377 592978698
393648036 735815763 393648036 766215728
393648036 766215728 398700734 766215728
219604852 936067185 228015990 936067185
228015990 936067185 228015990 937706035
288056344 854288839 291039028 854288839
288056344 854288839 288056344 877417379
288056344 877417379 291039028 877417379
163304736 968688580 163304736 990703625
163304736 990703625 179264824 990703625
291039028 854288839 293946248 854288839
291039028 854288839 291039028 876287428
291039028 876287428 293946248 876287428
182000405 968688580 182000405 985111178
182000405 985111178 187227708 985111178
393648036 726812207 441863213 726812207
441863213 726812207 441863213 733971437
921654289 220862165 921654289 247058016
921654289 247058016 931770780 247058016
441863213 733971437 445428928 733971437
445428928 733971437 445428928 734352578
293946248 854288839 314971900 854288839
314971900 854288839 314971900 864889681
179264824 990703625 179264824 999201309
179264824 999201309 181914450 999201309
571278377 592978698 584751530 592978698
584751530 592978698 584751530 597055414
348622917 814478241 350317782 814478241
348622917 814478241 348622917 831815791
348622917 831815791 350317782 831815791
515685334 637675417 539323169 637675417
539323169 637675417 539323169 645477987
350317782 831815791 350317782 835468543
350317782 835468543 351990641 835468543
205921125 958260836 224034199 958260836
205921125 958260836 205921125 963533888
224034199 958260836 224034199 963533888
228015990 937706035 228015990 951228989
228015990 951228989 236757131 951228989
539323169 637675417 546059583 637675417
546059583 637675417 546059583 642231894
533656955 598278066 533656955 629003358
533656955 629003358 559291698 629003358
205921125 963533888 205921125 976591808
205921125 976591808 211818914 976591808
504391220 637675417 504391220 682008393
504391220 682008393 506936438 682008393
680105832 475679918 705630092 475679918
705630092 475679918 705630092 485751694
984148849 130591929 984148849 199174113
984148849 199174113 992952647 199174113
642287375 509991099 642287375 533579998
642287375 533579998 658916423 533579998
314971900 864889681 324651775 864889681
324651775 864889681 324651775 871128814
584751530 597055414 594435446 597055414
594435446 597055414 594435446 601708366
868846187 283166704 911863677 283166704
868846187 283166704 868846187 287314192
911863677 283166704 911863677 287314192
236757131 951228989 247141277 951228989
236757131 951228989 236757131 954715739
247141277 951228989 247141277 954715739
250810451 901350846 250810451 934023324
250810451 934023324 269090881 934023324
236757131 954715739 246439725 954715739
246439725 954715739 246439725 958554942
546059583 642231894 546059583 658294426
546059583 658294426 547413611 658294426
506936438 682008393 517651870 682008393
517651870 682008393 517651870 690360034
692366759 451287916 746092475 451287916
746092475 451287916 746092475 463218948
911863677 287314192 918094512 287314192
918094512 287314192 918094512 292735571
350317782 814478241 385044876 814478241
385044876 814478241 385044876 826105977
918094512 287314192 921700628 287314192
921700628 287314192 921700628 290291749
658916423 533579998 681092155 533579998
681092155 533579998 681092155 540544687
351990641 835468543 383702852 835468543
351990641 835468543 351990641 839173891
383702852 835468543 383702852 839173891
398700734 766215728 398700734 803823131
398700734 803823131 419561895 803823131
584751530 592978698 633202088 592978698
633202088 592978698 633202088 593444714
594435446 601708366 594435446 625847586
594435446 625847586 602894442 625847586
594435446 625847586 600750721 625847586
600750721 625847586 600750721 628923916
445428928 734352578 478330430 734352578
445428928 734352578 445428928 751781245
478330430 734352578 478330430 751781245
681092155 533579998 692796282 533579998
692796282 533579998 692796282 537381478
642287375 533579998 642287375 587178203
642287375 587178203 644122927 587178203
801736808 357349146 805812171 357349146
801736808 357349146 801736808 425605232
801736808 425605232 805812171 425605232
600750721 628923916 602423371 628923916
602423371 628923916 602423371 629019257
868846187 287314192 868846187 337953317
868846187 337953317 897477402 337953317
921700628 290291749 921700628 311918916
921700628 311918916 924769794 311918916
351990641 839173891 375474397 839173891
375474397 839173891 375474397 862625337
324651775 871128814 346142190 871128814
324651775 871128814 324651775 892231415
346142190 871128814 346142190 892231415
692366759 432328446 801284895 432328446
801284895 432328446 801284895 439125092
692796282 537381478 692796282 543747862
692796282 543747862 697273938 543747862
478330430 734352578 511039529 734352578
511039529 734352578 511039529 734499574
445428928 751781245 445428928 788301545
445428928 788301545 460255547 788301545
602423371 629019257 616243737 629019257
616243737 629019257 616243737 632628149
324651775 892231415 324651775 912714859
324651775 912714859 337136950 912714859
633202088 593444714 633202088 617964387
633202088 617964387 633369136 617964387
705630092 485751694 705630092 532460995
705630092 532460995 720707176 532460995
924769794 311918916 940554275 311918916
924769794 311918916 924769794 316424329
940554275 311918916 940554275 316424329
805812171 357349146 859634504 357349146
859634504 357349146 859634504 398481710
517651870 690360034 545847475 690360034
517651870 690360034 517651870 713137565
545847475 690360034 545847475 713137565
445428928 788301545 445428928 808030909
445428928 808030909 451026816 808030909
992952647 199174113 992952647 263149755
992952647 263149755 997741446 263149755
992952647 263149755 995915963 263149755
995915963 263149755 995915963 266003945
911863677 283166704 978000636 283166704
978000636 283166704 978000636 284181536
692796282 543747862 692796282 571603476
692796282 571603476 694359914 571603476
616243737 632628149 616243737 648416939
616243737 648416939 618315619 648416939
633369136 617964387 645852059 617964387
645852059 617964387 645852059 621709865
924769794 316424329 924769794 335516001
924769794 335516001 932398661 335516001
269090881 934023324 311234123 934023324
269090881 934023324 269090881 957030621
311234123 934023324 311234123 957030621
984148849 199174113 984148849 280392622
984148849 280392622 989448205 280392622
940554275 316424329 949188246 316424329
940554275 316424329 940554275 323767568
949188246 316424329 949188246 323767568
375474397 862625337 396562908 862625337
396562908 862625337 396562908 876518976
940554275 323767568 940554275 331847945
940554275 331847945 941825566 331847945
269090881 957030621 269090881 986104603
269090881 986104603 290142242 986104603
517651870 713137565 545367732 713137565
517651870 713137565 517651870 730909447
545367732 713137565 545367732 730909447
644122927 587178203 683036902 587178203
644122927 587178203 644122927 594419996
683036902 587178203 683036902 594419996
897477402 337953317 897477402 361867908
897477402 361867908 915885240 361867908
644122927 594419996 680471406 594419996
644122927 594419996 644122927 598044599
680471406 594419996 680471406 598044599
801284895 439125092 802354164 439125092
801284895 439125092 801284895 476333081
801284895 476333081 802354164 476333081
644122927 598044599 675955765 598044599
675955765 598044599 675955765 603409644
346142190 892231415 368074113 892231415
368074113 892231415 368074113 911602177
645852059 617964387 661699979 617964387
661699979 617964387 661699979 618104906
545847475 690360034 583399526 690360034
583399526 690360034 583399526 696952316
311234123 934023324 311234123 953777699
311234123 953777699 327249256 953777699
949188246 323767568 954897464 323767568
954897464 323767568 954897464 326491959
746092475 463218948 785752865 463218948
746092475 463218948 746092475 498411219
785752865 463218948 785752865 498411219
915885240 361867908 922994106 361867908
922994106 361867908 922994106 365291469
859634504 398481710 859634504 420915050
859634504 420915050 867642589 420915050
517651870 730909447 541954338 730909447
517651870 730909447 517651870 747130139
541954338 730909447 541954338 747130139
720707176 532460995 720707176 556081704
720707176 556081704 733544340 556081704
545847475 713137565 564435873 713137565
564435873 713137565 564435873 725752149
746092475 498411219 746092475 528579675
746092475 528579675 762211174 528579675
517651870 747130139 517651870 765088929
517651870 765088929 527514751 765088929
327249256 953777699 327249256 965287398
327249256 965287398 327615648 965287398
583399526 696952316 593120540 696952316
593120540 696952316 593120540 702089183
564435873 725752149 564435873 732822202
564435873 732822202 564708529 732822202
954897464 323767568 975410695 323767568
975410695 323767568 975410695 324739726
802354164 476333081 802354164 495332408
802354164 495332408 805907103 495332408
802354164 439125092 856618966 439125092
856618966 439125092 856618966 446744382
517651870 765088929 517651870 789696117
517651870 789696117 519277493 789696117
675955765 603409644 706409091 603409644
706409091 603409644 706409091 603720464
922994106 365291469 940034600 365291469
940034600 365291469 940034600 370771823
527514751 765088929 540451546 765088929
540451546 765088929 540451546 771007872
661699979 618104906 679116503 618104906
679116503 618104906 679116503 633097200
451026816 808030909 489858478 808030909
451026816 808030909 451026816 823051289
489858478 808030909 489858478 823051289
975410695 324739726 983274614 324739726
983274614 324739726 983274614 330937941
785752865 498411219 785752865 516582477
785752865 516582477 798177042 516582477
290142242 986104603 324458673 986104603
324458673 986104603 324458673 991879283
368074113 911602177 401020449 911602177
401020449 911602177 401020449 915725615
645852059 621709865 645852059 664904883
645852059 664904883 652284185 664904883
940034600 365291469 951982754 365291469
951982754 365291469 951982754 365661673
679116503 618104906 679116503 632511853
679116503 632511853 685341434 632511853
396562908 876518976 435992551 876518976
435992551 876518976 435992551 882404041
564708529 732822202 577550744 732822202
564708529 732822202 564708529 741849997
577550744 732822202 577550744 741849997
805907103 495332408 805907103 510745059
805907103 510745059 814191370 510745059
435992551 882404041 440551618 882404041
435992551 882404041 435992551 889450394
435992551 889450394 440551618 889450394
564708529 741849997 564708529 753682009
564708529 753682009 576466050 753682009
856618966 446744382 856618966 471163695
856618966 471163695 859135168 471163695
798177042 516582477 798177042 529340361
798177042 529340361 801261345 529340361
859135168 471163695 859739051 471163695
859135168 471163695 859135168 475063862
859135168 475063862 859739051 475063862
401020449 915725615 401020449 926507359
401020449 926507359 408922608 926507359
451026816 823051289 475583582 823051289
451026816 823051289 451026816 859931468
451026816 859931468 475583582 859931468
954897464 326491959 954897464 361600305
954897464 361600305 975393035 361600305
327615648 965287398 365737899 965287398
365737899 965287398 365737899 975286513
475583582 823051289 475583582 856874700
475583582 856874700 486494343 856874700
593120540 702089183 626115757 702089183
626115757 702089183 626115757 717791759
440551618 882404041 461914508 882404041
461914508 882404041 461914508 887116409
762211174 528579675 762211174 574288418
762211174 574288418 775351739 574288418
859739051 471163695 876957492 471163695
876957492 471163695 876957492 474674779
652284185 664904883 683828231 664904883
652284185 664904883 652284185 668922179
683828231 664904883 683828231 668922179
576466050 753682009 593851422 753682009
593851422 753682009 593851422 759586931
365737899 975286513 372214194 975286513
372214194 975286513 372214194 981280436
486494343 856874700 492554856 856874700
492554856 856874700 492554856 862269701
975393035 361600305 990539673 361600305
990539673 361600305 990539673 364762716
685341434 632511853 685341434 660221000
685341434 660221000 695433117 660221000
652284185 668922179 668592628 668922179
652284185 668922179 652284185 688338714
652284185 688338714 668592628 688338714
408922608 926507359 430031905 926507359
430031905 926507359 430031905 929076743
801261345 529340361 820495247 529340361
801261345 529340361 801261345 540469832
820495247 529340361 820495247 540469832
626115757 717791759 632253785 717791759
626115757 717791759 626115757 733132248
626115757 733132248 632253785 733132248
668592628 668922179 668592628 685620335
668592628 685620335 679872914 685620335
440551618 889450394 440551618 920906721
440551618 920906721 448987903 920906721
593851422 753682009 612474219 753682009
612474219 753682009 612474219 757879375
940034600 370771823 940034600 428315746
940034600 428315746 942426431 428315746
876957492 474674779 876957492 487819676
876957492 487819676 883695867 487819676
632253785 717791759 644596689 717791759
644596689 717791759 644596689 728621556
801261345 540469832 818649679 540469832
801261345 540469832 801261345 554981538
818649679 540469832 818649679 554981538
461914508 887116409 483793692 887116409
483793692 887116409 483793692 891141099
706409091 603720464 761316386 603720464
706409091 603720464 706409091 615109861
761316386 603720464 761316386 615109861
951982754 365661673 951982754 406416416
951982754 406416416 972716266 406416416
632253785 733132248 642247682 733132248
642247682 733132248 642247682 738132929
372214194 981280436 386708245 981280436
386708245 981280436 386708245 993952222
430031905 929076743 430031905 951981313
430031905 951981313 430973345 951981313
492554856 862269701 500121115 862269701
492554856 862269701 492554856 883139508
492554856 883139508 500121115 883139508
706409091 615109861 758936590 615109861
758936590 615109861 758936590 626594080
820495247 540469832 835148000 540469832
835148000 540469832 835148000 550390174
489858478 823051289 553932765 823051289
553932765 823051289 553932765 832682960
695433117 660221000 695433117 681769899
695433117 681769899 705870398 681769899
553932765 832682960 555526057 832682960
555526057 832682960 555526057 833037910
876957492 487819676 876957492 512965001
876957492 512965001 877296641 512965001
448987903 920906721 448987903 933545922
448987903 933545922 456864447 933545922
500121115 862269701 500121115 882224006
500121115 882224006 509499288 882224006
555526057 833037910 558657945 833037910
558657945 833037910 558657945 835599373
801261345 554981538 801261345 581429587
801261345 581429587 814750118 581429587
430973345 951981313 430973345 963416443
430973345 963416443 435741702 963416443
761316386 615109861 782824466 615109861
782824466 615109861 782824466 616604521
942426431 428315746 961794023 428315746
961794023 428315746 961794023 440099649
500121115 883139508 500121115 901603449
500121115 901603449 501057642 901603449
612474219 757879375 619061439 757879375
612474219 757879375 612474219 784393239
612474219 784393239 619061439 784393239
448987903 933545922 448987903 951434220
448987903 951434220 455600427 951434220
761316386 603720464 795424212 603720464
795424212 603720464 795424212 611971607
642247682 738132929 669293845 738132929
669293845 738132929 669293845 739185802
619061439 757879375 619061439 777295858
619061439 777295858 635906975 777295858
705870398 681769899 727025424 681769899
705870398 681769899 705870398 687324373
727025424 681769899 727025424 687324373
705870398 687324373 705870398 699077150
705870398 699077150 715988637 699077150
669293845 739185802 669293845 745775758
669293845 745775758 670948958 745775758
972716266 406416416 997543483 406416416
997543483 406416416 997543483 419539289
642247682 733132248 684547263 733132248
684547263 733132248 684547263 735062173
635906975 777295858 642625823 777295858
635906975 777295858 635906975 778174149
642625823 777295858 642625823 778174149
715988637 699077150 715988637 704508334
715988637 704508334 719098604 704508334
883695867 487819676 933154670 487819676
883695867 487819676 883695867 490509231
933154670 487819676 933154670 490509231
758936590 626594080 758936590 663900628
758936590 663900628 760751083 663900628
456864447 933545922 482200377 933545922
482200377 933545922 482200377 944025028
814750118 581429587 838155817 581429587
838155817 581429587 838155817 588309817
835148000 550390174 855595243 550390174
835148000 550390174 835148000 571120358
835148000 571120358 855595243 571120358
705870398 699077150 705870398 716609165
705870398 716609165 711687960 716609165
883695867 490509231 923597002 490509231
923597002 490509231 923597002 505598311
961794023 440099649 961794023 454219493
961794023 454219493 975058696 454219493
997543483 419539289 997543483 435111502
997543483 435111502 997907112 435111502
835148000 571120358 835148000 601168199
835148000 601168199 835251889 601168199
961794023 454219493 961794023 472372454
961794023 472372454 964764678 472372454
642625823 778174149 661426542 778174149
661426542 778174149 661426542 778639698
501057642 901603449 516375217 901603449
501057642 901603449 501057642 923905753
501057642 923905753 516375217 923905753
635906975 778174149 635906975 806388274
635906975 806388274 636546666 806388274
670948958 745775758 670948958 770966892
670948958 770966892 674765548 770966892
855595243 550390174 897675758 550390174
897675758 550390174 897675758 551450695
711687960 716609165 711687960 736240022
711687960 736240022 714249892 736240022
760751083 663900628 784282434 663900628
760751083 663900628 760751083 666481130
784282434 663900628 784282434 666481130
855595243 571120358 863177563 571120358
855595243 571120358 855595243 590111498
855595243 590111498 863177563 590111498
516375217 901603449 546718513 901603449
546718513 901603449 546718513 908994379
863177563 571120358 874742140 571120358
874742140 571120358 874742140 581224260
760751083 666481130 760751083 691859058
760751083 691859058 771315475 691859058
874742140 581224260 880427474 581224260
880427474 581224260 880427474 583284200
558657945 835599373 558657945 884192398
558657945 884192398 580653494 884192398
964764678 472372454 964764678 487633103
964764678 487633103 979751699 487633103
880427474 583284200 880427474 588564943
880427474 588564943 881360947 588564943
705870398 716609165 705870398 760726994
705870398 760726994 710672290 760726994
795424212 611971607 829751175 611971607
829751175 611971607 829751175 644945134
784282434 666481130 789801168 666481130
784282434 666481130 784282434 690914263
784282434 690914263 789801168 690914263
923597002 505598311 923597002 541469855
923597002 541469855 941462384 541469855
863177563 590111498 863177563 611850683
863177563 611850683 871210422 611850683
760751083 691859058 760751083 714083174
760751083 714083174 769362394 714083174
710672290 760726994 710672290 769191895
710672290 769191895 715140508 769191895
674765548 770966892 678144827 770966892
674765548 770966892 674765548 809002855
674765548 809002855 678144827 809002855
979751699 487633103 990407381 487633103
979751699 487633103 979751699 497915967
990407381 487633103 990407381 497915967
546718513 908994379 546718513 941986363
546718513 941986363 548758739 941986363
636546666 806388274 636546666 835250537
636546666 835250537 656193182 835250537
964764678 487633103 964764678 524509497
964764678 524509497 969823477 524509497
979751699 497915967 979751699 509549934
979751699 509549934 986044691 509549934
678144827 809002855 687996557 809002855
678144827 809002855 678144827 810594538
687996557 809002855 687996557 810594538
678144827 770966892 695220916 770966892
678144827 770966892 678144827 803513262
678144827 803513262 695220916 803513262
678144827 810594538 678144827 817174773
678144827 817174773 682133978 817174773
789801168 666481130 818554537 666481130
818554537 666481130 818554537 682096309
695220916 770966892 695220916 802655920
695220916 802655920 698415907 802655920
829751175 644945134 849959883 644945134
829751175 644945134 829751175 654195268
849959883 644945134 849959883 654195268
829751175 654195268 844282232 654195268
844282232 654195268 844282232 662756072
941462384 541469855 941462384 565670865
941462384 565670865 942837442 565670865
986044691 509549934 986044691 519875873
986044691 519875873 988658036 519875873
849959883 654195268 849959883 658490462
849959883 658490462 851511393 658490462
580653494 884192398 629003918 884192398
580653494 884192398 580653494 891554562
629003918 884192398 629003918 891554562
580653494 891554562 595386251 891554562
580653494 891554562 580653494 929691191
580653494 929691191 595386251 929691191
881360947 588564943 931730785 588564943
931730785 588564943 931730785 593825199
942837442 565670865 942837442 578456625
942837442 578456625 948967373 578456625
548758739 941986363 578686338 941986363
548758739 941986363 548758739 951224520
578686338 941986363 578686338 951224520
769362394 714083174 787072197 714083174
769362394 714083174 769362394 750531912
769362394 750531912 787072197 750531912
969823477 524509497 969823477 559862876
969823477 559862876 979952751 559862876
595386251 929691191 595386251 941369456
595386251 941369456 601401962 941369456
769362394 750531912 769362394 766047797
769362394 766047797 777894392 766047797
931730785 593825199 944512490 593825199
931730785 593825199 931730785 600769313
944512490 593825199 944512490 600769313
548758739 951224520 578134810 951224520
578134810 951224520 578134810 969553832
871210422 611850683 909738905 611850683
909738905 611850683 909738905 638277412
595386251 891554562 627434946 891554562
627434946 891554562 627434946 922612539
578134810 969553832 578134810 974903304
578134810 974903304 583364593 974903304
629003918 891554562 650159772 891554562
650159772 891554562 650159772 908868021
698415907 802655920 750453555 802655920
698415907 802655920 698415907 808821381
750453555 802655920 750453555 808821381
844282232 662756072 847442912 662756072
844282232 662756072 844282232 713688609
844282232 713688609 847442912 713688609
847442912 662756072 897036593 662756072
847442912 662756072 847442912 664387980
897036593 662756072 897036593 664387980
650159772 891554562 666726782 891554562
666726782 891554562 666726782 897057330
847442912 664387980 847442912 711835885
847442912 711835885 852853673 711835885
969823477 559862876 969823477 585473813
969823477 585473813 979950691 585473813
969823477 585473813 969823477 593358223
969823477 593358223 972908673 593358223
931730785 600769313 931730785 631757875
931730785 631757875 935718325 631757875
787072197 750531912 787072197 765997378
787072197 765997378 801970166 765997378
777894392 766047797 777894392 784713834
777894392 784713834 785893996 784713834
897036593 664387980 903527704 664387980
903527704 664387980 903527704 669118028
601401962 941369456 601401962 962268856
601401962 962268856 615117356 962268856
777894392 784713834 777894392 798725412
777894392 798725412 779016852 798725412
787072197 765997378 787072197 781773390
787072197 781773390 797004181 781773390
787072197 714083174 841568054 714083174
841568054 714083174 841568054 741191316
666726782 897057330 666726782 910243366
666726782 910243366 675954990 910243366
666726782 910243366 672542432 910243366
672542432 910243366 672542432 914018949
972908673 593358223 997878410 593358223
997878410 593358223 997878410 594208596
935718325 631757875 935718325 653762250
935718325 653762250 940224332 653762250
852853673 711835885 876018730 711835885
876018730 711835885 876018730 720905847
841568054 741191316 850152577 741191316
850152577 741191316 850152577 747841188
698415907 808821381 698415907 871329818
698415907 871329818 736480519 871329818
750453555 808821381 750453555 840846527
750453555 840846527 768459786 840846527
876018730 711835885 897839553 711835885
897839553 711835885 897839553 712197656
736480519 871329818 736480519 873086925
736480519 873086925 737642597 873086925
750453555 840846527 763836331 840846527
763836331 840846527 763836331 853194614
650159772 908868021 650159772 953812130
650159772 953812130 663305494 953812130
797004181 781773390 797004181 810968529
797004181 810968529 811626252 810968529
763836331 853194614 763917744 853194614
763836331 853194614 763836331 860475781
763836331 860475781 763917744 860475781
903527704 669118028 903527704 698627742
903527704 698627742 929045671 698627742
763917744 860475781 767699522 860475781
767699522 860475781 767699522 861634523
672542432 914018949 672542432 948342315
672542432 948342315 683698637 948342315
940224332 653762250 965551641 653762250
965551641 653762250 965551641 668877290
763917744 853194614 787175177 853194614
787175177 853194614 787175177 853559935
965551641 668877290 965551641 674497097
965551641 674497097 968773860 674497097
768459786 840846527 811461288 840846527
811461288 840846527 811461288 846940564
737642597 873086925 760891024 873086925
737642597 873086925 737642597 898831602
737642597 898831602 760891024 898831602
760891024 873086925 781119309 873086925
781119309 873086925 781119309 879684956
787175177 853559935 804096308 853559935
804096308 853559935 804096308 856712892
850152577 747841188 890406097 747841188
890406097 747841188 890406097 775085368
811626252 810968529 811626252 840504576
811626252 840504576 827580666 840504576
781119309 873086925 795299205 873086925
795299205 873086925 795299205 876459888
929045671 698627742 929045671 733809910
929045671 733809910 944528412 733809910
890406097 775085368 890406097 788311750
890406097 788311750 892486503 788311750
968773860 674497097 998365590 674497097
998365590 674497097 998365590 684533946
890406097 747841188 924052340 747841188
924052340 747841188 924052340 766436461
683698637 948342315 724594380 948342315
683698637 948342315 683698637 984505478
724594380 948342315 724594380 984505478
760891024 898831602 760891024 944014345
760891024 944014345 774865227 944014345
683698637 984505478 720352442 984505478
720352442 984505478 720352442 999639335
924052340 766436461 924052340 782045909
924052340 782045909 937989291 782045909
892486503 788311750 922762003 788311750
922762003 788311750 922762003 807832298
724594380 984505478 753207305 984505478
753207305 984505478 753207305 986756604
774865227 944014345 774865227 965052887
774865227 965052887 777538067 965052887
795299205 876459888 848398032 876459888
795299205 876459888 795299205 894255901
848398032 876459888 848398032 894255901
795299205 894255901 829330119 894255901
829330119 894255901 829330119 926696201
848398032 894255901 854399499 894255901
848398032 894255901 848398032 909350850
848398032 909350850 854399499 909350850
922762003 807832298 938626054 807832298
922762003 807832298 922762003 832474953
922762003 832474953 938626054 832474953
777538067 965052887 803649526 965052887
803649526 965052887 803649526 972300478
803649526 972300478 803649526 977940842
803649526 977940842 807769183 977940842
938626054 807832298 962074174 807832298
962074174 807832298 962074174 825988864
854399499 894255901 896102149 894255901
896102149 894255901 896102149 900973536
922762003 832474953 922762003 874004129
922762003 874004129 933692559 874004129
896102149 900973536 917104564 900973536
896102149 900973536 896102149 906080381
917104564 900973536 917104564 906080381
933692559 874004129 933692559 885423662
933692559 885423662 937802529 885423662
962074174 825988864 987883041 825988864
962074174 825988864 962074174 835729695
987883041 825988864 987883041 835729695
922762003 874004129 922762003 892863877
922762003 892863877 932037528 892863877
896102149 906080381 896102149 920464729
896102149 920464729 906485822 920464729
854399499 909350850 867621568 909350850
854399499 909350850 854399499 961473616
854399499 961473616 867621568 961473616
962074174 835729695 980261565 835729695
980261565 835729695 980261565 849754115
867621568 909350850 867621568 956359211
867621568 956359211 884018428 956359211
867621568 961473616 878516906 961473616
878516906 961473616 878516906 964877134
937802529 885423662 961640927 885423662
961640927 885423662 961640927 891079013
961640927 891079013 979204991 891079013
979204991 891079013 979204991 895236384
884018428 956359211 933414152 956359211
884018428 956359211 884018428 961656705
933414152 956359211 933414152 961656705
979204991 895236384 985347561 895236384
979204991 895236384 979204991 920501273
979204991 920501273 985347561 920501273
985347561 895236384 985347561 915541421
985347561 915541421 993974022 915541421
933414152 961656705 948226948 961656705
948226948 961656705 948226948 967913305
884018428 961656705 929251227 961656705
929251227 961656705 929251227 994781784
