51
0 1 U -1
1 0 U 0
2 0 U 1
3 1 U 2
4 1 U 3
5 1 U 4
6 0 U 5
7 1 U -1
8 1 U 7
9 0 U 8
10 1 U 9
11 0 U 10
12 0 U 11
13 1 U 12
14 0 U -1
15 1 U 14
16 1 U 15
17 0 U 16
18 1 U 17
19 1 U 18
20 1 U 19
21 1 U -1
22 1 U 21
23 0 U 22
24 1 U 23
25 0 U 24
26 0 U 25
27 0 U 26
28 0 U -1
29 0 U 28
30 1 U 29
31 0 U 30
32 1 U 31
33 1 U 32
34 1 U 33
35 1 U -1
36 1 U 35
37 1 U 36
38 1 U 37
39 1 U 38
40 0 U 39
41 0 U 40
42 1 U -1
43 0 U 42
44 1 U 43
45 1 U 44
46 1 U 45
47 1 U 46
48 1 U 47
49 0 U -1
50 1 U 49
51
0 1 U -1
1 0 U 0
2 0 U 1
3 1 U 2
4 1 U 1
5 1 U 4
6 0 U 5
7 1 U -1
8 1 U 1
9 0 U 8
10 1 U 9
11 0 U 10
12 0 U 11
13 1 U 12
14 0 U -1
15 1 U 14
16 1 U 15
17 0 U 16
18 1 U 17
19 1 U 18
20 0 U 15
21 0 U -1
22 1 U 21
23 0 U 22
24 1 L 6
25 0 U 24
26 0 U 25
27 0 U 26
28 0 U 25
29 1 U 6
30 1 U 29
31 0 U 30
32 1 U 31
33 1 U 32
34 1 U 33
35 1 U -1
36 1 U 35
37 1 U 36
38 1 U 37
39 1 U 38
40 0 U 39
41 0 U 40
42 1 U -1
43 0 U 42
44 1 U 43
45 1 U 44
46 1 U 45
47 1 U 46
48 1 U 47
49 0 U -1
50 1 U 49
51
0 1 U -1
1 0 U 0
2 0 U 1
3 1 U 2
4 1 U 3
5 1 U 4
6 0 U 5
7 1 U -1
8 1 U 7
9 0 U 8
10 1 U 9
11 0 U 10
12 0 U 11
13 1 U 12
14 0 U -1
15 1 U 14
16 1 U 15
17 0 U 16
18 1 U 17
19 1 U 18
20 1 U 19
21 1 U -1
22 1 U 21
23 0 U 22
24 1 U 23
25 0 U 24
26 0 U 25
27 0 U 26
28 0 U -1
29 0 U 28
30 1 U 29
31 0 U 30
32 0 L 28
33 1 U 32
34 1 U 33
35 1 U -1
36 1 U 35
37 1 U 36
38 1 U 37
39 1 U 38
40 0 U 39
41 0 U 40
42 1 U -1
43 0 U 42
44 1 U 43
45 1 U 44
46 1 U 45
47 1 U 46
48 1 U 47
49 1 U 35
50 1 U 49
51
0 1 U -1
1 0 U 0
2 0 U 1
3 1 U 2
4 1 U 2
5 1 U 4
6 0 U 5
7 1 U -1
8 1 U 7
9 0 U 8
10 1 U 9
11 1 L 3
12 0 U 11
13 1 L 12
14 0 U -1
15 1 U 14
16 1 U 15
17 0 U 16
18 1 U 17
19 1 U 18
20 1 U 19
21 1 U -1
22 1 U 21
23 0 U 22
24 0 U 9
25 0 U 24
26 0 U 25
27 0 U 26
28 0 U -1
29 0 U 28
30 1 U 29
31 0 U 30
32 0 L 28
33 1 U 32
34 1 U 33
35 0 U 2
36 1 U 35
37 1 U 36
38 1 U 37
39 1 U 38
40 0 U 39
41 0 U 40
42 1 U -1
43 0 U 42
44 0 L 28
45 1 U 44
46 1 U 45
47 1 U 46
48 0 L 27
49 1 U 35
50 1 U 49
51
0 1 U -1
1 0 U 0
2 0 U 1
3 1 U 2
4 1 U 3
5 1 U 4
6 1 U 0
7 1 U -1
8 1 L -1
9 0 U 1
10 1 U 9
11 0 U 10
12 0 U 11
13 1 U 12
14 0 U -1
15 0 L 3
16 1 U 15
17 0 U 16
18 1 U 17
19 1 U 18
20 1 U 19
21 1 U -1
22 1 U 21
23 0 U 22
24 1 U 23
25 0 U 24
26 1 L 7
27 0 U 26
28 0 U -1
29 0 U 28
30 1 U 29
31 0 U 30
32 0 L 28
33 1 U 32
34 1 U 33
35 1 U -1
36 1 U 35
37 0 U 11
38 1 U 21
39 1 U 38
40 0 U 39
41 0 U 40
42 1 U -1
43 0 U 42
44 1 U 43
45 0 U 9
46 1 U 45
47 1 U 46
48 1 U 47
49 1 U 35
50 1 U 49
51
0 1 U -1
1 0 U 0
2 0 U 1
3 1 U 2
4 1 U 3
5 1 U 4
6 1 U 2
7 0 U 1
8 1 U 7
9 0 U 8
10 1 U 9
11 0 U 10
12 0 U 11
13 1 U 12
14 0 U -1
15 1 U 14
16 1 U 15
17 0 U 16
18 1 U 17
19 1 U 4
20 1 U 19
21 1 U -1
22 1 U 21
23 0 U 22
24 1 U 23
25 0 U 24
26 0 U 25
27 0 U 26
28 0 U -1
29 0 U 28
30 1 U 29
31 0 U 30
32 0 L 28
33 1 U 32
34 1 U 33
35 1 U -1
36 0 U 8
37 1 U 36
38 1 U 37
39 1 U 38
40 0 U 39
41 0 U 40
42 1 U -1
43 0 U 42
44 1 U 43
45 1 U 44
46 1 U 45
47 1 U 46
48 1 U 47
49 1 U 35
50 1 U 49
51
0 1 U -1
1 0 U 0
2 1 U 1
3 1 U 2
4 1 U 3
5 1 U 4
6 1 U 2
7 0 U 1
8 1 U 7
9 0 U 8
10 1 U 9
11 0 U 10
12 0 U 11
13 1 U 12
14 0 U -1
15 1 U 14
16 0 L 9
17 0 U 16
18 1 U 17
19 1 U 4
20 1 U 19
21 1 U -1
22 1 U 21
23 0 U 22
24 1 U 23
25 0 U 24
26 0 U 25
27 0 U 26
28 1 U 27
29 0 U 28
30 1 U 29
31 0 U 30
32 0 L 28
33 1 U 32
34 0 L 2
35 1 U -1
36 0 U 8
37 1 U 36
38 1 U 37
39 1 U 38
40 0 U 39
41 0 U 40
42 1 U -1
43 0 U 42
44 1 U 43
45 0 L 12
46 1 U 45
47 1 U 46
48 1 U 47
49 1 U 35
50 1 U 49
51
0 1 U -1
1 0 U 0
2 1 U 1
3 1 U 2
4 0 U 2
5 1 U 4
6 1 U 2
7 0 U 1
8 1 U 7
9 0 U 8
10 1 U 9
11 0 U 10
12 0 U 11
13 1 U 12
14 0 U -1
15 1 U 14
16 0 L 9
17 0 U 16
18 1 U 17
19 0 L 14
20 1 U 19
21 1 U -1
22 1 U 21
23 0 U 22
24 1 U 23
25 0 U 24
26 0 U 25
27 0 L 14
28 1 U 27
29 0 U 28
30 1 U 29
31 0 U 30
32 0 L 28
33 1 U 32
34 0 L 2
35 1 U -1
36 0 U 8
37 1 U 36
38 1 U 37
39 1 U 38
40 0 U 39
41 0 U 40
42 1 U -1
43 0 U 42
44 1 U 43
45 0 L 12
46 1 U 45
47 1 U 46
48 1 U 47
49 1 U 35
50 1 U 49
51
0 1 U -1
1 0 U 0
2 1 U 1
3 1 L 2
4 1 U 3
5 1 U 4
6 1 U 2
7 0 U 1
8 1 U 7
9 0 U 8
10 1 U 0
11 0 U 10
12 0 U 11
13 1 U 12
14 0 U -1
15 1 U 14
16 0 L 9
17 0 U 16
18 1 U 17
19 1 U 4
20 1 U 19
21 1 U -1
22 1 U 21
23 0 U 22
24 1 U 23
25 0 U 24
26 0 U 25
27 0 U 26
28 1 U 27
29 0 U 28
30 1 U 29
31 0 U 30
32 0 L 28
33 1 U 32
34 0 L 2
35 1 U -1
36 0 U 8
37 1 U 36
38 1 U 37
39 1 U 38
40 0 U 39
41 0 U 40
42 1 U -1
43 0 U 42
44 1 U 43
45 0 L 12
46 1 U 45
47 1 U 46
48 1 U 47
49 1 U 35
50 1 U 49
51
0 1 U -1
1 1 U -1
2 1 U 1
3 1 U 2
4 1 U 3
5 1 U 4
6 1 U 2
7 0 U 1
8 1 U 7
9 0 U 8
10 1 U 9
11 0 U 10
12 0 U 11
13 1 U 12
14 0 U -1
15 1 U 14
16 0 L 9
17 0 U 16
18 1 U 17
19 1 U 4
20 1 U 19
21 1 U -1
22 1 U 21
23 0 U 22
24 1 L 22
25 0 U 24
26 0 U 25
27 0 U 26
28 1 U 27
29 0 U 28
30 1 U 29
31 0 U 30
32 0 L 28
33 1 U 32
34 0 L 2
35 1 U -1
36 0 U 8
37 0 L 12
38 1 U 37
39 1 U 38
40 0 U 39
41 0 U 40
42 1 U -1
43 0 U 42
44 1 U 43
45 0 L 12
46 1 U 45
47 1 U 46
48 1 U 47
49 1 U 35
50 1 U 49
51
0 1 U -1
1 0 U 0
2 1 U 1
3 1 U 2
4 1 L -1
5 1 L -1
6 1 U 2
7 0 U 1
8 1 U 7
9 0 U 8
10 1 U 9
11 0 U 10
12 0 U 11
13 1 U 12
14 0 U -1
15 1 U 14
16 0 L 9
17 0 U 16
18 0 L 17
19 1 U 4
20 1 U 19
21 1 U -1
22 1 U 21
23 0 U 22
24 1 U 23
25 0 U 24
26 1 L 11
27 0 L 10
28 1 U 27
29 0 U 28
30 1 U 29
31 0 U 30
32 0 L 28
33 1 U 32
34 0 L 2
35 1 U 12
36 0 U 8
37 1 U 36
38 1 U 37
39 1 U 38
40 0 U 39
41 0 U 40
42 1 U -1
43 0 U 42
44 1 U 43
45 0 L 12
46 1 U 29
47 1 U 46
48 1 U 16
49 1 U 35
50 1 U 41
51
0 0 U -1
1 0 U 0
2 1 U 1
3 1 U 2
4 1 U 3
5 1 U 4
6 1 U 2
7 0 U 1
8 1 U 7
9 0 U 8
10 1 U 9
11 0 U 10
12 0 U 11
13 1 U 9
14 0 U -1
15 1 U 14
16 0 L 9
17 0 U 16
18 1 U 17
19 1 U 4
20 1 U 19
21 1 U -1
22 1 U 21
23 0 U 22
24 1 L 6
25 0 U 24
26 0 U 25
27 0 U 26
28 1 U 27
29 0 U 28
30 1 U 29
31 0 U 30
32 0 L 28
33 1 U 32
34 0 L 2
35 1 U -1
36 0 U 8
37 1 U 36
38 1 U 37
39 1 U 38
40 0 U 39
41 0 U 40
42 0 U 26
43 0 U 42
44 1 U 43
45 0 L 12
46 0 U 45
47 1 U 46
48 1 U 47
49 1 U 35
50 1 U 49
51
0 1 U -1
1 0 U 0
2 1 U 1
3 1 U 2
4 1 U 3
5 1 U 4
6 1 U 2
7 0 U 1
8 1 U 7
9 0 U 8
10 1 U 9
11 0 U 10
12 0 U 11
13 1 U 12
14 0 U 1
15 1 U 14
16 0 L 9
17 0 U 16
18 0 U -1
19 1 U 4
20 1 U 19
21 1 U -1
22 1 U 21
23 0 U 22
24 1 U 23
25 0 U 24
26 1 L 2
27 0 U 26
28 1 U 27
29 0 U 28
30 1 U 29
31 0 U 30
32 0 L 28
33 1 U 32
34 0 U 0
35 1 U -1
36 0 U 8
37 1 U 36
38 1 U 37
39 1 U 38
40 0 U 39
41 0 U 40
42 1 U -1
43 0 U 42
44 1 U 43
45 0 L 12
46 0 L 44
47 1 U 46
48 1 U 47
49 1 U 35
50 1 U 49
51
0 1 U -1
1 0 U 0
2 1 U 1
3 1 U 2
4 1 U 3
5 1 U 4
6 1 U 2
7 0 U 1
8 1 U 7
9 0 L 4
10 0 U 9
11 0 U 3
12 0 U 11
13 0 L 2
14 0 U -1
15 1 U 14
16 1 U 12
17 0 U 16
18 1 U 17
19 1 U 4
20 1 U 19
21 1 U -1
22 1 U 17
23 0 U 22
24 1 U 23
25 0 U 24
26 0 U 25
27 0 U 26
28 1 U 27
29 0 U 0
30 1 U 29
31 0 U 30
32 0 L 28
33 1 U 32
34 0 L 2
35 1 U -1
36 0 U 8
37 1 L 7
38 1 U 37
39 1 U 38
40 0 U 39
41 0 U 40
42 0 U 29
43 0 U 42
44 1 U 43
45 0 L 12
46 1 U 45
47 1 U 46
48 1 U 47
49 1 U 35
50 1 U 49
51
0 1 U -1
1 0 U 0
2 1 U 1
3 1 U 2
4 1 U 3
5 1 U 4
6 1 U 2
7 0 U 1
8 1 U 7
9 0 U 8
10 1 U 9
11 0 U 10
12 0 U 11
13 1 L 0
14 0 U -1
15 0 U 7
16 0 L 9
17 0 U 16
18 1 U 17
19 1 U 4
20 1 U 19
21 1 U -1
22 1 U 21
23 0 U 22
24 1 U 23
25 0 L 9
26 0 U 25
27 0 U 26
28 1 U 27
29 0 U 28
30 1 U 29
31 0 U 30
32 0 L 28
33 1 U 32
34 0 L 2
35 1 U -1
36 0 U 8
37 1 U 36
38 1 U 37
39 1 U 8
40 0 U 39
41 0 U 40
42 1 U -1
43 0 U 42
44 1 U 43
45 0 L 12
46 1 U 45
47 0 U 37
48 0 L 45
49 1 U 35
50 1 U 49
51
0 1 U -1
1 0 U 0
2 1 U 1
3 1 U 2
4 1 U 3
5 1 U -1
6 1 U 2
7 0 U 1
8 1 U 7
9 0 U 8
10 1 U 9
11 0 U 10
12 0 U 11
13 1 U 12
14 0 U -1
15 1 U 14
16 0 L 9
17 0 U 16
18 1 U 17
19 1 U 4
20 1 U 19
21 1 U -1
22 1 U 21
23 0 U 22
24 1 U 23
25 0 U 24
26 0 U 25
27 0 U 26
28 1 U 27
29 0 U 28
30 1 U 29
31 0 U 30
32 0 L 28
33 1 U 32
34 0 L 2
35 1 U -1
36 0 U 8
37 1 U 36
38 1 U 37
39 1 U 38
40 0 U 39
41 0 U 40
42 1 U -1
43 0 U 42
44 1 U 43
45 0 L 20
46 1 U 45
47 1 U 46
48 1 L 10
49 1 U 35
50 1 U 49
51
0 1 U -1
1 0 L 0
2 1 U 1
3 1 U 1
4 1 U 3
5 1 U 4
6 1 U 2
7 0 U 1
8 1 U 7
9 0 U 8
10 1 U 9
11 0 U 10
12 0 U 11
13 1 U 12
14 0 U -1
15 1 U 14
16 0 L 9
17 0 U 16
18 1 U 17
19 1 U 4
20 1 U 19
21 1 U 0
22 1 U 21
23 0 U 22
24 1 U 23
25 0 U 24
26 0 U 25
27 0 U 26
28 1 U 27
29 0 U 28
30 1 U 29
31 0 U 30
32 0 L 28
33 1 U 32
34 0 L 2
35 1 U -1
36 0 U 8
37 1 L 14
38 1 L 12
39 1 U 38
40 0 U 39
41 0 U 40
42 1 U -1
43 0 U 42
44 1 U 43
45 0 L 12
46 1 U 45
47 1 U 46
48 1 U 47
49 1 U 35
50 1 U 49
51
0 1 U -1
1 0 L 0
2 1 U 1
3 1 U 1
4 1 U 3
5 1 U 4
6 1 U 2
7 0 U 1
8 1 U 7
9 0 U 8
10 1 U 9
11 0 U 10
12 0 U 11
13 1 U 12
14 0 U -1
15 1 U 14
16 0 L 9
17 0 U 16
18 1 U 17
19 1 L 13
20 1 U 19
21 1 U 0
22 0 L 7
23 0 U 22
24 1 U 23
25 0 U 24
26 0 U 25
27 0 U 26
28 1 U 27
29 0 U 28
30 1 U 29
31 0 U 30
32 0 L 28
33 1 U 32
34 0 L 2
35 1 U -1
36 0 U 8
37 1 L 14
38 1 L 12
39 1 U 38
40 1 U 37
41 0 U 40
42 1 U -1
43 0 U 42
44 1 U 43
45 0 L 12
46 1 U 45
47 0 U 31
48 1 U 47
49 1 U 35
50 1 U 49
51
0 1 U -1
1 0 L 0
2 1 U 1
3 0 L 1
4 1 U 3
5 1 U 4
6 1 U 2
7 0 U 1
8 1 U 7
9 0 U 8
10 1 U 9
11 0 L 8
12 0 U 11
13 1 U 12
14 0 U -1
15 1 U 14
16 0 L 9
17 0 U 16
18 1 U 17
19 1 U 4
20 1 U 19
21 1 U 0
22 1 U 21
23 0 U 22
24 1 U 23
25 0 U 24
26 0 U 25
27 0 U 26
28 1 U 27
29 1 U 23
30 1 U 29
31 0 U 30
32 0 L 28
33 1 U 32
34 0 L 2
35 1 U -1
36 0 U 8
37 1 L 14
38 1 L 12
39 1 U 38
40 0 U 39
41 0 U 40
42 1 U -1
43 0 U 42
44 1 U 43
45 0 L 12
46 1 U 45
47 1 U 46
48 1 U 47
49 1 U 35
50 1 U 49
51
0 1 U -1
1 0 L 0
2 1 U 1
3 1 U 1
4 1 U 3
5 1 U 4
6 1 U 2
7 0 U 1
8 1 U 7
9 0 U 8
10 1 U 9
11 0 U 10
12 0 U 11
13 1 U 12
14 0 U -1
15 1 U 14
16 1 L 3
17 0 U 16
18 0 L 6
19 1 U 4
20 1 U 19
21 1 U 0
22 1 U 21
23 1 U 3
24 1 U 23
25 0 U 24
26 0 U 25
27 0 U 26
28 1 U 27
29 0 U 28
30 1 U 29
31 0 U 30
32 0 L 28
33 1 U 32
34 0 L 2
35 1 U -1
36 0 U 8
37 1 L 14
38 1 L 12
39 1 U 38
40 0 U 39
41 1 U 7
42 1 U -1
43 0 U 42
44 1 U 43
45 0 L 12
46 1 U 45
47 1 U 46
48 1 U 47
49 1 U 23
50 1 U 49
51
0 1 U -1
1 0 L 0
2 1 U 1
3 1 U 1
4 0 U 3
5 1 U 4
6 1 U 2
7 0 U 1
8 1 U 7
9 0 U 8
10 1 U 9
11 0 U 10
12 0 U 11
13 1 U 12
14 0 U -1
15 1 U 14
16 0 L 9
17 0 U 16
18 0 L 2
19 1 U 4
20 1 U 19
21 1 U 0
22 1 U 21
23 0 U 22
24 1 U 23
25 0 U 24
26 1 L 8
27 0 U 26
28 1 U 27
29 1 U 10
30 1 U 29
31 0 U 30
32 0 L 28
33 1 U 32
34 0 L 2
35 1 U -1
36 0 U 8
37 1 L 14
38 1 L 12
39 1 U 38
40 1 U 34
41 0 U 40
42 1 U -1
43 0 U 42
44 1 U 43
45 0 L 12
46 1 U 45
47 1 U 46
48 1 U 47
49 1 U 35
50 1 U 49
51
0 1 U -1
1 0 L 0
2 1 U 1
3 1 U 1
4 1 U 3
5 1 U 4
6 1 U 2
7 0 U 1
8 1 U 7
9 0 U 8
10 1 U 9
11 0 U 10
12 0 U 11
13 1 U 12
14 0 U -1
15 1 U 14
16 0 L 9
17 0 U 16
18 0 L 3
19 1 U 4
20 1 U 19
21 1 U 0
22 1 U 21
23 0 U 22
24 1 U 23
25 0 U 24
26 0 U 25
27 0 U 26
28 1 U 27
29 0 U 28
30 1 U 29
31 0 U 30
32 0 L 28
33 1 U 32
34 0 L 2
35 1 U -1
36 0 U 8
37 1 U 36
38 1 L 12
39 1 U 38
40 0 L 18
41 0 U 40
42 1 U -1
43 0 U 42
44 1 U 43
45 0 L 12
46 1 U 45
47 1 U 46
48 1 U 47
49 1 U 35
50 1 U 49
51
0 1 U -1
1 0 L 0
2 1 U 1
3 1 U 1
4 1 U 3
5 0 L 1
6 1 U 2
7 0 U 1
8 1 U 7
9 0 U 8
10 1 L -1
11 0 U 2
12 0 U 11
13 1 U 12
14 0 U -1
15 1 U 14
16 0 L 9
17 0 L 16
18 1 U 17
19 1 U 4
20 1 U 19
21 1 U 0
22 1 U 21
23 0 U 22
24 1 U 23
25 0 U 24
26 0 U 25
27 0 U 26
28 1 U 27
29 0 U 28
30 1 U 29
31 0 U 30
32 0 L 28
33 1 U 32
34 0 L 2
35 1 U -1
36 0 U 8
37 1 L 28
38 1 L 12
39 1 U 38
40 0 U 39
41 0 U 40
42 1 U -1
43 1 L 2
44 1 U 43
45 0 L 12
46 1 U 45
47 1 U 46
48 1 U 47
49 1 L 28
50 1 U 49
51
0 1 U -1
1 0 L 0
2 1 U 1
3 0 L 1
4 1 U 3
5 1 U 4
6 1 U 2
7 0 U 1
8 1 U 7
9 0 U 8
10 1 U 9
11 1 L -1
12 0 U 11
13 1 U 12
14 0 U -1
15 1 U 14
16 0 L 9
17 0 U 16
18 1 U 17
19 1 U 4
20 1 U 19
21 1 U 0
22 1 U 21
23 0 U 22
24 1 U 23
25 0 U 24
26 0 U 25
27 0 U 26
28 1 U 27
29 0 U 28
30 1 U 29
31 0 U 30
32 0 L 28
33 1 U 32
34 0 L 2
35 1 U -1
36 1 U 14
37 1 L 14
38 1 L 12
39 1 U 38
40 0 U 39
41 0 U 40
42 1 U -1
43 1 L 24
44 1 U 43
45 0 L 12
46 1 U 45
47 1 U 46
48 1 U 47
49 1 U 35
50 1 U 49
51
0 1 U -1
1 0 L 0
2 1 U 1
3 1 L -1
4 1 U 3
5 1 U 4
6 1 U 2
7 0 U 1
8 1 U 7
9 0 U 8
10 1 U 9
11 1 U 5
12 0 U 11
13 1 U 12
14 0 U -1
15 1 U 14
16 1 L 13
17 0 U 16
18 1 U 17
19 1 U 4
20 1 U 19
21 1 U 0
22 1 U 21
23 0 U 22
24 1 U 23
25 0 U 24
26 0 U 25
27 0 U 26
28 1 U 27
29 0 U 28
30 1 U 29
31 0 U 30
32 0 L 28
33 1 U 32
34 0 L 2
35 1 U -1
36 0 U 8
37 1 L 14
38 1 L 12
39 1 U 38
40 0 U 39
41 0 U 40
42 1 U -1
43 0 U 42
44 1 U 43
45 0 L 12
46 1 U 45
47 1 U 46
48 1 U 47
49 1 U 35
50 1 U 49
51
0 1 U -1
1 0 L 0
2 1 U 1
3 1 U 1
4 1 U 3
5 1 U 4
6 1 U -1
7 0 U 1
8 1 U 7
9 0 U 8
10 1 U 9
11 0 U 10
12 0 U 11
13 1 U 12
14 0 L 13
15 1 U 14
16 0 L 9
17 0 U 16
18 1 U 17
19 1 U 4
20 1 U 19
21 1 U 0
22 1 U 21
23 0 U 22
24 1 U 23
25 0 U 24
26 0 U 25
27 0 U 26
28 1 U 27
29 1 U 9
30 1 U 29
31 0 U 30
32 0 L 28
33 0 L -1
34 0 L 2
35 1 U -1
36 0 U 8
37 1 L 14
38 1 L 12
39 1 U 38
40 0 U 39
41 0 U 40
42 1 U 10
43 0 U 42
44 1 U 43
45 0 L 12
46 1 U 45
47 1 U 46
48 1 U 47
49 0 U 42
50 1 U 49
51
0 1 U -1
1 0 L 0
2 1 U 1
3 1 U 1
4 1 U 3
5 1 U 4
6 1 U 2
7 0 U 1
8 1 U 7
9 0 U 8
10 1 U 9
11 0 U 10
12 0 U 11
13 1 U 12
14 0 U -1
15 1 U 14
16 0 L 9
17 0 U 16
18 1 U 17
19 0 U 4
20 1 U 19
21 1 U 0
22 1 U 21
23 0 U 22
24 1 U 23
25 0 U 24
26 0 U 25
27 0 U 26
28 1 U 27
29 1 L 13
30 1 U 29
31 1 U 6
32 0 L 28
33 1 U 32
34 0 L 2
35 1 U -1
36 0 U 8
37 1 L 14
38 1 L 12
39 1 U 38
40 0 U 39
41 0 U 40
42 1 U 21
43 0 U 42
44 1 U 43
45 0 L 12
46 1 U 45
47 1 U 46
48 1 U 47
49 1 U 35
50 1 U 49
51
0 1 U -1
1 0 L 0
2 1 U 1
3 1 U 1
4 1 U 3
5 1 U 4
6 1 U 2
7 0 U 1
8 1 U 7
9 0 U 8
10 1 U 9
11 0 U 10
12 0 U 11
13 1 U 12
14 0 U -1
15 1 U 14
16 0 U 0
17 1 L -1
18 1 U 17
19 1 U 4
20 1 U 19
21 1 U 0
22 1 U 21
23 0 U 22
24 1 U 23
25 0 U 24
26 0 U 25
27 0 U 26
28 1 L 4
29 0 U 28
30 1 U 29
31 1 U 16
32 0 L 28
33 1 U 32
34 0 L 2
35 1 U -1
36 0 U 8
37 1 L 14
38 1 L 12
39 1 U 38
40 0 U 39
41 0 U 40
42 1 U -1
43 1 L 11
44 0 U -1
45 0 L 12
46 1 U 45
47 1 U 46
48 1 U 47
49 1 U 35
50 1 U 49
51
0 1 U -1
1 0 L 0
2 1 U 1
3 1 U 1
4 1 U 3
5 1 U 4
6 1 U 2
7 0 U 1
8 1 U 7
9 0 U 7
10 1 U 9
11 0 U 10
12 0 U 11
13 1 U 12
14 0 U -1
15 1 U 14
16 0 L 9
17 0 U 16
18 1 U 17
19 1 U 4
20 1 U 19
21 1 L 6
22 0 U 17
23 0 U 22
24 1 U 23
25 1 L 9
26 0 U 25
27 0 U 26
28 1 U 27
29 0 U 28
30 1 U 29
31 0 U 30
32 0 L 28
33 0 U 8
34 0 L 2
35 1 U -1
36 0 U 8
37 1 L 14
38 1 L 12
39 1 U 38
40 0 U 39
41 0 U 40
42 1 U -1
43 0 U 42
44 1 U 43
45 0 L 12
46 1 U 45
47 1 U 46
48 1 U 47
49 1 U 35
50 1 U 49
51
0 1 U -1
1 0 L 0
2 1 U 1
3 1 U 1
4 1 U 3
5 1 L 1
6 1 U 2
7 0 U 1
8 1 L 5
9 0 U 8
10 1 U 9
11 0 U 10
12 0 U 11
13 1 U 12
14 0 U -1
15 1 U 14
16 0 L 9
17 0 U 16
18 1 U 17
19 1 U 4
20 1 U 19
21 1 U 0
22 1 U 21
23 0 U 22
24 0 U 23
25 0 U 24
26 0 U 25
27 0 U 26
28 1 U 27
29 0 U 28
30 1 U 29
31 0 U 30
32 0 L 28
33 1 U 32
34 0 L 2
35 1 U -1
36 0 U 8
37 1 L 14
38 1 L 12
39 1 U 31
40 0 U 39
41 0 U 40
42 1 U -1
43 0 U 42
44 1 U 43
45 0 L 12
46 1 U 45
47 1 U 46
48 1 U 47
49 1 U 35
50 1 U 49
51
0 1 U -1
1 0 L 0
2 1 U 1
3 1 U 1
4 0 U 1
5 1 U 4
6 1 U 2
7 0 U 1
8 1 U 7
9 0 U 8
10 1 U 9
11 0 U 10
12 0 U 11
13 1 U 12
14 0 U -1
15 0 U 6
16 0 L 9
17 0 U 16
18 1 U 17
19 1 U 4
20 0 U 0
21 1 U 0
22 1 U 21
23 1 L 22
24 1 U 23
25 0 U 24
26 0 L 5
27 0 U 26
28 1 U 27
29 0 U 28
30 1 U 29
31 0 U 30
32 0 L 28
33 1 U 32
34 0 L 2
35 1 L 24
36 0 U 8
37 1 L 14
38 1 L 12
39 1 U 38
40 1 U 34
41 0 U 40
42 1 U -1
43 0 U 42
44 1 U 43
45 0 L 12
46 1 U 45
47 1 U 46
48 1 U 47
49 1 U 35
50 1 U 49
51
0 1 U -1
1 0 L 0
2 1 U 1
3 1 U 0
4 1 U 3
5 1 U 4
6 1 U 2
7 0 U 1
8 1 U 7
9 0 U 8
10 0 U 6
11 0 U 10
12 0 U 11
13 1 U 12
14 0 U -1
15 1 U 14
16 0 L 9
17 0 U 16
18 1 U 17
19 1 U 4
20 1 U 19
21 1 U 0
22 1 U 21
23 0 U 22
24 1 U 23
25 0 U 24
26 0 U 25
27 0 U 26
28 1 U 27
29 0 U 28
30 1 U 29
31 0 U 30
32 0 L 28
33 1 U 32
34 0 L 2
35 1 U -1
36 0 U 8
37 1 L 14
38 1 L 12
39 1 U 38
40 0 U 39
41 0 U 40
42 1 U -1
43 0 U 42
44 1 U 43
45 0 L 12
46 1 U 45
47 1 U 46
48 1 U 47
49 1 U 35
50 1 U 49
51
0 1 U -1
1 0 L 0
2 1 U 1
3 1 U 1
4 1 U 2
5 1 U 4
6 1 U 2
7 0 L -1
8 1 U 7
9 0 U 8
10 1 U 9
11 0 U 10
12 0 U 11
13 1 U 12
14 0 U -1
15 1 L 6
16 0 L 9
17 0 U 16
18 1 U 17
19 1 U 4
20 1 U 19
21 1 U 0
22 1 U 21
23 0 U 22
24 1 U 23
25 1 L 2
26 0 U 25
27 0 U 26
28 1 U 27
29 0 U 28
30 1 U 29
31 1 L 1
32 0 L 28
33 1 U 32
34 0 L 2
35 1 U -1
36 0 U 8
37 1 L 14
38 1 L 12
39 1 U 38
40 0 U 39
41 0 U 40
42 1 U -1
43 0 U 42
44 1 U 43
45 0 L 12
46 1 U 45
47 1 U 46
48 1 U 47
49 1 U 35
50 0 U 17
51
0 1 U -1
1 0 L 0
2 1 U 1
3 1 U 1
4 1 U 3
5 1 U 4
6 1 U 2
7 0 U 1
8 1 U 7
9 0 U 8
10 1 U 9
11 0 U 10
12 0 U 11
13 1 U 12
14 0 U 2
15 1 U 14
16 0 L 2
17 0 U 16
18 1 U 17
19 1 U 4
20 1 U 19
21 1 U 3
22 1 U 21
23 0 U 22
24 1 U 23
25 0 U 24
26 0 U 25
27 0 U 26
28 1 U 27
29 0 U 28
30 1 U 29
31 0 U 30
32 0 L 19
33 1 U 32
34 0 L 2
35 1 U -1
36 0 L 34
37 1 L 14
38 1 L 12
39 1 U 38
40 0 U 39
41 0 U 40
42 1 U -1
43 0 L 24
44 1 U 43
45 0 L 12
46 1 U 45
47 1 U 46
48 1 U 47
49 1 U 35
50 1 U 49
51
0 1 U -1
1 0 L 0
2 1 U 1
3 1 U 1
4 1 U 3
5 0 L 0
6 1 U 2
7 0 U 1
8 1 U 7
9 0 U 8
10 1 U 9
11 0 U 10
12 0 U 11
13 1 U 12
14 0 L 10
15 1 U 14
16 0 L 9
17 0 U 16
18 1 U 17
19 1 U 4
20 1 U 19
21 1 U 0
22 1 U 21
23 0 U 22
24 1 U 23
25 0 U 24
26 0 U 25
27 0 U 26
28 1 U 27
29 0 U 7
30 0 L 15
31 0 U 30
32 0 L 28
33 1 U 32
34 0 L 2
35 1 U -1
36 0 U 8
37 1 L 14
38 1 L 12
39 1 U 38
40 1 U 25
41 0 U 40
42 0 L 15
43 0 U 42
44 1 U 43
45 0 L 12
46 1 U 45
47 1 U 46
48 1 U 47
49 1 U 35
50 1 U 49
51
0 1 U -1
1 0 L 0
2 1 U 1
3 1 U 1
4 1 U 3
5 1 U 4
6 1 U 2
7 0 U 1
8 1 U 7
9 0 U 8
10 1 U 9
11 0 U 10
12 0 U 11
13 1 U 12
14 0 U -1
15 1 U 14
16 0 L 9
17 0 U 16
18 1 U 17
19 1 U 4
20 1 U 19
21 1 U 0
22 1 L 12
23 0 U 22
24 1 U 23
25 0 U 24
26 0 U 25
27 0 U 26
28 1 U 27
29 0 U 28
30 1 U 29
31 0 U 30
32 0 L 28
33 1 U 32
34 0 L 2
35 1 U -1
36 0 U 8
37 1 L 14
38 1 L 12
39 1 U 38
40 0 U 39
41 0 U 40
42 1 U -1
43 0 U 42
44 1 U 43
45 0 L 12
46 1 U 45
47 1 U 46
48 1 U 47
49 1 U 35
50 1 U 49
51
0 1 L -1
1 0 L 0
2 1 U 1
3 1 U 1
4 1 U 3
5 1 U 4
6 1 U 2
7 0 U 1
8 1 U 7
9 0 U 8
10 1 U 9
11 1 U 0
12 0 U 11
13 1 U 12
14 0 U -1
15 1 U 14
16 0 L 9
17 0 U 16
18 1 U 17
19 1 U 4
20 1 U 19
21 1 L 10
22 1 U 21
23 0 U 22
24 1 U 23
25 0 U 24
26 0 U 25
27 0 U 26
28 1 U 27
29 1 U 17
30 1 U 29
31 0 U 30
32 0 L 28
33 1 U 32
34 0 L 2
35 1 U -1
36 0 U 8
37 1 L 14
38 1 L 12
39 1 U 38
40 0 L 17
41 1 U 30
42 1 U -1
43 0 U 42
44 1 U 41
45 0 L 12
46 1 U 45
47 1 U 46
48 1 U 47
49 1 L 27
50 1 U 49
51
0 1 U -1
1 0 L 0
2 1 U 1
3 1 U 1
4 1 U 3
5 1 U 4
6 1 U 2
7 0 U 1
8 1 U 7
9 0 U 8
10 1 U 9
11 1 U 6
12 0 U 11
13 1 U 12
14 0 U -1
15 1 U 14
16 0 L 9
17 0 U 16
18 1 U 17
19 1 U 4
20 1 U 19
21 1 U 8
22 1 U 21
23 0 U 22
24 1 U 23
25 0 U 24
26 0 U 25
27 0 U 26
28 1 U 27
29 0 U 28
30 1 U 29
31 0 U 30
32 1 U 15
33 1 U 32
34 0 L 2
35 1 U -1
36 0 U 8
37 1 L 14
38 1 L 12
39 0 L 33
40 0 U 39
41 0 U 40
42 1 U -1
43 0 U 42
44 1 U 43
45 0 L 12
46 1 U 45
47 1 L 3
48 1 U 47
49 1 U 35
50 1 U 49
51
0 1 U -1
1 0 L 0
2 1 U 1
3 1 U 1
4 1 U 3
5 1 L -1
6 1 U 2
7 0 U 1
8 1 U 7
9 0 U 8
10 1 U 9
11 0 U 10
12 0 U 11
13 1 U 12
14 0 U -1
15 1 U 14
16 0 L 9
17 0 U 16
18 1 U 17
19 1 U 4
20 1 U 19
21 1 U 0
22 1 U 21
23 0 U 22
24 1 U 23
25 0 U 24
26 0 U 25
27 0 U 26
28 1 U 27
29 0 U 28
30 1 U 29
31 0 U 30
32 1 L 26
33 1 U 32
34 0 U 7
35 1 U -1
36 0 L 6
37 1 L 14
38 1 L 12
39 1 U 38
40 0 U 39
41 0 U 40
42 1 U -1
43 0 U 42
44 1 U 43
45 0 L 12
46 1 U 45
47 1 U 46
48 1 U 47
49 1 U 35
50 1 U 49
51
0 1 U -1
1 0 L 0
2 1 U 1
3 1 U 1
4 1 U 3
5 1 U 4
6 1 U 2
7 0 U 1
8 1 U 7
9 0 U 8
10 1 U 9
11 0 U 10
12 0 U 11
13 1 U 12
14 0 U -1
15 1 L 2
16 0 L 9
17 0 U 16
18 0 U 4
19 1 U 4
20 1 U 19
21 1 U 0
22 1 U 21
23 0 U 22
24 1 U 23
25 0 U 24
26 0 U 0
27 0 U 26
28 1 U 27
29 0 U 28
30 1 U 29
31 0 U 0
32 0 L 28
33 1 U 32
34 0 L 2
35 1 L -1
36 1 U 34
37 1 L 14
38 1 L 12
39 1 U 38
40 0 U 39
41 1 U 25
42 1 U -1
43 0 U 42
44 1 U 43
45 0 L 12
46 1 U 45
47 1 U 46
48 1 U 47
49 1 U 35
50 1 U 49
51
0 1 U -1
1 0 L 0
2 1 U 1
3 1 U 1
4 1 U 3
5 1 U 4
6 1 U 2
7 0 U 1
8 1 U 7
9 0 U 8
10 0 U 2
11 0 U 10
12 0 U 11
13 1 U 12
14 0 L 7
15 1 U 14
16 0 L 9
17 0 U 16
18 1 U 17
19 1 U 4
20 1 U 11
21 1 U 0
22 1 U 21
23 0 U 22
24 1 U 8
25 0 U 24
26 0 U 25
27 0 U 26
28 1 U 27
29 1 U 21
30 1 U 29
31 0 L 15
32 0 L 28
33 1 U 32
34 0 L 2
35 1 U -1
36 0 U 8
37 1 L 14
38 1 L 36
39 1 U 38
40 0 U 39
41 0 U 40
42 1 U -1
43 0 U 16
44 1 U 43
45 0 L 12
46 1 U 45
47 1 U 46
48 0 L 8
49 1 U 35
50 1 L 1
51
0 1 U -1
1 0 L 0
2 1 U 1
3 1 U 1
4 1 U 3
5 1 U 4
6 1 U 2
7 1 U 0
8 1 U 7
9 0 U 8
10 1 U 9
11 1 L 7
12 0 U 11
13 1 U 12
14 0 U -1
15 1 U 14
16 0 L 9
17 0 U 16
18 1 U 17
19 1 U 4
20 1 U 19
21 1 U 0
22 1 U 21
23 0 U 22
24 1 U 23
25 0 U 24
26 0 U 25
27 1 L 24
28 1 L 0
29 0 U 28
30 0 L 6
31 0 U 30
32 0 L 28
33 1 U 32
34 0 L 2
35 1 U -1
36 0 U 8
37 1 L 28
38 1 L 12
39 1 U 38
40 0 U 39
41 0 U 40
42 1 U -1
43 0 U 42
44 1 U 43
45 0 L 12
46 1 U 45
47 1 U 46
48 1 U 47
49 1 U 35
50 1 U 49
51
0 1 U -1
1 0 L 0
2 1 U 1
3 1 U 1
4 1 U 3
5 1 U 4
6 1 U 2
7 0 U 1
8 1 U 7
9 0 U 8
10 1 U 9
11 0 U 10
12 0 U 11
13 1 U 12
14 0 U -1
15 1 U 14
16 0 L 9
17 0 U 16
18 0 U 11
19 1 U 4
20 1 U 19
21 1 U 0
22 1 U 21
23 0 U 22
24 1 U 23
25 0 U 24
26 0 U 25
27 0 U 26
28 1 U 27
29 0 U 28
30 1 U 29
31 0 U 30
32 0 L 28
33 1 U 32
34 0 L 2
35 1 U -1
36 0 U 8
37 1 L 14
38 1 L 12
39 1 U 38
40 0 U 39
41 0 U 40
42 1 U -1
43 0 U 42
44 0 U 39
45 0 U 25
46 1 U 45
47 1 U 46
48 1 U 47
49 1 U 35
50 1 U 49
51
0 1 L -1
1 0 L 0
2 1 U 1
3 1 U 1
4 1 U 3
5 1 U 4
6 1 U 2
7 1 U 4
8 1 U 7
9 0 U 8
10 1 U 9
11 0 U 10
12 0 U 11
13 0 U 10
14 0 L 3
15 1 U 14
16 0 L 9
17 0 U 16
18 1 U 17
19 1 L 1
20 1 U 19
21 1 U 0
22 1 U 21
23 0 U 22
24 1 U 23
25 0 U 24
26 0 U 25
27 0 U 26
28 1 U 27
29 0 U 28
30 1 U 29
31 0 U 30
32 0 L 28
33 1 U 32
34 0 L 2
35 1 U -1
36 0 U 8
37 0 U 21
38 1 L 12
39 1 U 38
40 0 U 39
41 0 U 40
42 1 U 24
43 0 U 42
44 1 U 43
45 0 L 12
46 1 U 45
47 1 L 20
48 1 U 19
49 1 U 35
50 1 U 49
51
0 1 U -1
1 0 L 0
2 0 U 1
3 1 U 1
4 1 U 3
5 1 U 4
6 1 U 2
7 0 U 1
8 1 U 7
9 1 L 2
10 1 U 9
11 0 U 10
12 0 U 11
13 1 U 12
14 0 U -1
15 1 U 11
16 0 L 9
17 0 U 16
18 1 U 17
19 1 U 4
20 1 U 19
21 1 U 0
22 1 U 21
23 0 U 22
24 1 U 23
25 1 U 1
26 0 U 25
27 0 U 26
28 0 U 21
29 0 U 28
30 1 U 29
31 0 U 30
32 0 L 28
33 1 U 32
34 0 L 2
35 1 U -1
36 0 U 8
37 1 L 14
38 1 L 9
39 1 U 38
40 0 U 39
41 0 U 40
42 1 U -1
43 0 U 42
44 1 U 43
45 0 L 12
46 1 U 45
47 1 U 46
48 1 U 47
49 1 U 35
50 1 U 49
51
0 1 U -1
1 0 L 0
2 1 U 1
3 1 U 1
4 0 L 0
5 0 L -1
6 1 U 2
7 1 L 1
8 1 U 7
9 0 U 8
10 1 U 7
11 0 U 10
12 0 U 11
13 1 U 12
14 0 U -1
15 1 U 14
16 0 L 9
17 0 U 16
18 1 U 17
19 1 U 4
20 1 U 19
21 1 U 0
22 1 U 21
23 0 U 22
24 1 U 23
25 0 U 24
26 0 U 25
27 0 U 26
28 1 U 27
29 0 L 21
30 1 U 29
31 0 U 30
32 0 L 28
33 1 L 4
34 0 L 2
35 1 U -1
36 0 U 9
37 1 L 14
38 1 L 12
39 1 U 38
40 0 U 39
41 1 U 29
42 1 U -1
43 0 U 42
44 0 L 12
45 0 L 12
46 1 U 19
47 1 U 46
48 1 L 45
49 1 U 35
50 1 U 49
51
0 1 U -1
1 0 L 0
2 1 U 1
3 1 U 1
4 1 U 3
5 1 U 4
6 1 U 2
7 0 U 1
8 1 U 7
9 0 U 8
10 1 U 9
11 0 U 10
12 0 U 11
13 1 U 12
14 0 U -1
15 1 U 14
16 0 L 9
17 0 U 16
18 0 L 7
19 1 U 4
20 0 U 4
21 0 L 12
22 1 U 21
23 0 U 22
24 1 U 23
25 0 U 24
26 0 U 25
27 0 U 26
28 1 U 27
29 0 U 28
30 1 U 29
31 0 U 30
32 0 L 28
33 1 U 32
34 0 L 2
35 0 U 20
36 0 U 8
37 1 L 14
38 0 U 23
39 1 U 38
40 0 U 39
41 0 U 40
42 1 U -1
43 0 U 42
44 1 U 43
45 0 L 12
46 1 U 45
47 1 U 46
48 1 U 47
49 1 U 35
50 1 U 49
51
0 1 U -1
1 0 L 0
2 1 U 1
3 1 U 1
4 1 U 3
5 1 L -1
6 0 L 2
7 0 U 1
8 1 U 7
9 0 U 8
10 1 U 9
11 0 U 10
12 0 U 11
13 1 U 12
14 0 U -1
15 0 U 8
16 0 L 9
17 0 U 16
18 1 U 17
19 1 U 4
20 1 L 9
21 1 U 0
22 1 U 21
23 0 U 22
24 1 U 23
25 0 U 24
26 0 U 25
27 0 U 26
28 1 U 27
29 0 U 28
30 1 U 24
31 0 U 30
32 0 L 28
33 1 U 32
34 1 U 18
35 1 U -1
36 0 U 8
37 0 L 27
38 1 L 12
39 0 L 19
40 1 U 2
41 0 U 40
42 1 U -1
43 0 U 42
44 0 L 31
45 0 L 12
46 1 U 45
47 1 U 46
48 1 U 47
49 1 U 35
50 1 U 49
51
0 1 U -1
1 0 L 0
2 1 U 1
3 1 U 1
4 0 L 1
5 1 U 4
6 1 U 2
7 0 U 1
8 1 U 7
9 0 U 8
10 1 U 9
11 0 U 10
12 0 U 11
13 1 U 12
14 0 U -1
15 1 U 14
16 0 L 9
17 0 U 16
18 1 U 17
19 1 U 4
20 0 U 10
21 1 U 0
22 1 U 21
23 0 U 22
24 1 U 23
25 1 U 11
26 0 U 25
27 0 U 26
28 1 U 27
29 0 U 28
30 1 U 29
31 0 U 30
32 0 L 28
33 1 U 32
34 0 L 2
35 1 U -1
36 1 L 23
37 1 L 14
38 1 L 12
39 1 U 38
40 0 U 39
41 0 U 40
42 1 U -1
43 0 U 42
44 1 U 43
45 0 L 12
46 1 U 45
47 1 U 46
48 1 U 47
49 0 L 9
50 1 U 49
51
0 1 U -1
1 0 L 0
2 1 U 1
3 1 U 1
4 1 U 3
5 1 U 4
6 1 U 2
7 0 U 1
8 1 U 7
9 0 U 8
10 1 U 9
11 0 L 0
12 0 U 11
13 1 U 1
14 0 U -1
15 1 U 14
16 0 L 9
17 0 U 16
18 1 U 17
19 1 U 4
20 1 U 19
21 1 U 0
22 1 U 21
23 0 U 22
24 1 U 23
25 1 U 5
26 1 L 25
27 0 U 26
28 1 U 27
29 0 U 28
30 1 U 29
31 0 U 30
32 0 L 23
33 1 U 22
34 0 L 2
35 1 U -1
36 0 U 8
37 1 L 14
38 1 L 12
39 1 U 38
40 0 U 39
41 0 U 40
42 1 U -1
43 0 U 42
44 1 U 43
45 1 L 24
46 1 U 45
47 1 U 46
48 1 U 47
49 1 U 35
50 1 U 49
51
0 1 U -1
1 0 L 0
2 1 U 1
3 1 U 1
4 1 U 3
5 1 U 4
6 1 U 2
7 0 U 1
8 1 U 7
9 0 U 8
10 1 U 9
11 0 U 10
12 0 U 11
13 0 L 9
14 0 L 13
15 1 U 14
16 0 L 9
17 0 U 16
18 1 U 17
19 1 U 4
20 1 U 19
21 1 U 0
22 1 U 21
23 0 U 22
24 1 U 23
25 0 U 24
26 0 U 25
27 0 U 26
28 1 U 27
29 0 U 28
30 1 U 29
31 1 U 30
32 0 L 28
33 1 U 32
34 0 L 2
35 1 U -1
36 0 U 8
37 1 L 14
38 1 L 12
39 1 U 38
40 0 U 39
41 0 U 26
42 1 L 33
43 0 U 42
44 1 U 43
45 0 L 28
46 1 U 45
47 1 U 46
48 1 U 47
49 1 U 35
50 1 U 49
51
0 1 U -1
1 0 L 0
2 1 U 1
3 1 U 1
4 1 U 3
5 1 U 4
6 1 U 2
7 0 U 1
8 1 U 7
9 0 U 8
10 1 U 9
11 0 U 10
12 0 U 11
13 1 U 12
14 0 U -1
15 1 U 14
16 0 L 9
17 0 U 16
18 1 U 17
19 1 U 4
20 1 U 19
21 1 U 0
22 1 U 21
23 0 U 22
24 1 U 23
25 0 U 24
26 0 U 25
27 0 U 26
28 1 U 27
29 0 U 28
30 1 U 29
31 0 U 30
32 0 L 28
33 1 U 32
34 0 L 2
35 1 U -1
36 0 U 8
37 1 L 14
38 1 L 12
39 1 U 38
40 0 U 39
41 0 U 40
42 1 U -1
43 0 U 42
44 0 U 26
45 0 L 12
46 1 U 45
47 1 U 46
48 1 U 47
49 1 U 35
50 1 U 49
