30
0 1 U -1
1 1 U 0
2 0 U 1
3 0 U 2
4 0 U 3
5 1 U -1
6 0 U 5
7 1 U 6
8 1 U 7
9 0 U 8
10 0 U -1
11 1 U 10
12 1 U 11
13 1 U 12
14 0 U 13
15 0 U -1
16 1 U 15
17 1 U 16
18 0 U 17
19 0 U 18
20 1 U -1
21 0 U 20
22 0 U 21
23 0 U 22
24 1 U 23
25 1 U -1
26 1 U 25
27 0 U 26
28 1 U 27
29 1 U 28
30
0 1 U -1
1 1 U 0
2 0 U 1
3 0 U 2
4 0 U 3
5 0 U 2
6 0 U 5
7 1 U 6
8 1 U 7
9 0 U 8
10 0 U -1
11 1 U 10
12 1 U 11
13 1 U 12
14 0 U 13
15 0 U -1
16 1 U 15
17 0 U 12
18 0 U 17
19 0 U 18
20 1 U -1
21 0 U 20
22 0 U 21
23 0 U 22
24 1 U 23
25 1 L 12
26 1 U 25
27 0 U 26
28 1 U 27
29 1 U 28
30
0 1 U -1
1 1 U 0
2 0 U 1
3 0 U 2
4 0 U 3
5 1 U -1
6 0 U 5
7 1 U 6
8 1 U 7
9 0 U 8
10 0 U -1
11 1 U 10
12 1 U 11
13 1 U 12
14 0 U 13
15 0 U -1
16 1 U 15
17 1 U 16
18 0 U 17
19 0 U 18
20 1 U -1
21 0 U 20
22 0 U 21
23 0 U 22
24 1 U 23
25 1 U -1
26 0 L 8
27 0 U 26
28 1 L 0
29 1 U 28
30
0 0 L -1
1 1 U 0
2 0 U 1
3 0 U 2
4 0 U 3
5 1 U -1
6 0 U 5
7 1 U 6
8 1 U 7
9 0 U 8
10 0 U -1
11 1 L 5
12 1 U 11
13 1 U 12
14 0 U 13
15 0 L -1
16 1 U 15
17 1 U 16
18 1 L 17
19 0 U 18
20 1 U -1
21 0 U 20
22 0 U 21
23 0 U 22
24 1 U 23
25 1 L 20
26 1 U 25
27 0 U 26
28 1 U 27
29 1 U 28
30
0 1 U -1
1 1 U 0
2 0 U 1
3 0 U 2
4 0 U 3
5 1 U -1
6 0 U 5
7 0 L 1
8 1 U 7
9 0 U 8
10 0 U -1
11 1 U 10
12 1 U 11
13 1 U 12
14 1 L -1
15 0 U -1
16 0 U 15
17 0 U 4
18 0 U 17
19 0 U 18
20 1 U -1
21 0 U 20
22 0 U 21
23 0 U 22
24 1 U 23
25 0 L 3
26 1 U 25
27 0 U 26
28 1 U 27
29 1 U 28
30
0 1 L -1
1 1 U 0
2 0 U 1
3 0 U 2
4 0 L -1
5 1 U -1
6 0 U 5
7 1 U 6
8 1 U 7
9 0 U 8
10 0 U -1
11 1 U 10
12 1 U 11
13 1 U 12
14 0 U 13
15 0 U -1
16 1 U 15
17 1 U 16
18 0 U 17
19 1 L 15
20 1 U -1
21 0 U 20
22 0 U 21
23 0 U 22
24 1 U 23
25 1 U -1
26 1 U 25
27 0 U 26
28 1 U 27
29 1 U 28
30
0 1 U -1
1 0 U -1
2 0 U 1
3 0 U 2
4 0 U 3
5 1 U -1
6 0 U 5
7 1 U 6
8 1 L 5
9 0 U 8
10 0 U -1
11 1 U 10
12 1 U 11
13 1 U 12
14 0 U 13
15 0 U -1
16 1 U 15
17 1 U 16
18 0 U 17
19 1 L 18
20 1 U -1
21 0 U 20
22 0 U 21
23 0 L 1
24 1 U 23
25 1 U -1
26 1 U 25
27 0 U 26
28 1 L 5
29 1 U 28
30
0 1 U -1
1 1 U 0
2 0 U 1
3 0 U 1
4 0 U 3
5 1 U -1
6 0 U 5
7 1 U 6
8 1 U 7
9 0 U 8
10 0 U -1
11 1 U 10
12 1 U 11
13 1 U 12
14 0 U 13
15 0 U -1
16 1 U 15
17 1 U 16
18 0 U 17
19 0 U 18
20 1 U -1
21 0 U 20
22 0 U 21
23 0 U 22
24 1 U 23
25 1 U -1
26 1 U 25
27 0 U 26
28 1 U 27
29 1 U 28
30
0 1 U -1
1 1 U 0
2 0 U 1
3 0 U 2
4 0 U 3
5 1 U -1
6 0 U 5
7 1 U 6
8 1 U 7
9 0 U -1
10 0 U -1
11 1 U 10
12 1 U 11
13 1 L -1
14 0 U 13
15 1 L 1
16 1 U 15
17 1 U 16
18 1 U 6
19 0 U 18
20 1 U -1
21 0 U 20
22 0 U 21
23 0 U 22
24 1 U 23
25 1 U -1
26 1 U 25
27 0 U 26
28 1 U 27
29 1 U 28
30
0 1 U -1
1 0 U 0
2 0 U 0
3 0 U 2
4 0 U 3
5 1 U -1
6 0 U 5
7 1 U 6
8 1 U 7
9 0 U 8
10 0 U -1
11 1 U 10
12 1 U 11
13 1 U 12
14 0 U 13
15 0 U -1
16 1 U 15
17 0 U 10
18 0 U 17
19 0 U 18
20 1 L 12
21 0 U 20
22 0 U 21
23 0 U 22
24 1 U 23
25 1 U 10
26 1 U 25
27 0 U 26
28 1 U 27
29 1 U 28
30
0 1 U -1
1 0 U 0
2 0 U 0
3 0 U 2
4 0 U -1
5 1 U -1
6 0 U 5
7 1 U 6
8 1 U 7
9 0 U 8
10 0 U 4
11 1 U 10
12 1 U 11
13 1 U 12
14 0 U 13
15 1 U 5
16 1 U 15
17 0 U 10
18 0 U 17
19 0 U 18
20 1 L 12
21 0 U 20
22 0 U 21
23 0 U 22
24 1 U 23
25 1 U 10
26 1 U 25
27 0 U 26
28 1 U 27
29 1 U 28
30
0 1 U -1
1 0 U 0
2 0 U 0
3 0 U 2
4 0 U 3
5 1 L 2
6 0 U 5
7 1 U 6
8 1 U 7
9 0 U 8
10 0 U -1
11 1 U 10
12 1 U 11
13 1 U 12
14 0 U 13
15 0 U -1
16 1 U 15
17 0 U 10
18 0 U 17
19 0 U 18
20 1 L 10
21 0 U 20
22 0 U 21
23 0 U 22
24 1 U 23
25 1 U 10
26 1 U 25
27 0 U 26
28 1 U 27
29 1 U 28
30
0 1 U -1
1 0 L -1
2 1 L 1
3 0 U 2
4 1 L 0
5 1 U -1
6 0 U 5
7 1 U 6
8 1 U 7
9 0 U 8
10 1 U 8
11 1 U 10
12 1 U 11
13 1 U 12
14 0 U 13
15 0 U 1
16 0 U 13
17 0 L 1
18 0 L 15
19 0 U 18
20 1 L 12
21 0 U 20
22 0 L 17
23 0 U 22
24 1 U 23
25 0 L 19
26 1 U 25
27 0 U 26
28 1 U 27
29 1 U 28
30
0 1 U -1
1 0 U 0
2 0 U 0
3 0 U 2
4 0 U 3
5 1 U -1
6 0 U 5
7 1 U 6
8 1 U 7
9 0 U 8
10 0 U -1
11 1 U 10
12 1 U 11
13 1 L 0
14 0 U 13
15 0 U -1
16 1 U 15
17 1 U 2
18 0 U 17
19 0 U 18
20 1 L 12
21 0 U 20
22 0 U 21
23 0 U 22
24 1 U 23
25 1 U 10
26 1 L 20
27 0 U 26
28 1 U 27
29 1 U 28
30
0 1 U -1
1 0 U 0
2 0 U 0
3 0 U 2
4 0 U 3
5 1 U -1
6 0 U 5
7 1 U 6
8 1 U 7
9 0 U 8
10 0 U -1
11 1 U 10
12 1 U 11
13 0 U 3
14 0 U 13
15 0 U -1
16 1 U 15
17 0 U 10
18 0 U 17
19 0 U 18
20 1 L 12
21 0 U 20
22 0 U 21
23 0 U 22
24 0 L 17
25 1 U 10
26 1 U 25
27 0 U 26
28 1 U 27
29 1 U 28
30
0 1 U -1
1 0 U 0
2 0 U 0
3 0 U 2
4 1 L 3
5 1 U -1
6 1 L 1
7 1 U 6
8 1 U 7
9 0 U 8
10 0 U -1
11 1 U 10
12 1 U 11
13 1 U 12
14 0 L 13
15 0 U -1
16 1 U 15
17 0 U 10
18 0 U 17
19 0 U 18
20 1 L 12
21 0 U 20
22 0 U 21
23 0 U 22
24 1 U 23
25 1 U 10
26 1 U 25
27 0 U 26
28 1 U 27
29 1 U 28
30
0 1 U -1
1 0 U -1
2 0 U 0
3 0 U 2
4 0 U 3
5 1 U -1
6 0 U 5
7 1 U 6
8 1 U 7
9 0 U 8
10 0 U -1
11 1 U 10
12 1 U 11
13 1 U 12
14 0 U 13
15 0 U -1
16 1 L 7
17 0 U 10
18 0 U 17
19 0 U 18
20 1 L 12
21 0 U 20
22 1 U 10
23 0 U 22
24 1 U 23
25 1 U 10
26 1 U 25
27 0 U 26
28 1 U 27
29 1 U 28
30
0 1 U -1
1 0 U 0
2 0 U 0
3 0 U 2
4 0 U 3
5 1 U -1
6 0 U 5
7 1 U 6
8 1 U 7
9 0 U 8
10 0 U -1
11 1 U 10
12 1 U 11
13 1 U 12
14 0 U 13
15 0 U -1
16 1 U 15
17 0 U 10
18 0 U 17
19 0 L 3
20 1 L 12
21 0 U 20
22 0 U 21
23 0 U 22
24 1 U 23
25 1 U 10
26 1 U 25
27 0 U 26
28 1 U 27
29 1 U 28
30
0 1 U -1
1 0 U 0
2 0 U 0
3 0 U 2
4 0 U 3
5 1 U -1
6 0 U 5
7 1 U 5
8 1 U 7
9 0 U 8
10 0 U -1
11 1 U 5
12 1 U 11
13 1 U 12
14 0 U 13
15 1 L 4
16 1 U 15
17 0 U 10
18 0 U 17
19 0 U 18
20 1 L 12
21 0 U 20
22 1 L 21
23 0 U 22
24 1 U 23
25 1 U 10
26 1 U 25
27 0 U 26
28 1 U 27
29 1 U 28
30
0 1 U -1
1 0 U 0
2 0 U 0
3 0 U 2
4 0 U 3
5 1 U -1
6 0 U 5
7 1 U 6
8 1 U 7
9 0 U 8
10 0 L 3
11 1 U 10
12 1 U 11
13 1 U 12
14 0 U 4
15 0 U -1
16 1 U 15
17 0 U 10
18 0 U 17
19 0 U 18
20 1 L 12
21 0 U 20
22 0 U 21
23 0 U 22
24 1 U 23
25 0 U 3
26 1 U 25
27 0 U 26
28 1 L 27
29 1 U 28
30
0 1 U -1
1 0 U 0
2 0 U 0
3 0 U 2
4 0 U 3
5 1 U -1
6 0 U 5
7 1 U 6
8 1 U 7
9 0 U 8
10 0 U -1
11 1 U 10
12 1 U 11
13 1 U 12
14 0 U 13
15 0 U -1
16 1 U 15
17 0 U 10
18 0 U 17
19 0 U 18
20 1 L 12
21 0 U 20
22 0 U 10
23 0 U 22
24 1 U 23
25 1 U 10
26 1 U 25
27 0 L 18
28 1 U 27
29 1 U 28
30
0 1 U -1
1 0 U 0
2 0 U 0
3 0 U 2
4 0 U 3
5 1 U -1
6 0 U 5
7 1 U 6
8 1 U 7
9 0 U 8
10 0 U -1
11 1 U 10
12 0 U 2
13 1 U 12
14 0 U 13
15 0 U -1
16 1 U 15
17 0 U 10
18 0 U 17
19 0 U 18
20 1 U 8
21 0 U 20
22 0 U 21
23 0 U 22
24 0 U 15
25 1 U 10
26 0 L 9
27 0 U 26
28 1 U 27
29 1 U 28
30
0 1 U -1
1 0 U 0
2 1 L 0
3 0 U 2
4 0 U 3
5 1 U -1
6 0 U 5
7 0 L 5
8 1 U 7
9 0 U 8
10 0 U -1
11 0 L 0
12 1 U 11
13 1 U 12
14 0 U 13
15 0 U -1
16 1 U 1
17 0 U 10
18 0 U 12
19 0 U 18
20 1 L 12
21 0 U 20
22 0 U 21
23 0 U 22
24 1 U 23
25 1 U 10
26 1 U 25
27 0 U 13
28 1 U 27
29 1 U 28
30
0 1 U -1
1 0 U 0
2 0 U 0
3 0 U 2
4 0 U 3
5 1 U -1
6 0 U 5
7 1 L -1
8 1 U 7
9 0 U 8
10 0 U -1
11 1 U 10
12 1 U 11
13 1 U 12
14 0 U 13
15 0 U -1
16 1 U 15
17 0 U 10
18 0 U 17
19 0 U 18
20 1 L 12
21 0 U 20
22 0 U 21
23 0 U 22
24 1 U 23
25 1 U 10
26 1 U 25
27 0 U 26
28 1 U 27
29 1 U 28
30
0 1 U -1
1 0 U 0
2 1 U 0
3 0 U 2
4 0 U 3
5 1 U -1
6 0 U 5
7 1 U 6
8 1 U 7
9 0 U 8
10 0 U -1
11 1 U 10
12 1 U 11
13 1 U 12
14 0 U 13
15 0 U -1
16 1 U 15
17 0 U 10
18 0 U 17
19 0 U 18
20 0 U -1
21 0 U 20
22 0 U 21
23 0 U 22
24 0 U 10
25 1 U 10
26 1 U 25
27 0 U 26
28 1 U 27
29 1 U 28
30
0 1 U -1
1 0 U 0
2 0 U 0
3 0 U 2
4 0 U 3
5 1 U -1
6 0 U 5
7 1 U 6
8 1 U 7
9 0 U 8
10 0 U -1
11 1 U 10
12 1 U 11
13 1 U 12
14 0 U 13
15 0 U -1
16 1 U 15
17 0 U 10
18 0 U 17
19 1 L 1
20 1 L 12
21 0 U 20
22 0 U 21
23 0 U 22
24 1 U 23
25 1 U 1
26 1 U 25
27 0 U 26
28 1 U 27
29 1 U 28
30
0 1 U -1
1 0 U 0
2 0 U 0
3 0 U 2
4 0 U 3
5 1 U -1
6 0 U 5
7 1 U 6
8 1 U 7
9 0 U 8
10 0 U -1
11 1 U 10
12 1 U 11
13 1 U 12
14 0 U 13
15 0 U -1
16 1 U 15
17 0 U 10
18 0 U 17
19 0 U 18
20 1 L 12
21 0 L 16
22 0 U 21
23 0 U 22
24 1 U 14
25 1 U 10
26 1 U 25
27 1 L 19
28 1 U 27
29 1 U 28
30
0 1 U -1
1 0 U -1
2 0 U 0
3 1 U 2
4 0 U 3
5 1 U -1
6 0 U 5
7 1 U 6
8 1 U 7
9 0 U 8
10 0 U -1
11 1 U 10
12 1 U 11
13 1 U 12
14 0 U 13
15 0 U -1
16 1 U 15
17 0 U 10
18 0 U 17
19 0 U 18
20 1 L 12
21 0 U 20
22 0 U 21
23 1 U 9
24 1 U 23
25 1 U 10
26 1 U 25
27 0 U 26
28 1 U 27
29 1 U 28
30
0 1 U -1
1 0 U -1
2 0 U 0
3 1 U 2
4 0 U 3
5 1 U -1
6 0 U 5
7 1 U 6
8 1 U 7
9 0 U 8
10 0 U -1
11 1 U 10
12 1 U 11
13 1 U 12
14 0 U 13
15 0 L 9
16 1 U 15
17 0 U 10
18 0 U 17
19 0 U 18
20 1 L 12
21 0 U 20
22 0 U 21
23 1 U 9
24 1 U 23
25 1 U 10
26 1 U 25
27 1 L 9
28 1 U 27
29 1 U 28
30
0 1 U -1
1 0 U -1
2 0 U 0
3 1 U 2
4 0 U 3
5 1 U -1
6 0 U 5
7 1 U 6
8 1 U 7
9 0 U 8
10 0 U -1
11 1 U 10
12 1 U 11
13 1 L 10
14 0 U 13
15 0 U -1
16 1 U 15
17 0 U 10
18 0 U 17
19 0 U 18
20 1 L 12
21 1 U 5
22 0 U 21
23 1 U 9
24 1 U 23
25 1 U 10
26 1 L 1
27 0 U 23
28 1 U 27
29 1 U 28
30
0 1 U -1
1 0 L -1
2 0 U 1
3 1 U 2
4 0 U 3
5 1 U -1
6 0 U 5
7 1 U 6
8 1 U 7
9 0 U 8
10 0 U -1
11 1 U -1
12 1 U 11
13 1 U 12
14 0 U 13
15 0 U -1
16 1 U 15
17 0 U 10
18 0 U 17
19 0 U 18
20 1 L 12
21 1 U 18
22 0 U 21
23 1 U 9
24 1 U 23
25 1 U 10
26 1 U 25
27 0 U 26
28 1 U 27
29 1 U 28
30
0 1 U -1
1 0 U -1
2 0 U 0
3 1 U 2
4 0 U 3
5 1 U -1
6 0 U 5
7 1 U 6
8 1 U 7
9 1 U 0
10 0 U -1
11 1 U 10
12 1 U 11
13 0 U 2
14 1 L 7
15 0 U -1
16 1 U 3
17 1 U 13
18 0 U 17
19 0 U 18
20 1 L 12
21 0 U 20
22 0 L 9
23 1 U 9
24 1 U 23
25 1 U 10
26 1 U 25
27 0 U 26
28 1 U 27
29 0 U 1
30
0 1 U -1
1 0 U -1
2 0 U 0
3 1 U 2
4 0 L -1
5 1 U -1
6 0 U 5
7 1 U 6
8 1 U 7
9 0 U 8
10 0 U -1
11 1 U 10
12 1 U 11
13 1 U 12
14 0 U 13
15 0 U -1
16 1 U 15
17 0 U 10
18 0 U 17
19 0 U 18
20 1 L 12
21 0 U 20
22 0 U 21
23 0 L 3
24 1 U 23
25 1 U 10
26 1 U 25
27 0 U 26
28 1 L 4
29 1 U 28
30
0 1 U -1
1 0 U -1
2 0 L -1
3 1 U 2
4 1 L -1
5 1 U -1
6 0 U 5
7 0 U 2
8 1 U 7
9 0 U 8
10 0 U -1
11 1 U 10
12 1 U 11
13 1 U 12
14 0 U 13
15 0 U -1
16 0 U 1
17 0 U 10
18 0 U 17
19 0 U 18
20 1 L 12
21 0 U 20
22 0 U 21
23 1 U 9
24 1 U 14
25 1 U 10
26 1 U 25
27 0 U 26
28 1 U 27
29 1 U 28
30
0 1 U -1
1 1 L -1
2 0 U 0
3 1 L -1
4 0 U 3
5 1 U -1
6 0 U 5
7 1 L 4
8 1 U 7
9 0 U 8
10 0 U -1
11 1 U 10
12 0 U 7
13 1 U 12
14 0 U 13
15 0 U -1
16 1 U 15
17 0 U 10
18 0 U 17
19 0 U 18
20 1 L 12
21 0 U 20
22 1 L 14
23 1 U 18
24 1 U 23
25 1 U 10
26 1 U 25
27 0 U 26
28 1 U 27
29 1 U 28
30
0 1 U -1
1 0 U -1
2 0 U 0
3 1 U 2
4 0 U 3
5 1 U -1
6 0 U 5
7 1 U 6
8 1 U 7
9 0 U 8
10 0 U -1
11 1 U 10
12 1 U 0
13 1 U 12
14 0 U 13
15 0 U -1
16 1 U 15
17 0 U 10
18 0 U 17
19 0 U 18
20 1 L 12
21 0 U 20
22 0 U 21
23 1 U 9
24 1 U 23
25 1 U 10
26 1 U 25
27 0 U 26
28 1 U 27
29 1 U 28
30
0 1 U -1
1 0 U -1
2 0 U 0
3 1 U 2
4 0 U 3
5 1 U -1
6 0 U 5
7 1 U 6
8 1 U 7
9 0 U 8
10 1 U 9
11 1 U 10
12 0 U 8
13 1 U 12
14 0 U 13
15 0 U -1
16 1 U 15
17 0 U 10
18 0 U 17
19 0 U 18
20 1 L 12
21 0 U 20
22 0 U 21
23 1 U 9
24 1 U 23
25 1 U 10
26 1 U 25
27 0 U 26
28 1 U 27
29 1 U 28
30
0 1 U -1
1 0 U -1
2 0 U 0
3 1 U 2
4 0 U 3
5 1 U -1
6 0 U 5
7 1 U 6
8 1 U 7
9 0 U 8
10 0 U -1
11 1 U 10
12 1 U 11
13 1 U 12
14 0 L 3
15 0 U -1
16 1 U 15
17 0 U 10
18 1 L 14
19 0 U 18
20 1 L 12
21 0 U 20
22 0 U 21
23 1 U 9
24 1 U 23
25 1 U 10
26 1 U 25
27 0 U 26
28 1 U 27
29 1 U 28
30
0 1 U -1
1 0 U -1
2 0 U 0
3 1 U 2
4 0 U 3
5 1 U -1
6 0 U 5
7 1 U 6
8 1 U 7
9 0 U 8
10 0 U -1
11 1 U 10
12 1 U 11
13 1 U 12
14 0 U 13
15 0 U -1
16 1 U 15
17 0 U 10
18 0 U 17
19 0 U 18
20 1 L 12
21 0 U 20
22 0 L 11
23 1 U 9
24 1 U 23
25 1 U 10
26 1 U 25
27 0 U 26
28 1 U 11
29 1 U 28
30
0 1 U -1
1 0 U -1
2 0 U 0
3 1 U 2
4 0 U 3
5 1 U -1
6 0 U 5
7 1 U 6
8 1 U 7
9 0 U 8
10 0 U -1
11 1 U 10
12 1 U 11
13 1 U 12
14 0 U 13
15 0 U -1
16 1 L 2
17 0 U 10
18 0 U 17
19 0 U 18
20 1 U 8
21 0 U 20
22 0 L 4
23 1 U 9
24 1 U 23
25 1 U 10
26 1 U 25
27 0 U 26
28 1 U 27
29 1 L 11
30
0 1 U -1
1 0 U -1
2 0 U 0
3 1 U 2
4 0 U 3
5 1 U -1
6 0 U 5
7 1 U 6
8 1 U 7
9 0 U 8
10 0 L 1
11 1 U 10
12 1 U 11
13 1 U 12
14 0 U 13
15 0 U -1
16 1 U 15
17 0 U 10
18 0 U 17
19 0 U 18
20 1 L 8
21 0 U 20
22 0 U 21
23 1 U 9
24 1 U 23
25 1 U 10
26 1 U 25
27 0 L -1
28 1 U 27
29 1 U 28
30
0 1 U -1
1 0 U -1
2 0 U 0
3 1 U 2
4 0 U 3
5 1 U -1
6 0 U 5
7 1 U 6
8 1 U 6
9 0 U 8
10 0 L 0
11 1 U 10
12 1 U 11
13 1 U 12
14 0 U 13
15 0 U -1
16 1 U 15
17 0 U 10
18 0 U 17
19 0 U 18
20 1 L 12
21 0 U 20
22 0 U 21
23 1 U 9
24 1 U 23
25 1 U 19
26 1 U 25
27 0 U 26
28 1 U 27
29 1 U 28
30
0 1 U -1
1 0 U -1
2 0 U 0
3 1 U 2
4 0 U 3
5 1 U -1
6 0 U 5
7 1 U 6
8 1 U 7
9 0 U 8
10 0 U -1
11 1 L 9
12 1 U 11
13 1 U 12
14 0 U 13
15 0 U -1
16 1 U 15
17 0 U 10
18 0 U 17
19 0 L 15
20 1 L 12
21 0 U 20
22 0 U 21
23 1 U 9
24 1 U 23
25 1 U 10
26 1 U 25
27 0 U 26
28 1 U 27
29 1 U 28
30
0 1 U -1
1 0 U -1
2 0 U 0
3 1 U 2
4 0 U 3
5 1 U -1
6 0 U 5
7 1 U 6
8 1 U 7
9 0 L 5
10 0 U -1
11 0 U 7
12 1 U 11
13 1 U 2
14 0 U 13
15 0 U -1
16 1 U 15
17 0 U 10
18 0 U 17
19 0 U 18
20 1 L 12
21 0 U 20
22 0 U 21
23 1 U 9
24 1 U 23
25 1 U 10
26 1 U 25
27 0 U 26
28 1 L 13
29 1 U 28
30
0 1 U -1
1 0 U -1
2 0 U 0
3 1 U 2
4 0 U 3
5 1 U -1
6 1 U 4
7 1 U 6
8 1 U 7
9 0 U 8
10 0 U -1
11 1 U 10
12 1 U 11
13 1 U 12
14 0 U 13
15 0 U -1
16 1 L 10
17 0 U 10
18 0 U 17
19 0 U 18
20 1 L 12
21 0 U 20
22 0 U 21
23 1 U 9
24 1 U 23
25 1 U 10
26 1 U 25
27 0 U 26
28 1 U 27
29 1 U 28
30
0 1 L -1
1 0 U 0
2 0 U 0
3 1 U 2
4 1 U 3
5 1 U -1
6 0 U 5
7 1 U 6
8 1 U 7
9 0 U 8
10 0 U -1
11 1 U 10
12 1 U 11
13 1 U 12
14 0 U 13
15 1 U 7
16 1 U 15
17 0 U 10
18 1 U 17
19 0 U 18
20 0 U 10
21 0 U 20
22 0 U 21
23 1 U 9
24 1 U 23
25 1 U 10
26 1 U 25
27 0 U 26
28 1 U 27
29 1 U 28
30
0 1 U -1
1 0 U -1
2 0 U 0
3 1 U 2
4 0 U 3
5 1 U -1
6 0 U 5
7 1 U 6
8 1 U 7
9 0 U 8
10 0 U -1
11 1 U 10
12 1 U 11
13 1 U 12
14 0 U 13
15 0 U -1
16 1 U 15
17 0 U 10
18 0 U 17
19 0 U 18
20 1 L 12
21 0 U 20
22 0 U 21
23 1 U 9
24 1 U 23
25 1 U 10
26 1 U 25
27 0 U 26
28 1 U 27
29 1 U 28
30
0 1 U -1
1 0 U -1
2 0 U 0
3 1 U 2
4 0 U 3
5 1 U -1
6 0 U 5
7 0 L 3
8 1 U 7
9 0 U 8
10 0 U -1
11 1 U 10
12 0 L -1
13 1 U 12
14 0 U 13
15 0 U -1
16 1 U 15
17 0 U 10
18 0 U 17
19 0 U 18
20 1 L 12
21 0 U 20
22 0 U 21
23 1 U 9
24 1 L 4
25 1 U 10
26 1 U 25
27 0 U 26
28 1 U 27
29 1 U 28
30
0 1 U -1
1 0 U -1
2 0 U 0
3 1 U 2
4 0 U 3
5 1 U -1
6 0 U 5
7 1 U 6
8 1 U 7
9 0 U 8
10 0 U -1
11 1 U 10
12 1 U 11
13 1 U 12
14 0 U 13
15 0 U -1
16 1 U 15
17 0 U 10
18 1 U 1
19 0 U 18
20 1 L 12
21 1 U 14
22 0 U 21
23 1 U 9
24 1 U 23
25 1 U 10
26 1 U 25
27 0 U 26
28 1 U 27
29 1 U 28
30
0 1 U -1
1 0 U -1
2 0 U 0
3 1 U 2
4 0 U 3
5 1 U -1
6 0 L 4
7 1 U 6
8 1 U 7
9 0 U 8
10 0 U -1
11 1 U 10
12 1 U 11
13 1 U 12
14 0 U 13
15 0 U -1
16 0 U 14
17 0 U 10
18 0 U 17
19 0 U 18
20 1 L 12
21 0 U 20
22 0 U 21
23 1 U 9
24 1 U 23
25 1 U 10
26 1 U 25
27 0 U 26
28 1 U 27
29 1 U 28
30
0 1 U -1
1 0 U -1
2 0 U 0
3 1 U 2
4 0 U 3
5 1 U -1
6 0 U 5
7 1 U 6
8 1 U 7
9 0 U 8
10 0 U -1
11 1 U 10
12 1 U 11
13 1 U 12
14 0 U 13
15 0 U -1
16 1 U 15
17 0 U 10
18 0 U 17
19 0 U 18
20 1 L 12
21 0 U 20
22 0 U 21
23 1 U 6
24 1 U 23
25 1 U 10
26 1 U 25
27 0 U 26
28 1 U 27
29 1 U 28
30
0 1 U -1
1 0 U -1
2 0 U 0
3 1 U 2
4 0 U 3
5 1 U -1
6 0 U 5
7 1 U 6
8 1 U 7
9 0 U 8
10 0 U -1
11 1 U 10
12 1 U 11
13 1 U 12
14 0 U 13
15 0 U -1
16 1 U 15
17 0 U 10
18 0 U 17
19 0 U 18
20 1 L 12
21 0 U 20
22 0 U 21
23 1 U 9
24 1 U 23
25 1 U 10
26 1 U 25
27 0 U 26
28 1 U 27
29 1 U 28
30
0 1 U -1
1 0 U -1
2 0 U 0
3 1 U 2
4 0 U 3
5 1 U -1
6 0 U 5
7 1 U 6
8 1 L 4
9 0 U 8
10 0 U -1
11 1 U 10
12 1 U 11
13 1 U 12
14 0 U 13
15 0 U -1
16 1 U 15
17 0 U 10
18 0 U 17
19 0 U 18
20 1 L 12
21 0 U 20
22 0 U 21
23 1 U 9
24 1 U 23
25 1 U 10
26 1 U 25
27 0 U 26
28 1 U 27
29 1 U 28
30
0 1 U -1
1 0 U -1
2 0 U 0
3 1 U 2
4 0 U 3
5 1 U -1
6 0 U 5
7 1 U 6
8 1 U 7
9 0 U 8
10 0 U -1
11 0 U 2
12 1 U 11
13 1 U 12
14 0 U 13
15 0 U -1
16 1 U 15
17 0 U 10
18 0 U 17
19 0 U 18
20 1 L 12
21 0 U 20
22 0 U 21
23 1 U 9
24 1 U 23
25 0 U 20
26 1 U 25
27 0 U 26
28 1 U 27
29 1 U 28
30
0 1 U -1
1 0 U -1
2 0 L 1
3 1 U 1
4 0 U 3
5 1 U -1
6 0 U 5
7 1 U 6
8 1 U 2
9 0 U 8
10 0 U -1
11 1 U 10
12 1 U 11
13 1 U 12
14 0 U 13
15 0 U -1
16 1 L 8
17 0 U 10
18 0 U 17
19 0 U 18
20 1 L 12
21 0 U 20
22 0 L 16
23 1 U 9
24 1 U 23
25 1 U 10
26 1 U 25
27 0 U 26
28 1 U 27
29 1 U 28
30
0 1 U -1
1 0 U -1
2 0 U 0
3 1 U 2
4 0 U 3
5 1 U -1
6 0 U 0
7 1 U 6
8 1 U 7
9 0 U 8
10 0 U -1
11 0 L 4
12 1 U 11
13 1 U 12
14 0 U 13
15 0 U -1
16 1 U 15
17 0 U 10
18 0 U 17
19 0 U 18
20 1 L 12
21 1 L 5
22 0 L 13
23 1 U 9
24 1 U 23
25 0 U 11
26 1 U 25
27 0 U 26
28 1 U 27
29 1 U 28
30
0 1 U -1
1 0 U -1
2 0 U 0
3 1 U 2
4 0 U 3
5 1 U -1
6 0 U 5
7 1 U 6
8 1 U 7
9 0 U 8
10 0 U -1
11 1 U 10
12 1 U 11
13 1 U 12
14 0 U 13
15 0 U -1
16 1 U 15
17 0 L 13
18 0 U 17
19 0 U 18
20 1 L 12
21 1 U -1
22 1 L 15
23 1 U 9
24 1 U 23
25 1 L 16
26 1 U 25
27 0 U 26
28 1 U 27
29 1 U 28
30
0 1 U -1
1 0 U -1
2 0 U 0
3 1 U 2
4 0 U 3
5 1 U -1
6 1 L 0
7 1 U 6
8 1 U 7
9 0 U 8
10 1 L 5
11 1 U 10
12 1 U 11
13 1 U 11
14 0 U 13
15 0 U -1
16 1 U 15
17 0 U 10
18 0 U 17
19 0 U 18
20 1 L 12
21 0 U 20
22 0 U 21
23 1 U 9
24 1 U 23
25 1 U 10
26 1 U 25
27 0 U 26
28 1 U 27
29 1 U 28
30
0 1 U -1
1 0 U -1
2 0 U 0
3 1 U 2
4 0 U 3
5 1 U -1
6 0 U 5
7 1 U 6
8 1 U 7
9 0 U 8
10 0 U -1
11 1 U 10
12 1 U 7
13 1 U 12
14 0 U 13
15 0 U -1
16 1 U 15
17 0 U 10
18 0 U 17
19 0 U 18
20 1 L 12
21 0 U 20
22 0 U 21
23 1 U 9
24 1 U 23
25 1 U 10
26 1 U 25
27 0 U 26
28 1 L 27
29 1 U 28
30
0 1 U -1
1 1 L -1
2 1 L 0
3 1 U 2
4 0 U 3
5 1 U -1
6 0 U 5
7 1 U 6
8 1 U 7
9 0 U 8
10 0 U -1
11 1 U 10
12 1 U 11
13 1 U 12
14 0 U 13
15 0 L 2
16 1 U 15
17 0 U 10
18 0 U 17
19 0 U 18
20 1 L 12
21 0 U 12
22 0 U 21
23 1 U 9
24 1 U 23
25 1 U 10
26 1 U 25
27 0 U 26
28 1 U 27
29 1 U 28
