36
0 1 U -1
1 1 U 0
2 0 U 1
3 0 U 2
4 0 U 3
5 0 U 4
6 1 U -1
7 0 U 6
8 1 U 7
9 1 U 8
10 1 U 9
11 1 U 10
12 1 U -1
13 0 U 12
14 1 U 13
15 0 U 14
16 0 U 15
17 0 U 16
18 0 U -1
19 1 U 18
20 1 U 19
21 1 U 20
22 0 U 21
23 0 U 22
24 0 U -1
25 1 U 24
26 0 U 25
27 0 U 26
28 0 U 27
29 1 U 28
30 0 U -1
31 0 U 30
32 0 U 31
33 0 U 32
34 0 U 33
35 0 U 34
36
0 0 U -1
1 1 U 0
2 0 U 1
3 0 U 2
4 0 U 3
5 0 U 4
6 1 U -1
7 0 U 6
8 1 U 7
9 1 U 8
10 1 U 9
11 1 U 10
12 1 U -1
13 0 U 12
14 1 U 13
15 0 U 14
16 0 U 15
17 0 U 16
18 0 U -1
19 1 U 18
20 0 U 5
21 1 U 20
22 0 U 21
23 0 U 22
24 0 U -1
25 1 U 9
26 0 U 25
27 0 U 26
28 0 U 27
29 1 U 28
30 0 U -1
31 0 U 30
32 1 L 26
33 1 U 5
34 0 U 33
35 0 U 34
36
0 1 U -1
1 1 U 0
2 0 U 1
3 0 U 2
4 0 U 3
5 0 U -1
6 1 U 3
7 0 U 6
8 1 U 7
9 1 U 8
10 1 U 9
11 1 U 10
12 1 L 6
13 0 U 12
14 1 U 13
15 0 U 14
16 0 U 15
17 0 U 16
18 0 U 9
19 1 U 18
20 1 U 19
21 1 U 20
22 0 U 21
23 0 U 22
24 0 U -1
25 1 U 24
26 0 U 25
27 0 U 26
28 0 U 27
29 0 U 18
30 0 U -1
31 0 U 30
32 0 U 31
33 0 U 32
34 0 U 33
35 0 U 34
36
0 1 U -1
1 1 U 0
2 0 U 1
3 0 U 2
4 0 U -1
5 0 U 4
6 1 U -1
7 0 U 6
8 1 U 7
9 1 U 8
10 1 U 9
11 1 U 10
12 1 U -1
13 0 U 12
14 1 U 13
15 0 U 14
16 0 U 15
17 0 U 16
18 0 U -1
19 1 U 18
20 1 U 19
21 1 U 20
22 0 U 21
23 0 U 22
24 0 U -1
25 1 U 24
26 0 U 25
27 0 U 26
28 1 L 10
29 1 U 28
30 0 U -1
31 0 L 24
32 0 U 31
33 0 U 32
34 0 U 33
35 0 U 34
36
0 1 U -1
1 1 U 0
2 0 U 1
3 0 U 2
4 0 U 3
5 0 U 4
6 1 U -1
7 0 U 6
8 1 U 7
9 1 U 8
10 1 U 9
11 0 L 9
12 0 L 10
13 0 U 12
14 1 U 13
15 0 U 14
16 0 U 15
17 0 U 16
18 0 U -1
19 1 U 18
20 1 U 19
21 1 U 20
22 0 U 21
23 0 U 22
24 0 U -1
25 1 U 24
26 0 U 25
27 0 U 26
28 0 U 27
29 0 L 26
30 0 U -1
31 0 U 30
32 0 U 31
33 0 U 32
34 0 U 33
35 0 U 34
36
0 1 U -1
1 1 U 0
2 0 U 1
3 0 U 2
4 1 U 0
5 0 U 4
6 1 U -1
7 0 U 6
8 1 U 7
9 1 U 8
10 1 U 9
11 1 U 10
12 1 U -1
13 0 U 12
14 1 U 13
15 0 U 14
16 0 U 15
17 0 U 13
18 0 U -1
19 1 U 18
20 1 U 19
21 1 U 12
22 0 U 21
23 0 U 22
24 0 U -1
25 1 U 24
26 1 U 12
27 0 U 26
28 0 U 27
29 1 U 28
30 0 U -1
31 0 U 30
32 0 U 31
33 0 U 32
34 0 U 33
35 0 U 34
36
0 1 U -1
1 1 U 0
2 0 U 1
3 0 U 2
4 0 U 3
5 0 U 4
6 0 U 3
7 0 U 6
8 1 U 7
9 1 U 8
10 1 U 9
11 1 U 10
12 1 U -1
13 0 U 12
14 1 U 13
15 0 U 14
16 0 U 15
17 0 U 16
18 0 U -1
19 1 U 18
20 1 U 19
21 1 U 20
22 0 U 21
23 0 U 22
24 0 U -1
25 1 U 24
26 0 U 25
27 0 U 26
28 0 U 27
29 1 U 28
30 0 U -1
31 0 U 2
32 0 U 31
33 0 U 32
34 0 U 33
35 0 U 34
36
0 1 U -1
1 1 U 0
2 0 U 1
3 0 U 2
4 0 U 3
5 0 U 4
6 1 U -1
7 0 U 6
8 1 U 7
9 1 U 8
10 1 U 9
11 1 U 10
12 1 U -1
13 0 U 12
14 1 U 13
15 0 U 14
16 0 U 15
17 0 U 16
18 0 U -1
19 1 U 18
20 1 U 19
21 1 U 18
22 0 U 21
23 0 U 22
24 0 U -1
25 1 U 24
26 0 U 25
27 0 U 26
28 0 U 27
29 0 U 19
30 0 U -1
31 0 U 30
32 0 U 31
33 0 U 32
34 0 U 33
35 0 U 34
36
0 1 U -1
1 1 U 0
2 0 U 1
3 0 U 2
4 0 U 3
5 0 U 4
6 1 U -1
7 0 U 6
8 1 U 7
9 1 U 8
10 1 U 9
11 1 U 10
12 1 U -1
13 0 U 12
14 1 U 13
15 0 U 14
16 0 U 15
17 0 U 16
18 0 U -1
19 1 U 18
20 1 U 19
21 1 U 20
22 0 U 21
23 0 U 22
24 0 U -1
25 1 U 5
26 0 U 25
27 0 U 26
28 0 U 27
29 1 U 28
30 0 U -1
31 0 U 30
32 0 U 31
33 0 U 32
34 0 U 33
35 0 U 34
36
0 1 U -1
1 1 U 0
2 0 U 1
3 0 U -1
4 0 U 3
5 0 U 4
6 1 U -1
7 0 U 6
8 0 U 0
9 1 U 8
10 1 U 9
11 1 U 10
12 1 U -1
13 0 U 12
14 1 U 13
15 0 U 14
16 0 U 15
17 0 U 16
18 0 U -1
19 1 U 18
20 0 L 6
21 1 U 20
22 0 U 21
23 0 U 22
24 0 U -1
25 1 U 5
26 0 U 25
27 0 U 26
28 0 U 27
29 1 U 28
30 0 U -1
31 0 U 30
32 0 U 31
33 0 U 32
34 1 U 21
35 1 U -1
36
0 1 U -1
1 1 U 0
2 0 U 1
3 0 U 2
4 0 U -1
5 0 U 4
6 1 U -1
7 0 U 6
8 1 U 7
9 1 U 8
10 1 U 9
11 1 U 10
12 1 U -1
13 0 U 12
14 1 U 13
15 0 U 14
16 0 U 15
17 0 U 16
18 0 U 10
19 1 U 18
20 1 U 19
21 1 U 20
22 0 U 21
23 0 U 22
24 0 U -1
25 1 U 5
26 0 U 14
27 0 U 26
28 0 U 27
29 1 U 28
30 0 U -1
31 0 U 30
32 0 U 3
33 0 U 32
34 0 U 33
35 0 U 34
36
0 1 U -1
1 1 U 0
2 0 U 1
3 0 U 2
4 0 U 3
5 0 U 4
6 1 U -1
7 0 U 6
8 1 U 7
9 1 U 8
10 1 U 9
11 1 U 10
12 1 U -1
13 0 U 12
14 1 U 13
15 0 U 14
16 0 L 10
17 0 U 16
18 0 U -1
19 1 U 18
20 1 U 19
21 1 U 20
22 0 U 21
23 0 U 22
24 0 U -1
25 1 U 5
26 0 U 25
27 0 U 26
28 0 U 27
29 1 U 28
30 0 U -1
31 0 U 30
32 0 U 31
33 0 U 32
34 0 U 33
35 0 U 34
36
0 1 U -1
1 1 U 0
2 0 U 1
3 0 U 2
4 0 U 3
5 0 U 4
6 1 U -1
7 0 U 6
8 1 U 7
9 1 U 8
10 1 U 9
11 1 U 10
12 1 U -1
13 0 U 12
14 1 U 13
15 0 U 14
16 0 U 15
17 0 U 16
18 0 U -1
19 1 U 18
20 1 U 19
21 1 U 20
22 0 U 21
23 0 U 22
24 0 U -1
25 1 U 5
26 0 U 25
27 0 U 26
28 0 U 27
29 1 U 28
30 0 U -1
31 0 U 30
32 0 L 14
33 0 U 32
34 0 L 12
35 0 U 34
36
0 0 L -1
1 1 U 0
2 0 U 1
3 0 U 2
4 0 U 3
5 0 L 4
6 1 L 2
7 0 U 6
8 1 U 7
9 1 U 8
10 1 U 9
11 1 U 10
12 1 U -1
13 1 U 4
14 1 U 13
15 0 U 14
16 0 U 15
17 0 U 16
18 0 U -1
19 1 U 18
20 1 U 19
21 0 U 18
22 0 U 21
23 0 U 22
24 0 U -1
25 1 U 5
26 0 U 25
27 0 L 9
28 0 U 27
29 1 U 28
30 0 U -1
31 0 U 30
32 0 L 14
33 0 U 32
34 0 L 12
35 0 U 34
36
0 1 U -1
1 1 U 0
2 0 U 1
3 0 U 2
4 0 U 3
5 0 U 4
6 1 U -1
7 0 U 6
8 1 U 7
9 1 U 8
10 1 U 9
11 1 U 10
12 1 U -1
13 0 U 12
14 1 U 13
15 1 U 11
16 0 U 15
17 0 U 16
18 0 U -1
19 1 U 18
20 1 U 19
21 1 U 20
22 0 U 21
23 0 U 22
24 1 L 9
25 1 U 5
26 0 U 25
27 0 U 26
28 0 U 27
29 1 U 28
30 0 U -1
31 0 U 30
32 0 L 12
33 0 U 32
34 0 L 12
35 0 U 34
36
0 1 U -1
1 1 U 0
2 0 U 1
3 0 U 2
4 0 U 3
5 1 L 3
6 0 L -1
7 0 U 6
8 1 U 7
9 1 U 8
10 1 U 9
11 1 U 10
12 1 U -1
13 0 U 12
14 1 U 13
15 0 U 14
16 0 U 15
17 0 U 16
18 0 U -1
19 0 U 0
20 1 U 19
21 1 U 20
22 0 U 21
23 0 U 22
24 0 U -1
25 1 U 5
26 0 U 11
27 0 U 26
28 0 U 27
29 1 U 28
30 0 U -1
31 0 U 30
32 0 L 24
33 0 U 32
34 0 L 12
35 0 U 34
36
0 0 L -1
1 1 U 0
2 0 U 1
3 1 L 0
4 0 U 1
5 0 U 4
6 1 U -1
7 0 U 6
8 1 U 7
9 1 U 8
10 1 U 9
11 1 U 10
12 1 U -1
13 0 U 12
14 1 U 13
15 0 U 14
16 0 U 15
17 0 U 16
18 0 U -1
19 1 U 18
20 1 U 19
21 1 U 20
22 0 U 13
23 0 U 22
24 0 U -1
25 1 U 5
26 0 U 25
27 0 U 26
28 0 U 27
29 1 U 28
30 0 U -1
31 0 U 30
32 0 L 14
33 1 U 11
34 0 L 12
35 0 U 34
36
0 1 U -1
1 1 U 0
2 0 U 1
3 0 U 2
4 0 U 3
5 0 U 4
6 1 U -1
7 0 U 6
8 1 U 7
9 1 U 4
10 1 U 9
11 1 U 10
12 1 U -1
13 0 U 12
14 1 U 13
15 0 U 14
16 1 L 2
17 0 U 16
18 0 U -1
19 1 U 18
20 1 U 8
21 1 U 20
22 0 U 21
23 0 U 22
24 0 U -1
25 0 U 5
26 0 U 25
27 0 U 26
28 0 U 27
29 1 U 28
30 0 U -1
31 0 L 15
32 0 L 14
33 0 U 32
34 0 L 12
35 0 U 34
36
0 1 U -1
1 1 U 0
2 0 U 1
3 0 U 2
4 0 U 3
5 0 U 4
6 1 U 5
7 0 U 6
8 1 U 7
9 1 U 8
10 1 U 9
11 1 U 10
12 1 U -1
13 0 U 12
14 1 U 13
15 0 U 14
16 0 U 15
17 0 L 6
18 0 U -1
19 1 U 18
20 1 U 19
21 1 U 20
22 0 L 0
23 0 U 22
24 0 U -1
25 1 U 5
26 0 U 25
27 0 U 26
28 1 L 4
29 1 U 28
30 0 U -1
31 0 U 30
32 0 L 14
33 0 U 32
34 0 L 12
35 0 U 34
36
0 1 U -1
1 1 U 0
2 0 U 1
3 0 U 2
4 0 U 3
5 0 U 4
6 1 U 1
7 0 U 6
8 1 U 7
9 1 U 8
10 1 U 9
11 1 U 10
12 1 U -1
13 0 U 12
14 1 U 13
15 0 U 14
16 0 U 15
17 0 U 16
18 0 U -1
19 1 U 18
20 1 U 19
21 0 L 5
22 0 U 21
23 0 U 5
24 0 U -1
25 1 U 5
26 0 U 25
27 0 U 26
28 0 U 27
29 1 U 28
30 0 U -1
31 0 U 30
32 0 L 14
33 1 L 27
34 0 L 12
35 0 U 34
36
0 1 U -1
1 1 U -1
2 0 U 1
3 0 U 2
4 0 U 3
5 0 U 4
6 1 U -1
7 0 U 6
8 1 U 7
9 1 U 8
10 1 U 9
11 1 U 10
12 1 U -1
13 0 U 12
14 0 L -1
15 0 U 14
16 0 U 15
17 0 U 16
18 0 U -1
19 1 U 18
20 1 U 19
21 1 U 20
22 0 U 21
23 0 U 22
24 0 U -1
25 1 U 15
26 0 L 17
27 1 U 5
28 0 U 27
29 1 U 28
30 0 U -1
31 0 U 30
32 0 L 14
33 0 U 32
34 0 L 12
35 1 L 23
36
0 1 U -1
1 1 U 0
2 0 U 1
3 0 U 2
4 0 U 3
5 0 U 4
6 1 U -1
7 1 U 5
8 1 U 7
9 1 U 8
10 1 U 9
11 1 U 10
12 0 L 0
13 0 U 12
14 1 U 13
15 0 L 6
16 0 U 15
17 0 U 16
18 0 U -1
19 1 U 18
20 1 U 19
21 1 U 20
22 0 U 21
23 0 U 22
24 0 U -1
25 1 U 5
26 0 U 25
27 0 U 26
28 0 U 27
29 1 U 28
30 0 U -1
31 0 L 30
32 0 L 14
33 0 U 32
34 0 L 12
35 0 U 34
36
0 1 U -1
1 1 U 0
2 0 U 1
3 0 U 2
4 0 U 3
5 0 U 4
6 1 U -1
7 0 U 6
8 1 U 7
9 1 U 8
10 1 U 9
11 1 U 10
12 1 U -1
13 0 U 12
14 1 U 13
15 0 U 14
16 0 U 15
17 0 U 16
18 0 U -1
19 1 U 18
20 1 U 19
21 0 U 9
22 0 U 21
23 0 U 22
24 0 U -1
25 1 U 5
26 0 U 25
27 0 U 26
28 0 U 27
29 1 U 28
30 0 U -1
31 0 U 30
32 0 L 14
33 0 U 32
34 0 L 12
35 0 U 34
36
0 1 U -1
1 1 U 0
2 0 U 1
3 0 U 2
4 0 U 3
5 0 U 4
6 1 U -1
7 0 U 6
8 0 L 7
9 1 U 8
10 1 U 9
11 1 U 10
12 1 U -1
13 0 U 12
14 1 U 13
15 0 U 14
16 0 U 15
17 0 U 16
18 0 U -1
19 1 U 18
20 1 U 19
21 1 U 20
22 0 U 21
23 0 L 19
24 0 U -1
25 1 U 5
26 0 U 25
27 0 U 26
28 0 U 27
29 1 U 28
30 0 U -1
31 0 U 30
32 0 L 14
33 0 U 32
34 0 L 12
35 0 U 34
36
0 1 U -1
1 1 U 0
2 0 U 1
3 0 U 2
4 1 L 0
5 0 U 4
6 1 U -1
7 0 U 6
8 1 U 7
9 1 U 8
10 1 U 9
11 1 U 10
12 1 U -1
13 0 U 12
14 1 U 13
15 0 U 14
16 0 U 15
17 0 U 16
18 0 U -1
19 1 U 18
20 1 U 19
21 1 U 20
22 0 U 21
23 1 L 8
24 0 U -1
25 0 L 17
26 0 U 25
27 0 U 26
28 0 U 27
29 1 U 28
30 0 U -1
31 0 U 30
32 0 L 14
33 0 U 32
34 0 L 12
35 0 U 34
36
0 1 U -1
1 1 U 0
2 0 U 1
3 0 U 2
4 1 L 2
5 0 U 4
6 1 U -1
7 0 U 6
8 1 U 7
9 1 U 8
10 1 U 9
11 1 U 10
12 1 U -1
13 0 L 9
14 1 U 13
15 0 U 14
16 1 L 13
17 0 U 16
18 0 U -1
19 1 U 18
20 0 U 10
21 1 U 20
22 0 U 21
23 0 U 22
24 1 U 8
25 1 U 5
26 0 U 25
27 0 U 26
28 0 U 27
29 1 U 28
30 0 U -1
31 0 U 30
32 0 L 14
33 0 L 30
34 0 L 12
35 0 U 34
36
0 1 U -1
1 1 U 0
2 0 U 1
3 0 U 2
4 0 U 3
5 0 U 4
6 1 U -1
7 0 U 6
8 1 U 7
9 1 U 8
10 1 U 9
11 1 U 10
12 1 U -1
13 0 U 12
14 1 U 13
15 0 U 14
16 0 U 15
17 0 U 16
18 0 U -1
19 1 U 18
20 1 U 19
21 1 U 20
22 0 U 21
23 0 U 22
24 0 U -1
25 1 U 5
26 0 U 25
27 0 U 26
28 0 U 27
29 1 U 28
30 0 U -1
31 0 U 30
32 0 L 14
33 0 U 32
34 0 L 12
35 0 U 34
36
0 1 U -1
1 1 U 0
2 0 U 1
3 0 U 2
4 0 U 3
5 0 U 4
6 1 U -1
7 0 U 6
8 1 U 7
9 1 U 8
10 1 U 9
11 1 U 10
12 1 U -1
13 0 U 12
14 1 U 13
15 0 U 14
16 0 U 15
17 0 U 16
18 0 U -1
19 1 U 18
20 1 U 7
21 1 U 20
22 0 U 21
23 0 U 22
24 0 U -1
25 1 U 5
26 0 U 25
27 0 U 14
28 0 U 27
29 1 U 28
30 0 L 15
31 0 U 30
32 0 L 14
33 0 U 32
34 0 L 12
35 0 U 34
36
0 1 U -1
1 1 U 0
2 0 L 1
3 0 U 2
4 0 U 3
5 0 U 4
6 1 U -1
7 0 U 0
8 1 U 7
9 1 U 8
10 1 U 9
11 1 U 10
12 1 U -1
13 0 U 12
14 1 U 13
15 0 U 14
16 0 U 15
17 0 U 16
18 0 U -1
19 1 U 18
20 1 U 19
21 1 U 20
22 0 U 21
23 0 U 22
24 0 U -1
25 1 U 5
26 0 U 25
27 0 U 26
28 0 U 27
29 0 L 6
30 0 U -1
31 0 U 30
32 0 U 12
33 0 U 32
34 1 L 24
35 0 U 34
36
0 1 U -1
1 1 U 0
2 1 L -1
3 0 U 2
4 0 U 3
5 0 U 4
6 1 U -1
7 0 U 6
8 0 L 4
9 1 U 8
10 1 U 9
11 1 U 10
12 1 U -1
13 0 U 12
14 1 U 13
15 0 U 14
16 0 U 15
17 0 U 11
18 0 U -1
19 1 U 18
20 1 U 19
21 1 U 20
22 0 U 21
23 0 U 22
24 0 U -1
25 1 U 5
26 0 U 25
27 0 U 26
28 0 U 27
29 1 U 28
30 0 U -1
31 0 U 30
32 0 L 14
33 0 U 32
34 0 L 12
35 0 U 34
36
0 1 U -1
1 1 U 0
2 0 U 1
3 0 U 2
4 0 U 3
5 0 U 4
6 1 U -1
7 0 U 6
8 1 U 7
9 1 U 8
10 1 U 9
11 1 U 10
12 1 U -1
13 0 U 8
14 1 U 13
15 0 U 14
16 0 U 15
17 0 U 16
18 0 U -1
19 1 U 18
20 1 U 19
21 1 U 20
22 0 U 21
23 0 U 22
24 0 U -1
25 1 U 5
26 0 U 25
27 0 U 26
28 0 U 27
29 1 U 28
30 0 U -1
31 0 U 30
32 0 L 14
33 0 U 32
34 0 L 12
35 0 U 34
36
0 1 U -1
1 1 U 0
2 0 U 1
3 0 U 2
4 0 U 3
5 0 U 0
6 1 U -1
7 0 U 6
8 1 U 7
9 1 U 8
10 0 U 1
11 1 U 10
12 1 U -1
13 0 U 12
14 1 U 13
15 0 U 14
16 0 L 15
17 0 U 16
18 0 U -1
19 1 U 18
20 1 U 19
21 1 U 7
22 0 L 3
23 0 U 22
24 0 U -1
25 1 U 5
26 0 U 25
27 0 U 26
28 0 U 27
29 1 U 28
30 0 U -1
31 0 U 30
32 1 L 21
33 0 U 32
34 0 L 12
35 0 U 34
36
0 1 U -1
1 1 U 0
2 0 U 1
3 0 U 2
4 0 U 3
5 0 U 0
6 1 U -1
7 0 U 6
8 1 U 7
9 1 U 8
10 0 U 1
11 1 U 10
12 1 L 3
13 0 U 12
14 1 U 13
15 0 U 14
16 0 L 15
17 0 U 16
18 0 U -1
19 1 U 18
20 1 U 19
21 1 U 7
22 0 L 3
23 0 U 22
24 0 U -1
25 1 U 5
26 0 U 25
27 0 U 26
28 0 U 27
29 1 U 28
30 0 U -1
31 0 U 30
32 1 L 21
33 0 U 32
34 0 L 12
35 0 U 34
36
0 1 L -1
1 1 U 0
2 0 U 1
3 0 U 2
4 0 U 3
5 0 U 0
6 1 U -1
7 0 U 6
8 1 U 7
9 1 U 8
10 0 U 1
11 1 U 10
12 1 U -1
13 0 U 12
14 1 U 13
15 0 L 4
16 0 L 15
17 0 U 16
18 0 U -1
19 0 L 8
20 1 U 19
21 1 U 7
22 1 L 18
23 0 U 22
24 0 U -1
25 1 L 12
26 0 U 25
27 0 U 26
28 1 L 12
29 1 U 28
30 0 U -1
31 0 U 30
32 1 L 21
33 0 U 19
34 0 L 12
35 0 U 34
36
0 1 U -1
1 1 U 0
2 0 U 1
3 0 U 2
4 0 U 3
5 0 U 0
6 0 L 2
7 0 U 6
8 1 U 7
9 1 U 8
10 0 U 1
11 1 U 10
12 0 L 10
13 0 U 12
14 1 U 13
15 0 U 14
16 0 L 15
17 0 U 16
18 0 U -1
19 1 U 18
20 1 U 19
21 1 U 7
22 1 U 12
23 0 U 22
24 0 U -1
25 1 U 5
26 0 U 25
27 0 U 26
28 0 U 27
29 1 U 28
30 0 U -1
31 0 U 30
32 1 L 21
33 0 L 2
34 0 L 12
35 0 U 34
36
0 1 U -1
1 1 U 0
2 0 U 1
3 0 U 2
4 1 U 3
5 0 U 0
6 1 U -1
7 0 U 6
8 1 U 7
9 1 U 8
10 0 U 1
11 1 U 10
12 1 U -1
13 0 U 12
14 1 U 13
15 0 U 14
16 0 L 15
17 0 U 16
18 0 U -1
19 1 U 18
20 1 U 19
21 1 U 7
22 0 L 3
23 1 U 4
24 0 U -1
25 1 U 5
26 1 U 2
27 0 U 26
28 0 U 27
29 1 U 28
30 0 U -1
31 0 U 30
32 1 L 21
33 0 U 32
34 0 L 12
35 0 U 34
36
0 1 U -1
1 1 U 0
2 0 U 1
3 0 U 2
4 0 U 3
5 0 U 0
6 1 U -1
7 0 U 6
8 1 U 7
9 1 U 8
10 0 U 1
11 1 U 10
12 1 U -1
13 0 U 12
14 1 U 13
15 0 U 14
16 0 L 15
17 0 U 16
18 0 U -1
19 1 U 18
20 1 U 19
21 1 U 7
22 0 L 3
23 0 U 22
24 0 U -1
25 1 U 5
26 0 U 25
27 0 U 26
28 0 U 27
29 1 U 28
30 0 U -1
31 0 U 4
32 1 L 21
33 0 U 32
34 0 L 12
35 0 U 34
36
0 1 U -1
1 1 U 0
2 0 U 1
3 0 U 2
4 0 U 3
5 0 L 1
6 1 L 1
7 0 U 6
8 1 U 7
9 1 U 8
10 0 U 1
11 1 U 10
12 1 U -1
13 0 U 12
14 1 U 13
15 0 U 14
16 0 L 15
17 0 U 16
18 0 U -1
19 1 U 18
20 1 U 19
21 1 U 7
22 0 L 3
23 0 U 22
24 0 U -1
25 1 U 5
26 0 U 25
27 0 U 26
28 0 U 27
29 1 U 28
30 0 U -1
31 0 U 30
32 1 L 21
33 0 U 32
34 0 L 12
35 0 U 34
36
0 1 U -1
1 1 U 0
2 0 U 1
3 0 U 2
4 0 U 3
5 1 L 3
6 1 U -1
7 0 U 6
8 1 U 7
9 1 U 8
10 0 U 1
11 1 U 10
12 0 L 3
13 0 U 12
14 1 U 13
15 0 U 14
16 0 L 15
17 0 U 16
18 0 U -1
19 1 U 18
20 1 U 19
21 1 U 7
22 0 L 3
23 0 L 1
24 0 U -1
25 1 U 5
26 0 U 25
27 1 U 0
28 0 U 27
29 1 U 28
30 1 L 23
31 0 U 30
32 1 L 21
33 0 U 32
34 0 L 12
35 0 U 34
36
0 1 U -1
1 1 U 0
2 0 U 1
3 0 U 2
4 0 U 3
5 0 U 0
6 1 U -1
7 0 U 6
8 1 U 7
9 1 U 8
10 0 U 1
11 1 U 10
12 1 U -1
13 0 U 12
14 1 U 13
15 0 U 14
16 0 L 15
17 0 U 16
18 0 U -1
19 1 U 18
20 1 U 19
21 1 U 7
22 0 L 3
23 0 U 22
24 0 U -1
25 1 U 5
26 0 U 25
27 0 U 26
28 0 U 27
29 1 U 28
30 0 U -1
31 0 U 30
32 1 L 21
33 0 U 32
34 0 L 12
35 0 U 34
36
0 1 U -1
1 1 U 0
2 0 U 1
3 1 U -1
4 0 U 3
5 0 U 0
6 1 U -1
7 0 U 6
8 1 U 7
9 1 U 8
10 0 U 1
11 1 U 10
12 0 U -1
13 0 U 12
14 1 U 11
15 1 L 10
16 0 L 11
17 0 U 16
18 0 U -1
19 1 U 18
20 1 U 19
21 1 U 7
22 0 L 3
23 0 U 22
24 0 U -1
25 1 U 5
26 0 U 25
27 0 U 26
28 0 U 27
29 1 U 28
30 0 U -1
31 0 U 30
32 1 L 21
33 0 U 32
34 0 L 12
35 0 U 34
36
0 1 U -1
1 1 U 0
2 0 U 1
3 0 U 2
4 0 U 3
5 0 U 0
6 1 U -1
7 0 U 6
8 1 U 7
9 1 U 8
10 0 U 1
11 1 U 10
12 1 U -1
13 0 U 12
14 1 U 13
15 0 U 14
16 0 L 15
17 0 U 16
18 0 U -1
19 1 U 18
20 1 U 19
21 1 U 7
22 0 L 3
23 0 U 22
24 0 U -1
25 1 U 5
26 0 U 25
27 0 U 26
28 0 U 27
29 1 U 28
30 0 U -1
31 0 U 30
32 1 L 21
33 0 U 32
34 0 L 12
35 0 U 34
36
0 1 U -1
1 1 U 0
2 0 U 1
3 0 U 2
4 1 U 3
5 0 U 0
6 1 U -1
7 0 U 6
8 1 U 7
9 1 U 8
10 0 U 1
11 1 L 7
12 1 U -1
13 0 U 12
14 1 U 13
15 0 U 14
16 0 L 15
17 0 U 16
18 0 U -1
19 1 U 18
20 1 U 19
21 1 U 7
22 0 L 3
23 0 U 22
24 0 U -1
25 1 U 5
26 0 U 25
27 0 U 26
28 0 U 27
29 1 U 28
30 0 U -1
31 0 U 30
32 1 L 21
33 0 U 32
34 0 L 12
35 1 L 21
36
0 0 U -1
1 1 U 0
2 0 U 1
3 0 U 2
4 0 U 3
5 0 U 0
6 1 U -1
7 0 U 6
8 1 U 7
9 1 U 8
10 0 U 1
11 1 U 10
12 1 U -1
13 0 U 12
14 1 L 3
15 0 U 14
16 0 L 15
17 0 U 16
18 0 U -1
19 1 U 18
20 1 U 19
21 1 U 7
22 0 L 3
23 0 U 22
24 0 U -1
25 1 U 5
26 0 U 25
27 0 U 26
28 0 U 27
29 1 U 28
30 0 U -1
31 0 U 30
32 1 L 21
33 0 L 23
34 0 L 28
35 0 U 34
36
0 1 L -1
1 1 U 0
2 1 L -1
3 0 U 2
4 0 U 3
5 0 U 0
6 1 U -1
7 0 U 6
8 1 U 7
9 1 U 8
10 0 U 1
11 1 U 10
12 1 U -1
13 0 U 12
14 1 U 13
15 0 U 14
16 0 L 15
17 1 U 2
18 0 U -1
19 1 U 18
20 1 U 19
21 1 U 7
22 0 L 3
23 0 U 22
24 0 L 8
25 1 U 5
26 0 U 9
27 0 U 26
28 0 U 27
29 1 U 28
30 0 U -1
31 0 U 30
32 1 L 21
33 0 U 29
34 0 L 12
35 0 U 34
36
0 1 U -1
1 1 U 0
2 0 U 1
3 0 U 2
4 0 U 3
5 0 U 2
6 1 U -1
7 0 U 6
8 1 U 7
9 1 U 8
10 0 U 1
11 1 U 10
12 1 U -1
13 0 U 12
14 0 L 8
15 0 U 14
16 0 L 8
17 0 U 16
18 0 U -1
19 1 U 18
20 1 U 19
21 1 U 7
22 0 L 3
23 0 U 22
24 0 U -1
25 1 U 5
26 0 U 25
27 0 U 26
28 0 U 27
29 1 U 28
30 0 U -1
31 0 U 30
32 1 L 21
33 0 U 32
34 0 L 12
35 0 U 34
36
0 1 U -1
1 1 U 0
2 0 L 0
3 0 U 2
4 0 U 3
5 0 U 0
6 1 U -1
7 0 U 6
8 1 U 7
9 1 U 8
10 0 U 1
11 0 L 8
12 1 U -1
13 0 U 12
14 1 U 13
15 0 U 14
16 0 L 15
17 0 U 16
18 0 U -1
19 1 U 18
20 1 U 19
21 1 U 7
22 0 L 3
23 0 U 22
24 0 U -1
25 1 U 5
26 0 U 25
27 0 U 26
28 0 U 27
29 1 U 28
30 0 U -1
31 0 U 30
32 1 L 21
33 0 U 32
34 0 L 12
35 0 U 34
36
0 0 L -1
1 1 U 0
2 0 U 1
3 0 U 2
4 0 U 3
5 0 U 0
6 1 U -1
7 0 U 6
8 1 U 7
9 1 U 8
10 0 U 1
11 1 U 10
12 1 U -1
13 0 U 12
14 1 U 13
15 0 U 14
16 0 L 15
17 0 U 16
18 0 U -1
19 1 L 0
20 1 U 19
21 1 U 7
22 0 L 3
23 0 U 22
24 0 U -1
25 1 U 5
26 0 U 25
27 0 U 26
28 0 U 27
29 1 U 28
30 0 U -1
31 0 U 30
32 1 L 21
33 0 U 32
34 0 L 12
35 0 U 34
36
0 0 U -1
1 1 U 0
2 0 L 0
3 0 U 2
4 0 U 3
5 0 U 0
6 1 U -1
7 0 U 6
8 1 U 7
9 0 U 3
10 0 U 1
11 1 U 10
12 1 U -1
13 1 U 4
14 1 U 13
15 0 U 14
16 1 L 2
17 0 U 16
18 0 U -1
19 1 U 6
20 1 U 19
21 1 L -1
22 0 L 3
23 0 U 22
24 0 U -1
25 1 U 5
26 0 U 25
27 0 U 26
28 1 U 22
29 1 U 28
30 0 U -1
31 0 U 30
32 1 L 21
33 0 U 32
34 0 L 12
35 0 U 34
36
0 1 U -1
1 1 U 0
2 0 U 1
3 1 U 2
4 0 U 3
5 0 U 0
6 1 U -1
7 0 L 4
8 1 U 7
9 1 U 8
10 0 U 1
11 1 U 10
12 1 U -1
13 0 U 12
14 1 U 13
15 0 U 14
16 0 L 15
17 0 U 16
18 0 U -1
19 0 L 13
20 1 U 19
21 1 U 7
22 0 L 3
23 0 U 22
24 0 U -1
25 1 U 5
26 0 U 25
27 0 U 26
28 0 U 27
29 1 U 28
30 0 U -1
31 0 U 30
32 0 L -1
33 0 U 32
34 0 L 12
35 0 U 34
36
0 1 U -1
1 1 U 0
2 0 U 1
3 0 U 2
4 0 U 3
5 0 U 0
6 1 U -1
7 0 U 6
8 1 U 7
9 1 U 8
10 1 L 3
11 1 U 10
12 1 U -1
13 0 U 12
14 1 U 13
15 1 U 7
16 0 L 15
17 0 U 15
18 0 U -1
19 1 U 18
20 1 U 19
21 1 U 7
22 0 L 19
23 0 U 22
24 0 U -1
25 1 U 5
26 0 U 25
27 0 U 26
28 0 U 27
29 1 U 28
30 0 U -1
31 0 U 30
32 1 L 21
33 0 U 32
34 0 L 12
35 0 U 34
36
0 1 U -1
1 0 U -1
2 0 U 1
3 0 U 2
4 0 U 3
5 0 U 0
6 1 U -1
7 0 U 6
8 1 U 7
9 1 U 8
10 0 U 1
11 1 U 10
12 1 U -1
13 0 U 12
14 1 U 13
15 0 U 14
16 0 L 15
17 0 U 16
18 0 U -1
19 1 U 18
20 1 U 19
21 1 U 7
22 0 L 3
23 0 U 22
24 0 U -1
25 1 U 5
26 0 U 25
27 0 U 26
28 0 U 27
29 1 U 28
30 0 U -1
31 0 U 30
32 1 L 21
33 0 U 32
34 0 L 12
35 0 U 34
36
0 1 U -1
1 1 U 0
2 0 U 1
3 1 L 0
4 0 U 3
5 0 U 0
6 1 U -1
7 0 U 6
8 1 U 7
9 1 U 3
10 0 U 1
11 1 U 10
12 1 U -1
13 0 U 12
14 1 U 13
15 0 U 14
16 0 L 15
17 0 U 16
18 0 U -1
19 0 U 3
20 1 U 19
21 1 U 7
22 0 L 3
23 0 U 22
24 0 U -1
25 1 U 5
26 0 U 2
27 0 U 26
28 0 U 27
29 1 U 28
30 0 U -1
31 0 U 30
32 1 L 21
33 0 U 32
34 0 L 12
35 0 U 34
36
0 1 U -1
1 1 U 0
2 0 U 1
3 0 U 2
4 0 U 3
5 0 U 0
6 1 U -1
7 0 U 6
8 1 U 7
9 1 U 8
10 0 U 1
11 0 L 4
12 1 U -1
13 0 L 0
14 1 U 13
15 0 U 14
16 0 L 15
17 0 U 16
18 1 L 3
19 1 U 18
20 1 U 19
21 1 U 7
22 0 L 3
23 0 U 22
24 0 U -1
25 1 U 5
26 0 U 25
27 1 U 23
28 0 U 27
29 1 U 28
30 0 U -1
31 1 U 8
32 1 L 21
33 0 U 32
34 0 L 12
35 0 U 34
36
0 1 U -1
1 1 U 0
2 1 U -1
3 0 U 2
4 0 U 3
5 0 U 0
6 1 U -1
7 0 U -1
8 1 U 7
9 1 U 8
10 0 U 1
11 1 U 10
12 1 U -1
13 0 U 12
14 1 U 13
15 0 U 14
16 0 L 15
17 0 U 16
18 0 U -1
19 1 U 18
20 1 U 19
21 1 U 7
22 0 L 3
23 0 U 22
24 0 U -1
25 1 U 2
26 0 U 25
27 0 U 26
28 0 U 27
29 1 U 28
30 0 U -1
31 0 U 30
32 1 L 21
33 0 U 32
34 0 L 12
35 0 U 34
36
0 1 U -1
1 1 U 0
2 0 U 1
3 0 U 2
4 0 U 3
5 0 U 0
6 1 U -1
7 0 U 6
8 1 U 7
9 1 U 8
10 1 U 9
11 1 U 10
12 0 L 7
13 1 U 5
14 1 U 13
15 0 U 14
16 0 L 15
17 0 U 16
18 0 U -1
19 1 U 18
20 1 U 19
21 1 U 17
22 0 U 9
23 1 L -1
24 0 U -1
25 1 U 5
26 0 U 25
27 0 U 26
28 0 U 27
29 1 L -1
30 0 U -1
31 0 U 30
32 1 L 21
33 0 U 32
34 1 U 4
35 1 L -1
36
0 1 U -1
1 1 U 0
2 0 U 1
3 0 U 2
4 0 U 3
5 0 U 0
6 0 L 2
7 0 L -1
8 1 U 7
9 1 U 3
10 0 U 1
11 1 U 10
12 1 U -1
13 1 L 6
14 1 U 3
15 0 U 14
16 0 L 15
17 0 U 16
18 0 U -1
19 1 U 18
20 1 U 19
21 1 U 7
22 0 L 3
23 0 U 22
24 0 U -1
25 0 U 16
26 0 U 25
27 0 U 26
28 0 U 27
29 1 U 28
30 0 U -1
31 0 U 30
32 1 L 21
33 0 L 2
34 0 L 12
35 0 U 34
36
0 1 U -1
1 1 U 0
2 0 L 1
3 0 U 2
4 0 U 3
5 0 U 0
6 0 U 5
7 0 U 6
8 1 U 7
9 1 L 5
10 0 U 1
11 1 U 10
12 1 U -1
13 0 U 12
14 1 U 13
15 0 U 14
16 0 U 1
17 0 U 16
18 0 U -1
19 1 U 18
20 1 U 19
21 1 U 7
22 0 L 3
23 0 U 22
24 0 U -1
25 1 U 5
26 0 U 25
27 0 U 26
28 0 U 27
29 1 U 28
30 0 U -1
31 0 U 30
32 1 L 21
33 0 U 32
34 0 L 12
35 0 U 34
36
0 1 U -1
1 1 U 0
2 1 U 1
3 0 U 2
4 0 U 3
5 0 U 0
6 1 U -1
7 0 U 6
8 1 U 7
9 1 U 8
10 0 U 1
11 1 U 10
12 1 U -1
13 0 U 12
14 1 U 13
15 0 U 14
16 0 L 15
17 0 U 16
18 0 U -1
19 1 U 18
20 1 U 5
21 1 U 7
22 0 L 3
23 0 U 22
24 0 U -1
25 1 U 5
26 0 U 25
27 0 U 26
28 1 U 16
29 1 U 28
30 0 U -1
31 0 U 30
32 1 L 21
33 0 U 32
34 0 L 12
35 0 U 34
36
0 1 U -1
1 1 U 0
2 0 U 1
3 0 U 2
4 0 U 3
5 0 U 0
6 1 U -1
7 0 U 6
8 1 L 3
9 1 U 8
10 0 U 1
11 1 U 10
12 1 U -1
13 0 U 12
14 1 U 13
15 0 U 14
16 0 L 15
17 0 U 16
18 0 U 11
19 1 U 18
20 1 U 19
21 1 U 7
22 0 L 3
23 0 U 22
24 1 L 13
25 1 U 5
26 0 U 25
27 0 U 26
28 0 U 27
29 1 U 28
30 0 U -1
31 0 U 30
32 1 L 21
33 0 U 32
34 0 L 12
35 0 U 34
36
0 1 U -1
1 1 U 0
2 0 U 1
3 0 U 2
4 0 U 3
5 0 U 0
6 1 U -1
7 0 U 6
8 1 U 7
9 1 U 8
10 0 U 1
11 0 U 7
12 1 U -1
13 0 U 12
14 1 U 13
15 0 U 14
16 0 L 15
17 0 U 16
18 0 U -1
19 1 U 18
20 1 U 19
21 1 U 7
22 0 L 3
23 1 U 0
24 0 L 23
25 1 U 5
26 0 U 25
27 0 U 26
28 0 U 27
29 1 U 28
30 0 U -1
31 0 U 2
32 1 L 30
33 0 U 32
34 0 L 12
35 0 U 34
36
0 1 U -1
1 1 U 0
2 0 U 1
3 0 U 2
4 0 U 3
5 1 L -1
6 1 U -1
7 1 L -1
8 1 U 7
9 1 U 8
10 0 U 2
11 1 U 10
12 1 U -1
13 0 U 12
14 1 U 13
15 0 U 14
16 0 L 15
17 0 U 16
18 0 U -1
19 1 U 18
20 1 U 19
21 0 L 6
22 0 L 3
23 1 L 8
24 1 L 17
25 1 U 5
26 0 U 25
27 0 U 26
28 0 U 27
29 1 U 28
30 0 U -1
31 0 U 30
32 1 L 21
33 0 U 32
34 0 L 12
35 0 U 34
36
0 1 U -1
1 1 U 0
2 0 U 1
3 0 U 2
4 1 U -1
5 0 U 0
6 1 U -1
7 0 U 6
8 1 U 7
9 1 U 8
10 0 U 1
11 1 U 10
12 1 U -1
13 0 U 12
14 1 U 13
15 0 U 14
16 0 L 15
17 1 U -1
18 0 U -1
19 1 U 18
20 1 U 19
21 0 L 9
22 0 L 3
23 0 U 22
24 0 U -1
25 1 U 5
26 0 U 25
27 0 U 0
28 1 L 22
29 1 U 28
30 0 U -1
31 0 U 30
32 1 L 21
33 0 U 32
34 0 L 12
35 0 U 34
36
0 1 U -1
1 1 U 0
2 0 U 1
3 0 U 2
4 0 U -1
5 0 U 0
6 1 U -1
7 0 U 6
8 1 U 7
9 1 U 8
10 1 L -1
11 1 U 10
12 1 U -1
13 0 U 12
14 0 L 4
15 0 U 14
16 0 L 15
17 0 U 16
18 0 U -1
19 1 U 18
20 1 U 19
21 1 U 7
22 1 L 18
23 0 U 22
24 0 U -1
25 1 U 5
26 0 U 25
27 0 U 26
28 0 U 27
29 1 U 28
30 0 U -1
31 0 U 30
32 1 L 21
33 0 U 32
34 0 L 12
35 0 U 34
36
0 1 U -1
1 1 U 0
2 0 U 1
3 0 L 1
4 0 U 3
5 0 U 0
6 1 U -1
7 0 U 6
8 1 U 7
9 1 U 8
10 0 U 1
11 1 U 10
12 1 U -1
13 0 U 12
14 1 U 13
15 0 U 14
16 0 L 15
17 0 U 16
18 1 L 9
19 1 U 18
20 1 U 19
21 1 U 7
22 0 U 0
23 0 U 22
24 0 U -1
25 1 U 5
26 0 U 25
27 0 U 26
28 0 U 27
29 1 U 28
30 0 U -1
31 0 U 30
32 1 L 21
33 0 U 32
34 0 L 12
35 0 U 34
36
0 1 U -1
1 1 U 0
2 0 U 1
3 0 U 2
4 0 U 0
5 0 U 0
6 1 U -1
7 0 U 6
8 1 U 7
9 1 U 8
10 0 U 1
11 1 U 10
12 1 U -1
13 0 U 12
14 1 U 13
15 0 U 14
16 0 L 15
17 0 U 16
18 0 U -1
19 1 U 18
20 1 U 19
21 1 U 7
22 0 L 3
23 0 U 22
24 0 U -1
25 1 L 10
26 0 U 25
27 0 U 26
28 0 U 27
29 1 U 28
30 0 U -1
31 0 U 30
32 1 L 21
33 1 U 8
34 0 L 12
35 0 U 34
36
0 1 U -1
1 1 U 0
2 0 U 1
3 0 U 2
4 0 U 3
5 0 U 0
6 1 U -1
7 0 U 6
8 1 U 7
9 1 U 8
10 0 U 1
11 1 U 10
12 1 U -1
13 0 U 12
14 1 U 13
15 0 U 14
16 0 L 15
17 0 U 16
18 0 U -1
19 1 U 18
20 1 U 19
21 1 U 7
22 0 L 3
23 0 U 22
24 0 U -1
25 1 U 5
26 0 U 25
27 0 L 17
28 0 L 12
29 1 U 28
30 0 U -1
31 0 U 30
32 1 L 21
33 0 L 5
34 0 L 12
35 0 U 34
36
0 1 U -1
1 1 L 0
2 0 U 1
3 0 U 2
4 0 U 3
5 0 U 0
6 1 U -1
7 0 U 6
8 1 U 7
9 1 U 8
10 0 U 1
11 0 L 7
12 1 U -1
13 0 U 12
14 0 U 9
15 1 L -1
16 0 L 15
17 0 U 16
18 0 U -1
19 1 U 18
20 1 U 19
21 1 U 9
22 0 L 3
23 0 U 22
24 0 U -1
25 1 U 5
26 0 U 25
27 0 U 26
28 0 U 27
29 1 U 28
30 0 U -1
31 0 U 30
32 1 L 21
33 0 U 32
34 0 L 12
35 0 U 34
36
0 1 U -1
1 1 U 0
2 0 U 1
3 0 U 2
4 0 U 3
5 0 U 0
6 1 U -1
7 0 U 6
8 1 U 7
9 1 U 8
10 0 U 1
11 1 U 10
12 1 U -1
13 0 U 12
14 1 U 13
15 0 U 14
16 1 L 9
17 0 L 13
18 0 U 7
19 0 U 18
20 1 U 19
21 1 U 7
22 0 L 3
23 0 U 22
24 0 U -1
25 1 U 5
26 0 U 25
27 0 U 26
28 0 U 27
29 1 U 28
30 0 U -1
31 0 U 30
32 1 L 21
33 0 U 32
34 0 L 8
35 0 U 34
36
0 1 U -1
1 1 U 0
2 0 U 1
3 0 L 1
4 0 U 3
5 0 U 0
6 1 U -1
7 0 U 6
8 1 U 7
9 1 U 8
10 1 L 1
11 1 U 10
12 1 U -1
13 0 U 12
14 1 U 13
15 0 U 14
16 0 L 15
17 0 U 16
18 0 U -1
19 1 U 18
20 0 U 2
21 1 U 7
22 0 L 3
23 0 U 22
24 0 U -1
25 1 U 5
26 0 U 25
27 0 U 26
28 0 U 27
29 1 U 28
30 0 U -1
31 1 U 6
32 1 L 21
33 0 U 32
34 0 L 12
35 0 U 34
36
0 1 U -1
1 1 U 0
2 0 U 1
3 0 U 2
4 0 U 3
5 0 U 0
6 1 L 5
7 0 U 6
8 1 U 7
9 1 U 8
10 0 U 1
11 1 U 10
12 1 U -1
13 0 U 12
14 1 U 13
15 0 U 14
16 0 L 15
17 0 U 16
18 0 U -1
19 1 U 18
20 1 L 19
21 1 U 7
22 0 L 3
23 0 U 22
24 0 U -1
25 0 L 1
26 0 U 25
27 0 U 26
28 0 L 0
29 1 U 28
30 0 U -1
31 0 U 30
32 1 L 21
33 0 U 32
34 0 L 12
35 0 U 34
36
0 1 U -1
1 1 U 0
2 0 U 1
3 0 U 2
4 0 U 3
5 0 U 0
6 1 U -1
7 0 U 6
8 1 U 7
9 1 U 8
10 0 U 1
11 1 U 10
12 1 U -1
13 0 U 12
14 1 U 13
15 0 U 14
16 0 L 15
17 0 U 3
18 0 U -1
19 1 U 18
20 1 U 19
21 1 U 7
22 0 L 3
23 0 U 22
24 0 U -1
25 1 U 5
26 0 U 25
27 0 U 26
28 0 U 27
29 1 U 28
30 0 U -1
31 0 U 30
32 0 U 1
33 0 U 32
34 0 L 12
35 0 U 34
36
0 1 U -1
1 1 U 0
2 0 U 1
3 0 U 2
4 0 U 3
5 0 U 0
6 1 U -1
7 0 U 6
8 1 U 7
9 1 U 8
10 0 U 1
11 1 U 10
12 1 U -1
13 1 U 11
14 1 U 13
15 0 U 14
16 0 L 15
17 0 U 16
18 0 U -1
19 1 U 18
20 1 U 19
21 1 U 7
22 0 L 6
23 0 U 22
24 0 U -1
25 1 U 5
26 0 U 25
27 0 U 26
28 0 U 27
29 1 U 28
30 0 U -1
31 0 U 30
32 1 L 21
33 0 U 32
34 0 L 12
35 0 U 34
36
0 0 L -1
1 1 U 0
2 0 U 1
3 0 U 2
4 1 L 3
5 0 U 0
6 1 U -1
7 0 U 6
8 1 U 7
9 1 U 8
10 0 U 1
11 1 U 10
12 1 U -1
13 0 U -1
14 1 U 7
15 0 U 14
16 0 L 15
17 0 U 16
18 0 U -1
19 1 U 18
20 1 U 19
21 1 U 7
22 0 L 3
23 0 U 22
24 1 L 22
25 1 U 5
26 0 U 25
27 0 U 26
28 0 U 27
29 1 U 28
30 0 U -1
31 0 U 17
32 1 L 21
33 0 U 32
34 0 L 12
35 0 U 34
36
0 1 U -1
1 1 U 0
2 0 U 1
3 0 U 2
4 0 U 3
5 0 U 0
6 1 U -1
7 0 U 6
8 1 U 7
9 1 U 8
10 0 U 1
11 1 U 10
12 1 U -1
13 0 U 12
14 1 U 13
15 0 U 14
16 0 L 15
17 0 U 16
18 0 U -1
19 1 U 18
20 1 U 19
21 1 U 7
22 0 L 3
23 0 U 22
24 0 U -1
25 1 U 5
26 0 U 25
27 0 U 26
28 0 U 27
29 1 U 28
30 0 U -1
31 1 L 19
32 1 L 21
33 0 U 32
34 0 L 23
35 0 U 34
36
0 1 L -1
1 1 U 0
2 0 U 1
3 0 U 2
4 0 U 3
5 0 U 0
6 1 U -1
7 0 U 6
8 1 U 7
9 1 U 8
10 0 U 5
11 1 U 10
12 1 U -1
13 0 U 12
14 1 U 13
15 0 U 14
16 0 L 15
17 0 U 7
18 0 U -1
19 1 U 18
20 1 U 19
21 1 U 7
22 0 L 3
23 1 L 11
24 0 U -1
25 1 U 5
26 0 U 25
27 0 U 26
28 0 U 27
29 1 U 28
30 1 L 2
31 0 U 30
32 0 L 19
33 0 U 32
34 0 L 12
35 0 U 34
36
0 1 U -1
1 1 U 0
2 0 U 1
3 0 U 2
4 0 U 3
5 0 U 0
6 1 U -1
7 0 U 6
8 1 U 7
9 1 U 8
10 0 U 1
11 1 U 10
12 1 U 1
13 0 U 12
14 1 U 13
15 0 U 14
16 0 L 15
17 1 U 3
18 0 U -1
19 1 U 18
20 1 U 19
21 1 U 7
22 0 L 3
23 0 U 22
24 0 U -1
25 1 U 5
26 0 U 25
27 0 U 26
28 0 U 27
29 1 U 28
30 0 U -1
31 0 U 30
32 1 L 8
33 0 U 32
34 0 L 12
35 0 U 34
36
0 0 L -1
1 1 U 0
2 0 U 1
3 0 U 2
4 0 U 3
5 0 U 0
6 1 U 3
7 0 U 6
8 1 U 3
9 1 U 8
10 0 U 1
11 1 U 10
12 1 U -1
13 0 U 12
14 1 U 13
15 0 U 14
16 0 L 15
17 0 U 16
18 0 U -1
19 1 U 18
20 1 U 19
21 1 U 7
22 1 U 13
23 0 U 22
24 0 U -1
25 1 U 5
26 0 U 25
27 0 U 26
28 0 U 27
29 1 U 28
30 0 U -1
31 1 U 5
32 1 L 21
33 0 U 32
34 0 L 12
35 0 U 34
36
0 1 U -1
1 1 U 0
2 0 U 1
3 0 U 2
4 0 U 3
5 0 U 0
6 1 U -1
7 0 U 6
8 1 U 7
9 1 U 8
10 0 U 1
11 1 U 10
12 1 U -1
13 0 U 12
14 1 U 13
15 0 U 14
16 0 L 15
17 0 U 16
18 0 U -1
19 1 U 18
20 1 U 19
21 1 U 7
22 0 L 3
23 0 L 22
24 0 U -1
25 1 U 5
26 0 U 25
27 0 U 26
28 0 U 27
29 1 U 28
30 0 L 27
31 0 U 30
32 1 L 21
33 0 U 32
34 0 L 12
35 0 U 34
36
0 1 U -1
1 1 U 0
2 0 U 1
3 0 U 2
4 0 U 3
5 0 U 0
6 1 L 1
7 0 U 6
8 1 U 7
9 1 U 8
10 0 U 1
11 1 U 10
12 1 U -1
13 0 U 12
14 1 U 13
15 0 U 14
16 0 L 15
17 0 U 16
18 0 U -1
19 1 U 18
20 1 U 19
21 1 U 7
22 0 L 3
23 0 L 2
24 0 U -1
25 1 U 5
26 0 U 25
27 0 U 26
28 0 U 27
29 1 U 28
30 0 U -1
31 0 U 30
32 1 L 21
33 0 U 32
34 0 L 12
35 0 U 34
36
0 1 U -1
1 1 U 0
2 0 U 1
3 0 U 2
4 0 U 3
5 0 U 0
6 1 U -1
7 0 U 6
8 1 U 7
9 1 U 8
10 0 U 1
11 1 U 10
12 1 U -1
13 0 U 12
14 1 U 13
15 0 U 14
16 0 L 15
17 0 U 16
18 0 U -1
19 0 L 13
20 1 U 19
21 1 U 7
22 0 U 8
23 0 U 22
24 0 U -1
25 1 U 5
26 0 U 25
27 0 U 26
28 0 U 27
29 1 U 28
30 0 U -1
31 0 U 21
32 1 L 21
33 0 U 32
34 0 L 12
35 0 U 34
36
0 1 U -1
1 1 U 0
2 0 U 1
3 1 U -1
4 0 U 3
5 0 U 0
6 1 U -1
7 0 U 6
8 1 U 7
9 1 U 8
10 0 U 1
11 1 U 10
12 1 U -1
13 0 U 7
14 1 U 13
15 0 U 14
16 0 L 15
17 0 U 0
18 0 U -1
19 1 U 18
20 0 L 10
21 1 U 7
22 0 L 3
23 0 U 22
24 0 U -1
25 1 U 5
26 0 U 25
27 0 U 26
28 0 U 27
29 1 U 28
30 0 U -1
31 0 U 30
32 1 L 21
33 0 U 32
34 0 L 12
35 0 U 34
36
0 1 U -1
1 1 U 0
2 0 U 1
3 0 U 2
4 0 U 3
5 0 U 0
6 1 U -1
7 0 U 6
8 1 U 7
9 1 U 7
10 0 U 1
11 1 U 10
12 1 U -1
13 0 U 12
14 1 U 13
15 0 U 14
16 0 L 15
17 0 U 16
18 0 U -1
19 1 U 18
20 1 U 19
21 1 U 7
22 0 L 3
23 0 U 22
24 0 U -1
25 1 U 5
26 1 U 9
27 0 U 26
28 0 U 16
29 1 U 28
30 0 U -1
31 0 U 30
32 1 L 28
33 0 U 32
34 0 L 12
35 0 U 34
36
0 1 U -1
1 1 U 0
2 0 U 1
3 0 U 2
4 0 U 3
5 0 U 0
6 1 U -1
7 0 U 6
8 1 U 7
9 1 U 8
10 0 U 1
11 1 U 10
12 1 U -1
13 0 U 12
14 1 U 13
15 0 U 14
16 0 L 15
17 0 U 16
18 0 U -1
19 1 U 5
20 1 U 19
21 1 U 7
22 0 L 3
23 0 U 22
24 0 U -1
25 1 U 5
26 0 U 25
27 0 U 26
28 0 U 27
29 1 U 28
30 0 U -1
31 0 U 30
32 1 L 21
33 0 U 32
34 1 U 24
35 1 L 31
36
0 1 U -1
1 1 U 0
2 0 U 1
3 0 U 2
4 1 U 3
5 1 U 2
6 1 U -1
7 0 U 6
8 1 U 7
9 1 U 8
10 0 U 1
11 1 U 10
12 1 U -1
13 0 U 12
14 1 U 13
15 0 U 14
16 0 L 15
17 0 U 16
18 0 U 12
19 1 U 18
20 1 U 19
21 1 U 7
22 0 L 3
23 0 U 22
24 0 U -1
25 1 U 5
26 0 U 25
27 0 U 26
28 1 U 16
29 1 U 28
30 1 L 22
31 0 U 30
32 1 L 21
33 0 U 32
34 0 L 12
35 0 L 4
36
0 1 U -1
1 1 U 0
2 0 U 1
3 0 U 2
4 0 U 3
5 0 U 0
6 1 U -1
7 0 U 6
8 1 U 7
9 1 U 8
10 0 U 1
11 1 U 10
12 1 U -1
13 0 U 12
14 1 U 13
15 0 U 14
16 0 L 15
17 0 U 16
18 0 U -1
19 1 L 14
20 1 U 10
21 1 U 7
22 0 L 3
23 0 U 22
24 0 U -1
25 1 U 5
26 0 U 25
27 0 U 26
28 0 U 27
29 1 U 28
30 0 U -1
31 0 U 30
32 1 L 21
33 0 U 8
34 0 L 12
35 0 U 34
36
0 1 U -1
1 1 U 0
2 0 U 1
3 0 U 2
4 0 U 2
5 0 U 0
6 1 U -1
7 0 U 6
8 1 U 7
9 1 U 8
10 0 U 1
11 1 U 10
12 0 L 9
13 0 U 12
14 1 U 13
15 0 U 7
16 0 L 15
17 0 U 16
18 0 U -1
19 1 U 18
20 1 L 11
21 1 U 7
22 0 L 3
23 0 U 22
24 0 U 0
25 1 U 5
26 0 U 25
27 0 U 26
28 0 U 27
29 1 U 28
30 0 U -1
31 0 U 30
32 1 L 21
33 0 U 32
34 1 L 13
35 0 U 34
36
0 1 U -1
1 1 U 0
2 0 U 1
3 0 U 2
4 0 U 3
5 0 L 2
6 1 U -1
7 0 U 6
8 1 L 0
9 1 U 8
10 0 U 1
11 1 U 10
12 1 U -1
13 0 U 12
14 1 U 13
15 0 U 14
16 0 L 15
17 0 U 16
18 0 U -1
19 1 U 18
20 1 U 19
21 1 U 7
22 0 L 3
23 0 U 22
24 0 U -1
25 1 U 5
26 0 U 25
27 0 U 26
28 0 U 27
29 1 U 28
30 0 U -1
31 0 U 30
32 1 L 21
33 0 U 32
34 0 L 12
35 0 L 22
36
0 1 U -1
1 1 U 0
2 0 U 1
3 0 U 2
4 0 U 3
5 0 U 0
6 1 U -1
7 0 U 6
8 1 U 7
9 1 U 8
10 0 U 1
11 1 U 10
12 1 U -1
13 0 U 12
14 1 U 13
15 0 U 14
16 0 L 15
17 0 U 16
18 0 U -1
19 1 U 18
20 1 U 19
21 1 U 7
22 0 L 3
23 0 U 22
24 0 U -1
25 1 U 5
26 0 U 25
27 0 U 26
28 0 U 27
29 0 L 12
30 0 U -1
31 0 U 30
32 1 L 21
33 0 U 32
34 0 L 12
35 0 U 34
36
0 1 L -1
1 1 U 0
2 0 U 1
3 0 U 2
4 0 U 3
5 0 U 0
6 1 U -1
7 0 U 6
8 1 U 7
9 1 U 8
10 0 U 1
11 1 U 10
12 1 U -1
13 0 U 12
14 1 U 13
15 0 U 14
16 0 L 15
17 0 U 16
18 0 U -1
19 1 U 18
20 1 U 19
21 1 U 7
22 0 L 3
23 0 U 22
24 0 U -1
25 1 U 5
26 0 U 25
27 0 U 26
28 0 U 27
29 1 U 28
30 0 U -1
31 0 U 30
32 1 L 21
33 0 U 32
34 0 L 12
35 0 U 34
36
0 1 U -1
1 1 U 0
2 0 U 1
3 0 L 2
4 0 U 3
5 0 U 0
6 1 U -1
7 0 U 6
8 1 U 7
9 1 U 8
10 0 U 1
11 1 U 10
12 1 U -1
13 0 U 12
14 1 U 13
15 0 U 14
16 0 L 15
17 0 U 16
18 1 L 15
19 1 U 18
20 1 U 19
21 1 U 7
22 0 L 3
23 0 U 22
24 0 U -1
25 1 U 20
26 0 U 25
27 0 U 6
28 0 U 27
29 1 U 28
30 0 U -1
31 0 U 30
32 0 L 28
33 0 U 32
34 0 L 12
35 0 U 34
36
0 1 U -1
1 1 U 0
2 0 U 1
3 0 U 2
4 0 U 3
5 0 U 0
6 1 U -1
7 0 U 6
8 1 U 7
9 1 U 4
10 0 U 1
11 1 U 10
12 1 U -1
13 0 U 12
14 1 U 13
15 0 U 14
16 0 L 15
17 0 U 16
18 0 U -1
19 1 U 18
20 1 U 19
21 1 U 7
22 0 L 3
23 0 U 22
24 0 U -1
25 1 U 5
26 0 U 25
27 0 U 26
28 0 U 27
29 1 U 28
30 0 U -1
31 0 L 4
32 1 L 21
33 0 U 32
34 1 L 27
35 0 U 34
36
0 1 U -1
1 1 U 0
2 0 U 1
3 0 U 2
4 0 U 3
5 0 U 0
6 1 U -1
7 0 U 6
8 1 U 7
9 1 U 8
10 0 U 1
11 1 U 10
12 1 U -1
13 0 U 12
14 1 L 8
15 0 U 14
16 0 L 15
17 1 U 12
18 0 U -1
19 1 U 12
20 1 U 19
21 1 U 7
22 0 L 3
23 0 U 22
24 0 U -1
25 1 U 5
26 0 U 25
27 0 U 26
28 0 U 27
29 1 U 28
30 0 U -1
31 1 L 29
32 1 L 21
33 0 L 31
34 0 L 12
35 0 U 34
