44
0 0 U -1
1 1 U 0
2 1 U 1
3 0 U 2
4 1 U 3
5 1 U 4
6 1 U -1
7 1 U 6
8 0 U 7
9 1 U 8
10 0 U 9
11 0 U 10
12 1 U -1
13 0 U 12
14 1 U 13
15 0 U 14
16 0 U 15
17 0 U 16
18 1 U -1
19 0 U 18
20 0 U 19
21 0 U 20
22 0 U 21
23 0 U 22
24 0 U -1
25 1 U 24
26 0 U 25
27 0 U 26
28 1 U 27
29 1 U 28
30 1 U -1
31 1 U 30
32 0 U 31
33 1 U 32
34 1 U 33
35 0 U 34
36 1 U -1
37 0 U 36
38 1 U 37
39 1 U 38
40 1 U 39
41 0 U 40
42 0 U -1
43 1 U 42
44
0 0 U -1
1 0 U 0
2 1 U 1
3 0 U 2
4 1 U 3
5 1 U 4
6 1 U -1
7 1 U 6
8 0 U 7
9 1 U 6
10 0 U 9
11 0 U 10
12 1 U -1
13 1 U 0
14 1 U 13
15 0 U 14
16 0 U 15
17 0 U 16
18 1 U -1
19 0 U 18
20 0 U 19
21 1 U 1
22 0 U 21
23 0 U 22
24 0 U -1
25 1 U 24
26 0 U 25
27 0 U 26
28 1 U 27
29 1 U 28
30 1 U -1
31 1 U 30
32 0 U 31
33 1 U 32
34 1 U 33
35 0 U 34
36 1 U -1
37 0 U 36
38 0 L 18
39 1 U 38
40 1 U 39
41 0 U 40
42 0 U -1
43 1 U 42
44
0 0 U -1
1 0 U 0
2 1 U 1
3 0 U 2
4 1 U 3
5 1 U 4
6 1 U -1
7 1 U 6
8 0 U 7
9 1 U 6
10 0 U 9
11 0 U 10
12 1 U -1
13 1 U 0
14 1 U 13
15 0 U 14
16 0 U 15
17 0 U 16
18 1 U -1
19 0 U 18
20 0 U 19
21 1 U 1
22 0 U 21
23 0 U 22
24 0 U -1
25 1 U 24
26 0 U 25
27 0 U 26
28 1 U 27
29 1 U 28
30 1 U -1
31 1 U 30
32 0 U 31
33 1 U 32
34 1 U 33
35 0 U 34
36 1 U -1
37 0 U 36
38 0 L 18
39 1 U 38
40 1 U 39
41 0 U 40
42 0 U -1
43 1 U 42
44
0 0 U -1
1 0 U 0
2 1 U 1
3 0 U 2
4 1 U 3
5 1 U 4
6 1 U -1
7 1 U 6
8 0 U 7
9 1 U 6
10 0 U 9
11 0 U 10
12 0 U 9
13 1 U 0
14 1 U 13
15 0 U 14
16 0 U 15
17 0 U 16
18 0 U 15
19 0 U 18
20 0 U 19
21 1 U 1
22 0 U 21
23 0 U 22
24 0 U -1
25 1 U 24
26 0 U 25
27 0 U 26
28 1 U 27
29 1 U 1
30 1 U -1
31 1 U 30
32 0 U 31
33 1 U 32
34 1 L 33
35 0 U 34
36 1 U -1
37 0 U 36
38 0 L 18
39 1 L 5
40 1 U 9
41 0 U 40
42 1 L 28
43 1 U 42
44
0 0 U -1
1 0 U 0
2 1 U 1
3 0 U 2
4 1 U 3
5 1 U 4
6 1 U -1
7 0 U 6
8 0 U 7
9 1 U 6
10 0 U 9
11 0 U 10
12 1 U -1
13 1 U 0
14 1 U 13
15 1 U 4
16 0 U 15
17 0 U 16
18 1 L 2
19 0 U 18
20 0 U 19
21 1 U 1
22 0 U 21
23 0 U 22
24 0 U -1
25 1 U 24
26 0 U 25
27 0 U 26
28 1 U 27
29 1 U 28
30 0 U 25
31 1 U 30
32 0 U 31
33 1 U 32
34 1 U 33
35 0 U 34
36 1 U -1
37 0 U 36
38 0 L 18
39 1 U 38
40 1 U 39
41 0 U 40
42 0 U -1
43 1 U 42
44
0 0 U -1
1 0 U 0
2 1 U 1
3 0 U 2
4 1 U 3
5 1 U 4
6 1 U -1
7 1 L 2
8 0 U 7
9 1 U 6
10 0 U 9
11 0 U 10
12 1 U -1
13 1 U 0
14 1 U 13
15 0 U 14
16 0 U 15
17 1 L 6
18 1 U -1
19 0 U 18
20 0 U 19
21 1 U 1
22 0 U 21
23 0 U 22
24 0 U -1
25 1 U 24
26 0 U 25
27 0 U 26
28 1 U 27
29 1 U 28
30 1 U 2
31 1 U 30
32 0 U 31
33 1 U 26
34 1 U 33
35 0 L 2
36 1 U -1
37 0 U 36
38 0 L 18
39 1 U 38
40 1 U 39
41 0 U 40
42 0 U -1
43 1 U 42
44
0 0 U -1
1 0 U 0
2 1 U 1
3 0 U 2
4 1 U 3
5 0 L 2
6 1 U -1
7 1 U 6
8 0 U 7
9 1 U 6
10 1 U 8
11 0 U 10
12 1 U -1
13 1 U 0
14 1 U 13
15 0 U 14
16 0 U 15
17 0 U 16
18 1 U -1
19 0 U 18
20 0 U 19
21 1 U 1
22 0 U 21
23 0 U 22
24 0 U -1
25 1 U 24
26 0 U 25
27 0 U 26
28 1 U 27
29 1 U 28
30 1 U -1
31 1 U 30
32 0 U 31
33 1 U 32
34 1 U 33
35 0 U 34
36 1 U -1
37 0 U 36
38 0 U 1
39 1 U 38
40 1 U 39
41 0 U 40
42 0 U -1
43 1 U 42
44
0 0 U -1
1 0 U 0
2 1 U 1
3 0 U 2
4 1 U 3
5 1 U 4
6 1 U -1
7 1 U 6
8 0 U 7
9 1 U 6
10 0 U 9
11 0 L -1
12 1 U -1
13 1 U 0
14 1 U 13
15 0 U 14
16 0 U 15
17 0 U 16
18 1 U -1
19 0 L 7
20 0 U 19
21 1 U 1
22 1 U 1
23 0 U 22
24 0 U -1
25 1 U 24
26 0 U 25
27 0 U 26
28 1 U 27
29 1 U 28
30 1 U -1
31 1 U 30
32 0 U 31
33 1 U 32
34 1 U 33
35 0 U 34
36 0 U 21
37 0 U 36
38 0 L 18
39 1 U 38
40 1 U 39
41 0 U 40
42 0 U -1
43 1 U 42
44
0 0 U -1
1 0 U 0
2 1 U 1
3 0 U 2
4 1 U 3
5 1 U 4
6 1 U -1
7 1 U 6
8 0 U 7
9 1 U 6
10 0 U 9
11 1 U -1
12 1 U -1
13 1 L 6
14 1 U 13
15 0 U 14
16 0 U 15
17 0 U 16
18 1 U -1
19 0 U 18
20 0 U 19
21 1 U 1
22 0 U 21
23 0 U 22
24 0 U -1
25 1 U 24
26 0 U 25
27 0 U 26
28 0 L 3
29 1 U 28
30 0 L 3
31 1 U 30
32 0 U 19
33 1 U 32
34 1 U 33
35 0 U 34
36 1 U -1
37 0 U 36
38 0 L 18
39 1 L 23
40 1 U 39
41 0 U 40
42 0 U -1
43 1 U 42
44
0 0 U -1
1 0 U 0
2 1 U 1
3 0 L -1
4 1 U 3
5 1 U 4
6 1 U -1
7 1 U 6
8 0 U 7
9 0 L 7
10 0 U 9
11 0 U 10
12 1 U 7
13 1 U 0
14 1 U 13
15 0 U 14
16 0 U 15
17 0 U 9
18 1 U -1
19 0 U 18
20 0 U 19
21 1 U 1
22 0 U 21
23 0 U 22
24 0 U -1
25 1 U 24
26 0 U 25
27 0 U 26
28 1 U 27
29 1 U 28
30 1 U -1
31 1 U 30
32 0 U 31
33 1 U 32
34 1 U 33
35 0 U 34
36 1 U -1
37 0 U 36
38 0 L 18
39 1 U 38
40 1 U 39
41 0 U 40
42 0 U -1
43 1 U 42
44
0 0 U -1
1 0 U 0
2 1 U 1
3 0 U 2
4 1 U 3
5 1 U 4
6 1 U -1
7 1 U 6
8 0 U 7
9 1 U 6
10 0 U 9
11 0 U 10
12 1 U -1
13 1 U 0
14 0 U 13
15 1 U 2
16 0 U 15
17 0 U 16
18 1 U -1
19 0 U 18
20 0 U 19
21 1 U 1
22 0 U 5
23 0 U 22
24 0 U -1
25 1 U 24
26 0 U 25
27 0 U 26
28 1 U 27
29 1 U 28
30 1 U -1
31 1 U 30
32 0 U 31
33 1 U 32
34 1 U 33
35 0 U 34
36 1 U -1
37 0 U 36
38 1 U 35
39 1 U 38
40 0 L -1
41 0 U 40
42 0 U -1
43 1 U 42
44
0 0 U -1
1 0 U 0
2 1 U 1
3 0 U 2
4 1 U 3
5 1 U 4
6 1 U -1
7 1 U 6
8 0 U 7
9 1 U 6
10 0 U 9
11 0 U 10
12 1 U -1
13 1 U 0
14 1 U 13
15 0 U 14
16 0 U 15
17 0 U 16
18 1 U -1
19 0 U 18
20 0 U 19
21 1 U 1
22 0 U 21
23 0 U 22
24 0 U -1
25 1 U 24
26 0 U 25
27 0 U 26
28 1 U 27
29 1 U 28
30 1 U -1
31 1 U 30
32 0 U 31
33 1 U 32
34 1 U 33
35 0 U 34
36 1 U -1
37 0 U 36
38 0 L 18
39 0 L -1
40 1 U 5
41 0 U 40
42 0 U -1
43 1 L 28
44
0 0 U -1
1 0 U 0
2 1 U 1
3 0 U 2
4 1 U 3
5 1 U 4
6 1 U -1
7 1 U 6
8 0 U 7
9 1 U 6
10 0 U 9
11 0 U 10
12 1 U -1
13 1 U 0
14 1 U 13
15 0 U 14
16 0 U 15
17 0 U 16
18 1 U -1
19 0 L 0
20 0 U 19
21 1 U 1
22 0 U 21
23 0 U 22
24 0 U -1
25 1 L 18
26 0 U 25
27 0 U 26
28 1 U 27
29 1 U 28
30 1 U -1
31 1 U 30
32 0 U 31
33 1 U 32
34 1 U 33
35 0 U 34
36 1 U -1
37 0 U 36
38 0 L 18
39 1 U 38
40 1 U 39
41 0 U 40
42 0 U -1
43 1 U 42
44
0 0 U -1
1 0 U 0
2 1 U 1
3 0 U 2
4 1 U 3
5 1 U 4
6 1 U -1
7 1 U 6
8 0 L 6
9 1 U 6
10 0 U 9
11 0 U 10
12 1 U -1
13 0 L 3
14 1 U 13
15 0 U 14
16 0 U 15
17 0 L -1
18 1 U -1
19 0 U 18
20 0 U 19
21 1 U 1
22 0 U 21
23 0 U 22
24 0 U -1
25 1 U 24
26 0 U 25
27 0 U 26
28 1 U 27
29 1 U 28
30 0 L 8
31 1 U 30
32 0 U 31
33 1 U 32
34 0 U 29
35 0 U 34
36 1 U -1
37 0 U 36
38 0 L 18
39 1 U 38
40 1 U 39
41 0 U 40
42 1 L 23
43 1 U 42
44
0 0 U -1
1 0 U 0
2 1 U 1
3 0 U 2
4 1 U 3
5 1 U 4
6 1 U -1
7 1 U 6
8 0 U 7
9 1 U 6
10 0 U 9
11 0 U 10
12 1 U -1
13 1 U 0
14 1 U 13
15 0 U 14
16 0 U 15
17 0 U 16
18 1 U -1
19 0 U 18
20 0 U 19
21 1 U 1
22 0 U 21
23 0 U 22
24 0 U -1
25 1 U 24
26 0 U 25
27 0 U 22
28 1 U 27
29 1 U 28
30 1 U -1
31 1 U 30
32 1 L 0
33 1 U 32
34 1 U 33
35 0 U 34
36 1 U -1
37 0 U 36
38 0 L 18
39 1 U 38
40 1 U 39
41 0 L 0
42 0 U 6
43 1 U 9
44
0 1 L -1
1 0 L 0
2 1 U 1
3 0 U 2
4 1 U 3
5 1 U 2
6 1 U -1
7 1 U 6
8 0 U 7
9 1 U 6
10 0 U 9
11 0 U 10
12 1 U -1
13 1 U 0
14 1 U 13
15 0 U 14
16 0 U 15
17 0 U 16
18 0 U 11
19 0 U 18
20 1 U 4
21 1 U 1
22 0 U 21
23 0 U 22
24 0 U -1
25 1 U 24
26 0 U 25
27 0 U 26
28 1 U 27
29 1 U 28
30 1 U -1
31 1 U 14
32 0 L -1
33 1 U 32
34 1 U 27
35 0 U 34
36 1 U -1
37 0 U 36
38 0 L 18
39 1 U 38
40 1 U 39
41 0 U 40
42 0 U -1
43 1 U 42
44
0 0 U -1
1 0 U 0
2 1 U 1
3 0 U 2
4 1 U 3
5 1 U 4
6 1 U -1
7 1 U 6
8 0 U 7
9 1 U 6
10 0 U 9
11 0 U 10
12 1 U -1
13 1 U 0
14 1 U 13
15 0 U 14
16 0 U 15
17 0 U 16
18 1 U -1
19 0 U 18
20 0 U 19
21 1 U 1
22 0 U 21
23 1 U 6
24 0 U -1
25 1 U 24
26 0 U 25
27 0 U 26
28 1 U 27
29 1 U 28
30 1 U -1
31 1 U 30
32 0 U 31
33 1 U 32
34 1 U 33
35 0 U 34
36 1 U -1
37 0 U 36
38 0 L 18
39 1 U 38
40 1 U 7
41 0 U 40
42 0 U -1
43 0 U 42
44
0 0 U -1
1 0 U 0
2 1 U 1
3 0 U 2
4 1 U 3
5 1 U 4
6 1 U -1
7 1 U 6
8 0 U 7
9 1 U 6
10 0 L 5
11 0 U 10
12 1 U -1
13 1 U 0
14 1 U 13
15 0 U 14
16 0 L 10
17 0 U 16
18 1 U -1
19 0 U 18
20 0 U 19
21 0 U 5
22 0 U 21
23 0 U 22
24 0 U -1
25 1 U 24
26 0 U 25
27 0 U 26
28 1 U 27
29 1 U 28
30 1 U -1
31 1 U 30
32 0 U 31
33 0 U 11
34 1 U 33
35 0 U 34
36 1 U -1
37 0 U 36
38 0 L 18
39 1 U 38
40 1 U 39
41 0 U 40
42 0 U -1
43 1 U 42
44
0 0 U -1
1 1 U 0
2 1 U 1
3 0 U 2
4 1 U 3
5 0 U 4
6 1 U -1
7 1 U 6
8 0 U 0
9 1 U 7
10 0 U 9
11 0 U 10
12 1 U -1
13 1 U 0
14 1 U 13
15 0 U 14
16 0 U 15
17 0 U 16
18 1 U -1
19 0 U 18
20 0 U 19
21 1 U 1
22 1 U 1
23 0 U 22
24 1 L 5
25 1 U 24
26 0 U 25
27 0 U 26
28 1 U 27
29 1 U 28
30 1 U -1
31 1 U 30
32 0 U 31
33 1 U 32
34 1 U 33
35 0 U 34
36 1 U -1
37 0 U 36
38 0 L 18
39 0 L 16
40 1 U 39
41 1 U 10
42 0 U -1
43 1 U 42
44
0 0 U -1
1 0 L -1
2 1 U 1
3 1 U 0
4 1 U 3
5 1 U 4
6 1 L -1
7 1 U 6
8 0 U 7
9 1 U 6
10 0 U 9
11 0 U 10
12 1 U -1
13 1 U 0
14 1 U 13
15 0 U 14
16 0 U 15
17 0 U 16
18 1 U -1
19 0 U 18
20 0 U 19
21 1 U 1
22 1 L 16
23 0 U 22
24 0 U -1
25 1 U 24
26 0 U 25
27 0 U 26
28 1 U 27
29 1 U 28
30 1 U -1
31 1 U 30
32 0 U 31
33 0 L 19
34 1 U 33
35 0 U 34
36 1 U -1
37 0 U 36
38 1 L 36
39 1 U 38
40 1 U 39
41 0 U 40
42 0 U -1
43 1 U 42
44
0 0 U -1
1 1 U -1
2 1 U 1
3 0 U 2
4 1 U 3
5 1 U 4
6 1 U -1
7 1 U 6
8 0 U 7
9 1 U 6
10 0 U 4
11 0 U 10
12 1 U -1
13 1 U 1
14 1 U 13
15 0 U 14
16 0 U 15
17 0 U 16
18 1 U -1
19 0 U 18
20 0 U 19
21 1 U 1
22 0 U 21
23 0 U 22
24 0 U -1
25 1 U 24
26 0 U 25
27 0 U 26
28 1 U 27
29 1 U 28
30 1 U -1
31 1 U 30
32 0 U 31
33 0 U 17
34 1 U 33
35 0 U 34
36 1 U -1
37 0 U 36
38 0 L 18
39 1 U 38
40 1 U 39
41 0 U 40
42 0 U -1
43 1 U 42
44
0 0 U -1
1 0 U 0
2 1 U 1
3 0 U 2
4 1 U 3
5 1 U 4
6 0 U 3
7 1 U 6
8 0 U 7
9 0 U 5
10 0 U 9
11 0 U 10
12 1 U -1
13 1 U 0
14 1 U 13
15 0 U 14
16 1 U 2
17 0 U 16
18 1 U -1
19 1 L 8
20 0 U 19
21 1 U 1
22 1 L 10
23 0 U 22
24 0 U -1
25 1 U 24
26 0 U 25
27 0 U 26
28 1 U 27
29 1 U 28
30 1 U -1
31 0 L 19
32 0 U 31
33 1 U 32
34 1 U 33
35 0 U 34
36 1 U -1
37 0 U 36
38 0 L 18
39 1 U 38
40 1 U 39
41 0 U 40
42 0 U -1
43 0 L 32
44
0 0 U -1
1 0 U -1
2 1 U 1
3 1 L 1
4 1 U 3
5 1 U 4
6 1 U -1
7 1 U 6
8 1 L 7
9 1 U 6
10 0 U 9
11 0 U 10
12 1 U -1
13 1 U 0
14 1 U 13
15 0 U 14
16 0 U 15
17 0 U 16
18 1 U -1
19 0 U 18
20 0 U 19
21 1 U 1
22 0 U 21
23 1 L 22
24 0 U -1
25 1 U 24
26 0 U 25
27 0 U 26
28 1 U 27
29 1 U 28
30 1 U -1
31 1 U 30
32 0 U 31
33 1 U 32
34 1 U 33
35 0 U 34
36 0 L 1
37 0 U 36
38 0 L 18
39 1 U 23
40 1 U 39
41 1 U 39
42 0 U -1
43 1 U 42
44
0 0 U -1
1 0 U 0
2 1 U 1
3 0 U 2
4 1 U 3
5 1 U 4
6 1 U -1
7 1 U 6
8 0 U 7
9 1 U 6
10 0 U 9
11 0 U 10
12 1 U -1
13 1 U 0
14 1 U 13
15 0 U 14
16 1 U 3
17 0 U 16
18 0 L 4
19 0 U 18
20 0 U 19
21 1 U 1
22 0 U 21
23 0 U 22
24 0 U -1
25 1 U 24
26 0 U 25
27 0 U 26
28 1 U 27
29 1 U 28
30 1 U -1
31 1 U 30
32 0 U 31
33 1 U 32
34 1 U 33
35 0 U 34
36 1 U -1
37 1 U 13
38 0 L 18
39 1 U 38
40 1 U 39
41 0 U 40
42 0 U -1
43 1 U 42
44
0 0 U -1
1 0 U 0
2 1 U 1
3 0 U 2
4 1 U 3
5 1 U 4
6 1 U -1
7 1 U 6
8 0 U 7
9 1 U 6
10 0 U 9
11 0 U 10
12 1 U -1
13 1 U 0
14 1 U 13
15 0 U 14
16 0 U 15
17 1 L 9
18 1 U -1
19 0 U 18
20 0 U 19
21 1 U 1
22 0 U 21
23 0 U 22
24 0 U -1
25 1 U 24
26 0 U 25
27 0 U 26
28 1 U 27
29 1 U 28
30 1 U -1
31 1 U 30
32 0 U 31
33 1 U 32
34 1 U 33
35 0 U 34
36 1 U -1
37 0 U 36
38 0 L 18
39 1 U 38
40 1 U 39
41 0 U 40
42 0 U -1
43 1 U 42
44
0 0 U -1
1 0 U 0
2 0 U 1
3 0 U 2
4 1 U 3
5 0 U 4
6 1 U -1
7 1 U 6
8 0 U 7
9 1 U 6
10 0 U 9
11 0 U 10
12 1 U -1
13 0 U 11
14 1 U 13
15 0 U 14
16 0 U 15
17 0 U 16
18 1 U -1
19 0 U 18
20 0 U 19
21 1 U 1
22 0 U 21
23 0 U 22
24 0 U -1
25 1 U 24
26 0 U 25
27 0 U 26
28 1 U 27
29 1 U 28
30 1 U -1
31 1 U 30
32 0 U 10
33 1 U 32
34 1 U 33
35 0 L 24
36 1 U -1
37 0 U 36
38 0 L 18
39 1 U 25
40 1 L 27
41 0 U 40
42 0 U -1
43 1 U 42
44
0 1 U -1
1 0 U 0
2 1 U 1
3 0 U 2
4 1 U 3
5 1 U 4
6 1 U -1
7 1 U 6
8 0 U 1
9 1 U 6
10 0 U 9
11 0 U 10
12 1 U 7
13 1 U 0
14 1 U 13
15 0 U 14
16 0 U 15
17 0 U 16
18 1 U -1
19 0 U 18
20 0 U 19
21 1 U 1
22 0 U 21
23 0 U 22
24 0 U -1
25 1 L 9
26 0 U 25
27 0 U 26
28 1 U 27
29 1 U 28
30 1 U -1
31 1 U 30
32 0 U 31
33 1 U 32
34 1 U 33
35 0 U 34
36 1 U -1
37 0 U 36
38 0 L 18
39 1 U 38
40 1 U 39
41 0 U 40
42 0 U -1
43 1 U 42
44
0 0 U -1
1 0 U 0
2 1 U -1
3 0 U 2
4 1 L 1
5 1 U 4
6 1 U -1
7 1 U 6
8 0 U 7
9 1 L 6
10 0 U 9
11 0 U 10
12 1 U -1
13 1 U 0
14 0 U 5
15 0 U 14
16 0 U 15
17 0 U 16
18 1 U -1
19 0 L -1
20 0 U 19
21 1 U 1
22 0 U 21
23 0 U 22
24 0 U -1
25 1 U 24
26 0 U 25
27 0 U 26
28 1 U 27
29 1 U 28
30 1 U -1
31 1 U 30
32 0 U 31
33 1 U 32
34 1 U 33
35 0 U 34
36 1 U -1
37 0 U 36
38 0 L 18
39 1 U 38
40 1 U 39
41 0 U 40
42 0 U -1
43 1 U 42
44
0 0 U -1
1 0 U 0
2 1 U 1
3 0 U 2
4 1 U 3
5 1 U -1
6 1 U -1
7 1 U 6
8 0 L 2
9 0 U -1
10 0 U 9
11 0 U 10
12 1 U -1
13 1 U 0
14 1 U 13
15 0 U 14
16 0 U 15
17 0 U 16
18 1 U -1
19 0 U 18
20 0 U 19
21 1 U 1
22 0 U 21
23 0 U 22
24 0 U -1
25 1 U 24
26 0 U 25
27 0 U 26
28 1 U 27
29 1 U 28
30 1 U -1
31 0 U 19
32 0 U 31
33 1 U 32
34 1 U 33
35 0 U 34
36 1 U -1
37 0 U 36
38 0 L 18
39 1 U 38
40 1 U 39
41 0 U 40
42 0 U -1
43 1 U 42
44
0 0 U -1
1 0 U 0
2 1 U 1
3 0 U 2
4 1 L 3
5 1 U 4
6 1 U -1
7 1 U 6
8 0 U 7
9 1 U 6
10 0 U 9
11 0 U 10
12 1 U -1
13 1 U 0
14 1 U 13
15 0 U 14
16 0 U 15
17 0 L 13
18 1 U -1
19 0 U 18
20 0 U 19
21 1 U 1
22 0 U 21
23 1 L 16
24 0 U -1
25 1 U 24
26 0 U 25
27 0 U 23
28 1 U 27
29 1 U 28
30 1 U -1
31 1 U 30
32 0 U 31
33 1 U 32
34 1 U 33
35 0 U 34
36 1 U -1
37 0 U 36
38 0 L 18
39 1 U 38
40 1 U 39
41 0 U 40
42 0 U -1
43 1 U 42
44
0 0 U -1
1 0 U 0
2 1 U 1
3 0 U 2
4 1 U 3
5 1 U 4
6 1 U -1
7 1 U 6
8 0 U 7
9 1 U 6
10 0 U 9
11 0 U 10
12 1 U -1
13 1 U 0
14 1 U 13
15 0 U 14
16 1 U 0
17 0 U 16
18 1 U 15
19 0 U 18
20 0 U 19
21 1 U 1
22 0 U 21
23 0 U 20
24 0 U -1
25 1 U 24
26 0 U 25
27 0 U 26
28 1 U 27
29 1 U 28
30 1 U -1
31 1 U 30
32 1 L 30
33 1 U 32
34 1 U 33
35 0 U 34
36 0 U 0
37 0 U 36
38 0 L 18
39 1 U 38
40 1 U 39
41 0 U 40
42 0 U -1
43 1 U 28
44
0 0 U -1
1 0 U 0
2 1 U 1
3 1 U 0
4 1 U -1
5 1 U 4
6 1 U -1
7 1 U 6
8 0 U 7
9 0 U 3
10 0 U 9
11 0 U 10
12 1 U -1
13 1 U 0
14 1 U 13
15 0 U 14
16 1 U 14
17 0 U 16
18 1 U -1
19 0 U 18
20 1 L 11
21 1 U 1
22 0 U 21
23 0 U 22
24 1 U 5
25 1 U 24
26 0 U 25
27 0 U 26
28 1 U 27
29 1 U 28
30 1 U -1
31 1 U 30
32 0 U 31
33 0 L 4
34 1 U 33
35 0 U 34
36 1 U -1
37 0 U 36
38 0 L 18
39 1 U 38
40 1 L 21
41 0 U 40
42 0 U -1
43 1 U 42
44
0 0 U -1
1 0 U 0
2 1 U 1
3 1 U 2
4 1 U 3
5 1 U 4
6 1 U -1
7 1 U 6
8 0 U 7
9 1 U 6
10 0 U 9
11 1 L -1
12 1 U -1
13 1 U 0
14 1 U 13
15 0 U 14
16 0 U 15
17 0 U 16
18 1 U -1
19 0 U 18
20 0 U 19
21 1 U 1
22 0 U 21
23 0 U 22
24 0 U -1
25 1 U 24
26 0 U 22
27 0 U 2
28 1 U 27
29 1 U 28
30 1 U -1
31 1 U 30
32 0 U 31
33 1 U 32
34 1 U 33
35 1 L 29
36 1 U -1
37 0 U 36
38 0 L 18
39 1 U 38
40 1 U 39
41 0 U 40
42 0 U -1
43 1 U 42
44
0 0 U -1
1 0 U 0
2 1 U 1
3 0 U 2
4 1 U 3
5 1 L 2
6 1 U -1
7 1 U 6
8 0 U 7
9 0 L 0
10 0 U 5
11 0 U 10
12 1 U -1
13 1 U 0
14 1 U 13
15 0 U 14
16 0 U 15
17 0 U 16
18 1 U -1
19 0 U 18
20 0 U 19
21 1 U 1
22 0 U 21
23 0 U 22
24 0 U -1
25 1 U 24
26 0 U 25
27 0 U 17
28 1 U 27
29 1 U 28
30 1 U -1
31 1 U 30
32 0 U 31
33 1 U 32
34 1 U 33
35 0 U 34
36 1 U -1
37 0 U 36
38 0 L 18
39 1 U 38
40 1 U 39
41 0 U 40
42 0 U -1
43 1 U 42
44
0 0 U -1
1 0 U 0
2 1 U 1
3 0 U 2
4 1 U 3
5 1 U 4
6 1 U -1
7 1 U 6
8 0 U 7
9 1 U 6
10 0 U 9
11 0 L 7
12 1 U -1
13 1 U 0
14 1 U 13
15 0 U 14
16 0 U 15
17 1 L 13
18 1 U -1
19 0 U 5
20 0 U 19
21 1 U 1
22 0 U 21
23 0 U 22
24 0 U -1
25 1 U 24
26 0 U 25
27 0 U 26
28 1 U 27
29 1 U 28
30 1 U -1
31 1 U 30
32 0 U 31
33 1 U 32
34 1 U 33
35 0 U 34
36 1 U -1
37 0 U 36
38 0 L 18
39 1 U 38
40 1 U 39
41 0 U 40
42 0 U -1
43 1 U 42
44
0 0 U -1
1 1 L -1
2 1 U 1
3 0 U 2
4 1 U 3
5 1 U 4
6 1 U -1
7 1 U 6
8 0 U 7
9 1 U 6
10 0 U 9
11 0 U 10
12 1 U -1
13 1 U 0
14 1 U 13
15 0 U 14
16 0 U 15
17 0 U 16
18 1 U -1
19 0 U 18
20 0 U 19
21 1 U 1
22 0 U 21
23 0 U 22
24 0 U -1
25 1 U 24
26 0 U 25
27 0 L 7
28 1 U 27
29 1 U 28
30 1 U -1
31 1 U 30
32 0 U 31
33 1 U 32
34 1 U 33
35 0 U 34
36 1 U -1
37 1 L 12
38 0 L 18
39 0 U 32
40 1 U 39
41 0 U 40
42 0 U -1
43 1 U 42
44
0 0 U -1
1 0 U 0
2 1 U 1
3 0 U 2
4 1 U 3
5 1 U 4
6 1 U -1
7 1 U 0
8 0 U 7
9 1 U 6
10 0 U 9
11 0 U 10
12 1 U -1
13 1 U 0
14 1 U 13
15 0 U 14
16 0 U 15
17 0 U 16
18 1 U -1
19 0 U 18
20 0 U 19
21 1 U 1
22 1 U 19
23 0 U 22
24 0 U -1
25 1 U 24
26 0 U 25
27 0 U 26
28 1 U 27
29 1 U 8
30 1 U -1
31 1 U 30
32 0 U 31
33 1 U 32
34 1 U 33
35 0 U 34
36 1 U 19
37 0 U 36
38 1 U 35
39 1 U 38
40 1 U 39
41 0 U 40
42 0 U -1
43 1 U 42
44
0 0 U -1
1 1 L -1
2 1 U 1
3 0 U 2
4 1 U 3
5 1 U 4
6 1 U -1
7 1 U 6
8 0 U 7
9 1 U 6
10 0 U 9
11 0 U 10
12 1 U -1
13 1 U 0
14 1 U 13
15 0 U 14
16 0 U 15
17 0 U 16
18 1 U -1
19 0 U 18
20 0 U 5
21 1 U 1
22 1 L 11
23 0 U 22
24 0 U -1
25 1 U 24
26 0 U 25
27 0 U 26
28 1 U 27
29 1 U 28
30 1 U -1
31 1 U 30
32 0 U 31
33 1 U 32
34 1 U 33
35 0 U 7
36 1 U -1
37 0 U 36
38 0 L 18
39 1 U 38
40 1 U 39
41 0 U 40
42 0 U -1
43 1 U 42
