83
0 1 U -1
1 0 U 0
2 0 U 1
3 1 U 2
4 0 U 3
5 0 U 4
6 0 U 5
7 0 U 6
8 1 U 7
9 0 U -1
10 1 U 9
11 0 U 10
12 0 U 11
13 0 U 12
14 0 U 13
15 1 U 14
16 1 U 15
17 0 U 16
18 1 U -1
19 1 U 18
20 0 U 19
21 0 U 20
22 1 U 21
23 1 U 22
24 0 U 23
25 1 U 24
26 1 U 25
27 1 U -1
28 1 U 27
29 0 U 28
30 1 U 29
31 0 U 30
32 1 U 31
33 0 U 32
34 0 U 33
35 0 U 34
36 0 U -1
37 1 U 36
38 1 U 37
39 1 U 38
40 0 U 39
41 0 U 40
42 1 U 41
43 0 U 42
44 1 U 43
45 1 U -1
46 1 U 45
47 1 U 46
48 1 U 47
49 0 U 48
50 1 U 49
51 1 U 50
52 1 U 51
53 1 U 52
54 1 U -1
55 1 U 54
56 0 U 55
57 1 U 56
58 0 U 57
59 1 U 58
60 1 U 59
61 0 U 60
62 0 U 61
63 0 U -1
64 1 U 63
65 0 U 64
66 0 U 65
67 0 U 66
68 0 U 67
69 0 U 68
70 1 U 69
71 0 U 70
72 0 U -1
73 1 U 72
74 0 U 73
75 0 U 74
76 1 U 75
77 1 U 76
78 1 U 77
79 0 U 78
80 1 U 79
81 0 U -1
82 0 U 81
83
0 1 U -1
1 0 U 0
2 0 U 1
3 1 U 2
4 0 U 3
5 0 U 4
6 0 U 5
7 0 U 6
8 1 U 7
9 0 U -1
10 1 U 9
11 0 U 10
12 0 U 11
13 0 U 12
14 0 U 13
15 1 U 14
16 1 U 15
17 0 U 16
18 1 U -1
19 1 U 18
20 0 U 19
21 0 U 20
22 1 U 21
23 1 U 22
24 0 U 23
25 1 U 24
26 1 U 25
27 0 U 19
28 1 L 8
29 0 U 28
30 1 U 29
31 0 U 30
32 1 U 31
33 0 U 32
34 1 L 15
35 0 L 33
36 0 U -1
37 1 U 36
38 1 U 37
39 1 U 38
40 0 U 39
41 0 U 40
42 1 U 41
43 0 U 42
44 1 U 43
45 1 U -1
46 1 U 45
47 1 U 46
48 1 U 47
49 0 U 48
50 1 U 49
51 1 U 50
52 0 U 37
53 1 U 52
54 1 U -1
55 1 U 54
56 0 U 55
57 1 U 56
58 0 U 57
59 1 U 58
60 1 U 59
61 0 U 60
62 0 U 61
63 0 U -1
64 1 U 63
65 0 U 64
66 0 U 65
67 0 U 66
68 0 U 67
69 0 U 68
70 1 U 69
71 0 U 70
72 0 U -1
73 0 U 56
74 0 U 73
75 0 U 74
76 1 U 75
77 1 L 65
78 1 U 77
79 0 U 78
80 0 L 19
81 0 U -1
82 0 U 81
83
0 1 L -1
1 0 U 0
2 0 U 1
3 1 U 2
4 0 U 3
5 0 U 0
6 0 U 5
7 1 L 2
8 1 U 7
9 0 U -1
10 1 U 9
11 0 U 10
12 0 U 11
13 0 U 12
14 0 U 13
15 1 U 14
16 1 U 15
17 0 U 16
18 1 U -1
19 0 U 1
20 0 U 19
21 0 U 20
22 1 U 21
23 1 U 22
24 0 U 23
25 0 L 10
26 1 U 25
27 1 L 5
28 1 U 27
29 0 U 28
30 1 U 29
31 0 U 30
32 1 U 31
33 0 U 32
34 0 U 33
35 0 U 34
36 0 U -1
37 1 U -1
38 1 U 37
39 1 U 38
40 0 U 39
41 0 U 40
42 1 U 41
43 0 U 42
44 1 U 43
45 1 U -1
46 1 U 45
47 1 U 46
48 1 U 47
49 0 U 48
50 1 U 49
51 1 U 50
52 1 U 51
53 1 U 52
54 0 U 51
55 1 U 54
56 0 U 13
57 1 U 56
58 0 U 57
59 1 U 58
60 1 U 59
61 0 U 60
62 0 U 61
63 0 U -1
64 1 U 63
65 0 U 64
66 0 U 65
67 0 U 66
68 0 U 67
69 1 L 39
70 1 U 69
71 0 U 70
72 0 U -1
73 1 U 72
74 0 U 73
75 0 U 74
76 1 U 75
77 1 U 76
78 1 U 77
79 0 U 78
80 1 U 79
81 0 L 12
82 0 U 81
83
0 1 U -1
1 0 U 0
2 0 U 1
3 1 U 2
4 0 U 3
5 0 U 4
6 0 U 5
7 0 U 6
8 1 U 7
9 0 U -1
10 0 L 5
11 0 U 10
12 0 U 11
13 0 U 12
14 0 U 13
15 1 U 14
16 1 U 15
17 0 U 16
18 1 U -1
19 1 U 18
20 0 U 19
21 0 U 20
22 1 U 21
23 1 L 20
24 0 U 23
25 1 U 4
26 0 U -1
27 1 U -1
28 1 U 27
29 0 U 28
30 1 U 29
31 0 U 30
32 1 U 31
33 0 U 32
34 0 U 33
35 0 U 34
36 0 U -1
37 1 U 36
38 1 U 37
39 1 U 38
40 0 U 39
41 0 U 40
42 1 U 41
43 0 U 42
44 1 U 43
45 1 U -1
46 1 U 45
47 1 U 46
48 1 U 47
49 0 U 48
50 1 U 49
51 1 U 50
52 1 U 51
53 1 U 52
54 1 U -1
55 1 U 54
56 0 U 55
57 1 U 56
58 0 U 57
59 1 U 58
60 1 U 59
61 0 U 60
62 0 U 61
63 0 U -1
64 1 U 63
65 0 U 64
66 0 U 65
67 0 U 66
68 0 U 67
69 0 U 68
70 1 U 69
71 0 L 45
72 0 U -1
73 1 U 72
74 0 U 73
75 0 U 74
76 1 U 75
77 1 U 76
78 1 U 77
79 0 U 78
80 1 U 79
81 0 U -1
82 0 U 81
83
0 1 U -1
1 0 U 0
2 0 U 1
3 1 U 2
4 0 U 3
5 0 U 4
6 0 U 5
7 0 L 0
8 1 U 7
9 0 U -1
10 1 U 9
11 0 U 10
12 0 L 0
13 0 U 12
14 0 U 13
15 1 U 14
16 1 U 15
17 0 U 16
18 1 U -1
19 1 U 18
20 0 U 19
21 0 U 20
22 1 U 21
23 1 U 22
24 0 U 23
25 1 U 24
26 1 U 25
27 1 U -1
28 1 U 27
29 0 U 28
30 1 U 29
31 0 U 30
32 1 U 31
33 0 U 32
34 0 U 33
35 0 U 34
36 0 U -1
37 1 U 36
38 1 U 37
39 0 U 16
40 0 U 39
41 0 U 40
42 1 U 41
43 0 U 42
44 1 U 43
45 1 U -1
46 1 U 45
47 1 U 36
48 1 U 47
49 1 L 39
50 1 U 49
51 1 U 50
52 0 U 37
53 1 L 11
54 1 U -1
55 1 U 54
56 0 U 55
57 1 U 56
58 0 U 57
59 1 U 58
60 1 U 59
61 0 U 60
62 0 U 61
63 0 U -1
64 1 U 63
65 0 U 64
66 0 U 65
67 0 U 66
68 0 U 67
69 0 U 68
70 1 U 69
71 0 U 70
72 0 U -1
73 1 U 72
74 0 U 73
75 0 U 74
76 1 U 75
77 1 U 76
78 1 U 77
79 0 U 78
80 1 U 79
81 0 U -1
82 0 U 81
83
0 1 U -1
1 0 U 0
2 0 U 1
3 1 U 2
4 0 U 3
5 0 U 4
6 0 U 5
7 0 U 6
8 0 U 5
9 0 U -1
10 1 U 9
11 0 U 10
12 0 L 0
13 0 U 12
14 0 U 13
15 1 U 14
16 1 U 15
17 0 U 16
18 1 U -1
19 1 U 18
20 0 U 19
21 0 U 20
22 1 U 21
23 1 U 22
24 0 U 23
25 1 U 24
26 1 U 25
27 1 U -1
28 1 U 27
29 0 U 28
30 1 U 29
31 0 U 30
32 1 U 31
33 0 U 32
34 0 U 33
35 0 U 34
36 0 U 19
37 1 U 36
38 1 U 37
39 1 L 37
40 0 U 39
41 1 U 12
42 1 U 41
43 0 U 41
44 1 U 43
45 1 U -1
46 1 U 45
47 1 U 46
48 1 U 47
49 0 U 48
50 1 U 49
51 1 U 50
52 1 U 51
53 1 U 52
54 1 U -1
55 1 U 54
56 0 U 55
57 0 L 4
58 0 U 57
59 1 U 58
60 1 U 59
61 0 U 60
62 0 U 61
63 1 U 12
64 1 U 63
65 0 U 64
66 0 U 65
67 0 U 11
68 0 U 67
69 0 U 68
70 1 U 69
71 0 L 47
72 0 U -1
73 1 U 72
74 0 U 73
75 0 U 74
76 0 U 8
77 1 L 48
78 1 U 77
79 0 U 78
80 1 U 79
81 0 U -1
82 0 U 81
83
0 1 U -1
1 0 U 0
2 0 U 1
3 1 U 2
4 0 U 3
5 0 U 4
6 0 U 5
7 0 U 6
8 1 U 7
9 0 U -1
10 1 U 9
11 0 U 10
12 0 U 11
13 0 U 12
14 0 U 13
15 1 U 14
16 1 U 15
17 0 U 16
18 1 U -1
19 1 U 18
20 0 U 19
21 0 U 20
22 1 U 21
23 1 U 22
24 0 U 23
25 1 U 24
26 1 U 25
27 1 U -1
28 1 U 27
29 0 U 28
30 1 U 29
31 0 U 0
32 1 U 31
33 0 U 32
34 0 U 33
35 0 U 34
36 0 U -1
37 1 U 36
38 1 U 37
39 1 U 38
40 0 U 39
41 0 U 40
42 1 U 41
43 1 U 42
44 1 U 23
45 1 U -1
46 1 U 45
47 1 U 46
48 1 U 47
49 0 U 48
50 1 U 49
51 1 U 50
52 1 U 51
53 1 U 52
54 1 U -1
55 1 U 54
56 0 U 55
57 1 U 56
58 0 U 57
59 1 U 58
60 1 U 59
61 0 U 60
62 0 U 61
63 0 U -1
64 0 U 18
65 0 U 64
66 0 U 65
67 0 U 66
68 0 U 67
69 0 U 68
70 1 L 24
71 0 U 70
72 0 L 64
73 1 U 72
74 0 U 73
75 0 U 74
76 1 U 75
77 1 U 76
78 1 U 77
79 1 L 14
80 1 U 79
81 0 U -1
82 1 U 47
83
0 1 L -1
1 0 U 0
2 0 U 1
3 1 U 2
4 0 U 3
5 0 U 4
6 0 U 5
7 0 U 6
8 1 U 7
9 0 U -1
10 1 U 9
11 0 U 7
12 0 U 11
13 1 U 10
14 0 U 13
15 1 U 14
16 1 U 15
17 0 U 16
18 1 U -1
19 1 U 18
20 0 U 19
21 0 U 20
22 1 U 21
23 1 U 22
24 0 U 23
25 1 U 24
26 1 U 25
27 1 U 20
28 1 U 27
29 0 U 28
30 1 L 24
31 0 U 30
32 1 U 31
33 0 U 32
34 0 U 33
35 0 U 34
36 0 U 16
37 1 U 36
38 1 U 37
39 1 U 38
40 0 U 39
41 0 U 40
42 1 U 41
43 0 U 42
44 1 U 43
45 1 U -1
46 1 U 45
47 1 U 46
48 1 U 47
49 0 U 48
50 1 U 49
51 1 U 50
52 1 U 51
53 1 U 52
54 0 U 37
55 1 U 54
56 0 U 55
57 1 U 56
58 0 U 57
59 1 U 58
60 1 U 59
61 0 U 60
62 0 U 61
63 0 L 24
64 1 U 63
65 0 U 64
66 0 U 65
67 0 U 66
68 0 U 67
69 0 U 68
70 1 U 69
71 0 U 70
72 0 U -1
73 1 U 72
74 0 U 73
75 0 U 74
76 1 U 75
77 1 U 76
78 1 U 77
79 0 U 78
80 1 U 79
81 0 U -1
82 0 U 81
83
0 0 L -1
1 1 U 0
2 0 U 1
3 1 U 2
4 0 U 3
5 0 U 4
6 0 U 5
7 0 U 6
8 1 U 7
9 0 U -1
10 1 U 9
11 0 U 10
12 0 U 11
13 0 U 12
14 0 U 13
15 1 U 14
16 1 U 15
17 0 U 16
18 1 U -1
19 1 U 18
20 0 U 19
21 0 U 9
22 1 U 21
23 1 U 22
24 0 U 23
25 1 U 24
26 1 U 25
27 0 U 22
28 0 U 1
29 0 U 28
30 1 U 29
31 0 U 30
32 1 U 31
33 0 U 32
34 0 U 33
35 1 U 4
36 0 U -1
37 1 U 36
38 1 U 37
39 1 U 38
40 0 U 39
41 0 U 40
42 1 U 41
43 0 U 42
44 1 U 43
45 1 U -1
46 1 U 33
47 1 U 46
48 1 U 47
49 0 U 48
50 1 U 25
51 1 U 50
52 1 U 51
53 1 U 52
54 1 U -1
55 1 U 54
56 0 U 55
57 1 U 56
58 0 U 57
59 1 U 58
60 1 U 59
61 0 U 60
62 0 U 61
63 0 U -1
64 1 U 63
65 0 U 64
66 0 U 65
67 0 U 66
68 0 U 67
69 0 U 68
70 1 U 69
71 0 U 70
72 0 U -1
73 1 U 13
74 0 U 73
75 0 U 74
76 1 U 75
77 1 U 76
78 1 U 77
79 0 U 78
80 1 U 79
81 0 U 7
82 0 U 42
83
0 1 U -1
1 0 U 0
2 0 U 1
3 1 U 2
4 0 U 3
5 0 U 1
6 0 U 5
7 0 U 6
8 1 U 7
9 0 U -1
10 1 U 9
11 0 U 10
12 0 U 11
13 0 U 12
14 0 U 13
15 1 U 14
16 1 U 15
17 0 U 16
18 1 U -1
19 1 U 18
20 0 U 19
21 0 U 20
22 1 U 21
23 1 L 5
24 0 U 23
25 1 U 24
26 1 U 25
27 1 U -1
28 1 U 27
29 0 U 28
30 1 L 6
31 0 U 30
32 1 U 31
33 0 U 32
34 0 U 33
35 0 U 34
36 0 U -1
37 1 U 36
38 1 U 37
39 1 U 38
40 0 U 39
41 0 U 40
42 1 U 41
43 0 U 42
44 1 U 43
45 1 U -1
46 1 U 45
47 1 U 46
48 1 L 27
49 0 U 22
50 1 U 49
51 1 U 50
52 1 U 51
53 0 L 35
54 1 U -1
55 1 U 54
56 0 U 55
57 1 U 56
58 0 U 57
59 1 U 58
60 1 U 59
61 0 U 60
62 0 U 39
63 0 U -1
64 1 U 63
65 0 U 64
66 0 U 65
67 0 U 66
68 0 U 67
69 0 U 68
70 1 U 69
71 0 U 70
72 0 U -1
73 1 U 72
74 0 U 73
75 0 U 74
76 1 U 75
77 1 U 76
78 0 U 22
79 0 U 78
80 1 U 79
81 0 U -1
82 0 U 81
83
0 1 U -1
1 0 U 0
2 0 U 1
3 1 U 2
4 0 U 3
5 0 U 4
6 0 U 5
7 0 U 6
8 1 U 7
9 0 U 4
10 1 U 9
11 0 U 10
12 0 U 11
13 0 U 12
14 0 U 13
15 1 U 14
16 1 U 15
17 0 U 16
18 1 U -1
19 1 U 18
20 0 U 19
21 1 L 2
22 1 U 21
23 1 U 22
24 0 U 23
25 1 U 24
26 1 U 25
27 1 U -1
28 1 U 27
29 0 U 28
30 1 U 29
31 0 U 30
32 1 U 31
33 0 U 32
34 0 L 22
35 0 U 34
36 0 U -1
37 1 U 36
38 1 U 37
39 1 U 24
40 0 U 39
41 0 U 40
42 1 U 41
43 0 U 42
44 1 U 43
45 1 U -1
46 1 U 45
47 1 U 46
48 1 U 47
49 0 U 48
50 1 U 49
51 1 U 50
52 1 U 51
53 1 U 52
54 1 U -1
55 0 L 29
56 0 U 55
57 0 U 56
58 0 U 57
59 1 U 58
60 1 U 59
61 0 U 60
62 0 L 52
63 0 U -1
64 1 U 63
65 0 U 64
66 0 U 46
67 0 U 66
68 0 U 67
69 0 U 68
70 1 U 69
71 0 U 70
72 0 U -1
73 1 U 72
74 0 U 73
75 0 U 74
76 1 U 75
77 0 U 58
78 1 L 59
79 0 U 78
80 1 U 79
81 1 U 8
82 0 U 81
83
0 1 U -1
1 0 U 0
2 0 U 1
3 0 L 0
4 0 U 3
5 0 U 4
6 0 U 5
7 0 U 6
8 1 U 7
9 0 U 5
10 1 U 9
11 0 U 10
12 0 U 11
13 0 U 12
14 0 U 13
15 1 U 14
16 1 L 4
17 0 U 16
18 1 U -1
19 1 U 18
20 0 U 19
21 0 U 20
22 1 U 21
23 1 U 22
24 1 U 13
25 1 U 24
26 1 U 25
27 1 U -1
28 1 U 27
29 0 U 28
30 1 U 29
31 0 U 30
32 0 L 30
33 0 U 32
34 1 U -1
35 0 U 34
36 0 U -1
37 1 U 36
38 1 U 37
39 1 U 38
40 0 U 39
41 0 U 40
42 1 U 41
43 0 L 4
44 1 U 43
45 1 U -1
46 1 U 45
47 1 U 46
48 1 U 47
49 0 U 48
50 1 U 49
51 1 U 50
52 1 U 51
53 1 U 52
54 1 U -1
55 1 U 54
56 0 U 55
57 1 U 56
58 0 U 57
59 1 U 58
60 1 U 59
61 0 U 60
62 0 U 61
63 0 U -1
64 1 U 63
65 0 U 64
66 0 U 65
67 0 U 66
68 0 U 67
69 0 U 68
70 1 U 69
71 1 L 38
72 0 U -1
73 1 U 72
74 0 U 73
75 0 U 74
76 1 U 75
77 1 U 76
78 1 U 77
79 0 U 78
80 1 U 79
81 0 U -1
82 0 U 81
83
0 1 L -1
1 0 U 0
2 0 L 1
3 1 U 2
4 0 U 3
5 0 U 4
6 0 U 5
7 0 U 6
8 1 U 7
9 0 U -1
10 1 U 9
11 0 U 10
12 0 U 11
13 0 U 12
14 0 U 13
15 1 U 14
16 1 U 15
17 0 U 16
18 1 U -1
19 1 U 13
20 0 U 19
21 0 U 20
22 1 U 21
23 1 U 22
24 0 U 23
25 1 U 24
26 1 U 25
27 1 U -1
28 1 U 27
29 0 U 28
30 1 U 29
31 0 U 30
32 1 U 31
33 0 U 32
34 0 U 33
35 0 U 34
36 0 U -1
37 1 U 36
38 1 U 37
39 1 U 38
40 0 U 39
41 0 U 40
42 0 L 17
43 0 U 42
44 1 U 43
45 1 U -1
46 1 U 45
47 1 U 46
48 1 U 47
49 0 U 48
50 1 U 49
51 1 U 50
52 1 U 51
53 1 U 52
54 1 U -1
55 1 U 54
56 0 U 55
57 1 U 56
58 0 U 57
59 1 U 58
60 1 U 59
61 0 L 13
62 0 U 61
63 0 U -1
64 1 U 63
65 1 U 29
66 0 U 65
67 0 U 66
68 0 U 67
69 0 U 68
70 1 U 69
71 0 U 70
72 0 U -1
73 0 L 41
74 0 U 73
75 0 U 74
76 0 L 35
77 1 L 72
78 1 U 77
79 0 U 68
80 1 U 79
81 0 U -1
82 0 U 81
83
0 1 U -1
1 0 U -1
2 0 U 1
3 1 U 2
4 0 U 3
5 0 U 4
6 0 U 5
7 0 U 6
8 1 U 7
9 0 U -1
10 1 U 9
11 0 U 10
12 0 U 11
13 0 U 12
14 0 U 13
15 1 U 14
16 0 L 12
17 0 U 16
18 1 U -1
19 1 U 18
20 0 U 19
21 0 U 20
22 1 L 16
23 1 U 22
24 0 U 23
25 1 U 24
26 1 U 25
27 1 U -1
28 1 U 27
29 1 L 25
30 1 U 29
31 0 U 30
32 1 U 31
33 0 U 32
34 0 U 33
35 0 U 34
36 0 U -1
37 1 U 36
38 1 U 37
39 1 U 38
40 0 U 39
41 1 L 11
42 1 U 3
43 0 U 42
44 1 U 14
45 1 U -1
46 1 U 25
47 1 U 46
48 1 U 47
49 0 U 48
50 1 U 49
51 1 U 47
52 1 U 51
53 1 U 52
54 1 U -1
55 1 U 54
56 0 U 55
57 1 U 56
58 0 U 57
59 1 U 36
60 1 U 59
61 0 U 60
62 0 U 61
63 0 U -1
64 1 L 7
65 0 U 64
66 0 U 65
67 0 U 66
68 0 U 67
69 0 U 68
70 1 U 69
71 0 U 70
72 0 U -1
73 1 U 72
74 0 U 73
75 0 U 74
76 1 U 75
77 1 U 76
78 1 U 77
79 0 U 78
80 1 U 79
81 0 U -1
82 0 U 81
83
0 1 U -1
1 0 U -1
2 0 U 1
3 1 U 2
4 0 U 3
5 0 U 4
6 0 U 5
7 0 U 6
8 1 U 7
9 0 U -1
10 1 U 9
11 0 U 10
12 0 U 11
13 0 U 12
14 1 L 10
15 1 U 14
16 0 L 12
17 0 U 16
18 1 U -1
19 1 U 18
20 0 U 19
21 0 U 20
22 1 L 16
23 1 U 22
24 0 U 23
25 1 U 24
26 1 U 25
27 1 U -1
28 1 U 27
29 1 L 25
30 1 U 29
31 0 U 30
32 1 U 31
33 0 U 32
34 0 U 33
35 0 U 34
36 0 U -1
37 1 L 34
38 1 U 37
39 1 U 38
40 0 U 39
41 1 L 11
42 1 U 3
43 0 U 42
44 1 U 14
45 1 U -1
46 1 U 25
47 1 U 46
48 1 U 47
49 0 U 48
50 1 U 49
51 1 U 47
52 1 U 51
53 1 U 52
54 1 U -1
55 1 U 54
56 0 U 55
57 1 U 56
58 0 U 57
59 1 U 36
60 1 U 59
61 0 U 60
62 0 U 61
63 0 U -1
64 1 L 7
65 0 U 64
66 0 U 65
67 0 U 34
68 0 U 67
69 0 U 68
70 1 U 69
71 0 U 70
72 0 U -1
73 1 U 72
74 0 U 73
75 0 U 74
76 1 U 75
77 0 U 37
78 1 U 77
79 0 U 78
80 1 U 79
81 0 U -1
82 0 U 81
83
0 1 U -1
1 0 U -1
2 0 U 1
3 1 U 2
4 0 U 3
5 0 U 4
6 1 L 2
7 1 U 3
8 1 U 7
9 0 U -1
10 1 U 9
11 0 U 10
12 0 U 11
13 0 U 12
14 0 U 13
15 1 U 14
16 0 L 12
17 0 U 16
18 1 U -1
19 1 U 18
20 0 U 19
21 0 U 20
22 1 L 16
23 0 U 16
24 0 U 23
25 1 U 24
26 1 U 25
27 1 U -1
28 1 U 27
29 1 L 25
30 1 U 29
31 0 U 30
32 1 U 31
33 0 U 32
34 0 U 33
35 0 U 34
36 0 U -1
37 1 U 36
38 1 U 37
39 1 U 38
40 0 U 39
41 1 L 11
42 1 U 3
43 0 U 42
44 1 U 14
45 1 U -1
46 1 U 25
47 1 U 46
48 1 U 47
49 0 U 48
50 1 U 49
51 1 U 47
52 1 U 51
53 1 U 52
54 1 U -1
55 1 U 54
56 0 U 55
57 1 U 56
58 0 U 57
59 1 U 36
60 1 U 59
61 0 L 4
62 0 U 61
63 0 U -1
64 1 L 7
65 0 U 64
66 0 U 39
67 0 U 66
68 0 U 67
69 0 U 68
70 1 U 69
71 0 U 70
72 0 U -1
73 1 U 72
74 0 U 73
75 0 U 74
76 1 U 75
77 1 U 76
78 1 U 77
79 0 U 34
80 1 U 79
81 0 U -1
82 0 U 81
83
0 1 U -1
1 0 U -1
2 0 U 1
3 1 U 2
4 0 U 3
5 0 U 3
6 0 U 5
7 0 U 6
8 0 U 3
9 0 U -1
10 1 U 9
11 1 U 7
12 0 U 11
13 0 U 12
14 0 U 13
15 1 U 14
16 0 L 12
17 0 U 16
18 1 U -1
19 1 U 18
20 0 U 19
21 0 U 20
22 1 L 16
23 1 U 22
24 0 U 23
25 1 U 24
26 1 U 25
27 1 U -1
28 1 U 27
29 0 L 9
30 1 U 29
31 0 U 30
32 1 U 31
33 0 U 32
34 0 U 33
35 0 U 34
36 0 U -1
37 1 U 36
38 1 U 37
39 1 U 38
40 0 U 39
41 1 U 39
42 1 U 3
43 0 U 42
44 1 U 14
45 1 U 20
46 1 U 25
47 1 U 46
48 1 U 47
49 0 U 48
50 1 U 0
51 1 U 47
52 1 U 51
53 1 U 52
54 1 U -1
55 1 U 54
56 0 U 55
57 1 U 56
58 0 U 57
59 1 U 36
60 1 U 59
61 0 U 60
62 0 U 61
63 0 U -1
64 0 L 7
65 0 U 64
66 0 U 65
67 0 U 66
68 1 L 39
69 0 U 68
70 1 U 69
71 0 U 70
72 0 U -1
73 1 U 72
74 0 U 73
75 0 U 74
76 0 L 17
77 1 U 76
78 1 U 77
79 0 U 78
80 1 U 79
81 0 U -1
82 0 U 81
83
0 1 U -1
1 0 U -1
2 0 U 1
3 1 U 2
4 0 U 3
5 0 U 4
6 1 U 1
7 0 U 6
8 1 U 7
9 0 U -1
10 1 U 9
11 0 U 10
12 0 U 11
13 0 U 12
14 0 U 13
15 1 U 14
16 0 L 12
17 0 U 16
18 1 U -1
19 1 U 18
20 0 U 19
21 0 U 20
22 1 L 16
23 1 U 22
24 1 U 23
25 1 U 24
26 1 U 25
27 1 U -1
28 1 U 27
29 1 L 25
30 1 U 29
31 0 U 30
32 1 U 31
33 0 U 32
34 0 U 33
35 0 U 34
36 0 U -1
37 1 U 7
38 1 U 37
39 1 U 38
40 0 U 39
41 1 L 11
42 1 U 3
43 0 U 42
44 1 U 14
45 0 L 43
46 1 U 25
47 1 U 46
48 1 U 47
49 0 U 48
50 1 U 49
51 1 U 47
52 0 L 25
53 1 U 52
54 1 U -1
55 1 U 54
56 0 U 55
57 1 U 56
58 0 U 57
59 0 U 7
60 1 U 59
61 0 U 60
62 0 U 61
63 0 U -1
64 1 L 7
65 0 U 64
66 0 U 65
67 0 U 66
68 1 U 51
69 0 U 68
70 1 U 69
71 0 U 70
72 0 L 41
73 1 U 72
74 0 U 73
75 0 U 74
76 1 U 75
77 1 U 76
78 1 U 77
79 0 U 78
80 1 U 79
81 0 U -1
82 0 U 81
83
0 1 U -1
1 0 U -1
2 0 U 1
3 1 U 2
4 0 U 3
5 0 U 4
6 0 U 5
7 0 U 6
8 1 U -1
9 0 U -1
10 1 U 9
11 0 U 10
12 0 U 11
13 1 U 12
14 0 U 13
15 1 L 11
16 0 U 7
17 0 L -1
18 1 U -1
19 1 U 18
20 0 U 19
21 0 U 20
22 1 L 16
23 1 U 22
24 0 U 23
25 1 U 24
26 0 L 7
27 1 U -1
28 1 L 27
29 1 L 25
30 1 U 29
31 0 U 30
32 1 U 31
33 0 U 32
34 0 U 33
35 0 U 34
36 0 U -1
37 1 U 36
38 1 U 37
39 1 U 38
40 0 U 39
41 1 L 11
42 1 U 3
43 0 U 42
44 1 U 14
45 1 U -1
46 1 U 25
47 1 U 46
48 1 U 47
49 0 U 48
50 1 U 49
51 1 U 47
52 1 U 51
53 1 U 52
54 1 U -1
55 1 U 54
56 0 U 55
57 1 U 56
58 0 U 23
59 1 U 36
60 1 U 59
61 0 U 60
62 0 U 61
63 0 L 42
64 1 L 7
65 1 L 53
66 0 U 65
67 0 U 66
68 0 U 67
69 0 U 19
70 1 U 69
71 1 L 64
72 0 U -1
73 1 U 72
74 0 U 73
75 0 U 74
76 1 U 75
77 1 U 76
78 1 U 77
79 0 U 78
80 1 U 79
81 0 U -1
82 0 L 66
83
0 1 U -1
1 0 U -1
2 0 U 1
3 1 U 2
4 0 U 3
5 0 U 4
6 1 L 3
7 1 U 4
8 1 U 7
9 1 U 1
10 0 U 0
11 0 U 10
12 0 U 11
13 0 U 12
14 0 U 13
15 1 U 14
16 0 L 12
17 0 U 16
18 1 U 12
19 1 U 18
20 0 U 19
21 0 U 20
22 1 L 16
23 1 U 22
24 0 U 23
25 0 U 1
26 1 U 25
27 1 U -1
28 1 U 27
29 1 L 25
30 1 U 29
31 0 U 30
32 1 U 31
33 0 U 32
34 0 U 33
35 0 U 34
36 0 U -1
37 1 U 36
38 1 U 37
39 1 U 12
40 0 U 39
41 1 L 11
42 1 U 3
43 0 U 42
44 1 L 33
45 0 U 37
46 1 U 25
47 1 U 46
48 0 L 19
49 0 U 48
50 1 U 49
51 1 U 47
52 1 U 51
53 1 U 52
54 1 L 30
55 1 U 54
56 0 U 55
57 1 U 56
58 0 U 57
59 1 U 36
60 1 U 59
61 0 U 60
62 0 U 61
63 0 U -1
64 0 L 53
65 0 U 64
66 0 U 65
67 0 U 66
68 0 U 67
69 0 U 68
70 1 U 1
71 0 U 70
72 0 U -1
73 1 U 72
74 0 U 73
75 0 U 74
76 1 U 75
77 1 U 76
78 1 U 77
79 0 U 78
80 1 U 79
81 0 U -1
82 0 U 81
83
0 1 U -1
1 0 U -1
2 0 U 1
3 1 U 2
4 0 U 3
5 0 U 4
6 0 U 5
7 0 U 6
8 1 U 7
9 0 U -1
10 1 U 9
11 0 U 10
12 0 U 11
13 1 L 9
14 0 U 13
15 1 U 14
16 0 L 12
17 0 U 16
18 1 U -1
19 1 U 18
20 0 U 19
21 0 U 20
22 1 L 16
23 1 U 22
24 0 U 23
25 1 U 24
26 1 U 25
27 1 U -1
28 1 U 27
29 1 L 25
30 1 U 29
31 0 U 30
32 1 U 31
33 0 U 32
34 0 U 33
35 0 U 34
36 0 U -1
37 1 U 36
38 1 U 37
39 1 U 38
40 0 U 39
41 1 L 11
42 1 U 3
43 0 U 42
44 1 U 14
45 1 U -1
46 1 U 25
47 1 U 46
48 1 U 47
49 0 U 48
50 1 U 49
51 1 U 47
52 0 L 44
53 1 U 52
54 1 U -1
55 1 U 54
56 0 U 55
57 1 U 56
58 0 U 57
59 1 U 36
60 1 U 59
61 0 U 60
62 0 U 61
63 0 U -1
64 1 L 23
65 0 U 64
66 0 U 65
67 0 U 66
68 0 U 67
69 0 U 68
70 1 U 69
71 0 U 40
72 0 U -1
73 1 U 72
74 0 U 73
75 1 L 16
76 1 U 75
77 1 L 37
78 1 U 77
79 0 U 78
80 1 U 79
81 0 U -1
82 0 U 81
83
0 1 U -1
1 0 U -1
2 0 U 1
3 1 U 2
4 0 U 3
5 0 U 4
6 0 U 5
7 0 U 6
8 1 U 7
9 0 U -1
10 1 U 9
11 0 U 10
12 0 U 11
13 0 U 12
14 0 U 13
15 1 U 14
16 0 L 12
17 0 L 2
18 1 U -1
19 1 U 18
20 0 U 19
21 0 U 20
22 1 L 16
23 1 U 22
24 0 U 23
25 1 U 24
26 1 U 25
27 1 U -1
28 1 U 27
29 1 L 25
30 0 L 9
31 0 U 30
32 1 U 31
33 0 U 32
34 0 U 33
35 0 U 6
36 0 U -1
37 0 L 3
38 1 U 37
39 1 U 38
40 0 U 39
41 1 L 11
42 1 U 3
43 1 U 10
44 0 U 43
45 1 U -1
46 1 U 25
47 1 U 46
48 0 L 0
49 0 U 48
50 1 U 49
51 1 U 47
52 1 U 51
53 0 U 10
54 1 U -1
55 1 U 54
56 0 U 55
57 1 U 56
58 0 U 57
59 1 U 36
60 1 U 21
61 0 L 28
62 0 U 61
63 0 U -1
64 1 L 7
65 0 U 64
66 0 U 65
67 0 U 66
68 1 U 36
69 0 U 68
70 1 U 69
71 0 U 70
72 0 U -1
73 1 U 72
74 0 U 73
75 0 U 74
76 1 U 75
77 1 U 76
78 1 U 77
79 0 U 78
80 0 U 14
81 0 U -1
82 0 L 75
83
0 0 U -1
1 0 U -1
2 0 U 1
3 1 U 2
4 0 U 3
5 0 U 4
6 0 U 5
7 0 U 6
8 1 U 7
9 0 U -1
10 1 U 9
11 0 U 10
12 0 U 11
13 0 U 12
14 1 U 0
15 1 U 14
16 0 L 12
17 0 U 16
18 1 U -1
19 0 U 3
20 0 U 19
21 0 U 20
22 1 L 16
23 1 U 22
24 0 U 23
25 1 U 24
26 1 U 25
27 1 U -1
28 1 U 27
29 1 L 25
30 1 U 29
31 0 U 30
32 1 U 31
33 0 U 32
34 0 U 33
35 0 U 34
36 0 U -1
37 1 U 36
38 1 U 37
39 1 U 38
40 0 U 39
41 1 L 11
42 1 U 3
43 0 U 42
44 1 L 36
45 1 U -1
46 1 U 25
47 1 U 46
48 1 U 47
49 0 U 48
50 1 U 49
51 1 U 47
52 1 U 51
53 1 U 52
54 1 U -1
55 1 U 54
56 0 U 55
57 1 U 56
58 1 L 27
59 1 U 36
60 1 U 59
61 0 U 60
62 0 U 61
63 0 U -1
64 1 U 53
65 0 U 64
66 0 U 65
67 0 U 66
68 0 U 67
69 0 U 68
70 1 U 69
71 0 U 70
72 0 U -1
73 1 U 72
74 1 L 32
75 0 U 74
76 1 U 75
77 1 U 76
78 1 U 77
79 0 U 78
80 1 U 79
81 0 U -1
82 0 U 81
83
0 1 U -1
1 0 U -1
2 0 U 1
3 1 U 2
4 0 U 3
5 0 U 4
6 0 U 5
7 0 L -1
8 1 U 7
9 0 U -1
10 1 U 9
11 0 U 10
12 0 U 11
13 0 U 12
14 0 U 13
15 1 U 14
16 0 L 12
17 0 U 9
18 1 U -1
19 0 L 10
20 0 U 19
21 0 U 20
22 1 L 16
23 1 U 22
24 0 U 23
25 1 U 24
26 1 U 25
27 1 U -1
28 1 U 27
29 1 L 25
30 0 U 18
31 0 U 30
32 1 U 31
33 0 U 32
34 0 U 33
35 0 U 34
36 0 U -1
37 0 U 2
38 1 U 37
39 1 U 38
40 0 U 39
41 1 L 11
42 1 U 3
43 0 U 42
44 1 L 15
45 1 U -1
46 1 U 25
47 1 U 46
48 1 U 47
49 0 U 48
50 1 U 49
51 1 U 47
52 1 U 51
53 1 U 52
54 1 U -1
55 1 U 54
56 0 U 55
57 1 U 56
58 0 U 57
59 1 U 36
60 1 U 59
61 0 U 60
62 0 U 52
63 0 U -1
64 1 L 7
65 0 U 64
66 0 U 65
67 0 U 66
68 0 U 67
69 0 U 68
70 1 U 69
71 0 U 70
72 0 U -1
73 1 U 72
74 0 U 73
75 0 U 74
76 0 U 21
77 1 U 76
78 1 U 77
79 0 U 78
80 0 L 24
81 0 U -1
82 1 L 30
83
0 1 U -1
1 0 U -1
2 0 U 1
3 0 L 2
4 0 U 3
5 0 U 4
6 0 U 5
7 0 U 6
8 1 U 5
9 0 U -1
10 1 U 9
11 0 U 10
12 0 U 11
13 0 U 12
14 0 U 13
15 1 U 14
16 0 L 12
17 0 U 16
18 1 U -1
19 1 U 18
20 0 U 19
21 0 U 20
22 1 L 16
23 0 U 11
24 1 U 8
25 1 U 24
26 1 U 25
27 1 U -1
28 1 U 27
29 1 L 25
30 0 U 1
31 0 U 30
32 1 U 31
33 0 U 32
34 0 U 33
35 0 U 34
36 0 U -1
37 1 U 36
38 1 U 37
39 1 U 38
40 0 U 39
41 1 L 11
42 1 U 3
43 0 U 42
44 1 U 25
45 1 U -1
46 1 U 25
47 1 U 46
48 1 U 47
49 0 U 48
50 1 U 49
51 1 U 47
52 1 U 51
53 1 U 52
54 1 U -1
55 1 U 54
56 0 U 55
57 1 U 56
58 0 U 57
59 1 U 36
60 1 U 59
61 0 U 60
62 0 U 61
63 0 U -1
64 1 U 55
65 0 U 64
66 0 U 65
67 0 U 66
68 0 U 67
69 0 U 68
70 0 L 29
71 0 U 70
72 0 U -1
73 1 U 72
74 0 U 73
75 0 U 74
76 1 U 75
77 1 U 76
78 1 U 77
79 0 U 78
80 1 U 79
81 0 U -1
82 0 U 81
83
0 1 U -1
1 0 U -1
2 0 U 1
3 1 U 2
4 0 U 3
5 0 U 4
6 0 U 5
7 0 U 6
8 1 U 7
9 0 U -1
10 1 U 9
11 0 U 6
12 0 U 11
13 0 U 12
14 0 U 13
15 1 U 14
16 0 L 12
17 0 U 16
18 0 U 5
19 1 U 18
20 0 U 19
21 0 U 20
22 1 L 16
23 1 U 22
24 0 U 23
25 1 U 24
26 1 U 5
27 1 U -1
28 1 U 27
29 1 L 4
30 0 L 11
31 0 U 30
32 0 L 7
33 0 U 32
34 0 U 33
35 0 U 34
36 0 U -1
37 1 U 36
38 1 U 37
39 1 U 38
40 0 U 39
41 1 L 11
42 1 U 3
43 0 U 42
44 1 U 14
45 1 U -1
46 1 U 25
47 1 U 46
48 1 U 47
49 0 L 20
50 1 U 49
51 1 U 47
52 1 U 51
53 1 U 52
54 1 U -1
55 1 U 54
56 0 U 55
57 1 U 56
58 1 L 53
59 1 U 36
60 1 U 59
61 0 L 47
62 0 U 61
63 0 U -1
64 1 L 7
65 0 U 64
66 0 U 65
67 0 U 66
68 0 U 67
69 0 U 68
70 1 U 69
71 0 U 70
72 0 U -1
73 1 U 72
74 0 U 73
75 0 U 74
76 1 U 75
77 1 U 76
78 1 U 77
79 0 U 78
80 1 U 79
81 0 U -1
82 0 U 81
83
0 1 U -1
1 0 U -1
2 0 U 1
3 1 U 2
4 0 L 3
5 0 U 4
6 0 U 5
7 0 U 6
8 1 U 7
9 0 U -1
10 1 U 9
11 0 U 10
12 0 U 11
13 0 U 12
14 0 U 13
15 1 U 14
16 0 L 12
17 0 U 16
18 1 U 6
19 1 U 18
20 0 U 19
21 0 U 20
22 1 L 16
23 1 U 22
24 0 U 7
25 1 U 24
26 1 U 25
27 1 U -1
28 1 U 27
29 1 L 25
30 1 U 29
31 0 U 30
32 1 U 31
33 0 U 32
34 0 U 18
35 0 U 34
36 0 U -1
37 1 U 36
38 1 U 37
39 1 U 38
40 0 U 39
41 1 L 11
42 1 L 12
43 0 U 42
44 1 U 14
45 1 U -1
46 1 U 25
47 1 U 46
48 1 L 41
49 1 L 14
50 1 U 49
51 1 U 47
52 1 U 51
53 1 U 52
54 1 U -1
55 1 U 54
56 0 U 55
57 0 U 21
58 0 L 45
59 1 U 36
60 1 U 59
61 0 U 60
62 0 U 61
63 0 U -1
64 1 L 7
65 0 U 64
66 0 U 65
67 0 U 66
68 0 U 67
69 0 U 68
70 1 U 69
71 0 U 70
72 0 U -1
73 1 U 72
74 0 U 19
75 0 U 74
76 1 U 75
77 1 U 39
78 1 U 77
79 0 U 78
80 1 U 79
81 0 U -1
82 0 U 81
83
0 1 U -1
1 0 U -1
2 0 U 1
3 1 U 2
4 0 L 0
5 0 U 4
6 0 U 5
7 0 U 5
8 1 U 7
9 1 U 1
10 1 U 9
11 0 U 10
12 0 U 11
13 0 U 12
14 0 U 13
15 1 U 14
16 0 L 12
17 0 U 16
18 1 U 2
19 1 U 18
20 0 U 19
21 0 U 20
22 1 L 16
23 0 U 5
24 0 U 23
25 1 U 24
26 1 U 25
27 1 U -1
28 1 U 27
29 1 L 25
30 1 U 29
31 0 U 30
32 1 L 0
33 0 U 32
34 0 U 33
35 0 U 34
36 0 U -1
37 1 U 36
38 1 U 37
39 1 U 38
40 0 U 39
41 1 L 11
42 1 U 3
43 0 U 42
44 1 U 14
45 1 U -1
46 1 U 25
47 1 U 46
48 0 U 38
49 0 U 48
50 1 U 49
51 1 U 47
52 0 L 13
53 1 U 52
54 1 U -1
55 1 U 54
56 0 U 55
57 0 U 45
58 0 U 57
59 1 U 26
60 1 U 59
61 1 U 13
62 0 U 61
63 0 U -1
64 1 L 7
65 0 U 64
66 0 U 65
67 0 U 66
68 0 U 67
69 0 U 68
70 1 U 69
71 0 U 70
72 0 U -1
73 1 U 72
74 0 U 73
75 0 U 74
76 1 U 75
77 1 U 76
78 1 U 77
79 0 U 78
80 1 U 79
81 0 U -1
82 0 U 81
83
0 1 U -1
1 0 U -1
2 0 U 1
3 1 U 2
4 0 U 3
5 0 U 4
6 0 U 5
7 0 U 2
8 1 U 7
9 0 U -1
10 1 U 9
11 0 U 10
12 0 U 11
13 0 U 12
14 0 U 13
15 1 L 13
16 0 L 12
17 0 U 16
18 1 U -1
19 1 U 18
20 0 U 19
21 0 U 20
22 0 L 7
23 1 U 22
24 0 U 23
25 1 U 24
26 1 U 25
27 1 U -1
28 1 U 27
29 1 L 25
30 1 L 22
31 0 U 30
32 1 U 31
33 0 U 32
34 0 U 33
35 0 U 34
36 0 U -1
37 1 U 36
38 1 U 37
39 1 U 38
40 0 U 39
41 1 L 11
42 1 U 3
43 0 U 42
44 1 U 14
45 1 U -1
46 1 U 25
47 1 U 46
48 1 U 47
49 0 U 48
50 1 U 49
51 1 U 47
52 1 U 51
53 1 L 10
54 1 U -1
55 1 U 54
56 0 U 7
57 1 U 56
58 0 U 57
59 1 U 36
60 1 U 59
61 0 U 60
62 0 U 61
63 0 U -1
64 1 L 7
65 0 U 64
66 0 U 65
67 0 L 61
68 0 U 67
69 0 U 68
70 1 U 69
71 0 U 70
72 1 U 40
73 1 U 72
74 0 U 73
75 0 U 74
76 1 U 75
77 1 U 76
78 1 U 77
79 0 U 78
80 1 U 79
81 0 U -1
82 0 U 81
83
0 0 L -1
1 0 U -1
2 0 U 1
3 1 U 2
4 0 U 3
5 0 U 4
6 0 U 5
7 0 U 6
8 1 U 7
9 0 U -1
10 1 U 9
11 0 U 10
12 0 U 11
13 0 U 12
14 0 U 13
15 1 U 14
16 0 L 12
17 0 U 16
18 1 U -1
19 1 U 18
20 0 U 19
21 0 U 20
22 1 L 16
23 1 U 22
24 0 U 23
25 0 U 11
26 1 U 25
27 1 U -1
28 0 L 22
29 1 L 25
30 1 U 29
31 0 U 30
32 1 U 31
33 0 U 32
34 0 U 33
35 0 U 34
36 0 U -1
37 1 U 36
38 1 U 37
39 0 L 1
40 0 U 39
41 1 L 11
42 1 U 3
43 0 U 42
44 1 U 14
45 1 U -1
46 1 U 25
47 1 U 46
48 1 U 47
49 0 U 42
50 1 U 49
51 1 U 47
52 0 U 43
53 1 U 52
54 1 U -1
55 1 U 54
56 1 L 13
57 1 U 56
58 0 U 57
59 1 U 36
60 1 U 59
61 0 U 60
62 0 L 58
63 0 L 59
64 1 L 7
65 0 U 64
66 0 U 65
67 0 U 66
68 0 U 67
69 0 U 68
70 1 U 69
71 0 U 70
72 0 U -1
73 1 U 72
74 0 U 68
75 0 U 74
76 1 U 75
77 1 U 76
78 1 U 77
79 0 U 78
80 1 U 79
81 0 U 59
82 0 U 81
83
0 1 U -1
1 0 U -1
2 0 U 1
3 1 U 2
4 0 U 3
5 0 U 4
6 0 U 5
7 0 U 6
8 1 U 7
9 0 U -1
10 1 U 9
11 0 U 10
12 0 U 11
13 0 U 12
14 0 U 13
15 1 U 14
16 0 U 8
17 0 U 16
18 1 U -1
19 1 L 9
20 0 U 19
21 0 U 20
22 1 L 16
23 1 U 22
24 0 U 23
25 1 U 24
26 1 U 25
27 1 U -1
28 1 U 27
29 1 L 25
30 1 U 29
31 0 U 30
32 1 U 31
33 0 U 32
34 0 U 33
35 0 U 34
36 0 U -1
37 1 U 36
38 1 U 37
39 1 U 38
40 0 U 39
41 1 L 11
42 1 U 3
43 0 U 42
44 1 U 14
45 1 U -1
46 1 U 25
47 1 U 46
48 1 U 47
49 0 U 48
50 1 U 28
51 1 U 47
52 1 U 51
53 1 U 52
54 1 U -1
55 1 U 54
56 0 U 55
57 1 L 25
58 0 U 57
59 1 U 36
60 1 U 59
61 0 U 60
62 0 U 61
63 0 U -1
64 1 L 7
65 0 U 64
66 1 L 22
67 0 U 66
68 0 U 67
69 0 U 68
70 1 U 69
71 0 U 70
72 0 U -1
73 1 U 72
74 0 U 73
75 0 U 74
76 1 U 75
77 1 U 76
78 1 U 77
79 0 U 78
80 0 U 72
81 0 U -1
82 0 U 81
83
0 0 L -1
1 0 U -1
2 0 U 1
3 1 L 2
4 0 U 3
5 0 U 4
6 0 U 5
7 0 U 6
8 1 U 7
9 0 U -1
10 1 U 9
11 0 U 10
12 0 U 7
13 0 U 12
14 0 U 13
15 1 U 14
16 0 L 12
17 0 U 16
18 1 U -1
19 1 U 18
20 0 U 19
21 0 U 20
22 1 L 16
23 1 U 22
24 0 U 23
25 1 U 24
26 1 U 25
27 1 U -1
28 1 U 27
29 1 L 25
30 1 U 29
31 0 U 30
32 1 U 31
33 0 U 32
34 0 U 33
35 0 U 34
36 1 U 28
37 1 L 10
38 1 U 37
39 1 U 38
40 0 U 39
41 1 L 11
42 1 U 3
43 1 U 5
44 1 U 14
45 1 U -1
46 1 U 25
47 1 U 46
48 1 U 47
49 0 U 48
50 0 L 33
51 0 U 20
52 1 U 51
53 1 U 52
54 1 U -1
55 1 U 54
56 0 U 55
57 1 U 56
58 0 U 57
59 1 U 36
60 1 U 59
61 0 U 60
62 0 U 61
63 0 U -1
64 1 L 7
65 0 U 64
66 0 U 65
67 0 U 66
68 0 U 67
69 0 U 68
70 1 U 69
71 0 U 70
72 0 U -1
73 1 U 72
74 0 U 73
75 0 U 74
76 1 U 6
77 0 U 43
78 0 L 49
79 0 U 78
80 1 U 79
81 0 U -1
82 0 U 81
83
0 1 U -1
1 0 U -1
2 0 U 1
3 1 U 2
4 0 U 3
5 0 U 4
6 0 U 5
7 0 U 6
8 1 U 7
9 0 L 1
10 1 U 9
11 0 U 10
12 0 U 11
13 0 U 12
14 0 U 13
15 1 U 14
16 0 L 12
17 0 U 16
18 1 U -1
19 1 U 18
20 0 U 19
21 0 U 20
22 1 L 16
23 1 U 22
24 0 U 23
25 1 U 24
26 1 U 25
27 1 U 5
28 1 U 27
29 1 L 25
30 1 U 29
31 0 U 30
32 1 U 31
33 1 U 23
34 0 U 33
35 0 U 34
36 0 U -1
37 1 U 36
38 1 U 37
39 1 U 38
40 0 U 39
41 1 L 11
42 1 U 3
43 0 U 42
44 1 U 14
45 1 U -1
46 1 U 5
47 1 U 46
48 1 U 47
49 0 U 48
50 1 U 49
51 1 U 47
52 1 U 51
53 1 U 52
54 1 U -1
55 1 U 54
56 0 U 55
57 1 U 56
58 0 U 57
59 1 U 36
60 1 U 59
61 0 U 60
62 0 U 61
63 0 U -1
64 1 L 7
65 0 U 64
66 0 U 65
67 0 U 66
68 0 U 67
69 0 U 68
70 1 U 69
71 0 U 70
72 0 U -1
73 1 U 72
74 0 U 73
75 0 U 74
76 1 U 75
77 1 U 76
78 1 U 34
79 0 U 78
80 1 U 79
81 0 U -1
82 1 L 44
83
0 1 U -1
1 0 U -1
2 0 U 1
3 1 U 2
4 0 U 3
5 0 U 4
6 0 U 5
7 0 U 5
8 1 U 7
9 0 U -1
10 1 L 1
11 0 U 10
12 0 U 11
13 0 U 12
14 0 U 13
15 1 U 14
16 0 L 12
17 0 U 16
18 1 U -1
19 1 U 18
20 0 U 19
21 0 U 20
22 1 L 16
23 1 U 22
24 0 U 23
25 1 U 24
26 1 U 25
27 1 U -1
28 1 U 27
29 1 U 25
30 1 U 29
31 0 U 30
32 1 U 31
33 0 U 32
34 0 L -1
35 0 U 34
36 0 U -1
37 1 U 36
38 1 U 37
39 1 U 38
40 0 U 39
41 1 L 11
42 1 U 3
43 0 U 42
44 1 U 14
45 1 U -1
46 1 U 25
47 1 U 46
48 1 U 47
49 0 U 48
50 1 U 49
51 1 U 47
52 1 U 51
53 1 U 52
54 1 U -1
55 1 U 54
56 0 U 55
57 1 U 56
58 0 U 13
59 1 U 36
60 1 U 59
61 0 U 60
62 0 U 61
63 1 U 51
64 1 L 7
65 1 U 34
66 0 U 65
67 0 U 66
68 0 U 67
69 0 U 68
70 1 U 69
71 0 U 70
72 0 U -1
73 1 U 72
74 0 U 73
75 0 U 74
76 1 U 75
77 1 U 76
78 1 U 77
79 0 U 78
80 1 L 72
81 0 U -1
82 0 U 81
83
0 1 U -1
1 0 U -1
2 0 U 1
3 1 U 2
4 0 U 3
5 0 U 4
6 0 U 5
7 0 U 6
8 1 U 7
9 0 U -1
10 1 U 9
11 1 L 3
12 0 U 11
13 0 U 12
14 0 U 13
15 1 U 14
16 0 L 12
17 0 U 16
18 1 U -1
19 1 U 18
20 0 U 19
21 0 U 20
22 1 L 16
23 1 U 22
24 0 U 23
25 0 U 4
26 1 U 25
27 1 U -1
28 1 U 27
29 1 L 25
30 1 U 29
31 0 U 30
32 1 U 31
33 0 U 32
34 0 U 33
35 0 U 34
36 0 U -1
37 1 U 36
38 1 U 37
39 1 U 38
40 1 L 18
41 1 L 11
42 1 U 3
43 0 U 42
44 1 U 14
45 1 U -1
46 1 U 25
47 1 U 46
48 1 U 47
49 0 U 48
50 1 U 49
51 1 U 47
52 1 U 51
53 1 U 52
54 1 U -1
55 1 U 54
56 0 U 55
57 1 U 56
58 0 U 57
59 1 U 36
60 1 U 59
61 0 U 60
62 0 U 61
63 0 U 47
64 1 U 19
65 0 U 64
66 0 U 65
67 1 L 7
68 0 U 67
69 0 U 68
70 1 U 69
71 0 U 70
72 0 U -1
73 1 U 72
74 0 U 73
75 0 U 74
76 1 U 75
77 1 U 76
78 1 U 77
79 0 U 78
80 1 U 79
81 0 U -1
82 0 U 81
83
0 1 U -1
1 0 U -1
2 0 U 1
3 1 U 2
4 1 L 2
5 0 U 4
6 0 U 5
7 0 U 6
8 1 U 7
9 0 U -1
10 1 U 9
11 0 U 10
12 0 U 11
13 0 U 12
14 0 U 13
15 1 U 14
16 0 L 12
17 0 U 16
18 1 U -1
19 1 U 18
20 0 U 19
21 0 U 20
22 1 L 16
23 1 U 22
24 0 U 23
25 1 U 24
26 0 L 6
27 1 U -1
28 1 U 27
29 1 L 25
30 1 U 18
31 0 U 30
32 1 U 31
33 0 U 32
34 0 U 19
35 0 L 28
36 0 U -1
37 1 U 36
38 1 U 37
39 1 U 38
40 0 U 39
41 1 L 11
42 0 U 26
43 0 U 42
44 1 U 14
45 1 U -1
46 1 U 25
47 0 L 45
48 1 U 47
49 0 U 48
50 1 U 49
51 1 U 47
52 1 U 51
53 1 U 52
54 1 U -1
55 1 U 11
56 0 U 55
57 1 U 56
58 0 U 57
59 1 U 36
60 1 U 59
61 1 L 23
62 0 U 61
63 0 U 52
64 1 L 7
65 0 U 64
66 0 U 65
67 0 U 66
68 0 U 67
69 0 U 68
70 1 U 69
71 0 U 70
72 0 U -1
73 1 U 72
74 0 U 73
75 0 U 74
76 1 L 6
77 1 U 76
78 1 U 77
79 0 U 78
80 1 U 79
81 0 U -1
82 0 U 81
83
0 1 U -1
1 0 U -1
2 0 U 1
3 1 U 2
4 0 U 3
5 0 U 4
6 0 U 5
7 0 U 6
8 1 U 7
9 0 U -1
10 1 U 9
11 0 U 10
12 0 U 11
13 0 U 12
14 0 U 13
15 1 U 14
16 0 L 12
17 0 U 16
18 1 U -1
19 1 U 18
20 0 U 19
21 0 L 17
22 1 L 16
23 1 U 22
24 0 U 23
25 1 U 24
26 1 L 3
27 1 U -1
28 1 U 27
29 1 L 25
30 1 U 28
31 0 U 30
32 1 U 31
33 0 U 32
34 0 U 33
35 0 U 34
36 0 U -1
37 1 U 36
38 1 U 37
39 1 U 38
40 0 U 39
41 1 L 11
42 0 U 40
43 0 U 42
44 1 U 14
45 1 U -1
46 1 U 25
47 1 U 46
48 1 U 47
49 0 U 48
50 1 U 49
51 1 L 44
52 0 U 29
53 0 L 17
54 1 U -1
55 1 U 54
56 0 U 55
57 1 U 56
58 0 U 57
59 1 U 36
60 1 U 59
61 0 L 45
62 0 U 61
63 0 U -1
64 1 L 7
65 0 U 64
66 0 U 65
67 0 U 66
68 0 U 67
69 0 U 68
70 1 U 69
71 0 U 70
72 0 U -1
73 1 U 72
74 0 U 73
75 0 U 74
76 1 U 75
77 1 U 76
78 1 U 77
79 0 U 78
80 1 L 0
81 0 U -1
82 0 U 81
83
0 1 U -1
1 0 U -1
2 1 U 1
3 1 U 2
4 0 U 3
5 0 U 4
6 0 U 5
7 0 U 6
8 1 U 7
9 0 U -1
10 0 U 8
11 0 U 10
12 0 U 11
13 0 U 12
14 0 U 13
15 1 U 14
16 0 L 12
17 0 U 16
18 1 U -1
19 1 U 18
20 0 U 19
21 0 U 20
22 1 L 16
23 1 U 22
24 1 U 5
25 1 U 24
26 1 U 25
27 1 U -1
28 1 U 27
29 1 L 25
30 1 U 29
31 0 U 30
32 1 U 31
33 0 U 32
34 0 U 33
35 0 U 34
36 0 U -1
37 1 U 36
38 1 U 37
39 1 U 38
40 0 U 39
41 1 L 11
42 1 U 3
43 0 U 42
44 1 U 14
45 1 U -1
46 1 U 25
47 1 U 46
48 1 U 47
49 0 U 48
50 0 L 31
51 1 U 47
52 1 U 51
53 1 U 52
54 1 U -1
55 1 L 24
56 0 U 55
57 1 U 56
58 0 U 57
59 1 U 36
60 1 U 59
61 0 U 60
62 0 U 61
63 0 U -1
64 1 L 7
65 0 U 64
66 0 U 65
67 0 U 66
68 0 U 67
69 0 U 68
70 1 L 41
71 0 U 70
72 0 U -1
73 1 U 72
74 0 U 73
75 0 U 74
76 1 U 75
77 1 U 76
78 1 U 77
79 0 U 78
80 1 U 79
81 0 U -1
82 0 U 81
83
0 1 U -1
1 0 U -1
2 1 U -1
3 1 U 2
4 0 U 3
5 0 U -1
6 0 U 5
7 0 U 6
8 1 U 7
9 0 U -1
10 1 U 9
11 0 U 10
12 0 U 11
13 0 U 12
14 0 U 13
15 1 U 14
16 0 L 12
17 0 U 16
18 0 U 3
19 0 U 9
20 0 U 19
21 0 U 20
22 1 L 16
23 1 U 22
24 0 U 23
25 1 U 13
26 1 U 23
27 1 U -1
28 1 U 27
29 1 U 16
30 1 U 29
31 0 U 30
32 1 U 31
33 0 U 32
34 0 U 33
35 0 U 34
36 0 U -1
37 1 U 36
38 1 U 37
39 1 U 38
40 0 U 39
41 1 L 11
42 1 U 3
43 0 U 42
44 1 U 14
45 1 U -1
46 1 U 25
47 1 U 46
48 1 U 47
49 0 U 48
50 1 U 49
51 1 U 47
52 1 U 51
53 1 U 52
54 1 U -1
55 1 U 54
56 0 U 4
57 1 U 56
58 0 U 57
59 1 U 36
60 1 U 59
61 0 U 60
62 0 U 52
63 0 U -1
64 1 L 7
65 0 U 64
66 0 U 65
67 0 U 66
68 0 U 67
69 0 U 68
70 1 U 69
71 0 U 70
72 0 U -1
73 1 U 72
74 0 U 73
75 0 U 74
76 1 U 75
77 1 U 76
78 1 U 41
79 0 U 78
80 1 U 79
81 0 U -1
82 0 U 81
83
0 1 U -1
1 0 U -1
2 0 U 1
3 1 U 2
4 0 U 3
5 0 U 4
6 0 U 5
7 0 L 0
8 1 U 7
9 1 U 1
10 1 U 9
11 0 U 10
12 0 U 11
13 0 U 12
14 0 U 13
15 1 U 14
16 0 L 12
17 0 U 16
18 1 U -1
19 1 U 18
20 0 U 19
21 0 U 20
22 1 L 16
23 1 U 22
24 0 U 23
25 1 U 24
26 1 U 25
27 1 U -1
28 1 L 0
29 1 L 25
30 1 U 29
31 0 U 15
32 1 U 31
33 0 U 32
34 0 U 33
35 0 U 34
36 0 U -1
37 0 L 1
38 1 U 37
39 1 U 38
40 0 U 39
41 1 L 11
42 1 U 3
43 0 U 42
44 1 U 14
45 1 U -1
46 1 U 25
47 1 U 46
48 1 U 47
49 0 U 48
50 1 U 49
51 1 U 47
52 1 U 51
53 1 U 52
54 1 U -1
55 1 U 54
56 0 U 55
57 1 U 56
58 0 U 57
59 1 U 36
60 1 U 59
61 1 U 35
62 0 U 61
63 0 U -1
64 1 L 7
65 0 U 64
66 0 U 65
67 0 U 15
68 0 U 67
69 0 U 68
70 1 U 69
71 0 U 70
72 1 U 64
73 1 U 62
74 0 U 73
75 0 U 74
76 1 U 75
77 1 U 76
78 1 U 77
79 0 U 78
80 1 U 79
81 0 U -1
82 0 U 81
83
0 1 U -1
1 0 U -1
2 0 U 1
3 1 U 2
4 0 U 3
5 0 U 4
6 0 U -1
7 0 U 6
8 1 U 7
9 0 U -1
10 1 U 9
11 0 U 10
12 0 U 11
13 0 U 12
14 0 U 13
15 1 U 14
16 0 L 12
17 0 U 16
18 1 U -1
19 1 U 18
20 0 U 19
21 0 U 20
22 1 L 16
23 1 U 22
24 0 U 23
25 1 U 24
26 1 U 25
27 1 U -1
28 1 U 27
29 1 L 25
30 0 U 2
31 0 U 30
32 1 U 31
33 1 L 8
34 0 U 33
35 0 U 34
36 0 U -1
37 1 U 36
38 1 U 37
39 1 U 38
40 0 U 39
41 1 U 5
42 1 U -1
43 0 U 42
44 1 U 14
45 1 U -1
46 1 U 25
47 1 U 46
48 1 U 47
49 0 U 48
50 1 U 49
51 1 U 47
52 1 U 51
53 1 U 52
54 1 U -1
55 1 U 54
56 1 U 47
57 1 U 56
58 0 U 57
59 1 U 36
60 1 U 59
61 0 U 16
62 0 U 61
63 0 U -1
64 0 L 51
65 0 U 64
66 0 L 49
67 0 U 66
68 0 U 67
69 0 U 68
70 1 U 69
71 0 U 70
72 0 U -1
73 1 U 72
74 0 U 66
75 0 U 74
76 0 U 10
77 1 U 76
78 1 U 77
79 1 U 41
80 1 U 79
81 0 U -1
82 0 U 81
83
0 1 U -1
1 0 U -1
2 0 U 1
3 1 U 2
4 0 U 3
5 1 L 0
6 0 U 5
7 0 U 6
8 1 U 7
9 0 U -1
10 1 U 9
11 0 U 10
12 0 U 11
13 0 U 12
14 0 U 13
15 1 U 14
16 0 L 12
17 0 U 16
18 1 U -1
19 1 U 18
20 0 U 19
21 0 U 20
22 1 L 16
23 1 U 22
24 0 U 23
25 0 U 13
26 1 U 25
27 1 U -1
28 0 L 10
29 1 L 25
30 1 U 29
31 0 U 30
32 1 U 31
33 0 U 32
34 0 U 33
35 0 U 34
36 0 U -1
37 1 U 36
38 1 U 37
39 1 U 38
40 0 U 39
41 1 L 11
42 1 U 3
43 0 U 42
44 1 U 14
45 1 U -1
46 1 U 25
47 1 U 46
48 1 U 47
49 0 U 48
50 1 U 49
51 1 U 47
52 1 U 51
53 1 U 52
54 1 U -1
55 1 U 54
56 0 U 55
57 1 U 56
58 1 L 26
59 1 U 36
60 1 U 59
61 0 U 60
62 0 U 61
63 0 U -1
64 1 L 7
65 0 U 64
66 0 U 65
67 0 U 66
68 0 U 67
69 0 U 68
70 1 U 69
71 0 U 70
72 0 U -1
73 1 U 72
74 0 U 73
75 0 U 74
76 1 U 75
77 1 U 39
78 1 L 59
79 0 U 74
80 1 U 79
81 0 U -1
82 0 U 81
83
0 1 U -1
1 0 U -1
2 0 U 1
3 1 U 2
4 1 U 2
5 0 U 4
6 0 U 5
7 0 U 6
8 1 U 7
9 0 U -1
10 1 U 9
11 0 U 10
12 1 U 0
13 0 U 12
14 0 U 13
15 1 U 14
16 0 L 12
17 0 U 16
18 1 U -1
19 1 U 18
20 0 U 19
21 0 U 20
22 1 L 16
23 1 U 22
24 0 U 23
25 1 U 24
26 1 U 25
27 1 U -1
28 0 L 19
29 1 L 25
30 1 U 29
31 0 U 30
32 1 U 31
33 0 U 32
34 0 U 33
35 0 U 34
36 0 U -1
37 1 U 36
38 1 U 37
39 0 L 6
40 1 L 0
41 1 L 11
42 0 U 7
43 0 U 42
44 1 U 14
45 1 U -1
46 1 U 25
47 1 U 46
48 1 U 0
49 0 L 14
50 1 U 49
51 1 U 47
52 1 U 51
53 1 U 52
54 0 L 3
55 1 U 54
56 0 U 55
57 1 U 56
58 0 U 57
59 1 U 36
60 1 U 59
61 0 U 60
62 0 U 61
63 0 U -1
64 1 L 7
65 0 U 64
66 0 U 65
67 0 U 66
68 1 L 23
69 1 U 7
70 1 U 69
71 0 U 70
72 0 U -1
73 1 U 72
74 0 L 19
75 1 U 43
76 1 U 75
77 0 L 19
78 1 U 77
79 0 U 78
80 1 U 79
81 0 U -1
82 0 U 81
83
0 1 U -1
1 0 U -1
2 0 U 1
3 1 U 2
4 0 U 3
5 0 U 4
6 0 U 5
7 0 U 6
8 1 U 7
9 0 U -1
10 1 U 9
11 0 L 7
12 0 U 11
13 0 U 7
14 0 U 13
15 1 U 14
16 0 L 12
17 0 U 16
18 1 U -1
19 1 U 18
20 0 U 5
21 0 U 20
22 1 L 16
23 0 U 1
24 1 L 21
25 1 U 24
26 1 U 25
27 1 U -1
28 1 U 27
29 1 L 25
30 1 U 29
31 0 U 30
32 1 U 31
33 0 L 14
34 0 U 33
35 0 U 34
36 0 U -1
37 1 U 36
38 1 U 37
39 1 U 38
40 0 U 39
41 1 L 11
42 1 U 3
43 0 U 42
44 1 U 14
45 1 U -1
46 1 U 25
47 1 U 46
48 1 U 47
49 0 U 48
50 1 U 49
51 1 U 47
52 1 U 51
53 1 U 52
54 0 U 9
55 1 U 54
56 1 L 30
57 1 U 56
58 0 U 57
59 1 U 36
60 1 U 59
61 0 U 60
62 0 U 61
63 0 U -1
64 1 L 7
65 0 U 64
66 0 U 65
67 0 U 66
68 0 U 67
69 0 U 68
70 1 U 69
71 0 U 70
72 0 U -1
73 1 U 72
74 0 U 73
75 0 U 74
76 1 U 35
77 1 U 76
78 1 U 77
79 0 U 78
80 1 L 24
81 0 U -1
82 0 U 81
83
0 1 U -1
1 0 U -1
2 0 U 1
3 1 U 2
4 0 U 3
5 0 L 1
6 0 U 5
7 0 U 6
8 1 U 7
9 0 U -1
10 1 U 9
11 0 U 10
12 0 U 11
13 0 U 12
14 0 U 13
15 1 U 14
16 0 L 12
17 1 L 13
18 1 U -1
19 1 U 18
20 0 U 19
21 0 U 20
22 1 L 16
23 1 U 22
24 0 U 23
25 1 U 24
26 1 U 25
27 1 U -1
28 1 U 27
29 1 L 25
30 1 U 29
31 0 U 30
32 1 U 31
33 0 U 32
34 0 U 33
35 0 U 34
36 0 U -1
37 1 U 36
38 1 U 37
39 1 U 38
40 0 U 39
41 1 L 11
42 1 U 3
43 0 U 42
44 0 U 28
45 1 U -1
46 1 U 25
47 1 U 46
48 1 U 47
49 0 U 48
50 1 U 49
51 1 U 47
52 1 U 51
53 1 U 52
54 1 U -1
55 1 U 54
56 0 U 55
57 1 U 56
58 0 U 57
59 1 U 36
60 1 U 59
61 0 U 60
62 0 U 61
63 0 U -1
64 1 L 7
65 0 U 64
66 0 U 65
67 0 U 66
68 0 U 67
69 0 U 68
70 1 U 69
71 0 U 70
72 0 U -1
73 1 U 72
74 0 U 73
75 0 U 74
76 1 U 75
77 1 U 76
78 1 U 77
79 0 U 78
80 1 U 79
81 0 U -1
82 0 U 81
83
0 1 U -1
1 0 U -1
2 0 U 1
3 1 U 2
4 0 U 3
5 0 U 4
6 0 U 5
7 0 U 6
8 1 U 7
9 0 U -1
10 1 U 9
11 0 U 10
12 0 U 11
13 0 L 9
14 1 L -1
15 1 U 14
16 0 L 12
17 0 U 16
18 1 U -1
19 1 U 18
20 0 L 11
21 0 U 20
22 1 L 16
23 1 U 22
24 0 U 23
25 1 U 6
26 1 U 25
27 1 U -1
28 1 U 27
29 1 L 25
30 1 U 29
31 0 U 30
32 1 U 31
33 0 U 32
34 0 U 33
35 0 U 34
36 0 U -1
37 1 U 36
38 1 U 37
39 0 L 28
40 0 U 39
41 1 L 11
42 1 U 3
43 0 U 42
44 1 U 14
45 0 L 40
46 1 U 25
47 1 U 46
48 1 U 47
49 0 U 48
50 1 U 49
51 0 L 36
52 1 U 51
53 1 U 52
54 1 U -1
55 1 U 54
56 0 U 55
57 1 U 56
58 0 U 57
59 0 L 33
60 1 U 59
61 0 U 60
62 0 U 61
63 0 U -1
64 1 L 7
65 0 U 64
66 0 U 65
67 0 U 66
68 0 U 67
69 0 U 68
70 1 U 69
71 0 U 70
72 0 U -1
73 1 U 72
74 0 U 23
75 0 U 74
76 1 U 75
77 1 U 76
78 1 U 77
79 0 U 78
80 1 U 79
81 0 U -1
82 0 U 81
83
0 1 U -1
1 0 U -1
2 0 U 1
3 1 U 2
4 0 U 3
5 0 U 4
6 0 U 5
7 0 U 6
8 1 U 7
9 0 U -1
10 1 U 9
11 0 U 10
12 0 U 11
13 0 U 12
14 0 U 13
15 1 U 14
16 0 L 12
17 0 U 16
18 1 U -1
19 1 U 18
20 0 U 19
21 0 U 20
22 1 L 16
23 1 U 22
24 0 U 23
25 1 U 24
26 1 U 25
27 1 U -1
28 1 U 27
29 1 L 25
30 1 U 29
31 0 U 30
32 1 U 31
33 0 U 32
34 1 L 9
35 0 U 34
36 0 U -1
37 1 U 36
38 1 U 37
39 1 U 38
40 1 U 10
41 1 L 11
42 1 U 3
43 0 U 42
44 1 U 14
45 1 U -1
46 1 U 6
47 1 U 46
48 1 U 47
49 0 U 48
50 1 U 49
51 1 U 1
52 1 U 51
53 1 U 52
54 1 U -1
55 1 U 54
56 0 U 55
57 1 U 56
58 0 U 57
59 1 U 36
60 1 U 59
61 0 U 60
62 0 U 61
63 0 U -1
64 1 L 7
65 0 U 64
66 0 U 65
67 1 U 47
68 0 L 31
69 0 U 68
70 1 U 69
71 0 U 70
72 1 U 11
73 1 U 72
74 0 U 73
75 0 U 74
76 1 U 75
77 1 U 76
78 1 U 77
79 0 U 78
80 1 U 79
81 0 U -1
82 0 U 81
83
0 1 U -1
1 1 U 0
2 0 U 1
3 1 U 2
4 0 U 3
5 0 U 4
6 0 U 5
7 0 U 6
8 1 U 7
9 0 U -1
10 1 U 9
11 0 U 10
12 0 U 11
13 0 U 12
14 0 U 13
15 1 U 14
16 0 L 8
17 0 U 16
18 1 U -1
19 1 U 18
20 0 U 19
21 1 U 12
22 1 L 16
23 1 U 22
24 0 U 23
25 1 U 24
26 1 U 25
27 1 U -1
28 1 U 27
29 0 L -1
30 0 U 26
31 0 U 28
32 1 U 31
33 0 U 32
34 0 U 33
35 0 U 34
36 0 U -1
37 1 U 36
38 1 U 37
39 1 U 38
40 0 U 39
41 0 U 0
42 1 U 3
43 0 U 42
44 1 U 14
45 1 U -1
46 1 U 25
47 1 U 46
48 1 U 47
49 0 U 48
50 1 U 49
51 1 U 47
52 0 L 16
53 1 U 52
54 1 U -1
55 1 U 54
56 0 U 55
57 1 U 56
58 0 U 57
59 1 U 36
60 1 U 59
61 0 U 60
62 0 U 61
63 0 U -1
64 1 L 7
65 0 U 64
66 0 U 65
67 0 U 66
68 0 U 67
69 0 U 68
70 1 U 69
71 0 U 70
72 0 U -1
73 1 U 67
74 0 U 73
75 0 U 74
76 1 U 75
77 1 U 76
78 0 L 76
79 0 U 78
80 1 U 79
81 0 U -1
82 0 U 81
83
0 1 U -1
1 0 U -1
2 0 U 1
3 1 U 2
4 0 U 3
5 0 U 0
6 0 U 5
7 0 U 6
8 1 U 7
9 0 U -1
10 1 U 9
11 0 U 10
12 0 U 11
13 0 U 12
14 0 U 13
15 1 U 14
16 0 L 12
17 0 U 16
18 0 U 1
19 1 U 18
20 0 U 19
21 0 U 20
22 1 L 16
23 1 U 22
24 0 U 23
25 1 U 24
26 1 U 25
27 1 U -1
28 1 U 27
29 1 L 25
30 1 U 29
31 0 U 28
32 1 U 31
33 0 U 32
34 0 U 33
35 0 U 34
36 0 U -1
37 1 U 36
38 1 U 37
39 1 U 38
40 0 U 39
41 1 L 11
42 1 U 3
43 0 U 42
44 1 L 14
45 1 U -1
46 1 U 25
47 1 U 46
48 1 U 47
49 0 U 48
50 1 U 49
51 1 U 47
52 1 U 26
53 1 U 52
54 1 U -1
55 1 U 54
56 0 U 55
57 1 U 56
58 0 U 57
59 1 U 36
60 1 U 59
61 0 U 60
62 1 U 0
63 0 U -1
64 1 L 7
65 0 U 64
66 0 U 65
67 0 U 66
68 0 U 67
69 0 U 68
70 1 U 69
71 0 U 70
72 0 U -1
73 1 U 72
74 0 U 73
75 0 U 74
76 1 U 75
77 1 U 76
78 1 U 77
79 0 U 78
80 1 U 79
81 0 U -1
82 0 U 39
83
0 1 U -1
1 0 U -1
2 0 U 1
3 1 U 2
4 0 U 3
5 0 U 4
6 0 U 5
7 0 U 6
8 1 U 7
9 0 U -1
10 1 U 9
11 0 U 10
12 0 U 11
13 0 L 8
14 0 U 13
15 1 U 14
16 1 L 1
17 0 U 16
18 1 U -1
19 1 U 18
20 0 U 19
21 0 U 20
22 1 L 16
23 1 U 22
24 0 U 23
25 1 U 24
26 1 U 25
27 1 U -1
28 1 U 27
29 1 L 25
30 1 U 29
31 0 U 30
32 1 U 31
33 0 U 32
34 0 L 23
35 0 U 34
36 0 U -1
37 1 U 36
38 1 U 37
39 1 U 38
40 0 U 39
41 1 L 11
42 1 U 25
43 0 U 42
44 1 U 14
45 1 U -1
46 1 U 29
47 1 U 46
48 1 L 9
49 0 U 48
50 1 U 49
51 1 U 47
52 1 U 51
53 1 U 52
54 1 U -1
55 1 U 54
56 0 L 42
57 1 U 56
58 0 U 57
59 1 U 36
60 1 U 59
61 0 U 60
62 0 U 61
63 0 U -1
64 1 L 7
65 1 U 7
66 0 U 65
67 0 U 66
68 0 U 67
69 0 U 68
70 1 U 69
71 0 U 70
72 0 U -1
73 1 U 72
74 0 U 73
75 0 U 74
76 1 U 75
77 1 U 76
78 1 U 77
79 0 U 78
80 1 U 79
81 0 U -1
82 0 U 81
83
0 1 U -1
1 0 U -1
2 0 U 0
3 0 L -1
4 0 U 3
5 0 U 4
6 0 U 5
7 0 U 6
8 1 L 0
9 0 U -1
10 1 U 9
11 0 U 10
12 0 U 11
13 0 U 12
14 0 U 13
15 1 U 14
16 0 L 12
17 0 U 16
18 0 U 1
19 1 U 18
20 1 U 18
21 0 U 20
22 1 L 2
23 1 U 22
24 0 U 23
25 1 U 24
26 1 U 25
27 1 U -1
28 1 U 27
29 1 U 5
30 1 U 29
31 0 U 30
32 1 U 31
33 0 U 32
34 0 U 33
35 1 L 21
36 0 U -1
37 1 U 36
38 1 U 37
39 1 U 38
40 0 U 39
41 1 L 11
42 1 U 3
43 0 U 42
44 1 U 14
45 1 U -1
46 1 U 25
47 1 U 46
48 1 U 47
49 0 U 48
50 1 U 49
51 1 U 47
52 1 U 51
53 1 U 52
54 1 U 51
55 1 L 48
56 0 U 55
57 1 U 56
58 0 U 57
59 1 U 36
60 0 L 2
61 0 U 60
62 0 U 61
63 0 U -1
64 1 L 7
65 0 U 64
66 1 L 23
67 0 U 31
68 0 U 67
69 0 U 68
70 1 U 69
71 0 U 70
72 0 U -1
73 1 U 72
74 1 L 50
75 0 U 74
76 1 U 75
77 1 U 76
78 1 U 77
79 0 U 78
80 1 U 79
81 0 U -1
82 0 U 81
83
0 1 U -1
1 0 U -1
2 0 U 1
3 1 U 2
4 0 U 3
5 0 U 4
6 0 U 5
7 0 U 6
8 1 U 7
9 0 U -1
10 1 U 9
11 0 U 10
12 0 U 11
13 0 U 12
14 0 U 13
15 1 U 14
16 0 L 12
17 0 U 16
18 0 L 3
19 1 U 18
20 0 U 19
21 0 U 20
22 1 L 16
23 1 U 22
24 0 U 23
25 1 U 24
26 1 U 22
27 1 U -1
28 1 U 27
29 1 L 25
30 1 U 29
31 0 U 30
32 1 U 31
33 0 U 32
34 0 U 33
35 0 U 34
36 0 U 21
37 1 U 36
38 1 U 37
39 1 U 38
40 0 U 39
41 1 L 11
42 1 U 3
43 0 U 42
44 1 U 14
45 1 U -1
46 1 U 25
47 1 U 46
48 0 U 9
49 1 L 26
50 1 U 49
51 1 U 47
52 1 U 51
53 1 U 52
54 1 U -1
55 1 U 54
56 0 U 55
57 1 U 56
58 0 U 57
59 1 U 36
60 1 U 59
61 0 U 60
62 0 U 61
63 0 U -1
64 1 L 7
65 0 U 64
66 0 U 65
67 0 U 66
68 0 U 67
69 0 U 68
70 1 U 69
71 0 U 70
72 0 U -1
73 1 U 72
74 0 U 73
75 0 U 74
76 1 U 75
77 1 U 76
78 1 U 77
79 0 U 78
80 1 U 79
81 0 U -1
82 0 U 81
83
0 1 U -1
1 0 U -1
2 0 U 1
3 1 U 2
4 0 U 3
5 0 U 4
6 0 U 5
7 0 U 6
8 1 U 7
9 0 U -1
10 1 U 9
11 0 L -1
12 0 U 11
13 0 U 12
14 0 L -1
15 1 U 14
16 0 L 12
17 0 U -1
18 1 U -1
19 1 U 18
20 0 U 19
21 0 U 20
22 1 L 16
23 1 U 22
24 0 U 23
25 1 U 24
26 1 U 25
27 1 U -1
28 1 U 27
29 1 L 25
30 1 U 29
31 0 U 30
32 1 U 31
33 0 U 32
34 0 U 33
35 1 U 6
36 0 U -1
37 1 U 36
38 1 U 37
39 1 U 38
40 0 U 39
41 1 L 11
42 1 U 3
43 0 U 42
44 1 U 14
45 1 U -1
46 1 U 25
47 0 L 14
48 1 U 47
49 0 U 39
50 1 U 49
51 1 U 47
52 1 U 51
53 1 U 52
54 1 U -1
55 1 U 54
56 0 U 55
57 1 U 45
58 0 U 57
59 1 U 41
60 0 L 19
61 0 U 60
62 0 U 61
63 0 U -1
64 1 L 7
65 0 U 64
66 0 U 65
67 0 U 66
68 0 U 67
69 0 U 68
70 1 U 69
71 0 U 70
72 0 U -1
73 1 U 72
74 1 U 12
75 0 U 74
76 1 U 75
77 1 U 76
78 1 U 77
79 0 U 78
80 1 U 79
81 0 U -1
82 0 U 81
83
0 1 U -1
1 0 U -1
2 0 U 1
3 1 U 2
4 0 U 3
5 0 U 4
6 0 U 5
7 0 U 6
8 1 U 7
9 0 U -1
10 1 U 9
11 0 U 10
12 0 U 11
13 0 U 12
14 0 U 13
15 1 U 14
16 1 U -1
17 0 U 16
18 0 U -1
19 1 U 18
20 0 U 19
21 0 U 20
22 1 L 16
23 1 U 22
24 0 U 23
25 1 L 9
26 1 L 16
27 1 U -1
28 1 U 27
29 1 L 25
30 1 U 29
31 0 U 30
32 1 U 31
33 0 U 32
34 0 U 33
35 0 U 34
36 0 U -1
37 1 U 36
38 1 U 31
39 1 U 38
40 0 U 39
41 1 L 11
42 1 U 3
43 0 U 42
44 1 U 14
45 1 U -1
46 1 L 2
47 1 U 46
48 1 U 47
49 0 U 48
50 1 U 49
51 1 U 47
52 0 L 23
53 1 U 52
54 1 U -1
55 1 U 54
56 0 U 55
57 1 U 56
58 0 L 55
59 1 U 36
60 1 U 59
61 0 U 60
62 0 U 61
63 0 U -1
64 1 L 7
65 1 L -1
66 1 L 22
67 0 U 66
68 0 U 67
69 0 U 68
70 1 U 69
71 0 U 70
72 0 U -1
73 0 L 66
74 0 U 73
75 0 U 74
76 1 U 75
77 1 U 76
78 1 U 77
79 0 U 78
80 1 U 79
81 0 U -1
82 0 U 81
83
0 1 U -1
1 1 L -1
2 0 U 1
3 1 U 2
4 0 U 3
5 0 U 4
6 0 U 5
7 0 U 6
8 1 U 7
9 0 U -1
10 1 U 9
11 0 U 10
12 0 U 11
13 0 U 12
14 0 U 13
15 1 U 14
16 0 L 12
17 0 U 16
18 1 U -1
19 1 U 18
20 0 U 19
21 0 U 20
22 0 L 19
23 1 U 22
24 0 U 23
25 1 U 24
26 1 U 25
27 1 U -1
28 1 U 27
29 1 L 25
30 1 U 29
31 0 U 30
32 1 U 31
33 0 U 32
34 0 U 33
35 0 U 34
36 0 U -1
37 0 L 34
38 0 L 29
39 1 U 38
40 0 U 39
41 1 L 11
42 0 U 33
43 0 U 42
44 1 U 14
45 0 L 24
46 1 U 25
47 1 U 46
48 1 U 47
49 0 U 48
50 1 U 49
51 1 U 47
52 1 U 51
53 1 U 52
54 1 U -1
55 1 U 54
56 0 U 55
57 1 U 56
58 0 U 57
59 1 U 36
60 1 U 59
61 0 U 60
62 0 U 61
63 0 U -1
64 1 L 7
65 0 U 64
66 1 L 53
67 0 U 66
68 1 L 33
69 0 U 68
70 1 L 48
71 0 U 70
72 0 U -1
73 1 U 72
74 0 U 73
75 0 L 31
76 1 U 75
77 1 U 76
78 1 U 77
79 0 U 78
80 0 L 74
81 0 U -1
82 0 U 61
83
0 1 U -1
1 1 L 0
2 0 U 1
3 1 U 2
4 0 U 3
5 0 L -1
6 0 U 5
7 0 U 6
8 1 U 7
9 0 L 8
10 1 U 9
11 0 U 10
12 0 U 11
13 0 U 12
14 0 U 13
15 1 U 13
16 0 L 12
17 0 U 16
18 1 U 2
19 1 U 18
20 0 U 19
21 0 U 20
22 1 L 16
23 1 U 22
24 0 U 23
25 1 U 24
26 1 U 25
27 1 U -1
28 1 U 27
29 1 L 25
30 1 U 29
31 1 U 3
32 1 U 31
33 1 U 2
34 0 L 29
35 0 U 34
36 0 U -1
37 1 U 36
38 1 U 37
39 1 U 38
40 0 U 39
41 1 L 11
42 1 L 41
43 0 L 13
44 1 U 14
45 1 U -1
46 1 U 25
47 1 U 46
48 1 L 13
49 0 U 48
50 1 U 49
51 1 U 47
52 1 U 51
53 1 U 52
54 1 U -1
55 1 U 54
56 0 U 55
57 1 U 56
58 0 U 57
59 1 U 36
60 1 U 59
61 0 U 60
62 0 U 61
63 0 U -1
64 0 U 24
65 0 U 64
66 0 U 65
67 0 U 66
68 0 U 67
69 0 U 68
70 1 L 18
71 1 U 43
72 0 U -1
73 1 U 72
74 0 U 73
75 0 U 74
76 1 U 75
77 1 U 76
78 1 U 77
79 0 U 78
80 1 U 79
81 0 U -1
82 0 U 81
83
0 1 U -1
1 0 U -1
2 0 L 1
3 1 U 2
4 0 U 3
5 0 U 4
6 0 U 5
7 0 U 6
8 1 U 7
9 0 U -1
10 1 U 9
11 0 U 10
12 0 U 11
13 0 U 12
14 0 U 11
15 1 U 14
16 0 L 12
17 0 U 16
18 1 U -1
19 1 U 18
20 0 U 19
21 0 U 20
22 1 L 16
23 1 U 22
24 0 U 16
25 1 U 24
26 1 U 25
27 1 U -1
28 1 U 27
29 1 L 25
30 1 U 29
31 0 U 30
32 1 U 31
33 0 U 32
34 0 U 33
35 0 U 34
36 0 U -1
37 1 U 36
38 1 U 37
39 1 U 38
40 0 U 39
41 1 L 11
42 1 U 3
43 0 L 42
44 1 U 14
45 1 U -1
46 1 U 25
47 0 U 42
48 1 U 47
49 0 U 48
50 1 U 49
51 1 U 47
52 1 U 51
53 1 U 52
54 1 U -1
55 1 U 54
56 0 U 55
57 1 U 56
58 0 U 57
59 1 U 36
60 0 L 43
61 0 U 60
62 0 U 61
63 1 U 11
64 1 L 7
65 0 U 64
66 0 U 65
67 0 U 66
68 0 U 67
69 0 U 68
70 1 U 69
71 0 U 70
72 0 U -1
73 1 U 72
74 0 U 73
75 0 U 74
76 1 U 75
77 1 U 76
78 1 U 77
79 0 U 78
80 1 U 79
81 0 U -1
82 0 U 81
83
0 1 U -1
1 0 U -1
2 0 U 1
3 1 U 2
4 0 U -1
5 0 U 4
6 0 U 5
7 0 U 6
8 1 U 7
9 0 U -1
10 1 U 9
11 0 U 10
12 0 U 11
13 0 U 12
14 0 U 13
15 1 U 14
16 0 L 12
17 0 U 16
18 1 U -1
19 1 U 18
20 0 U 19
21 0 U 20
22 1 L 16
23 1 U 22
24 0 U 23
25 1 U 24
26 1 U 25
27 1 U -1
28 1 U 27
29 1 L 25
30 1 U 29
31 0 U 30
32 1 U 31
33 0 U 32
34 1 L 32
35 0 U 34
36 0 U -1
37 1 U 36
38 1 U 37
39 1 U 38
40 0 U 39
41 1 L 11
42 1 U 3
43 1 U 39
44 1 L 5
45 0 L 5
46 1 U 25
47 1 U 46
48 1 U 47
49 0 U 48
50 1 U 49
51 1 U 47
52 0 U 7
53 1 U 52
54 1 U -1
55 1 U 54
56 0 U 55
57 1 U 56
58 0 L 12
59 1 U 36
60 1 U 59
61 0 U 60
62 0 U 61
63 0 U -1
64 1 L 7
65 0 U 64
66 0 U 65
67 0 U 66
68 0 U 67
69 0 U 68
70 1 U 69
71 0 U 70
72 0 U -1
73 1 U 72
74 0 U 73
75 0 U 74
76 0 U 58
77 1 U 76
78 1 U 77
79 0 U 78
80 1 U 79
81 0 U -1
82 0 U 81
83
0 1 U -1
1 0 U -1
2 0 U 1
3 1 U 2
4 0 L 0
5 0 U 4
6 0 U 5
7 0 U 6
8 0 L 4
9 0 U -1
10 1 U 9
11 0 U 10
12 0 U 11
13 0 U 12
14 0 U 13
15 1 U 14
16 0 L 12
17 0 U 16
18 1 U -1
19 1 U 18
20 0 U 19
21 0 U 20
22 1 L 16
23 1 U 22
24 0 U 23
25 1 U 24
26 1 U 25
27 1 U -1
28 1 U 27
29 1 L 25
30 1 U 29
31 0 U 30
32 1 U 31
33 0 U 32
34 0 U 33
35 0 U 34
36 0 U -1
37 1 U 36
38 1 U 37
39 1 U 38
40 0 U 39
41 1 L 11
42 1 U 3
43 0 U 42
44 1 U 14
45 1 U -1
46 1 U 20
47 1 U 46
48 1 U 47
49 0 U 48
50 1 U 49
51 1 U 47
52 1 U 51
53 1 U 52
54 1 U -1
55 1 U 10
56 0 U 55
57 1 U 16
58 0 U 57
59 1 U 36
60 0 L 10
61 0 U 60
62 0 L 33
63 0 U -1
64 1 L 7
65 0 U 64
66 0 U 65
67 0 U 66
68 0 U 67
69 0 U 68
70 1 U 69
71 0 U 70
72 0 U 58
73 1 U 72
74 0 U 73
75 0 U 74
76 1 U 75
77 1 U 76
78 1 U 77
79 0 U 78
80 1 U 79
81 0 U -1
82 0 U 81
83
0 1 U -1
1 0 U -1
2 0 U -1
3 1 U 2
4 0 U 3
5 0 U 0
6 0 U 5
7 0 U 6
8 1 U 7
9 0 U -1
10 1 U 9
11 0 U 10
12 0 U 11
13 0 U 12
14 0 U 13
15 1 U 14
16 0 L 12
17 0 U 16
18 1 U -1
19 1 U 18
20 0 U 19
21 0 U 20
22 1 L 16
23 1 U 22
24 0 U 23
25 1 U 24
26 1 U 25
27 1 U -1
28 1 U 27
29 1 L 25
30 1 U 29
31 0 U 30
32 1 U 31
33 0 U 32
34 1 U 22
35 0 U 34
36 0 U -1
37 1 U 36
38 1 U 37
39 1 U 38
40 0 U 39
41 1 L 11
42 0 U 21
43 0 U 9
44 1 U 14
45 1 U -1
46 1 U 25
47 1 U 46
48 1 U 47
49 0 U 48
50 1 U 49
51 1 U 47
52 1 U 51
53 1 L 31
54 1 U -1
55 1 U 54
56 0 U 55
57 1 U 56
58 0 U 57
59 1 U 36
60 1 U 59
61 0 U 60
62 0 U 61
63 0 U -1
64 1 L 7
65 0 U 64
66 0 U 65
67 0 U 66
68 0 U 67
69 0 U 68
70 1 U 69
71 0 U 70
72 0 U -1
73 1 U 72
74 0 U 73
75 0 U 74
76 1 U 75
77 1 U 76
78 1 U 77
79 0 U 78
80 1 U 79
81 0 U -1
82 0 U 81
83
0 1 U -1
1 0 U -1
2 0 U 1
3 1 U 2
4 0 U 3
5 0 U 4
6 0 U 5
7 0 U 6
8 1 U 7
9 0 U -1
10 1 U 9
11 0 U 10
12 0 U 11
13 0 U 12
14 0 U 13
15 1 U 14
16 0 L 12
17 0 U 16
18 1 U -1
19 1 U 18
20 0 U 19
21 0 U 20
22 1 L 16
23 1 U 22
24 0 U 23
25 1 U 24
26 1 U 25
27 1 U -1
28 1 U 27
29 1 L 25
30 1 U 29
31 0 U 30
32 1 U 31
33 0 U 32
34 0 U 16
35 0 U 34
36 0 U -1
37 1 U 36
38 1 U 37
39 1 U 38
40 0 U 39
41 1 L 11
42 1 U 3
43 0 L 37
44 1 U 14
45 1 U -1
46 0 L 26
47 1 U 46
48 1 U 47
49 0 U 48
50 1 U 49
51 1 U 47
52 1 U 51
53 1 U 52
54 1 U -1
55 1 U 41
56 1 L 12
57 1 U 56
58 0 U 57
59 1 U 36
60 1 U 59
61 0 U 28
62 0 U 61
63 0 U -1
64 1 L 7
65 0 U 64
66 0 U 65
67 0 U 66
68 0 L 1
69 0 L 14
70 1 U 69
71 0 U 70
72 0 U -1
73 1 U 72
74 0 U 73
75 0 U 8
76 1 U 75
77 1 U 19
78 1 U 77
79 0 U 78
80 1 U 79
81 0 U -1
82 0 U 81
83
0 1 U -1
1 0 U -1
2 0 U 1
3 1 U 2
4 0 U 3
5 0 U 4
6 0 U 5
7 0 U 6
8 1 U 7
9 0 U -1
10 1 U 9
11 0 U 10
12 0 U 11
13 0 U 12
14 0 U 13
15 1 U 14
16 0 L 12
17 0 U 16
18 1 U -1
19 1 U 18
20 0 U 19
21 0 U 20
22 0 U 8
23 1 U 22
24 0 U 23
25 1 U 24
26 1 U 25
27 1 U -1
28 1 U 27
29 1 L 25
30 1 U 29
31 1 L 26
32 1 U 31
33 0 U 32
34 0 U 33
35 0 U 34
36 0 U -1
37 1 U 36
38 1 U 37
39 1 U 38
40 0 U 39
41 1 L 11
42 1 U 3
43 0 U 42
44 1 U 14
45 1 U -1
46 1 U 25
47 1 U 46
48 0 L 32
49 0 U 48
50 1 U 49
51 1 U 47
52 1 U 51
53 1 U 52
54 1 U -1
55 1 U 54
56 0 U 55
57 1 U 56
58 0 U 57
59 1 U 36
60 1 U 59
61 0 U 60
62 0 U 61
63 0 U -1
64 1 L 7
65 0 U 64
66 0 U 9
67 0 U 10
68 0 U 67
69 0 U 68
70 1 U 69
71 0 U 70
72 0 U -1
73 1 U 72
74 0 U 73
75 0 U 74
76 1 U 75
77 1 U 76
78 1 U 77
79 0 U 78
80 1 U 79
81 0 U -1
82 0 U 81
83
0 1 U -1
1 0 U -1
2 0 U 1
3 1 U 0
4 0 U 3
5 0 U 4
6 0 U 5
7 0 U 6
8 0 L 4
9 0 L 2
10 1 U 9
11 0 U 10
12 0 U 11
13 0 U 12
14 1 U 1
15 1 U 14
16 0 L 12
17 0 L 10
18 1 U 15
19 1 U 18
20 0 U 19
21 0 U 20
22 1 L 16
23 1 U 22
24 0 U 23
25 1 U 24
26 1 U 25
27 1 U -1
28 1 U 27
29 1 L 25
30 1 U 29
31 0 U 30
32 1 U 31
33 0 U 32
34 0 U 33
35 0 U 34
36 0 U -1
37 1 U 36
38 1 U 37
39 1 U 38
40 0 L 29
41 1 L 11
42 1 U 3
43 0 U 33
44 1 U 14
45 1 U -1
46 1 U 25
47 1 U 46
48 1 U 47
49 0 U 48
50 1 U 49
51 1 U 47
52 1 U 51
53 1 U 52
54 1 U -1
55 1 U 54
56 0 U 47
57 1 U 56
58 0 U 57
59 1 U 36
60 1 U 59
61 0 U 60
62 0 L 53
63 0 U -1
64 1 L 7
65 0 U 64
66 0 U 65
67 0 U 66
68 0 U 67
69 0 U 68
70 1 U 69
71 0 U 70
72 0 U -1
73 1 U 72
74 0 U 73
75 0 U 74
76 1 U 75
77 1 U 76
78 1 U 77
79 0 U 78
80 1 U 79
81 0 U -1
82 0 U 81
83
0 1 U -1
1 0 U -1
2 0 U 0
3 1 U 2
4 0 U 3
5 0 U 4
6 0 U 5
7 0 U 6
8 1 U 7
9 0 U -1
10 1 U 9
11 0 U 10
12 0 U 11
13 0 U 12
14 0 U 13
15 1 U 14
16 0 L 12
17 0 U 16
18 1 U -1
19 1 U 18
20 0 L 1
21 0 U 20
22 1 L 16
23 1 U 22
24 0 U 23
25 1 U 24
26 1 U 25
27 0 L 12
28 1 U 27
29 1 L 25
30 1 U 29
31 0 U 30
32 1 U 31
33 0 U 32
34 0 U 33
35 0 U 34
36 0 U -1
37 1 U 36
38 1 U 37
39 1 U 38
40 0 U 39
41 1 L 11
42 1 U 3
43 0 U 42
44 1 U 14
45 1 U -1
46 1 U 25
47 1 U 46
48 1 U 47
49 0 U 48
50 1 U 49
51 1 U 47
52 1 U 23
53 1 U 52
54 1 U -1
55 1 U 54
56 0 U 55
57 1 U 56
58 0 U 7
59 1 U 36
60 1 U 59
61 0 U 60
62 0 U 61
63 0 U -1
64 1 L 7
65 0 U 64
66 0 U 65
67 0 U 66
68 0 U 67
69 0 U 68
70 1 U 69
71 0 U 70
72 0 U -1
73 1 U 72
74 0 U 73
75 0 U 74
76 1 U 75
77 1 U 76
78 1 U 77
79 0 U 78
80 1 U 79
81 0 U -1
82 0 U 81
83
0 1 U -1
1 0 U -1
2 0 U 1
3 1 U 2
4 0 L 3
5 1 L 2
6 0 U 5
7 1 L 5
8 1 U 7
9 0 U -1
10 1 U 9
11 0 U 10
12 0 U 11
13 0 U 12
14 0 U 13
15 1 U 14
16 0 L 12
17 0 U 16
18 1 U -1
19 1 U 18
20 0 U 19
21 0 U 20
22 1 L 7
23 1 U 22
24 0 U 23
25 1 U 24
26 1 U 25
27 1 U -1
28 1 U 27
29 1 U 3
30 1 U 29
31 0 U 30
32 1 U 31
33 0 U 32
34 1 U 4
35 0 U 34
36 0 U -1
37 1 U 36
38 1 U 37
39 1 U 38
40 0 U 39
41 1 L 11
42 1 U 3
43 0 U 42
44 1 U 14
45 1 U -1
46 1 U 25
47 1 U 46
48 1 U 47
49 0 U 48
50 1 U 49
51 1 L 29
52 1 U 51
53 1 U 52
54 1 U -1
55 1 L 30
56 0 U 55
57 1 U 56
58 0 U 57
59 1 U 36
60 1 U 59
61 0 U 60
62 0 U 61
63 0 U -1
64 1 L 35
65 0 U 64
66 0 U 65
67 0 U 66
68 0 U 67
69 0 U 68
70 1 U 69
71 0 U 70
72 0 U -1
73 1 U 72
74 0 U 73
75 1 L 13
76 1 U 75
77 1 U 76
78 1 U 77
79 0 L 33
80 1 U 51
81 0 U -1
82 0 U 81
83
0 1 U -1
1 0 U -1
2 0 U 1
3 1 U 2
4 0 U 3
5 0 U 4
6 0 U 5
7 0 U 6
8 1 U 7
9 0 U -1
10 1 U 9
11 0 U 7
12 0 U 11
13 0 L 6
14 0 U 13
15 0 U 3
16 0 L 12
17 1 L 12
18 1 U -1
19 0 U 14
20 0 U 19
21 0 U 20
22 1 L 16
23 1 U 22
24 0 U 23
25 1 U 24
26 1 U 25
27 1 U -1
28 1 U 27
29 1 U 0
30 1 U 29
31 0 U 30
32 1 U 31
33 0 U 32
34 0 U 33
35 0 U 34
36 0 U -1
37 1 U 36
38 1 U 37
39 1 U 38
40 0 U 39
41 1 L 11
42 1 U 3
43 0 L 12
44 1 U 14
45 1 U -1
46 1 U 37
47 1 U 46
48 1 U 47
49 0 U 48
50 0 L 32
51 1 U 47
52 1 U 51
53 1 U 52
54 1 U -1
55 1 U 54
56 0 U 55
57 1 U 56
58 0 U 12
59 1 U 36
60 1 U 59
61 0 U 60
62 0 U 61
63 0 U -1
64 0 L 60
65 0 U 64
66 0 U 65
67 0 U 66
68 0 U 67
69 0 U 68
70 1 U 69
71 0 L 37
72 0 U -1
73 1 U 72
74 0 U 73
75 0 U 74
76 1 U 75
77 1 U 76
78 1 U 77
79 0 U 78
80 0 U 38
81 0 U -1
82 0 U 81
83
0 1 U -1
1 0 U -1
2 0 U 1
3 1 U 2
4 0 U 3
5 0 U 4
6 0 U 5
7 0 U 6
8 1 U 7
9 0 U -1
10 1 U 9
11 0 U 10
12 1 U 9
13 1 U 12
14 0 U 13
15 1 U 14
16 0 L 12
17 0 U 16
18 1 U 8
19 1 U 7
20 0 U 19
21 0 U 20
22 1 L 16
23 1 U 22
24 0 U 23
25 1 U 24
26 1 U 16
27 1 U -1
28 1 U 27
29 1 L 25
30 1 U 29
31 0 L -1
32 1 U 31
33 0 U 32
34 1 U 8
35 0 U 34
36 0 U -1
37 1 U 36
38 1 U 37
39 1 U 38
40 0 U 39
41 1 L 11
42 1 U 3
43 0 U 42
44 1 U 14
45 1 U -1
46 1 U 25
47 1 U 46
48 1 U 47
49 0 U 48
50 1 U 49
51 1 U 47
52 1 U 51
53 0 L 48
54 1 U -1
55 1 U 54
56 0 U 55
57 1 U 56
58 0 U 57
59 1 U 36
60 1 U 59
61 0 U 60
62 0 U 61
63 0 U -1
64 1 L 7
65 0 U 64
66 0 U 65
67 0 U 66
68 0 U 52
69 0 U 68
70 1 U 69
71 0 U 70
72 0 U -1
73 1 U 72
74 0 U 73
75 0 U 74
76 1 U 75
77 1 U 76
78 1 U 77
79 0 U 78
80 1 U 79
81 0 U -1
82 0 U 68
83
0 1 U -1
1 0 U -1
2 0 U 1
3 1 L 2
4 0 U 3
5 0 U 4
6 0 U 5
7 0 U 6
8 1 U 7
9 0 U -1
10 1 U 9
11 0 U 10
12 0 U 11
13 0 L 11
14 0 U 13
15 0 U 7
16 0 L 8
17 0 U 16
18 1 U -1
19 1 U 18
20 0 U 19
21 0 U 20
22 1 L 16
23 1 U 22
24 0 U 23
25 1 U 24
26 1 U 25
27 1 U -1
28 1 U 27
29 0 L 5
30 1 U 29
31 0 U 3
32 1 U 31
33 0 U 32
34 0 U 33
35 0 U 34
36 0 U -1
37 1 U 36
38 1 U 37
39 1 U 38
40 0 U 39
41 1 L 11
42 1 U 20
43 0 U 42
44 1 U 14
45 1 U -1
46 1 U 25
47 1 U 46
48 1 U 47
49 0 U 48
50 1 U 49
51 1 U 47
52 1 U 51
53 1 U 52
54 1 U -1
55 0 L 23
56 0 U 55
57 1 U 56
58 0 U 20
59 1 U 36
60 1 U 59
61 0 U 60
62 0 U 61
63 0 U 55
64 1 L 7
65 1 U 18
66 0 U 65
67 0 U 66
68 0 U 67
69 0 U 68
70 1 L 58
71 0 U 70
72 0 U -1
73 1 U 72
74 0 U 73
75 0 U 74
76 1 U 75
77 1 U 76
78 1 U 77
79 0 U 78
80 1 U 79
81 0 U -1
82 0 U 7
83
0 1 U -1
1 0 U -1
2 0 U 1
3 1 U 2
4 0 U 3
5 0 U 4
6 0 U 5
7 0 U 6
8 1 U 7
9 0 U -1
10 1 U 9
11 0 U 10
12 0 U 11
13 0 U 12
14 0 U 13
15 1 U 0
16 0 L 12
17 0 U 16
18 1 U -1
19 1 U 18
20 0 U 19
21 0 U 20
22 1 L 16
23 1 U 22
24 0 U 23
25 1 U 24
26 1 U 25
27 1 U -1
28 1 U 27
29 1 L 25
30 1 U 19
31 0 U 30
32 1 U 31
33 0 U 32
34 0 U 33
35 0 U 34
36 1 L 35
37 1 U 36
38 1 U 37
39 1 U 38
40 0 U 39
41 1 L 11
42 1 U 3
43 0 U 42
44 1 U 14
45 1 U -1
46 1 U 25
47 1 U 46
48 1 U 47
49 0 L 36
50 1 U 49
51 1 U 47
52 1 U 51
53 1 L 16
54 1 U 8
55 1 U 54
56 0 U 55
57 1 U 56
58 0 U 57
59 1 U 36
60 1 U 56
61 0 U 60
62 0 U 61
63 0 L 43
64 1 L 7
65 0 U 64
66 0 U 65
67 0 U 66
68 0 U 67
69 0 U 68
70 1 U 69
71 0 U 70
72 0 U -1
73 1 U 72
74 0 U 73
75 0 U 74
76 1 U 75
77 1 L 21
78 1 U 77
79 0 U 78
80 1 U 79
81 0 U -1
82 0 U 81
83
0 1 U -1
1 0 U -1
2 0 U 1
3 1 U 2
4 0 U 3
5 0 U 4
6 0 U 5
7 1 U 1
8 1 U 7
9 0 U -1
10 1 U 9
11 0 U 10
12 0 U 11
13 0 U 12
14 0 U 13
15 1 U 14
16 0 L 12
17 0 U 16
18 1 L 7
19 0 U 14
20 0 U 19
21 0 U 20
22 1 L 16
23 1 U 22
24 0 U 23
25 1 U 24
26 1 U 25
27 1 U -1
28 0 L 26
29 1 L 25
30 1 U 16
31 0 U 30
32 1 U 31
33 0 U 32
34 0 U 33
35 0 U 34
36 0 U -1
37 1 U 36
38 1 U 37
39 1 U 38
40 0 U 39
41 1 L 11
42 1 U 3
43 1 U 9
44 1 U 14
45 1 U -1
46 1 U 25
47 1 U 46
48 1 U 47
49 0 U 48
50 1 L 19
51 1 U 47
52 1 U 51
53 1 U 52
54 1 U -1
55 1 U 54
56 0 U 55
57 1 L 48
58 0 U 57
59 1 U 36
60 1 U 59
61 0 U 60
62 0 U 61
63 0 U -1
64 1 L 6
65 0 U 64
66 0 U 65
67 0 U 66
68 0 U 67
69 0 U 68
70 1 U 69
71 0 U 70
72 0 U -1
73 1 U 72
74 0 U 73
75 0 U 74
76 0 L 55
77 1 U 76
78 1 U 77
79 0 U 78
80 1 U 79
81 0 U -1
82 0 U 81
83
0 0 L -1
1 0 U -1
2 0 U 1
3 1 U 2
4 0 L 3
5 0 U 4
6 0 U 5
7 0 U 6
8 1 U 7
9 0 U -1
10 1 U 9
11 0 U 10
12 0 U 11
13 0 U 12
14 0 U 13
15 0 U 11
16 0 L 12
17 0 U 16
18 1 U -1
19 1 U 18
20 0 U 19
21 0 U 20
22 1 L 16
23 1 U 22
24 0 U 23
25 0 L 24
26 1 U 25
27 0 L 23
28 1 U 27
29 1 L 25
30 1 U 29
31 0 U 30
32 1 U 31
33 0 U 32
34 0 U 33
35 0 U 34
36 0 U -1
37 0 U 20
38 0 U 13
39 1 U 38
40 0 U 24
41 1 L 11
42 1 U 3
43 0 U 42
44 1 U 14
45 0 U 5
46 1 U 25
47 1 U 46
48 0 U 20
49 0 L 15
50 1 U 49
51 1 U 47
52 1 U 51
53 0 L 26
54 1 U -1
55 1 U 54
56 0 U 55
57 1 U 56
58 0 U 57
59 1 U 36
60 1 U 59
61 0 U 60
62 0 U 61
63 0 U -1
64 1 L 7
65 1 U 36
66 0 U 65
67 0 U 66
68 0 U 67
69 0 U 5
70 1 U 69
71 0 L 18
72 0 U -1
73 1 U 72
74 0 U 73
75 0 U 74
76 1 U 75
77 1 U 76
78 1 U 77
79 0 U 78
80 1 U 79
81 0 U -1
82 0 U 81
83
0 1 U -1
1 0 U -1
2 0 U 1
3 1 U 2
4 0 U 3
5 0 U 4
6 0 U 5
7 0 U 6
8 1 U 7
9 0 U 6
10 1 U 9
11 0 U 10
12 1 L 11
13 0 U 12
14 0 U 13
15 1 U 14
16 0 L 12
17 1 L 3
18 1 U -1
19 1 U 18
20 0 U 19
21 0 U 20
22 1 L 16
23 1 U 22
24 0 U 23
25 1 U 24
26 1 U 25
27 1 U -1
28 1 U 27
29 1 L 25
30 1 U 29
31 0 U 30
32 1 U 31
33 0 U 32
34 0 U 33
35 0 U 34
36 0 U -1
37 1 U 36
38 1 U 37
39 1 U 38
40 0 U 39
41 1 L 21
42 1 U 3
43 0 U 42
44 1 U 14
45 1 U -1
46 1 U 25
47 1 U 46
48 1 U 47
49 0 U 48
50 1 U 49
51 1 U 47
52 1 U 51
53 1 U 52
54 1 U -1
55 1 U 54
56 1 U 14
57 1 U 56
58 1 U 19
59 1 U 36
60 1 U 59
61 0 U 60
62 0 U 61
63 0 U -1
64 1 L 7
65 0 U 64
66 0 U 65
67 0 U 66
68 0 U 67
69 0 L 62
70 1 U 69
71 0 U 70
72 0 U -1
73 1 U 72
74 0 U 73
75 0 U 74
76 1 U 75
77 1 U 76
78 1 U 77
79 0 U 78
80 1 U 79
81 0 U -1
82 0 U 81
83
0 1 U -1
1 0 U -1
2 0 U 1
3 1 U 2
4 0 U 3
5 0 U 4
6 0 U 5
7 0 U 6
8 1 U 7
9 1 U 1
10 1 U 9
11 0 U 10
12 0 U 11
13 0 U 12
14 1 L 2
15 1 U 14
16 0 L 12
17 0 U 16
18 1 U -1
19 1 U 18
20 0 U 19
21 0 U 20
22 1 L 16
23 1 U 22
24 0 U 23
25 1 U 24
26 1 U 25
27 1 U -1
28 1 U 27
29 1 L 25
30 1 U 29
31 0 U 30
32 1 U 31
33 0 U 32
34 0 U 33
35 0 U 34
36 0 U -1
37 1 U 36
38 1 U 37
39 1 U 38
40 0 U 39
41 1 L 11
42 1 U 3
43 0 U 42
44 0 U 41
45 1 U -1
46 1 U 25
47 1 U 46
48 1 U 47
49 0 U 48
50 1 U 49
51 1 L 13
52 1 U 51
53 1 U 52
54 1 U -1
55 1 U 54
56 0 U 55
57 1 U 56
58 0 U 57
59 0 L 44
60 1 U 59
61 0 U 60
62 0 U 2
63 0 U -1
64 1 L 7
65 0 U 64
66 0 U 65
67 0 U 22
68 0 U 67
69 0 U 68
70 1 U 69
71 0 U 70
72 0 U -1
73 1 U 72
74 0 U 73
75 0 U 74
76 1 U 75
77 1 U 76
78 1 U 77
79 0 U 78
80 1 U 79
81 1 U 22
82 0 U 81
83
0 1 U -1
1 0 U -1
2 0 U 1
3 1 U 2
4 0 U 3
5 0 U 4
6 0 U 5
7 0 U 6
8 1 U 7
9 0 U -1
10 0 L 3
11 0 U 10
12 0 U 11
13 0 U 12
14 0 U 13
15 1 U 14
16 1 L 3
17 0 U 16
18 1 U -1
19 1 U 18
20 0 U 19
21 0 U 20
22 1 L 16
23 1 U 22
24 0 U 23
25 1 U 24
26 1 U 25
27 1 U -1
28 1 U 27
29 1 L 25
30 1 U 29
31 0 U 30
32 1 U 11
33 0 U 32
34 0 U 33
35 0 U 34
36 0 U -1
37 1 U 36
38 1 U 37
39 1 U 38
40 0 U 39
41 1 L 6
42 1 U 3
43 0 U 42
44 1 U 14
45 1 U -1
46 1 U 25
47 1 U 46
48 1 U 47
49 0 U 48
50 1 U 49
51 1 U 47
52 0 U 45
53 1 U 52
54 0 U 25
55 1 U 54
56 0 U 55
57 1 U 56
58 0 U 57
59 1 U 36
60 1 U 59
61 0 U 60
62 0 U 61
63 0 U -1
64 1 L 7
65 0 U 64
66 0 L 8
67 0 U 66
68 0 U 67
69 0 U 68
70 1 U 69
71 0 U 70
72 0 U -1
73 1 U 72
74 0 U 73
75 0 U 74
76 0 U 11
77 1 L 55
78 1 U 77
79 0 U 78
80 1 U 79
81 0 U -1
82 0 U 81
83
0 1 U -1
1 0 U -1
2 0 U 1
3 1 U 2
4 0 U 3
5 0 U 4
6 1 L 5
7 0 U 0
8 1 U 7
9 0 U -1
10 1 U 9
11 0 U 10
12 0 U 11
13 0 U 12
14 0 L 8
15 1 U 14
16 0 L 12
17 0 U 16
18 1 L 6
19 1 U 18
20 0 U 19
21 0 U 20
22 1 L 16
23 1 U 22
24 0 U 23
25 1 U 24
26 1 U 25
27 1 U -1
28 0 U 4
29 1 L 25
30 1 U 29
31 0 U 30
32 0 L 17
33 0 U 32
34 1 L 25
35 0 U 34
36 0 U -1
37 1 U 36
38 1 U 37
39 1 U 38
40 0 U 39
41 1 L 11
42 1 U 3
43 0 U 42
44 1 U 14
45 1 U -1
46 1 U 25
47 1 U 46
48 1 U 47
49 0 U 48
50 1 U 49
51 1 U 47
52 1 U 51
53 1 U 52
54 1 U 20
55 1 U 54
56 0 U 55
57 1 U 56
58 0 U 57
59 1 U 36
60 1 U 59
61 0 U 60
62 0 U 61
63 0 L 37
64 0 L 58
65 0 U 64
66 0 U 65
67 0 U 66
68 0 U 67
69 0 U 68
70 1 U 69
71 0 L 15
72 0 U -1
73 1 U 72
74 0 U 73
75 0 U 74
76 1 U 75
77 1 U 76
78 1 U 77
79 0 U 78
80 0 U 63
81 0 U -1
82 0 U 81
83
0 1 U -1
1 0 U -1
2 0 U 1
3 1 U 2
4 0 U 3
5 0 U 4
6 0 U 5
7 0 U 6
8 1 U 7
9 0 U -1
10 1 U 9
11 0 U 10
12 0 U 11
13 0 U 12
14 0 U 13
15 0 L 5
16 0 L 12
17 0 U 16
18 1 U -1
19 1 U 18
20 0 U 19
21 1 U 6
22 1 L 16
23 1 U 22
24 0 U 23
25 1 L 22
26 1 U 25
27 1 U -1
28 1 U 27
29 1 L 25
30 1 U 29
31 0 U 30
32 1 U 31
33 0 U 32
34 0 U 33
35 0 U 34
36 0 U 8
37 1 U 36
38 1 U 37
39 0 L 29
40 0 U 39
41 1 L 11
42 1 U 3
43 0 U 42
44 1 U 14
45 1 U -1
46 0 U 1
47 1 U 46
48 1 U 47
49 0 U 48
50 1 U 49
51 1 U 47
52 1 U 51
53 1 U 52
54 1 U -1
55 0 L 18
56 0 U 55
57 1 U 56
58 0 U 57
59 1 U 36
60 1 U 59
61 0 U 60
62 0 U 61
63 0 U -1
64 1 L 7
65 0 U 64
66 0 U 65
67 0 L 32
68 0 U 67
69 0 U 68
70 1 U 69
71 0 U 70
72 0 U -1
73 1 U 72
74 0 U 73
75 0 U 74
76 1 U 75
77 1 U 76
78 1 U 77
79 0 U 78
80 1 U 79
81 0 U -1
82 1 U 64
83
0 1 U -1
1 0 U -1
2 0 U 1
3 1 U 2
4 0 U 3
5 0 U 4
6 0 U 5
7 0 U 6
8 1 U 7
9 0 U -1
10 1 U 9
11 0 U 10
12 0 U 11
13 0 U 12
14 0 U 13
15 1 U 14
16 0 L 12
17 0 U 16
18 1 U -1
19 1 U 18
20 0 U 19
21 0 U 20
22 1 L 16
23 1 U 22
24 0 U 23
25 1 U 24
26 1 U 25
27 1 U -1
28 1 U 27
29 1 L 25
30 1 U 29
31 0 U 30
32 1 U 31
33 0 U 29
34 0 U 33
35 0 U 34
36 0 U -1
37 1 U 36
38 1 U 37
39 1 U 38
40 0 U 39
41 1 L 15
42 1 U 3
43 0 U 42
44 1 U 14
45 1 U -1
46 1 U 25
47 1 U 46
48 1 U 47
49 0 U 48
50 1 U 49
51 1 U 47
52 1 U 51
53 1 U 52
54 1 U -1
55 1 U 54
56 0 U 55
57 1 U 56
58 0 U 57
59 1 U 36
60 1 L 2
61 0 U 60
62 0 U 61
63 0 U -1
64 1 L 7
65 0 U 64
66 0 U 65
67 0 U 66
68 0 U 67
69 0 U 68
70 1 U 69
71 0 U -1
72 0 U -1
73 1 U 72
74 0 U 73
75 0 U 74
76 1 U 75
77 1 U 76
78 1 U 77
79 0 U 78
80 1 U 79
81 0 U -1
82 0 U 81
83
0 1 U -1
1 0 U -1
2 0 U 1
3 1 U 2
4 0 U 3
5 0 U 4
6 0 U 5
7 0 U 6
8 1 L 2
9 0 U -1
10 1 L 6
11 0 U 10
12 1 L 8
13 0 U 12
14 0 U 13
15 1 U 14
16 0 L 12
17 0 U 16
18 1 U -1
19 1 U 18
20 0 U 19
21 0 U 20
22 1 L 16
23 1 U 22
24 0 U 23
25 1 U 24
26 1 U 25
27 1 U -1
28 0 L 23
29 1 L 25
30 1 U 29
31 0 U 30
32 1 U 31
33 0 U 32
34 0 U 33
35 0 U 34
36 0 U -1
37 1 U 36
38 1 U 37
39 1 U 38
40 0 U 39
41 1 U 40
42 1 U 3
43 0 U 42
44 1 U 14
45 1 U -1
46 1 U 25
47 1 U 46
48 1 U 47
49 0 U 48
50 1 U 49
51 1 U 47
52 1 U 51
53 1 U 52
54 1 U -1
55 1 U 54
56 0 U 55
57 1 U 56
58 1 L 30
59 1 U 36
60 1 U 59
61 0 L 49
62 0 U 61
63 0 U -1
64 1 L 7
65 0 U 64
66 0 U 65
67 0 U 66
68 0 U 67
69 1 L 61
70 1 U 69
71 0 U 70
72 0 U -1
73 1 U 72
74 0 U 32
75 0 U 74
76 1 U 75
77 1 U 76
78 1 U 77
79 0 U 78
80 1 U 79
81 0 U -1
82 0 U 55
83
0 1 U -1
1 1 L -1
2 0 U 1
3 1 U 2
4 0 U 3
5 0 U 4
6 0 U 5
7 0 U 6
8 1 U 7
9 1 L 7
10 1 U 9
11 0 U 10
12 0 U 11
13 0 U 12
14 0 U 13
15 1 U 14
16 0 L 12
17 0 U 16
18 1 U -1
19 1 U 18
20 0 U 19
21 0 U 20
22 1 L 16
23 1 U 22
24 0 U 23
25 1 U 24
26 1 U 25
27 1 U -1
28 1 U 27
29 1 L 25
30 1 U 29
31 0 U 30
32 1 U 31
33 0 U 32
34 0 U 33
35 0 U 34
36 0 U -1
37 1 U 36
38 0 L 18
39 1 U 38
40 0 U 39
41 1 L 11
42 1 U 3
43 0 U 42
44 1 U 14
45 1 U -1
46 1 U 25
47 1 U 46
48 1 U 47
49 0 U 48
50 1 U 49
51 1 U 47
52 1 U 51
53 0 U 4
54 1 U -1
55 0 L 33
56 0 U 55
57 1 U 56
58 0 U 57
59 0 L 16
60 1 U 59
61 0 U 60
62 0 U 61
63 0 U -1
64 1 L 7
65 0 U 64
66 0 U 65
67 0 U 66
68 0 U -1
69 0 U 68
70 1 U 69
71 0 U 70
72 0 U -1
73 1 U 72
74 0 U 73
75 0 U 74
76 1 U 75
77 1 U 76
78 1 U 77
79 0 U 78
80 1 U 79
81 0 U -1
82 0 U 81
83
0 1 U -1
1 0 U -1
2 0 U 1
3 1 U 2
4 0 U 3
5 0 U 4
6 0 U 5
7 0 L 4
8 1 U 7
9 0 U -1
10 1 U 8
11 0 U 10
12 0 U 11
13 0 U 12
14 0 U 13
15 1 L -1
16 0 L 12
17 1 L 4
18 1 U -1
19 1 U 18
20 0 U 19
21 1 L 3
22 1 L 16
23 1 U 22
24 0 U 23
25 1 U 24
26 1 L 19
27 1 U -1
28 1 U 27
29 1 L 25
30 0 U 23
31 0 U 30
32 1 U 31
33 0 U 32
34 0 U 33
35 0 U 34
36 0 U -1
37 1 U 36
38 1 U 37
39 1 U 38
40 0 U 39
41 1 L 11
42 1 U 3
43 0 U 42
44 1 U 14
45 1 U -1
46 1 U 25
47 1 U 46
48 1 U 47
49 0 U 48
50 1 U 49
51 1 U 47
52 1 U 51
53 1 U 52
54 1 U -1
55 1 U 54
56 0 U 55
57 0 L 32
58 0 U 57
59 1 U 36
60 1 U 59
61 0 U 60
62 0 U 61
63 0 U -1
64 1 L 7
65 0 U 64
66 0 U 65
67 0 U 66
68 0 U 67
69 0 U 68
70 1 U 69
71 0 U 70
72 0 U -1
73 1 U 72
74 0 U 73
75 0 U 74
76 1 U 75
77 1 U 76
78 1 U 77
79 0 U 78
80 1 U 79
81 0 U -1
82 0 U 81
83
0 1 U -1
1 0 U 0
2 0 U 1
3 1 U 2
4 0 U 3
5 0 U 4
6 0 U 5
7 0 U 6
8 1 U 7
9 0 L 1
10 1 U 9
11 0 U 10
12 1 L -1
13 0 U 12
14 1 L 6
15 1 U 14
16 0 L 12
17 0 U 16
18 1 U -1
19 1 U 18
20 0 U 19
21 0 U 20
22 1 L 16
23 1 U 22
24 0 U 23
25 1 L 14
26 1 U 25
27 1 U -1
28 1 U 27
29 1 L 25
30 1 U 29
31 0 U 30
32 1 U 31
33 0 U 32
34 1 U 24
35 0 U 34
36 0 U -1
37 1 U 36
38 1 U 37
39 1 U 38
40 0 U 39
41 1 L 11
42 1 U 3
43 0 U 42
44 1 U 14
45 1 U -1
46 1 U 25
47 1 L 44
48 1 U 13
49 0 U 48
50 1 U 49
51 1 U 47
52 1 U 51
53 1 L 9
54 1 U -1
55 1 U 54
56 0 U 55
57 1 U 56
58 0 L 41
59 1 U 36
60 1 U 59
61 0 U 60
62 0 U 61
63 0 U -1
64 1 L 7
65 0 U 64
66 0 U 65
67 0 U 66
68 0 U 67
69 0 U 68
70 1 U 69
71 1 L 23
72 0 U 25
73 1 U 72
74 0 U 73
75 0 U 74
76 1 U 75
77 1 U 76
78 1 U 77
79 0 U 78
80 1 U 79
81 0 U -1
82 0 U 81
83
0 1 U -1
1 0 U -1
2 0 U 1
3 1 U 2
4 0 U 3
5 0 U 4
6 0 U 5
7 0 U 6
8 1 U 7
9 0 U 1
10 1 U 9
11 0 U 10
12 0 U 6
13 0 L 1
14 0 U 13
15 1 U 14
16 0 L 12
17 0 U 16
18 1 U -1
19 1 U 18
20 0 U 19
21 0 U 20
22 1 L 16
23 1 U 22
24 0 U 23
25 1 U 24
26 1 U 25
27 1 U -1
28 1 U 27
29 1 L 25
30 0 L 27
31 1 U 12
32 1 U 31
33 0 U 32
34 0 U 33
35 0 U 34
36 0 U -1
37 1 U 36
38 1 U 37
39 1 U 38
40 0 U 39
41 1 L 11
42 1 U 3
43 0 U 42
44 1 U 14
45 1 U -1
46 1 U 25
47 1 U 46
48 1 U 47
49 0 U 3
50 1 U 40
51 1 U 47
52 1 U 51
53 1 U 52
54 1 U -1
55 1 U 54
56 0 U 55
57 1 U 56
58 0 U 57
59 1 U 36
60 1 U 53
61 0 U 60
62 0 U 2
63 0 U -1
64 1 L 7
65 0 U 64
66 0 U 65
67 1 U 12
68 1 U -1
69 0 U 68
70 1 U 69
71 0 U 70
72 0 U -1
73 0 U 68
74 0 U 73
75 0 U 74
76 1 U 75
77 1 U 76
78 0 U 49
79 0 U 78
80 1 U 79
81 0 U -1
82 0 U 81
83
0 1 U -1
1 0 U -1
2 0 U 1
3 1 L 1
4 0 U 3
5 0 U 4
6 0 U 5
7 0 U 6
8 1 U 7
9 0 U -1
10 1 U 9
11 0 U 10
12 0 U 11
13 0 U 12
14 0 U 13
15 1 U 14
16 0 L 12
17 0 U 16
18 1 U -1
19 1 U 18
20 0 U 19
21 0 U 20
22 1 L 13
23 1 U 22
24 0 U 23
25 1 U 24
26 1 U 25
27 1 U -1
28 1 U 27
29 1 L 25
30 1 U 29
31 0 U 30
32 1 U 31
33 0 U 32
34 0 U 33
35 0 U 34
36 0 U -1
37 1 U 36
38 1 U 37
39 1 U 38
40 0 U 39
41 0 L 32
42 1 U 3
43 0 U 42
44 1 U 14
45 1 U -1
46 1 U 25
47 1 U 46
48 1 U 47
49 0 U 48
50 1 U 49
51 1 U 47
52 0 U 41
53 1 L 25
54 1 U -1
55 1 U 54
56 0 U 55
57 1 U 56
58 0 U 57
59 1 U 36
60 1 U 59
61 0 U 60
62 0 U 61
63 0 L 52
64 1 L 7
65 0 U 64
66 0 U 65
67 0 U 66
68 0 U 67
69 0 U 68
70 1 U 69
71 0 U 70
72 0 U -1
73 1 U 72
74 0 U 73
75 0 L 35
76 1 U 75
77 1 U 76
78 1 U 77
79 1 L 29
80 1 U 79
81 0 U -1
82 0 U 81
83
0 1 U -1
1 0 U -1
2 0 U 1
3 1 U -1
4 0 U 3
5 0 U 4
6 0 U 5
7 0 U 6
8 1 U 7
9 0 U -1
10 1 L 5
11 0 U 10
12 0 U 11
13 0 U 12
14 0 U 13
15 0 L -1
16 0 L 12
17 0 U 16
18 1 U -1
19 1 U 18
20 1 L 6
21 0 U 20
22 1 L 16
23 1 U 22
24 0 U 23
25 1 U 24
26 1 U 25
27 1 U -1
28 1 U 27
29 1 L 25
30 1 U 29
31 1 L 29
32 1 U 31
33 0 U 32
34 0 U 33
35 0 U 34
36 0 U -1
37 1 U 36
38 0 U 12
39 0 L 9
40 0 U 39
41 1 L 11
42 1 U 38
43 0 U 42
44 1 U 14
45 1 U -1
46 1 U 25
47 1 U 46
48 1 U 47
49 1 U 1
50 1 U 49
51 1 U 47
52 1 U 51
53 1 U 52
54 1 U -1
55 1 U 54
56 0 U 55
57 1 U 56
58 0 U 57
59 1 U 4
60 1 U 59
61 0 U 60
62 0 U 61
63 0 U -1
64 1 L 7
65 1 U 3
66 0 U 65
67 0 U 66
68 0 U 67
69 0 U 68
70 1 U 69
71 0 U 70
72 0 U -1
73 1 U 72
74 0 U 73
75 0 U 74
76 1 U 75
77 1 L 66
78 1 U 77
79 0 U 78
80 0 L 50
81 1 L 51
82 0 U 81
83
0 1 U -1
1 0 U -1
2 0 U 1
3 1 U 2
4 0 U 3
5 0 U 4
6 0 U 5
7 0 U 6
8 1 U 7
9 0 U -1
10 1 U 9
11 0 U 10
12 0 U 11
13 0 U 12
14 0 U 13
15 1 U 14
16 0 L 12
17 0 U 16
18 1 U -1
19 1 U 18
20 0 U 19
21 0 U 20
22 1 L 16
23 1 U 22
24 0 U 23
25 1 U 24
26 1 U 25
27 1 U -1
28 1 U 27
29 1 L 25
30 1 U 6
31 0 U 30
32 1 U 31
33 0 U 32
34 0 U 33
35 0 U 34
36 0 U -1
37 1 U 36
38 1 U 37
39 1 U 38
40 0 U 39
41 1 L 11
42 1 U 3
43 0 U 42
44 1 U 14
45 1 U -1
46 1 L 9
47 0 L 35
48 1 U 47
49 0 U 48
50 1 U 49
51 1 U 47
52 1 U 51
53 1 U 52
54 1 U -1
55 1 U 54
56 0 U 55
57 1 U 56
58 0 U 57
59 1 U 36
60 1 U 59
61 0 U 60
62 0 U 61
63 0 U -1
64 1 L 7
65 0 U 64
66 0 U 65
67 0 U 66
68 1 L 9
69 0 L 49
70 1 U 69
71 0 U 70
72 0 U -1
73 1 U 72
74 0 U 73
75 0 U 74
76 1 U 75
77 1 U 76
78 1 U 77
79 0 U 78
80 1 U 79
81 0 U -1
82 0 U 81
83
0 1 U -1
1 0 U -1
2 0 U 1
3 1 U 2
4 0 U 3
5 1 L -1
6 0 U 5
7 0 U 6
8 1 U 7
9 0 U -1
10 1 U 9
11 0 U 10
12 1 L 2
13 0 U 12
14 0 U 13
15 0 U 10
16 0 L 12
17 0 U 16
18 1 U -1
19 1 U 18
20 0 U 19
21 0 U 20
22 1 L 16
23 1 U 22
24 0 U 23
25 1 U 24
26 1 U 25
27 1 U -1
28 1 U 27
29 1 L 25
30 1 U 29
31 0 U 30
32 1 U 31
33 0 U 32
34 0 U 33
35 1 U 7
36 0 U -1
37 1 U 36
38 1 U 37
39 1 U 38
40 0 U 39
41 1 L 11
42 1 U 3
43 0 U 42
44 1 U 14
45 1 L 28
46 1 U 30
47 1 U 46
48 0 L 47
49 0 U 48
50 1 U 49
51 1 U 47
52 1 U 51
53 1 U 52
54 1 U -1
55 0 L 20
56 0 U 55
57 1 U 56
58 0 U 57
59 1 U 36
60 1 U 59
61 0 U 60
62 0 U 61
63 0 U -1
64 1 L 7
65 0 U 64
66 0 U 65
67 1 U 27
68 0 U 67
69 0 U 68
70 1 U 69
71 0 U 70
72 0 U -1
73 1 U 72
74 0 U 73
75 0 U 74
76 1 U 75
77 1 U 76
78 1 U 77
79 0 U 78
80 1 U 79
81 0 U 7
82 0 U 81
83
0 1 U -1
1 0 U -1
2 0 U 1
3 1 U 2
4 0 U 3
5 0 U 4
6 0 U 5
7 0 U 6
8 0 L 4
9 0 U -1
10 1 U 9
11 0 U 10
12 0 U 11
13 0 U 12
14 0 U 13
15 1 U 14
16 0 L 12
17 0 U 16
18 1 U -1
19 1 U 18
20 0 U 19
21 0 U 20
22 1 L 16
23 1 U 22
24 0 U 23
25 1 U 24
26 1 U 25
27 1 U -1
28 1 U 27
29 1 L 25
30 1 U 29
31 0 U 30
32 1 U 31
33 0 U 32
34 0 U 33
35 0 U 34
36 0 U 9
37 1 U 36
38 1 U 37
39 1 U 38
40 0 U 39
41 1 U 5
42 1 U 3
43 0 U 42
44 1 U 14
45 1 U -1
46 1 U 25
47 1 U 46
48 0 U 46
49 0 U 48
50 1 U 49
51 1 U 47
52 1 U 51
53 1 U 52
54 1 U -1
55 1 U 54
56 1 U 49
57 1 U 56
58 0 U 57
59 1 U 36
60 1 U 59
61 0 U 60
62 0 U 61
63 0 U -1
64 1 L 7
65 0 U 64
66 0 U 65
67 0 U 66
68 0 U 67
69 0 U 68
70 1 U 69
71 0 L 45
72 0 U -1
73 1 U 72
74 0 U 73
75 0 U 74
76 1 U 75
77 1 U 76
78 1 U 77
79 1 L 77
80 1 U 79
81 0 U -1
82 0 U 81
83
0 1 L -1
1 0 U -1
2 0 U 1
3 1 U 2
4 0 U 3
5 0 U 4
6 0 U 5
7 0 U 6
8 1 U 7
9 0 U -1
10 1 U 9
11 0 U 10
12 0 U 11
13 0 U 12
14 0 U 13
15 1 U 14
16 0 L 12
17 0 U 16
18 1 U -1
19 1 U 18
20 0 U 19
21 0 U 20
22 1 L 16
23 1 U 22
24 0 U 23
25 1 U 24
26 1 U 25
27 0 L 26
28 1 U 27
29 1 L 25
30 1 U 29
31 0 U 30
32 1 U 31
33 0 U 32
34 0 U 33
35 0 U 34
36 1 U 1
37 1 U 36
38 1 U 37
39 1 U 38
40 0 U 39
41 1 L 11
42 1 U 3
43 0 U 42
44 1 U 14
45 1 U -1
46 1 U 25
47 1 U 46
48 1 U 47
49 0 U 48
50 1 U 49
51 1 U 47
52 1 U 51
53 1 U 52
54 1 U -1
55 1 U 54
56 0 U 55
57 1 U 56
58 1 U 3
59 1 U 36
60 1 U 59
61 0 U 60
62 0 U 61
63 0 U -1
64 1 L 7
65 0 U 64
66 0 U 65
67 0 U 66
68 0 U 67
69 0 L 2
70 1 U 38
71 0 U 70
72 0 U -1
73 1 U 34
74 0 U 73
75 0 U 74
76 1 U 75
77 1 U 76
78 1 U 77
79 0 U 78
80 1 U 79
81 0 U -1
82 0 U 81
83
0 1 U -1
1 0 U -1
2 0 U 1
3 1 U 2
4 0 U 3
5 0 U 4
6 0 U 5
7 0 U 6
8 1 U 7
9 0 U -1
10 1 U 9
11 0 U 10
12 0 U 11
13 0 U 12
14 0 U 13
15 1 U 14
16 0 U 5
17 0 U 16
18 1 U -1
19 1 U 18
20 0 U 19
21 0 U 20
22 0 L 2
23 1 U 22
24 0 U 23
25 1 U 24
26 1 U 25
27 1 U -1
28 1 U 27
29 1 L 25
30 1 U 29
31 1 U 14
32 1 U 31
33 0 U 32
34 0 U 33
35 0 U 34
36 0 U -1
37 1 U 36
38 1 U 37
39 1 U 38
40 0 U 39
41 1 L 11
42 1 U 3
43 0 U 42
44 1 U 14
45 1 U -1
46 1 U 25
47 1 U 46
48 1 U 47
49 0 U 48
50 1 U 49
51 1 U 47
52 1 U 51
53 1 U 52
54 1 U -1
55 1 U 54
56 0 U 55
57 1 U -1
58 0 U 57
59 1 U 36
60 1 U 59
61 0 U 60
62 0 U 61
63 0 U -1
64 1 L 7
65 0 U 64
66 0 U 65
67 0 L 6
68 0 U 67
69 0 U 68
70 1 U 69
71 0 U 70
72 0 U -1
73 1 U 72
74 0 U 73
75 0 U 74
76 1 U 75
77 1 U 76
78 1 U 77
79 0 U 78
80 1 U 79
81 0 U -1
82 0 U 81
83
0 1 U -1
1 1 L -1
2 0 U 1
3 1 U 2
4 0 U 3
5 0 U 4
6 0 U 5
7 0 U 6
8 1 U 7
9 0 U -1
10 1 U 9
11 1 U -1
12 0 U 11
13 0 U 12
14 0 U 13
15 1 U 14
16 0 L 12
17 0 U 16
18 1 U -1
19 1 U 18
20 0 U 19
21 1 L 8
22 1 L 16
23 1 U 22
24 0 U 23
25 1 U 24
26 1 U 25
27 1 U -1
28 1 U 27
29 1 L 25
30 1 U 29
31 1 U 4
32 1 U 31
33 0 U 32
34 0 U 33
35 0 U 21
36 1 U 4
37 1 U 36
38 1 U 37
39 1 U 38
40 0 U 39
41 1 L 11
42 1 U 3
43 0 U 42
44 1 U 14
45 1 U -1
46 1 U 25
47 1 U 46
48 1 U 47
49 0 U 48
50 1 U 49
51 1 U 47
52 1 U 51
53 1 U 52
54 1 U -1
55 1 U 54
56 0 U 55
57 1 U 56
58 0 U 57
59 1 U 36
60 1 U 59
61 0 U 60
62 1 L 41
63 0 U -1
64 1 L 7
65 0 U 64
66 0 U 65
67 0 U 66
68 0 U 67
69 0 U 68
70 1 L 45
71 1 L 4
72 0 U -1
73 1 U 72
74 0 U 73
75 0 U 74
76 1 U 75
77 1 U 76
78 1 U 77
79 0 U 78
80 1 U 79
81 0 U -1
82 0 U 81
83
0 1 U -1
1 0 U -1
2 0 U 1
3 1 U 2
4 0 U 3
5 0 U 4
6 0 U 5
7 0 U 6
8 1 U 7
9 1 L 7
10 1 U 9
11 0 U 10
12 0 U 11
13 0 U 12
14 0 U 13
15 1 U 14
16 0 L 12
17 0 U 16
18 1 U -1
19 1 U 18
20 0 U 19
21 0 U 20
22 1 L 16
23 1 U 22
24 0 U 23
25 1 U 24
26 1 U 25
27 1 U -1
28 1 U 27
29 1 L 25
30 1 U 21
31 0 U 30
32 1 U 31
33 0 U 32
34 0 U 33
35 0 U 34
36 0 U -1
37 1 U 36
38 1 U 37
39 1 U 38
40 0 U 39
41 1 L 11
42 1 U 3
43 0 L 0
44 1 U 14
45 1 U -1
46 1 U 25
47 1 U 46
48 1 U 47
49 0 U 48
50 1 U 49
51 1 U 47
52 1 U 51
53 1 L 37
54 1 U -1
55 1 U 54
56 0 U 55
57 1 U 56
58 0 U 57
59 1 U 36
60 1 U 59
61 0 U 60
62 0 U 61
63 0 U -1
64 1 L 7
65 0 U 64
66 0 U 65
67 0 U 66
68 0 U 67
69 0 U 68
70 1 L 9
71 0 U 70
72 0 U -1
73 1 U 72
74 0 U 73
75 1 U 73
76 1 U 75
77 1 U 76
78 1 U 77
79 0 U 78
80 1 U 79
81 0 U -1
82 0 U 81
83
0 1 U -1
1 0 U -1
2 0 U 1
3 1 U 2
4 0 U 3
5 0 U 4
6 0 U 5
7 0 U 6
8 1 U 7
9 0 U -1
10 1 U 9
11 0 U 10
12 0 U 11
13 0 U 12
14 0 U 13
15 1 U 14
16 0 L 12
17 0 L 2
18 1 U -1
19 1 U 18
20 1 L 9
21 0 U 20
22 1 L 16
23 1 U 22
24 0 U 23
25 1 U 24
26 1 U 25
27 1 U -1
28 0 U 14
29 0 L 17
30 1 U 29
31 1 L 1
32 1 U 31
33 0 U 32
34 0 U 7
35 0 U 34
36 0 U -1
37 1 U 36
38 1 U 37
39 1 U 38
40 0 U 39
41 1 L 11
42 1 U 3
43 0 U 35
44 1 U 14
45 1 U -1
46 1 L 38
47 1 U 46
48 1 U 47
49 0 U 48
50 1 U 49
51 1 U 47
52 1 L 22
53 1 U 52
54 1 U -1
55 1 U 54
56 0 U 55
57 1 U 56
58 0 U 57
59 1 U 36
60 1 U 59
61 0 U 60
62 0 U 61
63 0 U -1
64 1 L 7
65 1 L 31
66 0 U 65
67 0 U 66
68 0 U 67
69 0 U 68
70 0 L 2
71 0 U 70
72 0 U -1
73 1 U 72
74 0 U 73
75 0 U 49
76 1 U 75
77 1 U 76
78 1 U 77
79 0 U 78
80 1 U 79
81 0 U 55
82 0 U 81
83
0 1 U -1
1 0 U -1
2 0 U 1
3 1 U 2
4 1 L 2
5 0 U 4
6 0 U 5
7 0 U 6
8 0 U 7
9 0 U -1
10 1 U 9
11 0 U 10
12 0 U 11
13 0 U 12
14 0 U 13
15 1 U 14
16 1 L 10
17 0 U 16
18 1 U -1
19 1 U 18
20 0 U 19
21 1 U 11
22 1 L 16
23 1 U 22
24 0 U 23
25 1 U 24
26 1 U 25
27 1 U -1
28 0 L 21
29 1 L 25
30 1 U 29
31 0 U 30
32 1 U 31
33 0 U 32
34 0 U 33
35 0 U 34
36 0 U -1
37 1 U 36
38 1 U 37
39 1 U 38
40 0 U 39
41 1 L 11
42 1 U 3
43 0 U 42
44 1 U 14
45 1 U -1
46 0 L 7
47 1 U 46
48 1 U 47
49 0 U 48
50 1 U 49
51 1 U 47
52 1 U 51
53 1 U 52
54 0 L 3
55 1 U 54
56 0 U 55
57 1 U 26
58 0 U 57
59 1 U 36
60 1 U 17
61 0 U 60
62 1 L 10
63 0 U 47
64 1 L 7
65 0 U 64
66 0 U 65
67 0 U 66
68 0 U 67
69 0 U 68
70 1 U 69
71 0 U 70
72 0 U -1
73 1 U 72
74 0 U 73
75 0 U 74
76 1 U 75
77 1 U 76
78 1 U 77
79 0 U 78
80 1 U 79
81 0 U -1
82 0 U 81
83
0 1 U -1
1 0 U -1
2 0 U 1
3 1 U 2
4 0 U 3
5 0 U 4
6 0 U 5
7 0 U 6
8 1 U 7
9 0 U -1
10 1 U 9
11 0 U 10
12 0 U 11
13 0 U 12
14 0 U 13
15 1 U 14
16 0 L 12
17 0 U 16
18 1 U -1
19 1 U 18
20 0 U 19
21 0 U 20
22 1 L 20
23 1 U 5
24 0 U 23
25 1 U 24
26 1 U 25
27 1 U -1
28 1 U 27
29 1 L 25
30 1 U 29
31 0 U 30
32 1 U 22
33 0 U 32
34 0 U 33
35 0 U 34
36 0 U -1
37 1 U 36
38 1 U 37
39 1 U 38
40 0 U 39
41 1 L 11
42 1 U 3
43 0 U 42
44 1 U 14
45 1 U -1
46 1 U 25
47 1 U 46
48 1 U 47
49 0 U 48
50 1 L 35
51 1 U 47
52 1 U 51
53 1 U 52
54 1 U -1
55 1 U 54
56 0 U 55
57 1 U 56
58 0 U 57
59 1 U 36
60 1 U 59
61 0 U 60
62 0 U 61
63 0 U -1
64 1 L 7
65 1 U 62
66 0 U 65
67 0 U 66
68 0 U 67
69 0 U 68
70 1 U 69
71 0 U 70
72 0 U -1
73 0 L 67
74 0 U 73
75 0 U 74
76 1 U 75
77 1 U 76
78 1 U 77
79 0 U 78
80 0 U 65
81 0 U -1
82 0 U 81
83
0 1 U -1
1 0 U -1
2 1 L 1
3 1 U 2
4 0 U 3
5 0 U 4
6 0 U 5
7 0 U 6
8 1 U 7
9 0 U -1
10 1 U 9
11 0 U 10
12 0 U 11
13 0 U 12
14 0 L 5
15 0 L 9
16 0 L 12
17 0 U 16
18 1 U -1
19 1 U 6
20 0 U 19
21 0 U 20
22 1 L 16
23 1 U 22
24 0 U 23
25 1 U 24
26 1 U 25
27 0 L 10
28 1 U 27
29 1 L 25
30 1 U 29
31 1 L 8
32 1 U 31
33 0 U 32
34 0 L 30
35 0 U 34
36 0 U -1
37 1 U 36
38 1 U 37
39 1 U 38
40 0 U 39
41 1 L 11
42 1 U 3
43 0 U 42
44 1 U 14
45 1 U -1
46 1 U 25
47 1 U 46
48 1 U 47
49 0 U 48
50 0 U 2
51 1 U 47
52 1 U 51
53 1 U 52
54 1 U -1
55 1 U 54
56 0 U 55
57 1 U 56
58 0 U 57
59 1 U 11
60 1 U 59
61 0 U 60
62 0 U 61
63 0 U -1
64 1 L 7
65 0 U 64
66 0 U 65
67 0 U 66
68 0 U 67
69 0 U 68
70 1 U 69
71 0 U 70
72 0 U -1
73 1 U 72
74 0 U 73
75 0 U 74
76 1 U 75
77 1 U 76
78 1 U 77
79 0 U 78
80 1 U 79
81 0 U -1
82 0 U 81
83
0 1 U -1
1 0 U -1
2 0 U 1
3 1 U 2
4 0 U 3
5 0 U 4
6 0 U 5
7 0 U 6
8 1 U 7
9 0 U -1
10 1 U 9
11 0 U 10
12 0 U 11
13 0 U 3
14 0 U 13
15 1 U 14
16 0 L 12
17 0 U 16
18 1 U -1
19 1 U 18
20 0 U 19
21 0 U 20
22 1 L 16
23 1 U 22
24 0 U 23
25 1 U 24
26 1 U 25
27 1 U -1
28 1 U 27
29 1 L 25
30 1 U 29
31 0 U 30
32 1 U 31
33 0 U 32
34 0 U 33
35 0 U 34
36 0 U -1
37 1 U 36
38 1 U 37
39 1 U 38
40 0 U 39
41 1 L 39
42 1 U 3
43 0 U 42
44 1 U 14
45 1 U -1
46 0 U 28
47 1 U 46
48 1 U 47
49 0 U 48
50 1 U 49
51 1 U 47
52 1 U 51
53 1 U 52
54 1 U -1
55 1 U 54
56 0 U 55
57 1 U 56
58 0 U 57
59 1 U 25
60 1 U 59
61 0 U 60
62 0 U 61
63 0 U -1
64 1 L 7
65 1 L 27
66 0 U 65
67 0 U 66
68 0 U 67
69 0 U 68
70 1 U 69
71 0 U 22
72 1 L 21
73 1 U 72
74 0 U 27
75 0 U 74
76 1 U 75
77 1 U 76
78 0 L 13
79 0 U 55
80 1 U 79
81 0 U -1
82 0 U 81
83
0 1 U -1
1 0 U -1
2 0 U 1
3 1 U 2
4 0 U 3
5 0 U 4
6 0 U 5
7 0 U 6
8 1 U 7
9 0 U -1
10 1 U 4
11 0 U 10
12 0 U 11
13 0 U 12
14 0 U 13
15 1 U 14
16 0 L 10
17 0 U 16
18 1 U -1
19 1 U 18
20 0 U 19
21 0 U 20
22 1 L 16
23 1 U 22
24 0 U 23
25 1 U 24
26 1 U 25
27 1 U -1
28 1 U 27
29 1 L 25
30 1 U 29
31 0 U 30
32 1 U 24
33 0 U 32
34 0 U 33
35 0 U 34
36 0 U -1
37 1 U 36
38 1 U 37
39 0 L 38
40 0 U 39
41 1 L 11
42 1 U 3
43 0 U 42
44 1 U 14
45 1 U -1
46 1 U 25
47 1 U 46
48 1 U 47
49 0 U 48
50 1 U 49
51 1 U 47
52 1 U 51
53 1 L 35
54 1 U -1
55 1 U 54
56 0 U 55
57 1 U 56
58 0 U 57
59 1 U 36
60 1 U 59
61 0 U 60
62 0 U 61
63 0 U -1
64 1 L 7
65 0 U 64
66 0 U 65
67 1 U 44
68 0 U 67
69 0 U 68
70 1 U 69
71 0 U 70
72 0 U -1
73 1 U 72
74 0 U 73
75 0 U 74
76 1 U 75
77 1 U 76
78 1 U 77
79 0 U 78
80 1 U 79
81 0 U -1
82 0 U 81
83
0 1 U -1
1 0 U -1
2 0 U 1
3 1 U 2
4 0 U 3
5 0 U 4
6 0 U 5
7 0 U 6
8 1 U 7
9 0 U -1
10 1 U 9
11 0 U 10
12 0 U 11
13 0 U 12
14 0 U 13
15 1 U 14
16 0 L 12
17 0 U 2
18 1 U -1
19 1 U 18
20 0 U 19
21 0 U 20
22 1 L 16
23 1 U 22
24 0 U 23
25 1 U 24
26 1 U 25
27 1 U -1
28 1 U 27
29 1 L 25
30 1 U 29
31 0 U 30
32 1 U 31
33 0 U 32
34 0 U 33
35 0 U 34
36 0 U -1
37 1 U 36
38 1 U 37
39 1 U 38
40 0 U 39
41 1 L 11
42 0 L 22
43 1 L 42
44 1 U 42
45 1 U -1
46 1 U 25
47 1 U 46
48 1 U 47
49 0 U 48
50 1 U 49
51 1 U 47
52 1 U 51
53 1 U 52
54 1 L 35
55 1 L 54
56 0 U 55
57 1 U 56
58 0 U 57
59 1 L 3
60 1 U 59
61 0 U 60
62 0 U 61
63 0 U -1
64 1 L 7
65 0 U 64
66 0 U 65
67 0 U 66
68 0 U 67
69 0 U 68
70 1 U 69
71 0 U 70
72 0 U -1
73 1 U 72
74 0 U 73
75 0 U 74
76 1 U 75
77 1 U 76
78 1 U 77
79 0 U 78
80 1 U 79
81 0 U -1
82 0 U 81
83
0 1 U -1
1 0 U -1
2 0 U 1
3 1 U 2
4 1 U 2
5 0 U 4
6 0 U 5
7 0 L 2
8 1 U 7
9 0 U -1
10 1 U 9
11 0 U 10
12 0 U 11
13 1 L 5
14 0 U 13
15 1 U 14
16 0 L 12
17 0 U 16
18 1 U -1
19 0 L 0
20 0 U 19
21 1 L 19
22 1 L 16
23 1 U 22
24 0 U 23
25 1 U 24
26 1 U 24
27 1 U -1
28 1 U 27
29 1 L 25
30 1 U 29
31 0 U 30
32 1 U 31
33 0 U 32
34 0 U 33
35 0 U 34
36 0 U -1
37 1 U 36
38 1 U 37
39 1 L 19
40 0 U 39
41 1 L 11
42 1 U 3
43 1 U 36
44 1 U 14
45 0 L 11
46 1 U 25
47 1 U 46
48 1 U 47
49 0 U 48
50 1 U 49
51 1 U 47
52 1 U 51
53 1 L 45
54 1 U -1
55 1 U 54
56 0 U 55
57 1 U 56
58 0 U 57
59 1 U 36
60 1 U 59
61 0 U 60
62 0 U 61
63 0 U -1
64 1 L 7
65 0 U 64
66 0 U 65
67 0 U 66
68 0 U 67
69 0 U 68
70 1 U 69
71 0 U 70
72 0 U -1
73 1 U 72
74 0 U 73
75 0 U 74
76 1 U 75
77 0 L 5
78 1 U 77
79 0 U 78
80 1 U 79
81 0 U -1
82 0 U 81
83
0 1 U -1
1 0 U -1
2 0 U 1
3 0 U 1
4 0 U 3
5 0 U 4
6 0 U 5
7 0 U 6
8 1 U 7
9 0 U -1
10 1 U 9
11 0 U 10
12 0 U 11
13 0 U 12
14 0 U 13
15 1 U 14
16 0 L 12
17 1 U 16
18 1 U -1
19 1 U 18
20 0 U 19
21 1 U 1
22 1 L 16
23 1 U 22
24 0 U 23
25 1 U 24
26 1 U 25
27 1 L 15
28 1 U 27
29 1 L 25
30 1 U 29
31 0 U 30
32 1 U 31
33 0 U 32
34 0 U 33
35 0 U 34
36 0 U -1
37 1 U 36
38 1 U 37
39 1 U 38
40 0 U 39
41 1 L 11
42 1 U 3
43 0 U 42
44 1 U 14
45 1 U -1
46 1 U 25
47 1 U 46
48 1 U 47
49 0 U 48
50 0 U 6
51 1 U 47
52 1 U 51
53 1 U 52
54 1 U -1
55 1 U 54
56 1 L 29
57 1 U 56
58 0 U 57
59 1 U 36
60 1 U 59
61 0 U 60
62 0 U 30
63 0 U 38
64 1 L 7
65 1 U 45
66 0 U 65
67 0 U 66
68 0 U 67
69 0 U 68
70 1 U 69
71 0 U 70
72 0 U -1
73 1 U 72
74 0 U 73
75 0 U 74
76 1 U 75
77 1 U 76
78 1 U 77
79 0 U 78
80 1 U 79
81 0 U -1
82 0 U 81
83
0 1 U -1
1 0 U -1
2 0 U 1
3 1 U 2
4 0 U 3
5 0 U 4
6 0 U 5
7 0 U 6
8 1 U 7
9 0 U -1
10 1 U 9
11 0 U 10
12 0 U 11
13 1 L 12
14 0 U 13
15 1 U 14
16 0 L 12
17 0 U 16
18 1 U -1
19 1 U 18
20 0 U 19
21 0 U 20
22 1 L 16
23 0 U 1
24 0 U 23
25 1 U 24
26 1 U 25
27 1 U -1
28 1 U 27
29 1 L 25
30 1 U 29
31 0 U 30
32 1 U 31
33 0 U 0
34 0 U 33
35 0 U 34
36 0 U -1
37 1 U 36
38 1 U 37
39 0 U 37
40 0 U 39
41 1 L 11
42 1 U 3
43 0 U 42
44 1 U 14
45 1 U -1
46 1 U 25
47 1 U 46
48 1 U 47
49 1 L 22
50 1 U 49
51 1 U 47
52 1 U 51
53 1 U 52
54 1 U -1
55 1 U 54
56 0 U 55
57 1 L 52
58 0 U 57
59 1 U 36
60 1 U 59
61 0 U 60
62 0 U 61
63 0 U -1
64 1 U 62
65 0 U 64
66 0 U 65
67 0 U 66
68 0 U 67
69 0 U 68
70 1 U 69
71 0 U 70
72 0 U -1
73 0 L 6
74 0 U 73
75 0 U 74
76 1 U 75
77 1 U 76
78 1 U 77
79 1 L 22
80 1 U 79
81 0 L -1
82 0 U 81
83
0 1 U -1
1 0 U -1
2 1 L 0
3 1 U 2
4 0 U 3
5 0 U 4
6 1 U 1
7 0 U 6
8 1 U 7
9 0 U -1
10 0 U 4
11 0 U 10
12 0 U 11
13 0 U 12
14 0 U 13
15 1 U 14
16 0 L 12
17 0 U 16
18 1 U -1
19 1 U 18
20 0 U 19
21 0 U 20
22 1 L 16
23 1 U 22
24 0 U 23
25 1 U 24
26 1 U 25
27 1 U -1
28 1 U 27
29 1 L 25
30 1 U 29
31 0 U 30
32 1 U 31
33 1 U 20
34 0 U 33
35 0 U 34
36 0 U -1
37 1 U 36
38 1 U 37
39 1 U 38
40 0 U 39
41 1 L 11
42 1 U 3
43 0 U 42
44 1 U 14
45 0 L 3
46 1 U 4
47 0 U 33
48 0 U 44
49 0 U 48
50 0 U 24
51 1 U 47
52 1 U 51
53 1 U 52
54 1 U -1
55 1 U 54
56 0 U -1
57 1 U 56
58 0 U 57
59 1 U 36
60 1 U 59
61 0 U 60
62 0 U 61
63 0 U -1
64 1 L 7
65 0 U 64
66 0 U 65
67 0 U 66
68 0 U 67
69 0 U 68
70 1 U 69
71 0 U 70
72 0 U -1
73 1 U 72
74 0 U 73
75 0 U 74
76 1 U 75
77 1 U 76
78 1 U 77
79 0 U 78
80 1 U 79
81 0 U -1
82 0 U 81
83
0 1 U -1
1 0 U -1
2 0 U 1
3 1 U 2
4 0 U 3
5 0 U 4
6 0 U 5
7 1 U 6
8 1 U 7
9 0 U -1
10 0 U 1
11 0 U 10
12 0 U 11
13 0 U 12
14 0 U 13
15 1 U 14
16 0 L 12
17 0 U 16
18 1 U -1
19 1 L 1
20 0 U 14
21 0 U 20
22 1 L 16
23 1 L 2
24 0 U 23
25 0 L 5
26 1 U 25
27 1 U -1
28 1 U 27
29 1 L 25
30 1 U 29
31 0 U 30
32 1 U 31
33 0 U 32
34 0 U 33
35 0 U 34
36 0 U -1
37 1 U 36
38 1 U 37
39 1 U 38
40 0 U 39
41 1 L 11
42 1 U 3
43 0 U -1
44 1 U 14
45 1 U -1
46 1 U 25
47 1 U 46
48 1 U 47
49 0 U 48
50 1 U 49
51 1 U 17
52 1 U 51
53 1 U 52
54 1 U -1
55 1 U 54
56 0 L 29
57 0 U 36
58 0 U 57
59 1 U 36
60 1 U 59
61 0 U 60
62 0 U 61
63 0 U -1
64 0 U 60
65 0 U 64
66 0 U 65
67 0 U 66
68 0 U 67
69 0 U 68
70 1 U 69
71 0 U 70
72 1 U 28
73 1 U 72
74 0 U 73
75 0 U 74
76 1 U 75
77 1 U 76
78 1 U 77
79 0 U 78
80 1 U 79
81 0 U -1
82 0 U 81
83
0 1 U -1
1 0 U -1
2 0 U 1
3 1 U 2
4 1 U 2
5 0 U 4
6 0 U 5
7 0 U 6
8 1 U 7
9 0 U -1
10 1 U 9
11 0 U 10
12 0 U 11
13 0 U 12
14 0 U 13
15 1 U 14
16 0 L 12
17 0 L 15
18 1 U 7
19 1 U 18
20 0 U 17
21 0 U 20
22 1 L 16
23 1 U 22
24 0 U 23
25 1 U 24
26 1 U 25
27 1 U -1
28 0 U 16
29 1 L 25
30 1 U 29
31 0 U 30
32 1 U 15
33 0 U 32
34 0 U 33
35 0 U 34
36 0 U -1
37 1 L 26
38 1 U 15
39 1 U 38
40 0 U 39
41 1 L 11
42 1 U 3
43 0 U 42
44 1 U 14
45 1 U -1
46 1 U 25
47 1 U 46
48 1 U 47
49 0 U 48
50 1 U 16
51 1 U 47
52 1 U 51
53 1 U 52
54 1 U -1
55 1 U 54
56 0 U 55
57 1 U 56
58 0 U 57
59 1 U 36
60 1 U 59
61 0 U 60
62 0 U 61
63 0 U -1
64 1 L 7
65 0 U 64
66 0 U 65
67 0 U 66
68 1 U 44
69 0 U 68
70 1 U 69
71 0 U 70
72 0 U -1
73 1 U 72
74 0 U 73
75 0 U 74
76 1 U 75
77 1 U 76
78 1 U 77
79 0 U 78
80 1 U 79
81 0 U -1
82 0 U 81
83
0 1 U -1
1 0 L -1
2 0 U 1
3 1 U 2
4 1 U 2
5 0 U 4
6 0 U 5
7 0 U 6
8 1 U 7
9 1 L 1
10 1 U 9
11 0 U 10
12 0 U 11
13 0 U 12
14 0 U 13
15 1 U 14
16 0 L 12
17 0 L 15
18 1 U 7
19 1 U 18
20 0 U 17
21 0 U 20
22 1 L 16
23 1 U 8
24 0 U 23
25 1 U 24
26 1 U 25
27 1 U -1
28 0 U 16
29 1 L 25
30 1 U 29
31 0 U 30
32 1 U 15
33 0 U 32
34 0 U 33
35 0 U 34
36 0 U -1
37 1 L 26
38 1 U 15
39 1 U 38
40 0 U 39
41 1 L 11
42 1 U 3
43 0 U 42
44 0 U 43
45 1 U -1
46 1 U 14
47 1 U 8
48 1 U 47
49 0 U 48
50 1 U 16
51 1 U 47
52 1 U 51
53 1 U 52
54 1 U -1
55 1 U 54
56 1 L 53
57 1 L 28
58 0 U 57
59 1 U 36
60 1 U 59
61 0 U 60
62 0 U 61
63 0 U -1
64 1 L 7
65 0 U 64
66 0 U 65
67 0 U 66
68 1 U 44
69 0 U 68
70 1 U 69
71 0 U 70
72 0 U -1
73 1 U 72
74 0 L 20
75 0 U 74
76 1 U 75
77 1 U 76
78 1 U 77
79 0 U 78
80 1 U 79
81 0 U -1
82 0 U 81
83
0 1 U -1
1 0 U -1
2 0 U 1
3 1 U 2
4 1 U 2
5 0 U 4
6 0 U 5
7 0 U 6
8 1 U 7
9 0 U -1
10 1 U 9
11 0 U 10
12 0 U 11
13 0 U 12
14 0 U 13
15 1 U 14
16 0 L 12
17 1 L 8
18 1 U 7
19 1 U 18
20 0 U 17
21 0 U 20
22 1 L 16
23 1 U 22
24 0 U 23
25 1 U 20
26 1 U 25
27 1 U -1
28 0 U 16
29 1 L 25
30 1 U 29
31 0 U 30
32 0 U 5
33 0 U 32
34 0 U 33
35 0 U 34
36 0 U -1
37 1 L 26
38 1 U 15
39 1 U 38
40 0 U 39
41 1 L 11
42 1 U 3
43 0 L 2
44 1 U 14
45 1 U -1
46 1 U 21
47 1 U 46
48 1 U 47
49 0 U 48
50 1 U 16
51 1 U 47
52 1 U 51
53 1 U 52
54 0 U 25
55 1 U 54
56 0 U 55
57 0 U 1
58 0 U 57
59 1 U 36
60 1 U 59
61 0 U 60
62 0 U 61
63 0 U -1
64 1 L 7
65 0 U 64
66 0 L 40
67 0 L 54
68 1 U 44
69 0 U 68
70 1 U 69
71 0 U 70
72 0 U -1
73 1 U 72
74 0 U 73
75 0 U 74
76 1 U 75
77 1 U 76
78 1 U 77
79 0 U 78
80 1 U 79
81 1 L 57
82 0 U 81
83
0 1 U -1
1 0 U -1
2 0 U 1
3 1 U 2
4 1 U 2
5 0 U 4
6 0 U 5
7 0 U 6
8 1 L 2
9 0 U -1
10 1 U 9
11 0 U 10
12 0 U 11
13 0 U 12
14 0 U 13
15 1 U 14
16 0 L 12
17 0 L 15
18 0 U -1
19 1 U 18
20 0 U 17
21 0 U 20
22 1 L 16
23 1 U 22
24 0 U 23
25 1 U 24
26 1 U 25
27 1 U -1
28 0 U 16
29 1 L 25
30 0 U 0
31 0 U 22
32 1 U 15
33 1 U 11
34 0 U 33
35 0 U 34
36 0 U -1
37 1 L 26
38 0 U 16
39 1 U 38
40 0 U 39
41 1 L 11
42 1 U 3
43 0 U 42
44 1 U 14
45 1 U -1
46 1 U 25
47 1 U 46
48 1 U 7
49 0 U 48
50 1 U 16
51 1 U 47
52 1 U 11
53 1 U 52
54 1 U -1
55 1 U 54
56 0 U 55
57 1 U 56
58 0 U 57
59 1 U 36
60 1 U 59
61 0 U 60
62 0 U 61
63 0 U -1
64 1 L 7
65 0 U 64
66 0 U 65
67 0 U 66
68 1 U 44
69 0 U 68
70 1 U 69
71 0 U 70
72 0 U -1
73 1 U 72
74 0 U 73
75 0 U 74
76 1 U 75
77 1 U 76
78 1 U 77
79 0 U 78
80 1 U 79
81 0 U -1
82 0 U 81
83
0 1 U -1
1 0 U -1
2 0 U 1
3 1 U 2
4 0 L 1
5 0 U 4
6 0 U 5
7 0 U 6
8 1 U 7
9 0 U -1
10 1 U 9
11 0 U 10
12 0 U 11
13 0 U 12
14 0 U 13
15 1 U 14
16 0 L 12
17 0 U 4
18 1 U 7
19 1 U 18
20 0 U 11
21 0 U 20
22 1 L 16
23 1 U 22
24 0 U 23
25 1 U 24
26 1 U 11
27 1 U -1
28 0 U 16
29 1 L 25
30 1 U 29
31 0 U 30
32 1 U 15
33 0 U 32
34 0 U 33
35 1 U 17
36 0 U -1
37 1 L 26
38 1 U 15
39 1 U 38
40 0 U 39
41 1 L 11
42 1 U 3
43 0 U 42
44 1 U 14
45 1 U -1
46 0 U 21
47 1 U 46
48 1 U 47
49 0 U 48
50 1 U 16
51 1 U 47
52 1 U 51
53 1 U 52
54 1 U -1
55 1 U 54
56 0 U 55
57 1 U 56
58 0 U 57
59 1 U 36
60 1 L 22
61 0 U 60
62 0 U 61
63 0 U -1
64 1 U 7
65 1 L 49
66 0 U 65
67 1 L 30
68 1 U 44
69 0 U 68
70 1 U 69
71 0 U 70
72 0 U -1
73 1 U 72
74 0 U 73
75 0 U 74
76 1 U 75
77 1 U 76
78 1 U 77
79 0 U 78
80 1 L 16
81 0 U -1
82 0 U 81
83
0 1 U -1
1 0 U -1
2 0 U 1
3 1 U 2
4 1 U 2
5 0 U -1
6 0 U 5
7 0 U 6
8 1 U 7
9 0 U -1
10 1 U 9
11 0 U 10
12 0 U 11
13 0 U 12
14 0 U 13
15 1 U 14
16 0 L 12
17 0 L 8
18 1 U 7
19 1 U 18
20 0 U 17
21 0 U 20
22 1 L 16
23 1 U 22
24 0 U 23
25 1 U 24
26 1 U 25
27 1 U -1
28 0 U 16
29 1 L 25
30 1 U 29
31 0 U 30
32 1 U 16
33 0 L 8
34 0 U 33
35 0 U 34
36 1 U 30
37 1 L 26
38 0 L 18
39 1 U 38
40 0 U 39
41 1 L 11
42 1 U 3
43 0 U 42
44 1 U 14
45 1 U -1
46 1 U 25
47 1 U 46
48 1 U 47
49 0 U 27
50 1 U 16
51 1 U 47
52 1 U 51
53 1 U 52
54 1 U -1
55 1 U 54
56 0 U 55
57 1 U 56
58 0 U 57
59 1 U 36
60 1 U 59
61 0 U 60
62 0 U 61
63 0 U -1
64 1 L 7
65 1 U 24
66 0 U 65
67 0 U 66
68 1 U 44
69 0 U 68
70 1 U 69
71 0 U 70
72 0 U -1
73 1 U 72
74 0 U 73
75 0 U 74
76 1 U 75
77 1 U 76
78 1 U 63
79 0 U 78
80 1 U 79
81 0 U -1
82 0 U 81
83
0 1 U -1
1 0 U -1
2 0 U 1
3 1 U 2
4 1 U 2
5 0 U 4
6 0 U 5
7 0 U 4
8 1 U 7
9 0 U -1
10 1 U 9
11 0 U 10
12 0 U 11
13 0 U 12
14 0 U 13
15 1 U 14
16 0 L 12
17 0 L 15
18 1 U 7
19 1 U 18
20 0 U 17
21 0 U 20
22 1 L 16
23 1 U 22
24 0 U 23
25 1 U 24
26 1 U 25
27 1 U -1
28 0 U 16
29 1 L 25
30 1 U 29
31 0 U 30
32 1 L 2
33 0 U 32
34 0 U 33
35 0 U 34
36 0 U -1
37 1 L 26
38 1 U 15
39 1 U 38
40 0 U 39
41 1 L 11
42 1 U 3
43 0 U 42
44 1 U 14
45 1 U -1
46 0 U 10
47 1 U 46
48 1 L 26
49 0 U 48
50 0 U 16
51 1 U 47
52 1 U 51
53 1 U 52
54 1 U -1
55 1 U 54
56 0 U 55
57 1 U 56
58 0 U 57
59 1 U 36
60 1 U 4
61 0 U 60
62 0 U 61
63 0 U -1
64 1 L 7
65 0 U 64
66 0 U 65
67 0 U 66
68 0 U 36
69 0 U 68
70 1 U 69
71 0 U 70
72 0 U -1
73 1 U 72
74 0 U 73
75 0 U 74
76 1 U 75
77 1 U 76
78 1 U 77
79 0 U 78
80 0 U 27
81 0 U -1
82 0 U 81
83
0 1 U -1
1 0 U -1
2 0 L 0
3 1 U 2
4 1 U 2
5 0 U 4
6 0 U 5
7 0 U 6
8 1 U 7
9 0 U -1
10 1 U 9
11 0 U 10
12 0 U 11
13 0 U 12
14 0 U 13
15 1 U 14
16 0 L 12
17 0 L 15
18 1 U 7
19 1 U 18
20 0 U 17
21 0 U 20
22 1 L 16
23 1 U 22
24 0 U 23
25 1 U 24
26 1 U 25
27 1 U -1
28 0 U 16
29 1 L 25
30 1 U 29
31 0 U 30
32 1 U 15
33 0 U 32
34 0 U 33
35 0 U 34
36 0 U -1
37 1 L 26
38 1 U 15
39 1 U 38
40 1 L 17
41 1 L 11
42 1 L 38
43 0 L 12
44 1 U 14
45 1 U -1
46 1 U 25
47 1 U 46
48 1 U 47
49 0 U 48
50 1 U 16
51 1 U 47
52 1 U 51
53 1 U 52
54 1 U 29
55 1 U 54
56 0 U 55
57 1 U 56
58 0 U 57
59 1 U 36
60 1 U 59
61 0 U 30
62 0 U 61
63 0 U -1
64 1 L 7
65 0 U 64
66 0 U 65
67 0 U 66
68 0 L 43
69 0 U 68
70 1 U 69
71 0 U 70
72 1 U 27
73 1 U 72
74 0 U 73
75 0 U 74
76 1 U 75
77 1 U 76
78 1 L 1
79 0 U 78
80 1 U 79
81 0 U -1
82 0 U 81
83
0 1 U -1
1 0 L -1
2 0 U 1
3 1 U 2
4 1 U -1
5 0 U 4
6 0 U 5
7 0 U 6
8 1 U 7
9 0 L 8
10 1 U 9
11 0 U 10
12 0 U 3
13 0 U 12
14 0 U 13
15 1 U 14
16 0 L 12
17 0 L 15
18 1 U 7
19 1 U 18
20 0 U 17
21 1 L 19
22 1 L 16
23 1 U 22
24 0 U 23
25 1 U 24
26 1 U 25
27 1 U -1
28 0 U 16
29 1 L 25
30 1 U 29
31 0 U 30
32 1 U 15
33 0 U 32
34 0 U 33
35 0 U 34
36 0 U -1
37 1 L 26
38 1 U 15
39 1 U 38
40 0 L 6
41 1 L 11
42 1 U 3
43 0 U 42
44 1 U 14
45 1 U -1
46 1 U 25
47 1 U 46
48 1 U 47
49 0 L 47
50 1 U 16
51 1 L 37
52 1 U 51
53 1 U 52
54 1 U -1
55 1 U 54
56 0 U 55
57 1 U 56
58 0 U 57
59 1 U 36
60 1 U 59
61 0 U 60
62 1 L 53
63 0 U -1
64 1 L 7
65 0 U 64
66 0 U 65
67 0 U 66
68 1 U 44
69 0 U 68
70 1 U 69
71 0 U 70
72 1 L 5
73 1 U 72
74 0 U 73
75 0 U 74
76 1 U 75
77 1 U 76
78 1 U 77
79 0 U 78
80 1 U 79
81 0 U -1
82 0 U 81
83
0 1 U -1
1 0 U -1
2 0 U 1
3 1 L -1
4 0 L -1
5 0 U 4
6 1 L 0
7 0 U 6
8 1 U 7
9 0 U -1
10 1 U 9
11 0 L 3
12 0 U 11
13 0 U 12
14 0 U 13
15 1 U 14
16 0 L 12
17 0 U 14
18 1 U 7
19 1 U 18
20 0 U 17
21 0 U 20
22 0 U 12
23 1 U 22
24 0 U 23
25 1 U 24
26 1 U 25
27 1 U -1
28 0 U 16
29 0 L 9
30 1 U 29
31 0 U 30
32 1 U 15
33 0 U 32
34 0 U 33
35 0 U 34
36 0 U -1
37 1 L 26
38 1 U 15
39 1 U 38
40 0 U 39
41 1 L 11
42 1 U 3
43 0 U 42
44 1 L 24
45 0 U 22
46 1 U 25
47 1 U 46
48 1 U 47
49 0 U 48
50 1 U 16
51 1 U 47
52 1 U 51
53 1 U 52
54 1 U -1
55 1 U 54
56 0 U 55
57 1 L 8
58 0 U 57
59 1 U 36
60 1 U 59
61 0 U 6
62 0 U 61
63 0 U -1
64 1 L 7
65 0 U 64
66 0 U 65
67 0 U 66
68 1 U 44
69 0 U 68
70 1 U 69
71 1 L 16
72 0 U -1
73 0 U 33
74 0 U 73
75 0 U 74
76 1 U 75
77 1 U 76
78 1 U 77
79 0 U 78
80 1 U 79
81 0 U -1
82 0 U 81
83
0 1 U -1
1 0 U -1
2 1 U -1
3 1 U 2
4 1 U 2
5 0 U 4
6 0 U 5
7 0 U 6
8 1 U 7
9 0 U -1
10 1 U 9
11 0 U 10
12 0 U 11
13 1 L 1
14 0 U 13
15 1 U 14
16 1 L 7
17 0 L 15
18 1 U 7
19 1 U 18
20 0 U 17
21 0 U 20
22 1 L 16
23 1 U 22
24 0 U 23
25 1 U 24
26 1 U 25
27 1 L 1
28 0 U 16
29 1 L 5
30 1 U 29
31 1 U 5
32 1 U 15
33 0 U 32
34 0 U 33
35 0 U 34
36 0 U -1
37 1 L 26
38 1 U 9
39 1 U 38
40 0 U 39
41 1 L 11
42 1 U 3
43 0 U 42
44 1 U 14
45 1 U -1
46 1 U 25
47 1 U 46
48 1 U 47
49 0 U 48
50 1 U 16
51 1 U 47
52 1 U 51
53 1 U 52
54 1 U -1
55 1 U 54
56 0 U 55
57 1 U 56
58 0 U 57
59 0 U 51
60 1 U 59
61 0 U 60
62 0 U 61
63 0 U -1
64 1 L 7
65 0 U 64
66 0 U 65
67 0 U 66
68 0 L 46
69 0 U 68
70 1 U 69
71 0 U 70
72 0 U -1
73 1 U 72
74 0 U 73
75 1 U 32
76 1 U 75
77 1 U 8
78 1 U 77
79 0 U 78
80 1 U 79
81 0 U -1
82 0 U 81
