30
0 1 U -1
1 0 U 0
2 0 U 1
3 0 U 2
4 0 U 3
5 1 U -1
6 1 U 5
7 0 U 6
8 0 U 7
9 0 U 8
10 0 U -1
11 0 U 10
12 1 U 11
13 0 U 12
14 1 U 13
15 0 U -1
16 0 U 15
17 0 U 16
18 1 U 17
19 1 U 18
20 0 U -1
21 1 U 20
22 0 U 21
23 1 U 22
24 0 U 23
25 1 U -1
26 0 U 25
27 0 U 26
28 0 U 27
29 1 U 28
30
0 1 U -1
1 0 U 0
2 0 U 1
3 0 U 2
4 0 U 1
5 1 U -1
6 1 U 5
7 0 U 6
8 0 U 7
9 1 L 7
10 0 U -1
11 0 U 10
12 1 U 11
13 0 U 12
14 1 U 13
15 0 U -1
16 0 L 4
17 0 U 16
18 1 U 17
19 1 U 18
20 0 U -1
21 1 U 20
22 0 U 21
23 1 U 22
24 0 U 23
25 1 U -1
26 0 U 25
27 0 U 26
28 0 U 27
29 1 U 28
30
0 1 U -1
1 0 U 0
2 0 U 0
3 0 U 2
4 0 U 1
5 1 U -1
6 1 U 5
7 0 U 6
8 0 U 7
9 1 L 7
10 0 U 7
11 0 U 10
12 1 U 11
13 0 U 12
14 1 U 13
15 0 U -1
16 1 U 0
17 0 U 16
18 1 U 17
19 1 U 18
20 0 U -1
21 1 U 20
22 0 U 21
23 1 U 22
24 0 U 23
25 1 U -1
26 0 U 25
27 0 U 26
28 0 L 8
29 1 U 28
30
0 1 U -1
1 0 U 0
2 0 U 0
3 0 U 2
4 0 U 1
5 1 U -1
6 1 U 5
7 0 U 6
8 0 U 7
9 0 L 3
10 0 U 7
11 0 U 10
12 1 U 11
13 0 U 12
14 1 U 13
15 0 U -1
16 1 U 0
17 0 U 16
18 1 U 17
19 1 U 18
20 0 U -1
21 1 U 20
22 0 U 21
23 1 U 22
24 0 U 23
25 1 U -1
26 0 U 25
27 0 U 26
28 0 L 8
29 1 U 28
30
0 1 U -1
1 0 U 0
2 0 U 0
3 0 U 2
4 0 U 1
5 1 U -1
6 1 U 5
7 0 U 6
8 0 U 7
9 0 L 3
10 0 U 7
11 0 U 10
12 1 U 11
13 0 U 12
14 1 U 13
15 0 U -1
16 1 U 0
17 0 U 16
18 1 U 17
19 1 L 9
20 0 U -1
21 1 U 20
22 0 U 21
23 1 U 22
24 0 U 23
25 1 U -1
26 0 U 25
27 0 U 26
28 1 L 19
29 1 U 28
30
0 0 L -1
1 0 U 0
2 0 U 0
3 0 U 2
4 0 U 1
5 1 U -1
6 1 U 5
7 0 U 6
8 0 U 7
9 0 L 3
10 0 U 7
11 0 U 10
12 1 U 11
13 0 U 12
14 1 U 13
15 0 U -1
16 1 U 0
17 0 U 16
18 1 U 17
19 1 U 18
20 0 U -1
21 1 U 20
22 0 U 21
23 1 U 22
24 0 U 23
25 1 U -1
26 0 U 25
27 0 U 26
28 0 L 8
29 1 U 28
30
0 1 U -1
1 0 U 0
2 0 U 0
3 0 U 2
4 0 U 1
5 1 U -1
6 1 U 5
7 0 U 6
8 0 U 7
9 1 L 5
10 0 U 7
11 1 L 8
12 1 U 11
13 0 U 12
14 1 U 13
15 0 U -1
16 1 U 0
17 0 U 16
18 1 U 17
19 1 U 18
20 0 U -1
21 1 U 20
22 0 U 21
23 1 U 22
24 0 U 23
25 1 U 1
26 0 U 25
27 0 U 26
28 0 L 8
29 1 U 28
30
0 1 U -1
1 0 U 0
2 0 U 0
3 0 U 2
4 0 U 1
5 1 U -1
6 1 U 5
7 0 U 6
8 0 U 7
9 0 L 3
10 0 U 7
11 0 U 10
12 1 U 11
13 0 U 12
14 1 U 13
15 0 U -1
16 1 U 0
17 0 U 16
18 1 U 4
19 1 U 18
20 0 U -1
21 1 U 20
22 0 U 21
23 1 U 22
24 0 U 17
25 1 U -1
26 0 U 25
27 0 U 26
28 0 L 8
29 1 U 26
30
0 1 U -1
1 0 U 0
2 0 U 0
3 0 U 2
4 0 U 2
5 1 U -1
6 1 U 5
7 0 U 6
8 0 U 7
9 0 L 3
10 1 L 9
11 0 U 10
12 1 U 11
13 0 U 12
14 1 U 13
15 0 U -1
16 1 U 0
17 0 U 16
18 1 U 17
19 1 U 18
20 0 U -1
21 1 U 20
22 0 U 21
23 1 U 22
24 0 U 23
25 1 U -1
26 0 U 25
27 0 U 26
28 1 L 10
29 1 U 28
30
0 1 U -1
1 0 U 0
2 0 U 0
3 0 U 2
4 0 U 1
5 1 U -1
6 1 L 5
7 0 U 6
8 0 U 7
9 0 L 3
10 0 U 5
11 0 U 10
12 1 L 3
13 0 U 12
14 1 U 13
15 0 U -1
16 1 U 0
17 0 U 16
18 1 U 17
19 1 U 18
20 0 L 18
21 0 U 4
22 0 U 21
23 1 U 22
24 0 U 23
25 1 U -1
26 0 U 25
27 0 U 26
28 0 L 8
29 1 U 28
30
0 1 U -1
1 0 U 0
2 0 U 0
3 0 U 2
4 0 U 1
5 1 U -1
6 1 U 5
7 0 U 6
8 0 U 7
9 0 L 3
10 0 U 7
11 0 U 10
12 1 U 11
13 0 U 12
14 1 U 13
15 0 U -1
16 1 U 0
17 0 U 16
18 1 U 17
19 1 U 18
20 0 U -1
21 1 U 20
22 0 U 21
23 1 U 22
24 0 U 23
25 1 U -1
26 1 U 24
27 0 U 26
28 0 L 8
29 1 U 28
30
0 1 U -1
1 0 U 0
2 0 U 0
3 0 U 2
4 0 U 1
5 1 U -1
6 1 U 5
7 0 U 6
8 0 U 7
9 0 U 0
10 0 U 7
11 0 U 10
12 1 U 11
13 0 U 12
14 1 U 13
15 0 U -1
16 1 U 0
17 0 U 16
18 1 U 17
19 1 U 18
20 0 U -1
21 1 U 20
22 0 U 21
23 1 U 22
24 0 U 23
25 1 U -1
26 1 L -1
27 0 U 26
28 0 L 8
29 1 U 28
30
0 1 U -1
1 0 U 0
2 0 U 0
3 0 U 2
4 0 U 1
5 1 U -1
6 1 U 5
7 0 U 6
8 0 U 7
9 0 L 3
10 0 U 7
11 0 U 10
12 1 U 11
13 0 U 12
14 1 U 13
15 0 U -1
16 1 U 0
17 0 U 16
18 1 U 17
19 1 U 18
20 0 U -1
21 1 U 20
22 0 U 21
23 1 U 22
24 1 U 19
25 1 U -1
26 0 U 25
27 0 U 26
28 0 L 8
29 1 U 28
30
0 1 U -1
1 0 U 0
2 0 U 0
3 0 U 2
4 0 U 1
5 1 U -1
6 1 U 5
7 0 U 6
8 0 U 7
9 0 L 3
10 0 U 7
11 0 U 10
12 0 L 6
13 0 U 12
14 1 U 13
15 0 U -1
16 1 U 0
17 0 U 16
18 1 U 17
19 0 U 10
20 0 U -1
21 1 U 20
22 0 U 21
23 1 U 22
24 0 U 23
25 1 U -1
26 0 U 25
27 0 U 26
28 0 L 8
29 0 U 0
30
0 1 U -1
1 0 U 0
2 1 L 0
3 0 U 2
4 0 U 1
5 1 U -1
6 1 U 5
7 0 U 6
8 0 U 7
9 0 L 3
10 0 U 7
11 0 U 10
12 0 L 6
13 0 U 12
14 1 U 13
15 1 U 5
16 1 U 0
17 0 U 16
18 1 U 17
19 0 L 3
20 0 U -1
21 1 U 20
22 0 U 21
23 1 U 22
24 0 U 23
25 1 U -1
26 0 U 25
27 0 U 26
28 0 L 8
29 0 U 0
30
0 1 U -1
1 0 U 0
2 0 U 0
3 0 U 2
4 0 U 1
5 1 U -1
6 1 U 5
7 0 U 6
8 0 U 7
9 0 L 3
10 1 U 4
11 1 L 3
12 0 L 6
13 0 U 12
14 1 U 9
15 0 U -1
16 1 U 0
17 0 U 16
18 1 U 17
19 0 U 10
20 0 U -1
21 1 U 20
22 0 U 21
23 1 U 22
24 1 U 21
25 1 U -1
26 0 U 25
27 0 U 26
28 0 L 8
29 0 U 0
30
0 1 U -1
1 0 U 0
2 0 U 0
3 0 U 2
4 0 U 1
5 1 U -1
6 1 U 5
7 0 U 6
8 0 U 7
9 0 L 3
10 0 U 7
11 0 U 10
12 0 L 6
13 0 U 12
14 1 U 13
15 0 U -1
16 0 L 2
17 0 U 16
18 1 U 17
19 0 U 10
20 1 L 0
21 0 U 12
22 0 U 21
23 1 U 22
24 0 U 23
25 1 U -1
26 0 U 25
27 0 U 26
28 0 L 8
29 0 U 0
30
0 0 L -1
1 0 U 0
2 0 U 0
3 0 U 2
4 0 U 1
5 1 U -1
6 1 U 5
7 0 U 6
8 0 U 7
9 0 L 3
10 0 U 7
11 0 U 10
12 0 L 6
13 0 U 12
14 1 U 13
15 0 U -1
16 1 U 0
17 0 U 16
18 1 U 17
19 0 U 10
20 0 L 12
21 1 U 20
22 0 L 12
23 1 U 22
24 0 U 23
25 1 U -1
26 0 U 25
27 0 U 26
28 0 L 8
29 0 U 0
30
0 1 U -1
1 0 U 0
2 0 U 0
3 0 U 2
4 0 U 1
5 1 U -1
6 1 U 5
7 0 U 6
8 1 L 5
9 0 L 3
10 0 U 7
11 0 U 10
12 0 L 6
13 0 U 12
14 0 L 4
15 0 U -1
16 1 U 2
17 0 U 16
18 1 U 17
19 0 U 10
20 0 U 5
21 1 U 20
22 0 U 21
23 1 U 22
24 0 U 23
25 1 U -1
26 0 U 25
27 0 U 26
28 0 L 8
29 0 U 0
30
0 1 U -1
1 0 U 0
2 0 U 0
3 0 U 2
4 1 U 1
5 1 U -1
6 1 U 5
7 0 U 6
8 0 U 7
9 0 L 3
10 0 U 7
11 1 L 6
12 0 L 6
13 0 U 12
14 1 U 13
15 0 U -1
16 1 U 0
17 0 U 16
18 1 U 17
19 0 U 10
20 0 U -1
21 1 U 20
22 0 U 21
23 0 U 1
24 0 U 23
25 1 U -1
26 0 U 25
27 0 U 26
28 0 L 8
29 0 U 0
30
0 1 U -1
1 0 U 0
2 1 L 0
3 0 U 2
4 0 U 1
5 1 U -1
6 1 U 5
7 0 U 6
8 0 U 7
9 0 L 3
10 0 U 7
11 0 U 10
12 0 L 6
13 0 U 12
14 1 U 13
15 0 U -1
16 1 U 0
17 0 U 16
18 1 U 17
19 0 U 10
20 0 U 6
21 1 U 20
22 0 U 21
23 1 U 22
24 0 U 23
25 1 U -1
26 0 U 25
27 0 U 26
28 0 L 8
29 0 U 0
30
0 1 U -1
1 0 U 0
2 0 U 0
3 0 U 2
4 1 L 2
5 1 U -1
6 1 U 5
7 0 U 6
8 0 U 7
9 1 U -1
10 0 U 7
11 0 U 10
12 0 L 6
13 0 U 12
14 1 U 13
15 0 U -1
16 1 U 0
17 0 U 16
18 1 U 8
19 0 U 10
20 0 U -1
21 1 U 20
22 0 U 21
23 1 U 22
24 0 U -1
25 1 U -1
26 0 U 25
27 0 U 26
28 0 L 8
29 0 U 14
30
0 1 U -1
1 0 U 0
2 0 U 0
3 0 U 2
4 0 U 1
5 0 U 2
6 1 U 5
7 0 U 6
8 0 U 7
9 0 L 3
10 0 U 7
11 0 L 10
12 0 L 6
13 0 U 12
14 1 U 13
15 0 U -1
16 1 U 0
17 0 U 16
18 0 L 15
19 0 U 10
20 0 U -1
21 1 U 20
22 0 U 21
23 1 U 22
24 0 L 17
25 1 U -1
26 0 U 25
27 0 U 26
28 0 L 8
29 0 U 0
30
0 1 U -1
1 0 U 0
2 0 U 0
3 0 U 2
4 0 U 1
5 1 U -1
6 1 U 5
7 0 U 6
8 0 U 7
9 0 L 3
10 0 U 7
11 0 U 10
12 0 L 6
13 0 U 12
14 1 U 13
15 0 U -1
16 1 U 0
17 0 U 16
18 1 U 17
19 0 U 10
20 0 U -1
21 1 U 20
22 0 U 21
23 1 U 22
24 0 U 23
25 1 U -1
26 0 U 25
27 0 U 26
28 0 L 8
29 0 U 0
30
0 1 L -1
1 0 U 0
2 0 L 0
3 0 U 2
4 0 U 1
5 1 U -1
6 1 U 5
7 0 U 6
8 1 U 1
9 0 L 3
10 0 U 7
11 0 U 10
12 0 L 6
13 1 L -1
14 1 U 13
15 0 U -1
16 0 L 8
17 0 U 16
18 1 U 17
19 0 U 10
20 0 U -1
21 1 U 20
22 0 U 21
23 1 U 22
24 0 U 23
25 1 U -1
26 0 U 25
27 0 U 26
28 0 L 2
29 0 U 0
30
0 0 U -1
1 1 U -1
2 0 U 0
3 0 U 2
4 0 U 3
5 1 U -1
6 1 U 5
7 0 U 6
8 0 U 7
9 0 L 3
10 0 U 7
11 0 U 10
12 0 L 6
13 0 U 12
14 1 U 13
15 0 U -1
16 1 U 0
17 0 U 16
18 1 U 17
19 0 U 10
20 0 U -1
21 1 U 20
22 0 U 21
23 1 U 22
24 1 U 5
25 1 U -1
26 0 U 25
27 0 U 26
28 0 L 8
29 0 U 0
30
0 1 U -1
1 0 U 0
2 0 U 0
3 0 U 2
4 0 U 1
5 1 U -1
6 1 U 5
7 0 U 6
8 0 U 7
9 0 L 7
10 0 U 7
11 0 U 10
12 0 L 6
13 0 U 12
14 1 U 13
15 0 U -1
16 1 U 0
17 0 U 16
18 1 U 17
19 0 U 10
20 0 U -1
21 1 U 20
22 0 U 21
23 1 U 22
24 0 U 23
25 1 U -1
26 0 U 25
27 0 U 26
28 0 L 8
29 1 U 6
30
0 0 U -1
1 0 U 0
2 0 U 0
3 0 U 2
4 0 U 1
5 1 U -1
6 1 U 5
7 0 U 6
8 0 U 7
9 0 L 3
10 0 U 7
11 0 U 10
12 0 L 6
13 0 U 12
14 1 U 13
15 0 U -1
16 1 U 0
17 0 U 16
18 1 U 17
19 0 U 10
20 0 U -1
21 1 U 20
22 0 U 6
23 1 U 22
24 0 U 23
25 1 U -1
26 0 U 25
27 0 U 26
28 0 L 8
29 0 U 4
30
0 1 U -1
1 0 U 0
2 0 U 0
3 0 U 2
4 0 U 1
5 1 U -1
6 1 U 5
7 0 U 6
8 1 L 2
9 1 U 2
10 0 U 7
11 0 U 10
12 0 L 6
13 0 U 12
14 1 U 13
15 0 U -1
16 1 U 0
17 0 U 16
18 0 U 10
19 0 U 2
20 0 U -1
21 1 U 20
22 0 U 21
23 1 U 22
24 0 U 23
25 1 U -1
26 1 L 17
27 0 U 26
28 0 L 8
29 0 U 0
30
0 1 U -1
1 0 U 0
2 0 U 0
3 0 U 2
4 0 U 1
5 1 U -1
6 1 U 5
7 0 U 6
8 0 U 7
9 0 L 3
10 0 U 7
11 0 U 8
12 0 L 6
13 0 U 12
14 1 U 13
15 0 U 9
16 1 U 0
17 0 U 16
18 1 U 17
19 0 U 10
20 0 U -1
21 0 U 15
22 0 U 21
23 1 U 22
24 1 U -1
25 1 U -1
26 1 L 18
27 0 U 26
28 0 L 8
29 0 U 0
30
0 1 U -1
1 0 U 0
2 0 U 0
3 0 U 2
4 0 U 1
5 1 U -1
6 1 U 5
7 0 U 6
8 0 U 7
9 0 L 3
10 0 U 7
11 1 U 4
12 0 L 6
13 0 U 12
14 1 U 13
15 0 U -1
16 1 U 0
17 0 U 16
18 1 U 17
19 0 U 10
20 1 L 9
21 1 U 20
22 1 L 20
23 1 U 22
24 0 U 23
25 1 U -1
26 0 U 25
27 0 U 26
28 0 L 8
29 0 U 0
30
0 1 U -1
1 1 U -1
2 0 U 0
3 0 U 2
4 0 U 1
5 1 U -1
6 1 U 5
7 0 U 6
8 0 U 7
9 1 L 4
10 0 U 7
11 0 U 10
12 0 L 6
13 0 U 12
14 1 U 13
15 0 U -1
16 1 U 0
17 0 U 16
18 1 U 17
19 0 U 10
20 0 U -1
21 1 U 20
22 0 U 21
23 1 U 22
24 0 U 23
25 1 U -1
26 0 U 25
27 0 U 26
28 0 L 8
29 0 U 0
30
0 1 U -1
1 0 U 0
2 0 U 0
3 0 U 2
4 0 U 1
5 1 U -1
6 1 U 5
7 1 U 5
8 0 U 7
9 0 L 3
10 0 U 7
11 1 L 5
12 0 U 11
13 0 U 12
14 1 U 13
15 0 U -1
16 1 U 0
17 0 U 16
18 1 U 17
19 0 U 10
20 0 U -1
21 1 U 20
22 0 U 21
23 1 U 22
24 0 U 23
25 1 U -1
26 0 U 25
27 0 U 26
28 0 L 8
29 1 L 5
30
0 1 U -1
1 0 U 0
2 0 U 0
3 0 U 2
4 0 U 1
5 1 U -1
6 1 U 5
7 0 U 1
8 0 U 7
9 0 L 3
10 0 U 7
11 0 U 10
12 0 L 6
13 0 U 12
14 1 U 13
15 0 U -1
16 1 U 0
17 0 U 16
18 0 L 0
19 0 U 10
20 0 U -1
21 1 U 20
22 0 U 21
23 1 U 22
24 0 U 23
25 1 U -1
26 0 U 25
27 0 U 26
28 0 L 8
29 0 U 0
30
0 1 U -1
1 0 U 0
2 0 U 0
3 0 U 2
4 0 U 1
5 1 U -1
6 1 U 5
7 0 U 6
8 0 U 7
9 0 L 3
10 1 L 9
11 0 U 10
12 0 L 6
13 0 U 12
14 1 U 13
15 0 U -1
16 1 U 0
17 0 U 16
18 1 U 17
19 0 U 10
20 0 U -1
21 1 U 20
22 0 U 21
23 1 U 22
24 0 L 9
25 1 U -1
26 0 U 25
27 0 U 26
28 0 L 8
29 0 U 0
