54
0 0 U -1
1 0 U 0
2 0 U 1
3 0 U 2
4 0 U 3
5 0 U 4
6 1 U 5
7 0 U -1
8 1 U 7
9 1 U 8
10 1 U 9
11 0 U 10
12 0 U 11
13 1 U 12
14 1 U -1
15 0 U 14
16 1 U 15
17 1 U 16
18 1 U 17
19 1 U 18
20 0 U 19
21 1 U -1
22 0 U 21
23 0 U 22
24 1 U 23
25 1 U 24
26 0 U 25
27 0 U 26
28 1 U -1
29 1 U 28
30 1 U 29
31 0 U 30
32 0 U 31
33 1 U 32
34 1 U 33
35 1 U -1
36 1 U 35
37 1 U 36
38 1 U 37
39 0 U 38
40 0 U 39
41 0 U 40
42 1 U -1
43 1 U 42
44 0 U 43
45 0 U 44
46 1 U 45
47 0 U 46
48 0 U 47
49 0 U -1
50 1 U 49
51 1 U 50
52 1 U 51
53 1 U 52
54
0 0 U -1
1 0 U 0
2 0 U 1
3 0 U 2
4 0 U 3
5 0 U 4
6 1 U 5
7 0 U -1
8 1 U 7
9 1 U 8
10 1 U 9
11 0 U 10
12 0 U 11
13 1 U 7
14 1 U -1
15 0 U 14
16 1 U 15
17 1 U 16
18 1 U 17
19 1 U 18
20 0 U 19
21 1 U -1
22 0 U 21
23 0 U 22
24 1 U 23
25 1 U 24
26 0 U 25
27 0 U 26
28 1 U -1
29 1 U 28
30 1 U 29
31 0 U 30
32 0 U 31
33 1 U 32
34 1 U 33
35 1 U -1
36 1 U 35
37 1 U 36
38 1 U 37
39 0 U 38
40 0 U 39
41 0 U 40
42 1 U -1
43 0 L 12
44 0 U 43
45 0 U 44
46 1 U 2
47 0 U 46
48 0 U 47
49 0 U -1
50 1 U 49
51 1 U 50
52 1 U 51
53 1 U 52
54
0 0 U -1
1 0 U 0
2 0 U 1
3 0 U 2
4 0 U 3
5 0 U 4
6 1 L 4
7 0 U -1
8 1 U 7
9 1 U 8
10 1 U 9
11 0 U 10
12 0 U 11
13 1 U 7
14 1 U -1
15 0 U 14
16 1 U 15
17 1 U 16
18 1 U 17
19 1 U 18
20 0 U 19
21 1 U -1
22 0 U 21
23 1 U 7
24 1 U 23
25 1 U 24
26 0 U 25
27 0 U 26
28 1 U -1
29 1 U 28
30 1 U 29
31 0 U 30
32 0 U 31
33 1 U 32
34 1 U 33
35 1 U -1
36 1 U 35
37 1 U 36
38 1 U 37
39 0 U 38
40 0 U 39
41 0 U 40
42 1 U -1
43 0 L 12
44 0 U 43
45 0 U 44
46 1 U 2
47 0 U 46
48 0 U 47
49 0 U -1
50 1 U 49
51 1 U 50
52 1 U 51
53 1 U 52
54
0 0 U -1
1 0 U 0
2 0 U 1
3 0 U 2
4 0 U 3
5 0 U 4
6 1 U 5
7 0 U -1
8 1 U 7
9 1 U 8
10 1 U 9
11 0 U 10
12 0 L 10
13 1 L 9
14 0 U 0
15 0 L 10
16 1 U 15
17 1 U 16
18 1 U 17
19 1 U 18
20 0 U 19
21 1 U -1
22 0 U 21
23 0 U 22
24 1 U 23
25 1 U 24
26 0 U 25
27 0 U 26
28 1 U -1
29 1 U 28
30 1 U 29
31 0 U 30
32 0 U 31
33 1 U 32
34 1 U 33
35 1 U -1
36 1 U 35
37 1 U 36
38 1 U 37
39 0 U 38
40 0 U 39
41 0 U 33
42 1 U -1
43 0 L 12
44 1 L 4
45 0 U 44
46 1 U 2
47 0 U 46
48 0 U 47
49 0 U -1
50 1 U 49
51 1 U 50
52 1 U 51
53 1 U 52
54
0 0 U -1
1 0 U 0
2 0 U 1
3 0 U 2
4 0 U 3
5 0 U 4
6 1 U 5
7 0 U -1
8 1 U 7
9 1 U 8
10 1 U 9
11 0 U 10
12 0 U 11
13 1 U 7
14 1 U -1
15 0 U 4
16 1 U 15
17 1 U 16
18 1 U 17
19 1 U 18
20 0 U 2
21 1 U -1
22 0 U 21
23 0 U 22
24 1 U 23
25 1 U 24
26 0 U 25
27 0 L 11
28 1 U -1
29 1 U 28
30 1 U 29
31 0 U 30
32 0 U 31
33 1 U 32
34 1 U 33
35 1 U -1
36 1 U 35
37 1 U 36
38 1 U 37
39 0 U 38
40 1 L 27
41 0 U 40
42 1 U -1
43 0 L 12
44 1 U 32
45 0 U 44
46 1 U 2
47 0 U 46
48 0 U 47
49 0 U 30
50 1 U 49
51 1 U 50
52 1 U 51
53 1 U 52
54
0 0 U -1
1 0 U 0
2 0 U 1
3 0 U 2
4 0 U 3
5 0 U 4
6 1 U 5
7 0 U -1
8 0 L -1
9 1 U 8
10 1 U 9
11 0 U 10
12 0 U 11
13 1 U 7
14 1 U -1
15 0 U 4
16 1 U 15
17 1 U 16
18 1 U 17
19 1 U 18
20 0 U 2
21 1 U -1
22 0 U 21
23 0 U 22
24 1 U 23
25 1 U 24
26 0 U 25
27 0 L 11
28 1 U -1
29 1 U 28
30 1 U 29
31 0 U 30
32 0 U 31
33 1 L 18
34 1 U 33
35 1 U -1
36 0 L 30
37 1 U 36
38 1 U 37
39 0 U 38
40 1 L 27
41 0 U 40
42 1 U -1
43 0 L 12
44 1 U 32
45 0 U 44
46 1 U 2
47 0 U 46
48 0 U 47
49 0 U 30
50 1 U 49
51 1 U 50
52 1 U 51
53 1 U 52
54
0 0 U -1
1 0 U 0
2 1 U -1
3 0 U 2
4 0 U 3
5 1 L 1
6 1 U 5
7 0 U -1
8 1 U 7
9 1 U 8
10 1 U 9
11 0 U 10
12 0 U 11
13 0 L 2
14 1 U -1
15 0 U 4
16 1 U 15
17 1 U 16
18 1 U 17
19 1 U 18
20 1 L 3
21 1 U 11
22 0 U 21
23 0 U 22
24 1 U 23
25 1 U 24
26 0 U 25
27 1 U 24
28 1 U -1
29 1 U 28
30 1 U 29
31 0 U 30
32 0 U 31
33 1 U 32
34 1 U 33
35 1 U -1
36 1 U 35
37 1 U 36
38 1 U 37
39 0 U 38
40 1 L 27
41 1 U 9
42 1 U -1
43 1 U 2
44 1 U 32
45 0 U 44
46 1 U 2
47 0 U 46
48 0 U 47
49 0 U 30
50 1 L 7
51 1 U 50
52 1 U 51
53 1 U 52
54
0 0 U -1
1 0 U 0
2 0 U 1
3 0 U 2
4 0 U 3
5 0 U 4
6 1 U 5
7 0 U -1
8 1 U 7
9 1 U 8
10 1 U 9
11 0 U 10
12 0 U 11
13 1 U 7
14 1 U -1
15 0 U 4
16 1 U 15
17 1 U 16
18 1 U 17
19 1 U 18
20 0 U 2
21 1 U -1
22 0 U 21
23 0 U 22
24 1 U 23
25 1 U 24
26 0 U 25
27 0 L 11
28 1 U -1
29 1 U 28
30 1 U 29
31 0 U 30
32 0 L 19
33 1 U 32
34 1 U 33
35 1 U -1
36 1 U 35
37 1 U 36
38 1 U 37
39 0 U 38
40 1 L 27
41 0 U 40
42 1 U -1
43 0 L 12
44 1 U 32
45 0 U 44
46 1 U 2
47 0 U 46
48 1 U 23
49 0 U 30
50 1 U 49
51 1 U 50
52 1 U 51
53 1 U 52
54
0 0 U -1
1 0 U 0
2 0 U 1
3 0 U 2
4 0 U 3
5 0 U 4
6 0 L 1
7 1 U 2
8 1 U 7
9 1 U 8
10 1 U 9
11 0 U 10
12 0 L 3
13 1 U 7
14 1 U -1
15 0 U 4
16 1 U 15
17 1 U 16
18 1 U 13
19 1 U 18
20 0 U 2
21 1 U -1
22 0 L 11
23 0 U 22
24 1 L -1
25 1 U 24
26 0 U 25
27 0 L 11
28 1 U -1
29 1 U 28
30 1 U 29
31 0 U 30
32 0 L 19
33 1 U 32
34 1 U 33
35 1 U -1
36 1 U 35
37 1 U 36
38 1 U 37
39 0 U 38
40 1 L 27
41 0 U 40
42 1 L 22
43 0 L 12
44 1 U 32
45 0 U 44
46 1 U 2
47 0 U 42
48 1 U 23
49 0 U 30
50 1 U 49
51 1 U 50
52 1 U 51
53 1 U 52
54
0 0 U -1
1 0 U 0
2 0 U 1
3 0 U 2
4 0 U 3
5 0 U 4
6 1 U 5
7 0 U -1
8 1 U 7
9 1 U 8
10 1 U 9
11 0 U 10
12 0 U 11
13 1 U 7
14 1 U -1
15 0 U 4
16 1 U 15
17 1 U 16
18 1 U 17
19 1 U 18
20 0 U 2
21 1 U -1
22 0 U 21
23 0 U 22
24 1 U 23
25 1 U 24
26 0 U 25
27 0 L 11
28 1 U -1
29 1 U 12
30 1 U 29
31 0 U 30
32 0 L 19
33 1 U 32
34 1 U 33
35 1 U -1
36 1 U 35
37 1 U 36
38 1 U 37
39 0 U 38
40 1 U 14
41 0 U 40
42 0 U 21
43 0 L 12
44 1 U 32
45 0 U 44
46 1 U 2
47 0 U 46
48 1 U 23
49 0 U 30
50 1 U 49
51 1 U 50
52 1 U 51
53 1 U 52
54
0 0 U -1
1 0 U 0
2 0 U 1
3 0 U 2
4 0 U 3
5 0 U 4
6 1 U 5
7 0 U -1
8 1 U 7
9 1 U 8
10 1 U 9
11 0 U 10
12 1 U 2
13 1 U 7
14 1 U -1
15 0 U 4
16 1 U 15
17 1 U 16
18 1 U 17
19 1 U 18
20 0 U 2
21 1 U -1
22 0 U 21
23 0 U 5
24 1 U 23
25 1 U 24
26 0 U 25
27 0 U 10
28 1 U -1
29 1 U 28
30 1 U 29
31 0 U 30
32 0 L 19
33 1 U 32
34 1 U 33
35 1 U -1
36 1 U 35
37 1 U 36
38 1 U 37
39 0 U 38
40 1 L 27
41 0 U 40
42 1 U -1
43 0 L 12
44 1 U 32
45 0 U 44
46 1 L 17
47 0 U 46
48 1 U 23
49 0 U 30
50 1 U 49
51 1 U 50
52 1 U 51
53 1 U 52
54
0 0 U -1
1 0 U 0
2 0 U 1
3 0 U 1
4 0 U 3
5 0 U 4
6 1 U 5
7 1 U 4
8 1 U 7
9 1 U 4
10 1 U 9
11 0 U 10
12 0 L 5
13 1 U 7
14 1 U -1
15 0 U 4
16 1 U 15
17 1 U 16
18 1 U 17
19 1 U 13
20 0 U 2
21 1 U -1
22 1 L 10
23 0 U 22
24 1 U 23
25 1 U 3
26 0 U 25
27 0 L 16
28 1 U 0
29 1 U 28
30 1 U 29
31 0 U 30
32 0 U 29
33 1 U 32
34 1 U 33
35 1 U -1
36 1 U 35
37 1 U 36
38 1 U 37
39 0 U 38
40 1 L 27
41 0 U 40
42 1 U -1
43 0 L 12
44 1 U 32
45 0 U 44
46 1 U 2
47 0 U 46
48 1 L 27
49 0 U 30
50 1 U 11
51 1 U 50
52 1 U 51
53 1 U 52
54
0 0 U -1
1 0 U 0
2 0 U 1
3 0 L 1
4 1 L 1
5 0 U 4
6 1 U 5
7 0 U -1
8 1 U 7
9 1 U 8
10 1 L 0
11 0 U 10
12 0 U 11
13 1 U 7
14 1 U -1
15 0 U 4
16 1 U 15
17 1 U 16
18 1 U 17
19 1 U 18
20 0 U 2
21 1 U -1
22 0 U 21
23 0 U 22
24 1 U 23
25 1 U 24
26 0 U 25
27 0 L 11
28 1 U -1
29 1 U 28
30 1 U 29
31 0 U 30
32 0 L 19
33 1 U 32
34 1 U 0
35 1 U -1
36 1 U 35
37 1 U 36
38 1 U 37
39 0 U 38
40 1 L 27
41 1 U 26
42 1 U -1
43 0 L 12
44 1 U 32
45 0 U 19
46 1 U 2
47 0 U 46
48 1 U 23
49 0 U 30
50 1 U 49
51 1 U 50
52 1 U 51
53 1 U 52
54
0 0 U -1
1 0 U 0
2 0 U 1
3 0 U 2
4 0 U 3
5 0 U 4
6 1 U 5
7 0 U -1
8 1 U 7
9 1 U 8
10 0 L 7
11 0 U 10
12 0 U 11
13 1 U 7
14 1 U -1
15 0 U 4
16 1 U 15
17 1 U 16
18 1 U 17
19 0 L 14
20 1 L 10
21 1 U -1
22 0 U 21
23 0 U 22
24 1 U 23
25 1 U 24
26 0 U 25
27 0 L 11
28 1 L 27
29 1 U 28
30 1 U 29
31 0 U 30
32 0 L 19
33 1 U 32
34 0 U 11
35 1 U -1
36 1 U 35
37 1 U 36
38 1 U 37
39 0 U 38
40 1 L 27
41 0 U 40
42 1 U -1
43 0 L 12
44 1 U 32
45 0 U 44
46 1 U 2
47 0 U 46
48 1 U 23
49 0 U 30
50 1 U 49
51 1 U 50
52 1 U 51
53 1 U 52
54
0 0 U -1
1 0 U 0
2 0 U 1
3 0 U 2
4 1 L 3
5 0 U 4
6 1 L 0
7 0 U -1
8 1 U 7
9 1 U 8
10 1 U 9
11 0 L 7
12 0 U 11
13 1 U 2
14 0 L 12
15 0 U 4
16 1 U 15
17 1 U 16
18 1 U 17
19 1 U 18
20 0 U 2
21 1 U -1
22 0 U 21
23 0 U 22
24 1 U 23
25 1 U 24
26 0 U 25
27 0 L 11
28 1 U -1
29 1 U 28
30 0 U 27
31 0 U 30
32 0 L 19
33 1 U 32
34 1 U 33
35 1 U -1
36 1 U 35
37 1 U 36
38 1 U 37
39 0 U 38
40 1 L 27
41 0 U 40
42 1 U -1
43 0 L 12
44 1 U 32
45 0 U 44
46 1 U 2
47 0 U 5
48 1 U 23
49 0 U 30
50 1 L -1
51 1 U 50
52 1 U 51
53 1 U 52
54
0 0 U -1
1 0 U 0
2 0 U 1
3 0 U 2
4 0 U 3
5 0 U 4
6 1 U 5
7 0 U 0
8 1 U 7
9 1 U 8
10 1 U 9
11 0 U 10
12 0 U 11
13 1 U 7
14 1 U -1
15 0 U 4
16 1 U 15
17 1 U 16
18 1 U 17
19 1 U 18
20 0 U 2
21 0 L 8
22 0 U 21
23 1 U 9
24 1 U 23
25 1 U 24
26 0 U 25
27 0 U 24
28 1 U -1
29 1 U 28
30 1 U 29
31 0 U 30
32 0 L 19
33 1 U 32
34 1 U 33
35 1 U -1
36 1 U 35
37 1 L 15
38 1 U 37
39 0 U 38
40 1 L 27
41 0 U 40
42 1 U -1
43 0 L 12
44 0 U 1
45 0 U 44
46 1 U 2
47 0 U 46
48 1 L 16
49 0 U 30
50 1 U 49
51 1 U 50
52 1 U 51
53 1 U 52
54
0 0 U -1
1 0 U 0
2 0 U 1
3 0 U 2
4 0 U 3
5 0 U 4
6 1 U 5
7 0 U -1
8 1 U 7
9 1 U 8
10 1 U 9
11 0 U 10
12 0 U 11
13 1 U 7
14 1 U -1
15 1 L 1
16 1 U 15
17 1 U 16
18 1 U 17
19 1 U 18
20 0 U 2
21 1 U -1
22 0 U 21
23 0 U 22
24 1 U 23
25 1 U 24
26 1 U 6
27 0 L 11
28 1 U -1
29 1 U 28
30 1 U 29
31 0 U 30
32 0 L 23
33 1 U 32
34 0 U 13
35 1 U -1
36 1 U 35
37 1 U 36
38 1 U 37
39 0 U 38
40 1 L 27
41 0 U 40
42 1 U -1
43 0 L 12
44 1 U 32
45 0 U 44
46 1 U 2
47 0 U 46
48 1 U 23
49 0 U 30
50 1 U 49
51 1 U 50
52 1 U 51
53 1 U 52
54
0 0 U -1
1 0 U 0
2 0 L 1
3 0 U 2
4 0 U 3
5 0 U 4
6 1 U 5
7 0 U -1
8 1 U 7
9 1 U 1
10 1 U 9
11 0 U 10
12 0 U -1
13 1 U 7
14 1 U -1
15 0 U 4
16 1 U 15
17 1 U 16
18 1 U 17
19 1 U 18
20 0 U 2
21 1 U -1
22 0 U 21
23 0 U 22
24 1 U 23
25 1 U 24
26 0 U 25
27 0 L 11
28 0 U 20
29 1 U 28
30 1 U 29
31 0 U 30
32 0 L 19
33 1 U 32
34 1 U 33
35 1 U -1
36 1 U 35
37 1 U 36
38 1 U 37
39 0 U 38
40 1 L 27
41 0 U 40
42 1 U -1
43 0 L 12
44 1 U 32
45 0 U 44
46 1 L 4
47 0 U 46
48 1 U 23
49 0 L 39
50 1 L 47
51 1 U 50
52 1 U 51
53 1 U 52
54
0 0 U -1
1 0 U 0
2 0 U 1
3 0 U 2
4 0 L -1
5 1 L 3
6 1 U 5
7 0 U -1
8 1 U 7
9 1 U 8
10 1 U 9
11 0 U 10
12 0 U 11
13 1 U 7
14 1 U -1
15 0 U 4
16 1 U 15
17 1 U 16
18 1 U 17
19 1 L 9
20 0 U 2
21 1 U -1
22 0 U 21
23 0 U 22
24 1 U 23
25 1 U 24
26 0 U 25
27 0 L 11
28 1 U -1
29 1 U 28
30 1 U 29
31 0 U 30
32 1 L 12
33 1 U 32
34 1 U 33
35 1 U -1
36 1 U 35
37 1 U 36
38 1 U 37
39 0 U 38
40 1 L 27
41 1 U 28
42 1 U -1
43 0 L 12
44 1 U 32
45 0 U 44
46 1 U 2
47 0 U 46
48 1 U 23
49 0 U 30
50 1 U 49
51 1 U 50
52 1 U 51
53 1 U 52
54
0 1 U -1
1 0 U 0
2 0 U 1
3 0 U 2
4 0 U 3
5 0 U 4
6 1 U 5
7 0 U -1
8 1 U 7
9 1 U 8
10 1 U 9
11 0 U 10
12 0 U 11
13 1 U 7
14 1 U -1
15 0 U 4
16 1 U 15
17 1 U 16
18 0 L 9
19 1 U 18
20 0 U 2
21 1 U -1
22 0 U 21
23 0 U 22
24 1 U 23
25 1 U 24
26 0 U 25
27 0 L 11
28 1 U -1
29 1 U 28
30 0 U 12
31 0 U 30
32 1 U 22
33 1 U 32
34 1 U 33
35 1 U -1
36 1 U 35
37 1 U 36
38 1 L 15
39 0 U 38
40 1 L 27
41 0 U 40
42 1 U -1
43 0 L 12
44 1 U 32
45 0 U 44
46 1 U 2
47 0 U 46
48 1 U 23
49 0 U 30
50 1 U 49
51 1 U 50
52 1 U 51
53 1 U 52
54
0 1 U -1
1 0 U 0
2 0 U 1
3 0 U 2
4 0 U 3
5 0 L 0
6 1 U 5
7 0 U -1
8 1 U 7
9 1 U 8
10 1 U 9
11 0 U 10
12 1 U 10
13 1 U 7
14 1 U -1
15 0 U 4
16 1 U 15
17 1 U 16
18 0 L 9
19 1 U 18
20 0 U 2
21 1 U -1
22 0 U 21
23 0 U 22
24 1 U 23
25 1 U 24
26 0 U 25
27 0 L 11
28 1 U -1
29 1 U 28
30 0 L 20
31 0 U 30
32 1 U 22
33 1 U 32
34 1 U 33
35 1 U -1
36 1 U 35
37 1 U 36
38 1 L 15
39 0 U 38
40 1 L 27
41 0 U 40
42 1 U -1
43 0 L 12
44 1 U 32
45 0 U 7
46 1 U 2
47 0 U 46
48 1 U 23
49 0 U 30
50 1 U 49
51 1 U 50
52 1 U 51
53 1 U 52
54
0 1 U -1
1 0 U 0
2 0 U 1
3 0 U 2
4 0 U 3
5 0 U 4
6 1 U 5
7 0 U -1
8 1 U 7
9 1 U 8
10 1 U 9
11 0 U 10
12 0 U 11
13 1 U 7
14 1 U -1
15 0 U 4
16 1 U 15
17 1 U 16
18 0 L 9
19 1 U 18
20 0 U 2
21 1 U -1
22 0 U 21
23 0 U 22
24 1 U 23
25 1 U 24
26 0 U 25
27 0 L 11
28 1 U -1
29 1 U 28
30 0 U 12
31 0 U 30
32 1 U 22
33 1 U 32
34 1 U 33
35 1 U -1
36 1 U 35
37 1 U 36
38 1 L 15
39 0 U 38
40 1 L 27
41 1 L 38
42 1 U -1
43 0 L 12
44 1 U 32
45 0 U 44
46 1 U 2
47 0 U 46
48 1 U 18
49 0 U 30
50 0 L -1
51 1 U 50
52 1 U 51
53 1 U 52
54
0 1 U -1
1 0 U 0
2 0 U 1
3 0 U 2
4 0 U 3
5 0 U 4
6 1 U 5
7 0 U -1
8 1 U 7
9 0 U 0
10 1 U 9
11 0 U 10
12 0 U 11
13 1 U 7
14 1 U -1
15 0 U 4
16 1 U 15
17 1 U 16
18 0 L 9
19 1 U 18
20 0 U 2
21 1 U -1
22 0 U 14
23 0 U 22
24 1 U 23
25 1 U 24
26 0 U 25
27 0 L 11
28 1 U -1
29 0 U 27
30 0 U 12
31 0 U 30
32 1 U 22
33 1 U 32
34 1 U 33
35 1 U -1
36 1 U 35
37 1 U 36
38 1 L 15
39 0 U 38
40 1 L 27
41 0 U 40
42 1 U -1
43 1 U 36
44 1 U 32
45 0 U 44
46 1 U 2
47 0 U 46
48 1 U 23
49 1 U 17
50 1 U 49
51 1 U 50
52 1 L -1
53 1 U 52
54
0 1 L -1
1 0 U 0
2 0 U 1
3 0 U 2
4 0 U 3
5 0 U 4
6 1 U 5
7 1 L 0
8 1 U 7
9 1 U 8
10 1 U 9
11 0 U 10
12 0 U 11
13 1 U 7
14 1 U -1
15 0 U 4
16 1 U 15
17 1 U 16
18 0 L 9
19 1 U 18
20 0 U 2
21 1 U -1
22 0 L 16
23 0 U 22
24 1 U 23
25 1 U 24
26 0 L 6
27 0 L 11
28 1 U -1
29 1 U 28
30 0 U 12
31 0 U 30
32 1 U 22
33 1 U 32
34 1 U 33
35 1 U -1
36 1 U 35
37 1 U 36
38 1 L 15
39 1 U 28
40 1 L 27
41 0 U 40
42 1 U -1
43 0 L 12
44 1 U 32
45 0 U 44
46 1 U 2
47 0 U 46
48 1 U 23
49 0 U 30
50 1 U 49
51 1 U 50
52 1 L 2
53 1 U 52
54
0 1 L -1
1 0 U 0
2 0 U 1
3 0 U 2
4 0 U 3
5 0 U 4
6 1 U 5
7 0 U -1
8 1 U 7
9 1 U 8
10 1 U 9
11 0 U 10
12 0 U 11
13 1 U 7
14 1 U -1
15 0 U 4
16 1 U 15
17 1 U 16
18 0 L 9
19 1 U 18
20 0 U 2
21 1 U -1
22 0 U 21
23 0 U 22
24 1 U 23
25 1 U 24
26 0 U 25
27 0 L 11
28 1 U -1
29 1 U 28
30 0 U 12
31 0 U 30
32 1 U 22
33 1 U 32
34 1 U 33
35 1 U -1
36 1 L 23
37 1 U 36
38 1 L 15
39 0 U 38
40 1 L 27
41 0 U 40
42 1 U -1
43 0 U 35
44 1 U 32
45 0 U 44
46 1 U 2
47 1 U 28
48 1 U 23
49 0 U 30
50 1 U 49
51 1 U 50
52 1 U 51
53 1 U 52
54
0 1 U -1
1 0 U 0
2 0 U 1
3 0 U 2
4 0 U 3
5 0 L 1
6 1 L 5
7 0 U -1
8 1 U 7
9 1 U 8
10 0 U -1
11 0 U 10
12 0 U 11
13 1 U 7
14 1 U -1
15 0 U 4
16 1 L 5
17 1 U 16
18 0 L 9
19 1 U 18
20 1 U -1
21 1 U -1
22 0 U 21
23 0 U 22
24 1 U 23
25 1 U 24
26 0 U 25
27 0 L 11
28 1 U -1
29 1 U 28
30 0 U 12
31 0 U 30
32 1 U 22
33 1 U 32
34 1 U 33
35 1 U -1
36 1 U 35
37 1 U 36
38 0 U 28
39 0 U 38
40 1 L 27
41 0 U 40
42 1 U -1
43 0 L 12
44 1 U 32
45 0 U 44
46 1 U 2
47 0 U 46
48 1 U 23
49 0 U 30
50 1 U 49
51 1 U 50
52 1 U 51
53 1 U 52
54
0 0 L -1
1 0 U 0
2 0 U 1
3 1 U -1
4 0 U 3
5 0 U 4
6 1 U 5
7 0 U -1
8 1 U 7
9 1 L 2
10 1 U 9
11 0 U 10
12 0 U 0
13 1 U 7
14 1 U -1
15 0 U 4
16 1 U 15
17 1 L 1
18 0 L 9
19 1 U 18
20 0 U 2
21 1 U -1
22 0 U 21
23 0 U 22
24 1 U 23
25 1 U 24
26 0 U 25
27 0 L 11
28 0 U 17
29 1 U 28
30 1 L 15
31 1 L 20
32 1 U 22
33 1 U 32
34 1 U 33
35 1 U -1
36 1 U 35
37 1 U 36
38 1 L 15
39 0 U 38
40 1 L 1
41 0 U 40
42 1 U -1
43 0 L 12
44 1 L 18
45 0 U 44
46 1 U 2
47 0 U 46
48 1 U 23
49 0 U 30
50 0 U 42
51 1 U 50
52 1 U 51
53 0 U 41
54
0 1 U -1
1 0 U 0
2 0 U 1
3 0 U 2
4 0 U 3
5 0 U 4
6 1 U 5
7 0 U -1
8 1 U 7
9 0 L 5
10 1 U 9
11 0 U 10
12 1 U 1
13 1 U 7
14 1 U -1
15 0 U 4
16 1 U 15
17 1 U 16
18 0 L 9
19 1 U 18
20 1 L 18
21 1 U -1
22 0 U 21
23 0 L 6
24 1 U 23
25 1 U 24
26 0 U 25
27 0 L 11
28 1 U -1
29 1 U 28
30 0 U 1
31 0 U 30
32 1 U 22
33 1 U 32
34 1 U 33
35 1 U -1
36 1 U 35
37 1 U 36
38 1 L 15
39 0 U 38
40 1 L 27
41 0 U 40
42 1 U -1
43 0 L 12
44 0 L 36
45 0 U 44
46 1 U 2
47 0 U 46
48 1 U 23
49 0 U 30
50 1 U 49
51 1 U 50
52 1 U 51
53 1 L 34
54
0 1 U -1
1 0 U 0
2 0 U 1
3 0 U 2
4 0 U -1
5 0 U 4
6 1 U 5
7 0 U -1
8 1 U 7
9 1 U 8
10 1 U 9
11 1 U 10
12 0 U 11
13 1 U 7
14 1 U -1
15 0 U 4
16 1 U 15
17 1 U 16
18 0 L 9
19 1 L 8
20 0 U 2
21 1 U -1
22 0 U 21
23 0 U 22
24 1 U 23
25 1 U 24
26 0 U 25
27 0 L 11
28 1 U -1
29 1 U 28
30 0 U 12
31 0 U 30
32 1 U 22
33 1 U 32
34 1 U 33
35 1 U -1
36 1 U 35
37 1 U 36
38 1 L 15
39 0 U 38
40 1 L 27
41 0 U 40
42 1 U -1
43 0 L 12
44 1 U 32
45 0 U 44
46 1 U 2
47 0 U 46
48 1 U 23
49 0 U 30
50 0 L 43
51 1 U 50
52 1 U 51
53 1 U 52
54
0 1 U -1
1 0 L -1
2 0 U 1
3 0 U 2
4 1 U 3
5 0 U 4
6 1 U 5
7 0 U -1
8 1 U 7
9 1 U 8
10 1 U 9
11 0 U 10
12 0 U 11
13 1 U 7
14 1 U -1
15 0 U 4
16 1 U 15
17 1 U 16
18 0 L 9
19 1 U 18
20 0 U 2
21 1 U -1
22 0 U 21
23 0 U 22
24 1 U 23
25 1 U 24
26 0 U 25
27 0 L 11
28 1 U -1
29 1 U 28
30 0 U 12
31 0 U 30
32 1 U 22
33 1 U 32
34 0 U 30
35 1 U -1
36 0 L 29
37 1 U 36
38 1 L 15
39 0 U 38
40 1 L 27
41 0 U 40
42 1 U -1
43 0 L 12
44 1 U 32
45 0 U 44
46 1 U 2
47 0 U 46
48 1 U 23
49 0 U 30
50 1 U 49
51 1 U 50
52 1 U 51
53 1 U 52
54
0 1 U -1
1 0 U 0
2 0 L 1
3 0 U 2
4 0 U 3
5 0 L 0
6 1 U 5
7 0 U -1
8 1 U 7
9 1 U 8
10 1 U 9
11 0 U 10
12 0 U 11
13 1 U 7
14 1 U -1
15 0 U 4
16 1 U 15
17 1 U 16
18 0 U 16
19 0 U 15
20 0 U 2
21 0 L 17
22 0 U 21
23 0 U 22
24 1 U 23
25 1 L 11
26 0 U 25
27 0 L 11
28 1 U -1
29 0 U 12
30 0 U 12
31 0 U 30
32 1 U 22
33 1 U 32
34 1 U 33
35 1 U -1
36 1 U 35
37 1 U 36
38 1 L 15
39 0 U 16
40 1 L 27
41 0 U 40
42 1 U -1
43 0 L 12
44 1 U 32
45 0 U 44
46 1 U 2
47 0 U 46
48 0 L 7
49 0 U 30
50 1 U 49
51 1 U 50
52 1 U 51
53 1 U 52
54
0 1 U -1
1 0 U 0
2 0 U 1
3 1 U -1
4 0 U 3
5 0 U 4
6 1 U 5
7 0 U -1
8 1 U -1
9 1 U 8
10 1 U 9
11 0 U 10
12 0 U 11
13 1 U 7
14 1 U -1
15 0 U 4
16 1 U 15
17 1 U 16
18 0 L 9
19 1 U 18
20 1 L 4
21 1 U -1
22 0 U 21
23 0 U 22
24 1 U 23
25 1 U 24
26 0 U 25
27 0 L 11
28 1 U -1
29 1 U 28
30 0 U 12
31 0 U 30
32 1 U 22
33 1 U 32
34 1 U 33
35 1 U -1
36 1 U 35
37 1 U 36
38 1 L 15
39 0 U 38
40 1 L 27
41 0 U 40
42 1 U -1
43 0 L 12
44 1 U 32
45 0 U 44
46 1 U 2
47 0 U 46
48 1 U 23
49 0 U 30
50 1 U 49
51 1 U 50
52 1 U 51
53 1 U 52
54
0 1 U -1
1 0 U 0
2 0 U 1
3 0 U 2
4 0 U 3
5 0 U 4
6 1 L 0
7 0 U -1
8 1 U 7
9 1 U 8
10 0 L 2
11 0 U 10
12 0 U 11
13 0 L 5
14 1 U -1
15 0 U 4
16 1 L 14
17 1 U 16
18 0 L 9
19 1 U 18
20 0 U 2
21 1 U -1
22 1 U 14
23 0 U 22
24 1 U 23
25 1 U 24
26 0 U 25
27 0 L 11
28 1 U 17
29 0 U 9
30 0 U 12
31 0 U 30
32 1 U 22
33 1 U 32
34 1 U 33
35 1 U -1
36 1 U 35
37 1 U 36
38 1 L 15
39 0 U 38
40 1 L 30
41 0 U 40
42 1 U -1
43 0 L 12
44 1 U 32
45 0 U 44
46 1 U 2
47 0 U 46
48 1 U 23
49 1 L 32
50 1 L 35
51 1 U 50
52 1 U 51
53 1 U 52
54
0 0 L -1
1 0 U 0
2 0 U 1
3 0 U 2
4 0 U 3
5 0 U 4
6 1 U 5
7 0 L 4
8 0 U -1
9 1 U 8
10 1 U 9
11 1 U 10
12 1 U 6
13 0 U 6
14 1 U -1
15 0 U 4
16 1 U 15
17 1 U 16
18 0 L 9
19 1 U 18
20 0 U 2
21 1 U -1
22 0 U 21
23 0 U 22
24 1 U 23
25 1 U 24
26 0 U 25
27 0 L 11
28 1 U -1
29 1 U 28
30 0 U 12
31 0 U 30
32 1 U 22
33 1 U 32
34 1 U 33
35 1 U -1
36 1 U 35
37 1 U 36
38 1 L 15
39 0 U 38
40 1 L 27
41 0 U 40
42 1 U -1
43 1 U 31
44 1 U 32
45 0 U 44
46 1 U 21
47 0 U 46
48 1 U 23
49 0 U 30
50 1 U 49
51 1 U 50
52 1 U 51
53 1 U 52
54
0 1 U -1
1 0 U 0
2 0 U 1
3 0 U 2
4 0 U 3
5 0 U 4
6 1 U 2
7 0 U -1
8 1 U 7
9 1 U 8
10 1 U 9
11 0 U 10
12 0 U 11
13 1 L 1
14 1 U -1
15 0 U 4
16 1 U 15
17 1 U 16
18 0 L 9
19 1 U 18
20 0 U 2
21 1 U -1
22 0 U 21
23 0 U 22
24 1 U 23
25 1 U 24
26 0 U 25
27 0 L 11
28 1 L 27
29 1 U 28
30 0 U 12
31 0 U 30
32 1 U 22
33 1 U 32
34 1 U 33
35 1 U -1
36 1 U 35
37 1 U 36
38 1 L 15
39 0 L 30
40 1 L 27
41 0 U 40
42 1 U -1
43 0 L 12
44 1 U 32
45 0 U 44
46 0 U 32
47 0 U 46
48 1 U 23
49 0 U 30
50 1 U 49
51 1 U 50
52 1 U 51
53 0 L 46
54
0 1 U -1
1 0 U 0
2 0 U 1
3 0 U 2
4 0 U 3
5 0 U 4
6 1 U 5
7 0 U -1
8 1 U 7
9 1 U 8
10 1 U 9
11 0 U 10
12 0 U 11
13 1 U 7
14 1 U -1
15 1 U 1
16 1 U 15
17 1 U 16
18 0 L 9
19 1 U 18
20 0 U 2
21 1 U -1
22 0 U 21
23 0 U 22
24 0 U 3
25 1 U 24
26 1 U -1
27 0 L 11
28 1 U -1
29 1 U 28
30 0 U 12
31 0 U 30
32 1 U 22
33 1 L 25
34 1 U 33
35 1 U -1
36 1 U 35
37 1 U 36
38 1 L 15
39 0 U 38
40 1 L 27
41 0 U 40
42 1 U -1
43 0 L 12
44 1 U 32
45 0 U 44
46 1 U 2
47 0 U 46
48 1 U 23
49 0 U 30
50 1 U 49
51 1 U 50
52 1 U 51
53 1 U 52
54
0 1 U -1
1 0 U 0
2 0 U 0
3 0 U 2
4 0 U 3
5 0 U 4
6 1 U 5
7 1 L 6
8 1 U 7
9 1 U 8
10 1 U 5
11 0 U 10
12 0 U 11
13 1 U 7
14 1 U -1
15 1 L 9
16 1 U 15
17 0 U 9
18 0 L 9
19 1 U 18
20 0 U 2
21 1 U -1
22 0 U 21
23 0 U 22
24 1 U 23
25 1 U 24
26 0 U 25
27 1 L 21
28 1 U -1
29 1 U 28
30 0 U 12
31 0 U 30
32 1 U 22
33 1 U 32
34 1 U 33
35 1 U -1
36 1 U 35
37 1 L 7
38 1 L 15
39 0 U 38
40 1 L 27
41 0 U 40
42 1 U -1
43 0 L 12
44 1 U 32
45 0 U 44
46 1 U 2
47 0 U 46
48 1 U 23
49 0 U 30
50 1 U 49
51 1 U 50
52 1 L 46
53 0 L 43
54
0 1 U -1
1 0 U 0
2 0 U 1
3 0 U 2
4 0 U 3
5 0 U 4
6 1 U 5
7 0 U -1
8 1 U 7
9 1 U 8
10 1 U 9
11 0 U 10
12 0 U 3
13 1 U 7
14 1 U -1
15 0 U 4
16 0 L -1
17 1 U 16
18 0 L 4
19 1 U 18
20 1 U -1
21 0 L 20
22 0 U -1
23 0 U 22
24 1 U 2
25 1 U 24
26 0 U 25
27 0 L 11
28 1 U -1
29 1 U 25
30 0 U 12
31 0 U 30
32 1 U 22
33 1 U 32
34 1 U 33
35 1 U -1
36 1 U 35
37 1 U 36
38 1 L 15
39 0 U 38
40 1 L 27
41 0 U 40
42 0 L 6
43 0 L 12
44 1 U 32
45 0 U 44
46 1 U 2
47 0 U 46
48 1 U 23
49 0 U 30
50 0 L 42
51 1 U 50
52 1 U 43
53 0 L 2
54
0 1 U -1
1 0 U 0
2 0 U 1
3 0 U 2
4 0 U 3
5 0 U 4
6 1 U 5
7 0 U -1
8 1 U 7
9 1 U 8
10 1 U 9
11 0 U 10
12 0 U 11
13 1 U 7
14 1 U -1
15 0 U 4
16 1 L 4
17 1 U 6
18 0 L 9
19 1 U 18
20 0 U 2
21 1 U -1
22 0 U 21
23 0 U 22
24 1 U 23
25 1 U 24
26 0 U 25
27 0 L 11
28 1 U -1
29 1 U 28
30 0 U 23
31 0 U 30
32 1 U 22
33 1 U 32
34 1 U 33
35 1 U -1
36 1 U 35
37 1 U 36
38 1 L 15
39 0 U 38
40 1 L 27
41 0 U 40
42 1 U -1
43 0 L 12
44 1 U 32
45 0 U 44
46 1 U 2
47 0 U 46
48 0 U 39
49 0 U 30
50 0 L 28
51 1 U 50
52 1 U 51
53 1 U 52
54
0 1 U -1
1 0 U 0
2 0 U 1
3 0 U 2
4 0 U 3
5 0 U 4
6 1 U 5
7 0 U -1
8 1 U 7
9 1 U 8
10 1 U 9
11 0 U 10
12 0 U 11
13 1 U 7
14 1 U -1
15 0 U 4
16 0 L 14
17 1 U 16
18 0 L 9
19 1 U 18
20 0 U 2
21 1 U -1
22 1 L 15
23 0 U 22
24 1 U 23
25 1 U 24
26 0 U 25
27 1 U 26
28 1 U -1
29 1 U 28
30 0 U 12
31 0 U 30
32 1 U 22
33 1 U 32
34 1 U 33
35 1 U -1
36 1 U 35
37 1 U 36
38 1 L 15
39 0 U 38
40 1 L 27
41 0 U 40
42 1 U -1
43 0 L 12
44 1 U 32
45 0 U 44
46 1 U 2
47 0 U 46
48 1 U 23
49 0 U 30
50 1 U 49
51 1 U 50
52 1 U 51
53 1 U 52
54
0 1 U -1
1 0 U 0
2 0 U 1
3 0 U 2
4 0 U 3
5 0 U 4
6 1 U 5
7 0 U -1
8 1 U 7
9 1 U 8
10 1 U 9
11 0 U 10
12 0 U 11
13 1 U 7
14 1 U -1
15 0 U 4
16 1 U 15
17 1 U 16
18 1 U 14
19 1 U 18
20 0 U 2
21 1 U -1
22 0 U 21
23 1 U 3
24 1 U 23
25 1 U 24
26 0 U 25
27 0 L 11
28 1 U -1
29 1 U 28
30 0 U 12
31 0 U 30
32 1 U 22
33 1 U 16
34 1 U 33
35 1 U -1
36 1 U 35
37 1 L 12
38 1 L 15
39 1 U 20
40 1 L 27
41 0 U 40
42 1 U -1
43 0 L 12
44 1 U 32
45 0 U 44
46 1 U 2
47 0 U 28
48 1 U 23
49 0 U 30
50 1 U 49
51 1 U 50
52 1 U 51
53 1 U 52
54
0 1 U -1
1 0 U 0
2 0 U 1
3 0 U 2
4 0 U 3
5 0 U 4
6 1 U 5
7 0 U -1
8 1 U 7
9 1 U 8
10 1 L 9
11 0 U 10
12 0 U 11
13 1 U 7
14 1 U -1
15 0 U 4
16 1 U 15
17 1 U 16
18 0 L 9
19 1 U 18
20 0 U 2
21 1 U -1
22 0 U 21
23 0 U 22
24 1 U 23
25 1 U 24
26 0 U 25
27 0 L 11
28 1 U -1
29 1 U 28
30 0 U 12
31 0 U 1
32 0 L 23
33 1 U 32
34 0 U 13
35 1 U -1
36 1 U 35
37 1 U 36
38 1 L 15
39 0 U 38
40 1 L 27
41 0 U 40
42 1 U -1
43 0 L 12
44 1 U 32
45 0 U 44
46 1 U 2
47 0 U 46
48 1 U 23
49 0 U 30
50 1 U 49
51 1 U 50
52 1 U 51
53 1 U 52
54
0 1 U -1
1 0 U 0
2 0 U 1
3 0 U 2
4 0 U 3
5 0 U 4
6 1 U 5
7 0 U -1
8 1 U 7
9 1 U 8
10 1 L 9
11 0 U 10
12 0 U 8
13 1 U 7
14 0 L 7
15 0 U 4
16 1 U 15
17 1 U 16
18 0 L 9
19 1 U 18
20 0 U 2
21 1 U -1
22 0 L 16
23 0 U 22
24 1 U 23
25 0 U 15
26 0 U 25
27 0 L 11
28 1 U -1
29 1 U 28
30 0 U 12
31 1 L 9
32 0 L 23
33 1 U 32
34 1 L 17
35 1 U -1
36 1 U 35
37 1 U 36
38 1 L 15
39 0 U 38
40 1 L 27
41 0 U 40
42 1 U -1
43 0 L 12
44 1 U 32
45 0 U 44
46 1 U 2
47 0 U 46
48 1 U 23
49 0 U 30
50 1 U 49
51 1 U 50
52 1 U 51
53 1 U 52
54
0 1 U -1
1 0 U 0
2 0 U 1
3 0 U 2
4 1 U 1
5 0 U 4
6 1 U 5
7 0 U -1
8 1 U 7
9 1 U 8
10 1 L 9
11 0 U 10
12 0 U 11
13 1 U 7
14 1 U -1
15 0 U 4
16 1 U 15
17 1 U 16
18 1 L 17
19 1 U 18
20 0 U 2
21 1 U -1
22 0 U 21
23 0 U 22
24 1 U 23
25 1 U 24
26 0 U 25
27 0 L -1
28 1 U -1
29 1 U 28
30 0 U 12
31 0 U 1
32 0 L 5
33 1 U 32
34 0 U 13
35 1 U -1
36 1 U 35
37 1 U 36
38 1 L 15
39 0 U 38
40 1 L 27
41 0 U 40
42 1 U -1
43 0 L 12
44 0 U 36
45 0 U 44
46 1 U 2
47 0 U 46
48 1 U 23
49 0 L 3
50 1 U 49
51 1 U 50
52 1 U 51
53 1 U 52
54
0 1 U -1
1 0 L -1
2 0 U 1
3 0 U 2
4 0 U 3
5 0 U 4
6 1 U -1
7 0 U -1
8 1 U 7
9 1 U 8
10 0 U 1
11 0 L -1
12 0 U 11
13 1 L 4
14 1 U -1
15 0 U 4
16 1 U 15
17 1 U 16
18 0 L 9
19 1 U 18
20 0 U 2
21 1 U -1
22 0 U 21
23 0 U 22
24 1 U 21
25 1 U 24
26 0 U 25
27 0 L 11
28 1 U -1
29 1 U 28
30 0 U 12
31 0 U 1
32 0 L 23
33 1 U 32
34 0 U 13
35 1 U -1
36 1 U 35
37 1 U 36
38 0 U 4
39 0 U 38
40 1 L 27
41 0 U 40
42 1 U -1
43 0 L 12
44 1 U 32
45 0 U 44
46 1 U 2
47 0 U 46
48 1 U 23
49 0 U 30
50 1 U 49
51 1 U 50
52 1 U 51
53 1 U 52
54
0 1 U -1
1 0 U 0
2 0 U -1
3 0 U 2
4 0 U 3
5 0 U 4
6 1 U 5
7 0 U -1
8 1 U 7
9 1 U 8
10 1 L 9
11 0 U 10
12 0 U 11
13 1 U 7
14 1 U -1
15 0 U 4
16 1 U 15
17 1 U 16
18 0 U 12
19 1 U 18
20 0 U 2
21 1 U -1
22 0 U 21
23 0 U 22
24 1 U 23
25 0 L 22
26 0 U 25
27 0 L 11
28 1 L 11
29 1 U 28
30 0 U 12
31 0 U 1
32 0 L 23
33 1 U 32
34 1 L 17
35 0 U 29
36 1 U 35
37 1 U 36
38 1 L 15
39 0 U 38
40 1 L 27
41 0 U 40
42 0 L 29
43 0 L 12
44 1 U 32
45 0 U 44
46 1 U 2
47 0 U 46
48 1 U 23
49 0 U 30
50 1 U 49
51 1 U 50
52 1 U 51
53 1 U 52
54
0 1 U -1
1 0 L -1
2 0 U 1
3 0 U 2
4 0 U 3
5 0 U 4
6 1 U 5
7 0 U -1
8 1 U 7
9 1 U 8
10 1 L 9
11 0 U 10
12 0 U 11
13 1 U 7
14 1 U 2
15 0 U 4
16 1 U 15
17 1 U 16
18 0 L 9
19 1 U 18
20 0 U 2
21 1 U -1
22 0 U 21
23 0 U 22
24 1 U 23
25 1 U 24
26 0 U 25
27 0 L 11
28 1 U -1
29 1 U 28
30 0 U 12
31 0 U 1
32 0 L 23
33 1 U 32
34 0 U 13
35 1 U -1
36 0 L 7
37 1 U 36
38 1 U 28
39 0 U 38
40 1 L 27
41 0 U 40
42 1 U -1
43 0 L 12
44 1 U 32
45 0 U 44
46 1 U 2
47 0 U 46
48 1 U 23
49 0 U 30
50 1 U 49
51 0 L 3
52 1 U 51
53 0 U 6
54
0 1 U -1
1 0 U 0
2 0 U 1
3 0 U 2
4 0 U 3
5 0 U 4
6 1 U 5
7 1 U 1
8 1 U 7
9 1 U 8
10 1 U 4
11 0 U 10
12 0 U 11
13 1 U 7
14 1 U -1
15 0 U 4
16 1 U 15
17 1 U 16
18 0 L 9
19 1 U 18
20 0 U 2
21 1 U -1
22 0 U 21
23 0 U 22
24 1 U 23
25 1 U 24
26 0 U 25
27 0 L 11
28 1 U -1
29 1 U 28
30 0 U 12
31 0 U 1
32 0 L 23
33 1 U 32
34 0 U 13
35 1 U -1
36 1 U 35
37 1 U 36
38 1 L 15
39 0 U 38
40 1 L 27
41 0 U 40
42 1 U -1
43 0 L 12
44 1 U 32
45 0 U 44
46 1 U 2
47 0 U 46
48 1 U 23
49 0 U 30
50 1 U 25
51 1 U 50
52 1 U 51
53 1 U 52
54
0 1 U -1
1 0 U 0
2 0 U 1
3 0 U 2
4 0 U 3
5 0 U 4
6 1 U 5
7 0 U -1
8 1 U 7
9 1 U 8
10 1 L 9
11 0 U 10
12 0 U 11
13 1 U 7
14 1 U -1
15 0 U 4
16 1 U 15
17 1 U 16
18 0 L 9
19 1 U 18
20 0 U 2
21 1 U -1
22 0 L 12
23 0 U 22
24 1 U 23
25 1 U 24
26 0 U 25
27 0 L 11
28 1 U -1
29 1 U 28
30 0 U 12
31 0 U 1
32 0 L 23
33 1 U 32
34 0 U 13
35 1 U -1
36 1 L 24
37 1 U 36
38 1 L 15
39 1 L 16
40 1 U 14
41 0 U 40
42 1 L 4
43 0 L 12
44 1 U 32
45 0 U 44
46 1 U 2
47 0 U 46
48 1 U 23
49 0 U 30
50 1 U 49
51 1 U 50
52 1 U 51
53 1 U 52
54
0 1 U -1
1 0 U 0
2 0 U 1
3 0 U 2
4 0 L 0
5 0 U 4
6 1 U 5
7 0 U -1
8 1 U 7
9 1 U 8
10 0 L 8
11 0 U 10
12 0 U 11
13 1 U 7
14 1 U -1
15 0 U 4
16 1 U 15
17 1 U 16
18 0 L 9
19 1 U 18
20 0 U 2
21 1 U -1
22 0 U 21
23 0 U 22
24 1 U 23
25 1 U 24
26 0 U 25
27 0 L 11
28 1 U -1
29 1 U 28
30 0 U 12
31 0 U 1
32 0 L 23
33 1 U 32
34 0 U 13
35 1 U -1
36 1 U 35
37 1 U 36
38 1 L 15
39 0 U 38
40 1 L 27
41 0 U 40
42 1 U -1
43 0 L 12
44 0 L 32
45 0 U 44
46 1 U 2
47 0 U 46
48 1 U 23
49 0 U 30
50 1 U 49
51 1 L 30
52 1 U 51
53 1 U 52
54
0 1 U -1
1 0 U 0
2 0 U 1
3 0 U 2
4 0 U 3
5 0 U 4
6 1 U 5
7 0 U -1
8 1 U 7
9 1 U 8
10 1 L 9
11 0 U 10
12 0 U 11
13 1 U 7
14 1 U -1
15 0 U 4
16 1 U 15
17 1 U 16
18 0 L 9
19 1 U 18
20 0 U 2
21 1 U -1
22 0 U 21
23 0 U 22
24 1 U 23
25 1 L 12
26 0 U 25
27 0 U 22
28 1 U -1
29 1 U 28
30 0 U 12
31 0 U 1
32 0 L 23
33 1 U 32
34 0 U 13
35 1 U -1
36 1 U 35
37 1 U 36
38 0 L 37
39 0 U 38
40 1 L 27
41 0 U 40
42 1 U -1
43 0 L 12
44 1 U 32
45 0 U 44
46 1 L 20
47 0 L 6
48 1 U 44
49 0 U 1
50 0 L 42
51 1 U 50
52 1 U 51
53 1 U 52
54
0 1 U -1
1 0 U 0
2 0 U 1
3 0 U 2
4 0 U 3
5 0 L 4
6 1 U 5
7 0 U -1
8 0 U 6
9 1 U 8
10 1 L 9
11 0 U 10
12 0 U 11
13 1 U 7
14 1 U -1
15 0 U 4
16 1 L 5
17 1 U 16
18 0 L 9
19 1 U 18
20 0 U 2
21 1 U -1
22 0 U 21
23 0 U 22
24 1 U 23
25 1 U 24
26 0 U 25
27 0 L 11
28 1 L 14
29 1 U 28
30 0 U 12
31 0 U 1
32 0 L 23
33 1 U 32
34 0 U 13
35 1 U -1
36 1 U 35
37 1 U 36
38 1 L 15
39 0 U 38
40 1 L 27
41 0 U 40
42 1 U -1
43 0 L 12
44 1 U 32
45 0 U 44
46 1 U 2
47 0 U 46
48 1 U 23
49 0 U 30
50 1 U 40
51 1 U 50
52 1 U 51
53 1 L 11
54
0 1 U -1
1 0 U 0
2 0 U 1
3 0 U 2
4 0 U 3
5 0 U 4
6 1 U 5
7 0 U -1
8 1 U 7
9 1 U 8
10 1 L 9
11 0 U 10
12 0 U 11
13 1 U 7
14 1 U -1
15 0 U 4
16 1 U 15
17 1 U 16
18 0 L 9
19 1 U 18
20 0 U 2
21 1 L 4
22 1 L 3
23 0 U 22
24 1 U 23
25 1 U 24
26 0 U 25
27 0 L 11
28 1 U -1
29 1 U 28
30 0 U 12
31 0 U 1
32 0 L 23
33 1 U 12
34 0 U 13
35 1 U -1
36 1 U 35
37 1 U 36
38 1 L 15
39 0 U 30
40 1 L 27
41 0 U 40
42 1 U -1
43 1 L 25
44 1 U 32
45 0 U 44
46 1 U 2
47 0 U 46
48 1 U 23
49 0 U 30
50 1 U 49
51 1 U 50
52 1 U 51
53 1 U 2
54
0 1 U -1
1 0 U 0
2 0 U 1
3 0 U 2
4 0 U 3
5 0 U 4
6 1 U 5
7 0 U -1
8 1 U 7
9 1 U 8
10 1 L 9
11 0 U 10
12 0 U 11
13 1 U 7
14 1 U -1
15 0 U 4
16 1 U 15
17 1 U 16
18 0 L 9
19 1 U 18
20 0 L -1
21 1 U -1
22 0 U 21
23 1 U 22
24 1 U 23
25 1 U 24
26 0 U 25
27 0 L 11
28 1 U -1
29 1 U 28
30 0 U 12
31 0 U 1
32 0 L 23
33 1 U 32
34 0 U 8
35 1 U -1
36 1 U 35
37 1 U 36
38 1 L 15
39 0 U 38
40 1 L 27
41 0 U 40
42 1 U -1
43 0 L 12
44 1 U 32
45 1 L 30
46 1 U 2
47 0 U 46
48 1 U 23
49 0 U 30
50 1 U 49
51 1 U 50
52 1 U 22
53 1 U 52
54
0 1 U -1
1 0 U 0
2 0 U 1
3 0 U 2
4 0 U 3
5 0 U 4
6 1 U 5
7 0 U -1
8 1 L 0
9 1 U 8
10 1 U 3
11 0 U 10
12 0 U 11
13 1 U 0
14 1 U -1
15 0 U 4
16 1 U 15
17 1 U 16
18 1 U 12
19 1 U 18
20 0 U 2
21 1 U -1
22 0 U 21
23 0 L 22
24 1 U 23
25 1 U 24
26 0 U 25
27 0 L 11
28 1 U -1
29 1 U 28
30 0 U 12
31 0 U 1
32 0 L 23
33 1 U 32
34 0 U 13
35 1 U -1
36 1 U 35
37 1 U 36
38 1 L 15
39 0 U 38
40 1 L 27
41 0 U 40
42 1 U -1
43 0 L 12
44 1 U 32
45 0 U 44
46 1 U 2
47 0 U 46
48 1 U 23
49 0 U 30
50 1 U 49
51 1 U 50
52 1 U 51
53 1 U 52
54
0 1 U -1
1 0 U 0
2 0 U 1
3 1 L 0
4 0 U 3
5 0 U 4
6 1 L 0
7 0 U -1
8 1 U 7
9 1 U 8
10 1 L 9
11 0 L 9
12 0 U 11
13 0 U 3
14 1 U -1
15 0 U 4
16 1 U 15
17 1 U 16
18 0 L 9
19 1 U 18
20 0 U 2
21 1 U 2
22 0 U 21
23 0 U 22
24 1 U 23
25 1 U 24
26 0 U 25
27 0 L 11
28 1 U -1
29 1 U 28
30 0 U 12
31 0 U 1
32 0 L 23
33 1 U 32
34 0 U 13
35 1 U -1
36 1 U 35
37 1 U 36
38 1 L 15
39 0 U 1
40 1 L 27
41 1 U 1
42 1 U -1
43 0 L 12
44 1 U 32
45 0 U 44
46 1 U 2
47 0 U 46
48 1 U 23
49 0 U 30
50 1 U 49
51 1 U 50
52 1 U 51
53 1 U 52
54
0 1 U -1
1 0 U 0
2 0 U 1
3 0 U 2
4 0 U 3
5 0 U 4
6 1 U 5
7 0 U -1
8 1 U 7
9 1 U 8
10 1 L 9
11 1 U 9
12 0 U 11
13 1 U 7
14 1 U -1
15 0 U 4
16 1 U 15
17 1 U 16
18 0 L 9
19 1 U 18
20 0 U 2
21 1 U -1
22 0 U 21
23 0 U 22
24 1 U 23
25 1 U 24
26 0 U 25
27 0 L 11
28 1 U -1
29 0 L 5
30 0 U 12
31 0 U 1
32 0 L 23
33 1 U 32
34 0 U 13
35 0 L 24
36 1 U 35
37 1 U 36
38 1 L 15
39 0 U 38
40 1 L 27
41 0 U 40
42 1 U -1
43 0 L 12
44 1 U 32
45 0 U 44
46 1 U 2
47 0 U 46
48 1 L 10
49 0 U 30
50 1 U 49
51 1 U 50
52 1 U 51
53 1 L 38
54
0 1 U -1
1 0 U 0
2 0 U 1
3 0 U 2
4 0 U 3
5 0 U 4
6 1 U 5
7 0 U -1
8 1 U 7
9 1 U 8
10 1 L 9
11 0 U 10
12 0 U 11
13 1 U 7
14 1 U -1
15 0 U 4
16 1 U 15
17 1 U 16
18 0 L 9
19 1 U 18
20 0 U 16
21 1 U -1
22 0 U 21
23 1 U 7
24 0 L 13
25 1 U 24
26 0 U 25
27 0 L 11
28 1 U -1
29 1 U 28
30 0 U 12
31 0 L 16
32 0 L 23
33 1 U 32
34 0 U 13
35 1 U -1
36 1 U 35
37 1 U 36
38 1 L 15
39 0 U 38
40 1 L 27
41 0 U 16
42 1 U -1
43 0 L 12
44 0 L 34
45 0 U 44
46 1 U 2
47 0 U -1
48 1 U 23
49 0 U 30
50 1 U 49
51 0 U 36
52 1 U 51
53 1 U 52
54
0 1 U -1
1 0 U 0
2 0 U 1
3 0 U 2
4 0 U 3
5 0 U 4
6 1 U 5
7 0 U -1
8 1 U 7
9 1 U 8
10 1 L 9
11 0 U 10
12 1 U 11
13 1 U 7
14 1 U -1
15 0 U 4
16 1 U 15
17 1 U 16
18 0 L 9
19 1 U 18
20 0 U 2
21 1 U -1
22 1 L 3
23 0 U 22
24 1 L 16
25 1 U 24
26 0 U 25
27 0 L 11
28 1 U -1
29 1 U 28
30 0 U 12
31 0 U 1
32 0 L 23
33 1 U 32
34 0 U 13
35 1 U -1
36 1 U 35
37 1 U 36
38 1 L 15
39 0 U 33
40 1 L 27
41 0 U 40
42 1 U -1
43 0 L 12
44 1 U 32
45 0 U 44
46 1 U 2
47 0 U 46
48 1 U 23
49 0 U 30
50 1 U 49
51 1 U 50
52 1 U 51
53 1 U 52
54
0 1 U -1
1 0 U 0
2 0 U 1
3 0 U 2
4 0 U 3
5 0 U 4
6 1 U 5
7 1 U 3
8 1 U 7
9 1 U 8
10 1 L 9
11 0 U 10
12 0 U 11
13 1 U 7
14 1 U -1
15 0 U 4
16 1 U 15
17 1 U 16
18 0 L 9
19 1 U 18
20 0 U 2
21 1 U -1
22 0 U 21
23 0 U 22
24 1 U 23
25 1 U 24
26 0 U 25
27 0 L 11
28 1 U -1
29 1 U 28
30 0 U 12
31 0 U 1
32 0 L 23
33 1 U 32
34 0 U 13
35 1 U -1
36 1 U 35
37 1 U 36
38 1 L 15
39 0 U 38
40 0 L 8
41 0 U 40
42 1 U -1
43 0 L 12
44 1 U 32
45 0 U 44
46 1 U 2
47 0 U 46
48 1 U 23
49 0 U 30
50 1 U 49
51 1 U 50
52 1 U 51
53 1 U 52
54
0 0 L -1
1 0 U 0
2 0 U 1
3 0 U 2
4 0 U 3
5 0 U 4
6 0 U 5
7 0 U -1
8 1 L 0
9 1 U 8
10 1 L 9
11 0 U 10
12 0 U 11
13 1 U 7
14 1 U -1
15 0 U 4
16 1 U 15
17 1 U 16
18 0 L 9
19 1 U 18
20 0 U 2
21 1 U -1
22 0 U 21
23 0 U 22
24 1 U 23
25 1 U 24
26 0 U 25
27 0 U 10
28 1 L -1
29 1 U 28
30 0 U 12
31 0 U 1
32 0 L 23
33 1 U 32
34 0 L 27
35 1 U -1
36 1 U 35
37 1 U 36
38 1 L 15
39 0 U 38
40 1 L 27
41 0 U 40
42 1 U -1
43 0 L 12
44 1 U 32
45 0 U 44
46 1 U 2
47 0 U 46
48 1 U 23
49 0 U 30
50 1 U 49
51 1 U 50
52 1 U 51
53 1 U 52
54
0 1 U -1
1 0 U 0
2 0 U 1
3 0 U 2
4 0 U 3
5 0 U 4
6 1 U 5
7 0 U -1
8 1 U 7
9 1 U 8
10 1 L 9
11 0 U 10
12 0 U 11
13 1 U 7
14 1 U -1
15 0 U 4
16 1 U 15
17 1 U 16
18 0 L 9
19 1 U 18
20 0 U 2
21 1 U -1
22 0 U 21
23 0 U 22
24 1 U 23
25 1 U 24
26 0 U 25
27 0 L 11
28 1 U -1
29 1 U 28
30 0 U 12
31 0 U 1
32 0 L 23
33 1 U 32
34 0 U 13
35 1 U -1
36 1 U 35
37 1 U 36
38 1 L 15
39 0 U 38
40 1 L 27
41 0 U 3
42 1 U -1
43 0 L 12
44 1 U 32
45 0 U 44
46 1 U 2
47 0 L 43
48 1 U 23
49 0 U 30
50 1 U 49
51 1 U 50
52 1 U 51
53 1 U 52
54
0 1 U -1
1 0 U -1
2 0 U 1
3 0 U 2
4 0 U 3
5 0 U 4
6 1 U 5
7 0 U -1
8 1 U 7
9 1 U 8
10 1 L 9
11 0 U 10
12 0 U 11
13 0 L 10
14 1 U -1
15 0 U 4
16 1 U 15
17 1 U 16
18 0 L 9
19 1 U 18
20 0 U 2
21 1 U -1
22 0 U 21
23 0 U 22
24 1 U 23
25 1 U 24
26 0 U 25
27 0 L 11
28 1 U -1
29 1 U 28
30 0 U 12
31 0 U 1
32 0 L 23
33 1 U 32
34 0 U 13
35 1 U -1
36 1 U 35
37 1 U 36
38 1 L 15
39 0 U 38
40 1 L 27
41 0 U 40
42 1 U -1
43 0 L 12
44 1 U 32
45 0 U 44
46 1 U 2
47 0 U 46
48 1 U 23
49 0 U 30
50 1 U 49
51 1 U 50
52 1 U 51
53 1 U 52
54
0 1 U -1
1 1 L -1
2 0 U 1
3 0 U 2
4 0 U 3
5 1 L 0
6 1 U 5
7 0 U -1
8 1 U 7
9 1 U 8
10 1 L 9
11 0 U 10
12 0 U 11
13 1 U 7
14 1 U -1
15 0 U 4
16 1 U 15
17 1 U 16
18 0 L 9
19 1 U 18
20 0 U 2
21 1 U -1
22 0 U 21
23 0 U 22
24 1 U 23
25 1 U 24
26 1 L 11
27 0 L 11
28 1 U -1
29 1 U 28
30 0 U 12
31 0 U 1
32 0 L 23
33 0 L 21
34 0 U 13
35 1 U -1
36 1 U 35
37 1 U 36
38 1 L 15
39 0 U 38
40 1 L 27
41 0 U 40
42 1 U -1
43 0 L 12
44 1 U 32
45 0 U 44
46 1 U 2
47 0 U 46
48 1 U 23
49 0 U 30
50 1 U 49
51 1 U 50
52 1 U 51
53 1 U 52
54
0 1 U -1
1 0 U 0
2 1 U -1
3 0 U 2
4 0 U 3
5 0 U 4
6 1 U 5
7 0 U -1
8 1 U 7
9 1 U 8
10 1 U 9
11 0 U 10
12 0 U 11
13 1 U 7
14 1 U -1
15 0 U 4
16 1 U 15
17 1 U 16
18 0 L 9
19 0 U 10
20 0 U 2
21 1 U -1
22 0 U 21
23 0 U 22
24 1 U 16
25 1 U 24
26 1 L 4
27 0 L 11
28 1 U -1
29 1 U 28
30 0 U 12
31 0 U 1
32 0 L 23
33 1 L 6
34 0 U 13
35 1 U -1
36 1 U 35
37 1 U 36
38 1 L 15
39 0 U 38
40 1 L 27
41 0 U 40
42 1 U -1
43 0 L 12
44 1 U 32
45 0 U 44
46 1 U 37
47 0 U 46
48 1 U 23
49 0 U 30
50 1 U 49
51 1 U 50
52 1 U 51
53 1 U 52
54
0 1 U -1
1 0 U 0
2 0 U 1
3 0 U 2
4 0 U 3
5 0 U 4
6 1 U 5
7 0 L 0
8 1 U 7
9 1 U 6
10 1 L 9
11 0 U 10
12 0 U 11
13 1 U 7
14 1 U -1
15 0 U 4
16 1 U 15
17 1 U 16
18 0 U 2
19 1 L 4
20 0 U 2
21 1 U -1
22 0 U 21
23 0 U 22
24 1 U 23
25 1 L 22
26 0 U 25
27 0 L 11
28 1 U -1
29 1 U 28
30 0 U 12
31 0 U 1
32 0 L 23
33 1 U 32
34 0 U 13
35 1 U -1
36 1 U 35
37 1 U 36
38 1 L 15
39 0 U 38
40 1 L 17
41 1 L 22
42 1 U -1
43 0 L 12
44 1 U 32
45 0 U 19
46 1 U 2
47 0 U 46
48 1 U 23
49 0 U 30
50 1 U 49
51 1 U 50
52 1 U 51
53 1 U 52
54
0 1 U -1
1 0 U 0
2 0 U 1
3 0 U 2
4 1 L 0
5 0 U 4
6 1 U 5
7 0 U -1
8 1 U 7
9 1 U 8
10 1 L 9
11 0 U 10
12 0 U 11
13 1 U 7
14 1 U -1
15 0 U 4
16 1 U 15
17 1 U 16
18 0 L 9
19 1 U 18
20 0 L 17
21 1 U -1
22 0 U 21
23 0 U 22
24 1 U 23
25 0 L 11
26 0 U 25
27 0 L 11
28 1 U -1
29 1 U 28
30 0 U 12
31 0 U 1
32 0 L 23
33 1 U 32
34 0 U 13
35 1 U -1
36 1 U 24
37 1 U 36
38 0 L 14
39 0 U 38
40 1 U 19
41 0 U 40
42 1 U -1
43 0 L 12
44 1 L 36
45 0 U 44
46 1 U 2
47 0 U 46
48 1 U 23
49 0 U 30
50 1 L 30
51 1 U 50
52 1 U 1
53 1 U 52
54
0 1 U -1
1 0 U 0
2 0 U 1
3 0 U 2
4 1 L 1
5 0 U 4
6 1 U 5
7 0 U -1
8 1 U 7
9 1 U 8
10 1 L 9
11 0 U 10
12 0 U 11
13 1 U 7
14 0 U 3
15 0 U 4
16 1 U 15
17 1 U 16
18 0 L 9
19 1 U 18
20 0 U 2
21 1 U -1
22 0 U 21
23 0 U 22
24 1 U 23
25 1 U 24
26 0 U 25
27 0 L 11
28 1 U -1
29 1 U 28
30 0 U 12
31 0 U 1
32 0 L 23
33 1 U 32
34 0 U 13
35 1 U -1
36 1 U 35
37 0 L 8
38 1 L 15
39 0 U 38
40 1 L 27
41 0 U 40
42 1 U -1
43 0 L 12
44 1 U 35
45 0 U 44
46 1 U 2
47 0 U 46
48 1 U 23
49 0 U 30
50 1 L 35
51 1 U 50
52 1 U 51
53 1 U 52
54
0 1 U -1
1 0 U 0
2 0 U 1
3 0 U 2
4 0 L 0
5 0 U 4
6 0 U 3
7 0 U -1
8 1 U 7
9 1 U 8
10 1 L 9
11 0 U 10
12 0 U 11
13 1 U 7
14 1 U -1
15 0 U 4
16 1 U 15
17 1 U 16
18 0 L 9
19 1 U 18
20 0 U 2
21 1 U -1
22 0 U 21
23 0 U 22
24 1 U 21
25 1 U 24
26 0 U 25
27 0 L 11
28 1 U -1
29 1 U 28
30 0 U 12
31 1 L 12
32 0 L 23
33 1 U 32
34 0 U 13
35 1 U -1
36 1 U 35
37 1 U 36
38 1 L 15
39 0 U 38
40 1 L 27
41 0 U 40
42 1 U -1
43 0 L 13
44 1 U 32
45 0 U 44
46 1 U 2
47 0 U 46
48 1 U 23
49 0 U 30
50 1 U 49
51 1 U 50
52 1 U 51
53 1 U 52
54
0 1 U -1
1 0 U 0
2 0 U 1
3 0 U 2
4 0 U 3
5 0 U 4
6 1 U 5
7 0 U -1
8 1 U 7
9 1 U 8
10 1 L 9
11 0 U 10
12 0 U 8
13 1 U 7
14 1 U -1
15 0 U 4
16 1 U 15
17 1 U 16
18 0 L 9
19 1 U 18
20 0 U 2
21 1 U -1
22 0 U 21
23 0 L 10
24 1 U 23
25 1 U 24
26 0 U 25
27 0 L 11
28 1 L 27
29 1 U 28
30 0 U 12
31 1 L 27
32 0 L 23
33 1 U 32
34 0 U 13
35 1 U -1
36 1 U 35
37 1 U 36
38 1 L 15
39 0 U 38
40 1 L 27
41 0 U 40
42 1 U -1
43 0 L 12
44 1 U 32
45 0 U 44
46 1 U 2
47 1 L 38
48 1 U 23
49 0 U 30
50 0 L 10
51 1 U 26
52 1 U 5
53 1 U 52
54
0 0 L -1
1 0 U 0
2 0 L 1
3 0 U 2
4 0 U -1
5 0 U 4
6 1 U 5
7 0 U -1
8 1 U 7
9 1 U 8
10 1 U 5
11 0 U 10
12 0 U 11
13 1 U -1
14 1 U 12
15 0 U 10
16 1 U 15
17 0 L 0
18 1 L 13
19 1 U 18
20 0 U 2
21 1 U -1
22 0 U 21
23 0 U 22
24 1 U 23
25 1 U 24
26 0 U 25
27 0 L 11
28 1 U -1
29 1 U 28
30 0 U 12
31 0 U 1
32 0 L 23
33 1 U 32
34 0 U 13
35 1 U -1
36 1 U 35
37 1 U 36
38 1 L 15
39 0 U 38
40 1 L 27
41 0 U 40
42 1 U -1
43 0 L 12
44 1 U 32
45 0 U 44
46 1 U 2
47 0 U 46
48 1 U 23
49 0 U 30
50 1 U 49
51 1 U 50
52 1 U 51
53 0 U 44
54
0 1 U -1
1 0 U 0
2 0 U 1
3 0 U 2
4 0 U 3
5 0 U 4
6 1 U 5
7 0 U -1
8 1 U 7
9 1 U 8
10 1 L 9
11 0 U 10
12 0 U 11
13 1 U 7
14 1 U -1
15 0 U 4
16 1 U 15
17 1 U 16
18 0 L 9
19 1 L 9
20 0 U 2
21 1 U -1
22 0 U 21
23 0 U 22
24 1 U 23
25 1 U 24
26 0 U 25
27 0 L 11
28 1 U -1
29 1 U 28
30 0 U 12
31 0 U 1
32 0 L 23
33 1 U 32
34 0 U 13
35 1 U -1
36 1 U 35
37 1 U 36
38 1 L 15
39 0 U 38
40 1 L 27
41 0 U 40
42 1 U -1
43 0 L 12
44 1 U 32
45 0 U 44
46 1 U 2
47 0 U 46
48 1 U 23
49 0 U 30
50 1 U 49
51 1 U 50
52 1 U 51
53 1 U 52
54
0 1 U -1
1 0 U 0
2 0 U 1
3 0 U 2
4 1 U 1
5 0 U 4
6 1 U 5
7 0 U -1
8 1 U 7
9 1 U 8
10 1 U -1
11 0 U 10
12 0 U 11
13 1 U 7
14 1 U 9
15 0 L 1
16 1 U 15
17 1 U 16
18 0 L 9
19 1 U 18
20 0 L 9
21 1 U -1
22 0 U 21
23 0 U 22
24 1 U 23
25 1 U 24
26 0 U 25
27 0 L 11
28 1 U -1
29 1 U 28
30 0 U 12
31 0 U 1
32 0 L 23
33 1 U 32
34 0 U 13
35 1 U -1
36 1 U 19
37 1 U 36
38 0 U 12
39 0 U 38
40 1 L 27
41 0 U 40
42 1 U -1
43 0 L 12
44 1 U 32
45 1 L 21
46 1 U 2
47 0 U 46
48 1 U 23
49 0 U 30
50 1 U 49
51 1 U 50
52 1 U 51
53 1 U 52
54
0 1 U -1
1 0 U 0
2 0 U 1
3 0 U 2
4 0 L 0
5 0 U 4
6 1 U 5
7 0 U -1
8 1 U 7
9 1 U 8
10 1 L 9
11 0 U 10
12 0 U 11
13 1 U 7
14 1 U -1
15 0 U 4
16 1 U 15
17 1 U 16
18 0 L 9
19 1 U 18
20 0 U 2
21 1 U -1
22 0 U 21
23 0 U 22
24 1 U 23
25 1 U 24
26 0 U 25
27 0 L 11
28 1 U -1
29 1 U 28
30 0 U 12
31 0 U 1
32 0 L 23
33 1 U 32
34 0 U -1
35 1 U -1
36 1 U 35
37 1 L -1
38 1 L 15
39 0 U 38
40 1 L 27
41 0 U 40
42 1 U -1
43 0 L 12
44 1 U 32
45 0 U 44
46 1 U 2
47 0 U 46
48 1 L -1
49 0 U 30
50 1 U 49
51 1 U 50
52 1 U 51
53 1 U 52
54
0 1 U -1
1 0 U 0
2 0 U 1
3 0 U 2
4 0 U 3
5 0 U 4
6 1 U 5
7 0 U -1
8 1 U 7
9 1 U 8
10 1 L 9
11 0 L 8
12 0 U 11
13 1 U 7
14 1 U -1
15 0 U 4
16 1 U 15
17 1 U 16
18 0 L 9
19 1 U 18
20 0 U 2
21 1 U -1
22 0 U 21
23 0 U 22
24 1 U 23
25 1 U 24
26 0 U 25
27 0 L 11
28 1 U -1
29 1 U 28
30 1 L 1
31 0 U 1
32 0 L 23
33 1 U 32
34 0 U 13
35 1 U -1
36 1 U 35
37 1 U 36
38 1 L 15
39 0 U 38
40 1 L 27
41 0 U 40
42 1 U -1
43 0 L 12
44 1 U 32
45 0 U 44
46 1 U 2
47 0 U 46
48 1 U 23
49 0 U 30
50 0 L 8
51 1 U 21
52 1 U 51
53 1 U 52
54
0 1 U -1
1 0 U 0
2 0 U 1
3 0 U 2
4 0 U 3
5 0 U 4
6 1 U 5
7 0 U -1
8 1 U 7
9 1 U 8
10 1 L 9
11 0 U 10
12 0 U 11
13 1 U 7
14 1 U -1
15 0 U 4
16 1 U 15
17 1 U 16
18 0 L 9
19 1 U 18
20 0 U 2
21 1 U -1
22 0 U 21
23 1 U 0
24 1 U 23
25 1 U 24
26 0 U 25
27 0 L 11
28 1 U -1
29 1 U 28
30 0 U 12
31 0 U 1
32 0 L 23
33 1 U 32
34 0 U 13
35 1 U 24
36 1 U 35
37 1 U 36
38 1 L 15
39 0 U 38
40 1 L 27
41 0 U 40
42 1 U -1
43 0 L 12
44 1 U 32
45 0 U 44
46 1 U 2
47 0 U 46
48 1 U 23
49 0 U 30
50 1 U 49
51 1 L 28
52 1 U 51
53 1 U 52
54
0 1 U -1
1 0 U 0
2 0 U 1
3 0 U 2
4 0 U 3
5 0 U 4
6 1 U 5
7 0 U -1
8 1 L 7
9 1 U 8
10 1 L 9
11 0 U 10
12 0 U 11
13 1 U 7
14 1 U -1
15 0 U 4
16 1 U 15
17 1 U 16
18 0 L 9
19 1 U 18
20 0 U 2
21 1 U -1
22 0 U 21
23 0 L 7
24 1 U 23
25 1 U 24
26 0 U 6
27 0 L 11
28 1 U -1
29 1 U 28
30 0 U 12
31 0 U 1
32 0 L 23
33 1 U 32
34 0 U 13
35 1 U 14
36 1 U 35
37 1 U 36
38 1 L 15
39 0 U 38
40 1 L 27
41 0 U 40
42 1 U -1
43 0 L 12
44 1 U 32
45 0 U 44
46 1 U 2
47 0 U 46
48 1 U 23
49 0 U 30
50 1 U 49
51 1 U 50
52 1 U 21
53 1 U 52
54
0 1 U -1
1 0 U 0
2 0 U 1
3 0 L 2
4 0 U 3
5 0 U 4
6 1 U 5
7 0 U -1
8 1 U 7
9 1 U 8
10 1 L 9
11 0 U 10
12 0 U 11
13 1 U 7
14 1 U -1
15 0 U 4
16 1 U 15
17 1 U 16
18 0 L 9
19 1 U 18
20 0 U 2
21 1 U 14
22 0 U 21
23 0 U 22
24 1 U 23
25 1 U 24
26 0 U 25
27 0 L 11
28 1 L 7
29 1 U 28
30 0 U 12
31 0 U 1
32 0 L 23
33 1 U 32
34 0 U 13
35 1 U -1
36 0 L 19
37 1 U 36
38 1 L 15
39 0 U 38
40 1 L 27
41 0 U 40
42 1 U -1
43 0 L 12
44 1 U 32
45 0 U 44
46 1 U 2
47 0 U 46
48 1 U 23
49 0 U 30
50 1 U 49
51 1 U 50
52 0 U 51
53 1 U 52
54
0 1 U -1
1 0 U 0
2 0 U 1
3 0 U 2
4 0 U 3
5 0 U 4
6 0 U 3
7 0 U -1
8 1 U 7
9 1 U 8
10 1 U 0
11 0 U 10
12 0 U 11
13 1 U 7
14 1 U -1
15 0 U 4
16 1 U 15
17 1 U 16
18 0 L 9
19 1 U 18
20 1 U 4
21 1 U -1
22 0 U 21
23 0 L 9
24 1 U 23
25 1 U 24
26 0 U 25
27 0 L 11
28 0 U 2
29 1 U 28
30 0 U 12
31 0 U 1
32 0 L 23
33 1 U 32
34 0 U 13
35 1 U -1
36 1 U 35
37 1 U 36
38 1 L 15
39 0 U 38
40 1 L 27
41 0 U 40
42 1 U -1
43 0 L 12
44 1 U 32
45 0 U 44
46 1 U 2
47 0 U 46
48 1 U 23
49 0 U 30
50 1 U 49
51 1 U 50
52 1 U 31
53 1 U 52
54
0 1 U -1
1 0 U 0
2 1 L -1
3 0 U 2
4 0 U 3
5 0 U 4
6 1 L 0
7 0 U -1
8 1 U 7
9 1 U 8
10 1 L 9
11 0 U 10
12 0 U 11
13 1 U 7
14 0 L 10
15 0 U 4
16 1 U 15
17 1 U 16
18 0 L 9
19 1 U 18
20 0 L 12
21 1 U -1
22 1 U 20
23 0 U 22
24 1 U 23
25 1 U 24
26 0 U 2
27 0 L 11
28 1 U -1
29 0 U 21
30 0 U 12
31 0 U 1
32 1 L 17
33 1 U 32
34 0 U 13
35 1 U -1
36 1 U 35
37 1 U 36
38 1 L 15
39 0 U 38
40 1 L 27
41 0 U 40
42 1 U -1
43 0 L 12
44 1 U 32
45 0 U 44
46 1 U 2
47 0 U 46
48 1 U 23
49 0 U 30
50 1 U 49
51 0 U 8
52 1 U 51
53 1 U 52
54
0 1 U -1
1 0 U 0
2 0 U 1
3 0 U 2
4 0 U 2
5 0 U 4
6 1 U 5
7 0 U -1
8 1 U 7
9 1 U 8
10 1 U 6
11 0 U 3
12 1 U 6
13 1 U 7
14 1 U -1
15 0 U 4
16 1 U 15
17 1 U 16
18 0 L 9
19 1 U 18
20 0 U 2
21 1 U -1
22 0 U 21
23 0 U 22
24 1 U 23
25 1 U 24
26 0 U 25
27 0 L 11
28 1 U -1
29 1 U 28
30 0 U 12
31 0 U 1
32 0 L 23
33 1 U 32
34 1 U 13
35 1 U -1
36 1 U 35
37 1 U 36
38 1 L 15
39 0 U 38
40 1 L 27
41 0 U 40
42 1 U -1
43 0 L 12
44 1 U 32
45 0 U 44
46 1 U 2
47 0 U 46
48 1 U 23
49 0 U 30
50 1 U 49
51 1 U 50
52 1 L 1
53 1 U 52
54
0 1 U -1
1 0 U 0
2 0 U 1
3 0 U 2
4 0 U 3
5 0 U 4
6 1 U 5
7 0 U -1
8 1 U 7
9 1 U 8
10 1 L 9
11 0 U 10
12 0 U 11
13 1 U 7
14 1 U -1
15 0 U 4
16 1 U 15
17 1 U 16
18 0 L 9
19 1 U 18
20 0 U 2
21 1 U -1
22 0 U 21
23 0 U 22
24 1 U 23
25 1 U 24
26 0 U 25
27 0 L 11
28 1 U -1
29 1 U 28
30 0 U 12
31 0 U 1
32 0 L 23
33 1 U 32
34 0 U 13
35 1 U -1
36 1 L 11
37 1 U 36
38 1 L 15
39 0 U 38
40 1 L 27
41 0 U 40
42 1 U 34
43 0 L 12
44 1 U 32
45 0 U 44
46 1 U 2
47 0 U 46
48 1 U 15
49 0 U 30
50 1 U 49
51 1 U 50
52 1 U 51
53 1 U 52
54
0 1 U -1
1 0 U 0
2 0 U 1
3 1 U 0
4 0 U 3
5 0 U 4
6 1 U 5
7 0 U -1
8 1 U 7
9 1 U 8
10 0 U 8
11 0 U 10
12 0 U 11
13 1 U 7
14 1 U -1
15 0 U 4
16 1 U 15
17 1 U 16
18 0 L 9
19 1 U -1
20 0 U 8
21 1 U -1
22 0 U 21
23 0 U 22
24 1 U 23
25 1 U 24
26 0 U 25
27 0 L 11
28 1 U -1
29 1 U 28
30 0 U 12
31 0 U 1
32 0 L 23
33 1 U 32
34 1 U 26
35 0 L 27
36 1 U 35
37 1 U 36
38 1 L 15
39 1 L 31
40 1 L 27
41 0 U 40
42 1 U -1
43 0 L 12
44 1 U 32
45 0 U 44
46 1 U 2
47 0 U 46
48 1 U 23
49 0 U 30
50 1 U 49
51 1 U 50
52 1 U 51
53 1 U 52
54
0 1 U -1
1 1 U 0
2 0 U 1
3 0 U 2
4 0 U 3
5 0 U 4
6 1 U 5
7 0 U -1
8 1 U 7
9 1 U 8
10 1 L -1
11 0 U 10
12 0 U 11
13 1 U 7
14 1 U -1
15 0 U 4
16 1 U 15
17 1 U 16
18 0 L 9
19 1 U 18
20 0 U 2
21 1 U -1
22 0 U 21
23 0 U 22
24 0 L 17
25 1 U 24
26 0 L 15
27 0 L 11
28 1 U -1
29 1 U 28
30 0 U 12
31 0 U 1
32 1 L 31
33 1 U 32
34 0 U 13
35 1 U -1
36 1 U 35
37 1 U 36
38 1 L 15
39 0 U 38
40 1 L 27
41 0 U 40
42 1 U -1
43 0 L 22
44 1 U 32
45 0 U 44
46 1 U 2
47 0 U 9
48 1 U 23
49 0 U 30
50 1 U 49
51 1 U 50
52 1 U 51
53 1 U 52
54
0 1 U -1
1 0 U 0
2 0 U 1
3 0 U 2
4 0 U 3
5 0 U 4
6 1 U 5
7 0 U -1
8 1 U 7
9 1 U 8
10 1 L 9
11 0 U 10
12 0 U 11
13 1 U 7
14 1 U -1
15 0 U 4
16 1 U 15
17 1 U 16
18 0 L 9
19 1 U 18
20 0 U 2
21 1 U -1
22 1 L 15
23 0 U 22
24 1 U 23
25 1 U 24
26 0 U 25
27 0 L 11
28 1 U -1
29 1 U 28
30 1 L 7
31 0 U 1
32 0 L 23
33 1 U 32
34 0 U 13
35 1 U -1
36 0 L 29
37 1 U 19
38 1 L 15
39 0 U 38
40 1 L 27
41 0 U 40
42 1 U -1
43 1 L 28
44 1 U 32
45 0 U 44
46 1 U 2
47 0 U 46
48 1 U 23
49 1 U 39
50 1 U 49
51 1 U 50
52 1 U 51
53 1 U 52
54
0 1 U -1
1 0 U 0
2 0 U 1
3 1 U 1
4 1 L 2
5 0 U 4
6 1 U 5
7 0 U -1
8 1 U 7
9 1 U 8
10 1 L 9
11 0 U 10
12 0 U 11
13 1 U 7
14 1 U -1
15 0 U 4
16 1 U 15
17 1 U 16
18 0 L 9
19 1 U 18
20 1 U 3
21 1 U -1
22 0 U 21
23 0 U 22
24 1 U 23
25 1 U 24
26 0 U 25
27 0 L 11
28 1 U -1
29 1 U 28
30 0 U 12
31 0 U 1
32 0 L 3
33 1 L 1
34 0 U 13
35 1 U -1
36 1 U 35
37 1 U 36
38 1 L 15
39 0 U 38
40 0 U 20
41 1 L 36
42 1 U -1
43 0 L 12
44 1 U 32
45 0 U 44
46 0 U 0
47 0 U 46
48 1 L 20
49 0 U 30
50 1 U 49
51 1 U 50
52 1 U 51
53 1 U 52
54
0 1 U -1
1 0 U 0
2 0 U 1
3 0 U 2
4 0 U 3
5 0 U 4
6 1 U 5
7 0 U -1
8 0 U 5
9 1 U 8
10 0 L 9
11 0 U 10
12 0 U 11
13 1 U 7
14 1 U -1
15 0 U 4
16 1 U 15
17 1 U 16
18 0 L 9
19 1 U 18
20 0 U 2
21 1 U -1
22 0 U 21
23 0 U 22
24 1 U 23
25 1 U 24
26 0 U 2
27 0 L 11
28 1 U -1
29 1 U 28
30 0 U 12
31 1 U 26
32 0 L 23
33 1 U 32
34 0 U 13
35 1 U -1
36 1 U 35
37 1 U 36
38 1 L 15
39 0 U 38
40 1 L 27
41 0 U 40
42 1 U -1
43 0 L 12
44 1 U 32
45 0 U 44
46 0 L 32
47 0 U 46
48 1 U 41
49 0 U 30
50 1 U 49
51 1 U 50
52 1 U 51
53 1 U 52
54
0 1 U -1
1 0 U 0
2 0 U 1
3 0 U 2
4 0 U 3
5 0 U 4
6 1 U 5
7 0 U -1
8 1 U 7
9 1 U 8
10 1 L 9
11 0 U 10
12 0 U 11
13 1 U 7
14 1 U 9
15 0 U 4
16 1 U 15
17 1 U 16
18 0 L 9
19 1 U 18
20 0 U 2
21 1 U -1
22 0 U 21
23 0 U 22
24 1 U 23
25 1 U 24
26 0 U 25
27 0 L 11
28 1 U -1
29 1 U 28
30 0 U 12
31 0 U 1
32 0 L 23
33 1 L 21
34 0 U 13
35 1 U -1
36 1 U 35
37 1 U 36
38 1 L 15
39 0 U 38
40 0 U 21
41 0 U 40
42 1 U -1
43 0 L 12
44 1 U 32
45 1 U -1
46 1 U 2
47 0 U 46
48 1 U 23
49 0 U 30
50 1 U 49
51 1 U 50
52 1 U 51
53 1 U 52
54
0 1 U -1
1 0 U 0
2 0 U 1
3 0 U 2
4 0 U 3
5 0 U 4
6 1 U 5
7 0 U -1
8 1 U 7
9 1 U 8
10 1 L 9
11 0 U 10
12 0 U 11
13 1 U 7
14 1 U -1
15 0 U 4
16 1 U 15
17 1 U 16
18 0 L 9
19 1 U 18
20 0 U 2
21 1 L 17
22 0 U 21
23 0 U 16
24 1 U 23
25 1 U 24
26 0 U 25
27 0 L 11
28 1 U -1
29 1 U 28
30 0 U 12
31 1 U 24
32 0 L 23
33 1 U 32
34 0 U 13
35 1 U -1
36 1 U 35
37 1 U 36
38 1 L 15
39 0 U 38
40 0 U 31
41 0 U 40
42 1 U -1
43 0 L 12
44 1 U 32
45 0 U 44
46 1 U 2
47 0 U 46
48 1 U 23
49 0 U 30
50 1 L 25
51 1 U 50
52 1 U 51
53 1 U 52
54
0 1 U -1
1 0 U 0
2 0 U 1
3 0 U 2
4 0 U 3
5 0 U 4
6 1 U 5
7 0 U -1
8 1 U 7
9 1 L 1
10 0 U 1
11 0 U 10
12 0 U 11
13 1 U 7
14 1 U -1
15 0 U 4
16 1 U 15
17 1 U 16
18 0 L 9
19 1 U 18
20 0 U 2
21 1 U -1
22 0 U 21
23 0 U 22
24 1 U 23
25 1 U 24
26 0 U 25
27 0 L 18
28 1 U -1
29 1 U 28
30 0 U 12
31 0 U 1
32 0 L 23
33 1 U 32
34 0 U 13
35 1 U -1
36 1 U 35
37 1 U 36
38 1 L 15
39 0 U 38
40 1 L 27
41 0 U 40
42 1 U -1
43 0 L 12
44 1 U 32
45 0 U 44
46 1 U 2
47 0 U 46
48 1 U 23
49 0 L 15
50 1 U 49
51 1 U 50
52 1 U 51
53 1 U 52
54
0 1 U -1
1 0 U 0
2 0 U 1
3 0 U 2
4 0 L 2
5 0 U 4
6 1 U 5
7 1 L 5
8 1 U 7
9 1 U 8
10 1 L 9
11 0 U 10
12 0 U 11
13 1 U 7
14 1 U -1
15 0 U 4
16 1 U 15
17 1 U 16
18 0 L 9
19 1 U 18
20 0 U 2
21 1 U -1
22 0 U 21
23 0 L 20
24 1 U 5
25 1 U 24
26 0 U 25
27 0 L 11
28 1 U -1
29 1 U 28
30 0 U 12
31 0 U 1
32 0 L 23
33 1 U 32
34 0 U 13
35 1 U -1
36 1 U 35
37 1 U 36
38 1 L 15
39 1 L 1
40 1 L 27
41 0 U 40
42 1 U -1
43 0 L 12
44 1 U 32
45 1 L 28
46 1 L 24
47 0 U 46
48 1 L 5
49 0 U 30
50 1 U 49
51 1 U 50
52 1 U 51
53 1 U 52
54
0 1 U -1
1 0 U 0
2 0 U 1
3 0 U 2
4 0 U 3
5 0 U 4
6 1 U 5
7 0 U -1
8 1 U 7
9 1 U 8
10 1 L 9
11 0 U 10
12 0 U 11
13 1 U 7
14 1 L -1
15 0 U 4
16 1 U 15
17 1 U 16
18 0 L 9
19 1 U 18
20 0 U 2
21 1 U -1
22 0 U 21
23 0 U 22
24 1 U 23
25 1 U 24
26 0 U 25
27 0 L 11
28 1 U -1
29 1 U 28
30 0 U 12
31 0 U 1
32 0 L 23
33 1 U 32
34 0 U 13
35 1 U -1
36 1 U 35
37 1 U 36
38 0 L 0
39 0 U 38
40 1 L 27
41 0 U 40
42 1 U -1
43 0 L 12
44 1 U 32
45 1 U 16
46 1 U 2
47 0 U 46
48 1 U 23
49 0 U 30
50 1 U 49
51 1 U 50
52 1 U 51
53 0 L 52
54
0 1 U -1
1 0 U 0
2 0 U 1
3 0 U 2
4 0 U 3
5 0 U 4
6 1 U 5
7 0 U -1
8 1 U 7
9 1 U 8
10 1 L 9
11 0 U 10
12 0 U 11
13 1 U 7
14 1 U -1
15 0 U 4
16 1 U 15
17 1 U 16
18 0 L 9
19 1 U 18
20 0 U 2
21 1 U -1
22 0 U 21
23 0 U 22
24 1 U 23
25 1 U 24
26 0 U 25
27 0 L 11
28 1 U -1
29 1 U 28
30 0 U 12
31 0 U 1
32 0 L 23
33 1 U 32
34 0 U 13
35 1 U -1
36 1 U 35
37 1 U 36
38 1 L 15
39 0 U 13
40 0 U 5
41 0 U 40
42 1 U -1
43 0 L 12
44 1 U 14
45 0 U 44
46 1 L 38
47 0 U 46
48 1 U 23
49 0 U 30
50 1 U 49
51 1 U 50
52 1 U 51
53 1 L 45
54
0 1 U -1
1 0 U 0
2 0 U 1
3 0 U 2
4 0 U 3
5 0 U 4
6 1 U 5
7 0 U -1
8 1 U 7
9 1 U 8
10 1 L 9
11 0 U 10
12 0 U 11
13 1 U 7
14 1 U -1
15 0 U 4
16 1 U 15
17 1 U 16
18 0 L 17
19 1 U 18
20 0 U 2
21 0 L 17
22 0 U 21
23 0 U 22
24 1 U 23
25 0 U 15
26 0 U 25
27 0 L 11
28 1 U -1
29 1 U 28
30 0 U 12
31 0 L 8
32 0 L 23
33 1 U 32
34 0 U 13
35 1 U -1
36 1 U 35
37 1 U 36
38 1 L 15
39 0 U -1
40 1 L 27
41 0 U 40
42 1 U -1
43 0 L 12
44 1 U 32
45 0 L 1
46 1 U 2
47 1 U 43
48 0 L 21
49 0 U 30
50 1 U 49
51 1 U 50
52 1 U 51
53 1 U 52
54
0 1 U -1
1 1 U 0
2 0 U 1
3 0 U 2
4 0 U 3
5 1 L 3
6 1 U 5
7 0 U -1
8 1 U 7
9 1 U 8
10 1 L 9
11 0 U 10
12 0 U 11
13 0 L 12
14 1 U -1
15 1 U 10
16 1 U 15
17 1 U 16
18 0 L 9
19 1 U 18
20 0 U 2
21 1 U -1
22 0 U 21
23 0 U 22
24 1 U 23
25 1 U 24
26 0 U 25
27 0 L 11
28 1 U -1
29 1 U 28
30 0 U 12
31 0 U 1
32 0 L 23
33 1 L 10
34 0 U 13
35 1 U -1
36 1 U 35
37 1 U 36
38 1 L 15
39 0 U 38
40 1 L 27
41 0 U 40
42 1 U -1
43 0 L 12
44 1 U 32
45 0 U 44
46 1 U 2
47 0 U 46
48 1 U 23
49 0 U 30
50 1 U 49
51 1 U 50
52 1 U 51
53 1 U 52
54
0 1 U -1
1 0 U 0
2 0 U 1
3 0 U 2
4 0 U 3
5 0 U 4
6 1 U 5
7 0 U -1
8 1 U 7
9 1 U 8
10 1 L 9
11 0 U 10
12 0 U 11
13 1 U 7
14 1 U -1
15 1 U 0
16 1 U 15
17 1 U 16
18 0 L 9
19 1 U 18
20 1 U 1
21 1 U -1
22 0 L -1
23 0 U 22
24 1 U 23
25 1 U 24
26 0 U 25
27 0 L 11
28 1 U -1
29 0 L 0
30 0 U 12
31 0 U 1
32 0 L 23
33 1 U 32
34 0 U 13
35 1 U -1
36 1 U 35
37 1 U 36
38 1 L 15
39 0 U 38
40 1 L 27
41 0 U 40
42 1 U -1
43 0 L 12
44 1 U 32
45 0 U 44
46 1 U 2
47 0 U 46
48 1 U 23
49 0 U 30
50 1 U 49
51 1 U 50
52 1 U 51
53 1 U 52
54
0 1 U -1
1 0 U 0
2 0 U 1
3 0 U 2
4 0 U 3
5 0 U 4
6 1 U 5
7 0 U -1
8 1 U 7
9 1 L 5
10 1 L 9
11 0 U 10
12 0 U 11
13 1 U 7
14 0 L 13
15 1 L 2
16 1 U 15
17 1 U 16
18 0 L 9
19 1 U 18
20 0 U 2
21 1 U -1
22 0 U 21
23 0 U 22
24 1 L 12
25 1 U 24
26 0 U 25
27 0 L 11
28 1 U -1
29 1 U 28
30 0 U 12
31 0 U 1
32 0 L 23
33 1 U 32
34 0 U 13
35 0 L 14
36 1 U 35
37 1 U 36
38 1 L 15
39 0 U 38
40 1 L 27
41 0 U 40
42 0 U 11
43 0 L 12
44 1 U 32
45 0 U 44
46 1 U 2
47 0 U 46
48 1 U 23
49 0 U 30
50 1 U 49
51 1 U 50
52 1 L 23
53 1 U 52
54
0 1 U -1
1 0 U 0
2 0 U 1
3 0 U 2
4 0 U 3
5 0 U 1
6 1 L 3
7 0 U -1
8 1 U 7
9 1 U 8
10 1 L 9
11 0 U 10
12 0 U 11
13 1 U 7
14 1 U -1
15 0 U 4
16 1 U 15
17 1 U 16
18 0 L 9
19 1 U 18
20 0 U 2
21 1 U -1
22 0 U 21
23 0 U 22
24 1 U 23
25 1 U 24
26 0 U 25
27 0 L 11
28 1 U -1
29 1 U 28
30 0 U 12
31 0 U 1
32 0 L 23
33 1 U 32
34 1 U 17
35 1 U -1
36 1 U 35
37 1 U 36
38 1 L 15
39 0 U 38
40 1 L 27
41 0 U 40
42 1 U -1
43 0 L 12
44 1 U 32
45 0 U 44
46 1 L 11
47 0 U 46
48 1 U 23
49 0 U 30
50 1 U 49
51 1 U 50
52 1 U 51
53 1 U 52
54
0 1 U -1
1 0 U 0
2 0 U 1
3 0 U 2
4 0 U 3
5 0 U 4
6 1 U 5
7 0 U -1
8 1 U 7
9 1 U 8
10 1 L 9
11 0 U 10
12 0 U 11
13 1 U 7
14 1 U -1
15 1 L 11
16 1 U 15
17 1 U 16
18 0 L 9
19 1 U 18
20 0 U 2
21 1 U -1
22 0 U 21
23 0 U 22
24 1 U 23
25 1 U 24
26 0 U 25
27 1 U 19
28 1 U -1
29 1 U 5
30 0 U 12
31 0 U 1
32 0 L 23
33 1 U 32
34 0 U 13
35 1 U -1
36 1 U 35
37 1 U 36
38 0 U 6
39 0 U 38
40 0 L 8
41 0 U 40
42 0 L 5
43 0 L 12
44 1 U 32
45 0 U 34
46 1 U 2
47 0 U 46
48 1 U 23
49 0 U 17
50 1 U 0
51 1 U 50
52 1 U 51
53 1 U 52
54
0 1 U -1
1 0 U 0
2 0 U 1
3 0 U 2
4 0 U 3
5 0 U 4
6 1 U 5
7 0 U -1
8 1 U 7
9 1 U 8
10 0 L 6
11 0 U 10
12 0 U 11
13 1 U 7
14 1 U -1
15 1 U 10
16 1 U 15
17 1 U 16
18 0 L 9
19 1 U 18
20 0 U 2
21 1 L 19
22 0 U 21
23 0 U 12
24 1 U 23
25 1 U 24
26 0 L 6
27 0 L 11
28 1 U -1
29 1 U 28
30 0 U 12
31 0 U 1
32 0 U -1
33 1 U 32
34 1 L 5
35 1 U -1
36 1 U 35
37 1 U 36
38 1 L 15
39 0 U 38
40 1 L 27
41 0 U 40
42 1 U -1
43 0 L 12
44 1 U 32
45 0 U 44
46 1 U 2
47 0 U 46
48 1 U 23
49 0 U 30
50 1 U 49
51 1 U 50
52 1 U 51
53 1 U 52
54
0 1 U -1
1 0 U 0
2 0 U 1
3 0 U 2
4 0 U 3
5 0 U 4
6 1 U 5
7 0 U -1
8 1 U 7
9 1 U 8
10 1 L 9
11 0 U 10
12 0 U 11
13 1 U 7
14 1 U -1
15 0 U 4
16 1 U 15
17 1 U 16
18 0 L 9
19 1 U 18
20 0 U 2
21 1 U -1
22 0 U 21
23 0 U 22
24 1 U 23
25 1 U 24
26 0 U 25
27 0 L 11
28 1 U -1
29 1 U 4
30 0 U 12
31 0 U 1
32 0 L 23
33 1 U 32
34 0 U 13
35 1 U -1
36 1 U 35
37 1 U 36
38 1 L 15
39 0 U 25
40 0 L 8
41 1 L 37
42 1 U -1
43 0 U 6
44 1 U 32
45 0 U 44
46 1 U 2
47 0 U 46
48 1 U 23
49 0 U 30
50 1 U 49
51 1 U 50
52 1 U 51
53 1 U 52
54
0 1 U -1
1 0 U 0
2 0 U 1
3 0 U 2
4 0 U 3
5 0 U 4
6 1 U 5
7 0 U -1
8 1 U 7
9 1 U 8
10 1 L 9
11 0 U 10
12 0 U 11
13 1 U 7
14 1 U -1
15 0 U 4
16 1 U 15
17 1 U 16
18 0 L 9
19 1 U 9
20 0 U 2
21 1 U -1
22 0 U 21
23 0 U 22
24 1 U 23
25 0 U 16
26 0 U 25
27 0 L 11
28 1 U -1
29 1 U 28
30 0 U 12
31 0 U 1
32 0 L 23
33 1 U 32
34 0 U 13
35 1 U -1
36 1 U 35
37 1 U 36
38 1 L 15
39 0 L 15
40 1 L 27
41 0 U 40
42 1 U -1
43 0 L 12
44 1 L 17
45 0 U 44
46 1 U 2
47 0 U 46
48 1 U 23
49 0 U 30
50 1 U 49
51 1 U 50
52 1 U 51
53 1 U 52
54
0 1 U -1
1 0 U 0
2 0 L -1
3 0 U 2
4 0 U 3
5 0 U 4
6 1 U 5
7 0 U -1
8 1 U 7
9 0 L 3
10 1 L 9
11 1 L 10
12 0 U 11
13 1 U 7
14 1 U -1
15 0 U 4
16 1 U 15
17 1 U 16
18 0 L 9
19 1 U 18
20 0 U 2
21 1 U -1
22 0 U 21
23 0 U 22
24 1 U 23
25 1 U 24
26 0 U 25
27 0 L 11
28 1 U -1
29 1 U 28
30 0 L 20
31 0 U 1
32 0 L 23
33 1 U 32
34 0 U 13
35 0 L 28
36 1 U 35
37 1 U 36
38 1 L 15
39 0 U 38
40 1 L 27
41 0 U 18
42 1 U -1
43 0 L 12
44 1 U 32
45 0 U 44
46 1 U 2
47 0 U 46
48 1 U 23
49 0 U 30
50 1 U 49
51 1 U 50
52 1 U 51
53 1 U 52
54
0 1 U -1
1 0 L -1
2 0 U 1
3 0 U 2
4 0 U 3
5 0 U 4
6 1 U 5
7 0 U -1
8 1 U 7
9 1 U 7
10 1 L 9
11 0 U 10
12 0 U 11
13 1 U 7
14 1 U -1
15 0 U 4
16 1 U 15
17 1 U 16
18 0 L 9
19 1 U 18
20 0 U 2
21 1 U -1
22 0 U 21
23 0 U 22
24 1 U 23
25 1 U 24
26 0 U 25
27 0 L 11
28 1 U -1
29 1 U 28
30 0 U 12
31 0 U 1
32 0 L 23
33 1 U 32
34 0 U 13
35 1 U -1
36 1 U 35
37 1 U 36
38 1 L 15
39 0 U 38
40 0 L 34
41 0 U 40
42 1 U -1
43 0 L 12
44 1 U 32
45 0 U 44
46 1 U 2
47 0 U 46
48 1 U 23
49 0 U 30
50 1 U 49
51 1 U 50
52 1 U 51
53 1 U 52
54
0 1 U -1
1 0 U 0
2 0 U 1
3 0 U 2
4 0 U 3
5 0 U 4
6 1 U 5
7 1 U 2
8 1 U 7
9 1 U 8
10 1 L 9
11 0 U 10
12 0 U 11
13 1 U 7
14 1 U -1
15 0 U 4
16 1 U 15
17 1 U 16
18 0 L 9
19 1 U 18
20 0 U 2
21 1 U -1
22 0 U 21
23 0 U 22
24 1 U 23
25 1 U 24
26 0 U 25
27 0 L 11
28 1 U -1
29 1 U 28
30 0 U 12
31 0 U 1
32 0 L 23
33 1 U 32
34 0 U 13
35 1 U -1
36 1 U 35
37 1 U 36
38 1 L 15
39 0 U 38
40 1 L 27
41 0 L -1
42 1 U -1
43 0 L 12
44 1 U 32
45 0 U 44
46 0 U 11
47 0 U 46
48 1 L 4
49 0 U 30
50 1 U 49
51 1 U 50
52 0 U 8
53 1 U 52
54
0 1 U -1
1 0 U 0
2 0 U 1
3 0 U 2
4 0 U 3
5 0 U 4
6 1 U 5
7 0 U -1
8 1 U 7
9 1 U 8
10 1 L 9
11 0 U 10
12 0 U 11
13 1 U 7
14 1 U -1
15 0 U 4
16 1 U 15
17 1 U 16
18 0 U 12
19 1 U 18
20 0 U 2
21 1 U -1
22 0 U 21
23 0 U 22
24 1 U 23
25 1 U 24
26 0 U 25
27 0 L 11
28 1 U -1
29 1 U 28
30 1 U 0
31 0 U 1
32 0 L 23
33 1 U 32
34 0 U 13
35 1 U -1
36 1 U 35
37 1 U 36
38 1 L 15
39 0 U 38
40 1 L 27
41 0 U 40
42 1 U -1
43 0 L 12
44 1 U 32
45 0 U 44
46 1 U 2
47 1 L 46
48 1 U 23
49 0 U 1
50 1 U 49
51 1 U 50
52 1 U 51
53 1 U 52
54
0 1 U -1
1 0 U 0
2 0 U 1
3 0 U 2
4 0 U 3
5 1 U 3
6 1 U 5
7 0 U -1
8 1 U 7
9 1 U 8
10 1 L 9
11 0 U 10
12 0 U 11
13 1 U 7
14 1 U -1
15 0 U 4
16 1 U 15
17 1 U 16
18 0 L 9
19 1 U 18
20 1 U 16
21 1 U -1
22 0 U 21
23 0 U 22
24 1 U 23
25 1 U 6
26 1 U 16
27 0 L 11
28 1 U -1
29 1 U 28
30 0 U 12
31 0 U 1
32 0 L 23
33 1 U 32
34 0 U 13
35 1 U -1
36 1 U 29
37 0 L 23
38 1 L 15
39 0 U 38
40 1 L 27
41 0 U 40
42 1 U -1
43 1 L 1
44 1 U 32
45 0 U 44
46 1 U 2
47 0 U 46
48 1 U 23
49 0 U 30
50 1 U 49
51 1 U 50
52 1 U 51
53 1 U 52
54
0 1 U -1
1 0 U 0
2 0 U 1
3 0 U 2
4 0 U 3
5 0 U 4
6 1 U 5
7 0 U -1
8 1 U 7
9 1 U 8
10 1 L 9
11 0 U 10
12 0 U 11
13 1 U 7
14 1 U -1
15 0 U 4
16 1 U 15
17 1 U 16
18 0 L 9
19 1 U 18
20 0 U 2
21 1 U -1
22 0 U 21
23 0 U 22
24 1 U 23
25 1 U 24
26 0 U 25
27 0 L 11
28 1 U -1
29 1 U 28
30 0 U 12
31 0 U 1
32 0 L 23
33 1 U 26
34 0 U 13
35 1 U -1
36 1 U 35
37 1 U 36
38 1 L 15
39 0 U 38
40 1 L 27
41 0 U 40
42 1 U -1
43 0 L 12
44 1 U 32
45 0 U 44
46 1 U 2
47 0 U 46
48 1 U 40
49 0 U 30
50 1 U 49
51 1 U 50
52 1 U 51
53 1 U 52
54
0 1 U -1
1 0 U 0
2 0 U 1
3 0 U 2
4 0 U 3
5 0 U 4
6 1 U 5
7 0 U -1
8 0 U 6
9 1 U 8
10 0 U 1
11 0 U 10
12 0 U 11
13 1 U 7
14 0 U -1
15 0 U 4
16 1 U 15
17 1 U 16
18 0 L 9
19 0 L 15
20 0 U 2
21 1 U -1
22 0 U 21
23 0 U 22
24 1 U 23
25 1 U 24
26 1 L 1
27 0 L 11
28 1 U -1
29 1 U 28
30 0 U 12
31 0 U 1
32 0 L 23
33 1 U 32
34 0 U 13
35 1 U -1
36 1 U 35
37 1 U 36
38 1 L 15
39 0 U 38
40 1 L 27
41 0 U 40
42 1 U -1
43 0 L 12
44 1 U 32
45 0 U 44
46 1 U 2
47 0 U 46
48 1 U 23
49 0 U 30
50 1 U 49
51 1 U 50
52 1 U 51
53 1 U 52
54
0 1 U -1
1 0 U 0
2 0 U 1
3 0 U 2
4 0 U 3
5 0 U 4
6 1 U 5
7 0 U -1
8 1 U 2
9 1 U 8
10 1 L 9
11 0 U 10
12 0 U 11
13 1 U 7
14 1 U -1
15 0 U 4
16 1 U 15
17 1 U 16
18 0 L 6
19 1 U 18
20 0 U 2
21 1 U -1
22 0 U 21
23 0 U 22
24 1 U 23
25 1 U 24
26 0 L 10
27 0 L 11
28 1 U -1
29 1 U 28
30 0 U 12
31 0 U 1
32 0 U 8
33 1 L 24
34 0 U 13
35 1 U -1
36 1 U 35
37 1 U 36
38 1 L 15
39 0 U 38
40 1 L 27
41 0 U 40
42 1 U -1
43 0 U 19
44 1 U 32
45 0 U 44
46 1 U 2
47 0 U 46
48 1 U 23
49 0 U 30
50 1 U 49
51 1 U 50
52 0 L 27
53 1 U 52
54
0 1 U -1
1 0 U 0
2 0 U 1
3 0 U 2
4 0 U 3
5 0 L 0
6 1 U 5
7 0 U -1
8 1 U 7
9 1 U 8
10 1 L 9
11 0 U 10
12 0 U 11
13 1 U 7
14 1 U -1
15 0 U 4
16 1 U 15
17 1 U 16
18 0 L 9
19 1 U 18
20 0 U 2
21 1 U -1
22 0 U 21
23 0 U 22
24 1 U 23
25 1 U 24
26 1 L 20
27 0 L 11
28 1 U -1
29 1 U 28
30 0 U 12
31 0 U 1
32 0 L 23
33 1 U 32
34 0 U 13
35 1 U -1
36 1 U 35
37 1 U 31
38 1 L 15
39 0 U 38
40 1 L 27
41 0 U 40
42 1 U -1
43 0 L 12
44 1 U 32
45 1 L 40
46 1 U 2
47 0 L 16
48 1 U 23
49 0 U 30
50 1 U 49
51 1 U 50
52 1 U 51
53 1 U 52
54
0 1 U -1
1 1 L -1
2 0 U 1
3 0 U 2
4 1 L 1
5 0 U 4
6 1 U 5
7 0 U -1
8 1 U 7
9 1 U 8
10 1 L 9
11 0 L 6
12 0 U 11
13 1 U 7
14 1 U -1
15 0 U 4
16 1 U 15
17 1 U 16
18 0 L 9
19 1 U 18
20 0 U 2
21 1 U -1
22 0 U 13
23 0 U 22
24 1 U 23
25 0 L 15
26 0 U 25
27 0 L 11
28 0 U 14
29 1 U 28
30 0 U 12
31 0 U 1
32 0 L 23
33 1 U 32
34 0 U 13
35 1 U -1
36 1 U 35
37 1 U 36
38 1 L 15
39 0 U 38
40 1 L 27
41 0 U 40
42 1 U -1
43 0 L 12
44 1 U 32
45 1 U 36
46 1 U 2
47 0 U 46
48 1 L 40
49 0 U 30
50 1 U 49
51 1 U 50
52 1 U 51
53 1 U 52
54
0 1 U -1
1 0 U 0
2 0 U 1
3 0 U 2
4 0 U 3
5 0 U 4
6 1 U 5
7 0 U -1
8 1 U 7
9 1 U 8
10 1 L 9
11 0 U 10
12 0 U 11
13 1 U 7
14 1 U -1
15 0 U 4
16 1 U 15
17 1 U 16
18 0 L 9
19 0 L 3
20 0 U 2
21 1 U -1
22 0 U 21
23 0 U 22
24 1 U 23
25 1 U 24
26 0 U 25
27 0 L 11
28 1 U -1
29 1 U 28
30 0 U 12
31 0 U 1
32 0 L 23
33 1 U 32
34 0 U 28
35 1 U -1
36 1 U 35
37 0 U 4
38 1 L 15
39 0 U 38
40 1 L 27
41 0 U 40
42 1 U -1
43 0 L 12
44 1 U 32
45 0 U 44
46 1 U 2
47 0 U 46
48 1 U 23
49 0 U 30
50 1 U 19
51 1 U 50
52 1 U 51
53 1 U 52
54
0 1 U -1
1 0 U 0
2 0 U 1
3 1 L 0
4 0 U 3
5 0 U 4
6 1 U 5
7 0 U -1
8 1 U 7
9 1 U 8
10 1 L 9
11 0 U 10
12 0 U 11
13 1 U 7
14 1 U -1
15 0 U 4
16 1 U 15
17 1 U 16
18 0 L 9
19 1 U 18
20 0 U 2
21 1 U -1
22 0 U 21
23 0 U 22
24 1 U 23
25 1 L 16
26 0 U 25
27 0 L 11
28 1 U -1
29 1 U 28
30 0 U 21
31 0 U 1
32 0 L 23
33 1 L -1
34 0 U 13
35 1 U -1
36 1 U 35
37 1 U 36
38 1 L 15
39 0 U 38
40 1 L 27
41 0 U 40
42 1 U -1
43 0 L 12
44 1 U 32
45 0 U 44
46 1 U 2
47 0 U 46
48 1 U 23
49 0 U 30
50 1 U 49
51 1 U 50
52 1 U 51
53 1 U 52
54
0 1 U -1
1 0 U 0
2 0 U 1
3 0 U 2
4 0 U -1
5 1 U 3
6 1 U 5
7 0 U -1
8 1 U 7
9 1 U 8
10 1 L 9
11 0 U 10
12 0 U 11
13 1 U 7
14 1 U -1
15 0 U 4
16 1 L 2
17 1 U 16
18 0 L 9
19 1 U 18
20 0 U 2
21 1 U -1
22 0 U 21
23 0 U 22
24 1 U 23
25 1 U 24
26 0 U 25
27 0 L 11
28 1 U -1
29 1 U 28
30 0 U 12
31 0 U 1
32 0 L 23
33 1 U 32
34 0 U 13
35 1 U -1
36 1 U 35
37 1 U 36
38 1 L 15
39 0 U 19
40 1 L 27
41 0 U 40
42 1 U -1
43 0 L 12
44 1 U 32
45 0 U 44
46 1 U 2
47 0 U 46
48 1 U 23
49 0 U 30
50 1 U 49
51 1 U 50
52 1 U 51
53 1 U 52
54
0 1 U -1
1 0 U 0
2 0 U 1
3 0 U 2
4 0 U 3
5 0 U 4
6 1 U 5
7 0 U -1
8 1 U 7
9 0 L 3
10 1 L 9
11 0 U 10
12 0 U 11
13 1 U 7
14 1 L 8
15 0 U 4
16 1 U 15
17 1 U 16
18 0 L 9
19 1 U 18
20 0 U 2
21 1 U -1
22 0 U 21
23 0 U 22
24 1 U 23
25 1 U 24
26 0 U 25
27 0 L 11
28 1 U -1
29 1 U 28
30 0 U 12
31 0 U 1
32 0 L 23
33 1 U 32
34 0 U 13
35 1 U 21
36 1 U 35
37 1 U 16
38 1 L 36
39 0 U 38
40 1 L 27
41 0 U 40
42 1 U -1
43 0 L 12
44 1 U 32
45 0 U 44
46 1 U 2
47 0 U 46
48 1 U 23
49 0 U 30
50 1 U 49
51 1 U 50
52 1 U 51
53 1 U 52
54
0 1 U -1
1 0 U 0
2 0 U 1
3 0 U 2
4 0 U 3
5 1 U 0
6 1 U 5
7 0 U -1
8 1 U 7
9 1 U 8
10 0 L 0
11 0 U 10
12 0 U 11
13 1 U 7
14 0 L 12
15 0 U 4
16 1 U 15
17 1 U 16
18 1 U -1
19 1 U 18
20 0 U 2
21 1 U -1
22 0 U 21
23 0 U 22
24 1 U 23
25 1 U 24
26 0 U 25
27 0 L 11
28 0 L 14
29 0 U 19
30 0 U 12
31 0 U 1
32 0 L 23
33 1 U 32
34 0 U 13
35 0 U 19
36 1 U 35
37 1 U 36
38 1 U 35
39 0 U 38
40 1 L 27
41 0 U 40
42 1 U -1
43 0 L 12
44 1 U 32
45 0 U 44
46 1 L 3
47 1 L 11
48 0 U 22
49 0 U 30
50 1 U 49
51 1 U 50
52 1 U 51
53 0 L 45
54
0 1 U -1
1 0 U 0
2 0 U 1
3 0 U 2
4 0 U 3
5 0 U 4
6 0 U 3
7 0 U -1
8 1 U 7
9 1 U 8
10 1 L 9
11 0 U 10
12 1 L -1
13 1 U 7
14 1 U -1
15 0 U 5
16 1 U 15
17 1 U 16
18 0 L 9
19 1 U 18
20 0 U 2
21 1 U -1
22 0 U 21
23 0 U 18
24 1 L 14
25 1 U 24
26 0 U 25
27 0 L 11
28 1 U -1
29 1 U 28
30 0 U 12
31 0 U 10
32 0 L 23
33 1 U 32
34 0 U 13
35 1 U -1
36 1 U 35
37 1 U 36
38 1 L 15
39 0 U 38
40 1 L 27
41 0 U 40
42 1 U -1
43 0 L 12
44 1 U 32
45 0 L 15
46 1 U 2
47 0 U 46
48 1 U 23
49 0 U 30
50 1 U 49
51 1 U 50
52 1 U 51
53 1 U 52
54
0 1 U -1
1 0 U 0
2 0 U 1
3 0 U 2
4 0 U 3
5 0 U 4
6 1 U 5
7 0 U -1
8 1 U 7
9 1 U 8
10 1 L 9
11 0 U 10
12 0 U 11
13 0 U 11
14 1 U -1
15 0 U 4
16 1 U 15
17 1 U 16
18 0 L 9
19 1 U 18
20 0 U 2
21 1 U -1
22 0 U 21
23 0 U 22
24 1 U 23
25 1 U 24
26 0 U 25
27 0 L 11
28 1 U -1
29 1 U 28
30 0 U 12
31 0 U 1
32 0 L 23
33 1 L 22
34 0 U 13
35 1 U -1
36 1 U 35
37 1 U 36
38 1 L 15
39 1 L 9
40 1 L 27
41 0 U 40
42 1 U -1
43 0 L 12
44 1 U 32
45 0 U 44
46 1 U 2
47 0 U 46
48 1 U 23
49 0 U 30
50 1 U 49
51 1 U 50
52 1 U 51
53 1 U 52
54
0 1 U -1
1 0 U 0
2 0 U 1
3 0 U 2
4 0 U 3
5 0 U 4
6 1 U 5
7 0 U 2
8 1 U 7
9 1 U 8
10 1 L 1
11 0 U 10
12 0 U 11
13 1 U 7
14 1 U -1
15 1 U 5
16 1 U 15
17 1 U 16
18 0 L 9
19 1 U 18
20 0 U 2
21 1 U -1
22 0 U 21
23 0 U 22
24 1 U 23
25 1 U 24
26 0 U 25
27 0 L 11
28 1 U -1
29 1 U 28
30 0 U 12
31 0 U 1
32 0 L 23
33 1 U 32
34 0 U 13
35 1 U -1
36 1 L 32
37 1 U 36
38 1 L 15
39 0 U 38
40 1 L 27
41 0 U 40
42 1 U -1
43 0 L 12
44 1 U 32
45 0 U 44
46 1 U 2
47 0 U 46
48 1 U 23
49 0 U 30
50 1 U 49
51 1 U 50
52 1 U 51
53 1 U 52
54
0 1 U -1
1 0 U 0
2 0 U 1
3 0 U 2
4 0 U 3
5 0 U 4
6 1 U 5
7 0 U -1
8 1 U 7
9 1 L 7
10 1 L 9
11 0 U 10
12 1 U 4
13 1 U 7
14 1 U -1
15 0 U 4
16 1 U 15
17 1 U 16
18 0 L 9
19 1 U 18
20 0 U 2
21 1 U -1
22 0 U 21
23 0 U 22
24 1 U 23
25 1 U 24
26 0 U 25
27 0 L 11
28 1 U -1
29 1 U 28
30 0 U 12
31 0 U 1
32 0 L 23
33 1 U 7
34 0 U 13
35 1 U -1
36 0 L 9
37 1 U 36
38 1 L 15
39 0 U 38
40 1 L 27
41 0 U 40
42 1 U -1
43 0 L 12
44 1 U 32
45 0 U 44
46 1 U 2
47 0 U 46
48 1 U 23
49 0 U 30
50 1 U 1
51 1 U 23
52 1 U 51
53 1 U 52
54
0 1 U -1
1 0 U 0
2 0 U 1
3 0 U 2
4 0 U 3
5 0 U 4
6 1 U 5
7 0 U -1
8 1 U 7
9 1 U 8
10 1 L 9
11 0 U 10
12 0 U 11
13 1 U 7
14 1 U -1
15 0 U 4
16 1 L -1
17 1 U 16
18 0 L 9
19 0 U 16
20 0 L 1
21 1 U -1
22 0 U 21
23 0 U 22
24 1 U 23
25 1 U 24
26 0 U 25
27 0 U 22
28 1 U -1
29 1 U 28
30 1 U 16
31 0 U 1
32 0 L 23
33 1 U 32
34 0 U 13
35 1 U -1
36 1 U 35
37 1 U 36
38 1 L 15
39 1 L 32
40 1 L 27
41 0 U 40
42 1 U -1
43 0 L 12
44 1 U 32
45 0 U 44
46 1 U 2
47 0 U 42
48 1 U 23
49 0 U 30
50 1 U 49
51 1 U 50
52 1 U 49
53 1 U 52
54
0 1 U -1
1 0 U 0
2 0 U 1
3 0 U 2
4 0 U 3
5 0 U 4
6 1 U 5
7 0 U -1
8 1 U 7
9 1 U 8
10 1 L 9
11 0 U 10
12 0 U 11
13 1 U 7
14 1 U -1
15 0 U 4
16 1 U 15
17 1 U 16
18 0 L 9
19 0 L 9
20 0 U 2
21 1 U -1
22 0 U 21
23 1 U 6
24 1 U 23
25 1 U 24
26 0 U 25
27 0 L 11
28 1 U -1
29 1 U 28
30 0 U 12
31 0 U 1
32 0 L 23
33 1 U 32
34 0 U 13
35 1 U -1
36 1 U 35
37 0 L 4
38 1 L 15
39 0 U 38
40 1 L 27
41 0 U 40
42 1 U -1
43 0 L 12
44 1 U 32
45 0 U 44
46 1 U 2
47 0 U 46
48 1 U 23
49 0 U 30
50 1 U 49
51 1 U 50
52 1 L 20
53 1 U 52
54
0 1 U -1
1 0 U 0
2 0 U 0
3 0 U 2
4 0 U 3
5 0 U 4
6 1 U 5
7 0 U -1
8 1 U 7
9 1 U 8
10 1 L 9
11 0 U 10
12 0 U 11
13 1 U 7
14 1 U -1
15 1 L 13
16 1 U 15
17 1 U 16
18 0 L 9
19 1 U 18
20 0 U 2
21 1 U -1
22 0 U 21
23 0 U 22
24 0 L 14
25 1 U 24
26 0 U 25
27 0 L 11
28 1 U -1
29 1 U 28
30 0 U 25
31 0 U 1
32 0 L 10
33 1 U 32
34 0 U 13
35 1 U -1
36 1 U 35
37 0 L 15
38 1 L 15
39 0 U 38
40 1 L 27
41 0 U 40
42 1 U -1
43 0 L 12
44 1 U 32
45 0 U 44
46 1 U 2
47 0 U 46
48 1 U 23
49 0 U 30
50 1 U 49
51 1 U 50
52 1 U 51
53 0 U 29
54
0 1 U -1
1 0 U 0
2 0 U 1
3 0 U 2
4 0 U 3
5 0 U 4
6 1 U 5
7 1 L -1
8 1 U 7
9 1 U 8
10 1 L 9
11 0 U 10
12 0 U 11
13 1 U 7
14 1 U -1
15 1 L -1
16 1 U 15
17 1 U 16
18 0 L 9
19 1 U 18
20 0 U 2
21 1 U -1
22 0 U 21
23 0 U 22
24 1 L 13
25 1 U 24
26 0 U 25
27 1 U 2
28 1 U -1
29 1 U 28
30 0 U 12
31 0 U 1
32 0 L 23
33 1 U 32
34 0 U 13
35 1 U -1
36 1 U 35
37 1 U 36
38 1 L 15
39 0 U 38
40 1 L 27
41 0 U 40
42 1 U -1
43 0 L 12
44 1 U 32
45 0 U 44
46 1 U 2
47 0 U 46
48 1 U 23
49 0 U 30
50 1 U 49
51 1 U 50
52 1 U 51
53 1 U 52
54
0 1 U -1
1 0 U 0
2 0 U 1
3 0 U 2
4 0 U 3
5 0 U 4
6 1 U 5
7 0 U -1
8 1 U 7
9 1 U 8
10 1 L 9
11 0 U 10
12 0 U 11
13 1 U 7
14 1 U -1
15 0 U 4
16 1 U 15
17 1 U 16
18 0 L 9
19 1 U 18
20 0 U 2
21 1 U -1
22 0 U 21
23 0 U 22
24 1 U 23
25 1 U 24
26 0 U 25
27 0 L 11
28 1 U -1
29 1 U 28
30 0 U 12
31 0 U 1
32 0 L 23
33 1 U 32
34 0 U 13
35 0 L 24
36 1 U 35
37 1 U 36
38 1 L 15
39 0 U 38
40 1 L 27
41 0 U 40
42 1 U -1
43 0 L 12
44 1 U 32
45 0 U 44
46 1 U 2
47 0 U 46
48 1 U 19
49 0 U 30
50 1 U 49
51 1 U 50
52 1 U 51
53 1 U 52
54
0 1 U -1
1 1 L 0
2 0 U 1
3 0 U 2
4 0 U 3
5 0 U 4
6 1 U 5
7 0 U -1
8 1 U 7
9 1 U 8
10 1 U 7
11 0 U 10
12 0 U 11
13 1 U 7
14 1 U -1
15 0 U 4
16 1 U 15
17 1 U 16
18 0 L 9
19 1 U 18
20 0 U 2
21 1 U -1
22 0 U 21
23 1 U 15
24 1 U 23
25 1 U 24
26 0 U 25
27 0 L 11
28 1 U -1
29 1 U 28
30 0 U 12
31 0 U 1
32 0 L 23
33 1 U 32
34 0 U 13
35 1 U 27
36 1 U 35
37 1 U 36
38 1 L 15
39 0 U 38
40 1 L 27
41 0 U 40
42 1 U -1
43 0 L 12
44 1 U 32
45 0 U 44
46 1 U 2
47 0 U 46
48 1 U 23
49 0 U 30
50 1 U 49
51 1 U 50
52 1 U 51
53 1 U 52
54
0 1 U -1
1 0 U 0
2 0 U 1
3 0 U 2
4 0 L 0
5 0 U 4
6 1 U 5
7 0 U -1
8 1 U 7
9 1 U 8
10 1 L 9
11 0 U 10
12 0 U 11
13 0 U 8
14 1 U 7
15 0 U 4
16 0 U 5
17 1 U 16
18 0 L 9
19 1 U 18
20 1 L 17
21 1 U -1
22 0 U 21
23 0 U 22
24 1 U 23
25 1 U 24
26 0 U 25
27 0 L 11
28 1 U -1
29 1 U 28
30 0 U 12
31 1 L 1
32 0 L 23
33 1 U 32
34 0 U 13
35 1 U -1
36 1 U 35
37 1 U 36
38 1 L 7
39 0 U 38
40 0 L 37
41 0 U 40
42 1 U -1
43 0 L 12
44 1 U 32
45 0 U 44
46 1 U 2
47 0 U 46
48 1 U 23
49 0 U 30
50 1 U 49
51 1 U 50
52 1 L 14
53 1 U 52
54
0 1 U -1
1 0 U 0
2 0 U 1
3 0 U 2
4 0 U 3
5 0 U 4
6 1 U 5
7 1 U 6
8 1 U 7
9 1 U 8
10 1 L 9
11 0 U 10
12 0 U 11
13 1 U 7
14 0 L 2
15 0 U 14
16 1 U 15
17 1 U 16
18 0 L 9
19 1 U 18
20 0 U 2
21 1 U -1
22 0 U 21
23 0 U 22
24 1 U 23
25 1 U 24
26 0 U 25
27 0 L 11
28 1 U -1
29 1 U 28
30 0 L 7
31 0 U 1
32 0 L 23
33 1 U 32
34 0 U 13
35 1 U -1
36 1 U 35
37 1 U 36
38 1 L 15
39 1 L 7
40 1 L 27
41 0 U 40
42 1 U -1
43 0 L 12
44 1 U 32
45 0 U 44
46 1 U 2
47 0 U 40
48 1 U 23
49 0 U 30
50 1 U 49
51 0 L 21
52 1 U 51
53 1 U 52
54
0 1 U -1
1 0 U 0
2 0 U 1
3 0 U 2
4 0 U 3
5 0 U 4
6 1 U 5
7 0 U -1
8 0 U 0
9 1 U 8
10 1 L 9
11 0 U 10
12 0 U 11
13 1 U 7
14 1 U -1
15 0 U 4
16 1 U 15
17 1 U 16
18 0 L 16
19 1 U 18
20 0 U 2
21 1 U -1
22 0 U 21
23 0 U 22
24 1 U 23
25 0 L 23
26 0 L 25
27 0 L 11
28 0 U 7
29 1 U 28
30 0 U 12
31 0 U 1
32 0 L 23
33 0 U -1
34 0 U 20
35 0 U 8
36 1 U 35
37 1 U 36
38 1 L 15
39 0 U 38
40 1 L 27
41 0 U 40
42 1 U -1
43 0 L 12
44 1 U 32
45 0 L 26
46 1 U 2
47 0 U 46
48 1 U 23
49 0 U 30
50 1 U 37
51 1 U 27
52 1 U 51
53 1 U 52
54
0 1 U -1
1 0 U 0
2 0 U 1
3 0 U 2
4 0 U 3
5 0 U 4
6 1 U 5
7 0 U -1
8 1 U 7
9 1 U 8
10 1 L 9
11 0 U 10
12 0 U 11
13 0 U 10
14 1 U -1
15 0 U 4
16 1 U 15
17 1 U 16
18 0 L 9
19 1 U 18
20 1 L 12
21 1 U -1
22 0 U 21
23 0 U 22
24 1 U 23
25 1 U 24
26 0 U 25
27 0 L 11
28 1 U -1
29 1 U 28
30 0 U 12
31 0 U 1
32 0 U 22
33 1 U 32
34 0 U 13
35 1 U -1
36 1 U 35
37 1 U 36
38 1 L 15
39 0 U 38
40 1 L 27
41 0 U 40
42 1 L 11
43 0 L 12
44 1 U 32
45 0 U 44
46 1 U 2
47 0 U 46
48 1 U 23
49 0 U 30
50 1 U 49
51 0 U 1
52 1 U 51
53 1 U 52
54
0 1 U -1
1 0 U 0
2 0 U 1
3 0 U 2
4 0 U 3
5 0 U 4
6 1 U 5
7 0 U -1
8 1 U 7
9 1 U 8
10 1 L 9
11 0 U 10
12 0 U 11
13 1 U 7
14 1 U -1
15 0 U 4
16 1 U 15
17 1 U 16
18 0 L 9
19 1 U 18
20 0 U 2
21 1 U -1
22 0 U 21
23 0 U 22
24 1 U 23
25 1 U 24
26 0 U 25
27 0 L 11
28 1 U -1
29 1 U 28
30 1 U 22
31 0 U 1
32 0 L 23
33 1 U 32
34 0 U 13
35 1 U -1
36 1 U 35
37 1 U 36
38 1 L 15
39 1 U 12
40 0 L 39
41 0 U 40
42 1 U -1
43 0 L 12
44 1 U 32
45 0 L 27
46 0 U 29
47 0 U 46
48 1 U 23
49 0 U 30
50 1 U 49
51 1 U 50
52 1 U 51
53 1 U 52
54
0 1 U -1
1 0 U 0
2 0 U 1
3 0 U 2
4 0 U 3
5 1 U 1
6 1 U 5
7 0 U -1
8 1 U 7
9 1 U 8
10 1 L 9
11 0 U 10
12 0 U 11
13 1 U 7
14 1 U -1
15 0 U 4
16 0 L 2
17 1 U 16
18 0 L 9
19 1 U 18
20 0 U 2
21 0 U 4
22 0 U 21
23 0 U 22
24 1 U 23
25 1 U 24
26 0 U 25
27 0 L 11
28 1 U -1
29 0 L 1
30 0 U 12
31 0 U 1
32 0 L 23
33 1 U 32
34 0 U 13
35 1 U -1
36 1 U 35
37 1 U 36
38 1 L 15
39 0 U 38
40 0 U 31
41 0 U 40
42 1 U -1
43 0 L 12
44 0 L 25
45 0 U 44
46 0 L 4
47 0 U 46
48 1 L 45
49 0 U 30
50 1 U 49
51 1 U 50
52 1 U 51
53 1 U 52
54
0 1 U -1
1 0 U 0
2 1 U 0
3 0 U 2
4 0 U 3
5 0 U 4
6 1 U 5
7 0 U -1
8 1 U 7
9 1 U 8
10 1 L 9
11 0 U 10
12 0 U 11
13 1 U 7
14 1 U -1
15 0 U 4
16 1 U 15
17 1 U 16
18 0 L 9
19 1 U 18
20 1 L 4
21 1 U -1
22 0 U 21
23 0 U 22
24 1 U 23
25 1 U 24
26 0 U 25
27 0 L 11
28 1 U -1
29 1 U 28
30 0 U 12
31 0 U 1
32 0 L 23
33 0 L 32
34 0 U 13
35 1 U -1
36 1 L 30
37 1 U 36
38 1 L 15
39 0 U 38
40 1 L 27
41 0 U 40
42 1 U -1
43 1 L 27
44 1 U 32
45 0 U 44
46 1 U 2
47 0 U 46
48 1 L 10
49 0 U 30
50 1 U 49
51 1 U 50
52 1 U 51
53 0 U 2
54
0 1 U -1
1 0 U 0
2 0 U 1
3 0 U 2
4 0 L 2
5 0 L -1
6 1 U 5
7 0 U -1
8 1 U 7
9 1 L 2
10 1 L 9
11 0 U 10
12 0 U 11
13 1 U 7
14 1 U -1
15 0 U 4
16 1 U 15
17 1 U 16
18 0 L 9
19 1 U 18
20 0 U 2
21 1 U -1
22 0 U 21
23 0 U 22
24 1 U 23
25 1 U 24
26 0 U 25
27 0 L 11
28 1 U -1
29 1 U 28
30 0 U 12
31 0 U 1
32 1 U 14
33 1 U 32
34 0 U 13
35 1 U -1
36 1 U 35
37 1 U 19
38 0 U 37
39 0 U 38
40 1 L 27
41 0 U 40
42 1 U -1
43 0 L 12
44 1 U 32
45 0 U 44
46 1 U 2
47 0 U 46
48 1 U 23
49 0 U 30
50 1 U 49
51 1 U 50
52 1 U 51
53 1 U 52
54
0 1 U -1
1 0 U 0
2 0 U 1
3 0 U 2
4 0 U 3
5 0 U 4
6 1 L 0
7 1 U 6
8 1 U 7
9 1 U 8
10 1 L 9
11 0 U 10
12 0 U 11
13 1 U 7
14 1 U -1
15 0 U 4
16 1 U 15
17 1 U 16
18 0 L 9
19 1 U 18
20 0 U 2
21 1 U -1
22 0 U 21
23 0 U 22
24 1 U 23
25 1 U 24
26 0 U 25
27 0 L 11
28 1 U -1
29 1 U 28
30 0 U 12
31 0 U 1
32 0 L 23
33 1 U 32
34 0 U 13
35 1 U 1
36 1 U 35
37 1 U 36
38 1 L 15
39 0 U 38
40 1 L 27
41 0 L 9
42 1 U -1
43 0 L 12
44 1 U 32
45 0 L 10
46 1 U 2
47 0 U 46
48 1 U 23
49 0 U 30
50 1 U 49
51 1 U 50
52 1 L 44
53 1 U 52
54
0 0 U -1
1 0 L -1
2 0 U 1
3 0 U 2
4 0 U 3
5 0 U 4
6 1 U 5
7 0 U -1
8 1 U 7
9 1 U 8
10 0 U 9
11 0 U 10
12 0 U 11
13 1 U 7
14 1 U -1
15 0 U 4
16 0 L 6
17 1 L 15
18 0 L 9
19 0 L 14
20 0 U 2
21 0 L 2
22 0 U 21
23 0 U 22
24 1 U 23
25 1 U 24
26 0 U 25
27 0 L 11
28 1 U -1
29 1 U 28
30 0 U 12
31 0 U 1
32 0 L 23
33 1 U 32
34 0 U 13
35 1 U -1
36 1 U 31
37 1 U 36
38 1 L 15
39 0 U 38
40 1 L 27
41 1 L 40
42 1 U -1
43 0 L 12
44 1 U 32
45 0 U 44
46 0 U 2
47 0 U 46
48 1 U 23
49 0 U 30
50 0 L 26
51 1 U 50
52 1 U 51
53 0 L 16
54
0 1 U -1
1 0 U 0
2 0 U 1
3 0 U 2
4 0 U 3
5 0 U 4
6 1 U 5
7 0 U -1
8 1 U 7
9 1 U 8
10 1 L 9
11 0 U 10
12 0 U 11
13 1 U 7
14 1 U -1
15 1 L 14
16 1 U 15
17 1 U 16
18 0 L 9
19 0 L 11
20 0 U 2
21 1 U -1
22 0 U 21
23 0 U 22
24 1 U 23
25 1 L 7
26 0 U 25
27 0 L 11
28 1 U 17
29 1 U 28
30 0 U 12
31 0 U 1
32 0 L 23
33 1 U 32
34 0 U 13
35 1 U -1
36 0 L 20
37 1 U 36
38 1 L 15
39 0 U 38
40 1 L 27
41 0 U 40
42 0 U 9
43 0 L 12
44 1 U 32
45 0 U 44
46 1 U 2
47 0 U 46
48 1 U 23
49 0 U 30
50 1 U 49
51 0 U 41
52 1 U 49
53 1 U 52
54
0 1 U -1
1 1 U -1
2 0 U 1
3 0 U 2
4 0 U 3
5 0 U 4
6 1 U 5
7 0 U -1
8 1 U 7
9 1 U 8
10 1 L 9
11 0 U 2
12 0 U 11
13 0 U 6
14 1 U -1
15 0 U 4
16 1 U 15
17 1 U 16
18 0 L 9
19 1 U 18
20 0 U 2
21 1 U -1
22 0 U 21
23 1 L 9
24 1 U 23
25 1 U 24
26 0 U 25
27 0 L 11
28 1 U -1
29 1 U 28
30 0 U 12
31 0 U 1
32 0 L 23
33 1 U 32
34 0 U 13
35 1 U -1
36 1 U 35
37 1 U 36
38 1 L 15
39 0 U 38
40 1 L 27
41 0 U 40
42 1 U -1
43 0 L 12
44 1 U 32
45 0 U 44
46 1 U 2
47 0 U 46
48 1 U 23
49 0 U 30
50 1 U 49
51 1 U 50
52 1 U 51
53 1 U 52
54
0 1 U -1
1 0 U 0
2 0 U 1
3 0 U 2
4 0 U 3
5 0 U 4
6 1 U 5
7 0 U 4
8 1 U 7
9 1 U 8
10 1 L 9
11 0 U 10
12 0 U 11
13 1 U 11
14 1 U -1
15 0 U 4
16 1 U 15
17 1 U 16
18 0 L 9
19 1 U 18
20 0 U 2
21 1 U -1
22 0 U 21
23 0 U 22
24 1 U 23
25 1 U 24
26 1 U 25
27 0 L 11
28 1 U -1
29 1 U 28
30 0 U 12
31 0 U 1
32 0 U 28
33 1 U 32
34 0 L 23
35 1 U -1
36 1 U 35
37 1 U 36
38 0 L 16
39 0 U 38
40 1 L 27
41 0 U 40
42 1 U -1
43 1 U 4
44 1 U 32
45 0 U 44
46 1 U 2
47 0 U 46
48 1 U 23
49 0 U 30
50 1 U 49
51 1 U 50
52 1 U 51
53 1 U 52
54
0 1 U -1
1 0 U 0
2 0 U 1
3 0 U 2
4 0 U 3
5 0 U 4
6 1 U 5
7 1 U 0
8 1 U 7
9 1 U 8
10 1 L 9
11 0 U 10
12 0 U 11
13 1 U 7
14 1 U -1
15 0 U 4
16 1 U 15
17 1 U 16
18 0 L 9
19 1 U 18
20 0 U 2
21 1 U -1
22 0 U 21
23 0 U 22
24 1 U 23
25 1 U 24
26 0 U 25
27 0 L 11
28 1 U -1
29 1 U 28
30 0 U 12
31 0 U 1
32 0 L 23
33 1 U 32
34 0 L 12
35 1 U -1
36 1 U 35
37 1 U 36
38 1 L 15
39 0 U 38
40 1 L 27
41 0 U 40
42 1 U -1
43 0 L 12
44 1 U 32
45 0 U 44
46 1 U 2
47 0 U 46
48 1 U 23
49 0 U 30
50 1 U 49
51 1 U 50
52 1 U 51
53 1 U 52
54
0 1 U -1
1 0 U 0
2 0 U 1
3 0 U 2
4 0 U 3
5 0 U 4
6 1 U 5
7 0 U 4
8 1 U 7
9 1 U 8
10 1 L 9
11 0 U 10
12 0 U 11
13 1 U 7
14 0 L 3
15 0 U 4
16 1 U 15
17 1 U 16
18 0 L 6
19 1 U 18
20 0 U 2
21 1 U -1
22 0 U 21
23 0 U 22
24 0 L 8
25 1 U 24
26 0 U 25
27 0 L 11
28 1 U -1
29 1 U 28
30 0 U 12
31 0 U 1
32 0 L 23
33 1 U 32
34 0 U 13
35 1 U -1
36 1 U 35
37 1 U 36
38 1 L 15
39 0 U 38
40 1 L 27
41 0 U 40
42 1 U -1
43 0 L 12
44 1 U 32
45 0 U 44
46 1 U 2
47 0 U 46
48 1 U 23
49 0 U 30
50 1 U 49
51 1 U 50
52 1 U 51
53 1 U 52
54
0 1 U -1
1 0 U 0
2 0 U 1
3 0 U 2
4 0 U 3
5 0 U 4
6 1 U 5
7 0 U -1
8 1 U 7
9 1 U 8
10 1 L 9
11 0 L 9
12 0 U 11
13 1 U 7
14 1 U -1
15 0 U 4
16 1 U 15
17 1 U 16
18 0 U 5
19 1 U 18
20 0 U 2
21 1 U 14
22 0 U 21
23 0 U 22
24 1 U 23
25 1 U 24
26 0 U 25
27 1 L 16
28 1 U -1
29 1 U 28
30 1 L 17
31 0 U 1
32 0 L 23
33 1 U 32
34 0 U 13
35 1 U -1
36 1 U 35
37 1 U 36
38 1 L 31
39 0 U 38
40 1 L 27
41 0 U 40
42 1 U -1
43 0 L 12
44 1 U 32
45 0 U 44
46 1 U 2
47 0 U 46
48 1 U 23
49 0 U 30
50 1 U 49
51 0 L 15
52 1 U 51
53 1 U 52
54
0 1 U -1
1 0 U 0
2 1 U -1
3 0 U 2
4 0 U 3
5 0 U 4
6 1 U 5
7 0 U -1
8 1 U 7
9 1 U 8
10 1 L 9
11 0 U 10
12 0 U 11
13 1 U 7
14 1 U 13
15 0 U 4
16 0 U 5
17 1 U 16
18 0 L 9
19 1 L 12
20 0 U 2
21 1 U 16
22 0 U 21
23 0 U 22
24 1 U 23
25 1 U 24
26 0 U 25
27 0 L 11
28 1 U -1
29 1 U 28
30 0 U 12
31 0 U 1
32 0 L 23
33 1 U 32
34 0 U 13
35 0 U 20
36 1 U 35
37 1 U 36
38 1 L 15
39 0 U 38
40 1 L 27
41 0 U 40
42 1 U -1
43 0 L 12
44 1 U 32
45 0 U 44
46 1 U 2
47 0 U 46
48 1 U 23
49 1 L 7
50 1 U 8
51 1 U 50
52 1 U 51
53 1 U 52
54
0 1 U -1
1 0 L -1
2 0 U 1
3 0 U 2
4 0 U 3
5 0 L 2
6 1 U 4
7 0 U -1
8 1 U 7
9 1 U 8
10 1 L 9
11 0 U 10
12 0 U 11
13 1 U 7
14 1 U -1
15 0 U 4
16 1 U 15
17 1 U 16
18 0 L 9
19 1 U 18
20 1 U 8
21 1 U -1
22 0 U 21
23 1 U 0
24 1 U 23
25 1 U 24
26 0 U 25
27 0 L 11
28 1 U -1
29 1 U 28
30 0 U 12
31 0 L 25
32 0 L 23
33 1 U 32
34 0 U 13
35 0 U 1
36 1 L 12
37 1 U 36
38 1 L 15
39 0 U 38
40 1 L 27
41 0 U 40
42 1 U -1
43 0 L 12
44 1 U 32
45 0 U 44
46 1 U 2
47 0 U 46
48 1 U 23
49 0 U 30
50 1 U 49
51 1 U 50
52 1 U 51
53 1 U 52
54
0 1 U -1
1 0 U 0
2 0 U 1
3 0 U 2
4 0 U 3
5 0 U 4
6 1 U 5
7 1 L -1
8 1 U 7
9 1 U 8
10 1 U 6
11 0 U 10
12 0 U 11
13 1 U 7
14 1 U -1
15 0 U 4
16 0 L 3
17 1 U 16
18 0 L 9
19 1 U 18
20 0 U 2
21 1 U -1
22 0 U 21
23 1 L 18
24 1 U 9
25 1 U 24
26 0 U 25
27 0 L 11
28 1 U -1
29 1 U 28
30 0 U 12
31 0 U 1
32 0 L 23
33 1 U 32
34 0 U 13
35 1 U -1
36 1 U 35
37 1 U 36
38 1 L 15
39 0 U 38
40 1 L 27
41 0 U 40
42 1 U -1
43 0 L 12
44 1 U 32
45 0 U 44
46 1 U 2
47 0 U 46
48 1 U 23
49 0 U 30
50 1 U 49
51 1 U 50
52 1 U 51
53 1 U 52
54
0 1 U -1
1 1 L 0
2 0 U 1
3 0 U 2
4 0 U 3
5 0 U 4
6 1 U 4
7 0 U 1
8 1 U 7
9 1 U 8
10 1 L 9
11 0 U 10
12 0 U 11
13 1 U 7
14 1 U -1
15 0 U 4
16 0 L 7
17 1 U 16
18 0 L 9
19 1 U 18
20 0 U 2
21 1 U -1
22 0 U 21
23 0 U 22
24 1 U 23
25 1 U 13
26 0 L 15
27 0 L 11
28 1 U -1
29 1 U 28
30 0 U 12
31 0 U 1
32 0 L 23
33 1 U 32
34 0 U 13
35 1 U -1
36 1 U 35
37 1 U 36
38 1 L 15
39 1 U 15
40 1 L 27
41 0 U 40
42 1 U -1
43 0 L 12
44 1 U 32
45 0 U 44
46 1 U 2
47 0 U 46
48 1 U 23
49 0 U 30
50 1 U 49
51 1 U 50
52 1 U 51
53 1 U 52
54
0 1 U -1
1 0 U 0
2 0 U 1
3 0 U 2
4 0 U 3
5 0 U 4
6 1 U 5
7 0 U -1
8 1 U 7
9 1 U 8
10 1 U 8
11 0 U 10
12 0 U 0
13 1 U 10
14 1 U -1
15 0 U 4
16 1 U 15
17 1 U 16
18 1 U -1
19 1 U 18
20 0 U 2
21 0 U 9
22 0 U 21
23 0 U 22
24 1 U 23
25 1 U 24
26 0 U 25
27 0 L 11
28 1 U -1
29 1 U 28
30 0 U 12
31 0 U 1
32 0 L 23
33 1 U 32
34 0 U 13
35 1 U -1
36 1 U 35
37 1 U 36
38 1 L 15
39 0 U 38
40 1 L 27
41 0 U 40
42 1 U -1
43 0 L 12
44 1 U 32
45 0 U 15
46 0 U 34
47 0 U 46
48 1 U 23
49 0 U 30
50 1 U 49
51 1 U 50
52 1 U 51
53 1 U 52
54
0 1 U -1
1 0 U 0
2 0 U 1
3 0 U 2
4 0 U 3
5 0 U 4
6 1 U 5
7 0 U 2
8 1 U 7
9 1 U 8
10 0 L 3
11 0 U 10
12 0 U 11
13 1 U 7
14 1 U -1
15 0 U 4
16 1 U 15
17 1 U 7
18 0 L 9
19 0 L -1
20 0 U 2
21 1 U -1
22 0 U 21
23 1 L 16
24 0 U 16
25 1 U 24
26 0 U 25
27 0 L 11
28 1 U -1
29 1 U 28
30 0 U 12
31 0 U 1
32 0 L 23
33 1 U 32
34 0 U 13
35 1 U -1
36 1 U 26
37 1 U 36
38 1 L 15
39 0 U 38
40 1 L 27
41 0 U 40
42 1 U -1
43 0 U 19
44 1 U 32
45 1 U 22
46 1 U 2
47 0 U 46
48 1 U 23
49 0 U 30
50 1 U 49
51 1 U 50
52 1 U 51
53 1 U 52
54
0 1 U -1
1 0 U 0
2 1 U 0
3 0 L 2
4 1 L 2
5 0 U 4
6 0 U -1
7 0 U -1
8 1 U 7
9 1 U 8
10 1 L 9
11 0 U 10
12 0 U 11
13 1 U 7
14 1 U -1
15 0 U 4
16 1 U 15
17 1 U 16
18 0 L 9
19 1 U 18
20 0 U 2
21 1 U -1
22 0 U 21
23 0 U 22
24 1 U 23
25 1 U 24
26 0 U 25
27 0 L 11
28 1 U -1
29 1 U 28
30 0 U 12
31 0 U 1
32 0 L 23
33 1 U 32
34 0 U 13
35 1 U -1
36 1 U 35
37 1 U 36
38 1 L 15
39 0 U 38
40 1 L 27
41 0 U 40
42 1 U -1
43 0 L 12
44 1 U 32
45 0 U 44
46 1 U 9
47 0 L 8
48 1 U 23
49 0 U 30
50 1 U 49
51 1 U 50
52 1 U 51
53 1 U 52
54
0 1 U -1
1 0 U 0
2 0 U 1
3 0 U 2
4 0 U 3
5 0 U 4
6 0 U 3
7 0 U -1
8 1 U 7
9 1 U 8
10 1 L 9
11 0 U 10
12 0 U 11
13 1 U 7
14 1 U -1
15 0 U 4
16 1 U 15
17 1 U 16
18 0 L 9
19 1 U 18
20 0 U 2
21 1 U -1
22 0 U 21
23 0 U 22
24 1 U 23
25 1 U 24
26 0 U 25
27 0 L 11
28 1 L 13
29 1 U 28
30 0 U 12
31 0 U 1
32 0 L 23
33 1 U 32
34 0 U 13
35 1 U -1
36 1 U 35
37 1 U 36
38 1 L 15
39 0 U 38
40 1 L 27
41 0 U 40
42 1 U -1
43 0 L 12
44 1 U 32
45 0 L 41
46 0 L 31
47 0 U 46
48 1 U 23
49 0 U 30
50 1 U 49
51 1 L 19
52 1 U 51
53 1 U 52
54
0 1 U -1
1 0 U 0
2 0 U 1
3 0 U 2
4 0 U 3
5 0 U 4
6 1 U 5
7 0 U -1
8 1 U 7
9 1 U 8
10 1 L 9
11 1 U 1
12 0 U 11
13 1 U 7
14 1 U -1
15 0 U 4
16 1 U 15
17 1 U 16
18 0 L 9
19 1 U 18
20 0 U 2
21 1 U -1
22 0 U 21
23 1 U 7
24 0 U 10
25 1 U 24
26 0 L 13
27 0 L 11
28 1 U -1
29 1 U 28
30 0 U 1
31 0 U 1
32 0 L 23
33 1 U 32
34 0 U 13
35 1 U -1
36 1 U 35
37 1 U 36
38 1 L 15
39 0 U 38
40 1 L 27
41 0 U 40
42 1 U -1
43 0 L 12
44 1 U 32
45 0 U 44
46 1 U 2
47 0 U 46
48 1 U 23
49 0 U 30
50 1 U 49
51 1 U 50
52 1 U 51
53 1 U 52
54
0 1 U -1
1 0 U 0
2 0 U 1
3 0 L -1
4 0 U 3
5 0 U 4
6 1 L 0
7 0 U -1
8 1 U 7
9 1 U 8
10 1 L 9
11 0 U 10
12 0 L 1
13 0 U 8
14 1 U 5
15 0 U 4
16 1 U 15
17 0 U 10
18 0 L 9
19 1 U 18
20 0 U 2
21 1 U -1
22 0 U 21
23 0 U 22
24 1 U 23
25 1 U 24
26 0 U 25
27 0 U 22
28 1 U -1
29 1 U 28
30 0 U 12
31 0 U 1
32 0 L 28
33 1 L 27
34 0 U 13
35 1 U -1
36 0 U 22
37 1 U 36
38 1 L 15
39 0 U 38
40 1 L 27
41 0 U 40
42 1 U -1
43 0 L 12
44 1 U 32
45 1 U 41
46 1 U 2
47 0 U 46
48 1 U 23
49 0 U 30
50 1 U 49
51 1 U 50
52 1 U 51
53 1 U 52
