34
0 0 U -1
1 1 U 0
2 0 U 1
3 0 U 2
4 1 U 3
5 1 U -1
6 1 U 5
7 1 U 6
8 0 U 7
9 1 U 8
10 1 U -1
11 1 U 10
12 1 U 11
13 0 U 12
14 1 U 13
15 1 U -1
16 0 U 15
17 1 U 16
18 0 U 17
19 1 U 18
20 0 U -1
21 1 U 20
22 1 U 21
23 0 U 22
24 0 U 23
25 0 U -1
26 1 U 25
27 0 U 26
28 1 U 27
29 1 U 28
30 0 U -1
31 0 U 30
32 1 U 31
33 1 U 32
34
0 0 U -1
1 1 U 0
2 0 U 1
3 0 U 2
4 1 U 3
5 1 U -1
6 1 U 5
7 0 U 5
8 0 U 7
9 1 U 8
10 1 U -1
11 1 U 10
12 1 U 11
13 1 U 7
14 1 U 13
15 1 U -1
16 0 L 9
17 1 U 16
18 0 U 17
19 1 U 18
20 0 U -1
21 1 U 20
22 1 U 21
23 0 U 22
24 0 U 23
25 0 U -1
26 1 U 13
27 0 U 26
28 1 U 27
29 1 U 28
30 0 U -1
31 0 U 30
32 1 U 31
33 1 U 32
34
0 0 U -1
1 1 U 0
2 1 L 1
3 0 U 2
4 1 U 3
5 1 U -1
6 1 U 5
7 1 U 6
8 1 L 2
9 1 U 8
10 1 U 4
11 1 U 10
12 1 U 11
13 0 U 12
14 1 U 13
15 1 U -1
16 0 U 15
17 1 U 16
18 0 U 17
19 1 U 18
20 0 U -1
21 1 U 20
22 1 U 12
23 0 U 22
24 0 U 23
25 0 U -1
26 1 U 25
27 0 U 4
28 1 U 27
29 1 U 28
30 0 U -1
31 0 U 30
32 1 U 31
33 1 U 32
34
0 0 U -1
1 1 U 0
2 0 L -1
3 0 U 2
4 1 U 3
5 1 U -1
6 1 U 5
7 1 U 6
8 1 L 2
9 1 U 8
10 1 U 4
11 1 U 10
12 1 U 11
13 0 U 12
14 0 L 3
15 1 U -1
16 0 U 15
17 1 U 16
18 0 U 17
19 0 U 2
20 0 U -1
21 1 U 20
22 1 U 12
23 0 U 22
24 0 U 23
25 1 L 9
26 0 U 11
27 0 U 4
28 1 U 27
29 1 L 15
30 0 U -1
31 0 U 30
32 1 U 31
33 1 U 32
34
0 0 U -1
1 1 U 0
2 1 L 1
3 0 U 2
4 1 L 1
5 1 U -1
6 0 L 4
7 1 U 6
8 1 L 2
9 1 U 8
10 1 U 4
11 1 U 10
12 1 U 11
13 0 U 12
14 1 U 13
15 1 U -1
16 0 L 6
17 1 U 16
18 0 U 17
19 1 U 18
20 1 U 11
21 1 U 20
22 0 U 21
23 0 U 22
24 0 U 23
25 0 L 23
26 1 U 25
27 0 U 4
28 1 U 27
29 1 U 28
30 0 L 26
31 0 U 30
32 1 U 31
33 1 U 32
34
0 0 U -1
1 1 U 0
2 1 L 1
3 0 U 2
4 1 U 3
5 1 U -1
6 1 U 5
7 1 U 6
8 1 L 2
9 1 U 8
10 1 U 4
11 1 L -1
12 1 U 11
13 0 U 12
14 1 U 13
15 1 U -1
16 0 U 15
17 1 U 16
18 0 L 11
19 1 U 18
20 0 U -1
21 1 U 20
22 1 U 12
23 0 U 22
24 0 U 23
25 0 U -1
26 1 U 25
27 0 U 4
28 1 U 12
29 1 L 18
30 0 U -1
31 0 U 30
32 1 U 31
33 1 U 32
34
0 1 U -1
1 1 U 0
2 1 L 1
3 0 U 2
4 1 L 0
5 1 U -1
6 1 U 5
7 1 U 6
8 1 L 2
9 1 U 8
10 1 U 4
11 1 U 10
12 1 U 11
13 0 U 12
14 1 U 13
15 1 U 12
16 0 U 15
17 1 U 16
18 0 U 17
19 1 U 18
20 0 U -1
21 1 U 20
22 1 U 12
23 0 U 22
24 0 U 23
25 0 U -1
26 1 U 25
27 0 U 4
28 1 U 27
29 1 U 28
30 0 U -1
31 0 U 30
32 1 U 31
33 1 L 8
34
0 1 U -1
1 1 U 0
2 1 L 1
3 0 U 2
4 1 L 0
5 1 U -1
6 1 U 5
7 1 U 6
8 1 L 2
9 1 U 8
10 1 U 4
11 1 U 10
12 1 U 11
13 0 U 12
14 1 U 13
15 1 U 12
16 0 U 15
17 1 U 16
18 0 U 17
19 1 U 18
20 0 U -1
21 1 U 20
22 1 U 12
23 0 U 22
24 0 U 23
25 0 L 1
26 1 U 25
27 0 U 4
28 1 U 27
29 1 U 27
30 0 U -1
31 0 U 30
32 1 U 31
33 1 L 8
34
0 1 U -1
1 1 U 0
2 1 L 1
3 0 U 2
4 1 L 0
5 1 U 4
6 1 U 5
7 1 U 6
8 1 L 2
9 1 U 8
10 1 U 4
11 1 U 10
12 1 U 11
13 0 U 12
14 1 U 13
15 1 U 12
16 0 U 15
17 1 U 16
18 0 U 17
19 1 U 18
20 0 U -1
21 0 U 14
22 1 U 12
23 0 U 22
24 0 U 23
25 0 L 1
26 1 U 25
27 0 L 17
28 1 U 27
29 1 U 27
30 0 U -1
31 0 U 30
32 1 U 31
33 1 L 8
34
0 1 U -1
1 1 U 0
2 1 L 1
3 0 U 2
4 1 L 0
5 1 U -1
6 1 U 5
7 1 U 6
8 1 L -1
9 1 U 8
10 1 U 4
11 1 U 10
12 1 L 10
13 0 U 12
14 1 U 13
15 1 U 12
16 0 U 15
17 1 U 16
18 0 U 17
19 1 U 18
20 0 U -1
21 1 U 20
22 1 U 12
23 0 U 22
24 1 L 8
25 0 L 1
26 1 U 25
27 0 U 4
28 1 U 27
29 1 U 27
30 0 U -1
31 0 U 30
32 0 L -1
33 1 L 32
34
0 1 U -1
1 1 U 0
2 1 L 1
3 0 U 2
4 1 L 0
5 1 U -1
6 1 U 5
7 1 L 2
8 1 L 2
9 1 U 8
10 1 U 4
11 1 U 10
12 1 U 11
13 0 U 12
14 1 U 13
15 1 U 12
16 1 U 9
17 1 U 16
18 0 U 17
19 1 U 18
20 1 U 0
21 0 U -1
22 1 U 12
23 0 U 22
24 0 U 23
25 0 L 1
26 1 U 25
27 0 U 4
28 1 U 27
29 1 U 27
30 0 U -1
31 0 U 30
32 1 U 31
33 1 L 8
34
0 1 U -1
1 1 U 0
2 1 L 1
3 0 U 2
4 1 L 0
5 1 U -1
6 1 U 5
7 1 U 6
8 1 L 2
9 1 U 8
10 1 U 4
11 1 U 10
12 1 U 11
13 0 U 12
14 1 U 13
15 1 U 12
16 0 U 15
17 0 U 0
18 0 U 17
19 1 U 18
20 0 U -1
21 1 U 20
22 1 U 12
23 0 U 22
24 0 U 23
25 0 L 1
26 1 U 25
27 0 U 4
28 1 U 27
29 1 U 27
30 0 U -1
31 0 U 30
32 1 U 31
33 1 L 8
34
0 1 U -1
1 1 U 0
2 1 L 1
3 1 U 1
4 1 L 0
5 1 U -1
6 1 U 5
7 1 U 6
8 1 L 2
9 1 U 8
10 1 U 4
11 1 U 10
12 1 L 6
13 0 U 12
14 1 U 13
15 1 U 12
16 0 U 15
17 1 U 16
18 0 U 17
19 1 U 18
20 0 U -1
21 1 U 20
22 1 U 12
23 0 U 22
24 0 U 23
25 0 L 1
26 1 U 25
27 0 U 4
28 1 U 27
29 1 U 27
30 0 L 16
31 0 U 30
32 1 U 31
33 1 U 16
34
0 1 U -1
1 1 U -1
2 0 U 1
3 0 U 2
4 1 L 0
5 1 U -1
6 1 U 5
7 1 U 6
8 1 L 2
9 1 L 5
10 1 U 4
11 1 U 10
12 1 U 11
13 0 U 12
14 1 L 12
15 1 U 12
16 0 U 15
17 1 U 16
18 0 U 17
19 1 U 18
20 0 U -1
21 1 U 20
22 1 U 12
23 0 U 22
24 0 U 23
25 0 L 1
26 1 U 25
27 0 L 23
28 1 U 27
29 1 U 27
30 0 U -1
31 0 U 30
32 1 U 31
33 1 L 8
34
0 1 U -1
1 1 U -1
2 0 U 1
3 0 U 2
4 1 L 0
5 1 U -1
6 1 U 5
7 1 U 6
8 1 L 2
9 1 L 5
10 1 L 3
11 1 U 10
12 1 U 11
13 0 U 12
14 1 L 12
15 0 L 3
16 0 U 15
17 1 L 12
18 0 U 17
19 1 U 18
20 0 U -1
21 1 U 20
22 1 U 12
23 0 U 22
24 0 U 23
25 0 L 1
26 1 U 25
27 0 L 8
28 1 U 27
29 1 U 27
30 0 U -1
31 0 U 30
32 1 U 31
33 1 L 8
34
0 1 U -1
1 0 U 0
2 0 U 1
3 0 U 2
4 1 L 0
5 1 U -1
6 1 U 5
7 1 U 6
8 1 L 2
9 1 L 5
10 1 U 4
11 1 U 10
12 1 U 11
13 0 U 12
14 1 L 12
15 1 U 12
16 0 U 15
17 1 U 16
18 0 U 17
19 1 U 18
20 0 U -1
21 1 U 20
22 1 U 12
23 0 U 22
24 0 U 23
25 0 L 1
26 1 U 25
27 0 L 23
28 1 U 27
29 1 U 27
30 0 U -1
31 0 U 30
32 1 U 31
33 1 L 8
34
0 1 U -1
1 1 U -1
2 0 U 1
3 0 U 2
4 1 L 0
5 1 U -1
6 1 U 5
7 1 U 6
8 1 L 2
9 1 L 5
10 1 U 4
11 1 U 10
12 1 U 11
13 0 U 12
14 1 L 12
15 1 U 12
16 0 U 15
17 1 U 16
18 0 U 17
19 1 U 18
20 0 U -1
21 1 U 20
22 1 L 3
23 0 U 22
24 0 U 23
25 0 L 1
26 1 U 25
27 0 L 23
28 0 U 6
29 1 U 27
30 0 U -1
31 0 U 30
32 1 U 31
33 1 L 8
34
0 1 U -1
1 0 U 0
2 0 U 1
3 0 U 2
4 1 L 0
5 1 U -1
6 1 U 5
7 1 L 0
8 1 L 2
9 1 L 8
10 1 U 4
11 1 U 10
12 1 U 11
13 0 U 12
14 1 L 12
15 1 U 12
16 0 U 15
17 1 U 16
18 0 U 17
19 1 U 18
20 0 U -1
21 1 U 20
22 1 U 12
23 0 U 22
24 1 U 13
25 0 L 1
26 1 U 25
27 0 L 23
28 1 U 27
29 1 U 27
30 0 U -1
31 0 U 30
32 1 U 31
33 0 U 2
34
0 1 U -1
1 0 U 0
2 0 U 1
3 1 U 0
4 1 L 0
5 1 U -1
6 1 U 5
7 0 U 2
8 1 L 2
9 1 L 5
10 1 U 4
11 1 U 10
12 1 U 11
13 0 U 12
14 1 L 12
15 0 L 3
16 0 U 15
17 1 U 16
18 0 U 17
19 1 U 18
20 0 U -1
21 1 U 20
22 1 U 12
23 0 L 1
24 0 U 23
25 0 L 13
26 1 U 25
27 0 L 23
28 1 U 27
29 1 U 27
30 0 U -1
31 0 U 30
32 1 L 16
33 1 L 8
34
0 1 L -1
1 0 U 0
2 0 U 1
3 0 U 2
4 1 L 0
5 1 U -1
6 1 U 5
7 1 U 6
8 1 L 2
9 1 L 5
10 1 U 4
11 1 U 10
12 1 U 11
13 0 U 12
14 1 L 12
15 1 U 12
16 0 U 15
17 1 U 16
18 0 U 17
19 1 U 18
20 0 U -1
21 1 U 20
22 1 U 12
23 0 U 22
24 0 U 23
25 0 L 1
26 1 U 25
27 0 L 23
28 1 L 4
29 1 U 27
30 0 U -1
31 0 U 30
32 1 U 31
33 1 L 8
34
0 1 U -1
1 0 U 0
2 0 U 1
3 0 U 2
4 1 L 0
5 1 U -1
6 1 U 5
7 1 U 6
8 1 L 2
9 1 L 5
10 1 U 4
11 1 U 10
12 1 U 11
13 0 U 12
14 1 L 12
15 0 U 4
16 0 U 15
17 1 U 16
18 0 U 17
19 1 U 18
20 0 U 15
21 1 U 20
22 1 U 12
23 0 U 22
24 0 U 23
25 0 L 1
26 1 U 25
27 0 L 23
28 1 U 27
29 1 U 27
30 0 U -1
31 0 U 30
32 0 U 19
33 1 L 8
34
0 1 U -1
1 0 U 0
2 1 L -1
3 1 U -1
4 1 L 0
5 1 U -1
6 1 U 5
7 1 U 6
8 1 L 2
9 1 L 5
10 1 U 4
11 1 U 10
12 1 U 11
13 0 U 12
14 1 L 12
15 1 U 12
16 0 U 15
17 1 U 16
18 0 L 9
19 1 U 18
20 1 U 16
21 1 U 20
22 1 U 12
23 0 U 22
24 0 U 23
25 0 L 1
26 1 U 25
27 0 L 23
28 1 U 27
29 1 U 27
30 0 U -1
31 0 U 30
32 1 U 31
33 1 L 8
34
0 1 U -1
1 1 U 0
2 0 U 1
3 0 U 2
4 1 L 0
5 1 U -1
6 1 U 5
7 1 U 6
8 1 L 2
9 1 L 5
10 1 U 4
11 1 U 10
12 1 U 11
13 0 U 12
14 1 L 12
15 0 U 3
16 0 U 15
17 1 U 16
18 0 L 8
19 1 U 18
20 1 U 15
21 1 U 20
22 1 U 12
23 0 U 22
24 0 L 15
25 1 L 17
26 1 U 25
27 0 L 23
28 1 U 27
29 1 U 27
30 0 U -1
31 1 L 15
32 1 U 31
33 1 L 8
34
0 1 U -1
1 0 U 0
2 0 U 1
3 0 U 2
4 1 L 0
5 0 L 3
6 1 U 5
7 1 L 2
8 1 L 2
9 1 L 5
10 1 U 4
11 1 U 10
12 1 U 11
13 0 U 12
14 1 L 12
15 1 U 12
16 0 U 15
17 1 L 13
18 0 U 17
19 1 U 18
20 0 U -1
21 1 U 20
22 1 U 12
23 0 U 22
24 0 U 23
25 0 L 1
26 1 U 25
27 0 L 23
28 1 U 27
29 1 U 27
30 0 U -1
31 0 U 30
32 1 U 31
33 1 L 8
34
0 1 U -1
1 0 U 0
2 0 U 1
3 0 U 2
4 1 L 0
5 1 U -1
6 1 U 5
7 1 U 6
8 1 L 0
9 1 L 5
10 1 U 4
11 1 U 10
12 1 L 9
13 0 U 12
14 1 L 12
15 1 U 12
16 0 U 15
17 1 U 16
18 0 U 17
19 1 U 18
20 0 U -1
21 1 U 20
22 1 U 12
23 0 U 22
24 0 U 23
25 0 L 1
26 1 U 25
27 0 L 23
28 1 U 27
29 1 U 27
30 0 U -1
31 0 U 30
32 1 U 31
33 1 L 8
34
0 1 U -1
1 0 U 0
2 0 U 1
3 0 U 2
4 1 L 0
5 1 U -1
6 1 U 5
7 1 U 6
8 1 L 2
9 1 L 5
10 1 U 4
11 1 U 10
12 1 U 11
13 0 U 12
14 1 L 12
15 1 U 12
16 0 U 15
17 1 U 16
18 0 L 11
19 1 U -1
20 0 U -1
21 1 U 20
22 1 U 12
23 0 U 22
24 0 U 23
25 0 L 1
26 1 U 25
27 0 L 23
28 1 U 27
29 1 U 27
30 0 U -1
31 0 U 30
32 1 U 31
33 1 L 8
34
0 1 U -1
1 0 U 0
2 0 U 1
3 0 U 2
4 1 U 0
5 1 U -1
6 1 U 5
7 0 L 1
8 1 L 2
9 1 L 5
10 1 U 4
11 1 U 10
12 1 U 11
13 0 U 12
14 1 L 12
15 1 U 12
16 0 U 15
17 1 U 16
18 0 U 17
19 1 U 18
20 0 U -1
21 1 U 20
22 1 U 12
23 0 U 22
24 0 U 23
25 0 L 1
26 1 U 25
27 0 L 23
28 1 U 27
29 1 U 27
30 1 U 23
31 0 U 12
32 1 U 31
33 1 L 8
34
0 1 U -1
1 0 U 0
2 0 L 1
3 0 U 2
4 1 L 0
5 0 L 1
6 1 U 5
7 1 U 6
8 1 U 3
9 1 L 5
10 0 U -1
11 1 U 10
12 1 U 11
13 0 U 12
14 1 L 12
15 1 U 12
16 0 U 15
17 1 U 16
18 0 U 17
19 1 U 18
20 0 U -1
21 1 U 20
22 1 U 12
23 0 U 22
24 0 U 23
25 0 L 1
26 1 U 25
27 0 L 23
28 1 U 27
29 1 U 27
30 0 U -1
31 0 U 30
32 1 U 31
33 1 L 8
34
0 1 U -1
1 0 U 0
2 0 U 1
3 0 U 2
4 1 L 0
5 1 U -1
6 1 U 5
7 1 U 6
8 1 U 4
9 1 L 5
10 1 U 4
11 1 U 10
12 1 U 11
13 0 U 12
14 1 L 12
15 1 U 12
16 0 U 14
17 1 U 13
18 0 U 17
19 1 U 18
20 0 U -1
21 1 U 20
22 1 U 12
23 0 U 22
24 0 U 23
25 1 L 5
26 1 U 25
27 0 L 23
28 0 U 12
29 1 U 27
30 0 U -1
31 0 U 30
32 1 U 31
33 1 L 8
34
0 1 U -1
1 0 U 0
2 0 U 1
3 0 U 2
4 1 L 0
5 1 U -1
6 1 U 5
7 1 U 6
8 1 L 2
9 1 L 5
10 1 U 4
11 1 U 10
12 1 U 5
13 0 U 12
14 1 L 12
15 1 U 12
16 0 U 15
17 1 U 16
18 0 U 17
19 1 U 18
20 0 U -1
21 1 U 20
22 1 U 12
23 0 U 22
24 1 L 0
25 1 U 7
26 1 U 25
27 0 L 23
28 1 U 27
29 1 L 1
30 0 U -1
31 0 U 30
32 1 U 31
33 1 L 8
34
0 0 U -1
1 0 U 0
2 0 U 1
3 1 L 1
4 1 L 0
5 1 U -1
6 1 U 5
7 1 U 6
8 1 L 2
9 1 L 5
10 1 U 4
11 1 U 10
12 1 U 11
13 0 U 12
14 1 L 12
15 1 U 12
16 0 U 15
17 1 U 16
18 0 U 17
19 1 U 18
20 0 U 15
21 1 U 20
22 0 L 6
23 0 U 22
24 0 U 23
25 0 L 1
26 1 U 25
27 0 L 23
28 1 U 27
29 1 U 27
30 0 U -1
31 0 U 30
32 1 U 31
33 1 L 8
34
0 1 U -1
1 0 U 0
2 0 U 1
3 0 U 2
4 1 L 0
5 1 U -1
6 1 U 5
7 1 U 6
8 1 L 2
9 1 L 5
10 1 U 4
11 1 U 10
12 1 U 11
13 0 U 12
14 1 L 12
15 1 U 12
16 0 U 15
17 0 U 3
18 0 U 17
19 1 U 18
20 0 U -1
21 1 U 20
22 0 U 1
23 0 U 22
24 0 U 23
25 0 L 1
26 1 U 25
27 0 L 23
28 1 U 27
29 1 U 27
30 0 U -1
31 0 U 30
32 1 U 31
33 1 L 8
34
0 1 U -1
1 0 U 0
2 0 U 1
3 0 U 2
4 1 L 0
5 1 U -1
6 1 U 5
7 1 U 6
8 0 U 0
9 1 L 5
10 1 U 4
11 1 U 10
12 1 U 11
13 0 U 12
14 1 L 12
15 1 U 12
16 0 U 15
17 1 U 16
18 0 U 17
19 1 U 18
20 0 U -1
21 1 U 20
22 1 U 12
23 0 U 22
24 0 U 23
25 0 L 1
26 1 U 25
27 0 L 23
28 1 U 27
29 1 U 27
30 0 U 24
31 0 U 30
32 1 U 31
33 1 L 8
34
0 1 U -1
1 0 U 0
2 0 U 1
3 0 U 2
4 1 L 0
5 1 U -1
6 1 U 5
7 1 U 6
8 1 L 2
9 1 L 5
10 1 U 4
11 1 U 10
12 1 U 11
13 0 U 12
14 1 L 12
15 1 U 12
16 0 U 15
17 1 U 16
18 0 U 17
19 1 U 18
20 0 U -1
21 1 U 20
22 0 U 10
23 0 U 22
24 0 U 23
25 0 L 1
26 1 U 25
27 0 L 23
28 1 U 27
29 1 U 27
30 0 U -1
31 0 U 30
32 1 U 31
33 1 L 8
34
0 1 U -1
1 0 U 0
2 0 U 1
3 0 U 2
4 1 L 0
5 1 U -1
6 1 U 5
7 1 U 6
8 1 L 2
9 1 U 5
10 1 U 4
11 1 U 10
12 1 U 11
13 0 U 12
14 1 L 12
15 1 U 12
16 0 U 15
17 1 U 16
18 0 U 17
19 1 U 18
20 0 U -1
21 1 U 20
22 1 U 12
23 0 U 22
24 0 U 23
25 0 U 5
26 1 U 25
27 0 L 23
28 1 U 27
29 1 U 27
30 0 U -1
31 0 U 30
32 1 U 31
33 1 L 8
34
0 1 U -1
1 0 U 0
2 0 U 1
3 0 U 2
4 0 L 3
5 1 U -1
6 1 U 5
7 1 U 6
8 1 L 2
9 1 L 5
10 1 U -1
11 1 U 10
12 1 U 11
13 0 U 12
14 1 L 12
15 1 U 12
16 0 U 15
17 1 U 16
18 0 U 17
19 1 U 18
20 0 U -1
21 1 U 20
22 1 U 12
23 0 L 19
24 0 U 23
25 0 L 1
26 1 U 25
27 0 L 23
28 1 U 27
29 1 U 27
30 0 U -1
31 0 U 30
32 1 U 31
33 1 L 8
34
0 1 U -1
1 0 U 0
2 1 L -1
3 0 U 2
4 1 L 0
5 1 U -1
6 1 U 5
7 1 U 6
8 1 L 2
9 1 L 5
10 1 U 4
11 1 U 10
12 1 U 11
13 0 U 12
14 1 L 12
15 1 U 12
16 1 L -1
17 1 U 16
18 0 U 17
19 1 U 18
20 0 U -1
21 1 U 20
22 1 U 12
23 0 U 22
24 0 U 23
25 0 L 1
26 1 U 25
27 0 L 23
28 1 U 27
29 0 L 24
30 0 U -1
31 0 U 30
32 1 U 31
33 1 L 8
34
0 1 U -1
1 0 U 0
2 1 L -1
3 1 L 1
4 1 L 0
5 1 U -1
6 1 U 5
7 0 U 5
8 1 L 2
9 1 L 5
10 1 U 4
11 1 U 10
12 1 U 11
13 0 U 12
14 1 L 12
15 1 U 12
16 1 L -1
17 1 U 16
18 0 U 17
19 1 U 18
20 0 U -1
21 0 L 18
22 1 U 12
23 0 U 22
24 0 U 23
25 0 L 1
26 1 U 25
27 0 L 23
28 1 U 27
29 0 L -1
30 0 U -1
31 0 U 30
32 1 U 31
33 1 L 8
34
0 1 U -1
1 0 U 0
2 1 L -1
3 0 U 2
4 1 L 0
5 1 U -1
6 1 U 5
7 1 U 6
8 1 L 2
9 1 L 5
10 1 U 3
11 1 U 10
12 1 U 11
13 0 U 12
14 1 L 12
15 1 U 12
16 1 L -1
17 1 U 16
18 0 U 17
19 1 U 18
20 0 U -1
21 1 U 20
22 0 U 11
23 0 U 22
24 0 L 2
25 0 L 1
26 1 U 25
27 0 L 23
28 1 U 27
29 0 L 24
30 0 U -1
31 0 L 2
32 1 U 31
33 1 L 8
34
0 0 L -1
1 0 U 0
2 1 U 1
3 0 U 2
4 1 L 0
5 1 U -1
6 1 U 5
7 1 U 6
8 1 L 2
9 1 L 5
10 1 U 4
11 1 U 10
12 1 U 11
13 0 U 12
14 1 L 12
15 1 U 12
16 1 L -1
17 1 U 16
18 0 U 17
19 1 U 18
20 0 U -1
21 1 U 20
22 1 U 12
23 0 U 22
24 0 U 23
25 0 L 1
26 1 U 25
27 0 L 23
28 1 U 27
29 0 L 24
30 0 U -1
31 0 U 30
32 1 U 31
33 1 L 8
34
0 1 U -1
1 0 U 0
2 1 L -1
3 0 U 2
4 1 L 0
5 1 U 2
6 1 U 5
7 1 L 6
8 1 L 2
9 1 L 5
10 1 U 4
11 0 L 5
12 1 L 6
13 0 U 12
14 1 L 12
15 1 U 12
16 1 L -1
17 1 U 16
18 0 U 17
19 1 U 18
20 0 U -1
21 1 U 20
22 1 U 12
23 0 U 22
24 0 U 23
25 0 L 1
26 1 U 25
27 0 L 23
28 1 U 27
29 0 L 24
30 0 U -1
31 1 L -1
32 1 U 31
33 1 L 8
34
0 1 U -1
1 0 U 0
2 1 L -1
3 1 U 1
4 1 L 0
5 1 U -1
6 1 U 5
7 1 U 6
8 1 L 3
9 1 L 5
10 1 U 4
11 1 U 10
12 1 U 11
13 0 U 12
14 1 L 12
15 1 U 12
16 1 L -1
17 1 U 16
18 0 U 9
19 1 U 18
20 0 U -1
21 1 U 20
22 1 U 12
23 0 U 22
24 0 U 23
25 0 L 1
26 1 U 25
27 0 L 23
28 1 U 27
29 0 L 24
30 0 U -1
31 0 U 30
32 1 U 31
33 1 L 8
34
0 1 U -1
1 0 U 0
2 1 L -1
3 0 U 2
4 1 L 0
5 1 U -1
6 1 U 5
7 1 U 6
8 1 L 2
9 1 L 5
10 1 U 4
11 0 U 0
12 1 U 11
13 0 U 12
14 1 L 12
15 0 L 7
16 1 L -1
17 1 U 16
18 0 U 17
19 1 U 18
20 0 U -1
21 1 U 20
22 1 U 12
23 0 U 22
24 0 U 23
25 0 L 1
26 1 U 25
27 0 L 23
28 1 U 27
29 0 L 24
30 0 U -1
31 0 U 30
32 1 U 31
33 1 L 8
34
0 1 U -1
1 0 U 0
2 1 L -1
3 0 L 0
4 1 L 0
5 1 U -1
6 1 U 5
7 1 U 6
8 1 L 2
9 1 L 5
10 1 U 4
11 1 U 10
12 1 U 11
13 0 U 12
14 1 L 12
15 1 U 3
16 1 L -1
17 1 U 16
18 0 U 15
19 1 U 18
20 0 U -1
21 1 U 20
22 1 U 12
23 0 U 22
24 0 U 23
25 0 L 1
26 1 U 25
27 0 L 23
28 1 U 27
29 0 L 24
30 0 U -1
31 0 U 30
32 1 U 31
33 1 L 8
34
0 1 U -1
1 0 U 0
2 1 L -1
3 0 U 2
4 1 L 0
5 1 U -1
6 1 U 5
7 1 U 6
8 1 L 2
9 1 L 5
10 1 U 4
11 1 U 10
12 1 U 11
13 0 U 12
14 1 L 12
15 1 U 12
16 1 L -1
17 1 U 16
18 0 U 17
19 1 U 18
20 0 U -1
21 1 U 20
22 1 U 12
23 0 U 22
24 0 U 23
25 0 L 1
26 1 U 25
27 0 L 23
28 1 U 27
29 1 L 8
30 0 U -1
31 0 U 30
32 1 U 31
33 1 L 8
34
0 1 U -1
1 0 U 0
2 1 L -1
3 0 U 2
4 1 L 0
5 1 U 0
6 0 U 0
7 1 U 6
8 1 L 2
9 1 U 0
10 1 U 4
11 1 U 10
12 1 U 11
13 0 U 12
14 0 U 5
15 1 U 12
16 1 L -1
17 1 U 16
18 0 U 17
19 1 U 18
20 0 U -1
21 0 L 20
22 1 U 12
23 0 U 22
24 0 U 23
25 0 L 1
26 1 L 25
27 0 L 23
28 1 U 27
29 0 L 24
30 0 U -1
31 0 U 30
32 1 U 31
33 1 L 8
34
0 1 U -1
1 0 U 0
2 1 L -1
3 0 U 2
4 1 L 0
5 1 U -1
6 1 U 5
7 0 L 3
8 1 L 6
9 1 L 5
10 1 U 4
11 1 U 10
12 1 U 11
13 0 U 12
14 0 U 13
15 1 U 12
16 1 L -1
17 1 U 16
18 0 U 6
19 1 U 18
20 0 U -1
21 1 U 20
22 1 U 12
23 0 U 22
24 0 U 23
25 0 L 1
26 1 U 25
27 0 L 23
28 1 U 27
29 0 L 24
30 0 U -1
31 0 U 30
32 0 U 17
33 1 L 8
34
0 1 U -1
1 0 U 0
2 1 L -1
3 0 U 2
4 1 L 0
5 1 U -1
6 1 U 5
7 1 U 6
8 1 L 3
9 0 U 7
10 1 U 4
11 1 U 10
12 1 U 11
13 0 U 12
14 1 L 12
15 1 L 12
16 1 L -1
17 1 U 16
18 0 U 17
19 1 U 18
20 0 U -1
21 1 U 20
22 1 U 12
23 0 U 22
24 0 U 9
25 0 L 1
26 1 U 25
27 0 U 15
28 1 U 27
29 0 L 24
30 0 U -1
31 0 U 14
32 1 U 31
33 1 L 8
34
0 1 U -1
1 0 U 0
2 1 L -1
3 0 U 2
4 1 L 2
5 1 U -1
6 1 U 5
7 1 U 6
8 1 L 2
9 0 L 4
10 1 U 5
11 1 U 10
12 1 U 11
13 0 U 12
14 1 L 12
15 1 L 2
16 0 L 12
17 1 U 16
18 0 U 17
19 1 U 17
20 0 U -1
21 0 U 10
22 1 U 12
23 0 U 5
24 0 U 9
25 0 L 1
26 1 U 25
27 0 L 23
28 1 U 27
29 0 L 24
30 0 U -1
31 0 U 30
32 1 U 31
33 1 L 8
34
0 1 U -1
1 0 U 0
2 1 L -1
3 0 U 2
4 1 L 0
5 1 U -1
6 1 U 5
7 1 U 6
8 1 L 2
9 1 L 5
10 1 U 4
11 1 U 5
12 1 U 11
13 1 U -1
14 1 L 12
15 1 U 12
16 1 L -1
17 1 U 16
18 0 U 17
19 1 U 18
20 0 U -1
21 1 U 20
22 1 U 12
23 0 U 22
24 0 U 23
25 0 L 1
26 1 U 25
27 0 L 23
28 1 U 27
29 0 L 24
30 0 U -1
31 0 U 30
32 1 U 31
33 1 L 8
