31
0 0 U -1
1 0 U 0
2 0 U 1
3 0 U 2
4 1 U 3
5 0 U -1
6 0 U 5
7 0 U 6
8 0 U 7
9 0 U 8
10 0 U -1
11 1 U 10
12 1 U 11
13 0 U 12
14 0 U 13
15 0 U -1
16 1 U 15
17 1 U 16
18 1 U 17
19 1 U 18
20 1 U -1
21 0 U 20
22 1 U 21
23 0 U 22
24 1 U 23
25 0 U -1
26 1 U 25
27 1 U 26
28 0 U 27
29 1 U 28
30 0 U -1
31
0 0 U -1
1 0 U 0
2 0 U 1
3 0 U 2
4 1 U 3
5 0 U -1
6 0 U 5
7 0 U 6
8 0 U 3
9 0 U 8
10 0 U -1
11 1 U 10
12 1 U 11
13 1 U 0
14 0 U 13
15 0 U -1
16 1 U 15
17 1 U 16
18 1 U 17
19 1 U 18
20 1 U -1
21 0 U 20
22 1 U 21
23 0 U 22
24 1 U 23
25 0 U -1
26 1 U 25
27 1 U 26
28 0 U 27
29 1 U 28
30 1 U 28
31
0 0 U -1
1 0 U 0
2 0 U 1
3 0 U 2
4 1 U 3
5 0 U -1
6 0 U 5
7 0 U 6
8 0 U 3
9 0 U 8
10 0 U -1
11 1 U 10
12 1 U 11
13 1 U 0
14 0 U 13
15 0 U 1
16 1 U 15
17 1 U 16
18 1 U 17
19 0 L 18
20 0 L 0
21 0 U 20
22 1 U 21
23 1 L 13
24 1 U 23
25 0 U -1
26 1 U 25
27 1 U 26
28 0 U 27
29 1 U 28
30 1 U 28
31
0 0 U -1
1 0 U 0
2 0 U 1
3 0 U 2
4 1 L 0
5 0 U -1
6 1 L 2
7 0 U 6
8 1 L 6
9 0 U 8
10 0 U -1
11 1 U 10
12 1 U 11
13 1 U 0
14 0 U 13
15 0 U -1
16 1 U 15
17 1 U 16
18 1 U 17
19 1 U 18
20 1 U -1
21 0 U 20
22 1 U 4
23 0 U 22
24 1 U 23
25 0 U -1
26 1 U 25
27 1 U 26
28 0 U 27
29 1 U 28
30 1 U 28
31
0 0 U -1
1 0 U 0
2 0 U 1
3 0 U 2
4 1 L 0
5 0 U -1
6 1 L 2
7 0 U 6
8 1 L 6
9 0 U 8
10 0 U -1
11 1 U 10
12 1 U 11
13 1 U 0
14 0 U 13
15 0 U -1
16 0 L 12
17 1 U 16
18 1 U 17
19 1 U 18
20 1 U -1
21 0 U 20
22 1 U 4
23 0 U 22
24 1 U 23
25 0 U -1
26 1 U 25
27 1 U 26
28 0 U 27
29 1 U 28
30 1 U 28
31
0 0 U -1
1 0 U 0
2 0 U 1
3 0 U 2
4 1 L 0
5 0 U -1
6 1 L 2
7 0 U 6
8 1 L 6
9 0 U 8
10 0 U -1
11 1 U 10
12 1 U 11
13 1 U 0
14 0 U 13
15 0 U -1
16 1 U 15
17 1 U 16
18 1 U 17
19 1 U 18
20 0 U 15
21 0 U 20
22 1 U 4
23 0 U 22
24 1 U 23
25 1 L 18
26 1 U 25
27 1 U 26
28 0 U 27
29 1 U 28
30 1 U 28
31
0 0 L -1
1 0 U 0
2 0 U 1
3 0 U 2
4 1 L 0
5 0 U -1
6 1 L 2
7 0 U 6
8 1 L 6
9 0 U 8
10 0 U -1
11 1 U 10
12 1 U 11
13 1 U 0
14 0 U 13
15 0 U -1
16 1 U 15
17 1 U 16
18 0 L 4
19 1 U 18
20 1 U -1
21 0 U 20
22 1 U 4
23 1 U 14
24 1 U 23
25 0 U -1
26 1 U 25
27 1 L 6
28 0 U 27
29 1 U 28
30 1 U 28
31
0 0 U -1
1 0 U 0
2 0 U 1
3 1 L -1
4 1 L 0
5 0 U -1
6 1 L 2
7 0 U 1
8 1 L 6
9 0 U 8
10 0 U -1
11 1 U 10
12 1 U 11
13 1 U 0
14 0 U 13
15 0 U -1
16 0 L 13
17 1 U 16
18 1 U 17
19 1 U 18
20 1 U -1
21 0 U 20
22 1 U 4
23 0 U 22
24 0 L 22
25 0 U -1
26 1 U 25
27 1 U 26
28 0 U 27
29 1 U 28
30 1 U 28
31
0 0 U -1
1 0 U 0
2 0 U 1
3 0 U 2
4 1 L 0
5 0 U -1
6 1 L 2
7 0 U 6
8 1 L 6
9 0 U 0
10 0 U -1
11 1 U 10
12 1 U 11
13 0 U 8
14 0 U 13
15 0 U -1
16 1 U 15
17 1 U 16
18 1 U 17
19 1 U 10
20 1 U -1
21 0 U 20
22 1 U 4
23 0 U 22
24 1 U 23
25 0 U -1
26 1 U 25
27 1 U 26
28 0 U 27
29 1 U 16
30 1 U 28
31
0 0 U -1
1 0 U 0
2 0 U 1
3 0 U 2
4 1 L 0
5 0 U -1
6 1 L 2
7 0 U 6
8 1 L 6
9 0 U 8
10 0 U -1
11 1 U 10
12 1 U 11
13 1 U 0
14 0 U 13
15 0 U -1
16 1 U 15
17 1 U 16
18 1 U 17
19 1 U 18
20 1 U -1
21 0 U 20
22 1 U 4
23 0 U 22
24 1 U 23
25 0 U -1
26 1 U 25
27 1 U 26
28 0 U 27
29 1 U 28
30 1 U 28
31
0 0 U -1
1 0 U 0
2 0 U 1
3 1 U 0
4 1 L 0
5 0 U -1
6 1 L 2
7 0 U 6
8 1 L 6
9 0 U 8
10 1 U 8
11 1 U 2
12 1 U 11
13 1 U 0
14 0 U 13
15 0 U -1
16 1 U 15
17 0 U 0
18 1 U 17
19 0 U 6
20 1 U -1
21 0 U 20
22 1 U 4
23 0 U 3
24 1 U 23
25 0 U -1
26 1 U 25
27 1 U 24
28 0 U 27
29 1 U 28
30 1 U 28
31
0 0 L -1
1 0 U 0
2 0 U 1
3 0 U 2
4 1 L 0
5 0 U -1
6 1 L 2
7 0 U 6
8 1 L 6
9 0 U 8
10 0 U -1
11 1 U 10
12 1 U 9
13 1 U 0
14 0 U 13
15 0 L 13
16 1 U 15
17 1 U 16
18 1 U 17
19 1 U 18
20 1 L -1
21 0 U 20
22 1 U 4
23 0 U 22
24 1 U 23
25 0 U -1
26 1 U 25
27 1 U 26
28 0 U 27
29 1 U 28
30 1 U 27
31
0 0 U -1
1 0 U 0
2 0 U 1
3 0 U 2
4 0 L 2
5 0 U -1
6 1 L 2
7 0 U 6
8 1 L 6
9 0 U 8
10 0 U -1
11 1 U 10
12 1 U 11
13 1 U 0
14 0 U 13
15 0 U -1
16 1 U 15
17 1 U 16
18 1 U 17
19 1 U 18
20 1 U -1
21 0 U 20
22 1 U 4
23 0 U 22
24 1 U 23
25 0 U -1
26 1 U 25
27 1 U 26
28 1 U 18
29 1 U 28
30 1 U 28
31
0 0 U -1
1 0 U 0
2 0 U 1
3 0 U 2
4 1 L 0
5 0 U -1
6 1 L 2
7 0 U 6
8 0 L 2
9 0 U 8
10 0 L 3
11 1 U 10
12 1 U 11
13 1 U 0
14 0 U 13
15 0 U -1
16 1 U 15
17 1 U 16
18 1 U 11
19 1 U 18
20 1 U -1
21 0 U 20
22 0 L 5
23 0 U 22
24 1 U 23
25 0 U -1
26 1 U 25
27 1 U 26
28 0 L 5
29 1 U 28
30 1 U 28
31
0 0 U -1
1 0 U 0
2 0 U 1
3 0 U 2
4 1 L 0
5 0 U -1
6 1 L 3
7 0 U 6
8 1 L 6
9 0 U 8
10 1 U 9
11 1 U 10
12 1 U 11
13 1 U 0
14 0 U 13
15 0 U -1
16 1 U 15
17 1 U 16
18 1 U 17
19 1 U 18
20 1 L 18
21 0 U 20
22 0 U 15
23 1 U 17
24 1 U 23
25 0 U -1
26 1 U 25
27 1 U 26
28 0 U 27
29 1 U 28
30 1 U 28
31
0 0 U -1
1 0 U 0
2 0 U 1
3 0 U 2
4 1 L 0
5 0 U -1
6 1 L 2
7 0 U 6
8 1 L 6
9 0 U 8
10 0 U -1
11 1 U 10
12 1 U 11
13 1 U 0
14 0 U 13
15 0 U -1
16 1 U 15
17 1 U 16
18 1 U 17
19 1 U 18
20 0 U 3
21 0 U 20
22 1 U 4
23 0 U 22
24 1 U 23
25 0 U -1
26 1 U 25
27 1 U 26
28 0 U 27
29 1 U 28
30 1 U 28
31
0 0 U -1
1 0 U 0
2 0 U 1
3 0 U 2
4 1 L 0
5 0 U 3
6 1 L 2
7 0 U 1
8 1 L 6
9 0 U 8
10 0 U -1
11 1 U 10
12 1 U 11
13 1 U 0
14 0 U 13
15 0 U -1
16 1 U 15
17 1 U 16
18 1 U 17
19 1 U 18
20 1 U -1
21 0 U 20
22 1 U 4
23 0 U 22
24 1 U 18
25 0 U -1
26 1 U 25
27 1 U 26
28 0 U 27
29 1 U 28
30 1 U 28
31
0 0 U -1
1 0 U 0
2 0 U 1
3 0 U 2
4 1 L 0
5 1 U 4
6 1 U 1
7 0 U 4
8 1 L 6
9 0 U 8
10 0 U -1
11 1 U 10
12 1 U 11
13 1 U 0
14 0 U 13
15 0 U -1
16 1 U 15
17 1 U 16
18 1 U 17
19 1 U 18
20 1 U -1
21 0 U 20
22 1 U 4
23 0 U 22
24 1 U 23
25 0 U -1
26 1 U 25
27 1 U 26
28 0 U 27
29 1 U 28
30 1 U 28
31
0 0 U -1
1 0 L -1
2 0 U 1
3 0 U 2
4 1 L 0
5 0 U -1
6 1 L 2
7 0 U 6
8 1 U -1
9 0 U 8
10 0 U -1
11 1 U 10
12 1 U 11
13 1 L 2
14 0 U 13
15 0 U -1
16 1 U 15
17 1 U 16
18 1 U 17
19 1 U 18
20 1 U -1
21 0 U 20
22 1 U 4
23 0 U 22
24 1 U 23
25 0 U -1
26 1 U 25
27 1 U 26
28 0 L 1
29 1 U 28
30 1 U 28
31
0 0 U -1
1 0 U 0
2 0 U 1
3 0 U 2
4 1 L 0
5 0 U -1
6 1 L 2
7 0 U 6
8 1 L 6
9 0 U 8
10 0 U -1
11 1 U 10
12 1 U 11
13 1 U 0
14 0 U 13
15 0 U -1
16 1 U 15
17 1 U 16
18 1 U 17
19 0 U 5
20 1 U -1
21 0 U 20
22 1 U 4
23 1 L 9
24 1 U 23
25 0 U -1
26 1 U 25
27 0 U 24
28 0 U 27
29 1 U 28
30 1 U 28
31
0 0 U -1
1 0 L 0
2 0 U 1
3 0 U 2
4 1 L 0
5 0 U -1
6 1 L 2
7 0 U 6
8 1 L 6
9 0 U 8
10 0 U -1
11 1 U 10
12 1 U 11
13 1 U 0
14 0 U 13
15 0 U -1
16 1 U 15
17 1 U 16
18 1 U 17
19 1 U 18
20 1 U -1
21 0 U 20
22 1 U 4
23 0 U 22
24 1 U 23
25 0 U -1
26 1 U 25
27 1 U 26
28 0 U 27
29 1 U 28
30 1 U 28
31
0 0 U -1
1 0 L 0
2 0 U 1
3 0 U 1
4 1 L 0
5 0 U -1
6 1 L 2
7 0 U 6
8 1 L 6
9 0 U 1
10 0 U -1
11 1 L 2
12 1 U 11
13 1 U 0
14 0 U 13
15 0 U -1
16 1 U 15
17 1 U 16
18 1 U 17
19 1 U 18
20 1 U -1
21 0 U 20
22 1 U 4
23 1 L 17
24 1 U 23
25 0 U -1
26 1 U 25
27 1 U 26
28 0 U 27
29 1 U 28
30 1 U 28
31
0 0 U -1
1 0 L 0
2 0 U 1
3 0 U 1
4 1 L 0
5 0 U -1
6 1 L 2
7 0 U 6
8 1 L 6
9 0 U 2
10 1 L 4
11 1 U 10
12 1 U 11
13 1 U 0
14 0 U 13
15 0 U -1
16 1 U 15
17 1 U 16
18 1 U 17
19 1 U 18
20 1 U -1
21 0 U 20
22 1 U 4
23 0 U 22
24 0 L 0
25 0 U -1
26 1 U 8
27 1 U 26
28 0 U 27
29 1 U 28
30 1 U 28
31
0 0 U -1
1 0 L -1
2 0 U 1
3 0 U 2
4 1 L 0
5 0 U -1
6 1 L 2
7 0 U 6
8 1 L 6
9 0 U 8
10 0 U -1
11 1 U 10
12 1 U 11
13 1 U 0
14 0 U 13
15 0 U -1
16 1 U 15
17 1 U 16
18 1 U 17
19 1 U 18
20 1 U -1
21 0 U 20
22 1 U 4
23 0 U 22
24 1 L 4
25 0 U -1
26 1 U 25
27 1 U 26
28 0 U 27
29 1 U 28
30 1 U 28
31
0 0 U -1
1 0 L 0
2 1 U 0
3 0 U 2
4 1 L 0
5 0 U -1
6 1 L 2
7 0 U 6
8 1 L 6
9 0 U 8
10 0 U -1
11 1 U 10
12 1 U 11
13 1 U 0
14 0 U 13
15 0 U -1
16 1 U 13
17 1 U 16
18 0 U 11
19 1 U 18
20 1 U -1
21 0 U 20
22 1 U 4
23 0 U 22
24 1 U 23
25 0 U -1
26 1 U 25
27 1 U 26
28 0 U 14
29 1 U 28
30 1 U 28
31
0 0 U -1
1 0 L 0
2 0 U 1
3 0 U 2
4 1 L 0
5 0 U -1
6 1 L 2
7 0 U 6
8 1 L 6
9 0 U 8
10 0 U -1
11 1 U 10
12 1 U 11
13 0 U 6
14 0 U 13
15 0 U -1
16 1 U 15
17 1 U 16
18 1 U 17
19 1 U 18
20 1 U 12
21 0 U 20
22 1 U 4
23 0 U 22
24 0 U 5
25 0 U -1
26 0 U 15
27 1 U 26
28 0 U 27
29 0 L 1
30 1 U 28
31
0 0 U -1
1 0 L 0
2 0 U 1
3 1 L 2
4 1 L 0
5 0 U -1
6 1 L 2
7 0 U 6
8 1 L 6
9 0 U 8
10 1 U 0
11 1 U 10
12 1 U 11
13 1 U 0
14 0 U 13
15 0 U -1
16 1 L 3
17 0 L 14
18 1 L 4
19 1 U 18
20 1 U -1
21 0 U 20
22 1 U 5
23 0 U 22
24 1 U 23
25 0 U -1
26 1 U 25
27 1 U 26
28 0 U 27
29 1 U 28
30 1 U 28
31
0 0 U -1
1 0 L 0
2 0 U 1
3 1 L 2
4 1 L 0
5 0 U -1
6 1 L 2
7 0 U 6
8 1 L 6
9 0 U 8
10 1 U 0
11 1 U 10
12 1 U 11
13 1 U 0
14 0 U 13
15 0 U -1
16 1 L 3
17 0 L 14
18 0 L 4
19 1 U 18
20 1 U -1
21 0 U 20
22 1 U 5
23 0 U 22
24 1 U 23
25 0 U -1
26 1 U 25
27 1 U 26
28 1 L 2
29 1 U 28
30 1 U 28
31
0 0 U -1
1 0 L 0
2 0 U 1
3 1 L 2
4 1 L 0
5 0 U -1
6 1 L 2
7 0 U 6
8 1 L 6
9 0 U 8
10 1 U 0
11 1 U 10
12 1 U 11
13 1 U 0
14 0 U 13
15 0 U -1
16 1 L 3
17 0 L 14
18 1 L 4
19 1 U 18
20 0 U 8
21 0 U 20
22 1 U 5
23 0 U 22
24 0 U 10
25 0 U -1
26 1 U 25
27 1 U 26
28 0 U 27
29 1 U 28
30 1 U 28
31
0 0 U -1
1 0 L 0
2 0 U 1
3 1 L 2
4 1 L 0
5 0 U -1
6 1 L 2
7 0 U 6
8 0 U 6
9 0 U 8
10 1 U 0
11 1 U 10
12 1 U 11
13 1 U 0
14 0 U 13
15 1 U 5
16 1 L 3
17 0 L 14
18 1 L 4
19 1 U 18
20 1 U -1
21 1 L 4
22 1 U 5
23 0 U 22
24 1 U 23
25 0 U -1
26 1 U 25
27 1 U 26
28 0 U 27
29 1 U 28
30 1 U 28
31
0 0 U -1
1 0 U 0
2 0 U 1
3 1 L 2
4 0 L -1
5 0 U -1
6 1 U 3
7 0 U 6
8 1 L 6
9 0 U 8
10 1 U 0
11 1 U 10
12 1 U 11
13 1 U 0
14 0 U 13
15 0 U -1
16 1 L 3
17 0 L 14
18 1 L 4
19 1 U 18
20 1 U -1
21 0 U 20
22 1 U 5
23 0 U 22
24 1 U 23
25 0 U -1
26 1 U 25
27 1 U 26
28 0 U 27
29 0 U 18
30 1 U 28
31
0 0 U -1
1 0 L 0
2 0 U 1
3 1 L 2
4 1 L 0
5 1 L 4
6 0 U -1
7 0 U 6
8 1 L 6
9 0 U 8
10 1 U 0
11 1 U 10
12 0 L 10
13 0 L -1
14 0 U 13
15 1 L 2
16 1 L 3
17 0 L 14
18 1 L 4
19 1 U 18
20 1 U -1
21 0 U 20
22 1 U 5
23 0 U 22
24 1 U 23
25 0 U -1
26 1 U 25
27 1 U 26
28 0 U 27
29 1 U 28
30 1 U 28
31
0 0 U -1
1 0 L 0
2 1 L -1
3 1 L 2
4 1 L 0
5 0 U -1
6 1 L 2
7 0 U 6
8 1 L 6
9 0 U 8
10 0 L 8
11 1 U 10
12 1 U 11
13 1 U 0
14 0 U 13
15 0 U -1
16 1 L 3
17 0 L 14
18 0 L 1
19 1 U 18
20 1 U -1
21 0 U 20
22 1 U 5
23 0 U 1
24 1 U 23
25 0 U -1
26 0 U 6
27 1 U 26
28 0 U 27
29 1 U 28
30 1 U 28
31
0 0 U -1
1 0 L 0
2 0 U 1
3 1 L 2
4 1 L 0
5 0 U -1
6 1 L 2
7 0 U 6
8 1 L 6
9 0 U 1
10 1 U 0
11 1 U 10
12 1 U 11
13 1 U 0
14 0 U 13
15 0 U -1
16 1 L 3
17 0 U 12
18 1 L 4
19 1 U 18
20 1 U -1
21 0 L -1
22 1 U 5
23 0 U 22
24 1 U 23
25 0 L 16
26 1 U 25
27 1 U 26
28 0 U 27
29 1 U 28
30 1 L 25
31
0 0 U -1
1 1 U 0
2 0 U 1
3 1 L 2
4 1 L 0
5 0 U -1
6 1 L 2
7 0 U 6
8 1 L 6
9 0 U 8
10 1 U 0
11 1 U 10
12 1 U 11
13 1 U 0
14 0 U 13
15 0 U -1
16 1 L 3
17 0 L 14
18 1 L 4
19 1 U 18
20 1 U -1
21 0 U 20
22 1 U 5
23 0 U 22
24 1 U 23
25 0 U -1
26 1 U 25
27 1 U 26
28 0 U 27
29 1 U 28
30 1 U 3
31
0 1 L -1
1 0 L 0
2 0 U 1
3 1 L 2
4 1 L 0
5 0 U -1
6 1 L 2
7 0 U 6
8 1 L 6
9 0 U 8
10 1 U 0
11 1 U 10
12 1 U 11
13 1 U 0
14 0 U 13
15 0 U -1
16 1 L 3
17 0 L 14
18 1 L 4
19 1 U 18
20 1 U -1
21 0 U 20
22 1 U 5
23 0 U 22
24 1 U 23
25 0 U -1
26 1 U 25
27 1 U 26
28 1 U 3
29 0 L 19
30 1 U 28
31
0 0 U -1
1 0 L 0
2 0 U 1
3 1 L 2
4 1 L 0
5 0 U -1
6 1 L 2
7 0 U 6
8 1 L 6
9 0 U 8
10 1 U 0
11 1 U 10
12 1 U 11
13 1 U 0
14 0 U 13
15 0 U -1
16 1 L 3
17 0 U 10
18 0 L 15
19 0 L 10
20 1 U -1
21 0 U 20
22 1 U 5
23 0 U 22
24 1 U 0
25 0 U -1
26 1 U 25
27 1 U 26
28 0 U 27
29 1 U 28
30 1 U 28
31
0 0 U -1
1 0 L 0
2 0 U 1
3 1 L 2
4 0 U 1
5 0 U -1
6 1 L 2
7 0 U 6
8 1 L 6
9 0 U 8
10 1 U 0
11 1 U 10
12 1 U 11
13 1 U 0
14 0 U 13
15 0 U -1
16 1 L 3
17 0 L 14
18 1 L 4
19 1 U 18
20 1 U -1
21 0 U 20
22 1 U 5
23 0 U 22
24 1 U 23
25 0 U -1
26 1 U 25
27 1 U 26
28 0 U 27
29 1 U 28
30 1 U 28
31
0 0 U -1
1 0 L 0
2 0 U 1
3 1 L 2
4 1 L 0
5 0 U -1
6 1 L 2
7 0 U 6
8 1 U 4
9 1 U 5
10 1 U 0
11 1 U 10
12 1 U 11
13 1 U 0
14 0 U 13
15 0 U -1
16 1 L 3
17 0 L 14
18 1 L 4
19 1 U 18
20 1 U -1
21 0 U 20
22 1 U 5
23 0 U 22
24 1 U 23
25 0 U -1
26 0 L 16
27 1 U 26
28 0 U 27
29 1 U 28
30 1 U 28
31
0 0 U -1
1 0 L 0
2 0 U 1
3 1 U -1
4 1 L 0
5 0 U -1
6 1 L 2
7 0 U 6
8 1 L 6
9 0 U 8
10 1 U 0
11 1 U 10
12 1 U 11
13 1 U 0
14 0 U 13
15 0 U -1
16 1 L 3
17 0 L 14
18 1 L 4
19 0 L 18
20 0 L 14
21 0 U 20
22 0 U 13
23 0 U 22
24 1 U 23
25 0 U -1
26 1 U 25
27 1 U 26
28 0 U 27
29 1 U 28
30 1 U 28
31
0 0 U -1
1 0 L 0
2 0 U 1
3 1 L 2
4 1 L 0
5 0 U -1
6 1 L 2
7 0 U 6
8 1 L 6
9 0 U 8
10 1 U 0
11 1 U 10
12 1 L 10
13 1 U 0
14 0 U 13
15 0 U -1
16 1 L 3
17 0 L 14
18 1 L 4
19 1 U 18
20 1 U -1
21 0 U 20
22 0 L 2
23 0 U 22
24 1 U 23
25 1 L 14
26 1 U 25
27 1 U 26
28 0 U 27
29 1 U 28
30 0 L 17
31
0 0 U -1
1 0 L 0
2 0 U 1
3 1 U -1
4 1 L 3
5 0 U -1
6 1 L 2
7 0 U 6
8 1 L 6
9 1 U 8
10 1 U 0
11 1 U 10
12 1 L 4
13 1 U 0
14 0 U 13
15 0 U -1
16 1 L 3
17 1 U 13
18 1 L 4
19 1 U 18
20 0 U -1
21 0 U 20
22 1 U 5
23 0 U 22
24 1 U 23
25 0 U -1
26 1 U 25
27 1 U 26
28 0 U 27
29 1 U 28
30 1 U 28
31
0 0 U -1
1 0 L 0
2 0 U 1
3 1 L 2
4 1 L 0
5 0 U -1
6 1 L 2
7 0 U 6
8 1 L 6
9 0 U 8
10 1 U 0
11 1 U 10
12 1 U 11
13 1 U 0
14 0 U 13
15 0 U -1
16 1 L 3
17 0 L 14
18 1 L 4
19 1 U 18
20 1 U -1
21 0 U 20
22 1 U 5
23 0 U 13
24 1 U 23
25 0 U -1
26 1 U 25
27 1 U 26
28 0 U 27
29 1 U 15
30 1 U 28
31
0 0 U -1
1 0 L 0
2 0 L 0
3 1 L 2
4 1 L 0
5 0 U -1
6 1 L 2
7 0 U 6
8 0 U 3
9 1 U 3
10 1 U 0
11 1 U 10
12 1 U 11
13 1 U 0
14 0 U 13
15 0 L 5
16 1 L 3
17 0 L 14
18 1 L 4
19 1 U 18
20 1 U -1
21 0 U 20
22 1 U 5
23 0 U 22
24 1 U 23
25 0 U -1
26 1 U 25
27 1 U 26
28 0 U 27
29 1 U 28
30 1 U 28
31
0 0 U -1
1 0 L 0
2 0 U 1
3 1 L 2
4 1 L 0
5 0 U -1
6 1 L 2
7 0 U 6
8 1 L 6
9 0 U 8
10 1 U 0
11 1 U 10
12 1 U 11
13 1 U 0
14 0 U 13
15 0 U -1
16 1 L 3
17 0 L 14
18 1 L 4
19 1 U 18
20 1 U -1
21 0 U 20
22 1 U 5
23 0 U 22
24 1 U 23
25 0 U -1
26 1 U 25
27 1 U 26
28 0 U 27
29 1 U 28
30 1 U 28
31
0 0 U -1
1 0 L 0
2 0 U 1
3 1 L 2
4 1 L 0
5 0 U -1
6 1 L 2
7 0 U 6
8 1 L 6
9 0 U 8
10 1 U 0
11 1 U 10
12 1 U 11
13 1 U 0
14 0 U 13
15 0 U -1
16 1 L 3
17 0 L 14
18 1 L 4
19 1 U 18
20 1 U -1
21 0 U 20
22 1 U 5
23 0 U 22
24 0 L 21
25 0 U -1
26 1 U 25
27 1 U 26
28 0 U 27
29 1 U 28
30 1 U 28
31
0 0 U -1
1 0 L 0
2 0 U 1
3 1 L 2
4 0 U 0
5 0 U -1
6 1 L 2
7 0 U 6
8 1 L 6
9 0 U 8
10 1 U 0
11 1 U 10
12 1 U 11
13 1 U 0
14 0 U 13
15 0 U -1
16 1 L 3
17 0 L 14
18 1 L 4
19 1 U 18
20 1 U -1
21 0 U 20
22 1 U 5
23 0 U 22
24 1 U 23
25 1 L 22
26 1 U 25
27 1 U 26
28 0 U 27
29 1 U 28
30 0 U 14
31
0 0 U -1
1 0 L 0
2 0 U 1
3 1 L 2
4 1 L 0
5 1 U 2
6 1 U -1
7 0 U 6
8 1 L 6
9 0 U 8
10 1 U 0
11 1 U 10
12 1 U 11
13 1 U 0
14 0 U 13
15 0 U 13
16 1 L 3
17 0 L 14
18 1 L 3
19 1 U 18
20 1 U -1
21 0 U 20
22 1 U 5
23 0 U 22
24 1 U 23
25 0 L 11
26 1 U 25
27 1 U 26
28 0 U 27
29 1 U 28
30 1 U 28
31
0 0 U -1
1 0 L 0
2 0 U 1
3 1 L 2
4 1 L 0
5 0 U -1
6 1 L 2
7 0 U 6
8 1 L 6
9 0 U 8
10 1 U 0
11 1 U 10
12 0 U 7
13 1 U 0
14 0 U 13
15 0 U -1
16 1 L 11
17 0 L 14
18 1 L 4
19 1 L 7
20 1 U -1
21 0 U 20
22 1 U 5
23 0 U 22
24 1 U 23
25 0 U -1
26 1 U 25
27 0 U 21
28 0 U 27
29 1 U 23
30 1 U 28
31
0 0 U -1
1 0 L 0
2 0 U 1
3 1 L 2
4 1 L 0
5 0 U -1
6 1 L 2
7 0 U 6
8 1 L 6
9 0 U 8
10 1 U 0
11 1 L 5
12 0 L 5
13 1 U 0
14 0 U 13
15 0 U -1
16 0 U 5
17 0 L 14
18 1 L 4
19 1 U 18
20 1 U -1
21 0 U 20
22 1 U 5
23 0 U 22
24 1 L 21
25 0 U -1
26 1 U 25
27 1 U 26
28 0 U 27
29 1 U 28
30 1 U 28
31
0 0 U -1
1 0 L 0
2 0 U 1
3 1 L 2
4 0 L 3
5 0 U 3
6 1 L 2
7 1 L -1
8 1 L 6
9 0 U 8
10 1 U 0
11 1 U 10
12 1 U 11
13 1 U 0
14 0 U 13
15 0 U -1
16 1 L 3
17 0 L 14
18 1 L 4
19 1 U 18
20 1 U -1
21 0 U 20
22 1 U 5
23 0 U 22
24 1 U 23
25 0 U -1
26 1 U 25
27 1 U 26
28 0 U 27
29 1 U 28
30 1 U 28
31
0 0 U -1
1 0 L 0
2 0 U 1
3 1 L 2
4 1 L 0
5 0 U -1
6 1 L 2
7 0 U 6
8 1 L 6
9 0 U 8
10 1 U 0
11 1 U 10
12 1 U 11
13 1 U 0
14 0 U 13
15 1 L 11
16 1 L 3
17 0 L 14
18 1 L 4
19 1 U 18
20 1 U -1
21 0 U 20
22 1 U 5
23 0 U 22
24 1 U 23
25 0 U -1
26 1 U 25
27 1 U 26
28 0 U 27
29 1 U 28
30 0 U 1
31
0 0 U -1
1 0 L 0
2 0 U 1
3 1 L 2
4 1 L 0
5 0 L 4
6 1 L 2
7 0 U 6
8 0 U 3
9 0 U 8
10 1 U 0
11 1 U 10
12 0 U 2
13 1 U 0
14 0 U 13
15 0 U -1
16 1 L 3
17 0 L 14
18 1 L 4
19 1 U 18
20 1 U -1
21 0 U 20
22 1 U 5
23 0 U 20
24 1 U 23
25 0 U -1
26 1 U 25
27 1 U 20
28 0 U 27
29 1 U 28
30 1 U 28
31
0 0 U -1
1 0 L 0
2 0 U 1
3 1 L -1
4 1 L 0
5 0 U -1
6 1 L 2
7 0 U 6
8 1 L 6
9 0 U 8
10 1 U 0
11 1 U 10
12 1 U 11
13 1 U 0
14 0 U 13
15 1 U 10
16 1 L 3
17 0 L 14
18 1 L 4
19 1 U 18
20 1 U -1
21 0 U 20
22 1 U 5
23 0 U 22
24 1 U 23
25 0 U -1
26 1 U 25
27 1 U 26
28 0 U 27
29 1 U 28
30 1 L 8
31
0 0 U -1
1 0 L 0
2 0 U 1
3 1 L 2
4 1 L 0
5 1 U 2
6 1 L 2
7 0 U 6
8 1 L 6
9 0 U 8
10 1 U 0
11 1 U 10
12 1 U 11
13 1 U 0
14 0 U 13
15 0 U 12
16 1 L 3
17 0 L 14
18 1 L 4
19 1 U 18
20 1 U -1
21 0 U 20
22 1 U 5
23 0 U 22
24 1 U 23
25 0 U -1
26 1 U 25
27 0 L 24
28 0 U 27
29 1 U 28
30 1 U 15
31
0 0 U -1
1 0 L 0
2 1 L 1
3 1 L 2
4 1 L 0
5 0 U -1
6 1 L 2
7 0 U 6
8 1 L 6
9 0 U 8
10 0 L 9
11 1 U 10
12 1 U 11
13 1 U 0
14 0 U 13
15 0 U -1
16 1 L 3
17 0 L 14
18 1 L 4
19 1 U 18
20 1 U -1
21 0 U 20
22 1 U 5
23 0 U 22
24 0 U 12
25 0 U -1
26 1 U 25
27 1 U 26
28 0 U 27
29 1 U 28
30 1 U 28
