98
0 0 U -1
1 1 U 0
2 0 U 1
3 0 U 2
4 0 U 3
5 0 U 4
6 1 U 5
7 0 U 6
8 1 U 7
9 1 U -1
10 0 U 9
11 0 U 10
12 1 U 11
13 1 U 12
14 0 U 13
15 1 U 14
16 1 U 15
17 0 U 16
18 0 U -1
19 1 U 18
20 0 U 19
21 0 U 20
22 1 U 21
23 0 U 22
24 1 U 23
25 0 U 24
26 1 U 25
27 1 U -1
28 0 U 27
29 1 U 28
30 1 U 29
31 1 U 30
32 1 U 31
33 1 U 32
34 1 U 33
35 1 U 34
36 1 U -1
37 1 U 36
38 1 U 37
39 0 U 38
40 0 U 39
41 0 U 40
42 1 U 41
43 1 U 42
44 1 U 43
45 1 U -1
46 1 U 45
47 1 U 46
48 0 U 47
49 1 U 48
50 0 U 49
51 0 U 50
52 1 U 51
53 0 U 52
54 1 U -1
55 0 U 54
56 0 U 55
57 0 U 56
58 0 U 57
59 0 U 58
60 0 U 59
61 0 U 60
62 0 U 61
63 1 U -1
64 0 U 63
65 0 U 64
66 0 U 65
67 0 U 66
68 1 U 67
69 0 U 68
70 0 U 69
71 1 U 70
72 0 U -1
73 0 U 72
74 0 U 73
75 1 U 74
76 1 U 75
77 0 U 76
78 1 U 77
79 1 U 78
80 1 U 79
81 1 U -1
82 0 U 81
83 0 U 82
84 1 U 83
85 0 U 84
86 0 U 85
87 0 U 86
88 0 U 87
89 0 U 88
90 1 U -1
91 0 U 90
92 1 U 91
93 1 U 92
94 0 U 93
95 1 U 94
96 1 U 95
97 0 U 96
98
0 0 L -1
1 1 U 0
2 0 U 1
3 0 L 2
4 0 U 3
5 0 U 4
6 1 U 5
7 0 U 6
8 1 U 7
9 1 U 5
10 0 U 9
11 0 U 10
12 1 U 11
13 1 L 0
14 0 U 13
15 1 U 14
16 1 U 15
17 0 U 16
18 0 U -1
19 0 U 17
20 0 U 19
21 0 U 20
22 1 U 21
23 0 U 22
24 1 U 23
25 0 U 24
26 1 U 25
27 1 U -1
28 0 U 27
29 0 U 19
30 1 U 29
31 1 U 30
32 1 U 31
33 1 U 32
34 1 L 31
35 1 U 34
36 1 U -1
37 1 U 36
38 1 U 37
39 0 U 38
40 0 U 39
41 0 U 40
42 1 U 41
43 1 U 42
44 1 U 43
45 1 U -1
46 1 U 45
47 1 U 46
48 0 U 47
49 0 L 24
50 0 U 49
51 0 U 50
52 1 U 51
53 0 U 52
54 1 U -1
55 0 U 54
56 0 U 55
57 0 U 56
58 1 U 51
59 0 U 58
60 0 U 59
61 0 U 60
62 0 U 61
63 1 U -1
64 0 U 63
65 0 U 64
66 0 U 65
67 0 U 66
68 1 U 67
69 0 U 68
70 0 U 69
71 1 U 70
72 0 U -1
73 0 U 72
74 1 U 61
75 1 U 74
76 1 U 75
77 0 U 76
78 1 U 77
79 1 L 22
80 1 U 79
81 1 U -1
82 1 L 80
83 0 U 82
84 1 U 83
85 0 U 84
86 0 L 2
87 0 L 31
88 0 U 87
89 0 U 88
90 1 U -1
91 0 U 90
92 0 U 53
93 1 U 92
94 0 U 93
95 1 U 94
96 1 U 95
97 0 U 96
98
0 0 L -1
1 1 U 0
2 0 U 1
3 0 L 2
4 0 U 3
5 0 U 4
6 1 U 5
7 1 L -1
8 1 U 7
9 1 U 5
10 0 U 9
11 0 U -1
12 1 U 11
13 1 L 0
14 1 U 6
15 1 U 13
16 1 U 15
17 0 U 16
18 0 L 15
19 0 U 17
20 0 U 19
21 0 U 20
22 1 U 21
23 0 U 22
24 1 U 23
25 0 U 24
26 1 U 25
27 0 U 25
28 0 U 27
29 0 U 19
30 1 U 29
31 1 U 30
32 1 U 31
33 1 U 32
34 1 L 31
35 1 U 34
36 1 U -1
37 1 U 36
38 1 U 37
39 0 U 38
40 0 L 28
41 0 U 40
42 1 U 41
43 1 U 42
44 1 U 43
45 1 U -1
46 0 L 11
47 1 U 46
48 0 U 47
49 0 L 24
50 0 U 17
51 0 U 50
52 1 U 51
53 0 U 52
54 1 U -1
55 0 U 54
56 0 U 55
57 0 U 56
58 1 U 51
59 0 U 58
60 0 U 59
61 0 U 60
62 0 U 61
63 1 U -1
64 0 U 63
65 0 U 64
66 1 L -1
67 0 U 66
68 1 U 67
69 0 U 68
70 0 U 69
71 1 U 70
72 0 U -1
73 1 L 28
74 1 U 61
75 1 L 33
76 1 U 75
77 0 U 76
78 1 U 77
79 1 L 22
80 1 U 79
81 1 U -1
82 1 L 80
83 0 L 68
84 1 U 83
85 0 U 84
86 0 L 2
87 0 L 31
88 1 L 18
89 0 U 88
90 1 U -1
91 0 U 90
92 0 U 53
93 1 U 92
94 1 L 31
95 1 U 94
96 1 U 95
97 0 U 96
98
0 0 L -1
1 1 U 0
2 0 U 1
3 0 L 2
4 0 U 3
5 0 U 4
6 1 U 5
7 0 U 6
8 1 U 5
9 1 U 5
10 0 U 9
11 0 U 10
12 1 U 11
13 1 L 0
14 0 U 13
15 1 U 14
16 1 U 15
17 0 U 16
18 0 U -1
19 0 U 17
20 0 U 19
21 0 U 20
22 1 U 21
23 1 L 9
24 1 U 23
25 0 U 24
26 1 U 25
27 1 U -1
28 0 U 27
29 1 U 14
30 1 U 29
31 1 U 30
32 1 U 31
33 1 U 32
34 1 L 31
35 1 U 34
36 1 U -1
37 1 U 36
38 1 L 29
39 0 U 38
40 0 U 39
41 0 U 40
42 1 U 41
43 1 U 42
44 1 U 43
45 1 U -1
46 1 U 45
47 1 U 46
48 0 U 47
49 0 L 24
50 0 U 25
51 0 U 50
52 1 U 51
53 0 U 52
54 1 U -1
55 0 U 54
56 0 U 55
57 0 U 56
58 1 U 51
59 0 U 58
60 0 U 59
61 0 U 60
62 0 U 61
63 1 U -1
64 0 U 3
65 0 U 64
66 0 U 65
67 0 U 66
68 1 U 67
69 0 U 68
70 0 U 69
71 1 U 70
72 0 U -1
73 0 U 72
74 1 U 61
75 1 U 74
76 1 U 75
77 1 L 12
78 1 U 77
79 1 L 22
80 1 U 79
81 1 U -1
82 1 L 80
83 0 U 82
84 1 U 83
85 0 U 84
86 0 L 2
87 0 L 31
88 0 U 87
89 0 U 88
90 1 U 41
91 0 U 90
92 0 U 53
93 1 U 92
94 0 U 93
95 1 U 94
96 1 U 95
97 0 L 14
98
0 0 L -1
1 1 U 0
2 0 U 1
3 0 L 2
4 0 U 3
5 0 U 4
6 1 U 5
7 0 U 6
8 1 U 7
9 1 L 8
10 0 U 9
11 0 U 10
12 1 U 11
13 1 L 1
14 0 U 13
15 1 U 14
16 1 U 15
17 0 U 16
18 0 U -1
19 0 U 17
20 0 U 19
21 0 U 20
22 1 U 21
23 0 U 22
24 1 U 23
25 0 U 24
26 1 U 25
27 1 U -1
28 0 U 27
29 0 U 19
30 1 U 29
31 1 U 30
32 1 U 31
33 1 U 32
34 1 L 31
35 1 L 2
36 1 U -1
37 1 U 36
38 1 U 37
39 0 U 38
40 0 U 39
41 0 U 40
42 1 U 41
43 1 U 42
44 1 U 43
45 1 L 31
46 1 U 45
47 0 L 14
48 0 U 47
49 0 L 24
50 0 U 49
51 0 U 50
52 1 U 51
53 0 U 52
54 1 U -1
55 0 U 54
56 0 U 55
57 0 U 56
58 1 U 51
59 0 U 58
60 0 U 59
61 1 L 12
62 0 U 61
63 1 U -1
64 0 U 63
65 0 U 64
66 0 U 65
67 0 U 66
68 1 U 67
69 0 U 60
70 0 U 69
71 1 U 70
72 0 U -1
73 0 U 72
74 1 U 61
75 1 U 74
76 0 L 51
77 0 U 76
78 1 U 77
79 1 U 48
80 0 L 78
81 1 U -1
82 1 L 80
83 0 U 82
84 1 U 83
85 0 U 84
86 0 L 7
87 0 L 31
88 0 U 87
89 0 U 88
90 1 U -1
91 1 U 65
92 0 U 53
93 1 U 92
94 0 U 93
95 1 U 94
96 1 U 95
97 0 U 96
98
0 0 L -1
1 1 U 0
2 0 U 1
3 0 L 2
4 0 U 3
5 0 U 4
6 1 U 5
7 0 U 6
8 1 U 3
9 1 U 5
10 0 U 9
11 0 U 10
12 1 U 11
13 1 L 0
14 0 U 13
15 1 U 14
16 1 U 15
17 0 U 16
18 0 U -1
19 0 U 17
20 0 U 19
21 0 U 20
22 0 U 20
23 0 U 22
24 1 U 23
25 0 U 24
26 1 U 25
27 1 U -1
28 0 U 27
29 0 U 19
30 1 U 29
31 1 U 30
32 1 U 31
33 1 U 32
34 1 L 31
35 1 U 34
36 1 U -1
37 1 U 36
38 1 U 37
39 0 U 38
40 0 U 39
41 0 U 40
42 1 U 41
43 1 U 42
44 1 U 43
45 1 U -1
46 1 U 45
47 1 U 46
48 0 U 47
49 0 L 24
50 0 U 49
51 0 U 50
52 1 U 51
53 0 U 52
54 0 U 1
55 0 U 54
56 0 U 27
57 0 U 56
58 1 U 51
59 0 U 58
60 0 U 59
61 0 U 60
62 0 U 61
63 1 U -1
64 0 U 63
65 0 U 64
66 0 U 65
67 0 U 66
68 1 U 67
69 1 L 68
70 0 U 69
71 1 U 70
72 0 U -1
73 0 U 72
74 1 U 61
75 1 U 74
76 1 U 75
77 0 U 76
78 0 U 65
79 1 L 22
80 0 L 33
81 0 L 45
82 1 L 80
83 0 U 82
84 1 U 83
85 0 U 84
86 0 L 2
87 0 L 31
88 0 L 52
89 0 U 88
90 1 U -1
91 0 U 90
92 0 U 53
93 1 U 92
94 0 U 93
95 1 U 94
96 1 U 95
97 0 U 96
98
0 0 L -1
1 1 U 0
2 0 U 1
3 0 L 2
4 0 U 3
5 0 U 4
6 0 L 5
7 0 U 6
8 0 U 7
9 1 U -1
10 0 U 9
11 0 U 1
12 0 U 11
13 1 L 0
14 0 U 13
15 1 U 14
16 0 L 14
17 0 U 16
18 0 U -1
19 0 U 17
20 0 U 19
21 0 U 20
22 1 U 21
23 0 U 22
24 1 U 23
25 0 U 24
26 0 L 4
27 0 U 25
28 0 U 27
29 0 U 19
30 1 U 29
31 1 U 30
32 1 U 31
33 1 U 32
34 1 L 31
35 1 U 34
36 1 U -1
37 1 U 36
38 1 U 37
39 0 U 38
40 0 U 39
41 0 U 40
42 1 U 41
43 1 U 42
44 1 U 43
45 1 U -1
46 1 U 8
47 1 U 46
48 0 U 47
49 0 L 24
50 0 U 49
51 0 U 50
52 0 U 16
53 0 U 52
54 1 U -1
55 0 U 36
56 0 U 55
57 0 U 56
58 1 U 51
59 0 U 58
60 0 U 59
61 1 U 54
62 0 U 61
63 1 U -1
64 0 U 63
65 0 U 64
66 0 U 65
67 0 U 66
68 1 U 67
69 0 U 68
70 0 U 69
71 1 U 70
72 0 U -1
73 0 U 72
74 1 U 61
75 1 U 74
76 1 U 75
77 0 U 76
78 1 U 77
79 1 L 22
80 1 U 79
81 1 U -1
82 1 U 16
83 0 U 82
84 1 U 83
85 0 U 84
86 0 L 2
87 0 L 31
88 0 U 87
89 0 U 88
90 1 U -1
91 0 U 90
92 0 U 53
93 1 U 92
94 0 U 93
95 1 U 94
96 1 U 95
97 0 L 60
98
0 0 L -1
1 1 U 0
2 0 U 1
3 1 L 2
4 0 U 3
5 0 U 4
6 0 L 5
7 0 U 6
8 0 U 7
9 1 U -1
10 0 U -1
11 1 L 3
12 0 U 11
13 1 L 0
14 0 U 13
15 1 U 14
16 0 L 14
17 0 U 16
18 0 U -1
19 0 U 17
20 0 U 19
21 0 L 19
22 1 U 21
23 0 U 22
24 1 U 23
25 0 U 24
26 0 L 4
27 0 U 25
28 0 U 27
29 0 U 19
30 1 U 29
31 1 U 30
32 1 L 21
33 1 U 32
34 1 L 31
35 1 U 34
36 1 U 10
37 1 U 36
38 1 U 37
39 0 U 38
40 0 U 39
41 0 U 40
42 1 U 41
43 1 U 42
44 1 U 11
45 1 U -1
46 1 U 8
47 1 U 46
48 0 U 47
49 0 L 24
50 0 U 49
51 0 U 50
52 0 U 16
53 1 L 30
54 1 U -1
55 0 U 36
56 0 U 55
57 0 U 56
58 1 U 51
59 0 U 5
60 0 U 59
61 1 U 56
62 1 L 43
63 1 U -1
64 0 U 63
65 0 U 64
66 0 U 65
67 0 U 66
68 1 U 67
69 0 U 68
70 0 U 69
71 1 U 70
72 0 U -1
73 0 U 72
74 1 U 61
75 1 U 74
76 1 U 75
77 0 U 76
78 1 U 77
79 1 L 22
80 1 L 76
81 1 U -1
82 1 U 16
83 0 U 82
84 1 U 83
85 0 U 84
86 0 L 71
87 0 L 31
88 0 U 87
89 0 U 88
90 1 U -1
91 0 U 90
92 0 U 53
93 1 U 92
94 0 U 93
95 1 U 94
96 1 U 95
97 0 L 60
98
0 1 U -1
1 1 U 0
2 0 L 1
3 0 L 2
4 0 U 3
5 0 U 4
6 0 L 5
7 0 U 6
8 0 U 7
9 1 U -1
10 0 U 9
11 1 U 10
12 0 U 11
13 1 L 0
14 0 U 13
15 1 U 14
16 0 L 14
17 0 U 16
18 0 U -1
19 0 U 17
20 0 U 19
21 0 U 20
22 1 U 21
23 0 U 22
24 1 U 23
25 1 L 17
26 0 L 4
27 0 U 25
28 0 U 27
29 0 U 19
30 1 U 29
31 1 U 30
32 1 U 31
33 1 U 32
34 1 L 31
35 1 U 34
36 1 U -1
37 1 U 36
38 1 U 37
39 0 U 38
40 0 U 39
41 0 U 40
42 0 L 11
43 1 U 42
44 1 U 43
45 1 U -1
46 1 U 8
47 1 U 46
48 1 U 24
49 0 L 24
50 0 U 49
51 0 U 50
52 0 U 16
53 0 U 52
54 1 U -1
55 0 U 36
56 0 U 55
57 0 U 56
58 1 U 27
59 0 U 58
60 0 U 59
61 1 U 54
62 0 U 61
63 1 U -1
64 0 U 63
65 0 U 64
66 0 U 65
67 0 L 2
68 1 U 67
69 0 U 68
70 1 L 59
71 1 U 70
72 0 U -1
73 0 U 72
74 1 U 61
75 1 U 74
76 1 U 75
77 0 U 76
78 1 U 77
79 1 L 22
80 0 L 64
81 1 U -1
82 0 U 27
83 0 U 82
84 1 U 83
85 1 U 52
86 0 L 2
87 0 L 31
88 0 U 87
89 0 U 88
90 0 U 31
91 0 U 90
92 0 U 53
93 1 U 92
94 0 U 93
95 1 L 87
96 1 U 95
97 1 U 23
98
0 1 U -1
1 1 U 0
2 0 L 1
3 0 L 2
4 0 U 3
5 0 U 4
6 0 L 5
7 1 L 4
8 0 U 7
9 1 U -1
10 0 U 9
11 1 U 10
12 0 U 11
13 1 L 0
14 0 U 13
15 1 U 14
16 0 L 14
17 0 U 16
18 1 U 2
19 0 U 17
20 0 U 19
21 0 U 20
22 1 U 21
23 0 U 22
24 1 U 23
25 0 L 0
26 0 L 4
27 0 U 25
28 0 U 27
29 0 U 19
30 1 U 29
31 1 U 30
32 1 U 31
33 1 U 32
34 1 L 31
35 1 U 34
36 1 U -1
37 1 U 36
38 1 U 12
39 0 L 28
40 0 U 39
41 0 U 40
42 0 L 11
43 1 U 42
44 1 U 43
45 1 U -1
46 1 U 8
47 1 U 46
48 1 U 24
49 0 L 24
50 0 U 49
51 0 U 50
52 0 U 16
53 0 U 52
54 1 U -1
55 0 U 36
56 0 U 55
57 0 U 56
58 1 U 27
59 1 U 56
60 0 U 59
61 1 U 54
62 0 U 61
63 1 U 18
64 0 U 63
65 0 U 64
66 0 U 65
67 0 L 2
68 1 U 67
69 0 U 68
70 1 L 59
71 1 U 70
72 0 U -1
73 0 L 54
74 1 U 61
75 1 U 74
76 0 U 69
77 0 U 76
78 1 U 77
79 1 L 22
80 0 L 64
81 1 U -1
82 0 U 27
83 0 U 82
84 1 U 83
85 1 U 52
86 1 L 85
87 0 L 31
88 0 U 87
89 0 U 88
90 0 U 31
91 0 U 90
92 0 U 53
93 1 L 1
94 0 U 93
95 1 L 87
96 1 U 95
97 1 U 23
98
0 1 U -1
1 1 U 0
2 0 L 1
3 0 L 2
4 0 U 3
5 0 U 4
6 0 L 5
7 0 U 6
8 0 U 7
9 1 U -1
10 0 U 9
11 1 U 10
12 0 U 1
13 1 L 0
14 1 L 12
15 1 U 14
16 0 L 14
17 0 L 14
18 0 U -1
19 0 U 17
20 0 U 19
21 0 L 8
22 1 U 21
23 0 L 10
24 1 U 23
25 1 L 17
26 0 L 4
27 0 U 25
28 0 U 27
29 0 U 19
30 1 U 29
31 1 U 30
32 1 U 31
33 1 U 32
34 1 L 31
35 1 L 15
36 1 L -1
37 1 U 36
38 1 U 37
39 0 U 38
40 0 U 39
41 0 U 40
42 0 L 11
43 1 U 42
44 1 U 43
45 1 U -1
46 1 U 8
47 1 U 46
48 1 U 24
49 0 L 24
50 0 U 49
51 0 U 50
52 0 U 16
53 0 U 52
54 1 U -1
55 0 U 36
56 0 U 55
57 0 U 56
58 1 U 27
59 0 U 58
60 0 U 59
61 1 U 54
62 0 U 61
63 1 U -1
64 0 U 63
65 0 U 64
66 0 U 65
67 0 U 0
68 1 U 67
69 0 U 68
70 1 L 59
71 1 U 70
72 0 U -1
73 0 U 72
74 1 U 61
75 1 U 74
76 1 U 75
77 0 U 76
78 1 U 77
79 1 L 22
80 0 L 64
81 1 U -1
82 1 L 77
83 0 U 82
84 1 U 83
85 1 U 11
86 0 L 2
87 0 L 31
88 0 U 87
89 0 U 88
90 0 U 31
91 0 U 90
92 0 U 53
93 1 U 92
94 0 U 93
95 1 L 87
96 1 U 95
97 1 L 65
98
0 1 U -1
1 1 U 0
2 0 L 1
3 0 L 2
4 0 U 3
5 0 U 4
6 0 L 5
7 0 U 6
8 0 U 7
9 1 U -1
10 0 U 9
11 1 U 10
12 0 U 11
13 1 L 0
14 0 U 13
15 1 U 14
16 0 L 14
17 0 U 16
18 0 U -1
19 0 U 17
20 0 U 19
21 0 U 20
22 1 U 21
23 0 U 22
24 1 U 23
25 1 L 17
26 0 L 4
27 0 U 11
28 0 U 27
29 0 U 19
30 1 U 29
31 1 U 30
32 1 U 31
33 1 U 32
34 1 L 31
35 1 U 34
36 1 U -1
37 1 U 36
38 1 U 37
39 0 U 38
40 0 U 39
41 0 U 40
42 0 L 11
43 1 U 42
44 1 U 43
45 1 U -1
46 1 U 8
47 1 U 46
48 1 U 24
49 0 L 24
50 0 U 49
51 0 U 50
52 0 U 16
53 0 U 52
54 1 U -1
55 0 U 36
56 0 U 55
57 0 U 56
58 1 U 27
59 0 U 58
60 0 U 59
61 1 U 54
62 0 U 61
63 1 U -1
64 0 U 63
65 0 U 64
66 0 U 65
67 0 L 2
68 1 U 67
69 0 U 68
70 1 L 59
71 1 U 70
72 0 U -1
73 0 U 72
74 1 U 61
75 1 U 74
76 1 U 75
77 0 U 76
78 1 U 77
79 1 L 22
80 0 U 65
81 1 U -1
82 0 U 27
83 0 U 82
84 0 U 54
85 1 U 52
86 0 L 2
87 0 L 31
88 0 U 87
89 0 U 88
90 0 U 31
91 0 U 90
92 0 U 53
93 1 U 92
94 0 U 93
95 1 L 87
96 1 U 78
97 1 U 23
98
0 1 U -1
1 1 U 0
2 0 L 1
3 0 L 2
4 0 U 3
5 0 U 4
6 0 L 5
7 0 U 6
8 0 U 7
9 1 U -1
10 0 U 9
11 1 U 10
12 0 U 11
13 1 L 0
14 0 U 13
15 1 U 14
16 0 L 14
17 0 U 16
18 0 U -1
19 0 U 17
20 0 U 19
21 0 U 20
22 1 U 21
23 0 U 22
24 1 U 23
25 1 L 17
26 0 L 4
27 0 U 11
28 0 U 27
29 0 U 19
30 1 U 29
31 1 U 30
32 1 U 31
33 1 U 32
34 1 L 31
35 1 U 34
36 1 U -1
37 1 U 36
38 1 U 37
39 0 U 38
40 0 U 39
41 0 U 40
42 0 L 11
43 1 U 42
44 1 U 43
45 1 U -1
46 1 U 8
47 1 U 46
48 1 U 24
49 0 L 24
50 0 U 5
51 0 U 50
52 0 U 16
53 0 U 52
54 1 U -1
55 0 U 36
56 1 L 35
57 0 U 56
58 1 U 27
59 0 U 58
60 0 U 59
61 1 U 54
62 0 U 61
63 1 U -1
64 0 U 63
65 0 U 64
66 0 U 65
67 0 L 2
68 1 U 67
69 0 U 68
70 1 L 59
71 1 U 70
72 0 U -1
73 0 U 72
74 1 U 61
75 1 U 74
76 1 U 75
77 0 U 76
78 1 U 77
79 1 U 25
80 0 U 65
81 1 U -1
82 0 U 79
83 0 U 82
84 0 U 54
85 1 U 52
86 0 L 2
87 0 L 31
88 0 U 87
89 0 U 88
90 0 U 31
91 0 U 90
92 0 U 53
93 0 L 80
94 0 U 93
95 1 L 87
96 1 U 78
97 1 U 23
98
0 1 U -1
1 1 U 0
2 0 L 1
3 1 L 0
4 0 U 3
5 0 U 4
6 0 L 5
7 0 U 6
8 0 U 7
9 1 U -1
10 0 U 9
11 1 U 10
12 0 U 11
13 1 L 0
14 0 U 13
15 1 U 4
16 0 L 14
17 0 U 16
18 0 U -1
19 0 U 17
20 0 U 19
21 0 U 20
22 1 U 21
23 0 U 22
24 1 U 23
25 1 L 17
26 0 L 4
27 0 U 11
28 0 U 27
29 0 U 19
30 1 U 29
31 1 U 30
32 1 U 31
33 1 L 18
34 1 L 31
35 1 U 34
36 1 U -1
37 1 U 36
38 1 U 37
39 0 U 13
40 1 L 32
41 0 U 40
42 0 L 11
43 1 U 42
44 1 U 43
45 1 L 29
46 1 U 8
47 1 U 46
48 1 U 24
49 0 L 24
50 0 U 49
51 0 U 50
52 0 U 16
53 0 U 52
54 1 U -1
55 0 U 36
56 0 U 16
57 0 U 56
58 1 U 27
59 0 L 9
60 0 U 59
61 1 U 54
62 0 U 61
63 1 U -1
64 0 U 63
65 0 U 64
66 0 U 65
67 0 L 2
68 1 U 67
69 0 U 68
70 1 L 59
71 1 U 32
72 0 U -1
73 0 U 72
74 1 U 61
75 1 U 74
76 1 U 75
77 0 U 76
78 1 U 77
79 1 L 22
80 0 U 54
81 0 U 53
82 0 U 27
83 0 U 82
84 0 U 54
85 1 U 52
86 0 L 2
87 0 L 31
88 1 U 68
89 0 U 88
90 0 U 31
91 0 U 90
92 0 U 53
93 1 U 92
94 0 U 93
95 1 L 87
96 0 L 84
97 1 U 23
98
0 1 U -1
1 1 U 0
2 0 L 1
3 0 L 2
4 0 U 3
5 0 U 4
6 0 L 5
7 0 U 6
8 0 U 7
9 1 U -1
10 0 L 2
11 0 L 7
12 0 U 11
13 1 L 0
14 0 U 13
15 1 U 14
16 0 L 3
17 0 U 16
18 0 U -1
19 0 U 17
20 0 U 19
21 1 U 18
22 1 U 21
23 0 U 22
24 1 U 23
25 1 L 17
26 0 L 4
27 0 U 11
28 0 U 27
29 0 U 19
30 1 U 29
31 1 U 30
32 1 U 31
33 1 U 32
34 1 U 31
35 1 U 34
36 1 U -1
37 1 U 36
38 1 U 37
39 0 U 38
40 0 U 39
41 0 U 40
42 0 L 11
43 1 U 42
44 1 U 43
45 1 U -1
46 0 L 44
47 1 U 46
48 1 U 24
49 0 L 24
50 0 U 49
51 0 U 50
52 0 U 16
53 0 U 52
54 1 U -1
55 0 U 36
56 0 U 55
57 0 U 56
58 1 U 27
59 0 U 58
60 1 L 46
61 1 U 54
62 0 U 61
63 1 U -1
64 0 U 63
65 0 U 64
66 0 U 65
67 0 L 2
68 1 U 67
69 0 L 7
70 1 L 59
71 1 U 70
72 0 U -1
73 0 U 72
74 1 U 61
75 1 U 74
76 1 U 75
77 0 U 76
78 1 U 77
79 0 U 38
80 0 U 65
81 1 U -1
82 0 U 27
83 0 U 82
84 0 U 54
85 1 U 52
86 0 L 2
87 0 L 31
88 1 L 38
89 0 U 88
90 0 U 31
91 0 U 90
92 0 U 53
93 1 U 92
94 0 U 93
95 1 L 87
96 1 U 78
97 1 U 23
98
0 1 U -1
1 1 U 0
2 0 L 1
3 0 L 2
4 0 U 3
5 0 U 4
6 0 L 5
7 0 U 6
8 0 U 7
9 1 U -1
10 0 U 9
11 1 U 10
12 0 U 11
13 1 L 0
14 0 U 13
15 1 U 14
16 0 L 14
17 0 U 16
18 0 U -1
19 0 U 17
20 0 U 19
21 0 U 20
22 0 L 12
23 0 U 22
24 1 U 23
25 1 L 17
26 0 L 4
27 1 L 10
28 0 U 27
29 0 U 19
30 1 U 29
31 1 U 30
32 1 U 31
33 1 U 32
34 1 L 31
35 1 U 34
36 1 U -1
37 1 U 36
38 1 U 37
39 0 U 38
40 0 U 39
41 0 U 40
42 0 L 11
43 1 U 42
44 1 U 43
45 1 U -1
46 1 U 8
47 1 U 46
48 1 U 24
49 0 L 24
50 0 U 49
51 0 U 50
52 0 U 16
53 0 U 52
54 1 U -1
55 0 U 36
56 0 U 55
57 0 U 56
58 1 U 27
59 0 U 58
60 0 U 59
61 1 U 54
62 0 U 61
63 1 U -1
64 0 U 63
65 0 U 64
66 0 U 65
67 0 L 2
68 1 U 67
69 0 U 68
70 1 L 59
71 1 U 70
72 0 U -1
73 0 U 72
74 1 U 61
75 1 U 74
76 1 U 75
77 0 U 76
78 1 U 77
79 1 L 22
80 0 U 65
81 1 U -1
82 0 U 27
83 0 U 82
84 0 U 54
85 1 U 52
86 0 L 2
87 0 L 31
88 0 U 87
89 0 U 88
90 0 U 31
91 0 U 90
92 0 U 53
93 1 U 92
94 0 U 93
95 1 L 87
96 1 U 78
97 0 U 28
98
0 1 U -1
1 1 U 0
2 0 L 1
3 0 L 2
4 0 U 3
5 0 U 4
6 0 U 4
7 0 U 6
8 0 U 7
9 1 U -1
10 0 U 9
11 1 U 10
12 0 U 11
13 1 L 0
14 0 U 13
15 1 L -1
16 0 L 14
17 0 U 16
18 0 U -1
19 0 U 17
20 1 L 3
21 0 U 20
22 1 U 21
23 0 U 22
24 1 U 23
25 0 U 10
26 0 L 4
27 0 U 11
28 0 U 27
29 0 U 19
30 1 U 29
31 1 U 30
32 1 L 19
33 1 U 32
34 1 L 31
35 1 U 34
36 1 U -1
37 1 U 36
38 1 U 37
39 0 U 38
40 0 U 39
41 0 U 40
42 0 L 11
43 1 U 42
44 1 U 43
45 0 L 3
46 1 U 8
47 1 U 46
48 1 U 24
49 0 L 24
50 0 U 49
51 0 U 50
52 0 U 16
53 0 U 52
54 1 U -1
55 0 U 36
56 0 U 55
57 0 U 56
58 1 U 27
59 0 U 58
60 0 U 59
61 1 U 54
62 0 U 61
63 0 U 29
64 0 U 63
65 0 U 64
66 0 U 65
67 0 L 2
68 1 U 67
69 0 L 4
70 1 L 59
71 1 U 70
72 0 U -1
73 0 U 72
74 1 U 61
75 1 U 74
76 1 U 75
77 0 U 76
78 1 U 77
79 1 L 22
80 0 U 65
81 1 U -1
82 0 U 27
83 0 U 82
84 0 U 54
85 1 U 52
86 0 L 2
87 0 L 31
88 0 U 87
89 0 U 88
90 0 U 31
91 0 U 90
92 0 U 53
93 1 U 92
94 0 U 93
95 1 L 87
96 0 U 58
97 1 U 23
98
0 1 U -1
1 1 U 0
2 0 L 1
3 0 U 2
4 0 U 3
5 0 U 4
6 0 L 5
7 0 U 6
8 0 U 7
9 1 U 7
10 0 U 9
11 1 U 10
12 0 U 11
13 1 L 0
14 0 U 13
15 1 U 14
16 1 U 2
17 0 U 16
18 0 U -1
19 0 U 17
20 0 U 19
21 0 L 19
22 1 U 21
23 1 U 10
24 1 U 23
25 1 L 17
26 0 L 4
27 0 U 11
28 0 U 27
29 0 U 10
30 1 U 29
31 1 U 30
32 1 U 31
33 1 U 32
34 1 L 31
35 1 U 34
36 1 U -1
37 1 U 36
38 1 U 37
39 0 U 38
40 1 L 4
41 0 U 40
42 0 L 11
43 1 U 42
44 1 U 43
45 1 U -1
46 1 U 8
47 1 U 46
48 1 U 24
49 0 L 24
50 0 U 49
51 0 U 50
52 1 U 19
53 0 U 52
54 1 U -1
55 0 U 36
56 0 L 1
57 0 U 56
58 1 U 27
59 0 U 58
60 0 U 59
61 1 U 54
62 0 U 61
63 1 U -1
64 0 U 18
65 0 U 64
66 0 U 65
67 0 L 2
68 1 U 67
69 0 U 68
70 1 L 59
71 1 U 70
72 0 U -1
73 0 U 72
74 1 U 61
75 1 U 74
76 1 U 75
77 0 U 76
78 1 U 77
79 1 L 22
80 0 U 65
81 1 U -1
82 0 U 27
83 0 U 82
84 0 U 54
85 1 U 52
86 0 L 2
87 0 L 31
88 0 U 87
89 0 U 88
90 0 U 31
91 0 U 90
92 0 U 53
93 1 U 92
94 0 U 93
95 1 L 87
96 1 U 78
97 1 U 23
98
0 1 U -1
1 1 U 0
2 1 L 0
3 0 L 2
4 0 U 3
5 0 U 4
6 0 L 5
7 0 U 6
8 0 U 7
9 1 U -1
10 0 U 9
11 1 U 10
12 0 U 11
13 1 L 0
14 0 U 13
15 1 U 14
16 0 L 14
17 0 U 16
18 0 U -1
19 0 U 17
20 0 U 19
21 0 U 20
22 0 U 16
23 0 U 13
24 1 U 23
25 1 L 17
26 0 L 4
27 0 U 11
28 0 U 27
29 1 L 7
30 1 U 29
31 1 U 30
32 1 U 31
33 1 U 32
34 1 L 31
35 1 U 34
36 1 U -1
37 1 U 36
38 1 U 37
39 0 U 38
40 0 U 39
41 0 U 40
42 0 L 11
43 1 U 42
44 1 U 43
45 1 U -1
46 1 U 8
47 1 U 46
48 1 U 24
49 0 L 24
50 0 U 8
51 0 U 50
52 0 U 16
53 0 U 52
54 1 U -1
55 0 U 36
56 0 U 55
57 0 U 56
58 1 U 27
59 0 U 58
60 0 U 59
61 1 U 54
62 0 U 61
63 1 U -1
64 0 U 63
65 0 U 64
66 0 U 65
67 0 L 2
68 1 U 67
69 0 U 68
70 1 L 59
71 1 U 70
72 0 U -1
73 0 U 72
74 1 U 61
75 1 U 74
76 1 U 75
77 1 L 50
78 1 U 77
79 1 L 22
80 0 U 65
81 1 U -1
82 0 U 27
83 0 U 82
84 1 L 78
85 0 L 69
86 0 L 2
87 1 L 39
88 0 U 87
89 0 U 88
90 0 U 11
91 0 U 87
92 0 U 53
93 0 U 85
94 0 U 93
95 1 L 87
96 1 U 78
97 1 U 23
98
0 1 U -1
1 1 U 0
2 0 L 1
3 0 L 2
4 0 U 3
5 0 U 4
6 0 L 5
7 0 U 6
8 0 U 7
9 1 U -1
10 0 U 9
11 1 U 10
12 0 U 11
13 1 L 0
14 0 U 13
15 1 U 14
16 0 L 14
17 0 U 15
18 0 U -1
19 0 U 17
20 0 U 19
21 0 U 20
22 1 U 21
23 0 U 22
24 1 U 23
25 1 L 17
26 0 L 4
27 0 U 3
28 0 U 27
29 0 U 19
30 1 U 29
31 0 L 2
32 1 L 24
33 1 U 32
34 1 L 31
35 1 U 24
36 1 U -1
37 1 U 12
38 1 U 37
39 0 U 38
40 0 U 39
41 0 U 40
42 0 L 11
43 1 U 42
44 1 L 33
45 1 U -1
46 1 U 6
47 1 U 46
48 1 U 24
49 0 L 24
50 0 U 49
51 0 U 50
52 0 U 16
53 0 U 52
54 1 U -1
55 0 U 36
56 0 U 55
57 0 U 56
58 1 U 27
59 0 U 58
60 0 U 59
61 0 L 21
62 0 U 61
63 1 U -1
64 0 U 63
65 0 U 64
66 0 U 65
67 0 L 2
68 1 U 67
69 0 U 68
70 1 L 59
71 1 U 70
72 0 U -1
73 0 U 72
74 1 U 61
75 1 U 74
76 1 U 75
77 0 U 76
78 1 U 77
79 1 L 22
80 0 U 65
81 1 U -1
82 0 U 27
83 0 U 82
84 0 U 54
85 1 U 52
86 0 L 2
87 0 L 31
88 0 U 87
89 0 L 79
90 0 U 31
91 0 U 90
92 0 U 53
93 1 U 92
94 0 U 93
95 1 L 87
96 1 U 78
97 1 U 23
98
0 1 U -1
1 1 U 0
2 0 L 1
3 0 L 2
4 0 U 3
5 1 U 1
6 1 L -1
7 0 U 6
8 0 U 7
9 1 U -1
10 1 L 6
11 1 U 10
12 0 U 11
13 1 L 0
14 0 U 13
15 1 U 14
16 0 L 14
17 0 U 16
18 0 U -1
19 0 U 17
20 0 U 19
21 0 U 20
22 1 L 2
23 0 U 22
24 1 U 23
25 1 L 17
26 0 L 4
27 0 U 11
28 0 U 27
29 1 L -1
30 1 U 29
31 1 U 30
32 1 U 31
33 1 U 32
34 1 L 31
35 1 U 34
36 1 U -1
37 1 U 36
38 1 U 37
39 0 U 38
40 0 U 39
41 0 U 40
42 0 L 11
43 1 U 42
44 1 U 43
45 1 U -1
46 1 U 8
47 1 U 46
48 1 U 24
49 0 L 24
50 0 U 49
51 0 U 50
52 1 L 35
53 0 U 52
54 1 U -1
55 0 U 36
56 0 U 55
57 0 U 56
58 1 U 27
59 0 U 58
60 0 U 59
61 1 U 54
62 0 U 61
63 1 U -1
64 0 U 63
65 0 U 64
66 0 U 65
67 0 L 2
68 1 U 67
69 0 U 68
70 1 L 59
71 1 U 41
72 0 U -1
73 0 U 72
74 1 U 61
75 0 U 52
76 1 U 75
77 0 U 76
78 1 U 77
79 1 L 22
80 0 U 65
81 1 U -1
82 0 U 27
83 0 U 82
84 0 U 54
85 1 U 52
86 0 L 2
87 0 L 31
88 0 U 87
89 0 U 41
90 0 U 31
91 0 U 90
92 0 U 6
93 1 U 92
94 0 U 93
95 1 L 87
96 1 U 78
97 1 U 23
98
0 1 U -1
1 1 U 0
2 0 L 1
3 0 L 2
4 0 U 3
5 1 U 1
6 0 L 5
7 0 U 6
8 0 U 7
9 1 U -1
10 1 U 7
11 1 U 10
12 0 U 11
13 1 L 0
14 0 U 13
15 1 U 14
16 0 L 14
17 0 U 16
18 0 U -1
19 0 U 17
20 0 U 19
21 0 U 20
22 1 U 21
23 1 U 6
24 1 U 23
25 1 L 17
26 0 U 7
27 0 U 11
28 0 U 27
29 0 U 4
30 1 U 29
31 1 U 30
32 1 U 31
33 1 U 32
34 1 U 22
35 0 L 7
36 1 U -1
37 1 U 36
38 1 U 37
39 0 U 38
40 0 L 36
41 0 U 40
42 0 L 11
43 1 U 40
44 1 U 43
45 1 U -1
46 1 U 8
47 1 U 46
48 1 U 24
49 0 U 31
50 0 U 49
51 0 U 50
52 0 U 16
53 0 U 52
54 1 U -1
55 0 U 36
56 0 U 55
57 0 U 56
58 1 U 27
59 1 U 23
60 0 U 59
61 1 U 54
62 0 U 61
63 1 U -1
64 0 U 63
65 0 U 64
66 0 U 65
67 0 L 2
68 1 L 59
69 0 U 68
70 0 U 32
71 1 U 70
72 0 U -1
73 0 U 53
74 1 U 61
75 1 U 74
76 1 U 75
77 0 U 76
78 1 U 77
79 1 L 22
80 0 U 65
81 1 U -1
82 0 U 27
83 0 U 54
84 0 U 54
85 1 U 52
86 0 L 2
87 0 L 31
88 0 U 87
89 0 U 88
90 0 L 7
91 0 U 90
92 0 U 53
93 1 U 92
94 0 U 93
95 1 L 87
96 1 U 78
97 1 U 23
98
0 1 U -1
1 1 U 0
2 0 L 1
3 0 L 2
4 0 U 3
5 0 U 4
6 0 L 5
7 0 L 4
8 0 U 7
9 1 U -1
10 0 U 9
11 1 U 10
12 0 U 11
13 1 L 0
14 0 U 13
15 1 U 14
16 0 L 14
17 0 U 16
18 0 U -1
19 0 U 17
20 0 U 19
21 0 U 20
22 1 U 21
23 0 U 22
24 1 U 23
25 1 U 20
26 0 L 4
27 0 U 11
28 0 U 27
29 0 U 19
30 1 L 0
31 1 U 30
32 1 U 31
33 1 U 32
34 1 L 31
35 1 U 34
36 1 U -1
37 1 U 36
38 1 U 37
39 0 U 38
40 0 U 39
41 0 U 40
42 0 L 11
43 1 U 42
44 0 L 14
45 1 U -1
46 1 U 8
47 1 U 46
48 1 U 24
49 0 L 24
50 0 U 49
51 0 U 50
52 0 U 16
53 0 U 52
54 1 U -1
55 0 U 36
56 0 U 55
57 0 U 56
58 1 U 27
59 0 U 58
60 0 U 59
61 1 U 54
62 0 U 61
63 1 L 32
64 0 U 63
65 0 U 64
66 0 U 65
67 0 L 2
68 1 U 67
69 0 U 68
70 1 L 59
71 1 U 70
72 0 U -1
73 0 U 72
74 1 U 61
75 1 U 74
76 1 U 75
77 0 U 76
78 1 U 77
79 1 L 22
80 0 U 65
81 1 U -1
82 0 U 27
83 0 U 82
84 0 U 54
85 1 U 52
86 0 L 2
87 0 L 31
88 0 U 87
89 0 U 88
90 0 U 31
91 0 U 90
92 1 U 57
93 1 U 92
94 0 L 10
95 1 L 87
96 0 L 65
97 1 U 23
98
0 1 U -1
1 1 U 0
2 0 L 1
3 0 L 2
4 0 U 3
5 0 U 4
6 0 L 5
7 1 L 6
8 0 U 7
9 1 U -1
10 0 U 9
11 0 L 5
12 0 U 11
13 1 L 0
14 0 U 13
15 1 U 14
16 0 L 14
17 0 U 16
18 0 U -1
19 0 U 17
20 0 L 16
21 0 U 20
22 1 U 21
23 0 U 22
24 1 U 23
25 1 L 17
26 0 U 5
27 0 U 11
28 0 U 27
29 1 U 11
30 1 U 29
31 1 U 30
32 1 U 31
33 1 U 32
34 1 L 31
35 1 U 34
36 1 U -1
37 1 U 36
38 1 U 37
39 0 U 38
40 0 U 39
41 0 U 40
42 0 L 11
43 1 U 42
44 1 U 43
45 1 U -1
46 1 U 8
47 1 L 24
48 1 U 24
49 0 L 24
50 0 U 49
51 1 U 14
52 0 U 16
53 0 U 52
54 1 U -1
55 0 U 36
56 0 U 55
57 0 L 43
58 1 U 27
59 0 U 58
60 0 U 59
61 1 U 54
62 0 U 61
63 1 U -1
64 0 U 63
65 0 U 64
66 0 U 65
67 0 L 2
68 1 U 67
69 0 U 68
70 1 L 59
71 0 L 68
72 0 U -1
73 0 U 72
74 1 U 61
75 1 U 74
76 1 U 75
77 0 U 76
78 1 U 77
79 1 L 22
80 0 U 65
81 1 U -1
82 0 U 27
83 0 U 82
84 0 U 54
85 1 U 52
86 1 U 50
87 0 L 31
88 0 U 87
89 0 U 88
90 0 U 31
91 0 U 90
92 0 U 53
93 1 U 10
94 0 U 93
95 1 L 87
96 1 U 78
97 1 L 19
98
0 1 U -1
1 1 U 0
2 0 L 1
3 0 L 2
4 0 U 3
5 0 U 4
6 0 L 5
7 0 U 6
8 0 U 7
9 1 U -1
10 0 U 9
11 1 U 10
12 0 U 11
13 1 L 0
14 0 U 13
15 1 U 14
16 0 L 14
17 0 U 16
18 0 U -1
19 0 U 17
20 0 U 19
21 0 U 8
22 1 U 21
23 0 U 22
24 1 U 23
25 1 L 17
26 0 L 4
27 0 U 11
28 0 U 27
29 0 U 19
30 1 L -1
31 0 L 5
32 1 U 31
33 1 U 32
34 1 L 31
35 1 U 34
36 1 U -1
37 1 U 36
38 1 U 37
39 0 U 38
40 1 U 24
41 1 U 16
42 0 L 11
43 0 U 12
44 1 L 10
45 1 U -1
46 1 U 8
47 1 U 46
48 1 U 24
49 0 L 24
50 0 U 49
51 0 U 50
52 0 U 16
53 1 L 46
54 1 U -1
55 0 U 36
56 0 U 55
57 1 U 5
58 1 U 27
59 0 U 58
60 0 U 59
61 1 U 54
62 0 U 61
63 1 U -1
64 0 U 63
65 0 U 64
66 0 U 65
67 0 L 2
68 1 U 67
69 0 U 68
70 1 L 59
71 1 U 70
72 0 U -1
73 1 U 56
74 1 U 61
75 0 U 68
76 1 U 75
77 1 U 53
78 1 U 77
79 1 L 22
80 0 U 65
81 1 U -1
82 0 U 27
83 0 U 82
84 0 U 54
85 1 U 52
86 1 L 23
87 0 L 31
88 0 U 87
89 0 U 88
90 0 U 31
91 0 U 90
92 0 L 55
93 1 U 92
94 0 U 93
95 0 L 17
96 1 U 78
97 1 U 23
98
0 1 U -1
1 1 U 0
2 0 L 1
3 0 L 2
4 0 U 3
5 0 U 4
6 0 L 5
7 0 U 6
8 0 U 7
9 1 U -1
10 0 U 9
11 0 L 0
12 0 U 11
13 1 L 0
14 0 U 13
15 1 U 14
16 0 L 14
17 0 U 16
18 0 L 4
19 0 U 17
20 0 U 19
21 0 U 20
22 1 U 21
23 0 U 22
24 1 U 23
25 1 L 17
26 0 L 4
27 1 L 9
28 0 U 27
29 0 U 19
30 1 U 29
31 1 L 15
32 1 U 31
33 0 L 2
34 1 L 31
35 1 U 34
36 1 U -1
37 1 U 36
38 1 L 21
39 0 U 38
40 0 U 39
41 0 U 40
42 0 L 11
43 1 U 42
44 1 U 43
45 1 U -1
46 1 U 8
47 0 U 40
48 1 U 24
49 0 L 24
50 0 U 49
51 0 U 50
52 0 U 16
53 0 U 52
54 1 U -1
55 0 U 36
56 0 U 55
57 0 U 56
58 1 U 27
59 0 U 58
60 0 U 59
61 1 U 54
62 0 U 61
63 1 U -1
64 0 U 63
65 0 U 64
66 0 U 65
67 0 L 2
68 1 U 67
69 0 U 68
70 1 L 59
71 1 U 70
72 0 U -1
73 0 U 72
74 1 U 61
75 1 U 74
76 1 U 75
77 0 U 76
78 1 U 77
79 1 L 22
80 0 U 65
81 1 U -1
82 0 U 27
83 0 U 82
84 0 U 54
85 1 U 52
86 0 L 2
87 0 L 31
88 0 U 87
89 0 U 88
90 0 U 31
91 0 U 90
92 0 U 53
93 1 U 92
94 0 U 93
95 1 L 87
96 1 U 78
97 0 U 84
98
0 1 L -1
1 0 L -1
2 0 L 1
3 0 L 2
4 0 U 3
5 0 U 4
6 0 L 5
7 0 U 6
8 0 U 7
9 1 U -1
10 0 U 9
11 1 U 10
12 1 L 10
13 1 L 0
14 0 U 13
15 1 U 14
16 0 L 14
17 0 U 16
18 0 U -1
19 1 L 13
20 0 U 19
21 0 U 20
22 1 U 21
23 0 U 22
24 1 U 23
25 1 L 17
26 0 L 4
27 0 U 11
28 0 U 27
29 0 U 19
30 1 U 29
31 1 U 30
32 1 U 31
33 1 U 32
34 1 L 31
35 0 L 22
36 1 U -1
37 1 U 36
38 1 U 37
39 0 U 38
40 0 U 39
41 0 U 40
42 0 L 11
43 1 U 42
44 0 L 8
45 1 U -1
46 1 U 8
47 1 U 46
48 1 U 24
49 1 U 7
50 0 U 49
51 0 U 50
52 0 U 16
53 0 U 27
54 1 U -1
55 0 U 36
56 0 U 55
57 0 U 56
58 1 U 27
59 0 U 58
60 0 U 59
61 1 U 54
62 0 U 61
63 1 U -1
64 0 U 63
65 0 U 64
66 0 U 65
67 0 L 2
68 1 U 67
69 0 U 68
70 0 L 34
71 1 U 70
72 0 L 58
73 0 U 72
74 1 U 61
75 1 U 74
76 1 U 75
77 0 U 76
78 1 U 77
79 1 L 22
80 0 U 65
81 1 U -1
82 0 U 27
83 0 U 82
84 0 U 54
85 1 U 52
86 0 L 2
87 0 L 31
88 0 U 87
89 0 U 88
90 1 U 72
91 0 U 90
92 0 U 53
93 1 U 92
94 0 U 93
95 1 L 87
96 1 U 78
97 1 U 23
98
0 1 U -1
1 1 U 0
2 0 L 1
3 0 L 2
4 0 U 3
5 0 U 4
6 0 L 5
7 0 U 6
8 0 U 7
9 1 U -1
10 0 U 9
11 1 U 10
12 0 L 3
13 1 L 0
14 0 U 13
15 1 U 14
16 0 L 14
17 0 U 16
18 0 U -1
19 0 U 17
20 0 U 19
21 0 U 20
22 1 U 21
23 0 U 22
24 1 U 23
25 1 L 17
26 1 U 18
27 0 U 11
28 0 U 27
29 0 U 19
30 1 U 29
31 1 U 30
32 1 U 31
33 1 U 32
34 1 L 31
35 1 U 34
36 0 U 29
37 1 U 36
38 1 U 37
39 0 U 38
40 0 U 39
41 0 U 40
42 0 L 11
43 1 U 42
44 1 U 43
45 1 U -1
46 1 U 8
47 1 U 46
48 1 U 24
49 0 L 24
50 0 U 49
51 0 U 50
52 0 U 16
53 0 U 52
54 1 U -1
55 0 U 36
56 0 U 55
57 0 U 56
58 1 U 27
59 0 U 50
60 0 U 59
61 1 U 54
62 0 U 61
63 1 U -1
64 0 U 63
65 0 U 64
66 0 U 65
67 0 L 2
68 1 U 67
69 0 U 68
70 1 U 31
71 1 U 70
72 0 U -1
73 0 U 72
74 1 L 15
75 1 U 74
76 1 L 62
77 0 U 76
78 1 U 77
79 1 L 22
80 0 U 65
81 1 U -1
82 0 U 27
83 0 U 82
84 0 U 54
85 1 U 52
86 0 L 2
87 0 L 31
88 0 U 87
89 0 U 88
90 0 U 31
91 0 U 90
92 0 U 53
93 1 U 92
94 0 U 93
95 1 L 87
96 1 U 78
97 1 U 23
98
0 1 U -1
1 1 U 0
2 1 L -1
3 0 L 2
4 0 U 3
5 0 U 4
6 0 L 5
7 0 U 6
8 0 U 7
9 1 U -1
10 0 U 9
11 1 U 10
12 0 U 11
13 1 L 0
14 0 U 13
15 1 U 14
16 0 L 14
17 0 L 10
18 0 U -1
19 0 U 17
20 0 U 19
21 0 U 20
22 1 U 21
23 0 L 0
24 1 U 23
25 1 L 17
26 0 L 4
27 0 U 11
28 1 U 18
29 0 U 19
30 1 U 17
31 1 U 30
32 1 U 31
33 1 U 32
34 1 L 31
35 1 U 34
36 1 U -1
37 1 U 36
38 1 U 37
39 0 U 38
40 0 U 39
41 0 U 40
42 0 L 11
43 1 U 42
44 1 U 43
45 0 U 18
46 1 U 8
47 1 U 46
48 1 U 24
49 0 L 24
50 0 U 49
51 0 U 50
52 0 U 16
53 1 U 22
54 1 U -1
55 0 U 36
56 0 U 55
57 0 U 56
58 1 U 27
59 0 U 58
60 0 U 59
61 1 U 54
62 0 U 61
63 1 U -1
64 0 U 63
65 0 U 64
66 0 U 65
67 0 L 2
68 1 U 67
69 0 U 68
70 1 L 59
71 1 U 70
72 0 U -1
73 1 U 38
74 1 U 44
75 1 U 74
76 1 U 75
77 0 U 76
78 1 U 77
79 1 L 22
80 0 U 65
81 1 U -1
82 0 U 27
83 0 U 59
84 0 U 54
85 1 U 52
86 0 L 2
87 0 L 31
88 0 U 87
89 0 U 88
90 0 U 31
91 0 U 90
92 0 U 53
93 1 U 73
94 0 U 93
95 1 U 18
96 1 U 78
97 1 U 23
98
0 1 U -1
1 1 U 0
2 1 L -1
3 0 L 2
4 0 U 3
5 0 U 4
6 0 L 5
7 0 U 6
8 0 U 7
9 1 U -1
10 0 U 9
11 1 U 10
12 0 U 11
13 1 L 0
14 0 U 13
15 1 U 14
16 0 L 14
17 0 L 10
18 0 U -1
19 0 U 17
20 0 U 19
21 0 U 20
22 1 U 21
23 0 L 0
24 1 U 3
25 1 L 17
26 0 L 4
27 0 U 11
28 1 U 18
29 0 U 19
30 1 U 7
31 1 U 30
32 1 U 31
33 1 U 32
34 1 L 31
35 0 U 8
36 1 U -1
37 1 L 30
38 1 U 37
39 0 U 38
40 0 U 39
41 0 U 40
42 0 L 11
43 1 U 42
44 1 U 43
45 0 U 18
46 1 U 8
47 1 U 46
48 1 U 24
49 0 L 24
50 0 U 49
51 0 U 50
52 0 U 16
53 1 L 33
54 1 U -1
55 0 U 36
56 0 U 55
57 0 U 56
58 1 U 27
59 0 U 58
60 0 U 59
61 1 U 54
62 1 L 21
63 1 U -1
64 0 U 63
65 0 U 64
66 0 L 29
67 0 L 2
68 1 U 67
69 0 U 68
70 1 L 15
71 1 U 70
72 1 L 28
73 1 U 38
74 1 U 44
75 1 U 74
76 1 U 75
77 0 U 76
78 1 U 77
79 1 L 22
80 0 U 18
81 1 U -1
82 0 U 27
83 0 U 59
84 0 U 54
85 1 U 52
86 0 L 2
87 0 L 31
88 0 U 87
89 0 U 88
90 0 U 31
91 0 U 90
92 0 U 53
93 1 U 73
94 0 U 93
95 1 L 34
96 1 L 61
97 1 U 23
98
0 1 U -1
1 1 U 0
2 1 L -1
3 0 L 2
4 0 U 3
5 0 U 4
6 0 L 5
7 0 U 6
8 0 U 7
9 1 U -1
10 0 U 9
11 1 U 9
12 0 U 11
13 1 L 0
14 0 U 13
15 1 U 8
16 0 L 14
17 0 L 6
18 0 U -1
19 0 U 17
20 0 U 19
21 0 U 20
22 1 U 21
23 0 L 0
24 1 U 23
25 1 L 17
26 0 L 4
27 0 U 11
28 1 U 18
29 0 U 19
30 1 U 17
31 1 U 30
32 1 U 31
33 0 U 17
34 0 L 28
35 1 U 27
36 1 U -1
37 1 U 36
38 1 U 37
39 0 U 38
40 0 U 39
41 0 U 40
42 0 L 11
43 1 U 42
44 1 U 43
45 0 U 18
46 1 U 8
47 1 U 46
48 1 U 24
49 0 L 24
50 0 U 49
51 0 U 50
52 0 U 16
53 1 U 22
54 1 U -1
55 0 L 22
56 0 U 55
57 0 U 56
58 1 U 27
59 0 U 58
60 0 U 59
61 1 U 54
62 0 U 61
63 1 U -1
64 0 U 63
65 0 U 64
66 0 U 65
67 0 L 2
68 1 U 67
69 0 U 68
70 1 L 59
71 1 U 70
72 0 U -1
73 1 U 38
74 1 U 44
75 1 U 74
76 1 U 75
77 1 L 65
78 1 U 77
79 1 L 22
80 0 U 65
81 1 U -1
82 0 U 27
83 0 U 59
84 0 U 54
85 1 U 52
86 0 L 2
87 0 L 31
88 0 U 87
89 0 U 88
90 0 U 31
91 0 U 90
92 0 U 53
93 1 U 73
94 0 U 93
95 1 U 18
96 1 U 78
97 1 U 23
98
0 1 U -1
1 1 U 0
2 1 L -1
3 0 L 2
4 0 U 3
5 0 U 4
6 0 L 5
7 0 U 6
8 0 U 7
9 1 U -1
10 0 U 9
11 0 U 1
12 0 U 11
13 1 L 0
14 0 U 13
15 1 U 14
16 0 L 14
17 0 L 10
18 0 U -1
19 0 U 17
20 0 U 19
21 0 U 20
22 1 U 21
23 0 L 11
24 1 U 23
25 1 L 17
26 0 L 4
27 0 U 11
28 1 U 18
29 0 U 19
30 1 U 17
31 1 U 30
32 1 U 31
33 1 U 32
34 1 L 31
35 1 U 34
36 1 U -1
37 1 U 36
38 1 U 37
39 1 U 20
40 0 U 39
41 0 L 19
42 0 L 11
43 1 U 42
44 1 U 43
45 0 U 18
46 1 U 8
47 1 U 46
48 1 U 24
49 0 L 24
50 1 L 35
51 0 U 50
52 0 U 16
53 1 U 44
54 1 U -1
55 1 U 7
56 0 U 55
57 0 U 56
58 1 U 27
59 0 U 58
60 0 U 59
61 1 U 54
62 0 U 61
63 1 U -1
64 0 U 63
65 0 U 64
66 0 U 65
67 0 L 2
68 1 U 67
69 0 U 68
70 1 L 59
71 1 U 70
72 0 U -1
73 1 U 38
74 1 U 44
75 0 U 42
76 1 U 75
77 0 U 76
78 1 U 77
79 1 L 22
80 0 U 65
81 1 U -1
82 0 U 27
83 0 U 59
84 0 L 46
85 1 U 52
86 0 L 2
87 0 L 31
88 0 U 87
89 0 U 88
90 0 U 31
91 0 U 90
92 0 U 53
93 1 U 73
94 0 U 93
95 1 U 18
96 1 U 78
97 1 U 23
98
0 1 U -1
1 1 U 0
2 1 L -1
3 0 L 2
4 0 U 3
5 0 U 4
6 0 L 5
7 0 U 6
8 1 L 0
9 1 U -1
10 0 U 9
11 0 L 1
12 0 U 11
13 1 L 0
14 0 U 13
15 1 U 14
16 0 L 14
17 0 L 10
18 0 U -1
19 0 U 17
20 0 U 19
21 0 U 20
22 1 U 21
23 0 L 0
24 1 L 9
25 1 L 17
26 1 U 0
27 0 U 11
28 1 U 18
29 0 U 19
30 0 U 25
31 1 U 30
32 1 U 31
33 1 U 32
34 1 L 31
35 1 U 34
36 1 U -1
37 1 U 36
38 1 L 30
39 1 L 31
40 0 U 39
41 0 U 40
42 0 L 11
43 1 U 42
44 1 U 43
45 0 U 18
46 1 U 8
47 1 U 46
48 1 U 24
49 0 L 24
50 0 U 49
51 0 U 50
52 0 U 16
53 1 U 22
54 1 U -1
55 0 U 36
56 0 U 55
57 0 U 56
58 1 U 27
59 0 U 58
60 0 U 59
61 1 U 54
62 0 U 61
63 1 U -1
64 0 U 63
65 0 L 47
66 0 U 65
67 0 L 2
68 1 U 10
69 0 L 5
70 1 L 59
71 1 U 70
72 0 U -1
73 1 U 38
74 1 U 44
75 1 U 74
76 1 U 75
77 0 U 69
78 1 U 77
79 1 L 22
80 0 U 65
81 1 U -1
82 0 U 27
83 0 U 59
84 0 U 54
85 1 U 52
86 0 L 2
87 0 L 31
88 0 U 87
89 0 U 88
90 0 U 31
91 0 U 90
92 0 U 53
93 1 L 10
94 0 U 93
95 1 U 18
96 0 L 89
97 1 U 69
98
0 1 U -1
1 1 U 0
2 1 L -1
3 0 L 2
4 0 U 3
5 0 U 4
6 0 L 5
7 0 U 6
8 0 U 7
9 1 U -1
10 0 U 6
11 1 U 10
12 0 U 11
13 1 L 0
14 0 U 13
15 1 U 14
16 0 L 14
17 0 L 10
18 0 U -1
19 0 U 17
20 0 U 19
21 0 U 20
22 1 U 21
23 0 L 0
24 1 U 23
25 1 L 17
26 0 L 4
27 0 U 11
28 1 U 18
29 0 U 10
30 1 U 17
31 1 U 30
32 1 U 31
33 1 U 32
34 0 U 32
35 1 U 34
36 1 U -1
37 1 U 36
38 1 U 37
39 0 U 38
40 1 L 34
41 0 U 40
42 0 L 11
43 1 U 38
44 1 U 16
45 0 U 18
46 1 U 8
47 1 U 46
48 1 U 24
49 1 U 44
50 0 U 49
51 0 U 50
52 0 U 16
53 1 U 22
54 1 U -1
55 0 U 36
56 0 U 55
57 0 U 56
58 1 U 27
59 0 U 58
60 0 U 59
61 1 U 54
62 0 U 61
63 1 U -1
64 0 U 63
65 1 L 20
66 0 U 65
67 0 L 2
68 1 U 67
69 0 U 68
70 1 L 59
71 1 U 70
72 0 U -1
73 1 U 38
74 1 U 44
75 1 U 74
76 1 U 75
77 0 U 76
78 1 U 77
79 1 L 22
80 0 U 65
81 1 L 6
82 0 U 27
83 0 U 59
84 0 U 54
85 1 U 52
86 0 L 2
87 0 L 31
88 0 U 87
89 0 U 88
90 0 U 31
91 0 U 90
92 0 U 53
93 1 U 73
94 0 L 24
95 1 U 18
96 1 U 78
97 1 U 23
98
0 1 U -1
1 1 U 0
2 1 L -1
3 0 L 2
4 0 U 3
5 0 L 3
6 0 L 5
7 0 U 6
8 0 U 7
9 1 U -1
10 0 U 9
11 1 U 10
12 0 U 11
13 1 L 0
14 0 U 13
15 1 U 14
16 0 L 14
17 0 L 10
18 1 U -1
19 0 U 17
20 0 U 19
21 0 U 20
22 1 U 21
23 0 L 0
24 1 U 23
25 1 L 17
26 0 L 4
27 0 U 11
28 1 U 18
29 0 U 19
30 1 U 17
31 1 U 30
32 1 U 31
33 1 U 32
34 1 L 31
35 1 U 34
36 1 U -1
37 1 U 36
38 1 L 19
39 0 U 38
40 0 U 39
41 0 U 35
42 0 L 11
43 1 U 42
44 1 U 43
45 0 U 18
46 1 U 8
47 1 U 46
48 1 U 24
49 0 L 24
50 0 U 49
51 0 U 50
52 0 U 16
53 1 U 22
54 1 U -1
55 0 U 36
56 0 U 55
57 0 U 2
58 1 U 27
59 1 L 43
60 0 U 59
61 1 U 54
62 0 U 61
63 1 U -1
64 0 U 63
65 0 U 64
66 0 U 65
67 0 L 2
68 0 L 38
69 0 U 68
70 1 L 59
71 1 U 70
72 0 U -1
73 1 U 38
74 1 U 44
75 0 U 13
76 1 U 75
77 0 U 76
78 1 U 77
79 1 L 22
80 0 U 65
81 1 U -1
82 0 U 27
83 0 U 59
84 1 L 13
85 1 U 52
86 0 L 2
87 0 L 31
88 0 U 87
89 0 U 88
90 0 U 31
91 0 U 90
92 0 U 53
93 1 U 73
94 0 U 93
95 0 L 79
96 1 U 78
97 1 U 23
98
0 1 U -1
1 1 U 0
2 1 L -1
3 0 L 2
4 0 U 3
5 0 U 4
6 0 L 5
7 0 U 6
8 0 U 6
9 1 U -1
10 0 U 9
11 1 U 10
12 0 U 11
13 1 L 0
14 0 U 13
15 1 L 12
16 0 L 14
17 0 L 10
18 0 U -1
19 0 U 17
20 0 U 19
21 0 U 20
22 1 U 21
23 0 L 0
24 1 U 23
25 1 L 17
26 0 L 4
27 0 U 11
28 1 U 18
29 1 U 20
30 1 U 17
31 1 U 30
32 1 U 31
33 1 U 32
34 1 L 31
35 1 U 34
36 1 U -1
37 1 U 36
38 1 U 37
39 0 U 38
40 0 U 39
41 0 U 40
42 0 L 11
43 1 U 42
44 1 U 43
45 0 U 18
46 1 L 1
47 1 U 46
48 1 U 24
49 0 U 33
50 0 U 49
51 0 U 50
52 0 U 16
53 1 L 28
54 1 U -1
55 0 U 36
56 0 U 55
57 0 U 56
58 1 U 27
59 0 U 58
60 0 U 59
61 1 U 54
62 0 U 61
63 1 U -1
64 0 U 63
65 0 U 64
66 0 U 65
67 0 L 2
68 1 U 67
69 0 U 68
70 1 L 59
71 1 U 70
72 0 U -1
73 1 U 38
74 1 U 44
75 1 U 74
76 1 U 75
77 0 U 76
78 1 U 77
79 1 L 22
80 0 U 65
81 1 U -1
82 0 U 27
83 0 U 59
84 0 U 54
85 1 U 52
86 0 L 2
87 0 L 31
88 0 U 87
89 0 U 88
90 0 U 31
91 0 U 90
92 0 U 53
93 1 U 73
94 0 U 93
95 0 L 11
96 1 U 78
97 1 U 23
98
0 1 U -1
1 1 U 0
2 1 L -1
3 0 U 0
4 0 U 3
5 0 U 4
6 0 L 5
7 0 U 6
8 0 U 7
9 1 U -1
10 0 U 9
11 1 U 10
12 0 U 11
13 1 L 0
14 0 U 13
15 1 U 14
16 0 L 14
17 0 L 10
18 1 U 13
19 0 U 17
20 0 U 19
21 0 U 20
22 1 U 21
23 0 L 0
24 1 U 23
25 1 L 17
26 0 L 4
27 0 U 11
28 1 U 18
29 0 U 19
30 1 U 17
31 1 U 30
32 1 U 31
33 1 U 32
34 1 L 31
35 1 U 34
36 1 U -1
37 1 U 36
38 1 U 37
39 0 U 38
40 0 U 39
41 0 U 40
42 0 L 11
43 1 U 42
44 1 U 43
45 0 U 18
46 1 U 8
47 1 U 46
48 1 U 24
49 0 L 24
50 0 U 49
51 1 U 23
52 0 U 16
53 1 U 22
54 1 U -1
55 0 U 36
56 0 U 55
57 0 U 56
58 1 U 27
59 0 U 58
60 0 U 59
61 1 U 54
62 0 U 61
63 1 U -1
64 1 L 19
65 0 U 64
66 0 U 65
67 0 L 2
68 1 U 67
69 0 U 68
70 1 L 59
71 1 U 70
72 0 U -1
73 1 U 38
74 1 U 44
75 1 U 74
76 1 U 75
77 0 U 76
78 1 U 77
79 1 L 22
80 0 U 65
81 1 U -1
82 1 L 39
83 0 L 41
84 0 L 38
85 1 U 52
86 0 L 2
87 0 L 31
88 0 U 87
89 0 U 88
90 0 U 31
91 0 U 90
92 0 U 53
93 1 U 73
94 0 L 32
95 1 U 18
96 1 U 78
97 1 U 23
98
0 1 U -1
1 1 U 0
2 1 L -1
3 0 L 2
4 0 U 3
5 0 U 4
6 0 L 5
7 0 U 6
8 0 U 7
9 1 U -1
10 1 U 0
11 1 U 10
12 0 U 11
13 1 L 0
14 0 U 13
15 1 U 14
16 0 L 14
17 0 L 10
18 0 U -1
19 0 U 17
20 0 U 19
21 0 U 20
22 1 U 21
23 0 L 0
24 1 U 23
25 0 U 10
26 0 L 4
27 0 U 11
28 1 U 18
29 0 U 19
30 1 U 17
31 1 U 30
32 1 U 31
33 1 U 32
34 1 L 31
35 1 L 13
36 0 L 0
37 1 U 36
38 1 U 37
39 0 U 38
40 0 U 39
41 0 U 40
42 0 L 11
43 1 U 42
44 1 U 43
45 0 U 18
46 1 U 8
47 1 U 46
48 1 U 24
49 1 U 18
50 0 U 49
51 0 U 50
52 0 U 16
53 1 U 22
54 1 U -1
55 0 U 36
56 0 U 55
57 0 U 56
58 1 U 27
59 0 U 58
60 0 U 59
61 1 L 50
62 0 U 61
63 1 U -1
64 0 U 63
65 0 L 32
66 0 U 65
67 0 L 2
68 1 U 67
69 0 L 10
70 1 L 59
71 1 U 70
72 0 U -1
73 1 U 38
74 1 U 44
75 1 U 74
76 1 U 75
77 0 U 76
78 1 U 77
79 1 L 22
80 0 U 65
81 1 U -1
82 0 U 27
83 0 U 59
84 0 L 70
85 1 U 52
86 0 L 2
87 0 L 31
88 0 L 68
89 0 U 88
90 0 U 31
91 0 U 90
92 0 U 53
93 1 U 73
94 0 U 93
95 1 U 18
96 1 U 78
97 1 U 70
98
0 1 U -1
1 1 U 0
2 1 L -1
3 0 L 2
4 1 L 1
5 0 U 4
6 0 L 5
7 0 U 6
8 0 U 7
9 1 U -1
10 0 U 9
11 1 U 10
12 0 U 11
13 1 L 0
14 0 U 13
15 1 U 14
16 0 L 14
17 0 L 10
18 0 U -1
19 0 U 17
20 1 L 17
21 0 U 20
22 1 U 21
23 0 L 0
24 1 U 23
25 1 L 17
26 1 U 23
27 0 U 11
28 1 U 18
29 0 U 19
30 1 U 17
31 1 U 30
32 0 L -1
33 1 U 32
34 0 L 33
35 1 U 34
36 1 U -1
37 1 U 36
38 1 U 37
39 0 U 38
40 0 U 39
41 0 U 40
42 0 L 11
43 1 U 32
44 1 U 43
45 0 U 18
46 1 U 8
47 1 U 46
48 1 U 24
49 0 L 24
50 0 U 49
51 0 U 50
52 0 U 16
53 1 U 22
54 0 L 24
55 0 U 36
56 0 U 55
57 0 U 56
58 1 U 27
59 0 U 58
60 0 U 59
61 1 U 54
62 1 L 61
63 1 U -1
64 0 U 63
65 0 U 64
66 0 U 65
67 0 L 2
68 1 U 67
69 0 U 68
70 1 L 59
71 1 U 70
72 0 U -1
73 1 U 38
74 1 U 44
75 1 U 74
76 1 U 75
77 0 U 76
78 1 U 77
79 0 L 41
80 0 U 65
81 1 U -1
82 0 U 27
83 0 U 59
84 0 U 54
85 1 U 52
86 0 L 2
87 0 L 31
88 0 L 43
89 0 U 88
90 0 U 31
91 1 U 17
92 0 U 53
93 1 U 73
94 0 U 93
95 1 U 18
96 1 L 48
97 1 U 23
98
0 1 U -1
1 1 U 0
2 1 L -1
3 0 L 2
4 0 U 3
5 0 U 4
6 0 L 5
7 0 U 6
8 0 U 7
9 1 U -1
10 0 U 9
11 1 U 10
12 0 U 11
13 1 L 0
14 0 U 13
15 1 U 14
16 0 L 14
17 0 L 10
18 0 U 12
19 0 U 17
20 0 U 19
21 0 U 20
22 0 U 20
23 0 L 0
24 1 U 23
25 1 L 17
26 0 L 4
27 0 U 11
28 1 U 18
29 0 U 19
30 1 U 17
31 1 U 30
32 1 U 31
33 1 U 32
34 1 L 31
35 1 U 34
36 1 U -1
37 1 U 36
38 1 U 37
39 0 U 38
40 0 U 39
41 0 U 40
42 0 L 11
43 1 U 42
44 1 U 43
45 0 U 18
46 1 U 8
47 1 U 46
48 0 U 27
49 0 L 24
50 0 U 49
51 0 U 50
52 1 L -1
53 1 U 22
54 1 U -1
55 0 U 36
56 0 U 55
57 0 U 56
58 1 U 27
59 0 U 58
60 0 U 59
61 1 U 54
62 0 U 61
63 1 U 59
64 0 U 63
65 0 U 64
66 0 U 65
67 0 L 2
68 1 U 67
69 0 U 68
70 1 L 59
71 1 U 70
72 0 U -1
73 1 U 38
74 1 U 44
75 1 U 74
76 1 L 9
77 1 L 41
78 1 U 77
79 1 L 22
80 0 U 65
81 1 U -1
82 0 U 27
83 0 U 59
84 0 U 54
85 1 U 52
86 0 L 2
87 1 L 28
88 0 U 87
89 0 U 88
90 0 U 31
91 0 U 90
92 0 U 53
93 0 L 88
94 0 U 93
95 1 U 18
96 1 U 78
97 1 U 23
98
0 1 U -1
1 1 U 0
2 1 L -1
3 0 L 2
4 0 U 3
5 0 U 4
6 0 L 5
7 0 U 6
8 0 U 7
9 1 U -1
10 0 U 9
11 0 U 1
12 0 U 11
13 1 L 0
14 0 U 13
15 1 U 14
16 0 L 14
17 0 L 10
18 0 U -1
19 0 U 17
20 0 U 19
21 0 U 20
22 1 U 17
23 0 L 0
24 1 U 23
25 1 L 17
26 0 L 4
27 0 U 11
28 1 U 18
29 0 U 19
30 1 U 17
31 1 U 30
32 1 U 31
33 1 U 32
34 1 U 9
35 1 U 34
36 0 L 9
37 1 U 36
38 1 L 37
39 0 U 38
40 0 U 39
41 0 U 40
42 0 L 11
43 1 U 42
44 0 L 42
45 0 U 18
46 0 L 38
47 1 U 46
48 1 U 24
49 0 L 24
50 0 U 49
51 0 U 50
52 0 U 16
53 1 U 22
54 0 L -1
55 0 U 36
56 0 U 55
57 0 U 56
58 1 U 27
59 0 U 58
60 0 U 6
61 1 U 54
62 0 U 61
63 1 U -1
64 0 U 63
65 0 U 64
66 0 U 65
67 0 L 2
68 1 U 67
69 0 U 68
70 1 L 59
71 1 U 70
72 0 U -1
73 1 U 38
74 1 U 44
75 1 U 74
76 1 U 75
77 0 U 76
78 1 U 77
79 0 U 25
80 0 U 65
81 1 U -1
82 0 U 27
83 0 U 59
84 1 L 83
85 1 U 52
86 0 L 2
87 0 L 6
88 0 U 87
89 0 U 88
90 0 U 31
91 0 U 90
92 0 U 53
93 1 U 73
94 0 U 93
95 1 U 18
96 1 U 78
97 1 U 23
98
0 0 U -1
1 1 U 0
2 1 L -1
3 1 L 2
4 0 U 3
5 0 U 4
6 0 L 5
7 0 U 6
8 0 U 7
9 1 U -1
10 1 L 5
11 1 U 10
12 0 U 11
13 1 L 0
14 0 U 13
15 1 U 14
16 0 L 14
17 0 L 10
18 0 U -1
19 0 U 17
20 0 U 19
21 0 U 20
22 1 U 21
23 0 L 0
24 1 U 23
25 1 L 17
26 1 L 16
27 0 U 11
28 1 U 18
29 0 U 19
30 1 U 17
31 1 U 30
32 1 U 31
33 0 L 30
34 1 L 31
35 1 U 34
36 1 U -1
37 1 U 36
38 1 U 37
39 0 U 38
40 0 U 39
41 0 U 40
42 0 L 11
43 1 U 42
44 1 U 43
45 0 U 18
46 1 U 8
47 1 U 46
48 1 U 24
49 0 L 24
50 0 U 49
51 0 U 50
52 0 U 16
53 1 U 22
54 1 U -1
55 0 U 36
56 1 U 21
57 0 U 56
58 0 U 43
59 0 U 7
60 0 U 59
61 1 U 54
62 0 U 61
63 1 U -1
64 0 U 63
65 0 U 64
66 0 U 65
67 0 L 2
68 1 U 67
69 0 U 68
70 1 L 59
71 1 U 70
72 0 U -1
73 1 U 38
74 1 U 44
75 1 U 74
76 1 U 75
77 0 U 76
78 1 L 46
79 1 L 22
80 0 U 65
81 1 U -1
82 0 U 4
83 0 U 59
84 0 U 54
85 1 U 52
86 0 L 2
87 0 L 31
88 0 U 87
89 0 U 88
90 0 U 31
91 0 U 90
92 0 U 53
93 1 U 73
94 0 U 93
95 1 U 18
96 1 U 78
97 1 U 23
98
0 0 U -1
1 1 U 0
2 0 U -1
3 1 L 2
4 0 U 3
5 0 U 4
6 0 L 5
7 0 U 6
8 0 U 7
9 1 U -1
10 1 L 5
11 1 U 10
12 0 U 11
13 1 L 0
14 0 U 13
15 1 U 14
16 0 L 14
17 1 L 16
18 0 U -1
19 0 U 17
20 0 U 19
21 0 U 20
22 1 U 21
23 0 L 0
24 1 U 23
25 1 L 17
26 1 L 16
27 0 L 16
28 1 U 18
29 0 U 19
30 1 U 17
31 1 U 30
32 1 U 31
33 1 U 3
34 1 L 31
35 1 U 34
36 1 U -1
37 1 U 36
38 1 U 37
39 0 U 38
40 0 U 39
41 0 U 40
42 0 L 11
43 1 U 42
44 0 L 14
45 0 U 18
46 1 U 8
47 1 U 46
48 1 U 24
49 0 L 24
50 0 U 49
51 0 U 50
52 0 U 16
53 1 U 22
54 1 U -1
55 0 U 36
56 1 U 21
57 0 U 56
58 0 U 43
59 0 U 7
60 0 U 59
61 1 U 54
62 0 U 61
63 1 U -1
64 0 U 63
65 0 U 64
66 0 U 65
67 0 L 2
68 1 L 45
69 0 U 68
70 1 L 59
71 1 U 70
72 0 U -1
73 1 U 38
74 1 U 44
75 1 U 74
76 1 U 75
77 0 U 76
78 1 L 46
79 1 L 22
80 1 U 3
81 1 U -1
82 0 U 4
83 0 U 59
84 0 U 54
85 1 U 52
86 0 L 2
87 0 L 31
88 0 U 87
89 0 U 88
90 0 U 31
91 0 U 90
92 0 U 53
93 1 U 73
94 0 U 93
95 0 U 6
96 1 U 78
97 1 U 23
98
0 0 U -1
1 1 U 0
2 1 L -1
3 1 L 2
4 0 L -1
5 0 U 4
6 0 L 5
7 0 U 6
8 0 U 7
9 1 U -1
10 1 L 5
11 1 U 10
12 0 U 11
13 1 L 0
14 0 U 13
15 1 U 14
16 0 L 14
17 0 L 10
18 0 U -1
19 0 U 17
20 0 U 19
21 0 U 20
22 1 U 21
23 0 L 0
24 1 U 23
25 1 L 17
26 1 L 16
27 0 U 11
28 1 U 18
29 0 U 19
30 1 U 17
31 1 U 30
32 1 U 31
33 0 L 11
34 1 L 31
35 1 U 34
36 1 U -1
37 1 U 36
38 1 U 37
39 0 U 38
40 0 U 39
41 0 U 40
42 0 L 11
43 1 U 42
44 1 U 43
45 0 U 18
46 1 L 15
47 1 U 46
48 1 U 24
49 0 L 24
50 0 U 49
51 0 U 50
52 1 U 23
53 1 U 22
54 0 U 36
55 0 U 36
56 1 U 21
57 0 U 56
58 0 U 43
59 0 U 7
60 0 U 59
61 1 U 54
62 0 U 61
63 1 U -1
64 0 U 63
65 1 U 6
66 0 U 65
67 0 L 2
68 1 U 67
69 0 U 68
70 1 L 59
71 1 U 70
72 0 U -1
73 1 U 38
74 1 U 44
75 1 U 74
76 1 U 75
77 0 U 76
78 1 L 46
79 1 L 22
80 0 L 3
81 1 U -1
82 0 U 4
83 0 U 59
84 0 U 54
85 1 U 52
86 0 L 2
87 0 L 31
88 0 U 40
89 1 L 53
90 0 U 31
91 0 U 90
92 0 U 53
93 1 U 73
94 0 U 61
95 1 U 18
96 1 U 78
97 1 U 23
98
0 0 U -1
1 1 U 0
2 1 L -1
3 1 L 2
4 0 U 3
5 0 U 4
6 0 L 5
7 0 U 6
8 0 U 7
9 1 U -1
10 1 L 5
11 1 U 10
12 0 L 2
13 1 L 0
14 0 U 13
15 1 U 14
16 0 L 14
17 0 L 10
18 0 U -1
19 0 U 16
20 0 L 0
21 0 U 20
22 1 U 21
23 0 L 0
24 1 U 23
25 1 L 17
26 0 L 23
27 0 U 11
28 1 U 18
29 0 U 19
30 1 U 17
31 1 U 30
32 1 U 31
33 0 L 30
34 1 L 31
35 1 U 34
36 1 U -1
37 1 U 36
38 1 U 37
39 0 U 38
40 0 U 39
41 0 U 40
42 0 L 11
43 1 U 42
44 0 L 24
45 0 U 18
46 1 U 8
47 1 U 46
48 1 U 24
49 0 L 24
50 0 U 49
51 1 L 24
52 0 U 16
53 1 U 22
54 1 U -1
55 0 U 36
56 1 U 21
57 0 U 56
58 1 L 4
59 1 U 48
60 1 L 59
61 1 U 54
62 0 U 61
63 1 U -1
64 0 U 63
65 0 U 64
66 0 U 65
67 0 L 2
68 1 U 67
69 1 L 39
70 1 L 59
71 1 U 70
72 0 U -1
73 1 U 38
74 1 U 44
75 1 U 74
76 1 U 75
77 0 L 14
78 1 L 46
79 1 L 22
80 0 U 65
81 1 U -1
82 0 U 4
83 0 U 59
84 0 U 54
85 1 U 52
86 0 L 2
87 0 L 31
88 0 U 87
89 0 U 88
90 1 U 13
91 0 U 90
92 0 U 53
93 1 U 73
94 0 U 93
95 1 U 18
96 0 U 55
97 1 U 23
98
0 0 L -1
1 0 U 0
2 1 L -1
3 1 L 2
4 0 U 3
5 0 U 4
6 0 L 5
7 0 U 6
8 0 U 7
9 1 U -1
10 1 L 5
11 1 U 10
12 0 U 11
13 1 U 1
14 0 U 13
15 1 U 14
16 0 L 14
17 0 L 10
18 0 U -1
19 0 U 17
20 0 U 19
21 1 L 17
22 1 U 21
23 0 L 0
24 1 U 23
25 1 L 17
26 1 L 16
27 0 U 11
28 1 U 18
29 0 U 19
30 1 U 17
31 1 U 30
32 1 U 31
33 0 L 30
34 1 L 31
35 1 U 34
36 1 U -1
37 1 U 36
38 1 U 37
39 0 U 38
40 0 U 39
41 0 U 40
42 0 L 11
43 1 U 42
44 1 U 43
45 0 U 18
46 1 U 8
47 1 U 46
48 1 U 24
49 0 L 24
50 0 U 49
51 0 U 50
52 0 U 16
53 1 U 22
54 1 U -1
55 0 U 36
56 1 U 21
57 0 U 56
58 0 U 43
59 0 U 7
60 0 U 59
61 1 U 17
62 0 U 61
63 1 U -1
64 0 U 63
65 0 U 64
66 0 U 65
67 0 L 2
68 1 U 67
69 0 U 68
70 1 L 59
71 0 U 19
72 0 U -1
73 1 U 38
74 1 U 44
75 1 U 74
76 1 U 75
77 0 U 76
78 1 L 46
79 1 L 22
80 1 U 36
81 1 U -1
82 0 U 4
83 0 U 59
84 0 U 54
85 1 U 52
86 0 L 2
87 0 L 31
88 0 U 87
89 0 U 88
90 0 U 31
91 0 U 90
92 0 U 53
93 1 U 73
94 0 U 93
95 1 U 18
96 1 U 78
97 1 U 23
98
0 0 U -1
1 0 U -1
2 1 L -1
3 1 L 2
4 0 U 3
5 0 U 4
6 0 L 5
7 1 U 3
8 0 U 7
9 1 U -1
10 1 L 5
11 1 U 10
12 0 U 11
13 0 L 8
14 0 U 13
15 1 U 14
16 0 L 14
17 0 L 10
18 0 U -1
19 0 U 14
20 0 U 19
21 0 U 20
22 1 U 21
23 0 L 0
24 1 U 23
25 1 L 17
26 1 L 16
27 0 U 11
28 1 U 18
29 0 U 19
30 1 U 17
31 1 U 30
32 0 L 27
33 0 L 30
34 1 L 31
35 1 U 34
36 1 U -1
37 1 U 36
38 1 U 37
39 0 U 38
40 0 U 39
41 0 U 40
42 0 L 11
43 1 U 42
44 1 U 43
45 0 U 18
46 1 U 8
47 1 U 46
48 1 U 24
49 0 L 24
50 0 U 49
51 0 U 50
52 0 U 16
53 1 U 22
54 1 U -1
55 0 U 36
56 1 U 21
57 0 U 56
58 0 U 43
59 0 U 7
60 0 U 59
61 1 U 54
62 0 U 61
63 1 U -1
64 0 U 63
65 0 U 64
66 1 U 45
67 0 L 2
68 1 U 30
69 0 U 30
70 1 L 59
71 1 U 57
72 0 U -1
73 1 U 38
74 1 U 44
75 1 U 74
76 1 L 73
77 0 U 76
78 1 L 46
79 1 L 22
80 0 U 65
81 1 U -1
82 0 U 4
83 0 U 59
84 0 U 54
85 0 U 26
86 0 U 81
87 0 L 31
88 0 U 87
89 0 U 88
90 0 L 55
91 0 U 90
92 0 U 53
93 1 U 73
94 0 U 93
95 0 L 77
96 1 U 78
97 1 U 23
98
0 0 U -1
1 1 U 0
2 1 L -1
3 1 L 2
4 0 U 3
5 0 U 4
6 0 L 5
7 0 U 6
8 1 U 2
9 1 U 3
10 0 U 7
11 1 U 10
12 0 U 11
13 1 L 0
14 0 U 13
15 1 U 14
16 0 L 14
17 0 L 10
18 0 U -1
19 0 U 17
20 0 U 19
21 0 U 20
22 1 U 21
23 0 L 0
24 1 U 23
25 1 L 17
26 1 L 16
27 0 U 11
28 1 U 18
29 0 U 19
30 1 U 17
31 1 U 30
32 1 U 31
33 0 L 30
34 1 L 31
35 1 U 34
36 1 L 30
37 0 L 33
38 1 U 37
39 0 U 38
40 0 U 39
41 0 U 40
42 0 L 11
43 1 U 42
44 0 L 7
45 0 U 18
46 1 U 8
47 1 U 46
48 1 U 24
49 0 L 24
50 0 U 49
51 0 U 50
52 0 U 16
53 1 U 22
54 1 U -1
55 0 U 36
56 1 U 21
57 0 U 56
58 0 U 43
59 0 U 7
60 0 U 59
61 1 U 54
62 0 U 61
63 1 U -1
64 0 U 63
65 0 U 64
66 0 U 65
67 0 L 2
68 1 U 67
69 0 U 68
70 1 L 59
71 1 L 14
72 0 U -1
73 1 U 38
74 1 U 44
75 1 U 49
76 1 U 75
77 0 U 76
78 0 L 48
79 1 L 22
80 0 U 65
81 1 U -1
82 0 U 4
83 0 U 59
84 0 U 54
85 1 U 52
86 0 L 2
87 0 L 31
88 0 U 87
89 0 U 88
90 0 U 31
91 0 U 90
92 0 U 53
93 0 L 64
94 0 U 93
95 1 U 18
96 1 U 78
97 1 U 23
98
0 0 U -1
1 1 U 0
2 1 L -1
3 1 L 2
4 0 L 2
5 0 U 4
6 0 L 5
7 0 U 6
8 1 L 2
9 1 U -1
10 1 L 5
11 1 U 10
12 0 U 11
13 1 L 0
14 0 U 13
15 1 U 14
16 0 L 14
17 0 L 10
18 0 U -1
19 0 U 17
20 0 U 19
21 0 U 20
22 1 U 21
23 0 L 0
24 1 U 23
25 1 L 17
26 1 L 16
27 0 U 11
28 1 U 18
29 0 U 19
30 1 U 17
31 1 U 30
32 0 U -1
33 0 L 30
34 1 L 31
35 1 U 34
36 1 U -1
37 1 U 36
38 1 U 37
39 0 U 38
40 0 U 39
41 0 U 40
42 0 L 11
43 1 U 42
44 1 U 43
45 0 U 18
46 1 U 8
47 1 U 46
48 1 U 24
49 0 L 24
50 0 U 49
51 0 U 50
52 0 U 16
53 1 U 22
54 1 U -1
55 0 U 36
56 1 U 21
57 0 U 56
58 0 U 43
59 0 U 7
60 0 U 59
61 1 U 54
62 0 U 61
63 1 U -1
64 0 U 63
65 0 U 64
66 0 U 65
67 0 L 2
68 1 U 67
69 0 U 68
70 1 L 59
71 1 U 70
72 0 U -1
73 1 U 38
74 1 U 44
75 1 U 74
76 1 U 75
77 0 U 76
78 1 L 46
79 1 L 22
80 0 U 65
81 1 U -1
82 0 U 4
83 0 U 59
84 0 U 54
85 1 U 52
86 0 L 2
87 0 L 31
88 0 U 87
89 0 U 88
90 0 U 31
91 1 L 7
92 0 U 53
93 1 U 73
94 0 U 93
95 1 U 61
96 1 U 78
97 1 U 23
98
0 1 U -1
1 1 U 0
2 1 L -1
3 1 L 2
4 0 U 3
5 0 U 4
6 0 L 5
7 0 U 6
8 0 U 7
9 1 U -1
10 1 L 5
11 1 U 10
12 0 U 11
13 1 L 0
14 0 U 13
15 1 U 14
16 0 L 14
17 0 L 10
18 0 U -1
19 0 U 17
20 0 U 19
21 0 U 20
22 1 U 21
23 0 L 0
24 1 U 23
25 1 L 17
26 1 L 16
27 0 U 11
28 1 U 21
29 0 U 19
30 0 L 1
31 1 U 30
32 1 U 31
33 0 L 30
34 1 L 31
35 1 U 34
36 1 U -1
37 1 U 36
38 1 U 37
39 0 U 38
40 0 U 39
41 0 U 40
42 1 U 35
43 0 U 38
44 1 U 43
45 0 U 18
46 1 U 8
47 1 U 46
48 1 U 24
49 0 L 24
50 0 U 49
51 0 U 50
52 0 U 16
53 1 U 22
54 1 U -1
55 0 U 36
56 1 U 21
57 0 U 56
58 0 U 43
59 0 U 7
60 0 U 59
61 1 U 54
62 0 U 61
63 1 U -1
64 0 U 63
65 0 U 64
66 0 U 65
67 0 U 5
68 1 U 67
69 0 U 68
70 1 L 59
71 1 U 70
72 0 U -1
73 1 U 35
74 1 U 44
75 1 U 74
76 1 L 32
77 0 U 76
78 1 L 46
79 1 L 22
80 0 U 65
81 1 U -1
82 0 U 4
83 0 U 59
84 0 U 54
85 1 U 52
86 0 L 2
87 0 L 31
88 1 U 84
89 0 U 88
90 0 U 31
91 0 U 90
92 0 U 53
93 1 U 73
94 0 U 93
95 1 U 18
96 1 U 78
97 1 U 23
98
0 0 U -1
1 1 U 0
2 1 L -1
3 1 L 2
4 0 U 3
5 0 U 0
6 0 L 5
7 0 U 6
8 0 U 7
9 1 U -1
10 1 L 5
11 1 U 10
12 0 U 11
13 1 L 0
14 0 U 13
15 1 U 14
16 0 L 14
17 0 L 10
18 0 U -1
19 0 U 17
20 0 U 19
21 0 U 20
22 1 U 21
23 0 L 0
24 1 U 23
25 1 L 17
26 1 L 16
27 0 U 11
28 1 U 18
29 0 U 19
30 1 U 17
31 1 U 30
32 1 U 31
33 0 L 30
34 1 L 31
35 1 U 34
36 1 U -1
37 1 U 36
38 1 U 37
39 0 U 38
40 0 U 39
41 0 U 40
42 1 U 41
43 1 U 42
44 1 U 43
45 0 L -1
46 1 U 8
47 1 U 46
48 1 U 24
49 0 L 24
50 0 U 49
51 0 U 50
52 0 U 16
53 1 U 22
54 1 U -1
55 0 U 36
56 0 U 3
57 0 U 56
58 0 U 43
59 0 U 7
60 0 U 59
61 1 L 38
62 0 U 61
63 1 U -1
64 0 U 63
65 0 U 64
66 1 L 48
67 0 L 2
68 1 U 67
69 0 U 68
70 1 L 59
71 1 U 70
72 0 U -1
73 1 U 38
74 1 U 44
75 1 U 74
76 1 U 75
77 0 U 76
78 1 L 46
79 1 L 22
80 0 U 65
81 1 U -1
82 0 U 4
83 0 U 59
84 0 U 54
85 1 U 52
86 0 L 2
87 0 L 31
88 0 U 87
89 0 U 88
90 0 U 31
91 0 U 90
92 0 U 53
93 1 U 73
94 0 U 93
95 1 U 18
96 1 U 78
97 1 U 23
98
0 0 U -1
1 1 U 0
2 1 L 1
3 1 L 2
4 0 U 3
5 0 U 4
6 0 L 5
7 0 U 6
8 0 U 2
9 1 U -1
10 1 L 5
11 1 U 10
12 0 U 11
13 0 L 1
14 0 U 13
15 1 U 14
16 0 L 14
17 0 L 10
18 0 U -1
19 0 U 17
20 0 U 19
21 0 U 20
22 1 U 21
23 0 L 0
24 1 U 23
25 1 L 10
26 1 L 16
27 0 U 11
28 1 U 18
29 0 U 19
30 1 U 17
31 1 U 30
32 1 U 31
33 0 L 15
34 0 U 9
35 1 L 33
36 1 U -1
37 1 U 17
38 1 U 37
39 0 U 38
40 0 U 39
41 0 U 40
42 0 L 11
43 1 U 42
44 1 U 43
45 0 U 18
46 1 U 8
47 1 U 46
48 1 U 24
49 0 L 24
50 0 U 49
51 0 U 50
52 0 U 16
53 1 U 22
54 1 U -1
55 0 U 36
56 1 U 21
57 0 U 56
58 0 U 43
59 1 L 23
60 0 U 59
61 1 U 54
62 0 U 61
63 0 L 15
64 0 U 63
65 0 U 64
66 0 U 65
67 0 L 2
68 1 U 67
69 0 U 68
70 1 L 59
71 1 U 70
72 0 L 37
73 1 U 38
74 1 U 44
75 1 U 74
76 1 U 75
77 0 U 76
78 1 L 46
79 1 L 22
80 0 U 65
81 1 U -1
82 0 U 4
83 0 U 59
84 0 U 54
85 1 U 52
86 0 L 2
87 0 L 31
88 0 L 61
89 0 U 88
90 0 U 31
91 1 L 37
92 0 U 53
93 1 U 73
94 0 U 78
95 1 U 18
96 1 U 78
97 1 U 23
98
0 0 U -1
1 1 U 0
2 1 L -1
3 1 L 2
4 0 U 3
5 1 L 0
6 0 L 5
7 0 U 6
8 0 U 7
9 1 U -1
10 1 L 5
11 1 U 10
12 0 U 11
13 1 L 0
14 0 U 13
15 1 U 14
16 0 L 14
17 0 L 10
18 0 U -1
19 0 U 17
20 1 L 16
21 0 U 20
22 1 U 21
23 0 L 0
24 1 U 23
25 1 L 17
26 1 L 16
27 1 L 25
28 1 U 18
29 0 U 19
30 1 U 17
31 1 U 30
32 1 U 31
33 1 L 16
34 1 L 31
35 1 U 34
36 1 L 19
37 1 U 36
38 1 U 37
39 0 U 38
40 0 U 39
41 0 U 40
42 0 L 11
43 1 U 42
44 1 U 43
45 0 U 18
46 1 U 8
47 1 U 46
48 1 U 24
49 1 U 48
50 0 U 49
51 0 U 50
52 0 U 16
53 1 U 22
54 1 U -1
55 0 U 36
56 1 U 21
57 0 U 56
58 0 U 43
59 1 L 5
60 0 U 59
61 1 L 21
62 0 U 61
63 1 U -1
64 0 U 63
65 0 U 64
66 0 U 65
67 0 L 2
68 1 U 67
69 0 U 68
70 1 L 59
71 1 U 70
72 0 U 57
73 1 U 38
74 1 U 44
75 1 U 74
76 1 U 75
77 0 U 76
78 1 L 46
79 1 L 22
80 0 U 65
81 1 U -1
82 0 U 4
83 0 U 59
84 0 U 18
85 1 U 52
86 0 L 2
87 0 L 31
88 0 U 87
89 0 U 88
90 0 U 31
91 0 U 90
92 0 U 53
93 1 U 73
94 0 U 93
95 1 U 18
96 1 U 78
97 1 U 23
98
0 0 U -1
1 1 U 0
2 1 L -1
3 1 L 2
4 0 U 3
5 0 U 4
6 0 L 5
7 1 L 6
8 0 U 7
9 1 U -1
10 1 L 5
11 1 U 10
12 0 U 11
13 1 L 0
14 0 U 13
15 1 U 14
16 0 L 14
17 0 L 10
18 0 U -1
19 0 U 17
20 0 U 19
21 0 U 20
22 1 U 21
23 0 L 0
24 1 U 23
25 1 L 17
26 1 L 16
27 0 U 11
28 1 U 18
29 0 U 19
30 1 U 17
31 1 U 30
32 1 U 31
33 0 L 30
34 0 U 6
35 1 U 34
36 1 U -1
37 1 U 36
38 1 U 37
39 0 U 38
40 0 U 39
41 0 U 40
42 0 L 11
43 1 U 42
44 1 U 43
45 0 U 18
46 1 U 8
47 1 U 46
48 1 U 24
49 0 L 24
50 0 L 22
51 0 U 50
52 0 U 16
53 1 U 22
54 1 U -1
55 0 U 36
56 1 U 21
57 0 U 56
58 0 U 43
59 0 U 7
60 0 U 59
61 0 L 45
62 0 U 61
63 1 U -1
64 0 U 63
65 0 U 64
66 0 U 65
67 0 L 2
68 1 U 67
69 0 U 68
70 1 L 59
71 1 U 70
72 0 U -1
73 1 U 38
74 1 L 67
75 1 U 74
76 1 U 75
77 0 U 76
78 1 L 46
79 0 U 63
80 0 U 65
81 1 U 4
82 0 U 4
83 0 U 59
84 0 U 54
85 1 U 52
86 0 L 2
87 0 L 31
88 0 U 87
89 1 U 62
90 0 U 31
91 0 U 90
92 1 L 1
93 1 U 73
94 0 U 93
95 1 U 18
96 1 U 78
97 1 U 23
98
0 0 U -1
1 1 U 0
2 1 L -1
3 1 L 2
4 0 U 3
5 0 U 4
6 0 L 5
7 0 U 6
8 0 U 7
9 1 U -1
10 1 L 5
11 1 U 10
12 0 U 11
13 1 L 0
14 0 U 13
15 1 U 14
16 0 L 14
17 0 L 10
18 0 U -1
19 0 U 17
20 0 U 19
21 0 U 20
22 1 U 21
23 0 L 0
24 1 U 23
25 1 L 17
26 1 L 16
27 0 U 11
28 0 U 16
29 0 U 19
30 1 U 17
31 1 U 30
32 1 U 31
33 0 L 30
34 1 L 31
35 1 U 34
36 1 U -1
37 1 U 36
38 0 U 21
39 0 U 38
40 0 U 39
41 0 U 40
42 0 L 11
43 1 U 42
44 1 U 43
45 0 U 18
46 1 L 0
47 1 U 46
48 1 U 24
49 0 L 24
50 0 U 49
51 0 U 50
52 0 U 16
53 1 U 22
54 1 U -1
55 0 U 36
56 1 U 21
57 0 U 56
58 0 U 43
59 0 U 7
60 0 U 59
61 1 U 54
62 0 U 61
63 1 L 37
64 0 U 63
65 0 U 64
66 0 U 65
67 0 L 2
68 0 U 0
69 0 U 68
70 1 L 59
71 1 U 70
72 0 U -1
73 1 U 38
74 1 U 44
75 1 U 74
76 1 U 75
77 0 U 76
78 1 L 46
79 1 L 22
80 0 U 65
81 1 U -1
82 0 U 4
83 0 U 61
84 1 L 40
85 1 U 52
86 0 L 2
87 0 L 31
88 0 U 87
89 0 U 88
90 0 U 60
91 0 U 90
92 0 U 53
93 1 U 73
94 0 U 93
95 1 U 89
96 1 U 78
97 1 U 23
98
0 0 U -1
1 1 U 0
2 1 L -1
3 0 L 0
4 0 L 0
5 0 U 4
6 0 L 5
7 0 L 5
8 0 U 7
9 1 U -1
10 1 L 5
11 1 U 10
12 0 U 11
13 1 L 0
14 0 U 13
15 1 U 14
16 0 L 14
17 1 U 5
18 0 U -1
19 0 U 17
20 0 U 19
21 0 U 20
22 1 U 21
23 0 L 0
24 1 U 23
25 1 L 17
26 1 L 16
27 0 U 11
28 1 U 18
29 0 U 19
30 1 U 17
31 1 U 30
32 1 U 31
33 0 L 30
34 1 L 31
35 1 U 34
36 1 U -1
37 1 U 36
38 1 U 37
39 0 U 38
40 0 U 39
41 0 U 40
42 0 L 11
43 1 U 42
44 1 U 43
45 0 U 18
46 1 U 8
47 1 U 46
48 1 U 24
49 0 L 24
50 0 U 49
51 0 U 50
52 0 U 14
53 1 U 22
54 1 U -1
55 0 U 36
56 1 U 21
57 0 U 56
58 0 U 43
59 0 U 7
60 0 U 59
61 1 U 54
62 0 U 61
63 1 U -1
64 0 L 5
65 0 U 64
66 0 U 65
67 0 L 2
68 1 U 67
69 0 U 68
70 1 L 59
71 1 U 70
72 0 U -1
73 1 U 38
74 1 U 44
75 1 U 74
76 1 U 75
77 0 U 76
78 1 L 46
79 1 L 60
80 0 U 65
81 1 U -1
82 0 U 4
83 0 U 59
84 0 U 54
85 1 U 73
86 0 L 2
87 0 L 31
88 0 U 87
89 0 U 88
90 0 U 31
91 0 U 90
92 0 U 53
93 1 U 73
94 0 U 93
95 1 U 18
96 1 U 78
97 0 L 20
98
0 0 U -1
1 1 U 0
2 1 L -1
3 1 L 2
4 0 L 3
5 0 U 4
6 0 L 5
7 0 U 6
8 0 U 7
9 1 U -1
10 1 L 5
11 1 U 10
12 0 U 11
13 0 L 6
14 1 U 8
15 0 U 6
16 0 L 14
17 0 L 10
18 0 U -1
19 0 U 17
20 0 U 19
21 0 U 20
22 1 U 21
23 0 L 0
24 1 U 23
25 1 L 17
26 1 L 16
27 0 U 11
28 1 U 18
29 1 U 15
30 1 U 17
31 1 U 30
32 1 U 31
33 0 L 30
34 1 L 31
35 1 U 34
36 1 U -1
37 1 U 36
38 1 U 37
39 0 U 3
40 0 U 39
41 0 U 40
42 0 L 11
43 1 U 42
44 1 U 43
45 0 U 18
46 1 U 8
47 1 U 46
48 1 U 24
49 0 L 24
50 0 U 49
51 0 U 50
52 0 U 16
53 1 U 22
54 1 U -1
55 0 U 36
56 1 U 21
57 0 U 56
58 0 U 43
59 0 U 7
60 0 U 59
61 1 U 54
62 0 U 61
63 1 U -1
64 0 U 63
65 0 U 64
66 0 U 65
67 0 L 2
68 1 U 67
69 0 U 68
70 1 L 59
71 1 U 70
72 0 U -1
73 1 U 38
74 1 U 44
75 1 U 74
76 1 U 75
77 0 U 76
78 0 L 3
79 1 L 22
80 0 U 65
81 1 U -1
82 0 U 4
83 0 L 10
84 0 U 54
85 1 U 52
86 0 L 2
87 0 L 31
88 0 U 87
89 0 U 88
90 0 U 31
91 0 U 90
92 0 U 53
93 1 U 73
94 0 U 93
95 1 U 18
96 1 U 78
97 1 U 23
98
0 0 U -1
1 1 U 0
2 1 L -1
3 1 L 2
4 0 U 3
5 1 U 4
6 0 L 5
7 0 U 6
8 0 U 7
9 1 U -1
10 1 L 5
11 1 U 10
12 0 U 11
13 1 L 0
14 0 U 13
15 0 U 6
16 0 L 14
17 0 L 10
18 0 U -1
19 0 U 17
20 0 U 19
21 0 U 20
22 1 U 21
23 0 L 0
24 0 U 6
25 1 L 17
26 1 L 16
27 0 U 11
28 1 U 18
29 1 U 14
30 1 U 17
31 1 U 30
32 1 U 31
33 0 L 30
34 1 L 31
35 1 L 24
36 1 U -1
37 1 U 36
38 1 U 37
39 0 U 38
40 1 U 27
41 0 L 31
42 1 U 32
43 1 U 42
44 1 U 43
45 0 U 18
46 1 U 31
47 1 U 46
48 1 U 24
49 0 L 24
50 0 U 49
51 0 U 50
52 0 L 2
53 1 U 22
54 1 U -1
55 0 U 36
56 1 U 11
57 0 U 56
58 0 U 43
59 0 U 7
60 0 U 59
61 1 U 54
62 0 U 61
63 1 U -1
64 0 U 63
65 0 U 64
66 0 U 65
67 0 L 2
68 1 U 67
69 0 U 68
70 1 L 59
71 1 U 70
72 0 U -1
73 1 U 38
74 1 U 44
75 1 U 74
76 1 U 75
77 0 U 76
78 1 L 46
79 1 L 22
80 0 U 65
81 1 U -1
82 0 U 4
83 1 L 70
84 0 U 54
85 1 U 52
86 0 L 2
87 0 L 41
88 0 U 41
89 0 U 88
90 0 U 31
91 0 U 90
92 0 U 53
93 1 U 73
94 0 U 93
95 1 U 18
96 1 U 78
97 1 U 23
98
0 0 U -1
1 1 U 0
2 1 L -1
3 1 L 2
4 0 U 3
5 0 U 4
6 0 L 5
7 0 U 6
8 0 U 7
9 1 U -1
10 1 L 5
11 1 U 10
12 0 U 11
13 1 L 5
14 0 U 13
15 1 U 14
16 0 L 14
17 0 L 10
18 0 U -1
19 0 U 17
20 0 U 19
21 0 U 20
22 1 U 21
23 0 L 0
24 1 U 23
25 1 L 17
26 1 L 16
27 0 U 11
28 1 U 18
29 0 U 19
30 1 U 17
31 1 U 30
32 1 U 31
33 0 L 30
34 1 L 31
35 1 U 34
36 1 U -1
37 1 U 36
38 1 U 37
39 0 U 38
40 0 U 39
41 0 U 25
42 0 L 11
43 1 U 42
44 1 U 43
45 0 U 18
46 1 U 8
47 1 L 12
48 1 U 24
49 0 L 24
50 0 U 49
51 0 U 50
52 0 U 16
53 1 U 22
54 1 U -1
55 1 L 25
56 1 U 21
57 0 U 56
58 0 U 43
59 0 U 7
60 0 U 59
61 1 U 54
62 0 U 61
63 1 U -1
64 0 U 63
65 0 U 64
66 0 U 65
67 1 L 59
68 1 U 67
69 0 U 68
70 1 L 59
71 1 U 70
72 0 U -1
73 1 U 38
74 1 U 44
75 1 U 74
76 1 U 75
77 0 U 76
78 1 L 46
79 1 L 22
80 0 U 65
81 1 U -1
82 1 U 9
83 0 U 59
84 0 U 54
85 1 U 52
86 0 L 2
87 0 L 31
88 1 L 9
89 0 U 88
90 0 U 31
91 0 U 90
92 0 U 53
93 1 U 73
94 0 U 93
95 1 U 18
96 1 U 78
97 1 U 23
98
0 0 U -1
1 1 U 0
2 1 L -1
3 1 L 2
4 0 U 3
5 1 U 0
6 1 U 1
7 0 U 6
8 0 U 7
9 0 U 0
10 1 L 5
11 1 U 10
12 0 U 11
13 1 L 0
14 0 U 13
15 1 U 14
16 0 L 14
17 0 L 10
18 0 U -1
19 1 U 5
20 0 U 15
21 0 U 0
22 1 U 21
23 0 L 0
24 0 U 23
25 1 L 17
26 1 L 16
27 0 U 11
28 1 U 18
29 0 U 19
30 0 U 17
31 1 L 4
32 1 U 31
33 1 U 11
34 1 L 31
35 1 U 34
36 1 U -1
37 1 L 4
38 1 U 37
39 0 U 38
40 0 U 39
41 0 U 40
42 0 L 11
43 1 U 42
44 1 U 43
45 0 U 18
46 0 U 23
47 1 U 46
48 1 U 24
49 0 L 24
50 0 U 49
51 0 U 50
52 1 U 4
53 0 U 34
54 1 U -1
55 0 U 36
56 1 U 21
57 0 U 56
58 0 U 43
59 0 U 7
60 0 U 59
61 1 U 54
62 0 U 61
63 1 U -1
64 0 U 63
65 0 U 64
66 0 U 65
67 0 L 2
68 1 U 67
69 0 U 68
70 1 L 59
71 1 U 70
72 0 U -1
73 0 U 60
74 1 U 44
75 1 U 74
76 1 U 75
77 0 U 76
78 1 L 46
79 1 L 22
80 0 U 65
81 1 U -1
82 0 U 4
83 0 U 59
84 0 U 54
85 1 U 52
86 0 L 2
87 0 L 31
88 0 U 87
89 0 U 88
90 0 U 31
91 0 U 90
92 0 U 53
93 1 L 83
94 0 L 0
95 1 U 18
96 1 U 78
97 1 U 23
98
0 0 U -1
1 1 U 0
2 1 L -1
3 1 L 2
4 1 L 2
5 0 U 4
6 0 L 5
7 0 U 6
8 0 U 7
9 1 U -1
10 1 L 5
11 1 L 5
12 1 U 1
13 1 L 0
14 0 U 13
15 1 U 14
16 0 L 14
17 0 L 10
18 0 U -1
19 0 U 17
20 0 U 19
21 0 U 20
22 1 U 21
23 0 L 0
24 1 U 23
25 1 L 17
26 1 L 16
27 0 U 11
28 1 U 18
29 0 U 19
30 1 U 17
31 1 U 30
32 1 U 31
33 0 L 30
34 1 L 31
35 0 L 20
36 1 U -1
37 1 U 36
38 1 U 37
39 0 U 38
40 0 U 39
41 0 U 40
42 1 U 37
43 1 U 42
44 1 U 43
45 0 U 18
46 1 U 8
47 1 U 46
48 0 L 38
49 0 L 24
50 0 U 49
51 0 U 50
52 0 U 16
53 1 U 22
54 1 U -1
55 0 U 36
56 1 U 21
57 0 U 56
58 0 U 43
59 0 U 7
60 0 U 59
61 1 U 54
62 0 U 61
63 1 U -1
64 0 U 63
65 0 U 64
66 0 U 65
67 0 L 2
68 1 U 67
69 0 U 68
70 1 L 59
71 1 L 25
72 0 U -1
73 1 U 38
74 1 U 44
75 1 U 74
76 0 L 32
77 0 U 76
78 1 L 46
79 1 U 46
80 0 U 65
81 1 U -1
82 0 U 4
83 0 U 59
84 0 U 54
85 1 U 52
86 0 L 2
87 0 L 31
88 0 U 87
89 0 U 88
90 0 U 31
91 0 U 90
92 0 U 53
93 1 U 73
94 1 U 59
95 1 L 77
96 1 U 78
97 1 U 23
98
0 0 U -1
1 1 U 0
2 1 L -1
3 1 L 2
4 0 U 3
5 0 U 4
6 0 L 5
7 0 U 6
8 0 U 7
9 1 U -1
10 1 L 5
11 1 U 10
12 0 U 11
13 1 L 0
14 0 U 13
15 1 U 14
16 0 L 14
17 0 L 6
18 0 U -1
19 0 U 17
20 0 U 19
21 0 U 20
22 1 U 21
23 0 U 14
24 1 U 23
25 1 L 17
26 1 L 16
27 0 U 11
28 1 U 18
29 0 U 19
30 1 U 17
31 1 U 30
32 1 U 31
33 0 L 30
34 1 L 31
35 1 U 34
36 1 U -1
37 1 U 36
38 1 U 37
39 0 U 38
40 0 U 39
41 0 U 40
42 1 L 18
43 0 U 23
44 1 U 43
45 0 U 18
46 1 U 8
47 1 U 46
48 1 U 24
49 0 L 24
50 0 U 49
51 0 U 50
52 0 U 16
53 1 U 5
54 1 U -1
55 1 U 4
56 1 U 21
57 0 U 56
58 0 U 43
59 0 U 7
60 0 U 59
61 1 U 54
62 0 U 61
63 1 U -1
64 0 U 63
65 0 U 64
66 1 L 14
67 0 L 2
68 1 U 67
69 0 U 68
70 1 L 59
71 1 U 70
72 0 U -1
73 1 U 38
74 1 U 41
75 1 U 74
76 1 U 75
77 0 L 72
78 1 L 46
79 1 L 22
80 0 U 65
81 1 U -1
82 0 U 4
83 0 U 59
84 0 L 31
85 1 U 52
86 1 L 4
87 0 L 31
88 0 U 87
89 0 U 88
90 0 U 31
91 0 U 90
92 0 U 53
93 1 U 73
94 0 U 93
95 1 U 18
96 1 U 78
97 1 U 23
98
0 0 U -1
1 1 U 0
2 1 L -1
3 1 L 2
4 0 L 0
5 0 U 4
6 1 U 5
7 1 L -1
8 0 U 7
9 1 U -1
10 1 L 5
11 1 U 10
12 0 U 11
13 1 L 0
14 0 U 13
15 1 U 14
16 0 L 14
17 0 L 10
18 0 U -1
19 0 U 17
20 0 U 19
21 0 U 20
22 1 L 8
23 0 L 0
24 1 U 23
25 1 L 17
26 1 L 16
27 0 U 11
28 0 U 25
29 0 U 19
30 1 U 17
31 1 U 30
32 1 U 18
33 0 L 30
34 1 L 31
35 1 U 34
36 1 U -1
37 1 U 36
38 1 U 22
39 0 U 38
40 0 U 39
41 0 U 40
42 0 L 16
43 1 U 42
44 1 U 43
45 0 U 18
46 1 U 8
47 1 U 30
48 1 U 24
49 0 L 24
50 1 U 9
51 0 U 50
52 0 U 16
53 1 U 22
54 1 U -1
55 0 U 36
56 1 U 21
57 0 U 46
58 0 U 43
59 0 U 7
60 1 L 10
61 1 U 54
62 0 U 61
63 1 U -1
64 0 U 63
65 0 U 64
66 0 U 65
67 0 L 2
68 1 U 67
69 0 L 7
70 1 L 59
71 1 U 70
72 0 U -1
73 1 U 38
74 1 L 21
75 1 U 74
76 1 U 75
77 0 U 76
78 1 L 46
79 1 L 22
80 0 U 65
81 1 U -1
82 0 U 4
83 0 U 59
84 0 U 54
85 1 U 52
86 0 L 2
87 1 L 28
88 0 U 87
89 0 U 88
90 0 U 31
91 0 U 90
92 0 U 53
93 1 U 73
94 0 U 93
95 1 U 18
96 1 U 42
97 1 U 23
98
0 0 U -1
1 1 U 0
2 1 L -1
3 1 L 2
4 0 U 3
5 0 U 4
6 0 L 5
7 0 U 6
8 1 L 7
9 1 U -1
10 1 L 5
11 0 U 8
12 0 U 11
13 1 L 0
14 0 U 13
15 0 U 8
16 0 L 14
17 0 L 10
18 0 U -1
19 0 U 17
20 0 U 19
21 1 L 19
22 0 U 16
23 0 L 0
24 1 U 23
25 0 U -1
26 1 L 16
27 0 U 11
28 1 U 18
29 1 U 9
30 1 U 17
31 1 U 30
32 1 U 31
33 0 L 30
34 1 L 31
35 1 U 34
36 1 U -1
37 1 U 36
38 1 U 37
39 0 U 38
40 0 U 39
41 0 U 40
42 1 U 4
43 1 U 42
44 1 U 43
45 0 U 18
46 0 U 2
47 1 U 46
48 1 U 24
49 0 L 24
50 0 U 49
51 0 U 50
52 0 U 16
53 0 L 50
54 0 U 15
55 0 L 47
56 1 U 21
57 0 U 56
58 0 U 43
59 0 U 7
60 0 U 59
61 1 U 54
62 0 U 61
63 1 U -1
64 0 U 63
65 0 U 64
66 0 U 65
67 1 L 34
68 1 U 67
69 0 U 68
70 1 L 59
71 1 U 70
72 0 U -1
73 1 U 38
74 1 U 44
75 0 L 29
76 1 U 75
77 0 U 76
78 1 L 46
79 0 L 48
80 0 U 65
81 1 L 43
82 0 U 4
83 0 U 59
84 0 U 54
85 1 U 52
86 0 L 2
87 0 L 31
88 0 U 87
89 0 U 88
90 0 U 31
91 0 U 90
92 0 U 53
93 1 U 73
94 0 U 93
95 1 U 18
96 1 U 78
97 1 U 23
98
0 0 U -1
1 1 U 0
2 1 L -1
3 1 L 2
4 0 U 3
5 0 U 4
6 0 L 3
7 0 U 6
8 0 U 7
9 0 L 0
10 1 L 5
11 1 U 10
12 0 U 11
13 1 L 0
14 0 U 13
15 1 U 14
16 0 L 14
17 0 L 10
18 0 U -1
19 0 U 17
20 0 U 19
21 0 U 20
22 1 U 21
23 0 L 0
24 1 U 23
25 1 L 17
26 1 L 16
27 0 U 8
28 1 U 18
29 0 U 19
30 1 U 17
31 1 U 30
32 1 U 31
33 0 L 30
34 1 L 0
35 1 U 34
36 1 U -1
37 1 U 36
38 1 U 37
39 0 U 38
40 0 U 39
41 0 U 40
42 0 L 11
43 1 U 42
44 1 U 43
45 0 U 18
46 1 U 8
47 1 U 46
48 1 U 24
49 0 L 24
50 0 U 49
51 0 U 50
52 0 U 16
53 1 U 22
54 0 U 29
55 0 U 36
56 1 U 21
57 0 U 56
58 0 U 43
59 0 U 7
60 1 L 16
61 1 U 54
62 0 U 61
63 1 U 25
64 0 U 63
65 0 U 64
66 0 U 65
67 0 L 2
68 1 U 67
69 0 U 68
70 1 L 59
71 1 U 70
72 1 U 71
73 1 L 57
74 0 U 62
75 1 U 74
76 1 U 75
77 0 U 76
78 1 L 46
79 1 L 22
80 0 L 35
81 1 U -1
82 1 L 48
83 0 U 59
84 1 U 7
85 1 U 52
86 0 L 2
87 0 L 31
88 0 U 87
89 0 U 88
90 0 L 7
91 0 U 90
92 0 U 53
93 1 U 73
94 0 U 93
95 1 U 18
96 1 U 78
97 1 U 23
98
0 0 U -1
1 1 U 0
2 1 L -1
3 0 U 0
4 0 U 3
5 0 U 4
6 0 L 5
7 1 U 2
8 0 U 7
9 1 U -1
10 1 L 5
11 1 L 2
12 0 U 11
13 1 L 0
14 0 U 13
15 1 U 14
16 0 L 14
17 0 L 10
18 0 U -1
19 0 U 17
20 0 U 19
21 0 U 20
22 1 U 21
23 0 L 0
24 1 U 23
25 1 L 17
26 1 L 16
27 0 U 11
28 1 U 18
29 0 U 19
30 1 U 17
31 0 L 30
32 1 U 31
33 0 L 30
34 1 L 31
35 1 U 34
36 1 U -1
37 1 U 36
38 1 U 37
39 0 U 38
40 0 U 13
41 0 U 40
42 0 L 11
43 1 U 42
44 1 U 43
45 0 U 18
46 1 U 8
47 1 U 46
48 1 U 24
49 0 L 24
50 0 U 49
51 0 U 50
52 0 U 16
53 1 U 22
54 1 U -1
55 0 U 36
56 1 U 21
57 0 U 56
58 0 U 43
59 0 U 7
60 0 U 59
61 1 U 54
62 0 U 61
63 1 L 19
64 0 U 63
65 0 U 64
66 0 U 65
67 0 L 2
68 1 U 67
69 0 U 68
70 1 L 59
71 1 U 70
72 0 U -1
73 1 U 38
74 1 U 44
75 1 U 74
76 1 U 75
77 0 U 76
78 1 L 46
79 1 L 22
80 0 U 65
81 1 U -1
82 0 U 4
83 0 U 59
84 0 U 54
85 0 L 63
86 0 L 2
87 0 L 31
88 0 U 87
89 0 U 88
90 0 U 31
91 0 U 90
92 0 U 53
93 1 U 73
94 0 U 93
95 1 U 18
96 1 U 78
97 1 U 23
98
0 0 U -1
1 0 U -1
2 1 L -1
3 1 L 2
4 0 U 3
5 0 U 4
6 0 L 5
7 0 U 6
8 0 U 7
9 1 U -1
10 1 L 5
11 1 U 10
12 0 U 11
13 0 L 6
14 0 U 13
15 0 L 12
16 0 L 14
17 0 L 14
18 0 U -1
19 0 U 17
20 0 U 19
21 0 U 20
22 1 U 21
23 0 L 0
24 1 U 23
25 1 U 21
26 1 L 16
27 0 U 11
28 1 U 18
29 0 U 19
30 1 U 17
31 1 U 30
32 1 L 31
33 0 L 30
34 1 L 31
35 1 U -1
36 1 U -1
37 1 U 36
38 1 U 37
39 0 U 38
40 0 U 39
41 0 U 40
42 0 L 11
43 1 U 42
44 1 U 43
45 0 U 18
46 1 U 8
47 1 U 46
48 1 U 24
49 0 L 24
50 0 U 49
51 0 U 50
52 0 U 16
53 1 U 22
54 1 U -1
55 0 U 36
56 1 U 21
57 0 U 56
58 0 U 43
59 0 U 7
60 0 U 59
61 1 U 54
62 0 U 61
63 1 U -1
64 0 U 63
65 0 U 64
66 0 U 65
67 0 L 2
68 1 U 67
69 1 U 58
70 1 L 59
71 1 U 70
72 0 U -1
73 1 U 38
74 0 L 14
75 1 U 74
76 1 U 75
77 0 U 76
78 1 L 46
79 1 L 22
80 0 U 65
81 0 L 18
82 0 U 14
83 0 U 59
84 0 U 54
85 1 U 52
86 0 L 2
87 0 L 31
88 0 U 87
89 0 U 88
90 0 U 31
91 0 U 90
92 0 U 53
93 1 U 73
94 0 U 93
95 1 U 18
96 1 U 78
97 1 U 23
98
0 0 U -1
1 1 U 0
2 1 L -1
3 1 L 2
4 0 U 3
5 0 U 4
6 0 L -1
7 0 L 6
8 0 U 7
9 1 U -1
10 1 L 5
11 1 U 10
12 0 U 11
13 1 L 0
14 0 U 13
15 1 U 14
16 0 L 14
17 0 L 10
18 0 U -1
19 0 U 17
20 0 U 19
21 0 U 20
22 0 U 18
23 0 L 16
24 1 U 23
25 1 L 17
26 1 L 16
27 0 U 11
28 1 U 18
29 0 L 22
30 1 L 14
31 1 U 30
32 1 U 31
33 0 L 22
34 1 L 31
35 1 U 34
36 1 U -1
37 1 U 36
38 1 U 37
39 0 U 38
40 0 U 39
41 0 U 40
42 0 L 11
43 1 U 42
44 1 U 43
45 0 U 18
46 1 U 8
47 1 U 46
48 1 U 24
49 0 L 39
50 0 U 49
51 0 U 50
52 0 U 16
53 1 U 22
54 1 U -1
55 0 U 36
56 1 U 21
57 0 U 56
58 0 U 43
59 0 U 7
60 0 U 59
61 1 U 54
62 0 U 61
63 1 U -1
64 0 U 63
65 0 U 64
66 0 U 65
67 0 L 2
68 1 U 67
69 0 U 68
70 1 L 59
71 0 L 19
72 0 U -1
73 1 U 38
74 1 U 44
75 1 U 74
76 1 U 75
77 0 U 76
78 1 L 44
79 1 L 22
80 0 U 65
81 1 U -1
82 0 U 4
83 0 U 59
84 0 U 54
85 0 L 83
86 0 L 2
87 0 L 31
88 0 U 87
89 0 U 88
90 0 U 31
91 0 U 90
92 0 U 53
93 1 U 73
94 0 U 93
95 1 U 18
96 1 U 78
97 1 U 23
98
0 0 U -1
1 1 U 0
2 1 L -1
3 1 L -1
4 0 U 3
5 0 U 4
6 0 L 5
7 0 U 6
8 0 U 7
9 1 U 7
10 1 L 5
11 1 U 10
12 0 U 11
13 1 L 0
14 0 U 13
15 1 U 14
16 0 L 14
17 0 L 10
18 0 U -1
19 0 U 17
20 0 U 19
21 0 U 20
22 1 U 21
23 1 L 22
24 1 U 23
25 1 U 20
26 1 L 16
27 0 U 11
28 1 U 18
29 0 U 19
30 1 U 17
31 1 U 30
32 1 U 31
33 0 L 30
34 1 L 31
35 1 U 34
36 1 U -1
37 1 U 36
38 1 U 37
39 0 U 38
40 0 U 39
41 0 U 40
42 0 L 11
43 1 U 42
44 1 U 43
45 0 U 18
46 1 U 8
47 1 U 46
48 1 U 24
49 0 L 24
50 0 U 49
51 0 U 50
52 0 U 16
53 1 U 22
54 1 U -1
55 0 U 36
56 1 U 21
57 0 U 56
58 0 U 43
59 0 U 7
60 0 U 59
61 1 U 54
62 0 L 2
63 1 U -1
64 0 U 63
65 0 U 64
66 0 U 65
67 0 L 2
68 1 U 34
69 1 U 61
70 1 L 59
71 1 U 70
72 0 U -1
73 1 U 38
74 1 U 44
75 1 U 74
76 1 U 75
77 0 U 76
78 1 L 46
79 1 L 22
80 0 U 65
81 1 U -1
82 0 U 4
83 0 U 42
84 0 U 54
85 1 U 52
86 0 L 2
87 0 L 31
88 0 U 87
89 0 U 88
90 0 U 31
91 0 U 90
92 0 U 53
93 1 U 73
94 0 U 93
95 1 L 63
96 1 U 78
97 1 U 23
98
0 0 U -1
1 1 U 0
2 0 L 1
3 1 L 2
4 0 U 3
5 0 U 4
6 0 L 5
7 0 U 6
8 0 U 7
9 1 U -1
10 1 L 5
11 1 U 10
12 0 U 11
13 1 L 0
14 0 U 13
15 1 U 14
16 0 L 14
17 0 L 10
18 0 U 15
19 0 U 5
20 0 U 19
21 0 U 20
22 1 U 21
23 0 L 0
24 1 U 23
25 1 L 17
26 1 L 16
27 0 U 11
28 1 U 18
29 0 U 19
30 1 U 17
31 1 L 29
32 1 U 31
33 0 L 30
34 1 L 31
35 1 U 34
36 1 U -1
37 1 U 36
38 1 U 27
39 0 U 38
40 0 U 39
41 0 U 40
42 1 L 40
43 1 U 42
44 0 U 34
45 0 U 18
46 1 U 8
47 1 U 46
48 1 U 24
49 0 L 24
50 0 U 49
51 0 U 50
52 0 U 16
53 1 U 22
54 1 U -1
55 0 U 36
56 1 U 21
57 0 U 43
58 0 U 43
59 0 U 7
60 0 U 59
61 1 U 54
62 0 U 61
63 1 U -1
64 0 U 63
65 1 U 48
66 0 U 65
67 1 U 37
68 1 U 67
69 0 U 68
70 1 L 59
71 1 U 70
72 0 U -1
73 1 U 38
74 1 U 44
75 1 U 74
76 1 U 75
77 0 U 76
78 1 L 46
79 1 L 22
80 0 U 65
81 1 U -1
82 0 U 4
83 0 U 59
84 0 U 54
85 1 U 52
86 0 L 2
87 0 L 31
88 0 L 6
89 0 U 88
90 0 U 31
91 0 U 90
92 1 U 31
93 1 U 73
94 0 U 35
95 1 L 8
96 1 U 78
97 1 U 23
98
0 0 L -1
1 1 U 0
2 0 L 0
3 1 L 2
4 1 U 1
5 0 U 4
6 0 L 5
7 0 U 6
8 0 U 7
9 1 U -1
10 1 L 5
11 1 U 10
12 0 U 11
13 1 L 0
14 0 U 13
15 1 U 14
16 0 L 14
17 0 L 10
18 0 U -1
19 0 U 17
20 0 U 19
21 0 U 20
22 1 U 21
23 0 L 0
24 0 U 18
25 1 L 17
26 1 L 16
27 0 U 11
28 1 U 18
29 0 U 19
30 1 U 17
31 1 U 30
32 1 U 31
33 0 L 30
34 1 L 31
35 1 U 34
36 1 U -1
37 1 U 36
38 0 L 1
39 0 U 38
40 0 U 39
41 0 U 40
42 0 L 11
43 1 U 42
44 1 U 43
45 0 U 6
46 1 U 8
47 1 U 46
48 1 U 24
49 0 L 24
50 0 U 49
51 0 U 50
52 0 U 16
53 1 U 22
54 1 U -1
55 0 U 36
56 1 U 21
57 0 U 56
58 0 U 43
59 0 U 7
60 0 U 59
61 1 U 54
62 0 U 61
63 1 U -1
64 0 U 63
65 0 U 64
66 0 U 65
67 0 L 2
68 1 U 67
69 0 U 68
70 1 L 59
71 1 U 70
72 0 U -1
73 1 U 38
74 1 U 44
75 1 L 32
76 1 U 75
77 0 U 76
78 1 L 46
79 1 L 22
80 0 U 65
81 1 U -1
82 0 U 4
83 0 U 59
84 0 U 54
85 1 U 52
86 0 L 2
87 1 L -1
88 0 L 74
89 0 U 88
90 0 U 31
91 0 U 90
92 0 U 53
93 1 U 4
94 0 U 93
95 1 U 18
96 1 U 78
97 1 U 23
98
0 0 U -1
1 1 U 0
2 1 L -1
3 1 L 2
4 0 U 3
5 0 U 4
6 0 L 5
7 0 U 4
8 1 L 2
9 1 U -1
10 1 L 5
11 1 U 10
12 0 U 11
13 1 L 0
14 0 U 13
15 1 U 14
16 0 L 14
17 0 L 10
18 0 U -1
19 0 U 17
20 0 U 19
21 0 U 20
22 1 U 21
23 0 L 0
24 1 U 23
25 1 L 17
26 0 L 17
27 1 L 3
28 1 U 18
29 0 U 19
30 1 U 17
31 1 U 30
32 1 U 31
33 0 L 30
34 1 L 31
35 1 U 34
36 1 U -1
37 1 U 36
38 1 U 37
39 0 U 38
40 0 U 39
41 0 U 40
42 0 L 11
43 1 U 42
44 1 U 43
45 0 U 18
46 1 U 8
47 1 U 46
48 1 U 24
49 0 L 24
50 0 U 49
51 0 U 50
52 0 U 16
53 1 U 22
54 1 U -1
55 0 U 36
56 1 U 21
57 0 U 56
58 0 U 43
59 0 U 7
60 0 U 59
61 1 U 54
62 0 U 61
63 1 U -1
64 0 U 63
65 0 U 64
66 0 U 65
67 0 L 2
68 1 U 67
69 0 U 68
70 0 U 65
71 1 U 70
72 0 U -1
73 1 U 38
74 1 U 44
75 1 U 74
76 1 L 48
77 0 U 76
78 1 L 46
79 1 L 22
80 0 U 65
81 1 U -1
82 0 U 4
83 0 U 59
84 0 U 54
85 1 U 52
86 0 L 2
87 0 L 31
88 0 U 87
89 0 U 88
90 0 U 31
91 0 U 90
92 0 U 53
93 1 U 73
94 0 U 93
95 1 U 18
96 1 U 78
97 1 U 23
98
0 0 U -1
1 1 U 0
2 1 L -1
3 1 L 2
4 0 U 3
5 1 U 3
6 0 L 5
7 0 U 6
8 0 U 7
9 0 L 1
10 1 L 5
11 1 U 10
12 0 U 11
13 1 L 0
14 0 U 13
15 1 U 14
16 0 L 14
17 0 L 10
18 0 U -1
19 0 U 17
20 0 U 19
21 0 U 20
22 1 U 21
23 0 L 0
24 1 U 23
25 1 L 17
26 1 L 16
27 0 U 11
28 1 U 18
29 0 U 19
30 1 U 17
31 1 U 30
32 1 U 8
33 0 L 30
34 1 L 31
35 1 L 20
36 1 U -1
37 1 U 36
38 1 U 37
39 0 U 38
40 0 U 39
41 0 U 40
42 0 L 11
43 1 U 42
44 1 U 43
45 0 U 18
46 1 U 8
47 1 U 46
48 1 U 24
49 0 L 19
50 0 U 49
51 0 U 50
52 0 U 16
53 1 U 22
54 1 U -1
55 0 U 36
56 1 U 21
57 0 U 56
58 0 U 43
59 0 U 7
60 0 U 59
61 1 U 54
62 1 L 3
63 1 U -1
64 0 U 63
65 0 U 64
66 0 U 65
67 0 L 2
68 1 U 67
69 0 U 68
70 1 L 59
71 1 U 70
72 0 U -1
73 1 U 38
74 1 U 44
75 1 U 74
76 1 U 75
77 0 U 76
78 0 L 73
79 1 L 22
80 1 L 63
81 1 U -1
82 0 U 4
83 0 U 59
84 0 U 54
85 1 U 52
86 0 L 2
87 0 L 31
88 0 U 87
89 0 U 88
90 0 U 31
91 0 U 90
92 1 L 53
93 1 L 88
94 0 U 93
95 1 U 18
96 1 L 74
97 1 U 23
98
0 0 U -1
1 1 U 0
2 1 L -1
3 1 L 2
4 0 U 3
5 0 U 4
6 0 L 5
7 0 U 6
8 0 U 7
9 1 U -1
10 1 L 5
11 1 L -1
12 1 L 7
13 0 U 6
14 0 U 13
15 1 U 14
16 0 L 14
17 1 L 1
18 0 U -1
19 0 U 17
20 0 U 19
21 0 U 20
22 1 U 21
23 0 L 0
24 1 U 23
25 1 L 17
26 1 L 16
27 0 U 15
28 1 U 18
29 0 U 19
30 1 U 17
31 1 U 30
32 1 U 31
33 0 L 30
34 1 L 31
35 1 U 34
36 1 U -1
37 1 U 36
38 0 L 35
39 0 U 38
40 0 U 39
41 0 U 40
42 0 L 11
43 1 U 42
44 1 U 43
45 0 U 18
46 1 U 8
47 1 U 46
48 1 U 24
49 0 L 24
50 0 U 49
51 0 L 2
52 0 U 16
53 1 U 22
54 1 U -1
55 0 U 36
56 0 U 11
57 0 U 56
58 0 U 43
59 0 U 7
60 0 U 59
61 1 U 54
62 0 U 61
63 1 U -1
64 0 U 63
65 0 L 36
66 0 U 65
67 0 L 2
68 0 U 58
69 0 U 68
70 1 L 59
71 1 U 70
72 0 U -1
73 1 U 38
74 1 U 44
75 1 U 74
76 1 U 75
77 0 L 41
78 1 L 46
79 1 L 22
80 0 U 65
81 0 U 66
82 0 U 4
83 0 U 59
84 0 U 54
85 1 U 52
86 0 L 2
87 0 L 58
88 0 U 87
89 0 U 88
90 0 U 31
91 0 U 90
92 0 U 53
93 1 U 73
94 0 U 93
95 0 U 37
96 1 U 78
97 1 U 23
98
0 0 U -1
1 1 U 0
2 1 L -1
3 1 L 2
4 0 U 3
5 0 U 4
6 0 L 5
7 0 U 6
8 0 L 3
9 1 U -1
10 1 L 4
11 1 U 10
12 0 U 11
13 1 L 0
14 0 L -1
15 1 U 14
16 0 L 14
17 0 L 10
18 1 L 17
19 0 U 17
20 0 U 19
21 0 U 20
22 1 U 21
23 0 L 0
24 1 U 23
25 1 L 17
26 1 L 16
27 0 U 11
28 1 U 18
29 0 U 19
30 1 U 17
31 1 U 30
32 1 U 31
33 0 L 30
34 1 L 31
35 1 U 34
36 1 U -1
37 1 U 36
38 1 U 37
39 0 U 38
40 0 U 39
41 0 U 40
42 0 L 11
43 1 U 42
44 1 U 43
45 0 U 18
46 1 U 8
47 0 L 19
48 1 U 24
49 0 L 24
50 0 U 49
51 0 U 50
52 0 U 16
53 1 U 22
54 1 U -1
55 0 U 36
56 1 U 21
57 0 U 56
58 0 U 43
59 0 U 7
60 0 U 59
61 1 U 54
62 0 U 61
63 1 U -1
64 0 U 63
65 0 U 64
66 0 U 65
67 0 L 2
68 1 U 67
69 0 U 68
70 1 L 59
71 1 U 70
72 0 L 23
73 1 U 38
74 1 U 44
75 1 U 74
76 1 U 75
77 0 U 76
78 1 L 46
79 1 L 22
80 0 U 65
81 1 U -1
82 0 U 4
83 0 U 59
84 0 U 54
85 1 U 52
86 0 L 2
87 0 L 31
88 0 U 87
89 0 U 88
90 0 U 31
91 0 U 90
92 0 U 53
93 1 U 73
94 0 U 93
95 1 U 18
96 1 U 78
97 1 U 23
98
0 0 U -1
1 1 U 0
2 1 L -1
3 1 L 2
4 0 U 3
5 0 U 4
6 0 L 5
7 0 U 6
8 0 U 7
9 1 U -1
10 1 L 5
11 1 U 10
12 0 U 11
13 1 L 0
14 0 U 13
15 1 U 14
16 0 L 14
17 0 L 10
18 1 L 6
19 0 U 17
20 0 U 19
21 0 U 20
22 1 U 21
23 0 L 8
24 1 U 23
25 1 L 17
26 1 L 16
27 0 U 11
28 1 U 18
29 0 U 19
30 1 U 17
31 1 U 30
32 0 U 29
33 0 L 30
34 1 L 31
35 1 U 34
36 1 U -1
37 1 U 36
38 1 U 37
39 0 U 38
40 0 U 39
41 0 U 40
42 0 L 11
43 1 U 42
44 1 U 43
45 1 U 41
46 1 U 8
47 1 U 46
48 1 U 24
49 0 L 24
50 0 U 49
51 0 U 50
52 0 U 16
53 1 U 22
54 1 U -1
55 0 U 36
56 1 U 21
57 0 U 56
58 0 U 43
59 0 U 7
60 0 U 59
61 1 U 54
62 0 U 61
63 1 U -1
64 0 U 63
65 0 U 64
66 0 U 11
67 0 L 2
68 1 U 67
69 0 U 68
70 1 L 59
71 1 U 70
72 0 U -1
73 1 U 38
74 1 U 44
75 1 U 74
76 1 U 75
77 0 U 76
78 1 L 46
79 0 U 44
80 0 U 15
81 1 U -1
82 0 U 4
83 0 U 59
84 0 U 54
85 1 U 52
86 0 L 2
87 0 L 31
88 0 U 87
89 0 U 88
90 1 U 42
91 0 U 90
92 1 L 86
93 1 U 73
94 0 L 35
95 1 U 18
96 1 U 78
97 1 U 23
98
0 0 U -1
1 1 U 0
2 1 L -1
3 1 L 2
4 0 U 3
5 0 U 4
6 0 U 4
7 0 U 6
8 0 U 3
9 1 U -1
10 1 L 5
11 1 U 10
12 0 U 11
13 1 L 0
14 1 U 2
15 1 U 14
16 0 L 14
17 0 L 10
18 0 U -1
19 0 U 17
20 0 U 19
21 0 U 20
22 1 U 21
23 0 L 0
24 1 U 23
25 0 U 24
26 1 L 16
27 0 U 11
28 1 U 18
29 0 U 19
30 1 U 17
31 1 U 30
32 1 U 31
33 0 L 30
34 1 L 31
35 1 L 7
36 1 U -1
37 1 U 36
38 1 U 37
39 0 U 38
40 0 U 39
41 0 U 40
42 0 L 11
43 1 U 42
44 1 U 43
45 0 U 18
46 1 L 39
47 1 U 46
48 1 U 24
49 0 L 24
50 0 U 49
51 0 U 50
52 0 U 16
53 1 U 22
54 0 L 21
55 0 U 36
56 1 U 21
57 0 U 56
58 0 U 43
59 0 U 7
60 0 U 59
61 1 U 54
62 0 U 61
63 1 L 29
64 0 U 63
65 0 U 64
66 0 U 65
67 0 L 2
68 1 U 67
69 0 U 68
70 1 L 59
71 1 U 70
72 0 U -1
73 1 U 38
74 1 U 44
75 1 L 18
76 1 U 75
77 0 U 76
78 0 U 24
79 1 L 22
80 0 U 65
81 1 U -1
82 0 U 4
83 0 U 59
84 0 U 54
85 1 U 52
86 1 U 26
87 0 L 31
88 0 U 87
89 0 U 88
90 1 U 45
91 0 U 90
92 0 U 53
93 1 U 73
94 0 U 93
95 1 U 18
96 1 U 78
97 1 U 23
98
0 1 U -1
1 1 U 0
2 1 L -1
3 1 L 2
4 1 U 3
5 0 U 4
6 0 L 5
7 0 U 6
8 0 U 7
9 1 U -1
10 1 L 5
11 1 U 10
12 0 U 11
13 1 L 0
14 0 U 13
15 1 U 14
16 0 L 14
17 0 L 10
18 0 U -1
19 0 U 2
20 0 U 19
21 0 U 20
22 1 U 21
23 0 L 0
24 1 U 23
25 1 L 17
26 1 L 16
27 0 U 11
28 1 U 18
29 0 U 19
30 1 U 17
31 1 U 30
32 1 U 31
33 0 L 30
34 1 L 31
35 1 L 10
36 1 U -1
37 1 U 36
38 1 U 37
39 0 U 38
40 0 U 39
41 0 U 34
42 0 L 11
43 1 U 42
44 1 U 43
45 0 U 18
46 1 U 8
47 1 U 46
48 1 U 24
49 0 L 24
50 0 U 49
51 0 U 50
52 1 U 10
53 1 U 22
54 1 U -1
55 0 U 36
56 1 U 21
57 0 U 56
58 0 U 43
59 0 U 7
60 0 U 59
61 1 U 54
62 0 U 61
63 1 U -1
64 0 U 63
65 0 U 64
66 1 U 60
67 0 L 2
68 1 U 41
69 0 U 68
70 1 L 59
71 1 U 70
72 0 L 49
73 1 U 38
74 1 U 44
75 1 U 74
76 1 U 75
77 0 U 76
78 1 L 46
79 1 L 22
80 0 U 65
81 0 L 63
82 0 U 4
83 0 U 59
84 0 U 54
85 1 U 52
86 1 L 61
87 0 L 31
88 0 U 87
89 1 U 72
90 0 U 31
91 0 U 90
92 0 U 53
93 1 U 73
94 1 L 32
95 1 U 18
96 1 U 78
97 1 U 23
98
0 0 L -1
1 1 U 0
2 1 L -1
3 1 L 2
4 0 U 3
5 0 U 4
6 0 L 5
7 0 U 6
8 0 U 7
9 1 U -1
10 1 L 5
11 1 U 10
12 0 U 11
13 1 L 0
14 0 U 13
15 1 U 14
16 0 L 14
17 1 L 9
18 0 U -1
19 0 U 17
20 0 U 19
21 1 L 20
22 1 U 21
23 0 L 0
24 1 U 23
25 1 L 17
26 1 L 16
27 0 U 11
28 1 U 18
29 0 U 19
30 1 U 17
31 1 U 30
32 1 U 31
33 0 L 30
34 1 L 31
35 1 U 34
36 1 U -1
37 1 U 36
38 1 U 37
39 0 U 38
40 0 U 39
41 0 U 40
42 0 L 11
43 1 U 42
44 1 U 43
45 0 U 18
46 1 U 8
47 1 U 46
48 1 U 24
49 0 L 24
50 0 U 49
51 0 U 50
52 0 U 16
53 1 U 33
54 1 U -1
55 0 U 36
56 1 U 21
57 0 U 56
58 0 U 43
59 0 U 7
60 0 L 34
61 1 U 54
62 0 U 61
63 1 U -1
64 0 U 63
65 0 U 64
66 0 U 65
67 1 U 47
68 1 U 67
69 0 U 68
70 1 L 59
71 1 U 70
72 0 U -1
73 1 U 38
74 1 U 44
75 1 U 74
76 1 U 75
77 0 L 19
78 0 L 23
79 1 L 22
80 0 L 37
81 1 U -1
82 0 U 4
83 0 U 59
84 0 U 54
85 1 U 52
86 0 L 2
87 1 U 30
88 1 L 82
89 0 U 88
90 0 U 31
91 0 U 90
92 0 U 53
93 1 U 73
94 0 U 93
95 1 U 18
96 0 L 95
97 1 U 23
98
0 0 U -1
1 1 U 0
2 1 L -1
3 1 L 2
4 0 U 3
5 1 L 1
6 0 L 5
7 0 U 6
8 0 U 7
9 1 U -1
10 1 L 5
11 1 U 1
12 0 U 11
13 1 L 0
14 0 U 13
15 1 U 14
16 0 L 14
17 0 L 10
18 0 U -1
19 0 U 17
20 0 U 19
21 0 U 20
22 1 U 21
23 0 L 0
24 1 U 23
25 1 L 17
26 1 L 16
27 0 U 11
28 1 U 18
29 0 U 19
30 0 U 11
31 1 U 30
32 1 U 31
33 0 L 30
34 1 L 31
35 1 U 34
36 1 U -1
37 1 U 36
38 1 U 37
39 0 U 38
40 0 U 39
41 0 U 40
42 0 L 11
43 1 U 42
44 1 U 43
45 0 U 18
46 1 U 8
47 1 U 46
48 1 U 24
49 0 L 17
50 0 U 49
51 0 U 50
52 0 U 16
53 1 U 22
54 1 U -1
55 0 U 36
56 1 U 21
57 0 U 56
58 0 U 43
59 0 U 7
60 0 U 59
61 1 U 54
62 0 U 61
63 1 U -1
64 0 U 63
65 1 U 57
66 0 U 65
67 0 L 2
68 1 U 6
69 0 U 68
70 1 L 59
71 1 U 70
72 0 U -1
73 1 U 0
74 1 U 44
75 1 U 74
76 1 U 75
77 0 U 76
78 1 L 46
79 1 L 22
80 0 U 46
81 1 U -1
82 0 U 4
83 0 U 59
84 0 U 54
85 1 U 52
86 0 L 2
87 0 L 31
88 0 U 39
89 0 U 88
90 0 U 31
91 0 U 90
92 0 U 53
93 1 U 73
94 0 U 85
95 1 L 71
96 1 U 78
97 1 U 23
98
0 0 U -1
1 1 U 0
2 1 L -1
3 1 L 2
4 0 U 3
5 0 U 4
6 0 L 5
7 0 L 0
8 0 U 7
9 1 U -1
10 1 L 5
11 1 U 10
12 0 U 11
13 1 L 0
14 0 U 13
15 1 U 14
16 0 L 14
17 1 U 3
18 0 U -1
19 0 U 17
20 0 U 19
21 0 U 20
22 1 U 21
23 0 L 0
24 1 U 23
25 1 L 17
26 1 L 16
27 0 U 11
28 1 U 18
29 0 U 19
30 1 U 17
31 1 U 30
32 1 U 31
33 0 L 30
34 1 L 31
35 1 U 34
36 1 U -1
37 1 U 36
38 1 U 37
39 0 L 30
40 1 L -1
41 0 U 40
42 0 L 11
43 1 U 42
44 1 U 43
45 0 U 18
46 1 U 8
47 0 U 4
48 1 U 24
49 0 L 24
50 0 U 49
51 0 U 50
52 1 U 23
53 1 U 36
54 1 U -1
55 0 U 36
56 1 U 21
57 0 U 50
58 0 U 43
59 0 U 7
60 0 U 59
61 1 U 54
62 0 U 61
63 1 L 51
64 0 U 63
65 0 U 64
66 0 U 65
67 0 L 2
68 1 U 67
69 0 U 68
70 1 L 59
71 1 U 70
72 0 U -1
73 1 U 38
74 1 L 61
75 1 U 74
76 1 U 75
77 0 U 76
78 1 L 46
79 1 L 22
80 0 U 65
81 0 U 9
82 0 U 4
83 0 U 59
84 0 U 54
85 1 U 52
86 0 L 2
87 0 L 31
88 0 U 87
89 0 U 88
90 0 U 31
91 0 U 90
92 0 U 53
93 1 U 9
94 0 U 93
95 1 U 63
96 1 U 35
97 1 U 23
98
0 0 U -1
1 1 U 0
2 1 L -1
3 1 L 2
4 0 U 3
5 0 U 4
6 0 L 5
7 0 U 6
8 0 U 7
9 0 U 8
10 1 L 5
11 1 U 10
12 0 U 11
13 1 L 0
14 0 U 13
15 1 U 14
16 0 L 14
17 0 L 10
18 1 L 8
19 0 U 17
20 0 U 19
21 0 U 20
22 1 U 21
23 0 L 0
24 1 U 23
25 0 L 20
26 1 L 16
27 0 U 11
28 1 U 18
29 0 U 19
30 1 U 17
31 1 U 11
32 1 U 31
33 0 L 30
34 1 L 31
35 1 U 34
36 0 U 6
37 1 U 36
38 1 U 37
39 0 U 38
40 0 U 19
41 0 U 40
42 0 L 11
43 1 U 42
44 1 U 43
45 0 U 18
46 1 U 40
47 1 U 46
48 1 U 24
49 0 L 24
50 0 U 49
51 0 U 50
52 0 U 16
53 1 U 22
54 1 U -1
55 0 U 36
56 1 U 22
57 0 U 56
58 0 U 43
59 0 U 7
60 0 U 59
61 1 U 54
62 0 U 61
63 1 U -1
64 0 U 63
65 0 U 64
66 0 U 65
67 0 L 2
68 1 U 67
69 0 U 68
70 1 L 59
71 1 U 70
72 0 U -1
73 1 U 38
74 1 U 44
75 1 U 74
76 1 U 75
77 0 U 76
78 1 L 46
79 1 L 22
80 0 U 65
81 1 U -1
82 0 U 75
83 0 U 59
84 0 U 54
85 1 U 52
86 0 L 2
87 0 L 31
88 0 U 87
89 0 U 88
90 0 U 31
91 1 L 28
92 1 L 86
93 1 U 73
94 0 U 93
95 1 U 18
96 1 U 78
97 1 U 23
98
0 0 U -1
1 1 U 0
2 1 U -1
3 1 L 2
4 0 U 3
5 0 U 4
6 0 L 5
7 0 U 6
8 0 U 7
9 1 U -1
10 1 L 5
11 1 U 10
12 0 U 11
13 1 L 0
14 0 U 13
15 1 U 14
16 0 L 14
17 0 L 10
18 0 U -1
19 0 U 17
20 0 U 19
21 0 U 20
22 1 U 21
23 0 L 0
24 1 U 23
25 1 L 17
26 1 L 16
27 0 U 11
28 1 U 18
29 0 U 19
30 1 U 17
31 1 U 30
32 1 U 31
33 1 U 12
34 1 L 31
35 1 U 34
36 1 U -1
37 1 U 36
38 1 U 37
39 0 U 38
40 1 L 18
41 0 U 40
42 0 U 35
43 1 U 42
44 1 U 43
45 0 U 18
46 1 L 12
47 1 U 46
48 1 U 24
49 0 U 41
50 0 U 49
51 0 U 50
52 0 U 16
53 1 U 22
54 1 U -1
55 0 U 36
56 1 U 21
57 0 U 56
58 0 U 43
59 0 U 7
60 0 U 59
61 1 U 54
62 0 U 61
63 1 U -1
64 0 U 63
65 0 U 64
66 0 U 65
67 0 L 2
68 1 U 67
69 0 U 24
70 1 L 59
71 1 U 70
72 0 U -1
73 1 L 53
74 1 U 44
75 1 U 74
76 1 U 75
77 0 U 76
78 1 L 46
79 1 L 22
80 0 U 63
81 1 U -1
82 0 U 4
83 0 U 59
84 0 U 54
85 1 U 52
86 0 L 2
87 1 L 50
88 0 U 87
89 0 U 88
90 0 U 31
91 0 U 90
92 0 U 53
93 1 U 73
94 0 U 93
95 1 U 18
96 1 U 78
97 1 U 23
98
0 0 L -1
1 1 U 0
2 1 L -1
3 1 L 2
4 0 L 1
5 0 U 4
6 0 L 5
7 0 U 6
8 0 U 7
9 1 U -1
10 1 L 5
11 1 U 10
12 0 U 11
13 1 L 0
14 0 U 13
15 1 U 14
16 0 L 14
17 0 L 10
18 0 U -1
19 0 U 17
20 0 U 19
21 0 U 20
22 1 U 21
23 0 L 0
24 1 U 23
25 1 L 17
26 1 L 16
27 0 U 11
28 1 U 18
29 0 U 19
30 1 U 17
31 0 U 25
32 1 U 31
33 0 L 30
34 1 L 31
35 1 U 34
36 1 U -1
37 1 L 9
38 1 U 37
39 0 U 38
40 0 U 39
41 0 U 40
42 0 L 11
43 1 U 42
44 1 U 43
45 0 U 18
46 1 U 8
47 1 U 46
48 1 U 24
49 0 L 24
50 0 U 49
51 0 U 50
52 0 U 16
53 1 U 22
54 1 L 24
55 0 U 36
56 1 U 21
57 0 U 56
58 0 U 43
59 0 U 7
60 0 U 59
61 1 U 54
62 0 U 61
63 1 U -1
64 0 U 63
65 0 U 64
66 0 U 65
67 0 L 2
68 1 U 67
69 0 U 68
70 1 L 59
71 1 U 70
72 0 U -1
73 1 U 38
74 1 U 44
75 1 U 74
76 1 U 75
77 0 U 76
78 1 L 46
79 1 L 22
80 0 U 65
81 1 U -1
82 0 U 4
83 1 L 41
84 0 U 54
85 1 U 52
86 0 L 2
87 0 L 31
88 0 U 87
89 0 U 88
90 0 U 31
91 0 U 90
92 0 U 53
93 1 U 73
94 0 U 93
95 1 U 18
96 1 U 78
97 1 U 23
98
0 0 U -1
1 1 U 0
2 1 L 0
3 1 L 2
4 0 U 3
5 0 U 4
6 0 L 5
7 0 U 6
8 0 U 7
9 1 U -1
10 1 L 5
11 1 U 10
12 0 U 11
13 1 L 0
14 0 U 13
15 1 U 14
16 0 L 14
17 1 L 4
18 0 U -1
19 0 U 17
20 0 U 19
21 0 U 20
22 1 U 21
23 0 L 0
24 1 L 11
25 1 L 17
26 1 L 16
27 0 U 11
28 1 U 18
29 0 U 19
30 1 U 17
31 1 U 30
32 1 U 31
33 0 L 30
34 1 L 31
35 0 U 2
36 1 U -1
37 1 U 36
38 1 U 37
39 0 U 38
40 0 U 39
41 0 U 40
42 0 L 11
43 1 U 42
44 1 U 43
45 0 U 18
46 1 U 8
47 1 U 46
48 1 U 24
49 0 L 24
50 0 U 49
51 0 U 50
52 0 U 16
53 1 U 22
54 1 U -1
55 0 U 36
56 1 L 4
57 0 U 56
58 0 U 43
59 0 U 7
60 0 U 59
61 1 U 54
62 1 U 27
63 1 U 12
64 0 U 63
65 0 U 64
66 0 U 65
67 0 L 2
68 1 U 67
69 1 U 29
70 1 L 59
71 1 U 70
72 0 U -1
73 1 U 38
74 1 U 44
75 1 U 74
76 1 U 75
77 0 U 76
78 1 L 46
79 1 L 22
80 0 U 65
81 1 U -1
82 1 L 67
83 0 U 66
84 0 U 54
85 1 U 52
86 0 L 2
87 0 L 31
88 0 U 87
89 0 U 88
90 0 U 2
91 0 U 90
92 0 U 53
93 1 U 73
94 0 U 93
95 1 U 18
96 1 U 78
97 1 L 91
98
0 0 U -1
1 1 U 0
2 1 L -1
3 1 L 2
4 0 U 3
5 0 U 4
6 0 L 5
7 0 U 6
8 0 U 7
9 1 U -1
10 1 L 5
11 1 U 10
12 0 U 11
13 1 L 0
14 0 U 13
15 1 U 14
16 0 L 14
17 0 L 10
18 1 L 3
19 0 U 17
20 0 U 19
21 0 U 20
22 1 U 21
23 0 L 0
24 1 U 23
25 1 L 17
26 1 L 16
27 0 U 11
28 1 U 18
29 0 U 19
30 1 U 17
31 1 U 30
32 1 U 31
33 0 L 30
34 1 L 31
35 1 U 34
36 1 U -1
37 1 U 36
38 1 U 37
39 0 U 38
40 0 U 39
41 0 U 23
42 0 L 11
43 1 U 42
44 1 U 43
45 0 U 18
46 1 U 8
47 1 U 46
48 1 U 24
49 0 L 24
50 0 U 49
51 0 U 50
52 0 L 46
53 0 L 29
54 1 U -1
55 0 U 36
56 1 U 21
57 0 U 56
58 0 U 43
59 0 U 7
60 0 U 59
61 1 U 54
62 0 U 19
63 1 U -1
64 0 U 63
65 0 U 64
66 0 U 65
67 0 L 2
68 1 U 67
69 0 U 68
70 1 L 59
71 1 U 70
72 0 U -1
73 0 L 24
74 1 U 44
75 1 U 74
76 1 U 75
77 0 U 76
78 1 L 46
79 1 L 22
80 0 U 65
81 0 U 45
82 0 U 4
83 0 U 59
84 0 U 54
85 1 U 52
86 0 L 2
87 0 L 31
88 0 U 87
89 0 U 88
90 0 U 77
91 0 U 0
92 0 U 53
93 1 U 73
94 0 U 93
95 1 U 18
96 1 L 93
97 0 U 79
98
0 0 U -1
1 1 U 0
2 1 L -1
3 1 L 2
4 0 U 3
5 0 U 4
6 0 L 5
7 0 U 6
8 0 U 7
9 1 U -1
10 0 U 9
11 1 U 10
12 0 U 11
13 1 L 0
14 0 U 13
15 1 U 14
16 1 L 2
17 0 L 10
18 0 U -1
19 0 U 17
20 1 L 4
21 0 U 20
22 1 L 3
23 0 L 0
24 1 U 23
25 1 L 17
26 1 L 16
27 0 U 11
28 1 U 18
29 0 U 19
30 1 U 17
31 1 U 30
32 1 U 31
33 0 L 30
34 1 L 31
35 1 U 34
36 1 U -1
37 1 U 36
38 1 U 37
39 0 U 38
40 0 U 39
41 0 U 40
42 0 L 11
43 1 U 42
44 1 U 43
45 0 U 18
46 1 U 8
47 1 U 46
48 1 U 24
49 0 L 24
50 0 U 49
51 0 U 50
52 0 U 16
53 1 U 22
54 1 U -1
55 1 L 27
56 1 U 21
57 0 U 56
58 0 U 43
59 0 U 7
60 0 U 59
61 1 U 55
62 0 U 61
63 1 U -1
64 0 U 63
65 0 U 64
66 0 U 65
67 1 U 53
68 1 U 67
69 0 U 68
70 1 L 59
71 1 U 70
72 0 U -1
73 1 U 38
74 1 U 44
75 1 U 74
76 1 U 75
77 0 U 76
78 1 L 46
79 1 L 22
80 0 U 65
81 1 U -1
82 0 U 4
83 0 U 59
84 0 U 54
85 1 U 52
86 0 L 2
87 0 L 31
88 0 U 87
89 0 U 88
90 0 U 31
91 0 U 90
92 0 U 53
93 1 U 73
94 0 U 60
95 1 U 18
96 1 U 78
97 1 U 23
98
0 0 U -1
1 1 U 0
2 1 L -1
3 1 L 2
4 0 U 3
5 0 U 4
6 0 L 5
7 0 U 6
8 0 U 7
9 1 U -1
10 1 L 5
11 1 U 10
12 0 U 11
13 1 L 0
14 0 U 13
15 1 U 14
16 0 L 14
17 0 L 10
18 1 U 9
19 0 U 17
20 0 U 19
21 0 U 20
22 1 U 21
23 0 L 0
24 1 U 23
25 1 L 17
26 1 L 16
27 0 U 11
28 1 U 18
29 0 U 19
30 1 U 17
31 1 U 30
32 1 U 31
33 0 L 30
34 1 L 31
35 1 U 34
36 1 U -1
37 1 U 36
38 1 U 37
39 0 U 38
40 0 U 39
41 0 U 40
42 0 L 23
43 1 U 42
44 1 U 43
45 0 U 18
46 1 L 42
47 1 U 46
48 1 U 24
49 0 L 24
50 0 U 19
51 0 U 50
52 0 L 18
53 1 U 22
54 1 U -1
55 0 U 36
56 1 L 36
57 0 U 56
58 0 U 43
59 0 U 7
60 0 U 59
61 1 U 54
62 0 U 61
63 1 U -1
64 0 U 63
65 0 U 64
66 0 U 65
67 0 L 2
68 0 U 31
69 0 U 68
70 1 U 60
71 1 U 70
72 0 U -1
73 1 U 38
74 1 U 44
75 1 U 74
76 1 U 75
77 0 U 76
78 1 L 46
79 0 U 10
80 0 U 65
81 1 U -1
82 0 U 4
83 0 U 59
84 0 U 54
85 1 U 52
86 0 L 2
87 0 L 31
88 0 U 87
89 0 U 88
90 0 U 31
91 0 U 90
92 0 U 53
93 1 U 73
94 0 U 93
95 1 U 18
96 1 U 78
97 1 U 23
98
0 0 U -1
1 1 U 0
2 1 L -1
3 1 L 2
4 0 U 3
5 0 U 4
6 0 L 5
7 0 U 6
8 0 U 7
9 1 U -1
10 1 L 5
11 1 U 10
12 0 U 11
13 1 L 0
14 0 U 13
15 1 U 14
16 0 L 14
17 0 L 10
18 0 U -1
19 0 U 17
20 0 U 19
21 0 U 20
22 1 U 21
23 0 L 0
24 1 U 23
25 1 L 17
26 1 L 16
27 1 U 17
28 1 U 18
29 0 U 19
30 1 U 17
31 1 U 30
32 1 U 31
33 0 L 30
34 1 L 31
35 1 U 34
36 1 U -1
37 1 U 36
38 1 U 37
39 0 U 38
40 0 U 39
41 0 U 40
42 0 L 11
43 1 U 42
44 1 U 43
45 1 L 5
46 1 U 8
47 1 U 46
48 1 U 24
49 0 L 24
50 0 U 49
51 0 U 50
52 0 U 16
53 1 U 22
54 1 U -1
55 0 U 36
56 1 U 21
57 0 U 56
58 0 U 43
59 0 U 7
60 1 U 52
61 1 U 54
62 0 U 61
63 1 U -1
64 0 U 59
65 0 U 64
66 0 U 65
67 0 L 2
68 1 U 67
69 0 U 68
70 0 U 53
71 1 U 70
72 0 U -1
73 1 U 38
74 1 U 53
75 1 U 74
76 1 U 75
77 0 U 76
78 1 L 46
79 1 L 22
80 0 U 65
81 0 L 5
82 0 U 4
83 0 U 59
84 0 U 54
85 1 U 52
86 0 L 2
87 0 L 31
88 0 U 87
89 0 L 18
90 0 U 31
91 0 U 40
92 0 U 53
93 1 U 17
94 0 U 93
95 1 U 18
96 1 U 78
97 1 U 23
98
0 0 U -1
1 1 U 0
2 1 U 0
3 1 L 2
4 0 U 3
5 0 U 4
6 0 L 5
7 0 U 6
8 0 U 7
9 1 U -1
10 1 L 5
11 1 U 10
12 0 U 11
13 1 L 0
14 0 U 13
15 1 U 14
16 0 L 14
17 0 L 10
18 0 U -1
19 0 U 17
20 0 U 19
21 0 U 20
22 1 L 10
23 1 L 6
24 1 U 23
25 1 L 17
26 1 L 16
27 0 U 11
28 0 L 10
29 0 U 19
30 1 U 17
31 1 U 30
32 1 U 31
33 0 L 30
34 1 L 31
35 1 U 34
36 1 U -1
37 1 U 36
38 1 U 37
39 1 U 1
40 0 U 39
41 0 U 40
42 0 L 11
43 1 U 42
44 1 U 43
45 0 U 18
46 1 U 8
47 1 U 46
48 1 U 24
49 0 L 24
50 0 U 49
51 0 U 50
52 0 U 16
53 1 U 22
54 1 U -1
55 0 U 36
56 1 U 21
57 0 U 56
58 0 U 43
59 0 U 7
60 0 U 59
61 1 U 54
62 0 U 61
63 1 U -1
64 0 U 63
65 0 U 64
66 0 U 65
67 0 L 2
68 1 U 47
69 0 U 68
70 1 L 59
71 0 L 64
72 0 U -1
73 1 U 38
74 1 U 44
75 1 U 74
76 1 U 75
77 0 U 76
78 0 L 27
79 1 L 22
80 0 U 65
81 1 U -1
82 0 U 4
83 0 U 59
84 0 U 54
85 1 U 52
86 0 L 2
87 0 L 31
88 0 U 87
89 0 U 88
90 0 U 31
91 0 U 90
92 0 U 53
93 1 U 73
94 0 U 93
95 1 U 18
96 1 U 78
97 1 U 23
98
0 0 U -1
1 1 U 0
2 1 L -1
3 1 L 2
4 0 U 3
5 1 U 4
6 0 L 5
7 0 U 6
8 1 U 0
9 1 U -1
10 1 L 5
11 1 U 10
12 0 U 11
13 1 L 0
14 0 U 13
15 1 U 14
16 0 L 14
17 0 L 10
18 0 U -1
19 0 U 17
20 0 U 19
21 0 U 20
22 1 U 21
23 0 L 0
24 1 U 23
25 1 L 17
26 1 L 16
27 0 U 11
28 1 U 18
29 0 U 19
30 1 U 17
31 0 U 11
32 1 U 31
33 0 L 30
34 1 L 31
35 1 U 34
36 1 U -1
37 1 U 36
38 1 U 37
39 0 U 37
40 0 U 39
41 0 U 40
42 0 L 11
43 1 U 42
44 1 U 43
45 1 L 13
46 1 U 8
47 1 U 46
48 1 U 24
49 0 L 24
50 0 U 49
51 0 U 50
52 0 U 16
53 1 U 22
54 1 U -1
55 0 U 36
56 1 U 21
57 0 U 56
58 0 U 43
59 0 U 7
60 1 L 28
61 1 U 54
62 0 U 61
63 1 U -1
64 0 L 18
65 0 U 64
66 0 U 65
67 0 L 2
68 1 U 67
69 0 U 68
70 1 L 59
71 0 U 51
72 0 U -1
73 1 U 38
74 1 U 44
75 1 U 74
76 1 U 75
77 0 U 76
78 1 L 46
79 1 L 17
80 0 U 65
81 1 U -1
82 0 U 4
83 0 U 59
84 0 U 54
85 1 U 52
86 0 L 2
87 0 L 31
88 0 U 87
89 0 U 88
90 0 U 31
91 0 U 90
92 0 U 53
93 1 U 73
94 0 U 93
95 1 U 18
96 1 U 78
97 1 U 23
98
0 0 U -1
1 1 U 0
2 1 L -1
3 1 L 2
4 0 U 3
5 0 U 4
6 0 L 5
7 0 U 6
8 0 U 7
9 1 U -1
10 1 L 5
11 1 U 10
12 0 U 11
13 0 L 9
14 0 U 13
15 1 U 14
16 0 L 14
17 0 L 10
18 0 U -1
19 0 U 17
20 0 U 19
21 1 U 8
22 1 U 21
23 0 L 0
24 1 U 23
25 1 L 17
26 1 L 16
27 0 U 11
28 1 U 18
29 0 U 19
30 1 U 17
31 1 L 1
32 1 U 31
33 0 L 30
34 1 L 31
35 1 U 34
36 1 U -1
37 1 U 36
38 1 U 37
39 0 U 38
40 0 U 39
41 1 U -1
42 0 L 11
43 1 U 42
44 1 U 43
45 0 U 18
46 1 U 8
47 1 U 46
48 1 U 24
49 0 L 24
50 0 U 49
51 0 U 50
52 0 U 16
53 0 U 42
54 0 U 10
55 0 U 36
56 1 U 21
57 0 U 56
58 0 U 43
59 1 U 23
60 0 L 54
61 1 U 54
62 0 U 61
63 1 U -1
64 0 U 63
65 0 U 15
66 0 U 65
67 0 L 2
68 1 U 67
69 0 U 68
70 1 L 59
71 1 U 70
72 0 U -1
73 1 U 38
74 1 U 44
75 1 U 74
76 1 U 75
77 0 U 76
78 1 L 46
79 1 L 22
80 0 U 65
81 1 U -1
82 0 U 4
83 0 U 59
84 0 U 54
85 1 U 52
86 0 L 2
87 0 L 31
88 0 U 87
89 0 U 88
90 0 L 1
91 0 U 90
92 1 U 91
93 1 U 73
94 0 U 93
95 1 U 18
96 0 U 81
97 0 L 3
98
0 0 U -1
1 1 U 0
2 1 L -1
3 1 L 2
4 0 U 3
5 0 U 4
6 0 L 4
7 0 U 6
8 0 U 7
9 1 U -1
10 1 L 5
11 1 U 10
12 0 U 11
13 1 L 0
14 0 U 13
15 1 U 14
16 0 L 14
17 0 L 10
18 0 U -1
19 0 U 17
20 0 U 19
21 0 U 20
22 1 U 21
23 0 L 0
24 1 U 23
25 1 L 17
26 1 L 16
27 0 U 11
28 1 U 18
29 0 U 19
30 1 U 17
31 1 U 30
32 1 U 31
33 0 L 30
34 1 L 31
35 1 U 34
36 1 U -1
37 1 U 36
38 1 U 37
39 1 L 18
40 0 U 39
41 0 U 40
42 0 L 11
43 1 U 42
44 1 U 43
45 0 U 18
46 1 U 8
47 1 U 46
48 1 U 24
49 0 L 24
50 0 U 49
51 0 U 50
52 0 U 16
53 1 U 22
54 1 U -1
55 0 U 36
56 0 U 8
57 0 U 56
58 0 U 43
59 1 U 2
60 1 U 21
61 1 U 54
62 0 U 61
63 1 U -1
64 0 U 63
65 0 U 64
66 0 U 65
67 0 L 2
68 1 U 67
69 0 U 68
70 1 L 59
71 1 U 70
72 0 U -1
73 1 U 38
74 0 U 58
75 1 U 74
76 1 U 75
77 0 U 76
78 1 L 46
79 0 U 44
80 0 U 65
81 1 U -1
82 1 U 50
83 0 U 59
84 0 U 54
85 1 U 52
86 0 L 2
87 0 L 31
88 0 U 87
89 0 L 65
90 0 U 31
91 0 U 90
92 0 U 53
93 1 U 73
94 0 U 93
95 1 U 18
96 1 U 78
97 1 U 23
98
0 0 U -1
1 1 U 0
2 1 L -1
3 1 L 2
4 0 U 3
5 0 U 4
6 0 L 5
7 0 U 6
8 0 U 7
9 1 U -1
10 1 L 5
11 1 L 7
12 0 U 11
13 0 L 2
14 0 U 13
15 1 U 14
16 0 L 14
17 0 L 10
18 0 U -1
19 0 U 17
20 0 U 19
21 0 U 20
22 1 U 21
23 0 L 0
24 1 U 23
25 1 L 17
26 1 L 16
27 0 U 11
28 0 U 1
29 0 U 19
30 1 U 17
31 1 U 30
32 1 U 31
33 0 L 10
34 1 L 31
35 1 U 34
36 1 U -1
37 1 U 36
38 1 U 37
39 0 U 38
40 0 U 39
41 0 U 40
42 1 L 32
43 1 U 42
44 1 U 43
45 0 U 18
46 1 U 8
47 1 U 46
48 1 U 24
49 0 L 24
50 0 U 49
51 0 L 45
52 0 U 16
53 1 U 22
54 1 U -1
55 0 U 36
56 1 U 21
57 0 U 56
58 0 U 43
59 0 U 7
60 0 U 59
61 1 U 54
62 0 U 61
63 1 U -1
64 0 U 63
65 0 U 64
66 0 U 65
67 0 L 2
68 1 U 67
69 0 U 68
70 1 L 59
71 1 U 70
72 0 U -1
73 1 U 38
74 1 U 44
75 0 L 68
76 1 U 75
77 0 U 76
78 1 L 46
79 1 L 22
80 0 U 65
81 1 U -1
82 0 U 4
83 0 U 59
84 0 U 54
85 1 U 52
86 0 L 2
87 0 L 31
88 0 U 87
89 0 U 88
90 0 U 31
91 0 U 90
92 0 U 53
93 1 U 73
94 0 U 93
95 1 U 18
96 1 U 78
97 1 U 23
98
0 0 U -1
1 1 U 0
2 1 L -1
3 1 L 2
4 0 U 3
5 0 U 4
6 0 L 5
7 0 U 6
8 0 U 7
9 1 U -1
10 1 L 5
11 1 U 10
12 0 U 11
13 1 L 0
14 0 U 13
15 1 U 14
16 0 L 14
17 0 L 10
18 0 U -1
19 0 U 17
20 0 U 19
21 0 U 20
22 1 U 21
23 0 L 0
24 1 U 23
25 1 L 17
26 1 L 16
27 0 U 11
28 1 U 18
29 0 U 19
30 1 U 17
31 0 U 20
32 1 U 31
33 0 L 30
34 0 U 25
35 1 U 34
36 1 U -1
37 1 U 36
38 1 U 37
39 0 U 10
40 0 U 39
41 0 U 40
42 0 L 11
43 1 U 42
44 1 U 43
45 0 U 18
46 1 U 8
47 1 U 46
48 1 U 24
49 0 U 4
50 0 U 49
51 0 U 50
52 0 U 16
53 1 U 10
54 1 U -1
55 0 U 36
56 1 U 21
57 0 U 56
58 0 U 43
59 0 U 7
60 0 U 59
61 1 U 54
62 0 U 61
63 1 U -1
64 0 U 63
65 0 U 64
66 0 U 65
67 0 L 2
68 1 U 67
69 0 U 68
70 1 L 59
71 1 U 70
72 0 U -1
73 1 U 38
74 1 U 44
75 1 U 74
76 1 U 75
77 0 L 72
78 1 L 46
79 1 L 22
80 0 U 65
81 1 U -1
82 0 U 4
83 0 U 59
84 0 U 54
85 1 U 52
86 0 U 35
87 0 L 31
88 0 U 87
89 0 U 88
90 0 L 23
91 0 U 90
92 0 U 53
93 1 U 73
94 0 U 93
95 1 U 18
96 1 U 78
97 1 U 23
98
0 0 U -1
1 1 U -1
2 1 L -1
3 1 L 2
4 0 U 3
5 0 U 4
6 0 L 5
7 0 U 6
8 0 U 7
9 1 U -1
10 1 L 5
11 1 U 10
12 0 U 11
13 1 L 0
14 0 U 13
15 1 U 14
16 0 L 14
17 0 L 10
18 0 U -1
19 0 U 13
20 0 U 19
21 0 U 20
22 1 U 21
23 0 L 0
24 1 U 23
25 1 L 17
26 1 L 16
27 0 U 11
28 1 U 18
29 0 U 19
30 0 U 11
31 1 U 30
32 1 U 31
33 0 L 30
34 1 L 31
35 1 U 34
36 1 U -1
37 1 U 36
38 1 U 37
39 0 U 38
40 0 U 39
41 0 U 40
42 0 L 11
43 1 U 42
44 1 U 43
45 0 U 18
46 1 U 8
47 1 U 46
48 1 U 24
49 0 L 24
50 0 U 49
51 0 U 50
52 0 U 16
53 1 U 22
54 1 U -1
55 0 U 36
56 1 U 21
57 0 U 56
58 0 U 43
59 0 U 7
60 0 U 59
61 1 U 54
62 0 U 61
63 1 U -1
64 0 U 63
65 0 U 64
66 0 U 65
67 0 L 2
68 1 U 67
69 0 U 68
70 1 L 59
71 1 U 70
72 0 U -1
73 1 U 38
74 1 U 44
75 1 U 74
76 1 U 75
77 0 U 76
78 1 L 46
79 1 L 22
80 0 U 65
81 1 U -1
82 0 U 4
83 0 U 59
84 1 U 31
85 1 U 52
86 0 L 2
87 0 L 6
88 0 U 87
89 0 L 66
90 0 U 31
91 0 U 90
92 0 U 53
93 1 U 73
94 0 U 93
95 1 U 18
96 1 U 78
97 1 U 23
98
0 0 U -1
1 1 U 0
2 1 L -1
3 1 L 2
4 0 U 3
5 0 U 4
6 0 L 5
7 0 U 6
8 0 U 7
9 1 U -1
10 1 L 5
11 1 U 10
12 0 U -1
13 1 L 0
14 0 U 13
15 1 U 14
16 0 L 14
17 0 L 10
18 0 U -1
19 0 U 17
20 0 U 19
21 0 U 20
22 1 U 21
23 0 L 0
24 1 U 23
25 1 L 19
26 1 L 16
27 0 U 11
28 1 U 18
29 0 U 19
30 1 U 17
31 1 U 30
32 1 U 31
33 0 L 30
34 1 L 31
35 1 U 34
36 1 U -1
37 1 U 36
38 1 U 37
39 0 U 38
40 0 U 39
41 0 U 40
42 0 L 10
43 1 U 42
44 1 L 33
45 0 U 39
46 1 U 8
47 0 L 22
48 1 L 37
49 0 L 24
50 0 U 49
51 0 U 50
52 0 U 16
53 1 L 22
54 1 U -1
55 0 U 36
56 1 U 21
57 0 U 56
58 0 U 43
59 0 U 7
60 0 U 59
61 1 U 54
62 0 U 61
63 1 U -1
64 0 U 63
65 0 U 64
66 0 U 65
67 0 L 2
68 1 U 67
69 0 U 68
70 1 L 59
71 1 U 70
72 0 U -1
73 1 U 38
74 1 U 44
75 1 U 74
76 1 U 75
77 0 U 76
78 1 L 46
79 1 L 22
80 0 U 65
81 1 U -1
82 0 U 4
83 0 U 59
84 0 U 54
85 0 L 84
86 0 L 2
87 0 L 31
88 0 U 87
89 0 U 88
90 0 U 18
91 0 U 90
92 0 L 73
93 1 U 73
94 0 U 93
95 1 U 18
96 1 U 78
97 1 U 23
98
0 0 U -1
1 1 U -1
2 1 L -1
3 1 L 2
4 0 U 3
5 0 U 4
6 0 L 5
7 0 U 6
8 0 U 7
9 1 U -1
10 1 L 5
11 1 U 10
12 0 U 11
13 0 L 10
14 0 L 5
15 1 U 14
16 0 L 14
17 0 L 10
18 0 U -1
19 0 U 17
20 0 U 19
21 0 U 20
22 1 U 21
23 0 L 0
24 1 U 23
25 1 L 17
26 1 L 16
27 0 U 11
28 1 U 18
29 0 U 19
30 0 U 28
31 1 U 30
32 1 U 31
33 0 L 30
34 1 L 31
35 1 U 34
36 1 U -1
37 1 U 36
38 1 U 35
39 0 U 38
40 0 U 39
41 0 U 40
42 0 L 11
43 1 U 24
44 1 U 43
45 0 U 18
46 1 U 8
47 0 U 11
48 1 U 24
49 0 L 24
50 0 U 49
51 0 U 50
52 0 U 16
53 1 U 22
54 1 U -1
55 0 U 36
56 1 U 21
57 0 U 56
58 0 U 43
59 0 U 7
60 0 U 59
61 1 U 54
62 0 U 61
63 1 U -1
64 0 U 63
65 0 U 64
66 0 U 65
67 0 L 2
68 1 U 67
69 0 U 68
70 1 L 59
71 1 U 70
72 0 U -1
73 1 U 38
74 1 U 44
75 0 L 17
76 1 U 75
77 0 U 76
78 1 L 46
79 1 L 22
80 0 U 65
81 1 U -1
82 0 U 4
83 0 U 59
84 0 L 39
85 1 U 52
86 0 L 2
87 1 L 37
88 0 U 87
89 0 U 88
90 0 U 31
91 0 U 90
92 0 U 53
93 1 U 73
94 0 U 93
95 1 U 18
96 1 U 78
97 1 U 23
98
0 0 U -1
1 1 U 0
2 1 U 0
3 1 L 2
4 0 U 3
5 0 U 4
6 0 L 5
7 0 U 6
8 0 U 7
9 1 U -1
10 1 L 5
11 1 U 10
12 0 U 11
13 1 L 0
14 0 U 13
15 1 U 14
16 0 L 14
17 0 L 10
18 0 U -1
19 0 U 17
20 0 U 19
21 0 U 20
22 1 U 21
23 0 L 0
24 1 U 23
25 1 L 17
26 1 L 16
27 0 U 11
28 1 U 18
29 0 U 19
30 1 U 17
31 1 U 30
32 1 U 31
33 0 L 30
34 1 L 31
35 1 U 34
36 1 U -1
37 1 U 36
38 0 L -1
39 0 U 38
40 0 U 39
41 0 U 40
42 0 L 11
43 1 U 42
44 1 U 43
45 0 U 18
46 1 U 8
47 1 U 46
48 1 U 24
49 0 L 24
50 0 U 49
51 0 U 50
52 0 U 16
53 1 U 22
54 1 U -1
55 0 U 36
56 1 U 21
57 0 U 56
58 0 U 43
59 0 U 5
60 0 U 59
61 1 U 54
62 0 U 61
63 1 U -1
64 0 U 63
65 0 U 64
66 0 U 65
67 0 L 2
68 0 L 22
69 0 U 68
70 1 L 59
71 1 U 70
72 0 U -1
73 1 U 38
74 1 U 44
75 1 U 74
76 1 U 75
77 0 U 76
78 1 L 46
79 1 L 22
80 1 U 45
81 1 U -1
82 0 U 4
83 0 U 59
84 0 U 54
85 0 U 28
86 0 L 2
87 0 L 31
88 0 U 87
89 1 L 26
90 0 U 31
91 0 U 90
92 0 U 53
93 1 U 73
94 0 U 93
95 1 U 18
96 1 U 78
97 1 U 23
98
0 0 U -1
1 1 L 0
2 1 L -1
3 1 L 2
4 0 U 3
5 1 U 3
6 0 L 5
7 0 U 6
8 0 U 7
9 1 U -1
10 1 L 5
11 0 L 5
12 0 U 11
13 1 L 0
14 0 U 13
15 1 U 14
16 0 L 14
17 0 U 5
18 0 U -1
19 1 U 6
20 0 U 19
21 0 U 20
22 1 U 21
23 0 L 0
24 1 U 23
25 1 L 17
26 1 L 16
27 0 U 11
28 1 U 18
29 0 U 19
30 1 U 29
31 1 U 30
32 1 U 31
33 0 U 22
34 1 L 31
35 1 U 34
36 1 U -1
37 1 U 36
38 1 U 37
39 0 U 38
40 0 U 39
41 0 U 40
42 1 L 2
43 1 U 42
44 1 U 43
45 0 U 18
46 1 U 8
47 1 U 46
48 0 U 4
49 0 L 24
50 0 U 49
51 0 U 50
52 0 U 16
53 1 U 22
54 1 U -1
55 0 U 36
56 1 U 21
57 0 U 56
58 0 U 43
59 0 U 7
60 0 L 36
61 1 U 54
62 0 U 61
63 1 L 11
64 0 U 63
65 0 U 64
66 0 U 65
67 0 L 2
68 1 U 67
69 0 L 31
70 1 L 59
71 1 U 70
72 0 U -1
73 1 U 38
74 1 U 44
75 1 U 74
76 1 U 75
77 0 U 76
78 1 L 46
79 1 L 22
80 1 L 37
81 1 U -1
82 0 U 4
83 0 U 59
84 0 U 54
85 1 U 52
86 1 U 75
87 0 L 31
88 0 U 87
89 0 U 88
90 0 U 31
91 0 U 90
92 0 U 53
93 1 U 73
94 0 U 93
95 1 U 18
96 1 U 78
97 1 U 23
98
0 0 U -1
1 1 U 0
2 1 L -1
3 1 L 2
4 0 U 3
5 0 L 1
6 0 L 5
7 0 U 6
8 0 U 7
9 1 U -1
10 1 L 5
11 1 U 10
12 0 U 11
13 1 L 0
14 0 U 13
15 1 U 14
16 0 L 14
17 0 L 10
18 0 U -1
19 0 U 17
20 0 U 19
21 0 U 20
22 0 U 15
23 0 L 0
24 1 U 23
25 1 L 17
26 1 L 16
27 0 U 11
28 0 U 14
29 0 L 11
30 0 L 19
31 1 U 30
32 1 U 31
33 0 L 30
34 1 L 31
35 1 U 34
36 1 U -1
37 0 L 13
38 1 U 37
39 0 U 9
40 0 U 39
41 0 U 40
42 0 L 11
43 1 U 42
44 1 U 43
45 0 U 18
46 1 U 8
47 1 U 46
48 1 U 24
49 0 L 24
50 1 L 35
51 0 U 50
52 0 U 16
53 1 U 22
54 1 U -1
55 0 U 36
56 1 U 21
57 0 U 56
58 0 U 43
59 0 U 7
60 0 U 59
61 0 U 0
62 0 U 61
63 1 U -1
64 0 U 63
65 0 U 64
66 1 L 15
67 0 L 2
68 0 U 5
69 0 U 68
70 1 L 59
71 1 U 70
72 0 U -1
73 1 U 38
74 1 U 44
75 1 U 30
76 1 U 75
77 0 U 76
78 1 L 46
79 1 L 22
80 0 U 65
81 1 U -1
82 0 U 4
83 0 U 59
84 0 U 54
85 1 U 52
86 0 L 17
87 0 L 31
88 0 U 87
89 0 U 88
90 1 U 61
91 0 U 90
92 0 U 53
93 1 U 73
94 0 U 93
95 1 U 18
96 1 U 78
97 1 U 23
98
0 0 U -1
1 1 U 0
2 1 L -1
3 1 L 2
4 0 U 3
5 0 L 1
6 0 L 5
7 0 U 6
8 0 U 7
9 1 U -1
10 1 L 5
11 1 U 10
12 0 U 11
13 1 L 0
14 0 U 13
15 1 U 14
16 0 L 14
17 0 L 10
18 0 U -1
19 0 U 17
20 0 U 19
21 0 U 20
22 0 U 15
23 0 L 0
24 1 U 23
25 1 L 17
26 1 L 16
27 0 U 11
28 0 U 14
29 0 L 11
30 0 L 19
31 0 U 14
32 1 U 31
33 0 L 30
34 1 L 31
35 1 U 34
36 1 U -1
37 0 L 10
38 1 U 37
39 0 U 9
40 0 U 39
41 0 U 40
42 0 L 11
43 1 U 42
44 1 U 43
45 0 U 18
46 1 U 8
47 1 U 46
48 1 U 24
49 1 L 27
50 0 L 48
51 0 U 50
52 0 U 16
53 1 U 22
54 1 U -1
55 0 U 36
56 1 U 21
57 0 U 56
58 0 U 43
59 0 U 7
60 0 U 59
61 0 U 0
62 0 U 61
63 1 U -1
64 0 U 63
65 0 L 24
66 1 L 15
67 1 U 54
68 0 U 5
69 0 U 68
70 1 L 59
71 1 U 70
72 0 U -1
73 1 U 38
74 1 U 44
75 1 U 30
76 1 U 75
77 0 U 76
78 1 L 46
79 1 L 22
80 0 U 65
81 1 U -1
82 0 U 4
83 0 U 59
84 0 U 54
85 1 U 52
86 0 L 17
87 0 L 31
88 0 U 87
89 0 U 88
90 1 U 61
91 0 U 90
92 0 U 53
93 1 U 73
94 0 U 93
95 1 U 18
96 1 U 78
97 1 U 35
98
0 0 U -1
1 1 U 0
2 1 L -1
3 1 L 2
4 0 U 2
5 0 L 1
6 0 L 5
7 0 U 6
8 0 U 7
9 1 U -1
10 1 L 5
11 1 U 10
12 0 U 11
13 1 U 0
14 0 U 13
15 0 U 4
16 0 L 14
17 0 L 10
18 0 U -1
19 1 L 11
20 0 U 19
21 0 U 20
22 0 U 15
23 0 L 0
24 1 U 23
25 1 L 17
26 1 L 16
27 0 U 11
28 0 U 14
29 0 L 17
30 0 L 19
31 1 U 30
32 0 U 12
33 0 L 30
34 0 U 2
35 1 L 12
36 1 U -1
37 0 L 13
38 1 U 37
39 0 U 9
40 1 U 15
41 0 U 40
42 0 L 11
43 1 U 42
44 1 U 43
45 0 U 18
46 1 L 34
47 1 U 46
48 1 U 24
49 0 L 24
50 1 L 35
51 0 U 50
52 0 U 16
53 1 U 22
54 1 U -1
55 0 U 36
56 1 U 21
57 0 U 56
58 0 U 43
59 0 U 7
60 1 L 13
61 0 U 0
62 0 U 61
63 1 U -1
64 0 U 63
65 0 U 64
66 1 L 15
67 0 L 2
68 0 U 5
69 0 U 68
70 1 L 64
71 1 U 70
72 0 U -1
73 1 U 38
74 1 U 44
75 1 U 30
76 1 U 75
77 0 U 76
78 1 L 46
79 1 L 22
80 0 U 65
81 1 U -1
82 1 U 16
83 0 U 59
84 0 U 54
85 1 U 52
86 0 L 17
87 0 L 31
88 0 U 87
89 0 U 88
90 1 U 61
91 0 U 90
92 0 U 53
93 1 U 73
94 1 U 71
95 1 U 18
96 0 U 48
97 1 U 23
