54
0 0 U -1
1 0 U 0
2 1 U 1
3 0 U 2
4 1 U 3
5 0 U 4
6 1 U 5
7 1 U -1
8 0 U 7
9 1 U 8
10 1 U 9
11 0 U 10
12 0 U 11
13 1 U 12
14 1 U -1
15 0 U 14
16 0 U 15
17 1 U 16
18 1 U 17
19 1 U 18
20 0 U 19
21 0 U -1
22 0 U 21
23 1 U 22
24 1 U 23
25 1 U 24
26 1 U 25
27 0 U 26
28 0 U -1
29 0 U 28
30 0 U 29
31 0 U 30
32 1 U 31
33 1 U 32
34 0 U 33
35 0 U -1
36 1 U 35
37 1 U 36
38 1 U 37
39 0 U 38
40 1 U 39
41 1 U 40
42 0 U -1
43 0 U 42
44 1 U 43
45 1 U 44
46 0 U 45
47 1 U 46
48 0 U 47
49 0 U -1
50 1 U 49
51 0 U 50
52 0 U 51
53 1 U 52
54
0 0 U -1
1 0 U 0
2 1 U 1
3 0 U 2
4 1 U 3
5 0 U 4
6 1 U 5
7 1 U -1
8 1 U 2
9 1 U 8
10 1 U 9
11 0 U 10
12 0 U 11
13 1 U 12
14 1 U -1
15 0 U 14
16 0 U 15
17 1 U 16
18 1 L -1
19 1 U 18
20 0 U 19
21 0 U -1
22 0 U 21
23 1 U 22
24 1 U 23
25 1 U 24
26 1 U 25
27 1 U 12
28 0 U -1
29 1 L 20
30 0 U 29
31 0 U 30
32 1 U 31
33 1 U 32
34 0 U 33
35 0 L 30
36 1 U 35
37 1 U 36
38 1 U 37
39 0 U 9
40 1 U 39
41 1 U 40
42 0 U -1
43 0 U 42
44 1 U 43
45 1 U 44
46 0 U 45
47 1 U 46
48 0 U 47
49 0 U -1
50 1 U 49
51 0 U 50
52 0 U 51
53 1 U 52
54
0 0 U -1
1 1 L -1
2 1 U 1
3 0 U 2
4 1 U 3
5 0 U 4
6 1 U 5
7 1 U -1
8 0 U 7
9 0 L 8
10 1 L 7
11 0 U 10
12 0 U 11
13 1 U 12
14 1 U -1
15 0 U 14
16 0 U 15
17 1 U 16
18 1 U 17
19 1 U 18
20 0 U 19
21 0 U -1
22 0 U 21
23 1 U 22
24 1 U 23
25 1 U 24
26 1 U 25
27 0 L 1
28 0 U -1
29 1 L 4
30 0 U 29
31 0 U 30
32 1 U 31
33 1 U 32
34 0 U 33
35 0 U -1
36 1 U 35
37 1 U 36
38 1 U 37
39 0 U 38
40 1 U 39
41 1 U 40
42 0 U -1
43 0 U 42
44 1 U 43
45 1 U 44
46 0 U 16
47 0 U 33
48 0 U 47
49 0 U -1
50 1 U 49
51 1 L 42
52 0 U 51
53 1 U 52
54
0 0 U -1
1 1 L -1
2 1 U 1
3 0 U 2
4 1 U 3
5 0 U 4
6 1 U 5
7 1 U -1
8 0 U 7
9 0 L 8
10 1 L 7
11 0 U 10
12 0 U 11
13 1 U 12
14 1 U -1
15 0 U 14
16 0 U 15
17 1 U 16
18 1 U 17
19 1 U 18
20 1 U 14
21 1 U 0
22 0 L 14
23 1 U 22
24 1 U 23
25 1 U 24
26 1 U 25
27 0 L 1
28 0 U -1
29 0 U 22
30 0 U 29
31 0 U 30
32 1 U 31
33 1 L 19
34 0 U 33
35 1 U 31
36 1 U 35
37 1 U 36
38 1 U 37
39 0 U 38
40 1 U 39
41 1 U 40
42 0 U -1
43 0 U 42
44 1 U 43
45 1 U 44
46 0 U 16
47 0 U 35
48 0 U 47
49 0 U 9
50 1 U 49
51 1 L 42
52 0 U 51
53 1 U 52
54
0 1 U -1
1 1 L -1
2 1 U 1
3 0 U 2
4 1 U 3
5 0 U 4
6 1 U 5
7 1 U -1
8 0 U 7
9 0 L 8
10 1 L 4
11 0 U 10
12 0 U 11
13 1 U 12
14 1 U -1
15 0 U 14
16 0 L 0
17 1 U 16
18 1 U 17
19 1 U 18
20 0 U 19
21 0 U -1
22 0 U 21
23 1 U 22
24 1 U 23
25 1 U 24
26 1 U 25
27 0 L 1
28 0 U -1
29 1 L 4
30 0 U 29
31 0 L 3
32 1 U 31
33 1 U 32
34 0 U 33
35 0 U -1
36 1 U 35
37 1 U 36
38 1 U 37
39 0 U 38
40 1 U 39
41 1 U 40
42 0 U -1
43 0 U 42
44 1 U 43
45 1 U 44
46 0 U 34
47 0 U 33
48 0 U 47
49 0 U -1
50 1 U 49
51 1 L 42
52 0 U 51
53 1 U 52
54
0 0 U -1
1 1 L -1
2 1 U 1
3 0 L -1
4 1 U 3
5 0 U 4
6 1 U 5
7 1 U -1
8 0 U 7
9 0 L 8
10 1 L 7
11 0 U 10
12 0 U 11
13 0 L 7
14 1 U -1
15 0 U 14
16 0 U 15
17 1 U 16
18 1 U 2
19 1 U 18
20 0 U 19
21 0 U -1
22 0 U 21
23 1 U 22
24 1 U 23
25 1 U 24
26 1 U 25
27 0 L 1
28 0 U -1
29 0 U 18
30 0 U 29
31 0 U 30
32 1 U 31
33 1 U 32
34 0 U 33
35 0 U -1
36 1 U 35
37 1 U 17
38 1 U 37
39 0 U 38
40 0 U 16
41 1 U 40
42 0 U -1
43 0 U 42
44 1 U 43
45 1 U 44
46 0 U 16
47 0 U 33
48 1 L 27
49 0 U -1
50 1 U 49
51 1 L 42
52 0 U 51
53 1 U 52
54
0 0 U -1
1 1 L -1
2 1 U 1
3 0 U 2
4 1 U 3
5 0 U 4
6 1 U 5
7 1 U -1
8 0 U 7
9 0 L 8
10 1 L 7
11 0 U 10
12 0 U 11
13 1 U 12
14 1 U -1
15 0 U 14
16 0 U 15
17 1 U 10
18 1 U 17
19 1 U 18
20 0 U 19
21 0 U -1
22 0 U 21
23 1 U 22
24 1 U 23
25 1 U 24
26 1 U 25
27 0 L 1
28 0 U -1
29 1 L 4
30 0 U 29
31 0 U 30
32 1 U 31
33 1 U 32
34 1 U 8
35 0 U -1
36 1 U 35
37 1 U 36
38 1 U 37
39 0 U 38
40 1 U 39
41 1 L 11
42 0 U -1
43 0 U 42
44 1 U 43
45 1 L 13
46 0 U 16
47 0 U 33
48 1 U 35
49 0 U -1
50 1 U 49
51 1 L 42
52 0 U 51
53 1 U 52
54
0 0 U -1
1 1 L -1
2 1 U 1
3 0 U 2
4 1 U -1
5 0 U 4
6 1 U 5
7 1 U -1
8 0 U 7
9 0 L 8
10 1 L 7
11 0 U 10
12 0 U 11
13 1 U 12
14 1 U -1
15 0 U 14
16 0 L 7
17 1 U 16
18 1 U 17
19 1 U 18
20 0 U 19
21 0 U -1
22 0 U 13
23 1 U 22
24 1 U 23
25 0 U 6
26 1 L 19
27 0 L 1
28 0 U -1
29 1 L 4
30 0 U 29
31 0 U 30
32 1 U 31
33 1 U 32
34 0 U 33
35 0 U -1
36 1 U 35
37 1 U 36
38 1 U 37
39 0 U 38
40 1 U 39
41 1 U 40
42 0 U -1
43 0 U 42
44 0 L 12
45 1 U 44
46 0 U 16
47 0 U 33
48 0 U 47
49 0 U -1
50 0 U 22
51 1 L 42
52 0 U 51
53 1 U 52
54
0 0 U -1
1 1 L -1
2 1 U 1
3 1 L 2
4 1 U 3
5 0 U 4
6 1 U 5
7 1 U -1
8 0 U 7
9 0 L 8
10 1 L 7
11 0 U 10
12 0 U 11
13 1 U 12
14 1 U -1
15 0 U 14
16 0 U 15
17 1 U 16
18 1 U 17
19 1 U 18
20 0 U 19
21 0 U -1
22 0 U 21
23 1 U 22
24 1 U 23
25 1 U 24
26 1 U 25
27 0 L 1
28 0 U -1
29 1 L 4
30 0 U 29
31 0 U 30
32 1 U 31
33 1 U 32
34 0 U 33
35 1 L 22
36 1 U 35
37 1 U 36
38 1 U 37
39 0 U 38
40 1 U 39
41 1 L 35
42 0 U -1
43 0 U 42
44 1 U 43
45 0 U 19
46 0 U 16
47 0 U 33
48 0 U 47
49 0 U -1
50 1 U 49
51 1 L 42
52 0 L 47
53 1 L 10
54
0 0 U -1
1 1 L -1
2 1 U 1
3 0 U 2
4 1 U 3
5 0 U 4
6 1 U 5
7 1 U -1
8 0 U 7
9 0 L 8
10 1 L 7
11 0 U 10
12 0 U 11
13 1 U 12
14 1 U -1
15 0 U 14
16 0 U 15
17 1 U 16
18 1 U 17
19 1 U 0
20 0 U 19
21 0 U -1
22 0 U 21
23 1 U 22
24 1 U 23
25 1 U 24
26 1 U 25
27 1 U 24
28 0 U -1
29 1 L 4
30 0 U 29
31 0 U 30
32 1 U 31
33 1 U 32
34 0 U 33
35 0 U -1
36 0 U 11
37 1 U 36
38 0 L 21
39 1 L 16
40 1 U 39
41 1 U 40
42 0 U -1
43 0 U 42
44 1 U 43
45 1 U 44
46 0 U 16
47 0 U 33
48 0 U 47
49 0 U -1
50 1 L 27
51 1 L 42
52 0 U 51
53 1 U 52
54
0 0 U -1
1 1 L -1
2 1 U 1
3 0 U 2
4 1 U 3
5 0 U 4
6 1 U 5
7 1 U -1
8 0 U 7
9 0 L 8
10 1 L 7
11 0 U 10
12 0 U 11
13 1 U 12
14 1 U -1
15 0 U 14
16 0 U 15
17 1 U 16
18 1 U 17
19 1 L 13
20 0 U 19
21 0 U -1
22 0 U 21
23 1 U 22
24 1 U 23
25 1 U 24
26 1 U 25
27 0 L 1
28 0 U -1
29 1 L 4
30 0 U 29
31 0 U 30
32 0 L 30
33 1 U 32
34 0 U 33
35 0 U 27
36 1 U 35
37 1 U 36
38 1 U 37
39 0 U 38
40 1 U 39
41 1 U 40
42 0 U -1
43 0 U 42
44 1 U 43
45 1 U 44
46 0 U 16
47 1 L 4
48 0 U 47
49 0 U -1
50 1 U 49
51 1 L 42
52 1 L 47
53 1 U 52
54
0 0 L -1
1 1 U 0
2 1 U 1
3 0 U 2
4 1 U 3
5 0 U 4
6 1 U 5
7 1 U -1
8 0 U 7
9 0 L 8
10 1 L 7
11 0 L 3
12 0 U 11
13 1 U 12
14 1 U -1
15 0 U 14
16 0 U 15
17 1 U 16
18 1 U 17
19 0 L 16
20 0 U 19
21 0 U -1
22 0 U 21
23 1 U 22
24 1 U 23
25 1 U 24
26 1 U 25
27 0 L 1
28 0 U -1
29 1 L 4
30 0 L 5
31 0 U 30
32 1 U 31
33 1 U 32
34 0 U 33
35 0 U -1
36 0 U 6
37 1 U 36
38 1 U 37
39 0 U 38
40 1 U 39
41 1 U 40
42 1 L 0
43 0 U 42
44 1 U 43
45 1 U 44
46 0 L 27
47 0 U 33
48 0 U 47
49 0 U -1
50 1 U 49
51 1 L 42
52 0 U 51
53 1 U 52
54
0 0 U -1
1 1 L -1
2 0 U 1
3 0 L 0
4 1 U 3
5 0 U 4
6 1 U 5
7 1 U -1
8 0 U 7
9 1 L 6
10 1 L 7
11 0 U 10
12 0 U 11
13 1 U 12
14 1 U -1
15 0 U 14
16 0 U 15
17 1 U 16
18 1 U 17
19 1 U 18
20 0 U 19
21 0 U -1
22 1 U 13
23 1 U 22
24 1 U 23
25 1 U 24
26 1 U 25
27 0 L 1
28 0 U -1
29 1 L 4
30 1 U 5
31 0 U 30
32 1 U 31
33 1 L 18
34 0 U -1
35 0 U -1
36 1 U 35
37 1 U 36
38 1 U 37
39 0 U 38
40 1 U 39
41 1 U 40
42 0 U -1
43 0 U 42
44 1 U 43
45 1 U 44
46 0 U 16
47 0 U 33
48 0 U 47
49 0 U -1
50 1 U 49
51 1 L 42
52 0 U 51
53 1 U 52
54
0 0 U -1
1 1 L -1
2 1 U 1
3 0 U 2
4 1 U 3
5 1 U 1
6 1 U 5
7 1 L 4
8 0 U 7
9 0 L 8
10 1 L 7
11 0 U 10
12 0 U -1
13 1 L 1
14 1 U -1
15 0 U 14
16 0 U 15
17 1 U 16
18 1 U 17
19 1 U 18
20 0 U 19
21 0 U -1
22 0 U 21
23 1 U 22
24 1 U 23
25 0 U 3
26 1 U 25
27 0 L 1
28 0 U -1
29 1 L 4
30 0 U 29
31 0 U 30
32 1 U 31
33 1 L 24
34 0 U 33
35 0 U -1
36 1 U 35
37 1 U 36
38 1 U 37
39 0 U 38
40 1 U 39
41 1 U 40
42 0 U -1
43 0 U 42
44 1 U 43
45 1 U 44
46 0 U 16
47 0 U 33
48 0 U 47
49 0 U -1
50 1 U 49
51 1 L 42
52 0 U 51
53 1 U 52
54
0 0 U -1
1 1 L -1
2 1 U 1
3 0 U 2
4 1 U 3
5 0 U 4
6 1 U 5
7 1 U -1
8 0 U 7
9 0 U 8
10 1 L 7
11 0 U 10
12 0 U 11
13 1 U 12
14 1 U -1
15 0 U 14
16 0 U 15
17 1 U 16
18 1 U 17
19 0 L 18
20 0 U 19
21 1 L 17
22 0 U 21
23 1 U 22
24 1 U 23
25 1 U 24
26 1 U 25
27 0 L 1
28 0 U -1
29 1 L 4
30 0 U 29
31 0 U 30
32 1 U 31
33 1 U 32
34 0 U 33
35 0 U -1
36 1 U 35
37 1 U 36
38 1 L 28
39 0 U 21
40 1 U 39
41 1 U 40
42 0 U -1
43 0 U 42
44 1 U 43
45 1 U 44
46 0 U 16
47 0 U 33
48 0 U 47
49 1 U 16
50 1 U 49
51 1 L 42
52 0 U 51
53 1 U 52
54
0 0 U -1
1 1 L -1
2 1 U 1
3 0 U 2
4 1 U 3
5 0 U 4
6 1 U 5
7 1 U -1
8 0 U 7
9 0 L 8
10 1 L 7
11 0 U 10
12 0 U 11
13 1 U 12
14 1 U -1
15 0 U 14
16 0 U 15
17 1 U 16
18 1 U 17
19 1 U 18
20 0 U 19
21 0 U -1
22 0 U 21
23 1 U 22
24 1 U 23
25 1 U 24
26 1 U 25
27 0 L 1
28 0 U -1
29 1 L 4
30 0 U 29
31 0 U 30
32 1 U 31
33 1 U 32
34 0 U 33
35 0 U -1
36 1 U 35
37 1 U 36
38 1 U 37
39 0 U 38
40 1 U 39
41 1 U 40
42 0 U -1
43 0 U 42
44 1 U 25
45 1 U 12
46 0 U 16
47 0 U 33
48 0 U 47
49 0 U -1
50 1 U 49
51 1 L 42
52 1 L 12
53 1 U 52
54
0 0 U -1
1 1 L -1
2 1 U 1
3 0 U 2
4 1 U 3
5 0 U 4
6 1 U 5
7 1 U -1
8 0 L 4
9 0 L 8
10 1 L 7
11 0 U 10
12 0 U 11
13 1 U 12
14 1 U -1
15 1 L 11
16 0 U 15
17 1 U 16
18 1 U 17
19 1 U 18
20 0 U 19
21 0 U -1
22 0 U 21
23 1 U 22
24 1 U 23
25 1 U 24
26 1 U 25
27 0 L 1
28 0 U -1
29 1 L 4
30 0 U 29
31 0 U 30
32 1 U 31
33 1 U 32
34 0 U 33
35 0 U -1
36 1 U 35
37 1 U 36
38 1 U 37
39 0 U 38
40 1 U 39
41 1 U 40
42 0 U -1
43 0 U 42
44 1 U 43
45 1 U 44
46 0 U 16
47 0 U 33
48 0 U 47
49 0 U -1
50 0 U 27
51 1 L 42
52 0 U 51
53 1 U 52
54
0 0 U -1
1 1 L -1
2 1 U 1
3 0 U 2
4 1 U 0
5 0 U 4
6 1 U 5
7 1 U -1
8 0 U 7
9 0 L 8
10 1 L 7
11 0 U 10
12 0 U 11
13 1 U 12
14 1 U -1
15 0 L 14
16 0 U 15
17 1 U 16
18 1 U 17
19 1 U 18
20 0 L 12
21 0 U -1
22 0 U 21
23 1 U 22
24 1 L 3
25 1 U 24
26 1 U 25
27 0 L 1
28 0 U -1
29 1 L 4
30 0 U 29
31 0 U 30
32 1 U 31
33 1 U 32
34 0 U 33
35 0 U -1
36 1 L 26
37 1 U 36
38 1 U 37
39 0 U 38
40 1 U 39
41 1 U 40
42 0 U -1
43 0 U 42
44 1 U 43
45 1 U 44
46 0 U 16
47 0 U 33
48 0 U 47
49 0 U -1
50 1 U 49
51 1 L 42
52 0 U 51
53 1 U 52
54
0 0 U -1
1 1 L -1
2 1 U 1
3 0 U 0
4 1 U 0
5 0 U 4
6 1 L 1
7 1 U -1
8 1 U 0
9 0 L 8
10 1 L 7
11 0 U 10
12 0 U 11
13 1 U 12
14 1 U -1
15 0 L 14
16 0 U 15
17 1 U 16
18 1 U 17
19 1 U 18
20 0 L 12
21 0 L -1
22 0 U 21
23 1 U 15
24 1 L 3
25 1 U 24
26 1 U 25
27 0 L 1
28 0 U -1
29 1 L 4
30 0 U 29
31 0 U 30
32 1 U 31
33 1 U 32
34 0 L -1
35 0 U -1
36 1 L 26
37 1 U 36
38 1 U 37
39 0 U 38
40 1 U 39
41 1 U 40
42 0 U -1
43 0 U 42
44 1 U 43
45 1 U 44
46 0 U 16
47 0 U 33
48 0 L 37
49 0 U -1
50 1 L 16
51 1 L 42
52 0 U 51
53 1 U 52
54
0 0 U -1
1 1 L -1
2 1 U 1
3 0 U 2
4 1 U 0
5 0 U 4
6 1 U 5
7 1 U -1
8 1 L 7
9 0 L 8
10 1 L 7
11 0 U 10
12 0 U 11
13 1 U 12
14 1 U -1
15 0 L 14
16 0 U 15
17 1 U 16
18 1 U 17
19 1 U 18
20 0 U 14
21 1 L 6
22 0 U 21
23 1 U 22
24 1 L 3
25 1 U 24
26 1 U 25
27 0 L 1
28 0 U -1
29 1 L 4
30 0 U 29
31 0 U 30
32 0 L 22
33 1 U 32
34 0 U 33
35 0 U -1
36 1 L 26
37 0 L 15
38 1 U 37
39 0 L 2
40 1 U 39
41 1 U 40
42 0 U -1
43 0 U 42
44 1 U 43
45 1 U 44
46 0 U 16
47 0 U 33
48 1 U 12
49 0 L 26
50 1 U 49
51 1 L 42
52 0 U 51
53 1 U 52
54
0 0 U -1
1 1 L -1
2 1 U 1
3 0 U 2
4 1 U 0
5 0 U 4
6 1 U 5
7 1 U -1
8 0 U 7
9 0 L 8
10 1 L 7
11 0 U 10
12 0 L 4
13 1 U 12
14 1 U -1
15 0 L 14
16 0 U 15
17 1 U 16
18 1 U 17
19 1 U 18
20 0 L 12
21 0 U -1
22 0 U 21
23 1 U 22
24 1 L 3
25 1 U 24
26 0 L 8
27 0 L 1
28 0 U -1
29 1 L 4
30 0 U 29
31 0 U 30
32 1 U 31
33 0 L 26
34 0 U 33
35 0 U -1
36 1 L 26
37 0 L 17
38 1 U 37
39 1 U 23
40 1 U 39
41 1 U 40
42 0 U -1
43 0 U 42
44 1 U 43
45 1 U 44
46 0 U 16
47 0 U 33
48 0 U 47
49 0 U -1
50 1 U 49
51 1 L 42
52 0 U 51
53 1 L 24
54
0 0 U -1
1 0 L -1
2 1 U 1
3 0 U 2
4 1 U 0
5 0 U 4
6 1 U 5
7 1 U -1
8 0 U 7
9 0 L 8
10 1 L 7
11 0 U 10
12 0 L 7
13 1 U 12
14 1 U -1
15 0 L 2
16 0 U 15
17 1 U 6
18 1 U 17
19 1 U 18
20 0 L 12
21 0 U -1
22 0 U 21
23 1 U 22
24 1 L 3
25 1 U 24
26 1 U 25
27 0 L 1
28 0 U -1
29 1 L 4
30 0 U 29
31 0 U 30
32 1 U 31
33 0 U 10
34 0 U 33
35 0 U -1
36 1 L 26
37 1 L 0
38 1 U 37
39 1 U 33
40 1 U 39
41 1 U 40
42 0 U -1
43 0 U 42
44 1 U 43
45 1 U 44
46 0 U 16
47 1 U 7
48 0 U 47
49 0 U -1
50 1 L 5
51 1 L 42
52 0 U 51
53 1 U 52
54
0 0 U -1
1 1 L -1
2 1 U 1
3 0 U 2
4 1 U 0
5 0 U 4
6 1 U 5
7 1 U -1
8 0 U 7
9 0 L 8
10 1 L 7
11 0 U 10
12 0 U 11
13 1 U 12
14 1 U -1
15 0 L 14
16 0 U 15
17 1 U 16
18 1 U 17
19 1 U 18
20 0 L 12
21 0 U -1
22 0 U 21
23 1 U 22
24 1 L 3
25 1 U 24
26 1 U 25
27 0 L 1
28 0 U -1
29 1 L 4
30 1 L 28
31 0 U 30
32 1 U 31
33 1 L 8
34 0 U 33
35 0 U -1
36 1 L 26
37 1 U 36
38 1 U 37
39 0 U 17
40 1 U 39
41 1 U 40
42 0 U -1
43 0 U 42
44 0 L 14
45 1 U 44
46 0 U 16
47 0 U 33
48 0 U 47
49 0 U -1
50 1 U 49
51 1 L 42
52 0 U 51
53 1 U 52
54
0 0 U -1
1 1 L -1
2 1 U 1
3 0 U 2
4 1 U 0
5 0 U 4
6 1 U 5
7 1 U -1
8 0 U 7
9 0 L 8
10 1 L 7
11 0 U 10
12 0 U 4
13 1 U 12
14 0 U 0
15 0 L 14
16 0 U 15
17 1 U 16
18 1 U 3
19 1 U 18
20 0 L 12
21 0 U -1
22 0 U 21
23 1 U 22
24 1 L 3
25 1 U 24
26 1 U 25
27 0 L 1
28 0 U -1
29 1 L 4
30 1 L 12
31 0 L 1
32 1 U 31
33 0 U 10
34 0 U 33
35 0 U -1
36 1 L 26
37 1 U 36
38 1 L 23
39 0 U 38
40 1 U 39
41 1 U 40
42 0 U -1
43 0 U 42
44 1 U 43
45 0 U 38
46 0 U 16
47 0 U 33
48 0 U -1
49 0 U -1
50 1 U 49
51 1 L 42
52 0 U 51
53 1 U 52
54
0 0 U -1
1 1 L -1
2 1 U 1
3 0 L -1
4 0 U 3
5 1 U -1
6 1 U 5
7 1 U 4
8 0 U 7
9 0 L 8
10 1 L 7
11 0 U 10
12 0 U 11
13 1 U 12
14 1 U -1
15 0 L 14
16 0 L 11
17 1 U 16
18 1 U 17
19 1 U 18
20 0 L 12
21 0 U -1
22 0 U 21
23 1 U 22
24 1 L 3
25 1 U 24
26 1 U 25
27 0 L 1
28 0 U -1
29 1 L 4
30 0 U 29
31 0 U 30
32 1 U 31
33 1 U 32
34 0 U 33
35 0 U -1
36 1 L 26
37 1 U 36
38 1 U 37
39 0 U 38
40 1 U 39
41 1 U 40
42 0 U -1
43 0 L 34
44 1 L 38
45 1 U 44
46 0 U 16
47 0 U 33
48 0 L 1
49 1 L 36
50 1 U 49
51 1 L 42
52 0 U 51
53 1 U 52
54
0 0 L -1
1 1 L -1
2 1 U 1
3 0 U 2
4 1 U 0
5 0 U 4
6 1 U 5
7 1 U -1
8 0 U 0
9 0 L 8
10 1 L 7
11 0 U 10
12 0 U 11
13 1 U 12
14 1 U -1
15 0 L 14
16 0 U 15
17 1 U 16
18 1 U 17
19 1 U 18
20 0 L 12
21 0 L 3
22 0 L 18
23 1 U 22
24 1 L 3
25 1 U 24
26 1 U 25
27 0 L 1
28 0 U -1
29 1 L 4
30 0 U 29
31 0 U 30
32 1 U 31
33 1 U 32
34 0 U 33
35 1 U -1
36 1 L 26
37 1 U 36
38 1 U 37
39 0 U 38
40 1 U 39
41 1 U 40
42 0 U -1
43 0 U 42
44 1 U 43
45 1 U 44
46 0 U 16
47 0 U 33
48 0 U 47
49 0 U -1
50 1 U 49
51 1 L 42
52 0 U 51
53 1 U 52
54
0 0 U -1
1 1 L -1
2 0 L 0
3 0 U 2
4 1 U 0
5 0 U 4
6 1 U 5
7 1 U -1
8 0 U 7
9 0 L 8
10 1 L 7
11 0 U 10
12 0 U 11
13 1 U 12
14 1 U -1
15 0 L 14
16 0 U 15
17 1 U 16
18 0 L 2
19 1 U 18
20 0 L 12
21 0 L 15
22 0 U 21
23 1 U 22
24 1 L 3
25 1 U 24
26 1 U 25
27 0 L 1
28 0 U -1
29 1 L 4
30 1 U 13
31 0 U 30
32 1 U 31
33 1 U 32
34 0 U 33
35 0 U -1
36 1 U 30
37 1 U 36
38 1 U 37
39 0 U 38
40 1 U 39
41 1 U 40
42 0 U -1
43 0 U 42
44 1 U 43
45 1 U 44
46 0 U 16
47 0 U 33
48 0 U 47
49 0 U -1
50 1 U 49
51 1 L 42
52 0 U 51
53 1 U 52
54
0 0 U -1
1 1 L -1
2 0 L 0
3 0 U 2
4 1 U 0
5 0 U 4
6 1 U 5
7 1 U -1
8 1 U 4
9 0 L 8
10 1 L 7
11 0 U 10
12 0 U 11
13 1 U 12
14 1 U -1
15 0 L 14
16 0 U 15
17 1 U 16
18 1 U 17
19 1 U 18
20 0 L 12
21 0 U -1
22 0 U 21
23 1 U 22
24 1 L 3
25 1 U 24
26 1 U 25
27 0 L 1
28 0 U -1
29 1 L 4
30 0 U 21
31 0 U 30
32 1 U 31
33 1 U 14
34 1 L 7
35 0 U -1
36 1 L 26
37 1 U 36
38 1 U 37
39 0 U 18
40 1 U 39
41 1 U 40
42 0 U -1
43 0 U 42
44 1 U 43
45 1 U 44
46 0 U 16
47 0 L 28
48 0 U 47
49 0 U -1
50 1 U 49
51 1 L 42
52 0 U 7
53 1 U 52
54
0 0 U -1
1 1 L -1
2 1 U 1
3 0 U 2
4 1 U 0
5 0 L 0
6 1 U 5
7 1 U -1
8 0 U 7
9 0 L 8
10 1 L 7
11 1 U 1
12 0 U 11
13 1 U 12
14 1 U -1
15 0 L 14
16 0 U 15
17 1 U 16
18 1 U 17
19 1 U 18
20 0 L 12
21 0 U -1
22 0 U 21
23 1 U 22
24 1 L 3
25 1 U 24
26 1 U 25
27 0 L 1
28 0 U -1
29 1 L 4
30 1 L 21
31 0 U 30
32 0 L -1
33 1 U 32
34 0 U 33
35 0 U -1
36 1 L 26
37 1 U 36
38 1 U 37
39 0 U 38
40 1 U 39
41 1 U 40
42 0 U -1
43 0 U 42
44 1 U 43
45 1 U 44
46 0 U 16
47 0 U 33
48 0 U 47
49 0 U -1
50 1 U 49
51 1 L 42
52 0 U 51
53 1 U 52
54
0 0 U -1
1 1 L -1
2 1 U 1
3 0 U 2
4 1 U 0
5 0 U 4
6 1 U 5
7 1 U -1
8 0 U 7
9 0 L 8
10 1 U 8
11 0 U 10
12 0 U 11
13 1 U 12
14 1 U -1
15 0 L 14
16 0 U 15
17 1 U 16
18 1 U 17
19 1 U 18
20 0 L 12
21 0 U -1
22 0 U 21
23 1 U 22
24 1 L 3
25 1 U 24
26 1 U 25
27 0 L 1
28 0 U -1
29 1 L 4
30 0 U 29
31 0 U 30
32 1 U 31
33 1 U 32
34 0 U 33
35 0 U -1
36 1 L 26
37 1 U 36
38 1 U 37
39 1 U 5
40 1 U 39
41 1 U 40
42 0 U -1
43 0 U 42
44 1 U 43
45 1 U 44
46 0 U 16
47 0 U 33
48 0 U 47
49 0 U -1
50 1 U 49
51 1 L 39
52 0 U 51
53 1 U 52
54
0 0 U -1
1 1 L -1
2 1 U 1
3 0 U 2
4 1 U 0
5 0 U 4
6 1 U 5
7 1 U -1
8 0 U 7
9 0 L 8
10 1 L 7
11 1 L -1
12 0 U 11
13 1 U 12
14 1 U -1
15 0 L 14
16 0 U 15
17 1 U 16
18 1 U 17
19 1 U 18
20 0 L 12
21 0 U -1
22 0 U 21
23 1 L 11
24 1 L 3
25 1 U 24
26 1 U 25
27 0 L 1
28 0 U -1
29 1 L 4
30 0 U 29
31 0 U 30
32 1 U 31
33 1 U 32
34 0 U 33
35 0 U -1
36 1 L 26
37 1 U 36
38 1 U 37
39 0 U 38
40 1 U 39
41 1 U 40
42 0 U -1
43 0 U 42
44 1 U 43
45 1 U 44
46 0 U 16
47 0 U 33
48 0 U 47
49 0 U -1
50 1 U 49
51 1 L 42
52 0 U 51
53 1 U 52
54
0 0 U -1
1 1 L -1
2 1 U 1
3 0 U 2
4 1 U 0
5 0 U 4
6 1 U 5
7 1 U -1
8 0 U 7
9 0 L 8
10 1 L 7
11 1 U 2
12 0 U 11
13 1 U 12
14 1 U -1
15 0 L 14
16 1 U 7
17 1 U 16
18 1 U 17
19 0 L 1
20 0 L 12
21 0 U -1
22 0 U 21
23 1 U 22
24 1 L 3
25 1 U 24
26 1 U 25
27 0 L 1
28 0 U -1
29 1 L 4
30 1 U 26
31 1 L 11
32 1 U 31
33 1 U 32
34 1 L 9
35 0 U -1
36 1 L 26
37 1 U 36
38 1 U 30
39 0 U 38
40 1 U 39
41 1 U 40
42 0 U -1
43 0 U 42
44 1 U 43
45 1 L 40
46 1 L 21
47 0 U 33
48 0 U 47
49 0 L 32
50 1 U 49
51 1 L 42
52 0 U 51
53 1 U 52
54
0 0 U -1
1 1 L -1
2 1 U 1
3 0 U 2
4 1 U 0
5 0 U 4
6 1 U 5
7 1 U -1
8 0 U 7
9 0 L 8
10 1 L 7
11 0 U 10
12 0 U 11
13 1 U 12
14 0 L 8
15 0 L 14
16 0 U 15
17 1 U 16
18 1 U 17
19 1 L -1
20 0 L 12
21 0 U -1
22 0 U 21
23 1 U 22
24 1 L 3
25 1 U 24
26 1 U 25
27 0 L 1
28 0 U -1
29 1 L 4
30 0 U 29
31 0 U 30
32 1 U 31
33 1 U 32
34 0 U 33
35 0 U -1
36 1 L 26
37 1 U 36
38 1 U 37
39 0 U 38
40 1 U 39
41 1 U 40
42 0 U -1
43 0 U 42
44 1 U 43
45 1 U 44
46 0 U 16
47 0 U 33
48 0 U 47
49 0 U -1
50 1 U 49
51 1 L 42
52 0 U 51
53 1 U 52
