49
0 0 U -1
1 1 U 0
2 1 U 1
3 0 U 2
4 1 U 3
5 1 U 4
6 1 U 5
7 1 U -1
8 0 U 7
9 0 U 8
10 1 U 9
11 1 U 10
12 0 U 11
13 0 U 12
14 0 U -1
15 1 U 14
16 1 U 15
17 0 U 16
18 1 U 17
19 0 U 18
20 0 U 19
21 1 U -1
22 0 U 21
23 0 U 22
24 1 U 23
25 0 U 24
26 1 U 25
27 0 U 26
28 1 U -1
29 0 U 28
30 1 U 29
31 0 U 30
32 1 U 31
33 0 U 32
34 0 U 33
35 0 U -1
36 1 U 35
37 1 U 36
38 0 U 37
39 0 U 38
40 1 U 39
41 0 U 40
42 0 U -1
43 0 U 42
44 1 U 43
45 0 U 44
46 1 U 45
47 0 U 46
48 0 U 47
49
0 0 U -1
1 1 U 0
2 1 U 1
3 0 U 2
4 1 U 3
5 1 U 4
6 1 U 5
7 1 U -1
8 0 U 7
9 0 U 8
10 1 U 9
11 1 U 10
12 0 U 11
13 0 U 12
14 0 U -1
15 1 U 14
16 1 U 15
17 0 U 16
18 1 L 12
19 0 U 18
20 0 U 19
21 1 U -1
22 0 U 10
23 0 U 22
24 1 U 23
25 0 L 11
26 1 U 25
27 0 U 26
28 1 L 16
29 0 U 28
30 1 U 29
31 0 U 30
32 1 U 31
33 0 U 32
34 0 U 33
35 0 U -1
36 0 L -1
37 1 U 36
38 0 U 37
39 1 U 16
40 1 U 39
41 0 U 40
42 0 U -1
43 0 U 42
44 1 U 43
45 0 U 44
46 1 U 45
47 0 U 46
48 0 U 47
49
0 0 U -1
1 1 U 0
2 1 U -1
3 0 U 2
4 1 U 3
5 1 U 4
6 1 U 5
7 1 U -1
8 0 U 7
9 0 U 8
10 1 U 9
11 1 U 10
12 1 L 2
13 0 U 12
14 0 U -1
15 1 U 14
16 1 U 15
17 0 U 16
18 1 U 17
19 0 U 18
20 0 U 19
21 1 U -1
22 0 U 21
23 0 U 22
24 1 U 23
25 0 U 24
26 1 U 25
27 0 U 26
28 1 U -1
29 0 U 28
30 0 U 13
31 0 U 30
32 1 U 31
33 0 U 32
34 1 L 1
35 0 U -1
36 1 U 35
37 1 U 36
38 0 U 37
39 0 U 38
40 1 U 39
41 1 L 12
42 0 U -1
43 0 U 42
44 1 L 39
45 0 U 44
46 1 U 45
47 0 U 46
48 0 U 47
49
0 0 U -1
1 1 U 0
2 1 U 1
3 0 U 2
4 1 U 3
5 1 U 4
6 1 U 5
7 1 U -1
8 0 U 7
9 0 U 8
10 0 L 6
11 1 U 10
12 0 U 11
13 0 U 12
14 0 U -1
15 1 U 14
16 1 U 10
17 0 U 16
18 1 U 17
19 0 U 18
20 0 U 19
21 1 U -1
22 0 U 21
23 0 U 22
24 1 U 23
25 0 U 24
26 1 U 25
27 1 U 20
28 1 U -1
29 0 U 28
30 1 U 29
31 0 U 30
32 1 U 31
33 0 U 32
34 0 U 33
35 0 U -1
36 1 U 35
37 0 L 29
38 0 U 37
39 0 U 38
40 1 U 39
41 0 U 40
42 0 U -1
43 0 U 42
44 1 U 43
45 0 U 44
46 0 U 29
47 0 U 46
48 0 U 47
49
0 0 U -1
1 1 U 0
2 1 U 1
3 0 U 2
4 0 U 1
5 1 U 4
6 1 U 5
7 1 U -1
8 0 U 7
9 0 U 8
10 1 U 9
11 1 U 10
12 0 U 11
13 1 U 6
14 0 U -1
15 1 U 14
16 1 U 15
17 0 U 16
18 1 U 17
19 0 U 18
20 0 U 13
21 1 U 2
22 0 U 21
23 0 U 22
24 0 L 0
25 0 U 24
26 1 U 25
27 0 U 26
28 1 U -1
29 0 U 28
30 1 U 29
31 0 U 30
32 1 U 31
33 0 U 32
34 0 U 33
35 0 U -1
36 1 U 35
37 1 U 36
38 0 U 37
39 0 U 38
40 1 U 39
41 0 U 40
42 0 U -1
43 0 U 42
44 1 U 43
45 0 U 44
46 1 U 45
47 0 U 46
48 0 U 47
49
0 0 U -1
1 1 U 0
2 1 U 1
3 0 U 2
4 1 U 3
5 0 U 4
6 1 U 5
7 1 U -1
8 0 U 7
9 0 U 8
10 1 U 9
11 1 U 10
12 0 U 11
13 0 U 12
14 0 U -1
15 1 U 14
16 1 U 15
17 0 U 16
18 1 U 17
19 0 U 18
20 0 U 19
21 1 U -1
22 0 U 21
23 0 U 22
24 1 U 23
25 0 U 24
26 1 U 25
27 0 U 26
28 1 U -1
29 0 U 28
30 0 U 8
31 0 U 30
32 1 U 31
33 0 U 32
34 0 U 33
35 0 U -1
36 1 U 35
37 1 U 36
38 0 U 37
39 0 U 38
40 1 U 39
41 0 U 40
42 0 U -1
43 0 U 42
44 1 U 43
45 0 U 44
46 1 L 31
47 0 U 46
48 0 U 47
49
0 0 U -1
1 1 U 0
2 1 U 1
3 0 U 2
4 1 U 3
5 1 U 4
6 1 U 5
7 1 U -1
8 0 U 7
9 0 U 8
10 1 U 9
11 1 U 10
12 0 U 11
13 0 U 12
14 0 U -1
15 1 U 14
16 1 U 15
17 0 U 16
18 1 U 17
19 0 U 6
20 0 U 19
21 1 U -1
22 0 U 21
23 0 U 22
24 1 U 23
25 0 U 24
26 1 U 25
27 0 U 26
28 1 U -1
29 0 U 28
30 1 U 29
31 0 U 30
32 0 U 21
33 0 U 32
34 0 U 33
35 0 U -1
36 1 U 35
37 1 U 36
38 0 U 37
39 1 U 8
40 1 U 39
41 0 U 40
42 0 U -1
43 0 U 42
44 1 U 43
45 0 L 38
46 0 L 8
47 0 U 46
48 0 U 47
49
0 0 U -1
1 1 U 0
2 1 U 1
3 0 U 2
4 1 U 3
5 1 U 4
6 1 U 5
7 1 U -1
8 0 U 7
9 0 U 8
10 1 L -1
11 0 L 10
12 1 L 6
13 0 U 12
14 1 U 8
15 1 U 14
16 1 U 15
17 0 U 16
18 1 U 17
19 0 U 6
20 0 U 19
21 1 U -1
22 0 U 21
23 1 U 4
24 1 U 23
25 0 U 24
26 1 U 25
27 0 U 26
28 1 U -1
29 0 U 0
30 1 U 29
31 0 U 30
32 0 U 21
33 0 U 32
34 0 U 33
35 1 U 25
36 1 U 35
37 1 U 36
38 0 U 37
39 1 U 8
40 1 U 39
41 0 U 40
42 0 U -1
43 0 U 42
44 1 U 32
45 0 L 38
46 0 L 8
47 0 U 46
48 0 U 47
49
0 0 U -1
1 1 U 0
2 1 U 1
3 0 U 2
4 1 U 3
5 1 U 4
6 1 U 5
7 1 L 5
8 0 U 7
9 0 U 8
10 1 L -1
11 0 L 10
12 1 L 6
13 0 U 12
14 1 U 8
15 1 U 14
16 1 U 15
17 0 U 16
18 1 U 17
19 0 U 6
20 0 U 19
21 1 U -1
22 0 U 21
23 1 U 4
24 1 U 23
25 0 U 24
26 1 U 25
27 0 U 26
28 1 U -1
29 0 L 14
30 1 U 29
31 0 U 30
32 0 U 21
33 0 U 32
34 0 U 33
35 1 U 25
36 1 U 35
37 1 U 36
38 0 U 37
39 1 U 8
40 1 U 39
41 0 U 40
42 0 U -1
43 0 U 42
44 1 U 32
45 1 L 1
46 0 L 8
47 0 U 46
48 0 U 47
49
0 0 U -1
1 1 U 0
2 1 U 1
3 0 U 2
4 1 U 3
5 1 U 4
6 1 U 5
7 1 U -1
8 0 U 7
9 0 U 8
10 1 L -1
11 0 L 10
12 1 L 6
13 1 L 0
14 1 U 8
15 1 U 14
16 0 U 1
17 0 U 16
18 1 U 17
19 1 U 17
20 0 U 19
21 1 U -1
22 0 U 21
23 1 U 4
24 1 U 23
25 0 U 24
26 1 U 25
27 0 U 26
28 0 U 19
29 0 U 0
30 1 U 29
31 0 L -1
32 0 U 21
33 0 U 32
34 0 U 33
35 0 U 24
36 1 U 35
37 1 U 36
38 0 U 37
39 1 U 8
40 1 U 39
41 0 U 36
42 0 U -1
43 0 U 42
44 1 U 32
45 1 L 43
46 0 L 8
47 0 U 46
48 0 U 47
49
0 1 L -1
1 0 U -1
2 1 U 1
3 0 U 2
4 1 U 3
5 0 U 2
6 1 U 5
7 1 U -1
8 0 L -1
9 0 U 8
10 1 L -1
11 0 U 1
12 1 L 6
13 0 L 12
14 1 U 8
15 1 U 14
16 1 U 0
17 0 U 16
18 1 L 4
19 0 U 6
20 0 U 19
21 1 U -1
22 0 U 21
23 1 U 4
24 1 U 23
25 0 U 24
26 1 U 25
27 0 U 26
28 1 U -1
29 0 U 0
30 1 U 29
31 0 U 30
32 0 L 9
33 0 U 32
34 0 U 33
35 1 U 25
36 1 U 35
37 1 U 36
38 0 U 37
39 1 U 8
40 1 U 9
41 0 U 40
42 0 U -1
43 0 U 42
44 0 U 3
45 0 L 38
46 0 L 8
47 1 U 41
48 0 U 47
49
0 0 U -1
1 0 U 0
2 1 U 1
3 0 L -1
4 1 U 3
5 1 U 4
6 1 L 3
7 1 U -1
8 1 U -1
9 0 U 8
10 1 L -1
11 0 L 10
12 1 L 6
13 1 L 3
14 1 U 8
15 1 U 14
16 1 U 15
17 0 U 16
18 1 L 6
19 0 U 6
20 0 U 19
21 1 U -1
22 0 U 21
23 1 U 4
24 1 U 23
25 0 U 24
26 1 U 25
27 0 U 26
28 1 U -1
29 0 U 0
30 1 L 8
31 0 U 30
32 0 U 21
33 0 U 32
34 0 U 33
35 1 U 25
36 1 U 35
37 1 U 36
38 0 U 37
39 1 U 8
40 1 U 39
41 0 U 40
42 0 U -1
43 0 U 42
44 1 L 32
45 0 L 38
46 0 L 8
47 0 U 46
48 0 U 47
49
0 0 U -1
1 1 U 0
2 1 U 1
3 0 U 2
4 1 U 3
5 1 U 4
6 1 U 5
7 1 U -1
8 0 U 7
9 0 U 8
10 1 L -1
11 0 L 10
12 1 L 6
13 0 U 12
14 1 U 8
15 1 U 14
16 1 U 15
17 0 U 16
18 1 L 1
19 0 U 6
20 0 U 19
21 0 U 2
22 0 U 21
23 1 U 4
24 1 U 23
25 0 U 24
26 1 U 25
27 0 U 26
28 1 U -1
29 0 U 0
30 1 U 29
31 0 U 30
32 0 U 21
33 0 U 32
34 0 U 33
35 1 U 25
36 1 U 35
37 1 U 36
38 0 U 37
39 1 U 8
40 1 U 39
41 0 U 40
42 1 U 10
43 0 U 42
44 0 L 11
45 0 L 38
46 0 L 8
47 0 U 46
48 0 U 47
49
0 0 U -1
1 1 U 0
2 1 U 1
3 0 U 2
4 1 U 3
5 1 U 4
6 1 U 5
7 1 U 4
8 0 U 7
9 0 U 8
10 1 L -1
11 0 L 10
12 1 L 6
13 0 U 12
14 1 U 8
15 1 U 14
16 1 U 15
17 0 U 16
18 1 U 17
19 0 U 6
20 0 U 16
21 1 U -1
22 0 U 21
23 1 U 4
24 1 U 23
25 0 U 24
26 1 U 25
27 0 U 26
28 1 U -1
29 0 U 0
30 1 L 19
31 0 U 30
32 0 U 21
33 0 U 32
34 0 U 33
35 1 U 25
36 1 U 35
37 1 U 36
38 0 U 37
39 0 U 0
40 1 U 39
41 0 L 34
42 0 U -1
43 0 U 42
44 1 U 32
45 0 L 38
46 0 L 8
47 1 L 17
48 0 U 47
49
0 0 U -1
1 1 U 0
2 1 U 1
3 0 U 2
4 1 U 3
5 1 U 4
6 1 U 5
7 1 U -1
8 0 U 7
9 0 U 8
10 1 L -1
11 0 L 10
12 1 L 6
13 0 U 12
14 1 U 8
15 1 U 14
16 1 U 15
17 0 U 16
18 1 U 8
19 0 U 6
20 0 U 19
21 1 U -1
22 0 U 21
23 1 U 4
24 1 U 23
25 0 U 24
26 1 U 25
27 0 U 26
28 1 U -1
29 0 U 0
30 0 L 22
31 0 U 9
32 0 U 21
33 0 U 32
34 0 U 33
35 1 U 25
36 1 U 35
37 1 U 36
38 0 L 31
39 1 U 8
40 1 U 39
41 0 U 40
42 0 U -1
43 0 U 42
44 1 U 32
45 0 U 28
46 0 L 8
47 0 U 46
48 0 U 47
49
0 0 U -1
1 1 U 0
2 1 U 1
3 0 U 2
4 1 U 3
5 1 U 4
6 1 U 5
7 1 U -1
8 0 U 7
9 0 U 8
10 1 L -1
11 0 L 10
12 1 L 6
13 0 U 12
14 1 U 8
15 1 U 14
16 1 U 15
17 0 U 16
18 1 U 17
19 0 U 6
20 0 U 19
21 1 U -1
22 0 L 21
23 1 U 4
24 1 U 23
25 1 U 0
26 1 U 25
27 0 U 26
28 1 U -1
29 0 U 0
30 1 U 29
31 0 U 30
32 0 U 21
33 0 U 32
34 0 U 33
35 1 U 25
36 1 U 35
37 1 U 36
38 0 U 37
39 1 U 8
40 1 U 39
41 0 U 40
42 0 U -1
43 0 U 40
44 1 U 32
45 0 L 38
46 0 L 8
47 0 U 16
48 0 U 47
49
0 0 U -1
1 1 U 0
2 1 U 1
3 0 U 2
4 1 U 3
5 1 U 4
6 1 U 5
7 1 U -1
8 1 U 7
9 0 U 8
10 1 L -1
11 0 L 10
12 1 L 6
13 0 U 12
14 1 U 8
15 1 U 14
16 1 U 15
17 0 U 16
18 1 U 17
19 0 U 6
20 0 U 19
21 1 U -1
22 0 U 21
23 1 U 4
24 1 U 11
25 0 U 24
26 1 U 25
27 0 U 26
28 1 U -1
29 0 U 0
30 1 U 29
31 0 U 30
32 0 U 21
33 0 U 32
34 0 U 33
35 0 L 4
36 1 U 35
37 0 L 34
38 0 U 37
39 1 U 8
40 1 U 39
41 0 U 40
42 0 U -1
43 0 U 42
44 1 U 32
45 0 L 38
46 0 L 8
47 0 U 46
48 0 U 47
49
0 0 U -1
1 1 U 0
2 1 U 1
3 0 U 2
4 1 U 3
5 1 U 4
6 1 L 2
7 1 U -1
8 0 U 4
9 0 U 8
10 1 L -1
11 0 L 10
12 1 L 6
13 0 U 12
14 1 U 8
15 1 U 14
16 1 U 15
17 0 U 9
18 1 U 17
19 0 U 6
20 0 U 19
21 1 U -1
22 0 U 21
23 0 U 16
24 1 U 23
25 0 U 24
26 1 U 25
27 0 U -1
28 1 U -1
29 0 U 0
30 1 U 29
31 0 U 30
32 1 L 23
33 0 U 32
34 0 U 33
35 1 U 25
36 1 U 35
37 1 U 36
38 0 L 22
39 1 L 11
40 1 U 39
41 0 U 40
42 0 U -1
43 0 U 42
44 1 U 32
45 0 L 38
46 0 L 8
47 0 U 46
48 0 U 47
49
0 0 U -1
1 1 U 0
2 1 U 1
3 0 U 2
4 1 U 3
5 1 U 4
6 1 U 5
7 1 U -1
8 0 U 7
9 0 U 8
10 1 L -1
11 0 L 10
12 1 U 6
13 0 U 12
14 1 U 8
15 1 U 14
16 1 U 15
17 0 U 16
18 1 U 17
19 0 U 6
20 0 U 19
21 1 U -1
22 0 U 21
23 1 U 4
24 1 U 23
25 0 U 24
26 1 U 25
27 0 U 26
28 1 U -1
29 0 L 21
30 1 U 29
31 0 U 30
32 0 U 21
33 0 U 32
34 0 U 33
35 1 U 25
36 0 L 5
37 1 U 36
38 0 U 37
39 1 U 8
40 1 U 39
41 0 U 40
42 1 L 6
43 0 U 42
44 1 U 32
45 0 L 38
46 0 L 8
47 0 U 46
48 0 U 47
49
0 0 U -1
1 1 U 0
2 1 U 1
3 0 U 2
4 0 L 1
5 1 U 4
6 1 U 5
7 1 U -1
8 0 U 7
9 0 U 8
10 1 L -1
11 0 L 10
12 1 L 6
13 0 U 12
14 1 L 9
15 1 U 14
16 1 U 6
17 0 U 16
18 1 U 17
19 0 U 6
20 0 U 19
21 1 U -1
22 0 U 21
23 1 L 11
24 1 U 23
25 0 U 24
26 1 U 25
27 0 L 12
28 1 U -1
29 0 U 0
30 1 U 29
31 0 U 30
32 0 U 21
33 0 U 32
34 0 U 33
35 1 U 25
36 1 U 35
37 1 U 36
38 0 U 7
39 1 U 8
40 1 U 39
41 0 U 40
42 0 U -1
43 0 U 42
44 1 U 32
45 0 L 38
46 0 L 8
47 0 U 46
48 0 U 47
49
0 0 U -1
1 1 U 0
2 0 L 1
3 0 U 2
4 1 U 3
5 0 L 4
6 1 U 5
7 1 U -1
8 0 U 7
9 0 U 8
10 1 L -1
11 0 L 10
12 1 L 6
13 0 U 12
14 1 U 8
15 1 U 14
16 1 U 15
17 0 U 16
18 1 U 17
19 0 U 6
20 0 U 19
21 1 U -1
22 0 U 21
23 1 U 4
24 1 U 23
25 0 U 24
26 1 U 25
27 0 L 14
28 0 L 22
29 0 U 0
30 1 L 20
31 0 U 30
32 0 L 3
33 0 U 32
34 0 U 33
35 1 U 25
36 1 U 18
37 1 U 36
38 0 U 37
39 1 U 8
40 1 U 39
41 0 U 40
42 1 L 14
43 0 U 42
44 1 U 32
45 0 L 38
46 0 L 8
47 0 U 46
48 0 U 47
49
0 0 U -1
1 1 U 0
2 1 U 1
3 0 U 2
4 1 U 3
5 1 U 4
6 1 U 5
7 1 U -1
8 0 U 7
9 0 U 8
10 1 L -1
11 0 L 10
12 1 L 8
13 0 U 12
14 1 U 8
15 1 U 10
16 1 U 15
17 0 U 16
18 1 U 17
19 0 U 6
20 0 L 16
21 1 U -1
22 0 U 21
23 1 U 4
24 1 U 23
25 0 U 24
26 1 U 25
27 1 U 25
28 1 U -1
29 1 U 6
30 1 U 29
31 0 U 30
32 0 U 21
33 0 U 32
34 0 U 33
35 1 U 25
36 0 L 19
37 1 U 36
38 0 U 37
39 1 U 8
40 1 U 39
41 0 L 33
42 0 U -1
43 0 U 42
44 1 U 32
45 0 L 38
46 0 L 8
47 1 L 28
48 0 U 47
49
0 0 L -1
1 1 U 0
2 1 U 1
3 0 U 2
4 1 U 3
5 1 U 4
6 1 U 5
7 1 U -1
8 0 U 7
9 0 U 8
10 1 L -1
11 0 L 10
12 1 L 6
13 0 U 12
14 1 U 8
15 1 U 14
16 1 U 15
17 0 U 16
18 1 U 17
19 0 U 6
20 0 U 19
21 1 U -1
22 0 U 21
23 1 U 4
24 1 U 23
25 0 U 24
26 1 U 25
27 0 U 26
28 1 U -1
29 0 U 0
30 1 U 29
31 1 U 24
32 0 U 21
33 1 U 7
34 0 U 33
35 1 U 25
36 1 U 35
37 0 U -1
38 0 U 37
39 1 U 8
40 1 U 39
41 0 U 40
42 0 U -1
43 0 U 1
44 1 U 32
45 0 L 38
46 0 L 8
47 0 U 46
48 0 U 47
49
0 0 U -1
1 1 U 0
2 1 U 1
3 0 U 2
4 1 U 3
5 1 U 4
6 1 U -1
7 1 U -1
8 0 U 7
9 0 L 1
10 1 L -1
11 0 L 10
12 1 L 6
13 0 U 12
14 1 U 8
15 0 U 12
16 1 U 15
17 0 U 16
18 1 U 1
19 0 U 6
20 0 U 19
21 1 U -1
22 0 U 21
23 1 U 4
24 1 U 23
25 0 L 23
26 1 U 25
27 0 U 26
28 1 U -1
29 0 U 0
30 1 U 29
31 0 U 30
32 0 U 21
33 0 U 32
34 0 U 33
35 1 L 12
36 1 U 35
37 1 U 36
38 0 U 37
39 1 U 8
40 1 U 39
41 0 U 40
42 0 U -1
43 0 U 42
44 1 U 32
45 0 L 38
46 0 L 8
47 0 U 46
48 0 U 47
49
0 0 U -1
1 1 U 0
2 1 U 1
3 0 U 2
4 1 U 3
5 1 U 3
6 1 U 5
7 0 U 6
8 0 U 7
9 0 U 8
10 1 L -1
11 0 L 10
12 1 L 6
13 0 U 12
14 1 U 8
15 1 U 14
16 1 L 13
17 0 U 16
18 1 U 17
19 0 U 6
20 0 U 19
21 1 U -1
22 0 U 21
23 1 U 4
24 1 L 14
25 0 U 24
26 1 U 25
27 0 U 26
28 1 U -1
29 0 U 0
30 1 U 29
31 0 U 30
32 0 U 21
33 0 U 32
34 0 U 33
35 1 U 25
36 1 U 35
37 1 U 36
38 0 U 37
39 1 U 8
40 1 U 39
41 0 U 40
42 0 U -1
43 0 U 42
44 1 U 32
45 0 L 38
46 0 L 8
47 0 U 46
48 0 U 5
49
0 0 U -1
1 1 U 0
2 1 U 1
3 0 U 2
4 1 L 0
5 1 U 4
6 1 U 5
7 1 U -1
8 0 U 7
9 0 U 8
10 1 L -1
11 0 L 10
12 1 L 6
13 0 U 12
14 1 U 8
15 1 U 14
16 1 U 15
17 0 U 16
18 1 U 17
19 0 U 6
20 0 U 19
21 1 U -1
22 0 U 21
23 1 U 4
24 1 U 23
25 0 U 24
26 1 U 25
27 0 U 26
28 1 U -1
29 0 U 0
30 1 U 29
31 0 L 17
32 0 U 21
33 0 U 32
34 0 U 33
35 1 U 25
36 1 U 35
37 1 U 36
38 0 U 37
39 1 U 8
40 1 U 39
41 0 U 39
42 0 U -1
43 0 U 42
44 1 U 32
45 0 L 38
46 0 L 8
47 0 U 46
48 0 U 47
49
0 0 U -1
1 1 U 0
2 1 U 1
3 0 U 2
4 1 U 3
5 1 U 4
6 1 U 5
7 0 L 6
8 0 U 7
9 0 U 8
10 1 L -1
11 0 L 10
12 1 U 5
13 0 U 12
14 1 U 8
15 1 U 14
16 1 U 15
17 0 U 9
18 1 U 17
19 0 U 6
20 0 U 19
21 1 U -1
22 0 U 21
23 1 U 4
24 1 U 23
25 0 L 5
26 1 U 25
27 0 U 26
28 1 U -1
29 0 U 0
30 1 U 29
31 1 U 20
32 0 U 21
33 0 U 32
34 0 U 33
35 1 U 25
36 1 U 35
37 1 L 25
38 0 U 37
39 1 U 8
40 1 U 39
41 0 U 40
42 0 U -1
43 0 U 42
44 1 U 32
45 0 L 38
46 0 L 8
47 0 U 46
48 0 U 47
49
0 0 U -1
1 1 U 0
2 1 U 1
3 0 U 2
4 1 U 3
5 1 U 4
6 1 U 5
7 1 U -1
8 1 L 4
9 0 U 8
10 1 L -1
11 0 L 10
12 1 L 6
13 0 U 12
14 1 U 8
15 1 U 4
16 1 U 15
17 0 U 16
18 1 U 17
19 0 U 6
20 0 U 19
21 1 U -1
22 0 U 21
23 1 U 20
24 1 U 23
25 0 U 24
26 1 U 25
27 0 U 26
28 1 U -1
29 0 U 0
30 1 U 29
31 0 U 30
32 0 U 21
33 0 U 32
34 0 U 33
35 1 U 25
36 1 U 35
37 1 U 36
38 0 U 37
39 1 U 8
40 1 U 39
41 0 U 40
42 0 U -1
43 0 U 42
44 1 U 32
45 0 L 38
46 0 L 8
47 0 U 46
48 0 U 47
49
0 0 U -1
1 1 U 0
2 1 U 1
3 0 U 2
4 1 U 3
5 1 U 4
6 1 U 5
7 1 U -1
8 0 L 4
9 0 U 8
10 1 L -1
11 0 L 10
12 1 L 6
13 0 U 12
14 1 U 8
15 1 U 14
16 1 U 15
17 0 U 16
18 1 U 17
19 0 L 5
20 0 U 19
21 1 U -1
22 1 U 7
23 1 U 4
24 1 U 23
25 0 U 24
26 1 U 25
27 0 U 26
28 1 U -1
29 0 U 0
30 1 U 29
31 0 U 30
32 0 U 21
33 0 U 32
34 0 U 33
35 1 U 25
36 1 U 35
37 1 U 36
38 1 U 12
39 1 U 8
40 1 U 39
41 0 U 40
42 0 U -1
43 0 U 42
44 1 U 32
45 0 L 38
46 0 L 8
47 0 U 46
48 0 L 46
49
0 0 U -1
1 1 U 0
2 1 U 1
3 0 U 2
4 1 U 3
5 1 U 4
6 1 U 5
7 1 U -1
8 1 U 4
9 0 U 8
10 1 L -1
11 0 L 10
12 1 L 6
13 0 U 12
14 1 U 8
15 1 U 14
16 1 U 15
17 0 U 16
18 1 U 17
19 0 U 6
20 0 U 19
21 1 U -1
22 0 U 21
23 1 U 4
24 1 U 23
25 0 U 24
26 1 U 25
27 0 U 26
28 1 U -1
29 0 U 0
30 1 U 29
31 0 U 30
32 0 U 21
33 0 U 32
34 0 U 33
35 1 L 33
36 1 U 35
37 1 U 36
38 0 U 37
39 1 U 25
40 1 U 39
41 0 U 40
42 0 U -1
43 0 U 42
44 1 U 32
45 0 L 38
46 0 L 8
47 0 U 46
48 0 U 47
49
0 0 U -1
1 1 U 0
2 1 U 1
3 0 U 2
4 1 U 3
5 1 U 4
6 1 U 5
7 0 L -1
8 0 U 7
9 0 U 8
10 1 L -1
11 0 L 10
12 1 L 6
13 0 U 12
14 1 U 8
15 1 U 14
16 0 U 12
17 0 U 16
18 1 U 17
19 0 U 6
20 0 U 19
21 1 U 17
22 1 U 18
23 1 U 4
24 1 U 23
25 0 U 24
26 1 U 25
27 0 U 26
28 1 U -1
29 0 U 0
30 1 U 29
31 0 U 30
32 0 U 21
33 0 U 32
34 0 U 33
35 1 U 25
36 1 U 35
37 1 U 36
38 0 U 37
39 1 U 8
40 1 U 39
41 0 U 40
42 0 U -1
43 0 U 42
44 1 U 32
45 0 L 38
46 0 L 8
47 0 U 46
48 0 U 47
49
0 0 U -1
1 1 U 0
2 1 U 1
3 0 U 2
4 1 U 3
5 0 L 0
6 1 U 5
7 1 U -1
8 0 U 7
9 0 U 8
10 1 L -1
11 0 L 10
12 1 L 6
13 1 U 8
14 1 U 8
15 1 U 14
16 1 L 1
17 0 U 16
18 1 U 17
19 0 U 6
20 0 U 19
21 1 U -1
22 0 U 21
23 1 U 4
24 1 U 23
25 0 U 24
26 1 U 25
27 0 U 14
28 1 U -1
29 0 U 0
30 1 U 29
31 0 U 30
32 0 U 21
33 0 U 32
34 0 U 33
35 1 U 25
36 1 U 35
37 1 U 36
38 0 U 37
39 1 U 8
40 1 U 39
41 0 U 24
42 0 U -1
43 0 U 42
44 1 U 32
45 1 L 42
46 0 L 8
47 0 U 46
48 0 U 47
49
0 0 U -1
1 1 U 0
2 1 U 1
3 0 U 2
4 0 U 0
5 1 U 4
6 1 U 5
7 1 U -1
8 0 U 7
9 0 U 8
10 1 L -1
11 0 L 10
12 1 L 6
13 0 U 12
14 1 U 8
15 1 U 14
16 1 U 15
17 0 U 3
18 1 U 17
19 0 U 6
20 0 U 19
21 1 U -1
22 0 U 21
23 1 U 4
24 1 U 23
25 0 U 24
26 1 U 25
27 0 U 26
28 1 U -1
29 0 U 0
30 1 U 29
31 0 U 30
32 0 U 21
33 0 U 32
34 0 U 33
35 1 U 25
36 1 U 35
37 1 U 36
38 0 U 37
39 1 U 8
40 1 U 39
41 0 U 40
42 0 U -1
43 0 U 42
44 1 U 32
45 0 L 38
46 0 L 8
47 0 U 46
48 0 U 47
49
0 0 U -1
1 1 U 0
2 1 U 1
3 0 U 0
4 1 U 3
5 1 U 4
6 1 U 5
7 0 L 5
8 0 U 7
9 0 U 8
10 1 L -1
11 1 U 3
12 1 L 6
13 0 L 10
14 1 U 8
15 1 U 14
16 1 U 15
17 0 U 16
18 1 U 17
19 0 U 6
20 0 U 19
21 1 U -1
22 0 U 21
23 0 L 13
24 1 U 23
25 0 U 24
26 0 U 17
27 0 U 26
28 1 U -1
29 0 U 0
30 1 U 29
31 0 U 30
32 0 U 21
33 0 U 32
34 0 U 33
35 1 U 25
36 1 U 35
37 1 U 36
38 0 U 37
39 1 U 8
40 1 U 39
41 0 U 40
42 0 U -1
43 0 U 6
44 1 U 32
45 0 L 38
46 0 L 8
47 0 U 46
48 0 U 47
49
0 0 U -1
1 0 L 0
2 1 U 1
3 0 U 2
4 1 U 3
5 1 U 4
6 1 U 5
7 1 U -1
8 0 U 7
9 0 L 5
10 1 L -1
11 0 L 10
12 0 L 0
13 0 U 12
14 1 U 8
15 1 U 14
16 1 U 15
17 0 U 16
18 1 U 17
19 0 U 6
20 0 U 13
21 1 U -1
22 0 U 21
23 1 U 4
24 1 U 23
25 0 U 24
26 1 U 25
27 0 U 26
28 1 U -1
29 0 U 0
30 1 U 29
31 0 U 30
32 0 U 21
33 0 U 32
34 0 U 33
35 1 U 25
36 1 U 35
37 1 U 36
38 1 U 22
39 1 U 8
40 1 U 39
41 0 U 40
42 0 U -1
43 0 U 42
44 1 U 32
45 0 L 38
46 0 L 8
47 0 U 46
48 0 U 47
49
0 0 U -1
1 1 U 0
2 1 U 1
3 0 U 2
4 1 U 3
5 1 U 4
6 1 U 5
7 1 U -1
8 0 U 7
9 0 U 8
10 1 L -1
11 0 L 9
12 1 L 6
13 0 U 12
14 1 U 8
15 0 U 13
16 1 U 15
17 0 U 16
18 1 U 17
19 1 U 7
20 0 L 6
21 1 U -1
22 0 U 21
23 1 U 4
24 1 U 23
25 0 U 24
26 1 U 25
27 0 U 26
28 1 U -1
29 0 U 0
30 1 U 29
31 0 U 30
32 0 U 21
33 0 U 32
34 0 U 33
35 1 U 25
36 1 U 35
37 1 U 36
38 0 U 37
39 1 U 8
40 1 U 39
41 0 U 40
42 1 U 3
43 0 U 42
44 1 U 32
45 0 L 38
46 0 L 8
47 0 U 46
48 0 U 47
49
0 1 L -1
1 1 U 0
2 1 U 1
3 0 L 0
4 1 U 3
5 1 U 4
6 0 U 1
7 1 U -1
8 0 U 7
9 0 L 1
10 1 L -1
11 0 L 10
12 1 L 6
13 0 U 12
14 1 U 8
15 1 U 14
16 1 U 15
17 0 U 16
18 1 U 17
19 0 U 6
20 0 U 19
21 1 U -1
22 0 U 6
23 0 L 10
24 1 U 23
25 0 U 24
26 1 U 25
27 0 U 26
28 0 L 20
29 0 U 0
30 1 U 29
31 0 U 30
32 0 U 21
33 0 U 32
34 0 U 33
35 1 U 25
36 1 U 35
37 1 U 36
38 0 U 37
39 1 U 8
40 1 U 39
41 0 U 40
42 0 U -1
43 0 U 42
44 1 U 32
45 0 L 38
46 0 L 8
47 0 U 46
48 0 U 47
49
0 0 U -1
1 1 U 0
2 1 U 1
3 0 U 2
4 1 U 3
5 1 U 3
6 1 U 5
7 1 U -1
8 0 U 7
9 0 U 8
10 1 L -1
11 0 L 10
12 1 L 6
13 0 U 12
14 1 U 8
15 1 U 14
16 1 U 15
17 0 U 16
18 1 U 17
19 0 U 6
20 0 U 19
21 1 U -1
22 0 U 21
23 1 U 4
24 1 U 23
25 0 U 24
26 1 U 25
27 0 U 26
28 0 U 2
29 0 U 0
30 1 U 29
31 0 U 30
32 1 L 8
33 0 U 32
34 0 U 33
35 1 U 25
36 1 U 35
37 1 U 36
38 1 L 30
39 1 U 8
40 1 U 39
41 0 U 40
42 0 U -1
43 0 U 42
44 1 U 32
45 0 L 38
46 0 L 8
47 0 U 46
48 0 U 47
49
0 0 U -1
1 1 U 0
2 1 U 1
3 0 U 2
4 1 U 3
5 1 U -1
6 1 U 5
7 1 U -1
8 0 U 7
9 0 U 8
10 1 L -1
11 0 L 10
12 1 L 6
13 0 U 12
14 1 U 8
15 1 U 14
16 1 U 15
17 0 U 16
18 1 U 17
19 0 U 6
20 0 U 19
21 1 U -1
22 0 U 21
23 1 U 4
24 1 U 23
25 0 U 24
26 1 U 25
27 0 U 26
28 1 U -1
29 0 U 0
30 1 U 29
31 0 U 30
32 0 U 21
33 0 U 32
34 0 L 15
35 1 U 25
36 1 U 35
37 1 U 36
38 0 U 37
39 1 U 8
40 1 U 39
41 0 U 40
42 0 U -1
43 0 U 42
44 1 U 32
45 0 L 38
46 0 L 8
47 0 U 46
48 0 U 47
49
0 0 U -1
1 0 L 0
2 1 U 1
3 0 U 2
4 1 U 3
5 1 L 2
6 1 U 5
7 1 U -1
8 0 U 7
9 0 U 8
10 1 L -1
11 0 L 10
12 1 L 6
13 0 U 12
14 1 U 8
15 1 U 14
16 1 U 15
17 0 U 16
18 1 L 11
19 0 U 6
20 0 U 19
21 1 U -1
22 0 U 21
23 1 U 4
24 1 U 23
25 0 U 24
26 1 U 25
27 0 U 26
28 1 U -1
29 0 U 0
30 1 U 29
31 0 U 30
32 0 U 21
33 0 U 32
34 0 U 33
35 1 U 25
36 1 U 35
37 1 U 36
38 0 U 37
39 1 U 8
40 1 U 39
41 0 U 21
42 0 U -1
43 0 U 42
44 1 U 32
45 0 L 38
46 0 L 8
47 0 U 46
48 0 U 47
49
0 0 U -1
1 1 U 0
2 1 U 1
3 0 U 2
4 1 U 3
5 1 L 2
6 1 U 5
7 1 U -1
8 0 U 7
9 0 U 8
10 1 L -1
11 0 L 10
12 1 L 6
13 0 U 12
14 1 U 8
15 1 U 14
16 1 U 15
17 0 U 16
18 1 L 2
19 0 U 6
20 0 U 19
21 0 L 19
22 0 L 20
23 1 U 4
24 1 U 23
25 0 U 24
26 1 U 25
27 0 U 26
28 1 U -1
29 0 U 0
30 1 U 29
31 0 U 30
32 0 U 21
33 0 U 32
34 0 U 33
35 1 U 25
36 1 U 35
37 1 U 36
38 1 L 23
39 1 L 21
40 1 U 39
41 0 U 40
42 0 U -1
43 0 U 42
44 1 U 32
45 0 L 38
46 0 L 8
47 0 U 46
48 0 U 47
49
0 0 U -1
1 1 U 0
2 1 U 1
3 0 U 2
4 1 U 3
5 1 U 4
6 0 U -1
7 1 U -1
8 0 U 7
9 0 U 8
10 1 L -1
11 0 L 10
12 1 L 6
13 0 L 8
14 1 U 8
15 1 U 14
16 1 U 15
17 1 U 7
18 1 U 17
19 0 U 6
20 0 U 19
21 1 U -1
22 0 U 21
23 1 U 4
24 1 U 23
25 0 U 24
26 0 L 3
27 0 U 26
28 1 U -1
29 0 U 0
30 1 U 29
31 0 U 30
32 0 U 21
33 0 U 32
34 0 U 33
35 1 U 25
36 1 U 35
37 1 U 36
38 1 L 7
39 1 U 8
40 1 U 39
41 0 U 40
42 0 U -1
43 0 U 42
44 1 U 32
45 0 L 38
46 0 L 8
47 0 U 46
48 0 U 47
49
0 0 U -1
1 1 U 0
2 1 U 1
3 0 U 2
4 1 U 3
5 1 U 4
6 1 U 5
7 1 U -1
8 0 U 7
9 0 U 8
10 1 L -1
11 0 L 10
12 1 L 6
13 0 U 12
14 1 U 8
15 1 L -1
16 1 U 15
17 0 U 16
18 1 U 17
19 0 U 6
20 0 U 19
21 1 U -1
22 0 U 21
23 1 U 4
24 1 U 23
25 0 U 24
26 1 U 25
27 0 U 26
28 1 U -1
29 0 U 0
30 1 U 29
31 0 U 30
32 0 U 21
33 0 U 32
34 1 U 18
35 1 U 25
36 1 U 35
37 1 U 36
38 0 L 15
39 1 U 8
40 1 U 39
41 0 U 40
42 0 U -1
43 1 L 36
44 1 U 32
45 0 L 38
46 0 L 8
47 0 U 46
48 0 U 47
49
0 0 U -1
1 1 U 0
2 1 U 1
3 0 U 2
4 1 U 3
5 1 L -1
6 1 U 5
7 1 U 1
8 0 L 2
9 0 U 8
10 1 L -1
11 0 L 10
12 1 L 6
13 0 U 12
14 1 U 8
15 1 U 14
16 1 U 15
17 0 U 16
18 1 U 17
19 0 U 6
20 1 U 18
21 0 U 6
22 0 U 21
23 1 U 4
24 1 U 23
25 0 L 21
26 1 U 25
27 0 U 26
28 1 U -1
29 0 U 0
30 1 U 29
31 0 U 30
32 0 U 21
33 0 U 32
34 0 U 33
35 1 U 25
36 1 U 35
37 1 U 36
38 0 U 37
39 1 U 8
40 1 U 39
41 0 U 40
42 0 U -1
43 0 U 42
44 1 U 32
45 1 L 34
46 0 L 8
47 0 U 46
48 0 U 47
49
0 0 U -1
1 1 U 0
2 1 U 1
3 0 U 2
4 1 U 3
5 1 U 4
6 1 U 5
7 1 U -1
8 0 U 7
9 0 U 8
10 1 L -1
11 0 L 2
12 1 L 6
13 0 U 12
14 1 U 8
15 1 U 14
16 1 U 15
17 0 U 16
18 1 U 17
19 0 U 6
20 0 U 19
21 1 U -1
22 0 U 21
23 1 U 4
24 1 U 23
25 0 U 24
26 1 U 25
27 1 U 7
28 1 U -1
29 0 U 0
30 1 U 29
31 0 U 30
32 0 U 21
33 0 L 26
34 0 U 33
35 1 U 25
36 1 U 35
37 1 U 36
38 0 U 37
39 1 U 8
40 1 U 20
41 0 U 40
42 0 U -1
43 0 L 30
44 1 U 3
45 0 L 38
46 0 L 8
47 0 U 46
48 0 U 47
49
0 0 U -1
1 1 U 0
2 1 U 1
3 0 U 2
4 1 U 3
5 1 U 4
6 1 U 5
7 1 U -1
8 0 U 7
9 0 U 8
10 1 L -1
11 0 L 10
12 1 L 6
13 0 U 12
14 0 L 10
15 1 U 14
16 1 U 15
17 1 U 8
18 1 U 17
19 0 U 6
20 0 U 19
21 1 U -1
22 0 U 21
23 1 U 4
24 1 U 23
25 0 U 24
26 1 U 25
27 0 U 26
28 1 U -1
29 0 U 0
30 1 L 12
31 0 U 30
32 0 L 13
33 0 U 32
34 0 U 33
35 1 U 25
36 1 U 35
37 1 U 36
38 0 U 37
39 1 U 23
40 1 U 39
41 0 U 40
42 0 U -1
43 0 U 42
44 1 U 32
45 0 L 38
46 0 L 8
47 0 U 46
48 0 U 47
49
0 0 U -1
1 0 U 0
2 1 U 1
3 0 U 2
4 1 U 3
5 1 U 4
6 1 U 5
7 1 U -1
8 0 U 7
9 0 U 8
10 1 L -1
11 0 L 10
12 1 L 6
13 0 U 12
14 1 U 8
15 1 U 14
16 1 U 4
17 0 U 16
18 1 U 17
19 0 U 6
20 0 L 15
21 1 U -1
22 0 U 21
23 1 U 4
24 1 U 23
25 0 U 24
26 1 U 25
27 0 U 26
28 1 L 20
29 0 U 0
30 1 U 29
31 0 U 30
32 0 U 21
33 0 U 32
34 0 U 33
35 1 U 25
36 1 U 35
37 1 U 36
38 0 U 37
39 1 U 8
40 1 U 39
41 0 U 40
42 0 U -1
43 0 U 42
44 1 U 32
45 0 L 38
46 0 L 8
47 0 U 46
48 0 U 47
49
0 0 U -1
1 1 U 0
2 1 U 1
3 0 U 2
4 1 U 3
5 0 L 3
6 1 U 5
7 1 U -1
8 0 U 2
9 0 U 8
10 1 L -1
11 0 L 10
12 1 L 6
13 0 U 12
14 1 U 8
15 1 U 14
16 1 U 15
17 0 U 12
18 1 U 17
19 0 U 6
20 0 U 19
21 1 U -1
22 0 U 21
23 1 U 4
24 1 U 23
25 0 U 24
26 0 U 11
27 0 U 26
28 1 U -1
29 0 U 0
30 0 U 22
31 0 U 30
32 1 U 20
33 0 U 32
34 1 U 29
35 1 U 25
36 0 L 14
37 1 U 36
38 0 U 37
39 1 U 8
40 1 U 39
41 0 U 20
42 0 U -1
43 0 U 42
44 1 U 32
45 0 L 38
46 0 L 8
47 0 U 46
48 0 U 47
49
0 0 U -1
1 1 U 0
2 1 U 1
3 0 U 2
4 1 U 3
5 1 U 4
6 1 U 5
7 0 U 4
8 0 U 7
9 0 U 8
10 1 L -1
11 0 L 0
12 1 L 6
13 0 U 12
14 1 U 8
15 1 U 14
16 1 U 15
17 0 U 16
18 1 U 17
19 0 U 6
20 0 U 19
21 1 U -1
22 0 U 21
23 1 U 4
24 1 U 23
25 1 L 20
26 1 U 25
27 0 U 26
28 1 U -1
29 0 U 0
30 1 U 29
31 0 U 30
32 0 U 21
33 0 U 32
34 0 U 33
35 1 U 25
36 1 U 35
37 1 U 36
38 0 U 37
39 1 U 8
40 1 U 39
41 0 U 40
42 0 U -1
43 0 U 42
44 1 U 32
45 0 L 38
46 0 L 8
47 0 U 46
48 0 U 47
49
0 0 U -1
1 1 U 0
2 1 U 1
3 0 U 2
4 1 U 3
5 1 U 4
6 1 U 5
7 1 U -1
8 0 U 7
9 1 U 8
10 1 L -1
11 0 L 10
12 1 L 6
13 0 U 12
14 1 U 8
15 1 U 14
16 1 U 15
17 0 U 16
18 1 U 17
19 0 U 6
20 0 U 19
21 1 U -1
22 0 U 21
23 1 U 4
24 1 U 23
25 0 U 24
26 1 U 25
27 0 U 26
28 1 U -1
29 0 U 0
30 1 U 29
31 1 U 12
32 0 U 21
33 0 U 32
34 1 U 12
35 1 U 25
36 1 U 35
37 1 U 36
38 0 U 37
39 1 U 8
40 1 U 39
41 0 U 40
42 0 U -1
43 0 U 42
44 1 U 32
45 0 L 38
46 0 L 8
47 0 U 46
48 0 U 47
49
0 0 U -1
1 1 U 0
2 1 U 1
3 0 U 2
4 1 U 3
5 1 U 4
6 1 U 5
7 1 U -1
8 0 U 7
9 0 U 8
10 1 L -1
11 0 L 5
12 0 U 10
13 0 U 12
14 1 U 8
15 1 U 14
16 1 U 15
17 0 U 16
18 1 U 17
19 0 U 6
20 0 U 19
21 1 U -1
22 0 U 21
23 1 U 4
24 1 U 23
25 0 U 24
26 1 U 25
27 0 U 26
28 1 U -1
29 0 U 0
30 1 U 29
31 0 U 30
32 0 U 21
33 0 U 32
34 0 U 33
35 1 U 25
36 1 U 35
37 1 U 36
38 0 U 37
39 1 U 8
40 1 U 39
41 0 U 40
42 0 U -1
43 0 U 42
44 1 U 32
45 0 L 38
46 0 L 8
47 0 U 46
48 0 U 47
49
0 0 U -1
1 0 L 0
2 1 U 1
3 0 U 2
4 1 U 3
5 1 U 4
6 1 U 5
7 1 U -1
8 0 U 6
9 0 U 8
10 1 L -1
11 0 L 10
12 1 U 6
13 0 U 12
14 1 U 8
15 1 U 14
16 1 U 15
17 0 U 16
18 1 U 17
19 0 U 6
20 0 U 19
21 1 U -1
22 0 U 21
23 1 U 4
24 1 U 23
25 0 U 23
26 1 U 25
27 0 U 26
28 1 U -1
29 0 U 0
30 1 U 29
31 0 U 30
32 0 U 21
33 0 U 32
34 0 U 33
35 1 U 25
36 1 U 35
37 1 U 36
38 0 U 37
39 1 U 8
40 1 U 39
41 0 U 40
42 0 U -1
43 0 U 42
44 1 U 32
45 0 L 38
46 0 L 8
47 1 L 33
48 0 U 47
49
0 0 U -1
1 1 U 0
2 1 U 1
3 0 U 2
4 0 U 2
5 1 U 4
6 1 U 5
7 1 U -1
8 0 U 7
9 0 U 8
10 1 L -1
11 0 L 10
12 1 L 6
13 0 U 12
14 1 U 8
15 1 U 14
16 1 U 15
17 0 U 16
18 1 U 17
19 0 U 6
20 0 U 19
21 1 U -1
22 1 L 2
23 0 U 5
24 1 U 23
25 0 U 24
26 1 U 25
27 0 U 26
28 1 U -1
29 0 U 0
30 1 U 29
31 1 L 18
32 0 U 21
33 0 U 32
34 0 U 33
35 1 U 25
36 1 U 35
37 1 U 36
38 0 L 33
39 1 U 8
40 1 U 39
41 0 U 40
42 0 U -1
43 0 U 42
44 1 U 32
45 0 L 38
46 0 L 8
47 0 U 46
48 0 U 47
49
0 0 U -1
1 1 U 0
2 1 U 1
3 0 U 2
4 1 U 3
5 1 U 4
6 1 U 5
7 1 U -1
8 0 U 7
9 0 U 8
10 1 L -1
11 0 L 10
12 1 L 6
13 0 U 12
14 1 U 8
15 1 U 14
16 1 U 15
17 0 U 16
18 1 U 17
19 0 U 6
20 0 U 19
21 1 U -1
22 0 U 21
23 1 U 4
24 1 U 23
25 1 U 24
26 1 U 25
27 0 U 26
28 1 U -1
29 0 U 0
30 1 U 29
31 0 U 30
32 0 U 21
33 0 U 32
34 0 U 33
35 1 U 25
36 1 U 35
37 1 U 36
38 0 U 37
39 1 U 8
40 0 L 31
41 0 U 40
42 0 U -1
43 1 U 16
44 1 U 32
45 0 L 38
46 0 L 8
47 0 U 46
48 0 U 47
49
0 0 U -1
1 1 U 0
2 1 U 1
3 0 U 2
4 1 U 3
5 1 U 4
6 1 U 5
7 1 U -1
8 0 U 7
9 0 U 8
10 1 L 2
11 1 L 0
12 1 L 6
13 0 U 12
14 1 U 3
15 1 U 6
16 1 U 15
17 0 U 16
18 1 U 17
19 0 U 6
20 0 U 19
21 0 U 19
22 0 U 21
23 1 L 11
24 1 U 23
25 0 U 24
26 1 U 25
27 0 U 26
28 1 U -1
29 0 U 0
30 1 U 29
31 0 U 30
32 0 U 21
33 0 U 32
34 1 L 33
35 1 U 25
36 0 U 0
37 1 U 36
38 0 U 37
39 1 U 8
40 1 U 39
41 0 U 40
42 0 U -1
43 0 U 42
44 1 U 32
45 0 L 38
46 0 L 8
47 0 U 46
48 0 U 47
49
0 0 U -1
1 1 U 0
2 1 U 1
3 0 U 2
4 1 U 3
5 1 U 4
6 1 U 5
7 1 U -1
8 0 U 7
9 1 U 1
10 1 L -1
11 0 L 10
12 1 U 6
13 0 U 12
14 1 U 8
15 1 U 14
16 1 U 15
17 0 U 16
18 1 U 7
19 0 L 1
20 0 U 19
21 1 U -1
22 0 U 21
23 1 U 4
24 1 U 23
25 0 U 24
26 1 U 25
27 0 U 26
28 1 U -1
29 0 U 0
30 1 U 29
31 0 U 30
32 0 U 21
33 0 U 32
34 0 U 33
35 1 U 25
36 1 U 35
37 1 U 36
38 0 U 37
39 1 U 8
40 1 U 39
41 0 U 40
42 0 U -1
43 0 U 42
44 1 U 32
45 0 L 38
46 0 L 8
47 0 U 46
48 0 U 47
49
0 0 U -1
1 1 U 0
2 0 L -1
3 0 U 2
4 1 U 3
5 1 U 4
6 1 U 5
7 1 U -1
8 0 U 7
9 0 U 8
10 1 L -1
11 0 L 10
12 1 L 6
13 0 U 12
14 1 U 8
15 1 U 14
16 1 U 15
17 0 U 16
18 1 U 17
19 0 U 6
20 0 U 19
21 1 U -1
22 0 U 21
23 1 U 4
24 1 U 23
25 0 U 24
26 1 U 21
27 0 U 26
28 1 U -1
29 0 U 0
30 1 U 29
31 0 U 30
32 0 U 21
33 0 U 32
34 0 U 33
35 1 U 25
36 1 U 35
37 1 U 36
38 0 U 37
39 1 U 8
40 1 U 39
41 0 U 40
42 0 U -1
43 0 U 42
44 1 U 32
45 0 L 38
46 0 L 8
47 0 U 46
48 0 U 47
49
0 0 U -1
1 1 U 0
2 1 U 1
3 0 U 2
4 1 U 3
5 1 U 4
6 1 U 5
7 1 U -1
8 0 U 7
9 0 U 8
10 1 L -1
11 0 L 10
12 0 L 8
13 0 U 12
14 1 U 8
15 1 U 14
16 1 U 15
17 0 U 16
18 1 U 17
19 0 U 6
20 0 U 19
21 1 U -1
22 1 U 17
23 1 U 4
24 1 U 23
25 0 U 24
26 1 U 25
27 0 U 26
28 1 U -1
29 0 U 0
30 1 U 29
31 0 U 30
32 0 U 30
33 0 U 32
34 0 U 33
35 1 U 25
36 1 U 35
37 1 U 36
38 0 U 37
39 1 U 8
40 1 U 39
41 0 U 40
42 0 U -1
43 1 L 18
44 1 U 32
45 0 L 38
46 0 L 8
47 0 U 46
48 0 U 47
49
0 0 U -1
1 1 U 0
2 1 U 1
3 0 U 2
4 1 U 3
5 1 U 4
6 1 U 5
7 1 U -1
8 0 U 7
9 0 U 8
10 1 L -1
11 0 L 10
12 1 L 6
13 0 U 12
14 1 U 8
15 1 U 14
16 1 U 15
17 0 U 16
18 1 U 17
19 0 U 6
20 0 U 19
21 1 U -1
22 0 U 18
23 1 U 4
24 1 U 23
25 0 U 24
26 1 U 25
27 0 U 26
28 1 U -1
29 0 U 0
30 1 U 29
31 0 U 30
32 0 U 21
33 0 U 32
34 0 U 33
35 1 U 25
36 1 U 35
37 1 U 36
38 0 U 37
39 1 U 8
40 1 U 39
41 0 U 40
42 0 U -1
43 0 U 42
44 1 U 32
45 0 L 38
46 0 L 8
47 0 U 46
48 0 U 47
49
0 0 U -1
1 1 U 0
2 1 U 1
3 0 U 2
4 1 U 3
5 1 U 4
6 1 U 5
7 0 L 3
8 0 U 7
9 0 U 8
10 1 L -1
11 0 L 10
12 1 L 6
13 0 U 12
14 1 U 8
15 0 U 10
16 1 U 15
17 0 U 16
18 1 U 17
19 0 U 6
20 0 U 19
21 1 U -1
22 0 U 21
23 1 U 4
24 1 U 23
25 1 L 10
26 1 U 25
27 0 U 26
28 1 U -1
29 0 U 0
30 1 U 29
31 0 U 30
32 0 U 21
33 0 U 32
34 0 U 33
35 1 U 25
36 1 U 35
37 1 U 36
38 0 U 18
39 1 U 8
40 1 U 39
41 0 U 40
42 0 U -1
43 0 U 42
44 1 U 32
45 1 U 12
46 0 L 8
47 0 U 46
48 0 U 47
49
0 0 U -1
1 0 U -1
2 1 U 1
3 0 U 2
4 1 U 3
5 1 U 4
6 1 U 5
7 1 U -1
8 0 U 7
9 0 U 8
10 1 L -1
11 0 L 10
12 1 L 6
13 0 U 12
14 1 U 8
15 1 L 14
16 1 U 15
17 0 U 16
18 1 U 17
19 0 U 6
20 0 U 19
21 1 U -1
22 0 U 21
23 1 U 4
24 1 U 23
25 0 U 24
26 1 U 25
27 0 U 16
28 1 U -1
29 0 U 0
30 1 U 29
31 1 L 19
32 0 U 21
33 0 U 32
34 0 U 33
35 1 U 25
36 0 U 22
37 1 U 36
38 0 U 37
39 1 U 8
40 1 U 39
41 0 U 40
42 0 U -1
43 0 U 42
44 0 L 2
45 0 L 38
46 0 L 8
47 1 U 17
48 0 U 47
49
0 0 U -1
1 1 U 0
2 1 U 1
3 0 U 2
4 1 U 3
5 1 U 4
6 1 U 5
7 1 U -1
8 1 L 3
9 0 U 8
10 1 L -1
11 0 L 10
12 1 L 6
13 0 U 12
14 0 L 4
15 1 U 14
16 1 U 15
17 0 U 16
18 1 U 17
19 0 U 6
20 0 U 19
21 1 U -1
22 0 L 12
23 1 U 4
24 1 U 23
25 1 U 13
26 1 U 25
27 0 U 26
28 1 L 21
29 0 U 0
30 1 U 29
31 0 U 30
32 0 U 21
33 0 U 32
34 0 U 33
35 1 U 25
36 1 U 35
37 1 U 36
38 0 U 37
39 1 U 8
40 1 U 39
41 0 U 40
42 0 U -1
43 1 L 36
44 1 U 32
45 0 L 38
46 0 L 8
47 0 U 46
48 0 U 47
49
0 0 U -1
1 1 U 0
2 1 U 1
3 0 U 2
4 1 U 3
5 1 U 4
6 1 U 5
7 1 U -1
8 0 U 7
9 0 U 8
10 1 L -1
11 0 L 10
12 1 L 6
13 0 U 12
14 1 U 8
15 1 U 14
16 1 U 15
17 0 U 16
18 1 U 17
19 0 U 6
20 0 U 19
21 1 U -1
22 0 U 7
23 1 U 4
24 1 U 23
25 0 U 24
26 1 U 25
27 0 U 26
28 1 U -1
29 0 U 0
30 1 U 29
31 0 U 30
32 0 U 5
33 0 U 32
34 0 U 33
35 1 U 25
36 0 U 12
37 1 U 36
38 0 U 37
39 1 U 8
40 0 L 15
41 0 U 40
42 0 U -1
43 0 U 42
44 1 U 32
45 0 L 38
46 0 L 8
47 0 U 46
48 0 U 47
49
0 0 U -1
1 1 U 0
2 1 U 1
3 0 U 2
4 1 U 3
5 1 U 4
6 1 U 5
7 1 U -1
8 0 U 7
9 0 L -1
10 1 L -1
11 1 L 3
12 1 L 6
13 0 U 12
14 1 U 8
15 1 U 14
16 1 L 13
17 0 U 16
18 1 U 17
19 0 U 6
20 1 U 12
21 1 U -1
22 0 U 21
23 1 U 4
24 1 U 23
25 0 U 24
26 1 U 25
27 0 U 26
28 1 U -1
29 0 U 0
30 1 U 29
31 0 U 30
32 0 U 21
33 0 U 32
34 0 U 33
35 1 U 25
36 1 U 35
37 1 U 36
38 0 U 37
39 1 U 8
40 1 U 39
41 0 U 40
42 0 U -1
43 0 U 42
44 1 U 32
45 0 L 38
46 0 L 8
47 0 U 46
48 0 U 47
49
0 0 U -1
1 1 U 0
2 1 U 1
3 0 U 2
4 1 U 3
5 1 U 4
6 1 U 5
7 1 L 1
8 0 U 7
9 0 U 8
10 1 L -1
11 0 U 5
12 1 L 6
13 0 U 12
14 1 U 8
15 1 U 14
16 1 U 15
17 0 L 6
18 1 U 17
19 0 U 6
20 0 U 19
21 1 U -1
22 0 U 21
23 1 U 4
24 1 U 23
25 0 L 2
26 1 U 25
27 0 U 26
28 1 U -1
29 0 U 0
30 1 U 29
31 0 U 30
32 0 U 21
33 0 U 32
34 0 U 33
35 1 U 25
36 1 U 35
37 1 U 36
38 0 U 37
39 1 U 8
40 1 U 39
41 0 U 40
42 1 L 39
43 0 U 42
44 1 U 32
45 0 L 38
46 0 L 8
47 0 U 46
48 0 U 47
49
0 0 U -1
1 1 U 0
2 1 U 1
3 0 U 2
4 1 U 3
5 1 U 4
6 1 U 5
7 1 U -1
8 0 U 7
9 0 U 8
10 1 L -1
11 0 L 10
12 1 L 6
13 0 U 12
14 1 U 8
15 1 U 14
16 1 U 15
17 0 U 16
18 1 U 17
19 0 U 6
20 0 U 19
21 1 U -1
22 0 U 21
23 1 U 4
24 1 U 23
25 0 U 24
26 0 U -1
27 0 U 26
28 1 U -1
29 0 L 22
30 1 U 29
31 0 U 30
32 0 U 21
33 0 U 32
34 0 U 33
35 1 U 25
36 1 U 35
37 1 U 36
38 0 U 37
39 1 U 8
40 1 U 39
41 0 U 40
42 0 U -1
43 0 U 42
44 0 U 4
45 0 L 38
46 0 L 16
47 1 L 25
48 0 U 47
49
0 0 U -1
1 1 U 0
2 1 U 1
3 0 U 0
4 1 U 3
5 1 U 4
6 1 U 5
7 1 U -1
8 0 U 7
9 0 U 8
10 1 L -1
11 0 L 10
12 1 L 6
13 0 U 12
14 1 U 8
15 0 U 12
16 1 L 15
17 0 U 16
18 1 U 17
19 0 U 6
20 0 U 19
21 1 U -1
22 0 U 21
23 1 U 4
24 1 U 23
25 0 U 24
26 1 U 25
27 0 U 26
28 1 U -1
29 0 U 0
30 1 U 29
31 0 U 30
32 0 L 13
33 0 U 18
34 0 U 33
35 1 U 25
36 1 U 14
37 1 U 36
38 0 U 37
39 1 U 8
40 1 U 39
41 0 U 40
42 1 U 26
43 0 U 42
44 1 U 32
45 0 L 38
46 0 L 8
47 0 U 46
48 0 U 47
49
0 0 U -1
1 1 U 0
2 1 U 1
3 0 U 2
4 1 U 3
5 1 U 4
6 1 U 5
7 0 L 4
8 0 U 7
9 0 U 8
10 1 L -1
11 0 L 10
12 1 L 6
13 0 U 12
14 1 L -1
15 0 U 10
16 1 U 15
17 0 U 16
18 1 U 17
19 0 U 6
20 0 U 19
21 1 U -1
22 0 U 21
23 1 U 4
24 1 U 23
25 0 U 24
26 1 U 25
27 0 U 26
28 1 U -1
29 0 U 0
30 1 U 29
31 0 U 30
32 0 U 21
33 0 U 32
34 0 U 33
35 1 U 25
36 1 U 35
37 1 U 36
38 0 U 37
39 1 U 8
40 1 U 39
41 0 U 40
42 0 U -1
43 0 U 29
44 1 U 32
45 0 L 38
46 0 L 8
47 0 U 46
48 0 U 47
49
0 0 U -1
1 1 U 0
2 0 U -1
3 0 U 2
4 1 U 3
5 1 U 4
6 1 U 5
7 1 U -1
8 0 U 7
9 0 U 8
10 1 L -1
11 0 L 10
12 1 L 6
13 0 U 12
14 1 U 8
15 1 U 14
16 1 U 15
17 0 U 16
18 1 L 11
19 0 U 6
20 0 U 19
21 1 U -1
22 0 U 21
23 1 U 4
24 1 U 23
25 0 U 24
26 1 U 25
27 0 U 26
28 1 U -1
29 0 U 0
30 1 U 29
31 1 L 29
32 0 U 9
33 0 U 32
34 0 U 33
35 1 U 25
36 1 U 35
37 1 U 36
38 0 U 37
39 0 L 28
40 1 U 39
41 0 U 40
42 0 U -1
43 0 U 42
44 1 U 32
45 0 L 38
46 0 L 8
47 0 U 46
48 1 U 45
49
0 0 U -1
1 1 U 0
2 1 U 1
3 0 U 2
4 1 U 3
5 1 U 4
6 1 U 5
7 1 U -1
8 0 U 7
9 0 U 8
10 1 U 6
11 0 L 10
12 1 L 6
13 0 U 12
14 1 U 8
15 1 L 8
16 1 U 15
17 0 U 16
18 1 U 17
19 0 U 6
20 1 L 3
21 1 U -1
22 1 U 10
23 1 U 4
24 1 U 23
25 0 U 24
26 1 L 24
27 0 U 26
28 1 U -1
29 0 U 0
30 1 U 29
31 0 U 30
32 0 U 21
33 0 U 32
34 0 U 33
35 1 U 25
36 1 U 35
37 1 U 36
38 0 U 37
39 1 U 8
40 1 U 39
41 0 U 40
42 0 U -1
43 0 U 42
44 1 U 32
45 0 L 38
46 0 L 8
47 0 U 46
48 0 U 47
49
0 0 L -1
1 0 L 0
2 1 U 1
3 0 U 2
4 1 U 3
5 1 U 4
6 1 U 5
7 1 U -1
8 0 U 7
9 0 U 8
10 1 L -1
11 0 L 10
12 1 L 6
13 0 U 12
14 1 U 8
15 1 L 11
16 0 U 11
17 0 U 16
18 1 U 17
19 0 U 6
20 0 U 19
21 1 U -1
22 0 U 21
23 1 U 4
24 1 U 23
25 1 U 17
26 1 U 25
27 0 U 26
28 1 U -1
29 0 U 0
30 1 U 29
31 0 U 30
32 0 U 21
33 0 U 32
34 0 U 33
35 1 U 25
36 1 U 35
37 1 U 36
38 0 U 37
39 1 U 8
40 1 U 39
41 0 U 40
42 0 U -1
43 0 U 42
44 1 U 32
45 0 L 38
46 0 L 8
47 0 U 46
48 0 U 47
49
0 0 U -1
1 1 U 0
2 1 U 1
3 0 U 2
4 1 U 3
5 1 U 4
6 1 U 5
7 1 U -1
8 0 U 7
9 0 U 8
10 1 L -1
11 0 L 10
12 1 L 6
13 0 U 12
14 1 U 8
15 1 U 14
16 1 U 15
17 0 U 16
18 1 U 17
19 0 U 6
20 0 U 19
21 1 U -1
22 0 U 21
23 1 U 4
24 1 U 23
25 1 U 18
26 1 U 25
27 0 U 26
28 0 L 23
29 0 U 0
30 1 U 29
31 0 U 30
32 0 U 21
33 0 U 32
34 0 U 33
35 1 U 25
36 1 U 35
37 1 U 36
38 0 U 37
39 1 U 8
40 1 U 39
41 0 L 5
42 0 U -1
43 0 U 42
44 1 U 32
45 0 L 38
46 0 L 8
47 1 U 44
48 0 U 47
49
0 0 U -1
1 1 U 0
2 1 U 1
3 0 U 2
4 1 U 3
5 1 U 4
6 1 U 5
7 1 U -1
8 1 L 3
9 0 U 8
10 1 L -1
11 0 L 10
12 1 L 6
13 0 L 4
14 1 U 8
15 1 U 14
16 1 U 15
17 0 U 16
18 1 U 17
19 0 U 6
20 0 U 19
21 1 U -1
22 0 U 21
23 1 U 4
24 1 U 23
25 0 U 24
26 1 L 8
27 0 U 26
28 1 U -1
29 0 U 0
30 1 U 29
31 0 U 30
32 0 U 21
33 0 U 32
34 0 U 33
35 1 U 25
36 1 U 35
37 1 U 36
38 0 U 37
39 1 U 8
40 0 U 33
41 0 U 40
42 0 U -1
43 0 U 42
44 1 U 32
45 0 L 38
46 0 L 8
47 0 U 46
48 0 U 47
49
0 1 L -1
1 1 U 0
2 1 U 1
3 0 U 2
4 0 L -1
5 1 U 4
6 1 U 5
7 1 U -1
8 0 U 7
9 0 U 8
10 1 L -1
11 1 U 4
12 1 L 6
13 0 U 8
14 1 U 8
15 1 U 14
16 1 U 15
17 0 U 16
18 1 U 17
19 0 U 6
20 0 U 19
21 1 U -1
22 0 U 21
23 1 U 4
24 1 U 23
25 0 U 24
26 1 U 25
27 0 U 26
28 1 U -1
29 0 U 0
30 1 U 29
31 0 U 30
32 0 U 21
33 0 U 32
34 0 U 33
35 1 U 25
36 1 U 35
37 1 U 36
38 0 U 37
39 1 U 8
40 1 U 39
41 0 U 40
42 0 U -1
43 0 U 42
44 0 U 3
45 1 U 27
46 0 L 8
47 0 U 46
48 0 U 47
49
0 0 U -1
1 1 U 0
2 1 U 1
3 0 U 2
4 0 L 3
5 1 U 4
6 1 U 5
7 1 U -1
8 0 U 7
9 0 U 8
10 1 L -1
11 0 L 10
12 1 L 6
13 0 U 12
14 1 U 8
15 1 U 14
16 1 U 15
17 0 U 16
18 1 U 17
19 0 U 6
20 0 U 19
21 1 U -1
22 0 U 21
23 1 U 4
24 1 U 23
25 0 U 24
26 0 L 2
27 0 U 26
28 1 U -1
29 0 U 0
30 1 U 29
31 0 U 30
32 1 L 23
33 0 U 32
34 0 U 33
35 0 L 4
36 1 U 35
37 1 U 36
38 0 U 37
39 1 U 8
40 1 U 37
41 0 U 40
42 0 U -1
43 0 U 42
44 1 U 32
45 0 L 38
46 0 L 8
47 0 U 46
48 0 U 47
49
0 0 U -1
1 1 U 0
2 1 U 1
3 0 U 2
4 1 U 3
5 1 U 4
6 1 U 5
7 1 U -1
8 0 U 7
9 0 U 8
10 1 L -1
11 0 L 10
12 1 L 6
13 0 U 12
14 1 U 8
15 1 U 14
16 1 U 15
17 0 U 16
18 0 L 4
19 0 U 6
20 1 L 17
21 1 U -1
22 0 U 21
23 1 U 4
24 1 U 16
25 0 U 24
26 1 U 25
27 0 U 26
28 1 U 13
29 1 L 27
30 1 U 29
31 0 U 30
32 0 U 21
33 0 U 10
34 0 U 33
35 1 U 25
36 1 U 35
37 1 U 36
38 1 U 5
39 1 U 8
40 1 U 39
41 0 U 40
42 0 U -1
43 0 U 42
44 1 U 32
45 0 L 9
46 0 L 8
47 0 U 46
48 1 L 1
49
0 0 U -1
1 1 U 0
2 1 U 1
3 0 U 2
4 1 U 3
5 1 U 4
6 1 U 5
7 1 U -1
8 0 U 7
9 0 U 8
10 1 L -1
11 0 L 10
12 1 L 6
13 0 U 12
14 1 U 8
15 1 U 14
16 1 U 15
17 0 U 16
18 1 U 12
19 1 U 9
20 0 U 19
21 1 U -1
22 0 U 21
23 1 U 4
24 1 U 23
25 0 U 24
26 1 U 25
27 0 U 26
28 1 U -1
29 0 U 0
30 1 U 29
31 0 U 30
32 0 U 21
33 0 U 32
34 0 U 33
35 1 U 25
36 1 U 35
37 1 U 36
38 0 U 37
39 1 U 8
40 1 U 39
41 0 U 40
42 0 U -1
43 0 U 42
44 1 U 32
45 0 L 38
46 0 L 8
47 1 L 45
48 0 U 47
49
0 0 U -1
1 1 U 0
2 1 U 1
3 0 U 2
4 1 U 3
5 1 U 4
6 1 U 5
7 1 U -1
8 0 U 7
9 0 U 8
10 1 L -1
11 0 L 10
12 1 L 6
13 0 U 12
14 1 U 8
15 1 U 14
16 1 U 15
17 0 U 16
18 1 U 17
19 0 U 6
20 0 U 19
21 1 U -1
22 0 U 21
23 1 U 4
24 1 U 23
25 0 U 24
26 1 U 25
27 0 U 26
28 1 U -1
29 0 U 0
30 1 U 29
31 0 U 30
32 0 U 21
33 0 U 32
34 0 U 9
35 1 U 25
36 1 L 8
37 1 U 5
38 1 U 23
39 1 U 8
40 1 U 39
41 0 U 40
42 0 U 26
43 0 U 42
44 1 U 32
45 0 L 38
46 1 L 9
47 0 U 46
48 0 U 47
49
0 1 U -1
1 1 U 0
2 1 U 1
3 0 U 2
4 1 U 3
5 1 U 4
6 0 U 3
7 1 U -1
8 0 U 7
9 0 U 8
10 1 L -1
11 0 L 10
12 1 L 6
13 0 U 12
14 1 U 8
15 1 U 11
16 1 U 15
17 0 U 16
18 1 U 17
19 0 U 6
20 0 U 19
21 1 U -1
22 0 U 21
23 1 U 4
24 1 L 18
25 0 U 24
26 1 U 25
27 0 U 26
28 1 U -1
29 0 U 0
30 1 U 29
31 0 U 30
32 0 U 21
33 0 U 32
34 0 U 33
35 1 U 5
36 1 U 35
37 1 U 36
38 0 U 37
39 1 U 8
40 1 U 39
41 0 U 40
42 0 U -1
43 0 U 42
44 1 U 32
45 0 L 38
46 0 L 8
47 0 U 46
48 0 U 47
49
0 0 U -1
1 1 U 0
2 1 U 1
3 0 U 2
4 1 U 3
5 1 U 4
6 1 U 5
7 1 U -1
8 1 U 0
9 0 U 8
10 1 L -1
11 0 L 10
12 1 L 6
13 0 U 12
14 1 U 8
15 1 U 14
16 1 U 15
17 1 U 3
18 1 U 17
19 0 U 6
20 0 U 19
21 1 U -1
22 0 U 21
23 1 U 4
24 1 U 23
25 0 U 24
26 1 U 25
27 0 U 26
28 1 U -1
29 0 U 0
30 1 U 29
31 0 U 30
32 0 U 21
33 0 U 32
34 1 U 6
35 1 U 25
36 1 U 35
37 1 U 36
38 0 U 37
39 1 U 8
40 1 U 14
41 0 U 40
42 0 U -1
43 0 U 42
44 1 U 32
45 0 L 38
46 1 L 42
47 0 U 46
48 0 U 47
49
0 0 U -1
1 1 U 0
2 1 U 1
3 0 U 2
4 1 U 3
5 1 U 4
6 0 L 2
7 1 U -1
8 0 U 7
9 0 U 8
10 1 L -1
11 0 L 10
12 1 L 6
13 1 L 9
14 1 U 8
15 1 U 14
16 1 U 15
17 0 U 16
18 1 U 11
19 0 U 6
20 0 U 19
21 1 U -1
22 0 U 21
23 1 U 4
24 1 U 23
25 0 U 24
26 1 U 25
27 0 U 26
28 0 U 6
29 0 U 0
30 1 U 29
31 0 U 30
32 0 U 21
33 0 U 32
34 0 U 33
35 1 U 25
36 0 U 5
37 1 U 36
38 0 U 37
39 1 U 8
40 1 U 39
41 0 U 40
42 0 U -1
43 0 U 42
44 1 U 32
45 0 L 38
46 0 L 8
47 0 U 46
48 0 U 47
49
0 0 U -1
1 1 U 0
2 1 U 1
3 0 U 2
4 1 U 3
5 1 U 4
6 1 U 5
7 1 U -1
8 0 U 7
9 0 U 8
10 1 L -1
11 0 L 10
12 0 L 11
13 0 U 12
14 1 U 8
15 1 U 14
16 1 U 15
17 0 U 16
18 1 U 17
19 0 U 6
20 0 U 19
21 1 U -1
22 0 U 21
23 1 U 4
24 1 U 23
25 0 U 24
26 1 U 25
27 0 U 26
28 1 U -1
29 0 U 0
30 1 U 29
31 0 U 30
32 0 U 21
33 0 U 32
34 0 U 33
35 0 L 1
36 1 U 35
37 1 U 36
38 0 U 37
39 1 U 8
40 1 U 39
41 0 U 40
42 0 U -1
43 0 U 42
44 1 U 32
45 0 L 38
46 0 L 8
47 0 U 46
48 0 U 47
49
0 0 U -1
1 0 L 0
2 1 U 1
3 0 U 2
4 1 U 3
5 1 U 4
6 1 U 5
7 1 U -1
8 0 U 7
9 0 U 8
10 1 L -1
11 1 U 1
12 1 L 6
13 0 U 12
14 1 U 8
15 0 L 6
16 1 U 15
17 0 U 16
18 1 U 17
19 0 U 6
20 0 U 19
21 1 U -1
22 0 U 21
23 1 U 4
24 1 U 23
25 0 U 24
26 1 U 25
27 0 U 26
28 0 L 23
29 0 U 0
30 1 U 29
31 0 U 30
32 0 U 21
33 0 U 32
34 0 U 33
35 1 U 25
36 1 U 35
37 1 U 36
38 0 U 37
39 1 U 8
40 1 U 39
41 0 U 40
42 0 U -1
43 0 U 42
44 1 U 32
45 0 L 38
46 0 L 8
47 0 U 46
48 0 U 47
49
0 0 U -1
1 1 U 0
2 1 U 1
3 0 U 2
4 1 U 3
5 1 U 4
6 1 U 5
7 1 U -1
8 0 U 7
9 1 L -1
10 1 L -1
11 0 L 10
12 1 L 6
13 0 L 3
14 1 U 8
15 1 U 14
16 1 U 15
17 0 U 16
18 1 U 17
19 0 U 6
20 0 U 19
21 1 U -1
22 1 U 14
23 0 L 18
24 1 U 23
25 0 U 24
26 1 U 25
27 0 U 26
28 1 U -1
29 0 U 0
30 1 U 29
31 0 U 30
32 0 U 21
33 0 U 32
34 0 U 33
35 1 U 20
36 1 U 35
37 1 U 36
38 0 U 37
39 1 U 8
40 1 L 24
41 0 U 40
42 0 U -1
43 0 U 42
44 1 U 32
45 0 L 38
46 0 L 8
47 1 U 21
48 0 U 47
49
0 0 U -1
1 1 U 0
2 1 U 1
3 0 U 2
4 1 U 3
5 0 U 0
6 1 U 5
7 1 U -1
8 0 U 7
9 0 U 8
10 1 L -1
11 0 L 10
12 0 L 8
13 0 U 9
14 1 U 8
15 1 U 14
16 0 U 12
17 0 U 16
18 1 U 17
19 0 U 6
20 0 U 19
21 1 U -1
22 0 U 21
23 1 U 4
24 1 U 23
25 0 U 24
26 1 U 25
27 0 U 26
28 0 L 8
29 0 U 0
30 1 U 29
31 0 U 30
32 0 U 21
33 0 U 32
34 0 U 33
35 1 U 25
36 1 U 35
37 1 U 36
38 0 U 37
39 1 U 8
40 1 U 39
41 0 U 40
42 0 U -1
43 0 U 42
44 1 U 32
45 0 L 38
46 0 L 8
47 0 U 46
48 0 U 47
49
0 0 U -1
1 1 U 0
2 1 U 1
3 0 U 2
4 1 U 3
5 1 U 4
6 1 U 5
7 1 U -1
8 0 U 7
9 0 U 8
10 1 L -1
11 0 L 10
12 1 L 6
13 0 U 12
14 1 U 8
15 1 U 14
16 0 U 12
17 0 U 16
18 1 U 17
19 0 L 10
20 0 U 19
21 1 U -1
22 0 U 21
23 0 U 20
24 1 U 23
25 0 U 24
26 1 U 25
27 0 U 26
28 1 U -1
29 0 U 0
30 1 U 29
31 0 U 30
32 0 U 21
33 0 U 32
34 0 U 33
35 0 U 4
36 1 U 35
37 1 U 36
38 0 U 37
39 1 U 8
40 1 U 39
41 0 U 40
42 0 U -1
43 0 U 42
44 1 U 32
45 0 L 38
46 0 L 8
47 0 U 46
48 0 U 47
49
0 0 U -1
1 1 U 0
2 1 U 1
3 0 L 2
4 0 U 1
5 1 U 4
6 0 U 4
7 0 L 1
8 0 U 7
9 0 U 8
10 0 L 6
11 0 L 10
12 1 L 6
13 0 U 12
14 1 U 8
15 1 U 14
16 1 U 15
17 0 U 16
18 1 U 17
19 0 U 6
20 0 U 19
21 1 U -1
22 0 U 21
23 1 U 4
24 1 U 23
25 0 U 24
26 1 U 25
27 0 U 26
28 1 U -1
29 0 U 0
30 1 U 29
31 0 U 30
32 0 U 21
33 0 U 32
34 0 U 33
35 1 U 25
36 1 L 7
37 1 L 20
38 0 U 37
39 1 U 8
40 1 U 39
41 0 U 40
42 0 U -1
43 0 U 42
44 1 U 32
45 0 L 38
46 0 L 8
47 0 L 5
48 0 U 47
49
0 0 U -1
1 1 U 0
2 1 U 1
3 0 U 2
4 1 U 3
5 1 U 4
6 1 U 5
7 1 U -1
8 0 U 7
9 0 U 8
10 1 L -1
11 0 L 10
12 1 L 6
13 0 U 12
14 1 U 8
15 1 U 14
16 1 U 15
17 0 U 16
18 1 U 17
19 0 U 6
20 0 U 19
21 1 U -1
22 0 U 21
23 1 U 4
24 1 U 23
25 0 U 24
26 1 U 25
27 0 U 26
28 1 U -1
29 0 U 0
30 1 U 29
31 0 U 30
32 0 U 21
33 0 U 32
34 0 U 33
35 1 U 25
36 1 U 35
37 1 U 36
38 0 U 37
39 1 U 8
40 1 U 39
41 0 U 40
42 0 U -1
43 0 U 42
44 1 U 32
45 0 L 38
46 0 L 8
47 0 U 46
48 1 U 31
49
0 0 U -1
1 1 U 0
2 1 U 1
3 0 U 2
4 1 U 3
5 0 L 1
6 1 U 5
7 1 U -1
8 0 U 7
9 0 U 8
10 1 L -1
11 0 L 10
12 1 L 6
13 0 U 12
14 1 U 8
15 1 U 14
16 0 L 6
17 0 U 16
18 1 L 15
19 0 U 6
20 0 U 19
21 1 U 19
22 0 U 21
23 1 U 4
24 1 U 23
25 0 U 24
26 1 U 25
27 0 U 26
28 1 U -1
29 0 U 0
30 1 U 29
31 0 U 30
32 0 U 21
33 1 L 15
34 0 U 33
35 1 U 25
36 1 U 35
37 1 U 36
38 0 U 37
39 1 U 8
40 1 U 39
41 0 U 40
42 0 U -1
43 0 U 42
44 1 U 32
45 0 L 38
46 0 L 8
47 0 U 46
48 0 U 47
49
0 1 U -1
1 1 U 0
2 1 U 1
3 0 U 2
4 1 U 3
5 1 U 4
6 1 U 5
7 1 U 3
8 0 U 7
9 0 U 8
10 1 L -1
11 0 L 10
12 1 L 6
13 0 U 12
14 1 U 8
15 1 U 14
16 1 U 15
17 0 U 7
18 1 U 17
19 0 U 11
20 0 U 19
21 1 U -1
22 0 U 0
23 1 U 4
24 1 U 23
25 0 U 24
26 1 U 25
27 0 U 26
28 1 U -1
29 0 U 0
30 1 U 29
31 0 U 30
32 0 U 21
33 0 U 32
34 0 U 33
35 1 U 25
36 1 U 35
37 1 U 36
38 0 U 9
39 1 U 8
40 1 U 39
41 0 U 40
42 0 U -1
43 0 U 42
44 1 U 32
45 0 L 38
46 0 L 8
47 0 U 46
48 0 L 25
49
0 0 U -1
1 1 U 0
2 1 U 1
3 0 U 2
4 1 U 3
5 1 U 4
6 1 U 5
7 1 U -1
8 0 U 7
9 0 U 8
10 1 L -1
11 0 L 9
12 1 L 6
13 1 L 11
14 1 U 8
15 1 U 14
16 1 U 15
17 0 U 16
18 1 U 17
19 0 U 6
20 0 U 19
21 1 U -1
22 0 U 21
23 1 U 4
24 1 U 23
25 0 U 24
26 1 U 25
27 0 U 26
28 1 U -1
29 0 U 0
30 1 U 29
31 0 U 30
32 0 U 21
33 0 U 32
34 0 U 33
35 0 U 16
36 1 U 35
37 0 L 14
38 0 U 21
39 0 L 2
40 1 U 26
41 0 U 40
42 0 U 25
43 0 U 42
44 1 U 32
45 0 L 38
46 0 L 8
47 0 U 46
48 0 U 47
49
0 0 U -1
1 1 U 0
2 1 U 1
3 0 U 2
4 1 U 3
5 1 U 4
6 1 U 5
7 1 U -1
8 0 U 7
9 0 U 8
10 1 L -1
11 0 U 3
12 1 L 6
13 0 U 12
14 1 U 8
15 1 U 14
16 1 U 15
17 0 U 16
18 1 U 17
19 0 U 6
20 0 L 13
21 1 U -1
22 0 U 21
23 1 U 4
24 1 U 23
25 0 U 24
26 1 U 25
27 0 U 26
28 1 U -1
29 0 U 0
30 1 U 29
31 0 U 21
32 0 U 21
33 0 U 32
34 0 U 33
35 1 U 25
36 1 U 35
37 1 U 36
38 0 U 37
39 1 U 8
40 1 U 39
41 0 U 40
42 0 U -1
43 0 U 42
44 1 U 32
45 0 L 38
46 0 L 8
47 0 U 46
48 0 U 47
49
0 0 U -1
1 1 U 0
2 1 U 1
3 0 U 2
4 1 U 3
5 1 U 4
6 1 U 5
7 1 U -1
8 0 U 7
9 0 U 8
10 1 L -1
11 1 L 3
12 1 L 6
13 1 U 6
14 1 U 8
15 1 U 14
16 1 U 15
17 0 U 16
18 1 U -1
19 0 U 6
20 1 L 8
21 1 U -1
22 0 U 21
23 1 U 4
24 0 L 0
25 0 U 24
26 1 U 25
27 0 U 26
28 1 U -1
29 0 U 0
30 1 U 29
31 0 U 30
32 0 U 21
33 0 U 32
34 0 U 33
35 1 U 25
36 1 U 35
37 1 U 36
38 0 U 37
39 1 U 8
40 0 L 10
41 0 U 40
42 0 U -1
43 0 U 42
44 1 U 32
45 0 L 38
46 0 L 8
47 0 U 46
48 0 U 31
49
0 1 U -1
1 1 U 0
2 1 U 1
3 0 U 1
4 1 U 3
5 1 U 4
6 0 U 5
7 1 U -1
8 0 U 7
9 0 U 8
10 1 L -1
11 0 L 10
12 1 L 6
13 0 U 12
14 1 U 8
15 1 U 14
16 1 U 15
17 0 U 16
18 1 U 17
19 0 U 6
20 0 U 19
21 1 U 3
22 1 L 14
23 1 U 4
24 1 U 23
25 0 U 24
26 1 U 25
27 1 U 11
28 1 U -1
29 1 L -1
30 1 U 29
31 0 U 30
32 0 U 21
33 0 U 32
34 0 U 33
35 1 U 25
36 1 U 35
37 1 U 36
38 0 U 37
39 0 L 27
40 1 U 39
41 0 U 37
42 0 U -1
43 0 U 13
44 1 U 11
45 0 L 38
46 0 L 8
47 0 U 46
48 0 U 47
49
0 0 U -1
1 1 U 0
2 1 U 1
3 0 U 0
4 1 U 3
5 1 U 4
6 1 U 5
7 1 U -1
8 0 U 7
9 0 U 8
10 1 L -1
11 0 L 10
12 1 L 6
13 0 L 6
14 1 U 8
15 1 U 14
16 1 U 15
17 0 U 16
18 1 U 17
19 0 U 6
20 0 U 19
21 1 U -1
22 0 L 14
23 1 U 4
24 1 U 23
25 0 U 24
26 1 U 25
27 0 U 26
28 1 U -1
29 0 U 0
30 1 U 29
31 0 U 30
32 0 U 21
33 0 U 32
34 0 U 33
35 1 U 25
36 1 U 35
37 1 U 36
38 0 U 37
39 1 U 8
40 1 U 39
41 0 U 40
42 0 U -1
43 1 L 22
44 1 U 32
45 0 L 44
46 0 L 8
47 0 U 46
48 0 U 47
49
0 0 U -1
1 0 U -1
2 1 U 1
3 0 U 2
4 1 U 3
5 1 U 4
6 1 U 5
7 1 U -1
8 0 U 7
9 0 U 8
10 1 L -1
11 0 L 10
12 1 L 6
13 0 U 12
14 1 U 8
15 1 U 14
16 1 U 15
17 0 U 16
18 1 U 17
19 0 U 6
20 0 U 19
21 1 U -1
22 0 U 21
23 1 U 4
24 1 U 23
25 0 U 24
26 0 L -1
27 0 U 26
28 1 U -1
29 0 U 0
30 1 U 29
31 0 U 30
32 0 U 21
33 0 U 32
34 0 U 33
35 1 U 25
36 1 U 35
37 1 U 36
38 0 U 37
39 1 U 8
40 1 U 39
41 0 U 40
42 0 U -1
43 0 U 42
44 1 U 32
45 0 L 38
46 0 L 8
47 0 U 46
48 0 U 47
49
0 0 U -1
1 1 U 0
2 1 U 1
3 0 U 2
4 1 U 3
5 1 U 4
6 1 U 5
7 1 U -1
8 0 U 7
9 0 U 8
10 1 L -1
11 0 L 10
12 1 L 6
13 0 U 12
14 1 U 8
15 1 L 13
16 1 U 15
17 0 U 16
18 1 U 17
19 0 U 6
20 0 U 19
21 1 U -1
22 0 U 21
23 1 U 4
24 1 U 23
25 0 U 24
26 1 U 25
27 0 U 26
28 1 U -1
29 0 U 0
30 1 U 29
31 0 U 30
32 0 U 21
33 0 U 32
34 0 U 33
35 1 U 25
36 1 U 35
37 1 U 36
38 0 U 37
39 1 U 8
40 1 U 39
41 0 U 40
42 0 U -1
43 0 U 42
44 1 U 32
45 0 L 38
46 0 L 8
47 0 U 46
48 0 U 47
49
0 0 U -1
1 1 U 0
2 1 U 1
3 0 U 2
4 1 U 3
5 1 U 4
6 1 U 5
7 1 U -1
8 0 U 7
9 0 U 8
10 1 L -1
11 0 L 10
12 0 U 10
13 0 U 12
14 1 U 8
15 1 U 14
16 0 U 14
17 0 U 16
18 1 U 17
19 1 U 3
20 0 U 19
21 1 U -1
22 0 U 21
23 1 U 4
24 1 U 23
25 1 L 8
26 1 U 25
27 0 U 26
28 1 U -1
29 0 U 0
30 1 U 29
31 0 U 30
32 0 U 21
33 1 U 17
34 0 U 33
35 0 U 5
36 1 U 35
37 1 U 36
38 0 U 37
39 0 U 0
40 1 L 12
41 0 L 23
42 0 U -1
43 0 U 42
44 1 U 32
45 0 L 38
46 0 L 8
47 0 U 46
48 0 U 47
49
0 0 U -1
1 1 U 0
2 1 U 1
3 0 U 2
4 1 U 3
5 1 U 4
6 1 U 5
7 1 U -1
8 0 U 7
9 0 U 8
10 1 L -1
11 0 L 10
12 1 L 6
13 0 U 12
14 1 U 8
15 1 U 14
16 1 U 15
17 0 U 16
18 1 L 9
19 0 U 6
20 0 U 19
21 1 U -1
22 0 U 21
23 1 U 4
24 1 U 23
25 0 U 24
26 1 U 25
27 0 U 26
28 1 U -1
29 0 U 0
30 1 U 29
31 0 U 30
32 0 U 21
33 0 U 32
34 0 U 33
35 1 U 25
36 1 U 35
37 1 U 36
38 0 U 37
39 1 U 8
40 1 U 39
41 0 U 40
42 0 U -1
43 0 U 42
44 1 U 32
45 0 L 38
46 0 L 8
47 0 U 46
48 0 U 47
49
0 0 U -1
1 1 U 0
2 1 U 1
3 0 U 2
4 1 U 3
5 1 U 4
6 1 U 5
7 1 U -1
8 0 U 7
9 0 U 8
10 0 L -1
11 0 L 10
12 1 U 3
13 0 L 1
14 1 U 8
15 1 U 14
16 1 U 15
17 0 U 16
18 1 U 17
19 0 U 6
20 0 U 19
21 0 U 14
22 0 U 3
23 1 U 4
24 1 U 23
25 0 U 24
26 1 U 25
27 0 U 26
28 1 U -1
29 1 L 10
30 1 U 29
31 0 L 3
32 0 U 21
33 0 U 32
34 0 U 33
35 1 U 25
36 1 U 35
37 1 U 36
38 0 U 37
39 1 U 8
40 0 L 0
41 0 U 40
42 0 U -1
43 0 U 42
44 1 U 2
45 0 L 38
46 0 L 8
47 0 U 46
48 0 U 47
49
0 1 L -1
1 1 U 0
2 1 U 1
3 0 U 2
4 1 U 3
5 1 U 4
6 1 U 5
7 1 U -1
8 0 U 7
9 0 U 8
10 1 L -1
11 0 L 10
12 1 L 2
13 0 U 12
14 1 U 8
15 1 U 14
16 1 U 15
17 0 U 16
18 1 U 17
19 0 U 6
20 0 U 19
21 1 U -1
22 0 U 21
23 1 U 4
24 1 U 23
25 0 U 24
26 1 U 25
27 0 U 26
28 1 U -1
29 0 U 0
30 1 U 29
31 0 U 30
32 0 U 21
33 0 U 32
34 0 U 33
35 1 U 25
36 1 U 35
37 1 U 36
38 0 U 37
39 1 U 8
40 1 U 39
41 0 U 40
42 0 U -1
43 0 U 42
44 1 U 32
45 0 L 38
46 0 L 8
47 0 U 46
48 0 U 47
49
0 0 U -1
1 1 U 0
2 1 U 1
3 0 U 2
4 0 L 1
5 1 U 4
6 1 U 5
7 1 U -1
8 0 U 7
9 0 U 8
10 1 L -1
11 0 L 10
12 1 L 6
13 0 U 12
14 1 U 8
15 1 U 14
16 1 U 15
17 0 U 16
18 1 U 17
19 0 U 6
20 0 U 19
21 1 U -1
22 0 U 21
23 1 U 4
24 1 U 23
25 0 U 24
26 1 U 25
27 0 U 26
28 1 U -1
29 0 U 0
30 1 U 29
31 0 U 30
32 0 U 21
33 0 U 32
34 0 U 33
35 1 U 25
36 1 L 30
37 1 U 36
38 1 U 30
39 1 U 8
40 1 U 39
41 0 U 40
42 0 U -1
43 0 U 42
44 1 U 32
45 0 L 38
46 0 L 8
47 0 L 46
48 0 U 47
49
0 0 U -1
1 1 U 0
2 1 U 1
3 0 U 2
4 1 U 3
5 1 U 4
6 1 U 5
7 1 U -1
8 0 U 7
9 0 U 8
10 1 L -1
11 0 L 10
12 1 L 6
13 0 U 12
14 1 U 8
15 1 U 14
16 1 U 15
17 0 U 16
18 1 L 10
19 0 U 6
20 0 U 19
21 0 U 10
22 0 U 21
23 0 U 20
24 1 U 23
25 0 U 6
26 1 U 25
27 0 U 26
28 1 U -1
29 0 U 0
30 1 U 29
31 0 U 30
32 0 U 21
33 0 U 32
34 1 U 33
35 1 U 25
36 1 U 35
37 1 U 36
38 0 U 37
39 1 U 8
40 1 L 11
41 0 U 40
42 0 U -1
43 0 U 18
44 1 U 32
45 0 L 38
46 0 L 8
47 0 U 46
48 0 U 47
49
0 0 U -1
1 1 U 0
2 1 U 1
3 0 U 2
4 1 U 3
5 1 U 4
6 1 L 5
7 1 U -1
8 0 U 7
9 0 U 8
10 1 L -1
11 0 L 10
12 1 L 6
13 0 U 12
14 1 U 8
15 1 L 11
16 1 U 15
17 0 U 16
18 1 U 17
19 0 U 6
20 0 U 9
21 1 U -1
22 0 U 21
23 1 U 4
24 1 U 23
25 0 U 24
26 1 U 25
27 0 U 26
28 1 U -1
29 0 U 0
30 1 U 29
31 0 U 30
32 0 U 21
33 0 U 32
34 0 U 33
35 1 U 25
36 1 U 35
37 1 U 36
38 0 U 37
39 1 U 8
40 1 U 39
41 0 U 40
42 0 U -1
43 0 U 42
44 1 U 32
45 0 L 38
46 0 L 8
47 1 L 20
48 0 U 47
49
0 0 U -1
1 0 L 0
2 1 U 1
3 1 U 1
4 1 U 3
5 1 U 4
6 1 U 5
7 1 U -1
8 0 U 3
9 0 U 8
10 1 L -1
11 0 L 10
12 0 U 3
13 0 U 12
14 1 U 8
15 0 L 5
16 1 U 15
17 0 U 16
18 1 U 17
19 0 U 6
20 1 U 7
21 1 U -1
22 1 U 4
23 1 U 4
24 1 U 23
25 0 U 24
26 1 L 5
27 0 U 26
28 1 U -1
29 0 U 0
30 1 U 29
31 0 L 26
32 0 U 21
33 0 U 32
34 0 U 33
35 0 U 6
36 0 L -1
37 1 L 9
38 0 U 37
39 1 U 32
40 1 U 39
41 0 L 5
42 0 U -1
43 0 U 42
44 1 U 32
45 0 L 38
46 0 L 8
47 0 U 46
48 0 U 47
49
0 0 U -1
1 1 U 0
2 1 U 1
3 0 U 2
4 1 U 3
5 1 U 4
6 1 U 5
7 1 U -1
8 0 U 7
9 0 U 8
10 1 U 1
11 0 L 10
12 1 L 6
13 0 U 12
14 1 U 8
15 1 U 14
16 1 U 15
17 0 U 16
18 1 U 17
19 0 U -1
20 0 U 19
21 1 U -1
22 0 U 21
23 1 U 4
24 1 U 23
25 0 U 24
26 1 U 25
27 0 U 26
28 1 U -1
29 0 U 0
30 1 U 29
31 0 U 30
32 0 U 21
33 0 U 32
34 0 U 33
35 1 U 25
36 1 U 35
37 1 U 36
38 0 U 37
39 1 U 8
40 1 U 39
41 0 U 40
42 0 U 16
43 0 U 42
44 1 U 32
45 0 L 38
46 0 L 8
47 0 U 46
48 0 U 47
49
0 0 U -1
1 1 U 0
2 1 U 1
3 0 U 2
4 1 U 3
5 1 U 4
6 1 U 5
7 1 U -1
8 1 U 6
9 0 U 8
10 1 L -1
11 0 L 10
12 1 L 6
13 0 U 12
14 1 U 8
15 1 U 14
16 1 U 15
17 0 U 16
18 1 U 17
19 0 U 6
20 0 U 19
21 1 U -1
22 0 U 7
23 1 U 0
24 1 U 23
25 0 U 24
26 1 U 25
27 0 L 19
28 1 U -1
29 0 U 0
30 0 U 6
31 0 U 30
32 0 U 21
33 0 U 32
34 1 U -1
35 1 U 25
36 1 L 19
37 1 U 36
38 0 U 37
39 1 U 8
40 1 U 39
41 0 U 40
42 0 U -1
43 0 U 42
44 1 U 32
45 0 L 38
46 0 L 8
47 0 U 46
48 0 U 47
49
0 1 U -1
1 1 U 0
2 1 U 1
3 0 U 2
4 1 U 3
5 1 U 4
6 1 U 5
7 1 U -1
8 0 U 7
9 0 U 8
10 1 L -1
11 0 L 10
12 1 L 6
13 0 L 2
14 1 U 8
15 1 U 14
16 1 U 15
17 0 U 16
18 1 U 17
19 0 U 6
20 1 L 19
21 1 U -1
22 0 L 21
23 1 U 4
24 1 U 23
25 0 U 24
26 1 U 25
27 0 U 26
28 1 U -1
29 0 U 0
30 1 U 29
31 0 U 30
32 0 U 21
33 0 U 32
34 0 U 33
35 1 U 25
36 1 U 35
37 1 U 36
38 0 U 37
39 1 U 8
40 1 U 39
41 0 U 40
42 0 U -1
43 0 U 42
44 1 U 32
45 0 L 38
46 0 U 21
47 0 U 46
48 0 U 47
49
0 0 U -1
1 1 U 0
2 1 U 1
3 0 U 2
4 1 U 3
5 1 U 4
6 1 U 5
7 1 U -1
8 0 U 7
9 0 U 8
10 1 L -1
11 0 L 10
12 0 L 4
13 0 U 12
14 1 U 8
15 1 U 14
16 0 L 6
17 0 U 16
18 1 U 17
19 1 U 9
20 0 U 19
21 1 U -1
22 0 U 21
23 1 U 4
24 1 U 23
25 0 U 24
26 1 U 25
27 0 U 26
28 1 U -1
29 0 U 0
30 1 U 29
31 0 U 30
32 0 U 21
33 0 U 32
34 0 U 33
35 1 U 25
36 1 U 35
37 1 U 36
38 0 U 37
39 1 U 8
40 1 U 39
41 0 U 40
42 0 U -1
43 0 U 42
44 1 U 32
45 0 L 38
46 0 L 8
47 0 U 46
48 0 U 47
49
0 0 U -1
1 1 U 0
2 1 U 1
3 0 U 2
4 1 U 3
5 1 U 4
6 1 U 5
7 1 U -1
8 0 U 7
9 1 U 8
10 0 U 9
11 0 L 10
12 1 L 6
13 0 U 12
14 1 U 8
15 1 U 14
16 1 U 15
17 1 U 6
18 1 U 17
19 0 U 6
20 0 U 19
21 1 U -1
22 0 U 21
23 1 U 4
24 1 U 23
25 0 U 24
26 1 U 25
27 0 L 16
28 1 U -1
29 0 U 0
30 1 U 29
31 0 U 30
32 0 U 21
33 0 U 32
34 0 U 33
35 1 U 25
36 1 U 35
37 1 U 36
38 0 U 37
39 1 U 8
40 1 U 39
41 1 L -1
42 0 U -1
43 0 U 42
44 1 U 32
45 0 L 38
46 0 L 8
47 0 U 46
48 0 U 47
49
0 0 U -1
1 1 U 0
2 1 U 1
3 0 U 2
4 1 U 3
5 1 U 4
6 1 U 5
7 0 U 6
8 0 U 7
9 0 U 8
10 0 L 7
11 0 L 10
12 0 L 8
13 0 U 12
14 1 U 8
15 1 U 14
16 1 U 15
17 1 L 6
18 1 U 17
19 0 U 6
20 1 U 8
21 1 U -1
22 0 U 21
23 1 U 13
24 1 U 23
25 0 U 24
26 1 U 25
27 0 U 26
28 1 U -1
29 0 U 0
30 1 U 29
31 0 U 30
32 0 U 21
33 0 U 32
34 0 U 33
35 1 U 25
36 1 U 35
37 1 U 36
38 0 U 37
39 1 U 8
40 1 U 39
41 0 U 40
42 0 U -1
43 0 U 42
44 1 U 32
45 0 L 38
46 0 L 8
47 0 U 46
48 0 U 47
49
0 0 U -1
1 0 L 0
2 1 U 1
3 0 U 2
4 1 U 3
5 1 U 4
6 1 U 5
7 1 U -1
8 0 U 7
9 0 U 8
10 0 U -1
11 0 L 10
12 1 L 6
13 0 U 12
14 1 U 8
15 1 U 14
16 1 U 15
17 0 U 6
18 1 U 17
19 0 U 14
20 0 U 19
21 1 U -1
22 0 U 21
23 1 U 4
24 1 U 23
25 0 U 24
26 0 L 7
27 0 U 26
28 1 U -1
29 0 U 0
30 0 U 14
31 0 U 30
32 0 U 21
33 0 U 32
34 0 U 33
35 1 U 25
36 1 U 35
37 1 U 36
38 0 U 37
39 1 U 8
40 0 U 25
41 0 U 40
42 0 U -1
43 0 U 42
44 1 U 32
45 0 L 38
46 0 L 8
47 0 U 46
48 0 U 47
49
0 0 U -1
1 1 U 0
2 1 U 1
3 0 U 2
4 1 L -1
5 1 U 4
6 1 U 5
7 1 U -1
8 0 U 7
9 0 U 8
10 1 L -1
11 0 L 10
12 1 L 6
13 0 U 12
14 1 U 8
15 1 U 14
16 1 L 14
17 0 L 1
18 1 U 17
19 0 U 6
20 0 U 19
21 1 U -1
22 0 U 21
23 1 U 4
24 1 U 23
25 0 U 24
26 1 U 25
27 0 U 26
28 1 U -1
29 1 U 25
30 1 U 29
31 0 U 30
32 0 U 21
33 0 U 32
34 0 U 33
35 1 U 25
36 1 U 35
37 1 L 20
38 0 U 37
39 1 U 8
40 0 U 33
41 0 U 40
42 0 U -1
43 0 U 42
44 1 U 32
45 0 L 38
46 0 L 8
47 0 U 46
48 0 L 45
49
0 0 U -1
1 1 U 0
2 1 U 1
3 0 U 2
4 1 U 3
5 1 U 4
6 1 U 5
7 1 U -1
8 0 U 7
9 0 U 8
10 1 L -1
11 0 U 0
12 1 L 6
13 0 U 12
14 1 U 8
15 1 U 14
16 1 U 15
17 0 U 2
18 1 U 17
19 0 U 6
20 0 U 19
21 1 U -1
22 0 U 21
23 1 U 4
24 1 U 23
25 0 U 24
26 1 U 25
27 0 U 26
28 1 U 3
29 0 U 0
30 1 U 29
31 0 U 30
32 0 U 21
33 0 U 32
34 0 U 33
35 0 U 21
36 1 U 35
37 1 U 36
38 0 U 37
39 0 L 31
40 1 U 39
41 0 U 40
42 0 U -1
43 0 U 42
44 1 U 32
45 0 L 38
46 0 L 8
47 0 U 46
48 0 U 47
49
0 0 U -1
1 1 U 0
2 1 U 1
3 0 U 2
4 1 L 3
5 1 U 4
6 1 U 5
7 1 U -1
8 1 L 7
9 0 U 8
10 1 L -1
11 0 U 4
12 1 L 6
13 0 U 12
14 1 U 8
15 1 U 14
16 1 U 15
17 0 L 10
18 1 U 17
19 0 L 11
20 0 U 19
21 1 U -1
22 0 U 21
23 1 U 4
24 1 U 23
25 0 U 24
26 1 U 25
27 0 U 26
28 0 L 6
29 0 U 0
30 1 U 29
31 0 U 30
32 0 U 21
33 0 U 32
34 0 L 6
35 1 U 25
36 1 U 35
37 0 U 32
38 0 U 37
39 1 U 8
40 1 U 39
41 0 U 40
42 0 U 35
43 0 U 42
44 1 U 32
45 0 L 38
46 0 U 22
47 0 U 46
48 0 U 47
49
0 0 U -1
1 1 U 0
2 1 U 1
3 0 U 2
4 1 U 3
5 1 U 4
6 0 L 3
7 1 U -1
8 0 L 5
9 0 U 8
10 1 L -1
11 0 L 10
12 1 L 6
13 0 U 2
14 1 U 8
15 1 U 14
16 1 U 15
17 0 U 16
18 1 U 17
19 0 U 6
20 0 U 19
21 1 L -1
22 0 U 21
23 1 U 4
24 1 U 23
25 0 U 24
26 1 U 25
27 0 U 26
28 1 U -1
29 0 U 0
30 1 U 29
31 0 U 30
32 0 U 21
33 0 U 32
34 0 L 23
35 1 U 25
36 1 U 35
37 1 U 36
38 1 L 31
39 1 U 8
40 1 U 39
41 0 U 40
42 0 U -1
43 0 U 42
44 1 U 32
45 1 U 44
46 0 L 8
47 0 U 46
48 0 U 47
49
0 0 U -1
1 1 L 0
2 1 U 1
3 0 U 2
4 1 U 3
5 1 U 4
6 1 U 4
7 1 U -1
8 0 U 7
9 0 U 8
10 1 L -1
11 1 L 7
12 1 L 6
13 0 U 12
14 1 U 8
15 1 U 14
16 0 L 4
17 0 U 16
18 1 U 17
19 0 U 8
20 0 U 19
21 1 U -1
22 0 U 21
23 1 U 4
24 1 U 23
25 0 U 24
26 1 U 25
27 0 U 26
28 1 U -1
29 0 U 0
30 1 U 29
31 0 U 30
32 0 U 21
33 0 U 32
34 0 U 33
35 1 U 25
36 1 U 35
37 1 U 36
38 1 L 14
39 1 U 8
40 0 U 37
41 0 U 40
42 0 U -1
43 0 U 42
44 1 U 32
45 0 L 38
46 0 L 8
47 0 U 46
48 0 U 47
49
0 0 U -1
1 1 U 0
2 1 U 1
3 0 U 2
4 1 U 3
5 1 U 4
6 1 U 5
7 1 U -1
8 0 U 7
9 0 U 8
10 1 L -1
11 0 L 10
12 1 L 6
13 0 U 12
14 1 U 8
15 0 U 12
16 0 U 3
17 0 U 16
18 1 U 17
19 0 U 6
20 0 U 19
21 1 U -1
22 0 U 21
23 1 U 4
24 1 U 23
25 0 U 24
26 1 U 25
27 0 U 26
28 1 U -1
29 0 U 25
30 0 U 16
31 0 U 30
32 0 U 21
33 0 L 18
34 0 U 33
35 1 U 25
36 1 U 35
37 1 U 36
38 0 U 37
39 1 U 8
40 1 U 39
41 0 U 40
42 0 U -1
43 0 U 42
44 1 U 32
45 0 L 38
46 0 L 8
47 0 U 46
48 0 U 47
49
0 0 U -1
1 1 U 0
2 1 U 1
3 0 U 2
4 1 U 3
5 1 U 4
6 1 U 5
7 1 U -1
8 0 U 7
9 0 U 8
10 1 U 8
11 0 L 10
12 1 L 6
13 0 U 12
14 1 U 8
15 1 U 14
16 1 U 14
17 0 U 16
18 1 U 17
19 0 U 6
20 0 U 19
21 1 U -1
22 0 U 21
23 1 U 4
24 1 U 23
25 0 U 24
26 1 U 25
27 0 U 26
28 1 U -1
29 0 U 0
30 1 U 29
31 0 U 30
32 0 L 15
33 1 U 24
34 0 U 33
35 1 U 25
36 1 U 35
37 1 U 36
38 0 U 37
39 1 U 8
40 1 L 24
41 0 U 40
42 0 U -1
43 0 U 42
44 1 U 32
45 0 L 38
46 0 L 8
47 0 U 46
48 0 U 47
49
0 0 U -1
1 1 U 0
2 1 U 1
3 0 U 2
4 1 U 3
5 1 U 4
6 1 U 5
7 1 U -1
8 0 U 7
9 0 U 8
10 1 U 8
11 0 L 10
12 1 L 6
13 0 U 12
14 1 U 8
15 1 U 14
16 1 U 14
17 0 U 16
18 1 U 17
19 0 U 6
20 0 U 19
21 1 U -1
22 1 L 16
23 1 U 4
24 1 U 23
25 0 U 24
26 1 U 25
27 0 U 26
28 1 U -1
29 0 U 0
30 1 U 29
31 0 U 30
32 0 L 15
33 1 U 24
34 0 U 33
35 1 U 25
36 1 U 35
37 1 U 36
38 0 U 37
39 1 U 8
40 1 L 24
41 0 U 40
42 0 U -1
43 0 L 6
44 0 L 17
45 0 L 38
46 0 L 8
47 0 U 46
48 0 U 47
49
0 0 U -1
1 1 U -1
2 1 U 1
3 0 U 2
4 1 U 3
5 1 U 4
6 1 U 5
7 1 U -1
8 0 U 7
9 0 U 8
10 1 U 8
11 0 L 10
12 1 L 6
13 0 L 3
14 1 U 8
15 1 U 14
16 1 U 14
17 0 U 16
18 1 U 17
19 1 U 8
20 0 U 19
21 1 U -1
22 1 U 8
23 1 U 4
24 0 L 13
25 0 U 24
26 1 U 25
27 0 U 26
28 0 U 17
29 0 U 0
30 1 U 29
31 0 U 30
32 0 L 15
33 1 U 24
34 0 U 32
35 1 U 25
36 1 U 35
37 1 U 36
38 0 U 37
39 1 U 8
40 1 L 24
41 0 U 40
42 0 U -1
43 0 U 42
44 0 L 43
45 0 L 38
46 0 L 8
47 0 U 46
48 0 U 47
49
0 0 U -1
1 1 U 0
2 1 U 1
3 0 U 2
4 0 L -1
5 1 U 4
6 1 U 5
7 1 U -1
8 0 U 7
9 0 U 8
10 1 U 8
11 0 L 7
12 1 L 5
13 0 U 12
14 1 U 8
15 1 U 14
16 1 U 2
17 0 U 16
18 1 U 17
19 0 U 6
20 0 U 19
21 1 U -1
22 0 U 21
23 1 U 4
24 1 U 23
25 0 U 24
26 1 U 25
27 0 U 26
28 1 U 16
29 1 U 0
30 1 U 29
31 0 U 30
32 0 L 15
33 1 U 24
34 0 U 33
35 1 U 25
36 1 U 35
37 1 U 36
38 0 U 37
39 1 U 8
40 1 L 24
41 0 U 40
42 0 U -1
43 0 U 42
44 1 U 32
45 0 L 38
46 0 L 8
47 0 U 46
48 1 U 24
49
0 0 U -1
1 1 U 0
2 1 U 1
3 0 U 2
4 1 U 3
5 1 U 4
6 1 U 5
7 1 U -1
8 0 U 7
9 0 U 8
10 1 U 8
11 0 L 10
12 1 L 6
13 0 U 12
14 1 U 8
15 1 U 14
16 1 U 14
17 0 U 16
18 1 U 17
19 0 U 6
20 0 U 19
21 1 U -1
22 0 U 21
23 1 U 4
24 1 U 23
25 0 U 24
26 1 U 25
27 0 U 26
28 0 U 17
29 0 U 0
30 1 U 29
31 0 U 30
32 0 L 15
33 1 U 24
34 0 U 33
35 1 U 25
36 1 U 35
37 1 U 36
38 0 U 37
39 1 U 8
40 1 L 24
41 0 U 40
42 0 U -1
43 0 U 42
44 1 U 32
45 0 L 38
46 1 L 26
47 0 U 11
48 0 U 47
49
0 0 U -1
1 1 U 0
2 1 U 1
3 0 U 2
4 1 U 3
5 1 U 4
6 1 U 5
7 1 U -1
8 0 U 7
9 1 U 4
10 1 U 8
11 0 L 10
12 1 L 6
13 0 U 12
14 1 U 8
15 1 U 14
16 1 U 14
17 1 L 13
18 1 U 17
19 0 U 6
20 0 U 19
21 1 U -1
22 0 U 21
23 1 U 4
24 1 U 23
25 0 U 24
26 1 U 25
27 0 U 26
28 1 U -1
29 0 U 0
30 1 U 29
31 0 U 30
32 0 L 15
33 1 U 24
34 0 U 33
35 0 U 24
36 1 U 35
37 1 U 36
38 0 U 37
39 1 U 8
40 1 L 24
41 0 U 40
42 0 U -1
43 0 U 42
44 1 U 32
45 0 L 38
46 0 L 8
47 0 U 46
48 0 U 47
49
0 0 U -1
1 1 U 0
2 1 U 1
3 0 U 2
4 1 U 3
5 1 U 4
6 1 U 5
7 1 U -1
8 0 U 7
9 0 U 8
10 1 U 8
11 0 L 10
12 1 L 6
13 0 U 12
14 1 U 8
15 1 U 14
16 1 U 14
17 0 U 16
18 1 U 13
19 0 U 6
20 0 U 19
21 1 U -1
22 0 U 21
23 1 L 22
24 1 L 3
25 0 U 24
26 1 U 25
27 0 U 26
28 1 U -1
29 0 U 0
30 1 U 29
31 0 U 30
32 0 L 15
33 1 U 24
34 0 U 33
35 1 U 25
36 1 U 35
37 1 U 36
38 0 U 37
39 0 L 20
40 1 L 24
41 0 U 40
42 0 U -1
43 0 U 42
44 1 U 32
45 0 L 38
46 0 L 8
47 0 U 46
48 0 U 43
49
0 0 U -1
1 1 U 0
2 1 U 1
3 0 U 2
4 1 U 3
5 1 U 4
6 1 U 5
7 1 U -1
8 0 U 7
9 0 U 8
10 1 U 8
11 0 L 10
12 1 L 6
13 0 U 12
14 1 U 8
15 1 U 14
16 1 U 14
17 0 U 16
18 1 U 17
19 0 U 6
20 0 U 19
21 1 U -1
22 0 U 21
23 1 U 13
24 0 U 2
25 0 U 24
26 1 U 25
27 0 U 26
28 1 U -1
29 0 U 0
30 1 U 29
31 0 U 30
32 0 L 15
33 1 U 24
34 0 U 33
35 1 U 25
36 1 U 35
37 1 U 36
38 0 U 37
39 0 U 35
40 1 L 24
41 0 U 40
42 0 U -1
43 0 U 42
44 1 U 32
45 0 L 38
46 0 L 8
47 0 U 46
48 0 U 47
49
0 0 U -1
1 1 U 0
2 1 U 1
3 0 U -1
4 1 U 3
5 1 U 4
6 1 U 5
7 1 U -1
8 1 L 5
9 0 U 8
10 1 U 8
11 0 L 10
12 1 L 6
13 0 U 12
14 1 U 8
15 1 U 14
16 1 U 14
17 0 U 16
18 1 U 17
19 0 U 6
20 0 U 19
21 1 U -1
22 0 U 21
23 1 U 4
24 1 U 23
25 0 U 24
26 1 U 25
27 0 U 26
28 1 U -1
29 0 U 0
30 1 U 29
31 0 U 30
32 0 L 15
33 1 U 24
34 0 U 33
35 1 U 25
36 1 U 35
37 1 U 36
38 0 U 37
39 1 U 8
40 1 L 24
41 0 U 3
42 0 U -1
43 0 U 42
44 1 U 32
45 1 L 31
46 0 L 8
47 0 U 46
48 0 U 47
