79
0 0 U -1
1 1 U 0
2 1 U 1
3 1 U 2
4 0 U 3
5 0 U 4
6 0 U 5
7 1 U 6
8 0 U -1
9 0 U 8
10 1 U 9
11 0 U 10
12 1 U 11
13 0 U 12
14 0 U 13
15 1 U 14
16 1 U -1
17 0 U 16
18 0 U 17
19 0 U 18
20 1 U 19
21 0 U 20
22 1 U 21
23 0 U 22
24 0 U -1
25 0 U 24
26 0 U 25
27 1 U 26
28 1 U 27
29 0 U 28
30 1 U 29
31 1 U 30
32 1 U -1
33 0 U 32
34 1 U 33
35 0 U 34
36 0 U 35
37 0 U 36
38 1 U 37
39 1 U 38
40 0 U -1
41 1 U 40
42 1 U 41
43 0 U 42
44 1 U 43
45 1 U 44
46 1 U 45
47 1 U 46
48 0 U -1
49 1 U 48
50 1 U 49
51 0 U 50
52 0 U 51
53 1 U 52
54 0 U 53
55 0 U 54
56 0 U -1
57 0 U 56
58 0 U 57
59 0 U 58
60 0 U 59
61 1 U 60
62 0 U 61
63 0 U 62
64 1 U -1
65 1 U 64
66 1 U 65
67 1 U 66
68 1 U 67
69 0 U 68
70 1 U 69
71 0 U 70
72 1 U -1
73 0 U 72
74 1 U 73
75 0 U 74
76 1 U 75
77 0 U 76
78 0 U 77
79
0 0 U -1
1 1 U 0
2 1 U 1
3 1 L 0
4 0 U 3
5 0 U 4
6 0 U 5
7 1 U 6
8 0 U -1
9 0 U 8
10 1 U 9
11 0 U 10
12 1 U 11
13 0 U 12
14 0 L -1
15 1 U 14
16 1 U -1
17 0 U 16
18 0 U 17
19 0 U 18
20 1 U 19
21 0 U 20
22 1 U 21
23 0 U 22
24 0 U -1
25 0 U 24
26 0 U 25
27 1 U 26
28 1 U 27
29 0 U 28
30 1 U 29
31 1 U 30
32 1 U -1
33 0 U 32
34 0 U 4
35 0 U 34
36 0 U 35
37 0 U 36
38 1 U 37
39 1 U 38
40 1 U 39
41 1 U 40
42 1 U 41
43 0 U 42
44 1 U 43
45 1 U 44
46 1 U 45
47 1 U 46
48 0 U -1
49 1 U 48
50 1 U 49
51 1 L 23
52 0 U 51
53 1 U 52
54 0 U 53
55 0 U 54
56 0 U 38
57 1 U 55
58 0 U 57
59 0 U 58
60 0 U 59
61 1 U 60
62 0 L 31
63 0 U 62
64 1 U -1
65 1 U 64
66 1 U 65
67 1 U 66
68 1 U 67
69 0 U 68
70 1 U 69
71 0 U 70
72 0 U 8
73 1 L 12
74 1 U 73
75 0 U 74
76 1 U 75
77 0 L 74
78 0 U 77
79
0 0 U -1
1 1 U 0
2 1 U 1
3 1 L 0
4 0 U 3
5 0 U 4
6 0 U 3
7 1 U 6
8 0 U -1
9 0 L 7
10 1 U 9
11 0 U 10
12 1 U 3
13 0 U 12
14 0 L -1
15 1 U 14
16 1 L 10
17 0 U 16
18 0 U 17
19 0 U 18
20 1 U 19
21 0 U 20
22 1 U 21
23 0 U 22
24 0 U 9
25 0 U 24
26 1 L 2
27 1 L 3
28 0 U 15
29 0 L 0
30 1 U 29
31 1 U 30
32 1 U -1
33 0 U 32
34 0 U 4
35 0 U 34
36 0 U 35
37 0 U 36
38 1 U 37
39 1 L 8
40 1 U 39
41 1 U 40
42 1 U 41
43 0 U 42
44 1 U 43
45 1 U 44
46 1 U 45
47 1 U 46
48 0 U -1
49 1 U 48
50 1 U 49
51 1 L 23
52 0 U 51
53 1 U 52
54 0 U 53
55 0 U 54
56 0 U 38
57 0 L 42
58 0 U 57
59 0 U 58
60 0 U 59
61 1 U 60
62 0 L 31
63 0 U 62
64 1 U -1
65 1 U 64
66 1 U 65
67 1 U 66
68 1 U 67
69 0 U 68
70 1 U 69
71 0 U 70
72 0 U 8
73 1 L 12
74 1 U 73
75 1 L 42
76 0 L 10
77 0 L 74
78 0 U 77
79
0 0 U -1
1 1 U 0
2 1 U 1
3 1 L 0
4 0 U 3
5 0 U 4
6 0 U 3
7 1 U 6
8 0 U -1
9 0 L 7
10 1 U 9
11 0 U 10
12 1 U 3
13 0 U 12
14 0 L -1
15 1 U 14
16 1 L 10
17 0 U 16
18 0 U 17
19 0 U 18
20 1 U 19
21 0 U 20
22 1 U 21
23 0 U 22
24 0 U 9
25 0 U 24
26 1 L 2
27 1 L 3
28 0 U 15
29 0 L 0
30 1 U 29
31 1 L 20
32 1 U -1
33 0 U 32
34 0 U 4
35 0 U 34
36 0 U 35
37 0 U 36
38 1 U 37
39 1 L 8
40 1 U 39
41 1 U 40
42 1 U 41
43 0 U 42
44 1 U 43
45 1 U 38
46 1 U 45
47 1 U 46
48 0 U -1
49 1 U 48
50 1 U 49
51 1 L 23
52 0 U 51
53 1 U 52
54 0 U 53
55 0 U 54
56 0 U 38
57 0 L 42
58 0 U 57
59 0 U 58
60 0 U 59
61 1 L 9
62 0 L 31
63 0 U 62
64 1 U -1
65 1 U 64
66 1 U 65
67 1 U 66
68 1 U 67
69 0 U 68
70 1 U 69
71 0 U 70
72 0 U 8
73 1 L 12
74 1 U 73
75 1 L 42
76 0 L 10
77 0 L 74
78 0 U 77
79
0 0 U -1
1 1 U 0
2 1 L 0
3 1 L 0
4 0 U 3
5 0 U 4
6 0 U 3
7 1 U 6
8 0 U -1
9 0 L 7
10 1 U 9
11 0 U 10
12 1 U 3
13 0 U 12
14 0 L -1
15 1 U 14
16 1 L 10
17 0 U 16
18 0 U 17
19 0 U 18
20 1 U 19
21 0 U 20
22 1 U 21
23 0 U 22
24 0 U 9
25 0 U 5
26 1 U 2
27 1 L 3
28 0 U 4
29 0 L 0
30 1 U 29
31 1 L 10
32 1 L 12
33 0 U 32
34 0 U 4
35 0 U 34
36 0 U 35
37 0 U 36
38 1 U 37
39 1 L 8
40 1 U 38
41 1 U 40
42 1 U 41
43 0 U 42
44 1 U 43
45 0 U 13
46 1 U 45
47 1 U 46
48 0 U -1
49 1 U 48
50 1 U 49
51 1 L 23
52 0 U 51
53 1 U 52
54 0 U 53
55 0 U 54
56 0 U 38
57 0 L 42
58 1 L 27
59 0 U 58
60 0 U 59
61 1 L 9
62 0 L 31
63 0 U 62
64 1 U -1
65 1 U 64
66 1 U 65
67 1 U 66
68 1 U 67
69 0 U 68
70 1 U 69
71 0 U 70
72 1 L 51
73 1 L 12
74 1 U 73
75 1 L 42
76 0 L 10
77 0 L 74
78 0 U 77
79
0 0 U -1
1 1 U 0
2 1 U 0
3 1 L 0
4 1 L 0
5 0 U 4
6 0 U 3
7 1 U 6
8 0 U -1
9 0 L 7
10 1 U 9
11 0 U 10
12 1 U 3
13 0 U 12
14 0 L -1
15 1 U 14
16 1 L 10
17 0 U 16
18 0 U 17
19 0 U 18
20 1 U 19
21 0 U 20
22 0 L 15
23 0 U 22
24 0 U 9
25 0 U 24
26 1 L 2
27 1 L 3
28 0 U 15
29 0 L 0
30 1 L 7
31 0 U 7
32 1 U -1
33 0 U 32
34 0 U 4
35 0 U 34
36 0 U 35
37 0 U 36
38 1 U 37
39 1 L 8
40 1 U 39
41 1 U 40
42 1 U 41
43 0 U 42
44 1 U 43
45 1 U 38
46 1 U 45
47 1 U 46
48 0 U -1
49 1 U 48
50 1 U 49
51 1 L 23
52 0 U 51
53 1 U 52
54 1 U 44
55 0 U 54
56 0 U 38
57 0 L 42
58 0 U 57
59 0 U 58
60 0 U 59
61 0 L 21
62 0 L 31
63 0 U 62
64 1 U -1
65 1 U 18
66 1 U 65
67 1 U 66
68 1 U 67
69 0 U 68
70 1 U 69
71 0 L 39
72 0 U 8
73 1 L 12
74 1 L 3
75 1 U -1
76 0 L 10
77 0 L 74
78 0 U 77
79
0 0 U -1
1 1 L 0
2 1 U 0
3 0 L 2
4 1 L 0
5 0 U 4
6 0 U 3
7 1 U 6
8 0 U -1
9 0 L 7
10 1 U 9
11 0 U 10
12 1 U 3
13 0 U 12
14 1 U 9
15 1 U 14
16 1 L 10
17 1 L 6
18 0 U 17
19 0 U 18
20 1 U 19
21 1 U 9
22 0 L 15
23 0 U 22
24 0 L 13
25 0 U 24
26 1 L 2
27 1 L 3
28 0 U 15
29 0 L 0
30 1 L 7
31 0 U 7
32 1 U -1
33 0 U 32
34 0 U 4
35 0 L 34
36 0 U 35
37 0 L 26
38 1 U 37
39 1 L 8
40 1 U 39
41 1 U 40
42 1 U 41
43 1 L 15
44 1 U 43
45 1 U 6
46 1 U 45
47 1 U 46
48 0 U -1
49 1 U 48
50 1 U 49
51 1 L 23
52 0 U 51
53 1 U 52
54 1 U 44
55 0 U 54
56 0 U 38
57 0 L 42
58 0 U 57
59 0 U 58
60 0 U 44
61 0 L 21
62 0 L 31
63 0 U 62
64 1 U -1
65 1 U 18
66 1 U 65
67 1 U 66
68 1 U 67
69 0 U 68
70 1 U 69
71 0 L 39
72 0 U 8
73 1 U 32
74 1 L 3
75 1 U -1
76 0 L 10
77 0 L 74
78 0 U 77
79
0 0 U -1
1 1 U 0
2 1 U -1
3 1 L 0
4 1 L 0
5 0 U 4
6 0 U 3
7 1 U 6
8 0 U -1
9 0 L 7
10 1 U 9
11 0 U 10
12 1 U 3
13 0 U 12
14 0 L -1
15 1 U 14
16 1 L 10
17 0 U 16
18 0 U 17
19 0 U 12
20 1 U 19
21 0 U 20
22 0 L 15
23 0 U 22
24 0 U 9
25 0 U 4
26 1 L 2
27 1 L 3
28 0 U 15
29 0 L 0
30 1 L 7
31 0 U 7
32 1 U -1
33 0 U 32
34 0 U 4
35 0 U 34
36 0 U 35
37 0 U 36
38 1 U 37
39 1 L 8
40 1 U 39
41 1 U 40
42 1 U 41
43 0 U 42
44 1 U 43
45 1 U 38
46 1 U 45
47 1 U 46
48 0 U -1
49 1 U 48
50 1 U 49
51 1 L 23
52 1 U 30
53 0 L 45
54 1 U 44
55 0 U 54
56 0 U 38
57 0 L 42
58 0 U 57
59 0 U 58
60 0 U 59
61 0 L 21
62 0 L 31
63 0 U 62
64 1 U -1
65 1 U 18
66 1 U 65
67 1 U 52
68 1 U 67
69 0 U 68
70 1 U 69
71 0 L 39
72 0 U 8
73 1 L 12
74 1 U 19
75 1 U -1
76 0 L -1
77 0 L 74
78 0 U 77
79
0 0 U -1
1 1 U 0
2 1 U 0
3 1 L 0
4 1 L 0
5 0 U 4
6 0 U 3
7 1 U 6
8 1 U -1
9 0 L 7
10 1 U 9
11 0 U 10
12 1 U 3
13 0 U 12
14 0 L -1
15 1 U 14
16 1 L 10
17 0 U 16
18 0 U 1
19 0 U 18
20 1 U 19
21 1 U 4
22 0 L 15
23 0 U 22
24 0 U 9
25 0 U 24
26 1 L 2
27 1 L 3
28 0 U 15
29 0 L 0
30 1 L 7
31 0 U 7
32 1 U -1
33 0 U 13
34 0 U 4
35 0 U 34
36 0 U 35
37 0 U 36
38 1 U 37
39 1 L 8
40 1 U 39
41 1 U 40
42 1 U 41
43 0 U 42
44 1 U 43
45 1 U 38
46 1 U 45
47 1 U 46
48 0 U -1
49 1 U 48
50 1 U 49
51 1 L 23
52 0 U 51
53 1 U 52
54 1 U 44
55 0 U 54
56 0 U 38
57 0 L 42
58 0 U 57
59 0 U 58
60 0 U 59
61 0 L 21
62 0 L 31
63 0 U 62
64 1 U -1
65 1 U 18
66 1 U 65
67 1 U 66
68 1 U 67
69 0 U 68
70 1 U 69
71 0 L 39
72 0 U 8
73 1 L 12
74 1 L 3
75 1 U -1
76 0 L 10
77 0 L 74
78 0 L -1
79
0 0 U -1
1 1 U 0
2 1 U 0
3 1 L 0
4 1 L 0
5 0 U 4
6 0 U 3
7 1 U 6
8 0 U -1
9 0 L 7
10 1 U 9
11 0 U 10
12 1 U 3
13 0 U 12
14 0 L -1
15 1 U 14
16 1 L 10
17 0 U 16
18 0 U 17
19 0 U 18
20 1 U 19
21 0 L 2
22 0 L 15
23 0 U 22
24 0 U 9
25 0 U 24
26 1 L 2
27 1 L 3
28 0 U 15
29 0 L 0
30 1 L 7
31 0 U 7
32 1 U -1
33 0 U 32
34 0 U 4
35 0 U 34
36 0 U 35
37 0 U 36
38 1 L 17
39 1 L 8
40 1 U 39
41 1 U 40
42 1 U 41
43 0 U 42
44 1 U 43
45 1 U 38
46 1 L 6
47 1 U 46
48 0 U -1
49 1 U 9
50 1 U 49
51 1 L 23
52 0 U 51
53 1 U 52
54 1 U 44
55 0 U 54
56 0 U 38
57 0 L 42
58 0 U 57
59 0 U 58
60 0 U 59
61 0 L 21
62 0 U 7
63 0 U 62
64 1 U -1
65 1 U 18
66 1 U 65
67 1 U 66
68 0 L 50
69 0 U 68
70 1 U 69
71 0 L 39
72 0 U 8
73 1 L 12
74 1 L 3
75 1 L 60
76 0 L 29
77 0 L 74
78 0 U 77
79
0 0 U -1
1 1 U 0
2 1 U 0
3 1 L 0
4 1 L 2
5 0 U 4
6 0 U 3
7 1 U 6
8 0 U -1
9 1 L 0
10 1 U 9
11 0 U 10
12 1 U 3
13 0 U 12
14 0 L -1
15 1 U 14
16 1 L 10
17 0 U 16
18 0 U 17
19 0 U 18
20 1 U 19
21 0 L 2
22 0 U 2
23 0 U 22
24 0 U 1
25 0 U 24
26 1 L 2
27 1 L 3
28 0 U 15
29 0 L 0
30 1 L 7
31 0 U 7
32 1 U -1
33 0 U 32
34 0 U 4
35 0 U 34
36 0 L 27
37 0 U 36
38 1 L 17
39 1 L 8
40 1 U 39
41 1 U 40
42 1 U 41
43 0 U 42
44 1 U 43
45 1 U 38
46 1 L 6
47 1 U 46
48 0 U -1
49 0 L 33
50 1 U 49
51 1 L 23
52 0 U 51
53 1 U 25
54 1 U 44
55 0 U 54
56 0 U 38
57 0 L 42
58 0 U 57
59 0 U 58
60 0 U 59
61 0 L 21
62 0 U 7
63 0 U 62
64 1 U -1
65 1 U 18
66 1 U 65
67 1 U 66
68 0 L 50
69 0 U 68
70 1 U 69
71 1 U 15
72 0 U 8
73 1 U 33
74 1 L 3
75 1 L 60
76 0 L 29
77 0 L 74
78 0 U 77
79
0 0 U -1
1 1 U 0
2 1 U 0
3 1 L 0
4 1 L 0
5 0 U 4
6 0 U 3
7 1 U 6
8 0 U -1
9 0 L 7
10 1 U 9
11 0 U 10
12 1 U 3
13 0 U 12
14 0 L -1
15 1 U 14
16 1 L 10
17 0 U 16
18 0 U 17
19 0 U 18
20 1 U 19
21 0 L 2
22 0 L 15
23 0 U 22
24 0 U 9
25 0 U 24
26 1 L 2
27 1 L 3
28 1 U 5
29 1 U 0
30 1 L 7
31 0 U 7
32 1 U -1
33 0 U 32
34 0 U 4
35 0 U 34
36 0 L 12
37 0 U 36
38 1 L 17
39 1 L 8
40 1 U 39
41 1 U 40
42 1 U 41
43 0 U 42
44 1 U 43
45 1 U 38
46 1 L 6
47 1 U 46
48 0 U -1
49 1 U 9
50 1 U 49
51 1 U 6
52 0 U 51
53 1 U 52
54 1 U 44
55 0 U 54
56 0 U 38
57 0 L 42
58 0 U 57
59 0 U 58
60 0 U 59
61 0 L 21
62 0 U 7
63 0 U 62
64 1 U -1
65 1 U 18
66 1 U 65
67 1 U 66
68 0 L 50
69 0 L 50
70 1 U 69
71 0 L 39
72 0 U 8
73 1 L 12
74 1 L 3
75 1 L 60
76 0 L 29
77 0 L 74
78 0 U 77
79
0 1 L -1
1 1 U 0
2 1 U 0
3 1 L 0
4 1 L 0
5 0 U 4
6 0 U 3
7 1 U 6
8 0 U -1
9 0 L 7
10 1 U 9
11 0 U 10
12 0 L 4
13 0 U 12
14 0 L -1
15 1 U 14
16 1 L 10
17 0 U 16
18 0 U 17
19 0 U 18
20 1 U 19
21 0 L 2
22 0 L 15
23 0 U 22
24 0 U 9
25 0 U 24
26 1 U 24
27 1 L 3
28 0 U 15
29 1 U 3
30 1 L 7
31 0 U 7
32 1 U 26
33 0 U 32
34 0 U 4
35 0 U 34
36 0 U 35
37 0 U 36
38 1 L 17
39 1 L 8
40 1 U 39
41 0 L 26
42 1 U 41
43 0 U 42
44 0 L 31
45 1 U 38
46 1 L 6
47 1 U 46
48 0 U -1
49 1 U 9
50 1 U 49
51 1 L 23
52 0 U 51
53 0 U 37
54 1 U 44
55 0 U 54
56 0 U 38
57 0 L 42
58 0 U 57
59 0 U 58
60 0 U 59
61 0 L 21
62 0 U 7
63 0 U 62
64 1 U -1
65 1 U 18
66 1 U 65
67 1 U 66
68 0 L 50
69 0 U 68
70 1 U 67
71 0 L 39
72 0 U 8
73 1 L 12
74 1 U 7
75 1 L 60
76 0 L 29
77 0 L 74
78 0 U 77
79
0 0 U -1
1 1 U 0
2 1 U 0
3 1 U 1
4 1 L 0
5 0 U 4
6 0 U 3
7 1 U 6
8 0 U -1
9 0 L 7
10 1 U 9
11 0 U 10
12 1 U 3
13 0 U 12
14 1 L 4
15 1 U 8
16 1 L 10
17 0 U 16
18 0 U 3
19 0 U 18
20 1 U 19
21 0 U 8
22 0 L 15
23 0 U 22
24 0 U 14
25 0 U 24
26 1 L 2
27 1 L 3
28 0 U 15
29 1 U 7
30 1 L 7
31 0 U 7
32 1 U -1
33 0 U 32
34 0 U 4
35 0 U 34
36 0 U 35
37 0 U 36
38 1 L 17
39 0 L 38
40 1 U 39
41 1 U 40
42 1 U 41
43 0 U 42
44 1 U 43
45 1 U 38
46 1 L 6
47 1 U 46
48 0 U -1
49 1 U 9
50 1 U 49
51 1 L 23
52 0 U 51
53 1 U 52
54 1 U 44
55 0 U 54
56 0 U 38
57 0 L 42
58 0 U 57
59 0 U 58
60 0 U 59
61 0 L 21
62 0 U 7
63 0 U 62
64 1 U -1
65 1 U 18
66 1 U 65
67 1 U 66
68 0 L 50
69 0 U 68
70 1 U 69
71 0 L 39
72 0 U 8
73 1 L 12
74 1 L 3
75 1 L 60
76 0 L 29
77 0 L 74
78 0 U 77
79
0 0 U -1
1 1 U 0
2 1 U 0
3 1 L 0
4 1 L 0
5 1 L 2
6 0 U 3
7 1 U 6
8 0 U -1
9 0 L 7
10 0 U 2
11 0 U 10
12 1 U 3
13 0 U 12
14 0 U 13
15 1 U 14
16 1 L 10
17 0 U 16
18 0 U 17
19 0 U 18
20 1 U 19
21 0 L 2
22 0 L 15
23 0 U 22
24 0 U 9
25 0 U 24
26 1 L 2
27 1 L 3
28 0 U 15
29 0 L 0
30 1 L 7
31 0 L -1
32 1 U -1
33 0 U 32
34 0 U 4
35 0 U 34
36 0 U 35
37 0 U 36
38 1 L 17
39 1 L 8
40 1 U 39
41 1 U 29
42 1 U 41
43 0 U 42
44 1 U 43
45 1 U 38
46 1 L 6
47 0 U 38
48 0 U -1
49 1 U 9
50 1 U 49
51 1 L 23
52 0 U 51
53 1 U 52
54 1 U 44
55 0 U 54
56 0 U 38
57 0 L 42
58 0 U 57
59 0 U 58
60 0 U 59
61 0 L 21
62 0 U 7
63 0 U 62
64 1 U -1
65 1 U 18
66 1 U 65
67 1 U 66
68 0 L 50
69 0 U 68
70 1 U 69
71 0 L 39
72 0 U 8
73 1 L 12
74 1 L 3
75 1 L 60
76 0 L 29
77 0 L 74
78 0 U 77
79
0 0 U -1
1 1 U 0
2 1 U 0
3 1 L 0
4 1 L 0
5 0 U 4
6 0 U 3
7 1 U 6
8 0 U -1
9 0 L 7
10 1 U 9
11 0 U 3
12 1 U 3
13 0 U 12
14 0 L -1
15 1 U 14
16 1 L -1
17 0 U 16
18 0 U 17
19 0 U 18
20 1 U 19
21 0 L 2
22 1 U 13
23 0 U 22
24 0 U 2
25 0 U 24
26 1 L 10
27 1 L 3
28 0 U 15
29 0 L 0
30 1 L 7
31 0 U 7
32 1 U -1
33 0 U 32
34 0 U 4
35 0 U 34
36 0 U 35
37 0 U 36
38 1 L 17
39 1 L 8
40 1 U 39
41 0 L 35
42 1 U 41
43 0 U 42
44 1 L 36
45 1 U 38
46 1 L 26
47 1 U 46
48 0 U -1
49 0 U 22
50 0 U 9
51 1 L 23
52 0 U 51
53 1 U 52
54 1 U 44
55 0 U 54
56 0 U 38
57 0 L 42
58 0 U 57
59 0 U 58
60 0 U 59
61 0 L 21
62 0 U 7
63 0 U 62
64 1 U -1
65 1 U 18
66 1 U 65
67 1 U 66
68 0 L 50
69 0 U 68
70 1 U 69
71 0 L 39
72 0 U 8
73 1 L 12
74 1 L 3
75 1 L 60
76 0 U 26
77 0 L 74
78 0 U 77
79
0 0 U -1
1 1 U 0
2 1 U 0
3 1 L 0
4 1 L 0
5 0 U 4
6 0 U 3
7 0 L -1
8 0 U -1
9 0 L 7
10 1 U 9
11 0 U 10
12 1 U 3
13 0 U 8
14 0 L -1
15 1 U 14
16 1 L 10
17 0 U 16
18 0 U 17
19 0 U 18
20 1 U 19
21 0 L 2
22 0 L 15
23 0 U 22
24 0 U 9
25 0 U 24
26 0 U 3
27 1 L 3
28 1 U 1
29 0 L 0
30 1 L 7
31 0 U 7
32 1 U -1
33 0 U 32
34 0 U 4
35 0 U 34
36 0 U 35
37 0 U 36
38 1 L 17
39 1 L 8
40 1 U 39
41 0 L 9
42 1 U 41
43 0 U 42
44 1 U 43
45 1 U 38
46 1 L 6
47 1 U 46
48 0 U -1
49 1 U 9
50 1 U 49
51 0 U 38
52 0 U 51
53 1 U 52
54 1 U 44
55 0 U 54
56 1 L 44
57 1 L 13
58 0 U 57
59 0 U 58
60 0 U 59
61 0 L 21
62 0 U 7
63 1 U 51
64 1 U -1
65 1 U 18
66 1 U 65
67 1 U 66
68 0 L 50
69 0 U 68
70 1 U 69
71 0 L 39
72 0 U 8
73 1 L 12
74 1 L 3
75 1 L 60
76 0 L 29
77 0 L 74
78 0 U 77
79
0 0 U -1
1 1 U 0
2 1 U 0
3 1 L 0
4 1 L 0
5 0 U 4
6 0 U 3
7 1 U 6
8 0 U -1
9 0 L 7
10 1 U 9
11 0 U 3
12 1 U 3
13 0 U 12
14 0 L -1
15 1 U 14
16 1 L 10
17 0 U 16
18 0 U 17
19 0 U 18
20 1 U 19
21 1 U 18
22 0 L 15
23 0 U 22
24 0 U 9
25 0 U 24
26 1 L 2
27 1 L 3
28 0 U 15
29 0 L 0
30 0 L 20
31 0 U 7
32 1 U -1
33 0 U 32
34 0 U 4
35 0 U 34
36 0 U 35
37 0 U 36
38 1 L 17
39 1 L 8
40 1 U 39
41 1 U 40
42 1 U 41
43 0 U 42
44 1 U 43
45 1 U 38
46 1 L 6
47 1 U 46
48 0 U -1
49 1 U 9
50 1 U 49
51 1 L 23
52 0 U 51
53 1 U 52
54 1 U 44
55 0 U 54
56 0 U 38
57 0 L 42
58 0 U 57
59 0 U 58
60 0 U 59
61 0 U 6
62 0 U 7
63 0 U 62
64 1 U -1
65 1 U 18
66 1 U 65
67 1 U 66
68 0 L 50
69 0 U 68
70 1 U 18
71 0 L 39
72 0 U 8
73 1 L 12
74 1 L 3
75 1 L 60
76 0 L 29
77 0 L 74
78 0 U 77
79
0 0 U -1
1 1 U 0
2 1 U 0
3 1 L 0
4 1 L 0
5 0 U 4
6 0 U 3
7 1 U 6
8 0 U -1
9 0 L 7
10 1 U 9
11 0 L 0
12 1 U 3
13 0 U 12
14 0 L -1
15 1 U 14
16 1 L 10
17 0 U 16
18 0 U 17
19 0 U 18
20 1 U 19
21 0 L 2
22 0 L 15
23 0 U 22
24 0 U 9
25 0 L 8
26 1 U 4
27 1 L 3
28 0 U 15
29 0 U 14
30 1 L 7
31 0 U 7
32 1 U -1
33 0 U 32
34 0 U 4
35 0 U 34
36 0 U 35
37 0 U 36
38 1 L 17
39 1 L 16
40 1 U 39
41 1 U 40
42 1 U 41
43 0 U 42
44 1 U 43
45 1 U 38
46 1 L 6
47 1 U 46
48 0 U -1
49 1 L 26
50 0 L 0
51 1 L 23
52 0 U 51
53 1 U 52
54 1 U 44
55 0 U 54
56 0 U 38
57 0 L 42
58 1 L 55
59 0 L 17
60 0 U 59
61 0 L 21
62 0 U 7
63 0 U 62
64 0 L 41
65 1 U 18
66 1 U 65
67 1 U 66
68 0 L 50
69 0 U 68
70 1 U 69
71 0 L 39
72 0 U 8
73 1 L 12
74 1 L 3
75 1 L 60
76 0 L 29
77 0 L 74
78 0 U 77
79
0 0 U -1
1 1 U 0
2 1 U 0
3 1 L 0
4 1 L 0
5 0 U 4
6 0 U 3
7 0 L 0
8 0 U -1
9 0 L 7
10 1 U 9
11 0 U 10
12 1 U 3
13 0 U 12
14 0 L -1
15 1 U 14
16 1 L 10
17 0 U 16
18 0 U 17
19 0 U 18
20 1 U 19
21 0 L 2
22 0 L 15
23 0 U 22
24 0 U 9
25 0 U 24
26 1 L 2
27 1 L 3
28 0 U 15
29 0 L 0
30 1 L 7
31 0 U 7
32 1 U -1
33 0 U 32
34 0 U 4
35 0 U 34
36 0 U 35
37 0 U 36
38 0 U 8
39 1 L 8
40 1 U 39
41 1 U 40
42 1 U 41
43 0 U 42
44 1 U 43
45 1 U 38
46 1 L 6
47 1 U 46
48 0 U -1
49 1 U 9
50 1 U 49
51 1 L 23
52 0 U 51
53 1 U 52
54 1 U 44
55 1 L 0
56 0 U 38
57 0 L 42
58 0 U 57
59 0 U 58
60 1 L 44
61 0 L 21
62 0 U 7
63 0 U 62
64 1 U -1
65 1 U 19
66 1 U 65
67 1 U 66
68 0 L 50
69 0 U 68
70 1 U 69
71 0 L 39
72 0 U 8
73 1 L 12
74 1 L 3
75 1 L 60
76 0 L 29
77 0 L 74
78 0 U 77
79
0 0 U -1
1 0 L -1
2 1 U 0
3 1 L 0
4 1 L 0
5 0 U 4
6 0 U 3
7 1 U 6
8 0 U -1
9 0 L 7
10 1 U 9
11 0 U 10
12 1 U 3
13 0 U 12
14 0 L -1
15 1 U 14
16 1 L 10
17 0 U 16
18 0 U 17
19 0 U 18
20 1 U 19
21 0 L 2
22 0 L 15
23 0 U 22
24 1 L 6
25 0 U 24
26 1 L 2
27 1 L 3
28 1 U 3
29 0 L 0
30 1 L 7
31 0 U 7
32 1 U -1
33 0 U 32
34 0 U 4
35 0 U 34
36 0 U 35
37 0 L 17
38 1 L 17
39 1 L 8
40 1 U 39
41 1 U 40
42 1 U 41
43 0 U 42
44 1 U 43
45 1 U 38
46 1 L 6
47 1 U 46
48 0 U -1
49 1 U 9
50 1 U 49
51 1 L 23
52 0 U 51
53 1 U 52
54 1 U 44
55 0 U 54
56 0 U 38
57 0 L 42
58 1 U 12
59 0 U 58
60 0 U 59
61 1 U 16
62 0 U 7
63 0 U 62
64 1 U -1
65 1 U 18
66 1 U 65
67 1 U 66
68 0 L 50
69 0 U 68
70 1 U 69
71 0 L 39
72 0 U 8
73 1 L 12
74 1 L 3
75 0 L 9
76 0 L 29
77 0 L 74
78 0 U 77
79
0 0 U -1
1 1 U 0
2 1 U 0
3 1 L 0
4 1 L 0
5 0 U 4
6 0 U 3
7 1 U 6
8 0 U -1
9 0 L 7
10 1 U 9
11 0 U 10
12 1 U 3
13 0 U 12
14 0 L -1
15 1 U 14
16 1 L 10
17 0 U 16
18 0 U 17
19 0 U 18
20 1 U 19
21 0 L 2
22 0 L 15
23 0 U 22
24 0 U 9
25 0 U 3
26 1 L 2
27 1 L 3
28 0 U 15
29 0 L 0
30 1 L 7
31 0 U 7
32 0 U 9
33 0 U 32
34 0 U 4
35 0 U 34
36 0 U 35
37 0 U 36
38 1 L 17
39 1 L 8
40 1 U 39
41 1 U 40
42 1 U 41
43 0 U 42
44 1 U 43
45 1 U 38
46 1 U 3
47 1 U 46
48 0 U -1
49 1 U 9
50 0 U 47
51 1 L 23
52 0 U 51
53 1 U 52
54 1 U 44
55 0 U 54
56 0 U 38
57 0 L 42
58 0 U 57
59 0 U 58
60 0 U 59
61 1 U 42
62 0 U 7
63 0 U 62
64 1 U -1
65 1 U 18
66 1 U 65
67 1 U 66
68 0 L 50
69 0 U 68
70 1 U 69
71 0 L 39
72 0 U 8
73 1 L 12
74 1 L 3
75 1 L 60
76 0 L 29
77 0 L 74
78 0 U 77
79
0 0 U -1
1 1 L 0
2 1 U 0
3 0 U 0
4 1 L 0
5 0 U 4
6 0 U 3
7 1 U 6
8 0 U -1
9 1 U -1
10 1 U 9
11 0 U 10
12 1 U 3
13 0 U 12
14 1 L 0
15 1 U 14
16 1 L 10
17 0 U 16
18 0 L 14
19 0 U 18
20 1 U 19
21 0 L 2
22 0 L 15
23 0 U 22
24 0 U 9
25 0 U 24
26 1 L 2
27 1 L 3
28 0 U 15
29 0 L 0
30 1 L 7
31 0 U 7
32 1 U -1
33 0 U 32
34 0 U 4
35 0 U 16
36 0 U 35
37 0 L 2
38 1 L 17
39 1 L 8
40 1 U 39
41 1 U 40
42 1 U 41
43 0 U 42
44 1 U 43
45 1 U 38
46 1 L 6
47 1 U 46
48 0 U -1
49 1 U 9
50 1 U 49
51 1 L 23
52 0 U 51
53 1 U 52
54 1 U 44
55 0 L 6
56 0 U 38
57 0 L 42
58 0 U 57
59 0 U 58
60 0 U 59
61 0 L 21
62 0 U 7
63 0 U 62
64 1 U -1
65 1 U 18
66 1 U 65
67 1 U 66
68 0 L 50
69 0 U 68
70 1 U 69
71 0 L 39
72 0 U 8
73 1 L 12
74 1 L 3
75 1 L 60
76 0 L 29
77 0 L 74
78 0 U 77
79
0 1 L -1
1 1 U 0
2 1 U 0
3 1 L 0
4 1 L 0
5 0 U 4
6 0 U 3
7 1 U 6
8 0 U 4
9 1 U 8
10 1 U 9
11 0 U 10
12 0 U 5
13 0 U 12
14 0 L -1
15 1 U 14
16 1 L 10
17 0 U 16
18 1 U 2
19 0 U 18
20 1 U 19
21 0 L 2
22 0 L 15
23 0 U 22
24 0 U 9
25 0 U 24
26 1 L 2
27 1 L 3
28 0 U 15
29 0 L 0
30 1 L 7
31 0 U 7
32 1 U -1
33 1 L 24
34 0 U 4
35 0 U 34
36 0 U 35
37 0 U 36
38 1 L 17
39 1 L 8
40 1 U 39
41 1 U 40
42 1 U 41
43 0 U 42
44 1 U 43
45 1 U 38
46 1 U 42
47 1 U 46
48 0 U -1
49 1 U 9
50 1 U 41
51 0 L 48
52 0 U 51
53 1 U 52
54 1 U 44
55 0 U 54
56 0 U 38
57 0 L 42
58 0 U 57
59 0 L 47
60 0 U 59
61 0 L 21
62 0 U 7
63 0 U 62
64 1 U -1
65 1 U 18
66 1 U 65
67 1 U 66
68 0 L 50
69 1 L 16
70 1 U 69
71 0 L 39
72 0 U 8
73 1 L 12
74 1 L 60
75 1 L 60
76 0 L 29
77 0 L 74
78 0 U 77
79
0 0 U -1
1 1 U 0
2 1 L 1
3 1 L 0
4 1 U -1
5 0 U 4
6 0 U 3
7 1 U 6
8 1 L 6
9 0 L 7
10 1 U 9
11 0 U 10
12 1 U 3
13 0 U 12
14 0 L -1
15 1 U 14
16 1 L 10
17 0 U 16
18 0 U 17
19 0 U 18
20 0 U -1
21 0 L 2
22 0 L 15
23 0 U 22
24 0 U 9
25 0 U 24
26 1 L 2
27 1 L 3
28 0 U 15
29 0 U 11
30 1 L 7
31 0 U 7
32 1 U -1
33 0 U 32
34 0 U 4
35 0 U 34
36 0 U 35
37 0 U 36
38 1 L 17
39 1 L 8
40 1 U 39
41 1 U 40
42 1 U 41
43 0 U 42
44 1 U 43
45 1 L 37
46 0 U 1
47 1 U 46
48 0 U -1
49 1 U 46
50 1 U 49
51 1 L 23
52 0 U 51
53 0 U 23
54 1 U 44
55 1 U 0
56 0 U 38
57 0 L 42
58 0 U 57
59 0 U 58
60 0 U 35
61 0 L 21
62 0 U 7
63 0 U 62
64 1 U -1
65 1 U 18
66 1 U 65
67 1 U 66
68 1 U 48
69 0 U 68
70 1 U 69
71 0 L 39
72 0 U 8
73 1 L 12
74 1 L 3
75 1 L 60
76 0 L 29
77 0 L 74
78 0 U 77
79
0 0 U -1
1 1 U 0
2 1 L 1
3 1 L 0
4 1 L 0
5 0 U 4
6 0 U 3
7 1 U 6
8 0 U -1
9 0 U 7
10 1 U 9
11 0 U 10
12 1 U 3
13 0 U 12
14 0 L -1
15 1 U 14
16 1 L 10
17 0 U 16
18 0 U 17
19 0 U 18
20 1 U 19
21 0 L 2
22 0 L 15
23 0 U 22
24 0 U 9
25 0 U 24
26 0 U 10
27 1 L 3
28 0 U 15
29 0 L 0
30 1 L 7
31 0 U 7
32 1 U -1
33 0 U 32
34 0 U 4
35 0 U 34
36 0 U 35
37 0 U 36
38 1 L 17
39 1 L 8
40 1 L 24
41 1 U 40
42 1 U 41
43 0 U 42
44 1 U 43
45 1 U 38
46 1 L 6
47 1 U 46
48 0 U -1
49 1 U 9
50 1 U 49
51 1 L 23
52 0 L 33
53 1 U 52
54 1 U 44
55 0 U 54
56 0 U 38
57 0 L 42
58 0 U 57
59 0 U 58
60 0 U 59
61 0 L 21
62 0 U 7
63 0 U 62
64 1 U -1
65 1 U 18
66 1 U 65
67 1 U 66
68 0 L 50
69 0 U 68
70 1 U 69
71 0 L 39
72 0 U 8
73 1 L 12
74 1 L 3
75 1 L 60
76 1 L 54
77 0 L 74
78 0 U 77
79
0 0 U -1
1 1 U 0
2 1 U 1
3 1 L 0
4 1 L 0
5 0 U 4
6 0 U 3
7 1 U 6
8 0 U -1
9 0 L 7
10 1 U 9
11 1 U 10
12 1 U 1
13 0 U 12
14 0 L -1
15 1 U 14
16 1 L 10
17 0 U 16
18 0 U 17
19 0 U 18
20 1 U 19
21 0 L 2
22 0 L 15
23 0 U 22
24 0 U 9
25 0 U 24
26 1 L 2
27 1 L 3
28 0 U 15
29 0 L 0
30 1 L 7
31 0 U 7
32 1 U -1
33 0 U 32
34 0 U 4
35 1 U 9
36 0 U 35
37 0 U 36
38 1 L 17
39 1 L 8
40 1 U 39
41 1 U 40
42 0 U 16
43 0 U 42
44 1 U 43
45 1 U 38
46 1 L 6
47 1 U 46
48 0 U -1
49 1 U 9
50 0 L 18
51 1 L 23
52 0 U 51
53 1 U 52
54 1 U 44
55 0 U 54
56 0 U 38
57 0 L 42
58 0 U 57
59 0 U 58
60 0 U 59
61 1 U 52
62 0 U 7
63 1 U 62
64 1 U -1
65 1 U 18
66 1 U 65
67 1 U 66
68 0 L 50
69 0 U 68
70 1 U 69
71 0 L 39
72 0 U 8
73 1 L 12
74 1 L 3
75 1 L 60
76 0 L 29
77 1 L 39
78 0 U 77
79
0 0 U -1
1 1 U 0
2 1 U 0
3 1 L 0
4 1 L 0
5 0 U 4
6 0 U 3
7 0 U 1
8 0 U -1
9 1 L 2
10 1 U 9
11 0 U 10
12 1 U 3
13 0 U 12
14 0 L -1
15 1 U 14
16 1 U 11
17 0 U 16
18 0 U 17
19 0 U 18
20 1 U 19
21 0 L 2
22 0 L 15
23 0 U 22
24 0 U 9
25 0 U 24
26 1 L 2
27 1 L 3
28 0 U 15
29 1 U 7
30 1 L 7
31 0 U 7
32 1 U 19
33 0 U 32
34 0 U 4
35 0 U 34
36 0 U 35
37 0 U 36
38 1 L 19
39 1 L 8
40 1 U 39
41 1 U 40
42 1 U 41
43 0 U 42
44 1 U 43
45 1 U 38
46 1 L 6
47 1 U 46
48 0 U -1
49 1 U 9
50 1 U 49
51 1 L 23
52 0 U 51
53 1 U 52
54 1 U 44
55 0 U 54
56 0 U 38
57 0 L 42
58 0 U 57
59 0 U 58
60 0 U 59
61 0 L 21
62 0 U 7
63 0 U 62
64 1 U -1
65 1 U 18
66 1 U 65
67 1 U 66
68 0 L 50
69 0 U 68
70 1 U 69
71 0 L 39
72 0 U 8
73 1 L 12
74 1 L 3
75 1 L 60
76 0 U 1
77 0 L 74
78 0 U 77
79
0 0 U -1
1 1 U 0
2 1 U 0
3 1 U 0
4 1 L 0
5 0 U 4
6 0 U 3
7 1 U 6
8 0 U -1
9 0 L 7
10 1 U 9
11 0 U 10
12 1 U 3
13 0 U 12
14 0 L -1
15 1 U 14
16 1 L 10
17 0 U 16
18 0 U 17
19 0 U 6
20 1 U 19
21 0 L 2
22 0 L 15
23 0 U 22
24 0 U 9
25 0 U 24
26 1 L 2
27 1 L 3
28 0 U 15
29 0 L 0
30 1 L 7
31 0 U 11
32 1 U -1
33 0 U 32
34 0 U 4
35 0 U 34
36 0 U 35
37 0 U 36
38 1 L 17
39 1 L 8
40 1 U 39
41 1 U 40
42 1 U 41
43 0 U 42
44 1 U 43
45 1 U 38
46 1 L 6
47 0 L 10
48 0 U -1
49 1 U 9
50 1 U 49
51 1 L 23
52 1 U 24
53 1 U 52
54 1 U 44
55 0 U 54
56 0 U 38
57 0 L 42
58 0 U 57
59 0 U 58
60 0 U 59
61 0 L 21
62 0 U 7
63 0 U 62
64 1 U -1
65 1 U 18
66 1 U 65
67 1 U 66
68 0 L 50
69 0 U 68
70 1 U 69
71 0 L 39
72 0 U 8
73 1 L 12
74 1 L 3
75 1 L 60
76 0 L 29
77 0 L 74
78 0 U 77
79
0 0 U -1
1 1 U 0
2 1 U 0
3 1 L 0
4 1 L 0
5 0 U 4
6 0 U 3
7 1 U 6
8 0 L 5
9 0 L 7
10 1 U 9
11 0 U 10
12 1 U 3
13 0 U 12
14 0 L -1
15 1 U 14
16 1 L 10
17 1 U 10
18 0 U 17
19 0 U 18
20 1 U 19
21 0 L 2
22 0 L 15
23 0 U 22
24 0 U 9
25 0 U 24
26 1 L 2
27 1 L 3
28 0 U 15
29 0 L 0
30 1 L 7
31 0 U 7
32 1 U -1
33 0 U 32
34 0 U 4
35 0 U 34
36 0 U 35
37 0 U 36
38 1 L 17
39 1 L 8
40 1 U 39
41 1 U 40
42 1 U 41
43 0 U 42
44 1 U 21
45 1 U 38
46 1 L 6
47 1 U 46
48 0 U -1
49 1 U 9
50 1 U 49
51 1 L 23
52 0 U 51
53 1 U 52
54 1 U 44
55 0 U 54
56 0 U 38
57 0 L 42
58 0 U 57
59 0 U 58
60 0 U 59
61 0 L 21
62 1 U 40
63 0 U 62
64 1 U -1
65 1 U 18
66 1 U 65
67 1 U 66
68 0 L 50
69 0 U 68
70 1 U 69
71 0 L 39
72 0 U 8
73 1 L 12
74 1 L 3
75 1 L 60
76 0 L 29
77 0 L 74
78 0 U 77
79
0 0 U -1
1 1 U 0
2 1 U 0
3 1 L 0
4 1 L -1
5 0 U 4
6 0 U 3
7 1 U 6
8 0 U -1
9 0 L 7
10 1 U 9
11 0 U 10
12 0 L 6
13 0 U 12
14 0 L -1
15 1 U 14
16 1 L 10
17 0 U 16
18 0 U 17
19 0 U 18
20 1 U 19
21 0 L 2
22 0 L 15
23 0 U 22
24 0 U 9
25 0 U 24
26 1 L 2
27 1 L 3
28 1 U 1
29 0 L 0
30 1 L 7
31 0 U 7
32 1 U -1
33 0 U 32
34 0 U 4
35 1 U 1
36 0 U 35
37 0 U 36
38 1 L 17
39 1 L 21
40 1 U 39
41 1 U 40
42 1 U 41
43 0 U 42
44 1 U 43
45 1 U 38
46 1 L 6
47 1 U 46
48 0 U -1
49 1 U 9
50 1 U 49
51 1 L 23
52 0 U 51
53 1 U 52
54 1 U 44
55 0 U 54
56 0 U 33
57 0 L 42
58 0 U 57
59 0 U 52
60 0 U 59
61 0 L 21
62 0 U 7
63 0 U 49
64 1 U -1
65 1 U 18
66 1 U 65
67 1 U 66
68 0 L 50
69 0 L 27
70 1 U 69
71 0 L 1
72 0 U 8
73 1 L 12
74 1 L 3
75 1 L 60
76 0 L 29
77 0 L 74
78 0 U 77
79
0 0 U -1
1 1 U 0
2 1 U 0
3 0 U 2
4 1 L 0
5 0 U 4
6 0 U 3
7 1 U 6
8 0 U -1
9 1 L 5
10 1 U 9
11 0 U 10
12 1 U 3
13 0 U 12
14 1 L 8
15 1 U 14
16 1 L 10
17 0 U 16
18 0 U 17
19 0 U 18
20 1 U 19
21 0 L 2
22 0 L 15
23 0 U 22
24 0 U 9
25 0 U 24
26 1 L 2
27 1 L 3
28 0 U 15
29 0 L 0
30 1 L 7
31 0 U 7
32 1 U -1
33 0 U 32
34 0 U 4
35 0 U 34
36 0 U 31
37 0 U 36
38 1 L 17
39 1 L 8
40 0 L 23
41 1 U 40
42 1 U 41
43 0 U 42
44 1 U 43
45 1 U 25
46 1 L 6
47 1 U 46
48 0 U -1
49 1 U 9
50 1 U 28
51 1 L 23
52 0 U 51
53 1 U 52
54 1 U 44
55 0 U 54
56 0 U 38
57 0 L 42
58 0 U 57
59 0 U 58
60 0 U 59
61 0 L 21
62 1 L 38
63 0 U 62
64 1 U -1
65 1 U 18
66 1 L 59
67 1 U 66
68 0 L 50
69 0 U 68
70 1 U 69
71 0 L 39
72 0 U 8
73 1 L 12
74 1 L 3
75 1 L 60
76 0 U 33
77 0 L 74
78 0 U 77
79
0 0 U -1
1 1 U 0
2 1 U 0
3 1 L 0
4 1 L 0
5 0 U 4
6 0 U 3
7 1 U 6
8 0 U -1
9 0 L 7
10 1 U 9
11 0 U 10
12 1 U 3
13 0 U 12
14 0 L -1
15 1 U 14
16 1 L 10
17 0 U 16
18 0 U 17
19 0 U 18
20 1 U 19
21 0 L 2
22 0 L 15
23 0 U 22
24 0 U 9
25 0 U 24
26 1 U 0
27 1 L 3
28 0 U 15
29 0 L 0
30 1 L 7
31 0 U 7
32 1 U -1
33 0 U 32
34 0 U 4
35 0 U 34
36 0 L 17
37 0 U 36
38 1 L 17
39 1 L 8
40 1 U 39
41 1 U 40
42 1 U 41
43 0 U 42
44 1 U 43
45 1 U 38
46 1 L 6
47 1 U 46
48 0 U -1
49 1 U 9
50 1 U 49
51 1 L 23
52 0 U 51
53 1 U 52
54 1 U 44
55 0 U 54
56 0 U 38
57 0 L 42
58 0 U 57
59 0 U 58
60 0 U 59
61 0 U 25
62 0 U 7
63 0 U 62
64 1 U -1
65 1 U 18
66 1 U 65
67 1 U 66
68 0 L 50
69 0 U 68
70 1 U 69
71 0 L 39
72 0 U 8
73 1 L 12
74 1 L 3
75 1 L 60
76 0 L 29
77 0 L 74
78 0 U 77
79
0 0 U -1
1 1 U 0
2 1 U 0
3 1 L 0
4 1 L 0
5 0 U 4
6 0 U 3
7 1 U 6
8 0 U -1
9 0 L 7
10 1 U 9
11 0 U 10
12 1 U 3
13 0 U 12
14 0 L -1
15 1 U 14
16 1 L 10
17 0 U 16
18 0 U 17
19 0 U 18
20 1 U 19
21 0 U 12
22 0 L 15
23 0 U 22
24 0 U 9
25 0 U 24
26 1 L 2
27 1 L 3
28 0 U 15
29 0 L 0
30 1 L 7
31 0 U 7
32 1 U -1
33 0 U 32
34 0 U 4
35 0 U 34
36 0 U 35
37 0 U 36
38 1 L 17
39 1 L 8
40 1 U 39
41 1 U 40
42 1 U 41
43 0 U 42
44 1 U 43
45 1 U 38
46 1 L 6
47 1 U 46
48 0 U -1
49 1 U 9
50 1 U 49
51 1 L 23
52 0 U 51
53 1 U 52
54 1 U 44
55 0 U 54
56 0 U 38
57 0 L 42
58 0 U 57
59 0 U 58
60 1 U 12
61 0 L 21
62 0 U 34
63 0 U 62
64 1 U -1
65 1 U 18
66 1 U 65
67 1 U 66
68 0 L 50
69 0 U 68
70 1 U 69
71 0 L 39
72 0 U 8
73 1 L 12
74 1 L 3
75 1 L 60
76 0 L 29
77 0 L 74
78 0 U 77
79
0 0 U -1
1 1 U 0
2 1 U 0
3 0 L 1
4 1 L 0
5 0 L 0
6 0 U 3
7 1 U 6
8 0 U -1
9 0 L 7
10 1 U 9
11 0 U 10
12 1 U 3
13 0 U 12
14 0 L -1
15 1 U 14
16 1 L 10
17 0 L 2
18 0 U 17
19 0 U 18
20 1 U 12
21 0 L 2
22 0 L 15
23 0 U 22
24 0 U 9
25 0 U 24
26 1 L 2
27 1 L 3
28 1 L 15
29 0 L 0
30 1 L 7
31 0 U 7
32 1 U -1
33 0 U 32
34 0 U 4
35 0 U 34
36 0 U 35
37 0 U 36
38 1 L 17
39 1 L 8
40 1 U 39
41 0 U 33
42 1 U 41
43 1 U 17
44 1 U 43
45 1 U 38
46 0 L 32
47 1 U 46
48 0 U -1
49 1 U 9
50 1 U 49
51 1 L 23
52 0 U 51
53 1 U 52
54 1 U 44
55 0 U 54
56 0 U 38
57 0 L 42
58 0 U 57
59 0 U 58
60 0 U 59
61 1 U 17
62 0 U 7
63 0 L 20
64 1 U -1
65 1 U 18
66 1 U 65
67 1 U 66
68 0 L 50
69 0 U 68
70 1 U 69
71 0 L 39
72 0 U 8
73 1 L 12
74 0 U 59
75 1 L 60
76 0 L 29
77 0 U 49
78 0 U 77
79
0 0 U -1
1 1 U 0
2 1 U 0
3 1 L 0
4 1 L 0
5 0 U 4
6 0 U 3
7 1 U 6
8 0 L 4
9 0 L 7
10 0 L 4
11 0 U 10
12 1 U 3
13 0 U 12
14 0 L -1
15 1 U 14
16 1 L 10
17 0 U 16
18 0 U 17
19 0 U 18
20 1 U 19
21 0 L 2
22 0 L 15
23 0 U 22
24 0 U 9
25 0 U 24
26 1 L 2
27 1 L 3
28 0 U 15
29 0 L 0
30 1 L 7
31 0 U 7
32 1 U -1
33 0 U 32
34 0 U 4
35 0 U 34
36 0 U 35
37 0 U 34
38 1 L 17
39 1 L 8
40 1 U 39
41 1 U 40
42 1 U 41
43 0 U 42
44 1 U 43
45 1 U 38
46 1 L 6
47 1 U 46
48 0 U -1
49 1 U 9
50 1 U 49
51 1 L 23
52 0 U 51
53 1 U 52
54 1 U 44
55 0 U 54
56 0 U 38
57 0 L 42
58 0 U 57
59 0 U 58
60 0 U 59
61 0 L 21
62 0 U 7
63 0 U 62
64 1 U -1
65 1 L 15
66 1 U 65
67 1 U 66
68 0 U 41
69 0 U 68
70 1 U 69
71 0 L 39
72 0 U 8
73 1 L 12
74 1 L 3
75 0 L 69
76 0 L 29
77 0 L 74
78 0 U 77
79
0 0 U -1
1 1 U 0
2 1 U 0
3 1 L 2
4 1 L 0
5 0 U 4
6 1 U 5
7 1 U 6
8 0 U -1
9 0 L 7
10 1 U 9
11 0 U 10
12 0 L 8
13 0 U 12
14 0 L -1
15 1 U 14
16 1 U 2
17 0 U 16
18 0 U 17
19 0 U 18
20 1 L 11
21 0 L 2
22 0 L 15
23 0 U 22
24 0 U 9
25 0 U 24
26 1 L 2
27 1 L 3
28 0 U 15
29 0 L 0
30 1 L 7
31 0 U 7
32 1 U -1
33 0 U 32
34 0 U 4
35 0 U 34
36 0 U 35
37 0 U 36
38 1 L 17
39 1 L 8
40 1 U 39
41 1 U 40
42 1 U 41
43 0 U 42
44 1 U 43
45 1 U 38
46 1 L 6
47 1 U 46
48 0 U -1
49 1 U 9
50 1 U 49
51 1 L 23
52 0 U 51
53 1 U 52
54 0 U 22
55 0 U 54
56 0 U 38
57 0 L 42
58 0 U 57
59 0 U 58
60 0 U 50
61 0 L 21
62 0 U 7
63 0 U 62
64 1 U -1
65 1 U 18
66 1 U 65
67 1 U 66
68 0 L 50
69 0 U 68
70 1 U 69
71 0 L 39
72 1 U 62
73 1 L 12
74 1 L 3
75 1 L 60
76 0 L 29
77 0 L 74
78 0 U 77
79
0 0 U -1
1 1 U 0
2 1 U 0
3 1 L 0
4 1 L 0
5 1 L 2
6 0 U 3
7 1 U 6
8 0 U -1
9 0 L 7
10 1 U 9
11 0 U 10
12 1 U 3
13 0 U 12
14 0 L -1
15 1 L 4
16 1 L 10
17 0 U 16
18 0 U 17
19 0 U 18
20 1 U 19
21 0 L 2
22 0 L 15
23 0 U 22
24 0 U 9
25 0 U 24
26 0 L 24
27 1 L 3
28 0 L 25
29 0 L 0
30 1 L 7
31 0 U 27
32 1 U -1
33 0 U 32
34 0 U 4
35 0 U 34
36 0 U 32
37 0 U 36
38 1 L 17
39 1 L 8
40 1 U 39
41 1 L 29
42 1 U 41
43 0 U 42
44 1 U 43
45 1 U 38
46 1 L 6
47 1 U 46
48 0 U -1
49 1 U 9
50 1 U 49
51 1 L 23
52 0 U 51
53 1 U 52
54 1 U 44
55 0 U 54
56 0 U 38
57 0 L 42
58 0 U 57
59 0 U 58
60 0 U 59
61 0 U 54
62 0 U 7
63 0 U 62
64 1 U -1
65 1 U 18
66 1 U 65
67 1 U 66
68 0 L 50
69 0 U 68
70 1 U 69
71 0 L 39
72 0 U 8
73 1 L 12
74 1 L 3
75 1 L 60
76 0 L 17
77 0 L 74
78 0 L 69
79
0 0 U -1
1 1 U 0
2 1 U 0
3 1 L 0
4 1 L 0
5 1 L 2
6 0 U 3
7 1 U 6
8 0 U -1
9 0 L 7
10 1 U 9
11 1 U 3
12 1 U 3
13 0 U 12
14 0 L -1
15 1 L 4
16 1 L 10
17 0 U 16
18 0 U 17
19 0 U 18
20 1 U 19
21 0 L 2
22 0 L 15
23 0 U 22
24 0 U 9
25 0 U 17
26 0 L 24
27 1 L 3
28 0 L 25
29 0 L 0
30 1 L 7
31 0 U 27
32 1 U -1
33 0 U 32
34 0 U 4
35 0 U 34
36 0 U 32
37 0 U 1
38 1 L 17
39 1 L 8
40 1 U 39
41 1 L 29
42 1 U 41
43 0 U 42
44 1 U 43
45 0 L 16
46 1 L 6
47 1 U 46
48 0 U -1
49 1 U 9
50 1 U 49
51 1 L 23
52 0 U 51
53 1 U 52
54 1 U 44
55 0 U 54
56 0 U 38
57 0 L 42
58 0 U 57
59 0 U 58
60 0 U 59
61 0 U 54
62 0 U 7
63 0 U 62
64 1 U -1
65 1 U 18
66 1 U 65
67 1 U 66
68 0 L 50
69 0 U 68
70 1 U 69
71 0 L 39
72 0 U 8
73 1 L 12
74 1 L 3
75 1 L 60
76 0 L 17
77 0 L 27
78 0 L 69
79
0 0 U -1
1 1 U 0
2 1 U 0
3 1 L 0
4 1 L 0
5 1 L 2
6 0 U 3
7 1 U 6
8 0 U -1
9 0 L 7
10 1 U 9
11 1 L 0
12 1 U 3
13 0 U 12
14 0 L -1
15 1 L 4
16 1 L 10
17 0 U 16
18 0 U 17
19 0 U 18
20 1 U 19
21 0 L 2
22 0 L 15
23 0 U 22
24 0 U 9
25 0 U 24
26 0 L 24
27 1 L 3
28 0 L 25
29 0 L 0
30 1 L 7
31 0 U 27
32 1 L 16
33 0 U 32
34 0 U 4
35 0 U 34
36 0 U 32
37 0 U 36
38 1 L 17
39 1 L 8
40 1 U 39
41 1 L 29
42 1 U 41
43 0 U 42
44 1 U 43
45 1 U 38
46 1 L 6
47 1 U 46
48 0 U -1
49 1 U 9
50 1 U 49
51 1 L 23
52 0 U 51
53 1 U 52
54 1 U 44
55 0 U 54
56 0 U 38
57 0 L 42
58 0 U 57
59 0 U 58
60 0 U 59
61 0 U 54
62 0 U 7
63 0 U 62
64 1 U -1
65 1 U 18
66 1 U 65
67 1 U 66
68 0 L 50
69 1 U 18
70 1 U 69
71 0 L 39
72 0 U 8
73 1 L 12
74 1 L 3
75 1 L 60
76 0 U 15
77 0 L 74
78 0 U 38
79
0 0 U -1
1 1 U 0
2 1 U 0
3 1 L 0
4 1 L 0
5 1 L 2
6 1 U 1
7 1 U 6
8 0 U -1
9 0 L 7
10 1 U 9
11 0 U 10
12 1 U 3
13 0 U 12
14 0 L -1
15 1 L 4
16 1 L 10
17 0 U 16
18 0 U 5
19 0 U 18
20 1 U 19
21 0 L 2
22 0 L 15
23 0 U 22
24 0 U 9
25 1 U 18
26 0 L 24
27 1 L 3
28 0 U 14
29 0 L 0
30 1 L 7
31 0 U 27
32 1 U 17
33 0 U 32
34 0 L 1
35 0 U 34
36 0 U 32
37 0 U 36
38 1 L 17
39 1 L 8
40 1 U 39
41 1 L 29
42 1 U 41
43 0 U 42
44 1 U 43
45 1 U 38
46 1 L 6
47 1 U 46
48 0 U -1
49 1 U 9
50 1 U 49
51 1 L 23
52 0 U 51
53 1 U 52
54 1 U 44
55 0 U 54
56 0 U 38
57 0 L 42
58 0 U 57
59 0 U 58
60 0 U 59
61 0 U 54
62 0 U 7
63 0 U 62
64 1 U -1
65 1 U 18
66 1 U 65
67 1 U 66
68 0 L 50
69 0 U 68
70 1 U 69
71 0 L 39
72 0 U 8
73 1 U 24
74 1 L 12
75 1 L 60
76 0 L 17
77 0 L 74
78 0 L 69
79
0 0 U -1
1 1 U 0
2 1 U 0
3 1 L 0
4 1 L 0
5 1 L 2
6 0 U 3
7 1 U 6
8 0 U -1
9 0 L 7
10 1 U 9
11 0 U 10
12 1 U 3
13 1 U 1
14 0 L -1
15 1 L 4
16 1 L 10
17 0 L 15
18 0 U 17
19 1 L 4
20 1 U 19
21 0 L 2
22 0 L 15
23 0 U 22
24 0 U 9
25 0 U 24
26 0 L 24
27 1 L 3
28 0 L 25
29 0 L 0
30 1 L 7
31 0 U 27
32 1 U -1
33 0 U 32
34 0 U 4
35 0 U 34
36 0 U 32
37 0 U 36
38 1 L 17
39 1 L 8
40 1 U 39
41 1 L 29
42 1 U 41
43 0 U 42
44 1 U 43
45 1 U 38
46 1 L 6
47 1 U 46
48 0 U -1
49 1 U 9
50 1 U 49
51 1 L 23
52 0 U 51
53 1 U 52
54 1 U 44
55 0 U 54
56 0 U 38
57 0 L 42
58 0 U 57
59 0 U 58
60 0 U 59
61 0 L 41
62 0 U 7
63 0 U 62
64 1 U -1
65 1 U 18
66 1 U 65
67 1 U 66
68 0 L 50
69 0 U 68
70 1 U 23
71 0 L 39
72 0 U 8
73 1 L 12
74 1 L 3
75 1 L 60
76 0 L 17
77 1 U 16
78 0 L 69
79
0 0 U -1
1 1 U 0
2 1 U 0
3 1 L 0
4 1 L 0
5 1 L 2
6 0 U 3
7 1 U 6
8 0 U -1
9 0 L 7
10 1 U 9
11 0 U 10
12 1 U 3
13 0 U 12
14 0 L -1
15 1 L 4
16 1 L 10
17 0 L 0
18 0 U 17
19 0 U 18
20 1 U 19
21 0 L 2
22 0 L 15
23 0 U 22
24 0 U 9
25 0 U 13
26 0 L 24
27 1 L 3
28 0 L 25
29 0 L 0
30 1 L 7
31 0 U 27
32 1 U -1
33 0 U 32
34 0 U 4
35 0 U 34
36 0 U 32
37 0 U 36
38 1 L 17
39 1 L 8
40 1 U 35
41 1 L 29
42 1 U 41
43 0 U 42
44 1 U 43
45 1 U 38
46 1 L 6
47 1 U 46
48 0 U -1
49 1 U 9
50 1 U 49
51 0 U 0
52 0 U 51
53 1 U 52
54 1 U 44
55 0 U 54
56 1 U 33
57 0 L 42
58 0 U 57
59 1 L -1
60 0 L 30
61 0 U 57
62 0 U 7
63 0 U 62
64 1 U 9
65 1 U 18
66 1 U 65
67 1 U 66
68 0 L 50
69 0 U 68
70 1 U 69
71 0 L 39
72 0 U 8
73 1 L 12
74 1 L 3
75 1 L 60
76 1 U 74
77 0 L 74
78 0 L 69
79
0 0 U -1
1 1 U 0
2 1 U 0
3 1 L 0
4 1 L 0
5 1 L 2
6 0 U 3
7 1 U 6
8 0 U -1
9 0 L 7
10 1 U 9
11 0 U 10
12 1 U 3
13 0 U 12
14 0 L -1
15 1 L 4
16 1 L 10
17 0 U 16
18 0 U 17
19 0 U 18
20 1 U 19
21 0 L 2
22 0 L 15
23 0 U 22
24 0 U 9
25 0 U 24
26 0 L 24
27 1 L 3
28 0 L 25
29 0 L 0
30 1 L 7
31 0 U 27
32 0 L 5
33 1 U 1
34 0 U 4
35 0 U 34
36 0 U 32
37 0 U 36
38 1 L 17
39 1 L 8
40 1 U 39
41 0 L 25
42 1 U 41
43 0 U 42
44 1 U 43
45 1 U 38
46 1 L 6
47 1 U 46
48 0 U -1
49 1 U 9
50 1 U 49
51 1 L 23
52 0 U 51
53 1 U 52
54 1 U 44
55 0 U 54
56 0 U 38
57 0 L 42
58 0 U 57
59 0 U 58
60 0 U 59
61 0 U 54
62 0 U 7
63 0 U 62
64 1 U -1
65 1 U 18
66 1 U 65
67 1 U 13
68 0 L 50
69 0 U 68
70 1 U 69
71 0 L 39
72 0 U 8
73 0 L 5
74 1 L 3
75 1 U 2
76 0 L 17
77 0 L 74
78 0 L 69
79
0 0 U -1
1 1 U 0
2 1 L 0
3 1 L 0
4 1 L 0
5 1 L 2
6 0 U 3
7 1 U 6
8 0 U -1
9 0 L 7
10 1 U 9
11 0 U 10
12 1 U 3
13 0 U 12
14 0 L -1
15 1 L 4
16 1 L 10
17 0 U 16
18 0 U 17
19 0 U 18
20 1 U 19
21 0 L 2
22 1 L 10
23 0 U 22
24 0 U 9
25 0 U 24
26 0 L 24
27 1 L 3
28 0 L 25
29 0 L 0
30 0 U 26
31 0 U 27
32 1 U -1
33 0 U 32
34 0 U 4
35 0 U 34
36 0 U 30
37 1 U 15
38 1 L 17
39 1 L 8
40 1 U 39
41 1 L 29
42 1 U 41
43 0 U 42
44 1 U 34
45 1 U 38
46 1 L 6
47 1 U 46
48 0 U -1
49 1 L 4
50 1 U 49
51 1 L 23
52 0 U 51
53 1 U 52
54 1 U 44
55 0 U 54
56 0 U 38
57 0 L 42
58 0 U 57
59 0 U 58
60 0 U 59
61 0 L 53
62 0 U 7
63 0 U 62
64 1 U -1
65 1 U 18
66 1 U 65
67 1 U 66
68 0 L 50
69 0 U 68
70 1 U 69
71 0 L 39
72 1 U 44
73 1 L 12
74 1 U 65
75 1 L 60
76 0 L 17
77 0 L 74
78 1 L 44
79
0 0 U -1
1 1 U 0
2 1 U 0
3 1 L 0
4 1 L 0
5 1 L 2
6 0 U 0
7 1 U 6
8 0 U -1
9 0 L 7
10 1 U 9
11 0 U 10
12 1 U 3
13 0 U 12
14 0 L -1
15 1 L 4
16 1 L 10
17 0 U 16
18 0 U 17
19 0 U 18
20 1 U 19
21 0 L 2
22 0 L 15
23 0 U 22
24 0 U 9
25 0 U 24
26 0 L 24
27 1 L 3
28 0 L 25
29 0 L 0
30 1 L 7
31 0 U 27
32 1 U -1
33 0 U 32
34 0 U 4
35 0 U 34
36 0 U 32
37 0 U 36
38 1 L 17
39 1 L 8
40 1 U 39
41 1 L 29
42 1 U 41
43 0 U 42
44 1 U 43
45 1 U 38
46 1 L 6
47 1 U 46
48 0 U -1
49 1 U 9
50 1 U 49
51 1 L 23
52 0 U 51
53 1 U 52
54 1 U 44
55 0 U 45
56 0 U 38
57 0 L 42
58 0 U 57
59 0 U 58
60 0 U 59
61 0 U 54
62 0 U 7
63 0 U 62
64 1 U -1
65 1 U 18
66 1 U 56
67 1 U 66
68 0 L 4
69 0 U 68
70 1 U 69
71 0 L 39
72 0 U 8
73 1 L 12
74 1 L 3
75 1 L 60
76 0 L 17
77 0 L 74
78 0 L 69
79
0 0 U -1
1 1 U 0
2 1 U 0
3 1 L 0
4 1 L 0
5 1 L 2
6 0 U 3
7 1 L 4
8 0 U -1
9 0 L 7
10 1 U 9
11 0 U 10
12 1 U 3
13 0 U 12
14 0 L -1
15 1 L 4
16 0 U 15
17 0 U 16
18 0 U 17
19 0 U 18
20 1 L 16
21 0 L 2
22 0 L 15
23 0 U 22
24 0 U 9
25 0 U 24
26 0 L 24
27 1 L 3
28 0 L 25
29 0 L 0
30 1 L 7
31 0 U 27
32 1 U -1
33 0 U 32
34 0 U 4
35 0 U 34
36 0 U 32
37 0 U 36
38 1 L 17
39 1 L 8
40 1 U 39
41 1 L 29
42 1 U 41
43 0 U 42
44 1 U 23
45 1 U 38
46 1 L 6
47 1 U 46
48 0 U -1
49 1 U 9
50 1 U 49
51 1 L 23
52 0 U 51
53 1 U 52
54 1 U 44
55 0 U 54
56 0 U 38
57 0 L 42
58 0 U 57
59 0 U 58
60 0 U 59
61 1 L 36
62 0 U 7
63 0 U 62
64 1 U -1
65 1 U 23
66 1 U 65
67 1 U 66
68 0 L 50
69 0 U 68
70 1 U 69
71 0 L 39
72 0 U 8
73 1 U 41
74 1 L 3
75 1 L 60
76 0 L 17
77 0 L 74
78 0 L 69
79
0 0 U -1
1 1 U 0
2 1 U 0
3 1 L 0
4 1 L 0
5 1 L 2
6 0 U 3
7 1 U 6
8 0 U -1
9 0 L 7
10 1 U 9
11 0 U 10
12 1 U 3
13 1 U 10
14 0 L -1
15 1 L 4
16 1 U 3
17 0 U 16
18 0 U 17
19 0 U 18
20 1 U 19
21 0 L 2
22 0 L 15
23 0 U 22
24 0 U 9
25 0 U 24
26 0 L 24
27 1 L 3
28 0 L 25
29 0 L 0
30 1 U 6
31 0 U 27
32 1 U -1
33 0 U 32
34 0 U 4
35 0 U 34
36 0 U 32
37 0 U 36
38 1 L 17
39 1 L 18
40 1 U 39
41 1 L 29
42 1 U 41
43 0 U 42
44 1 U 43
45 1 U 38
46 1 L 6
47 1 L 21
48 0 U -1
49 1 U 9
50 1 U 49
51 1 L 23
52 0 U 51
53 1 U 29
54 1 U 44
55 0 U 54
56 0 U 38
57 0 L 42
58 0 U 57
59 0 U 58
60 0 U 59
61 0 U 54
62 0 U 7
63 0 U 62
64 1 U -1
65 1 U 18
66 1 U 65
67 1 U 66
68 0 L 50
69 0 U 68
70 1 U 69
71 0 L 39
72 0 U 8
73 1 L 12
74 1 L 3
75 1 L 60
76 0 L 17
77 0 L 37
78 0 L 69
79
0 0 U -1
1 1 U 0
2 1 U 0
3 1 L 0
4 1 L 0
5 1 L 2
6 0 U 3
7 1 U 6
8 1 L 5
9 0 L 7
10 1 U 9
11 0 U 10
12 1 U 3
13 0 U 12
14 0 L -1
15 1 L 4
16 1 L 10
17 0 U 16
18 0 U 17
19 1 U 12
20 1 L 19
21 0 L 2
22 0 L 15
23 0 U 22
24 0 L 8
25 0 U 24
26 0 L 24
27 1 L 3
28 0 L 25
29 0 L 0
30 1 L 7
31 0 U 27
32 1 U -1
33 0 U 32
34 0 U 4
35 0 U 34
36 0 U 32
37 0 U 36
38 0 L 5
39 1 L 8
40 1 U 39
41 1 L 29
42 0 L 16
43 0 U 42
44 1 U 43
45 1 U 38
46 1 L 6
47 1 U 46
48 1 L 20
49 1 U 9
50 1 U 49
51 1 L 23
52 1 L 38
53 1 U 52
54 1 U 44
55 0 U 54
56 0 U 38
57 0 L 42
58 0 U 57
59 0 U 58
60 1 U 11
61 0 U 54
62 0 U 7
63 0 U 62
64 1 U -1
65 1 U 18
66 1 U 65
67 1 U 66
68 0 L 50
69 0 U 68
70 1 U 69
71 1 L 69
72 0 U 8
73 1 L 12
74 1 L 3
75 1 L 60
76 0 L 47
77 0 L 74
78 0 L 69
79
0 0 U -1
1 1 U 0
2 1 U 0
3 1 L 0
4 1 L 0
5 1 L 2
6 0 U 3
7 1 U 6
8 0 U -1
9 0 L 7
10 1 U 9
11 0 U 10
12 1 U 3
13 0 U 12
14 0 L -1
15 1 L 4
16 1 U 4
17 0 U 16
18 0 U 17
19 0 U 18
20 1 U 19
21 0 L 2
22 0 L 15
23 0 L 15
24 0 U 9
25 0 U 24
26 0 L 24
27 1 U 9
28 0 L 25
29 0 L 0
30 1 L 7
31 0 U 27
32 1 U -1
33 0 U 32
34 0 U 10
35 0 U 34
36 0 U 32
37 0 U 36
38 1 L 17
39 1 L 9
40 1 U 39
41 1 L 29
42 1 U 41
43 0 U 42
44 1 U 43
45 1 U 38
46 0 U 41
47 1 U 46
48 0 U -1
49 1 U 9
50 1 U 49
51 1 L 23
52 0 U 51
53 1 U 52
54 1 U 44
55 0 U 54
56 0 U 38
57 0 L 42
58 0 U 57
59 0 U 58
60 0 U 59
61 0 U 54
62 0 U 7
63 0 U 62
64 0 L 22
65 1 U 18
66 0 L 44
67 1 U 66
68 0 L 50
69 0 U 68
70 1 U 69
71 1 L 53
72 0 L 10
73 1 L 12
74 1 L 3
75 1 L 60
76 0 L 17
77 0 L 74
78 1 U 21
79
0 0 U -1
1 1 U 0
2 1 U 0
3 1 L 0
4 1 U 1
5 1 L 2
6 0 U 3
7 1 U 6
8 0 U -1
9 0 L 7
10 1 U 9
11 0 U 10
12 1 U 3
13 0 U 12
14 0 L -1
15 1 L 4
16 1 L 10
17 0 U 16
18 0 U 17
19 0 U 18
20 1 U 19
21 1 L 10
22 0 L 15
23 0 U 22
24 0 U 9
25 0 U 24
26 0 L 24
27 1 L 3
28 0 L 25
29 1 L 27
30 1 L 7
31 0 U 27
32 1 U -1
33 0 U 32
34 0 L 14
35 0 U 34
36 0 U 32
37 0 U 36
38 1 L 17
39 1 L 19
40 1 U 39
41 1 L 29
42 1 U 41
43 0 L 15
44 0 L 1
45 1 U 38
46 1 L 6
47 1 U 46
48 0 U -1
49 1 U 9
50 1 U 49
51 1 L 23
52 0 U 51
53 1 U 52
54 1 U 44
55 0 U 54
56 0 U 38
57 0 L 42
58 0 U 57
59 0 U 58
60 1 L 40
61 0 U 54
62 0 U 7
63 0 U 62
64 1 U -1
65 1 U 18
66 1 U 65
67 1 U 66
68 0 L 50
69 0 U 68
70 1 U 69
71 0 L 39
72 0 U 8
73 1 L 12
74 1 L 3
75 1 L 60
76 0 L 17
77 0 L 74
78 0 L 69
79
0 0 U -1
1 1 U 0
2 1 U 0
3 1 L 0
4 1 L 0
5 1 L 2
6 0 U 0
7 1 U 6
8 0 U -1
9 0 L 7
10 1 U 9
11 0 U 10
12 1 U 3
13 0 U 12
14 1 U 7
15 1 L 4
16 1 L 10
17 0 U 16
18 0 U 17
19 1 L 15
20 1 U 19
21 0 L 2
22 0 L 15
23 0 U 22
24 0 U 9
25 0 U 24
26 0 L 24
27 1 L 3
28 0 L 25
29 0 L 0
30 1 L 7
31 0 L 2
32 1 U -1
33 0 U 32
34 0 U 4
35 0 U 34
36 0 U 32
37 0 U 36
38 1 L 17
39 1 L 8
40 1 U 39
41 1 L 29
42 1 U 41
43 0 U 19
44 0 U 28
45 1 U 38
46 0 L 2
47 1 U 46
48 0 L 8
49 1 U 9
50 1 U 49
51 1 L 23
52 0 U 51
53 1 U 52
54 1 U 44
55 0 U 54
56 0 U 38
57 0 L 42
58 0 U 57
59 0 U 58
60 0 U 59
61 0 U 54
62 0 U 7
63 0 U 62
64 1 U -1
65 1 U 18
66 1 U 65
67 1 U 66
68 0 L 50
69 0 U 68
70 1 U 69
71 0 L 39
72 0 U 8
73 1 L 12
74 1 L 3
75 1 L 60
76 0 L 17
77 1 L 10
78 0 L 69
79
0 0 U -1
1 1 U 0
2 1 U 0
3 1 L 0
4 1 L 0
5 1 L 2
6 0 U 3
7 1 U 6
8 0 U -1
9 0 L 7
10 1 U 9
11 1 L 2
12 1 U 3
13 0 U 12
14 0 L -1
15 1 L 4
16 1 L 10
17 0 U 16
18 0 U 17
19 0 U 18
20 1 U 19
21 0 U 10
22 0 L 15
23 0 U 22
24 1 U 11
25 0 U 24
26 0 L 24
27 1 L 3
28 0 L 25
29 0 L 0
30 1 L 7
31 0 U 27
32 1 U -1
33 0 U 32
34 0 U 4
35 0 U 34
36 0 U 32
37 0 U 36
38 1 L 17
39 1 L 8
40 1 U 39
41 0 U 20
42 1 U 41
43 0 U 42
44 0 L 10
45 1 U 38
46 1 L 6
47 1 U 46
48 0 U -1
49 1 U 9
50 1 U 49
51 1 L 23
52 0 U 51
53 1 U 52
54 1 U 44
55 0 U 54
56 0 U 38
57 0 L 42
58 0 U 57
59 0 U 58
60 0 U 59
61 0 U 54
62 0 U 7
63 0 U 62
64 1 U -1
65 1 U 18
66 1 U 65
67 1 U 66
68 0 L 50
69 0 U 68
70 1 U 69
71 0 L 39
72 0 U 8
73 1 L 12
74 0 U 19
75 1 L 60
76 0 L 17
77 0 U 24
78 0 L 69
79
0 0 U -1
1 1 U 0
2 1 U 0
3 0 U 0
4 1 L 0
5 1 L 2
6 0 U 3
7 1 U 6
8 1 L 6
9 0 U -1
10 1 U 9
11 1 L 4
12 1 U 3
13 0 U 12
14 0 L -1
15 1 L 4
16 1 L 10
17 0 U 16
18 0 U 17
19 0 U 18
20 1 U 19
21 0 L 2
22 0 L 15
23 0 U 22
24 0 U 9
25 0 U 24
26 0 L 24
27 1 L 3
28 0 L 25
29 0 L 0
30 1 L 7
31 0 U 27
32 1 U 25
33 0 U 32
34 0 U 4
35 0 U 34
36 0 U 32
37 0 U 36
38 1 L 17
39 1 L 8
40 1 U 39
41 1 L 29
42 1 U 41
43 0 U 42
44 1 U 43
45 1 U 38
46 1 L 6
47 1 U 46
48 0 U -1
49 1 U 9
50 1 U 49
51 1 U 18
52 1 L 7
53 1 U 52
54 1 U 44
55 0 U 54
56 0 U 38
57 0 L 42
58 0 U 57
59 0 U 58
60 0 U 59
61 0 L 55
62 0 U 7
63 0 U 62
64 1 U -1
65 1 U 18
66 1 U 65
67 0 L 32
68 0 L 50
69 0 U 68
70 1 U 57
71 0 L 39
72 0 U 8
73 1 L 12
74 1 L 3
75 1 L 60
76 0 L 17
77 0 L 74
78 0 L 69
79
0 0 U -1
1 1 U 0
2 1 U 0
3 1 L 0
4 1 L 0
5 1 L 2
6 0 U 3
7 1 U 6
8 0 U -1
9 0 L 7
10 1 U 9
11 0 U 10
12 1 U 3
13 0 U 12
14 0 L -1
15 1 L 4
16 1 L 10
17 0 U 16
18 0 U 17
19 0 U 18
20 1 U 19
21 0 L 2
22 0 L 15
23 0 U 22
24 0 U 9
25 0 U 24
26 0 L 24
27 1 L 3
28 0 L 25
29 0 L 0
30 1 L 7
31 1 L 1
32 1 U -1
33 0 U 32
34 0 U 4
35 0 U 34
36 0 U 32
37 0 U 36
38 0 L 3
39 1 L 8
40 1 U 39
41 1 L 29
42 1 U 41
43 0 U 42
44 1 U 43
45 1 U 38
46 1 L 6
47 1 U 46
48 0 U -1
49 1 U 9
50 1 U 49
51 1 L 23
52 0 U 51
53 0 L 51
54 1 U 44
55 0 U 54
56 1 U 5
57 0 L 42
58 0 U 57
59 1 L 48
60 0 U 59
61 0 U 54
62 0 L 16
63 0 U 62
64 1 U -1
65 1 U 18
66 1 U 65
67 1 U 66
68 0 L 50
69 0 U 68
70 1 U 69
71 0 L 39
72 0 U 8
73 1 L 12
74 1 L 3
75 1 L 60
76 0 L 17
77 0 L 74
78 0 L 69
79
0 0 U -1
1 1 U 0
2 1 U 0
3 1 L 0
4 1 L 0
5 1 L 2
6 0 U 3
7 1 U 6
8 0 U -1
9 0 L 7
10 1 U 9
11 0 U 10
12 1 U 3
13 0 U 12
14 0 L -1
15 1 L 4
16 1 L 10
17 0 U 16
18 0 U 17
19 0 U 18
20 1 U 19
21 0 L 2
22 0 L 15
23 0 U 22
24 0 L 20
25 0 U 24
26 1 U 10
27 1 L 3
28 0 L 25
29 0 L 0
30 1 L 7
31 1 L 17
32 1 U -1
33 0 U 32
34 0 U 4
35 1 U 17
36 0 U 32
37 0 U 36
38 1 L 17
39 1 L 8
40 1 U 39
41 1 L 29
42 1 U 41
43 0 U 42
44 1 U 43
45 1 U 38
46 1 L 6
47 1 U 46
48 0 U -1
49 1 U 9
50 1 U 49
51 1 L 23
52 0 U 51
53 0 U 31
54 1 L 2
55 0 U 54
56 0 U 38
57 0 L 42
58 0 U 57
59 0 U 58
60 0 U 59
61 1 U 53
62 0 U 7
63 0 U 62
64 1 U -1
65 1 U 18
66 1 U 65
67 1 U 66
68 0 L 50
69 0 U 68
70 1 U 69
71 0 L 39
72 0 U 8
73 1 L 12
74 1 L 3
75 1 L 60
76 0 L 17
77 0 L 74
78 0 L 69
79
0 0 U -1
1 1 U 0
2 1 U 0
3 1 L 0
4 1 L 0
5 1 L 2
6 0 L 4
7 1 U 6
8 0 U -1
9 0 L 7
10 1 U 9
11 1 L 4
12 1 U 3
13 0 U 12
14 0 L -1
15 1 L 4
16 1 L 10
17 0 U 16
18 0 U 17
19 0 U 18
20 1 U 19
21 0 L 2
22 0 L 15
23 0 U 22
24 0 L 11
25 0 U 24
26 0 L 24
27 1 L 3
28 0 L 25
29 0 L 0
30 1 L 7
31 0 U 27
32 1 U -1
33 0 U 32
34 0 U 4
35 1 U 30
36 0 U 32
37 0 U 36
38 1 L 17
39 1 L 8
40 1 U 39
41 1 L 29
42 1 U 41
43 0 U 42
44 1 U 43
45 1 U 38
46 0 U 6
47 1 U 46
48 0 U -1
49 1 U 9
50 1 U 49
51 1 L 23
52 0 U 51
53 1 U 52
54 1 U 44
55 0 U 54
56 0 U 38
57 0 L 42
58 0 U 57
59 0 U 58
60 0 U 59
61 0 U 54
62 0 U 7
63 0 U 62
64 1 U -1
65 1 U 41
66 1 U 65
67 1 U 66
68 0 L 50
69 0 U 68
70 1 U 69
71 0 L 39
72 0 U 8
73 1 L 12
74 1 L 3
75 1 L 60
76 0 U 30
77 0 L 74
78 0 U 67
79
0 0 U -1
1 1 U 0
2 1 U 0
3 1 L 0
4 1 L 0
5 1 U 1
6 0 U 3
7 1 U 6
8 0 U -1
9 0 U 6
10 1 U 9
11 0 U 10
12 1 U 3
13 0 U 12
14 0 L -1
15 1 L 4
16 1 L 10
17 0 U 16
18 0 U 17
19 0 U 18
20 1 U 19
21 0 L 2
22 0 L 15
23 0 U 22
24 0 U 9
25 0 U 24
26 0 L 24
27 1 L 3
28 0 L 25
29 0 L 0
30 1 L 7
31 0 U 27
32 0 U 23
33 0 U 32
34 0 U 4
35 0 U 34
36 0 U 32
37 0 U 36
38 1 U 8
39 1 L 8
40 1 U 39
41 1 L 29
42 1 U 41
43 0 U 42
44 1 U 43
45 1 U 38
46 0 U 27
47 1 U 46
48 0 U 11
49 1 U 9
50 1 U 49
51 1 L 23
52 0 U 51
53 1 U 52
54 1 U 44
55 0 U 54
56 0 U 38
57 0 L 42
58 0 U 57
59 0 U 58
60 0 U 59
61 0 U 54
62 0 U 7
63 0 U 62
64 1 U -1
65 1 U 18
66 1 U 65
67 1 U 66
68 0 L 50
69 0 U 68
70 1 U 69
71 0 L 39
72 0 U 8
73 1 U 49
74 1 U 72
75 1 L 60
76 1 U 38
77 0 L 74
78 0 L 69
79
0 0 U -1
1 0 L -1
2 1 U 0
3 1 L 0
4 1 L 0
5 1 U -1
6 0 U 3
7 1 U 6
8 0 U -1
9 0 L 7
10 1 U 9
11 0 U 10
12 1 U 3
13 0 U 12
14 0 L -1
15 1 L 4
16 1 L 10
17 0 U 16
18 0 U 17
19 0 U 18
20 1 U 19
21 0 L 2
22 0 L 15
23 0 U 22
24 0 U 9
25 0 U 24
26 0 L 24
27 1 L 3
28 0 U 12
29 0 L 0
30 1 L 7
31 0 U 27
32 1 U -1
33 1 L 11
34 0 U 4
35 0 U 34
36 0 U 32
37 0 U 36
38 1 L 17
39 1 L 8
40 1 U 39
41 1 L 29
42 1 U 41
43 0 U 42
44 1 U 43
45 1 U 38
46 1 L 6
47 1 U 46
48 0 U -1
49 1 U 9
50 1 U 49
51 1 L 23
52 0 U 51
53 1 U 1
54 1 U 44
55 0 U 54
56 0 U 38
57 0 L 42
58 0 U 57
59 0 U 58
60 0 U 59
61 0 U 54
62 0 U 7
63 0 U 62
64 1 U -1
65 1 U 23
66 1 U 65
67 1 U 66
68 0 U 51
69 0 U 68
70 1 U 69
71 0 L 39
72 0 U 8
73 1 L 12
74 0 L 26
75 1 L 5
76 0 L 17
77 0 L 74
78 0 L 69
79
0 0 U -1
1 1 U 0
2 1 U 0
3 1 L 0
4 1 L 0
5 1 L 2
6 0 U 3
7 1 U 6
8 0 U -1
9 0 L 7
10 1 U 9
11 0 U 10
12 1 U 3
13 0 U 12
14 0 L -1
15 1 L 4
16 1 L 10
17 0 U 16
18 0 U 17
19 1 U 13
20 1 U 19
21 0 L 2
22 0 L 15
23 0 U 22
24 0 U 9
25 0 U 24
26 0 L 24
27 0 L 5
28 0 L 25
29 0 L 0
30 1 L 7
31 0 U 27
32 1 U -1
33 0 U 32
34 0 U 4
35 0 U 34
36 0 U 32
37 0 U 36
38 1 L 17
39 1 L 8
40 1 U 39
41 1 L 29
42 1 U 41
43 0 U 42
44 1 U 43
45 1 U 38
46 1 L 6
47 1 U 46
48 0 U -1
49 1 U 9
50 1 L 3
51 1 L 23
52 0 U 51
53 1 U 52
54 1 U 44
55 0 U 54
56 0 U 38
57 0 L 42
58 0 U 57
59 0 U 58
60 0 U 59
61 0 U 54
62 0 U 7
63 0 U 62
64 0 U 20
65 1 U 18
66 1 U 65
67 1 U 66
68 0 L 50
69 0 U 68
70 1 U 69
71 1 L 15
72 0 U 8
73 1 L 12
74 1 L 3
75 1 L 60
76 0 U 58
77 0 L 74
78 0 L 69
79
0 0 U -1
1 1 U -1
2 1 U 0
3 1 L 0
4 1 L 0
5 1 L 2
6 0 U 3
7 1 U 6
8 0 U -1
9 0 L 7
10 1 U 9
11 0 U 10
12 1 U 3
13 0 U 12
14 0 L -1
15 1 L 4
16 1 L 10
17 0 U 16
18 0 U 17
19 0 U 18
20 1 U 19
21 0 L 2
22 0 L 15
23 0 U 22
24 0 U 9
25 0 U 24
26 0 L 24
27 1 L 3
28 0 L 25
29 0 U 27
30 0 U 13
31 0 U 27
32 1 U -1
33 0 U 19
34 0 U 4
35 0 U 22
36 0 U 32
37 0 U 36
38 1 L 17
39 1 L 8
40 1 U 39
41 1 L 29
42 1 U 41
43 0 U 42
44 0 U 26
45 1 U 38
46 1 L 6
47 1 U 46
48 0 U -1
49 1 U 5
50 1 U 49
51 1 L 23
52 0 U 51
53 1 U 52
54 1 U 44
55 0 U 54
56 0 U 38
57 0 L 42
58 0 U 57
59 0 U 58
60 0 U 59
61 0 L 9
62 0 U 7
63 0 U 62
64 1 U -1
65 1 U 18
66 1 U 65
67 1 U 66
68 1 U 17
69 0 L 42
70 1 U 69
71 0 L 39
72 0 U 8
73 1 L 12
74 1 L 3
75 1 L 60
76 0 L 17
77 0 L 74
78 0 L 69
79
0 1 U -1
1 1 U 0
2 1 U 0
3 1 L 0
4 1 L 0
5 1 L 2
6 0 U 3
7 1 U 6
8 0 U -1
9 0 L 7
10 1 U 9
11 0 U 10
12 1 U 3
13 0 U 12
14 0 L -1
15 1 L 4
16 1 L 10
17 0 U 16
18 0 U 17
19 0 U 18
20 1 U 19
21 0 L 2
22 0 L 15
23 0 U 22
24 0 U 9
25 1 L 10
26 0 L 24
27 1 L 3
28 0 L 25
29 0 L 0
30 1 L 7
31 0 U 27
32 1 U -1
33 0 U 32
34 0 U 4
35 0 U 34
36 0 U 32
37 0 U 36
38 1 L 17
39 1 L 8
40 1 U 39
41 1 L 29
42 1 U 41
43 0 U 42
44 1 U 43
45 1 U 38
46 1 L 6
47 1 U 46
48 0 L 23
49 1 U 9
50 1 U 49
51 1 L 23
52 0 U 51
53 1 U 52
54 1 U 44
55 0 U 54
56 1 L 16
57 0 U 43
58 0 U 57
59 0 U 19
60 0 U 59
61 0 U 54
62 0 U 7
63 0 U 62
64 1 U 5
65 1 U 18
66 1 U 65
67 1 U 66
68 0 L 50
69 0 U 68
70 1 U 69
71 0 L 39
72 0 U 8
73 1 L 12
74 1 L 3
75 1 L 60
76 0 L 17
77 0 L 74
78 0 L 69
79
0 0 U -1
1 1 U 0
2 1 U 0
3 1 L 0
4 1 L 0
5 1 L 2
6 1 L 0
7 1 U 6
8 0 U -1
9 0 L 7
10 1 U 9
11 0 U 10
12 1 U 3
13 0 U 12
14 0 L -1
15 1 L 4
16 1 L 10
17 0 U 16
18 1 L 4
19 1 L 11
20 1 U 19
21 1 U 18
22 0 L 15
23 0 U 22
24 0 U 9
25 0 U 24
26 0 L 24
27 0 L 11
28 0 L 25
29 0 L 0
30 1 L 7
31 0 U 27
32 1 U 21
33 0 U 32
34 0 U 4
35 0 U 34
36 0 L 7
37 0 U 36
38 0 U 22
39 1 L 8
40 1 U 39
41 1 L 29
42 1 U 41
43 0 U 42
44 1 U 43
45 1 U 38
46 1 L 6
47 1 U 46
48 1 L 15
49 1 U 9
50 1 U 49
51 1 L 23
52 0 U 51
53 1 U 52
54 1 U 44
55 0 U 54
56 0 U 38
57 0 L 42
58 0 U 57
59 0 U 58
60 0 U 59
61 0 U 54
62 0 U 7
63 1 U 23
64 1 U -1
65 1 U 18
66 1 U 65
67 1 U 66
68 0 L 50
69 0 U 68
70 1 U 69
71 0 L 39
72 0 U 8
73 1 L 12
74 1 L 3
75 1 L 60
76 0 U 29
77 0 U 34
78 0 L 69
79
0 0 U -1
1 1 U 0
2 1 U 0
3 1 U 1
4 0 U 2
5 1 L 2
6 0 U 3
7 1 U 6
8 0 U -1
9 0 L 7
10 1 U 9
11 0 U 10
12 1 U 3
13 0 U 12
14 0 L -1
15 1 L 4
16 1 L 10
17 0 U 16
18 0 U 17
19 0 U 18
20 1 U 19
21 1 U -1
22 0 L 15
23 0 U 22
24 0 U 9
25 0 L 20
26 0 L 24
27 1 L 3
28 0 L 25
29 0 L 0
30 1 L 7
31 0 U 27
32 1 U -1
33 0 U 32
34 0 U 4
35 0 U 34
36 0 U 32
37 0 L 20
38 1 L 17
39 1 L 6
40 1 U 39
41 1 L 29
42 1 L 41
43 0 U 42
44 1 U 43
45 1 U 38
46 1 L 6
47 0 U -1
48 0 U -1
49 1 U 9
50 1 U 49
51 1 L 23
52 0 U 51
53 1 U 52
54 1 U 44
55 0 U 54
56 0 U 38
57 0 L 42
58 0 U 57
59 0 U 58
60 0 U 59
61 0 U 54
62 0 U 49
63 0 U 62
64 1 U -1
65 1 U 18
66 1 U 65
67 1 U 66
68 0 L 50
69 0 U 68
70 1 U 69
71 0 L 24
72 0 U 8
73 1 L 12
74 1 L 3
75 1 L 60
76 0 L 17
77 0 L 74
78 0 L 69
79
0 0 U -1
1 0 L 0
2 1 U 0
3 1 L 1
4 1 L 0
5 1 L 2
6 0 U 3
7 1 U 6
8 0 U -1
9 0 L 7
10 1 U 9
11 0 U 10
12 1 U 3
13 1 U 10
14 0 L -1
15 1 L 4
16 1 L 10
17 0 U 16
18 0 U 17
19 0 U 18
20 1 U 19
21 0 L 2
22 0 L 15
23 0 U 22
24 0 U 9
25 0 U 24
26 0 L 24
27 1 L 3
28 0 L 25
29 0 L 0
30 1 U 1
31 0 U 27
32 1 U -1
33 0 U 32
34 0 U 4
35 0 U 34
36 0 U 32
37 0 U 36
38 1 U 16
39 1 L 8
40 1 U 39
41 1 L 29
42 1 U 41
43 0 U 42
44 1 U 43
45 1 U 38
46 1 L 6
47 1 U 46
48 0 U -1
49 1 U 9
50 1 U 49
51 1 L 23
52 0 U 51
53 1 U 52
54 1 U 44
55 0 U 54
56 0 U 38
57 0 L 42
58 0 U 57
59 0 U 58
60 0 U 59
61 0 U 54
62 0 U 7
63 0 U 62
64 1 L 12
65 1 U 18
66 1 U 65
67 1 U 66
68 0 L 50
69 0 U 68
70 1 U 69
71 0 L 39
72 1 U 3
73 1 L 12
74 1 L 3
75 1 L 60
76 0 L 17
77 0 L 74
78 1 U 18
