59
0 1 U -1
1 1 U 0
2 1 U 1
3 0 U 2
4 0 U 3
5 1 U 4
6 0 U 5
7 0 U -1
8 0 U 7
9 0 U 8
10 0 U 9
11 0 U 10
12 1 U 11
13 0 U 12
14 0 U -1
15 1 U 14
16 0 U 15
17 0 U 16
18 1 U 17
19 0 U 18
20 1 U 19
21 0 U -1
22 0 U 21
23 1 U 22
24 0 U 23
25 1 U 24
26 0 U 25
27 1 U 26
28 0 U -1
29 0 U 28
30 0 U 29
31 1 U 30
32 0 U 31
33 0 U 32
34 1 U 33
35 1 U -1
36 1 U 35
37 1 U 36
38 0 U 37
39 1 U 38
40 1 U 39
41 1 U 40
42 1 U -1
43 1 U 42
44 0 U 43
45 0 U 44
46 0 U 45
47 1 U 46
48 0 U 47
49 0 U -1
50 0 U 49
51 0 U 50
52 0 U 51
53 1 U 52
54 0 U 53
55 0 U 54
56 1 U -1
57 1 U 56
58 1 U 57
59
0 1 U -1
1 1 U 0
2 1 U 1
3 0 U 2
4 0 U 3
5 1 U 4
6 0 U 5
7 0 U -1
8 0 U 7
9 0 U 8
10 0 U 9
11 0 U 2
12 1 U 11
13 0 U 12
14 0 U -1
15 1 U 14
16 0 U 15
17 0 U 16
18 1 U 17
19 0 U 18
20 1 U 19
21 1 L 8
22 0 U 21
23 1 U 22
24 0 U 23
25 1 U 16
26 0 U 25
27 1 U 26
28 0 U -1
29 1 L 2
30 1 U 23
31 1 U 30
32 0 U 31
33 0 U 32
34 1 U 33
35 1 U -1
36 1 U 35
37 1 U 36
38 0 U 37
39 1 U 38
40 1 U 39
41 1 U 40
42 1 L 6
43 1 U 42
44 0 U 43
45 0 U 44
46 0 U 45
47 1 U 46
48 0 U 47
49 0 U -1
50 0 U 49
51 0 U 32
52 0 U 51
53 1 U 52
54 0 U 53
55 1 U 43
56 1 U -1
57 1 U 56
58 1 U 57
59
0 1 U -1
1 1 U 0
2 1 U 1
3 0 U 2
4 0 U 3
5 1 U 4
6 0 L 3
7 0 U -1
8 0 U 7
9 0 U 8
10 0 U 9
11 0 U 10
12 1 L 7
13 0 U 12
14 0 U 3
15 1 U 14
16 0 U 15
17 0 U 16
18 1 U 17
19 0 U 18
20 1 U 19
21 1 U 13
22 0 U 21
23 1 U 22
24 0 L 18
25 1 U 24
26 0 U 25
27 1 U 26
28 0 U -1
29 0 U 28
30 0 U 29
31 1 U 30
32 0 U 31
33 0 U 32
34 1 U 33
35 1 U -1
36 1 U 35
37 1 U 36
38 0 L 18
39 1 U 38
40 1 U 34
41 1 U 40
42 1 U -1
43 1 U 42
44 0 U 43
45 0 U 44
46 0 U 45
47 1 U 46
48 0 U 47
49 0 U -1
50 0 U 49
51 0 U 50
52 0 U 51
53 1 U 52
54 0 U 53
55 0 U 54
56 1 U -1
57 1 U 56
58 1 U 57
59
0 1 U -1
1 1 U 0
2 1 U 1
3 0 L 2
4 0 U 3
5 1 U 4
6 0 U 5
7 0 U -1
8 0 U 7
9 0 U 8
10 0 L 7
11 0 U 10
12 1 U -1
13 0 U 12
14 0 U -1
15 1 U 14
16 0 U 15
17 0 U 3
18 1 U 17
19 0 U 18
20 1 U 19
21 0 U -1
22 0 U 21
23 1 U 22
24 0 U 23
25 1 U 24
26 0 U 25
27 1 U 26
28 0 U -1
29 0 U 28
30 0 U 29
31 1 L 19
32 0 U 31
33 0 U 32
34 1 U 33
35 1 U -1
36 1 U 35
37 1 U 36
38 0 U 37
39 1 U 38
40 1 U 39
41 1 U 40
42 1 U -1
43 0 U 38
44 1 L 20
45 0 U 44
46 0 U 45
47 1 U 46
48 0 U 47
49 0 U -1
50 0 U 49
51 0 U 50
52 0 U 51
53 1 U 52
54 0 U 53
55 0 U 54
56 1 U -1
57 1 U 56
58 1 L 33
59
0 1 U -1
1 1 U 0
2 1 U 1
3 0 U 2
4 0 U 3
5 1 U 4
6 0 U 5
7 0 U -1
8 0 U 7
9 1 L -1
10 0 U 9
11 0 U 10
12 1 U 11
13 0 U 12
14 0 U -1
15 1 U 14
16 0 U 15
17 0 U 9
18 1 U 17
19 0 U 18
20 1 U 19
21 0 U -1
22 0 U 21
23 1 U 22
24 1 L 1
25 1 U 24
26 0 U 6
27 1 U 26
28 0 U -1
29 0 U 28
30 0 U 29
31 1 U 1
32 0 U 31
33 0 U 32
34 1 U 33
35 1 U -1
36 1 U 35
37 1 U 36
38 0 U 37
39 1 U 38
40 1 U 39
41 1 U 28
42 1 U -1
43 1 U 42
44 0 L 24
45 0 U 44
46 0 U 45
47 1 U 46
48 0 U 47
49 0 U -1
50 0 U 49
51 0 U 50
52 0 U 51
53 1 U 52
54 0 U 53
55 0 U 54
56 1 U -1
57 1 U 5
58 1 U 57
59
0 1 U -1
1 1 U 0
2 1 U 1
3 0 U 2
4 0 U 3
5 1 U 4
6 0 U 5
7 0 U -1
8 0 U 7
9 0 U 8
10 0 U 9
11 0 U 10
12 0 U 0
13 1 U 3
14 0 U -1
15 1 U 14
16 0 U 15
17 0 U 16
18 1 U 17
19 0 U 18
20 1 U 19
21 0 U -1
22 0 U 21
23 1 U 22
24 0 U 23
25 1 U 24
26 0 U 25
27 1 U 26
28 0 U -1
29 0 U 28
30 0 U 29
31 1 U 21
32 0 U 31
33 0 U 32
34 1 U 33
35 1 U -1
36 1 U 35
37 1 U 36
38 0 U 37
39 1 U 38
40 1 U 39
41 1 U 40
42 1 U -1
43 1 U 42
44 0 U 43
45 0 U 44
46 0 U 45
47 1 U 38
48 0 U 47
49 0 U -1
50 0 L 8
51 0 U 50
52 0 U 51
53 1 U 52
54 0 U 53
55 0 L 32
56 1 U -1
57 1 U 56
58 1 U 57
59
0 1 U -1
1 1 U 0
2 1 U 1
3 0 U 2
4 0 U 3
5 1 U 4
6 0 U 5
7 0 U -1
8 0 U 7
9 0 U 5
10 0 U 9
11 0 U 10
12 0 U 0
13 1 U 3
14 0 U -1
15 1 U 14
16 0 U 15
17 0 U 16
18 1 U 17
19 0 U 18
20 1 U 19
21 0 U -1
22 0 U 21
23 1 U 22
24 1 L 11
25 1 U 24
26 0 U 25
27 1 U 26
28 0 U -1
29 0 U 28
30 0 U 29
31 1 U 21
32 0 U 31
33 0 U 32
34 1 U 33
35 1 U -1
36 1 U 35
37 1 U 36
38 0 U 37
39 1 U 38
40 1 U 39
41 1 U 40
42 1 U -1
43 1 U 42
44 0 L 20
45 0 U 44
46 0 U 45
47 1 U 38
48 0 U 47
49 0 U -1
50 0 L 8
51 0 U 50
52 0 U 51
53 1 U 52
54 0 U 53
55 0 L 32
56 1 U -1
57 1 U 56
58 1 U 57
59
0 1 U -1
1 1 U 0
2 1 U 1
3 0 U 2
4 0 U 3
5 1 U 4
6 0 U 5
7 0 U -1
8 0 U 7
9 0 U 5
10 0 U 9
11 1 L 5
12 0 U 0
13 1 U 3
14 0 L 9
15 1 U 14
16 0 U 15
17 0 U 16
18 1 U 17
19 0 U 18
20 0 L 13
21 0 U -1
22 0 U 21
23 1 U 22
24 1 L 11
25 0 L 15
26 0 U 25
27 1 U 26
28 0 U -1
29 0 U 28
30 0 U 29
31 1 U 21
32 0 U 15
33 0 U 32
34 1 U 33
35 1 U -1
36 1 U 35
37 1 U 36
38 1 U 21
39 1 U 38
40 1 U 39
41 1 U 40
42 1 U -1
43 1 U 42
44 0 L 20
45 0 U 19
46 0 U 45
47 1 U 38
48 0 U 47
49 0 U -1
50 0 L 8
51 0 U 17
52 0 U 51
53 1 U 52
54 0 U 53
55 0 L 32
56 1 U -1
57 1 U 56
58 1 U 57
59
0 1 U -1
1 1 U 0
2 1 U 1
3 1 U 1
4 0 U 3
5 1 U 4
6 0 U 5
7 0 U -1
8 0 U 7
9 0 U 5
10 0 U 9
11 0 U 10
12 0 U 0
13 1 U 3
14 0 U -1
15 1 U 14
16 0 U 15
17 0 U 16
18 1 U 17
19 0 U 18
20 1 U 19
21 1 U 7
22 0 U 21
23 1 U 22
24 1 L 11
25 1 U 24
26 0 U 25
27 1 U 26
28 0 U -1
29 0 U 28
30 0 L 18
31 1 U 21
32 0 U 31
33 0 U 32
34 1 U 33
35 1 U -1
36 1 U 35
37 1 U 36
38 0 U 37
39 1 U 38
40 1 U 39
41 1 U 6
42 0 L 40
43 1 U 42
44 0 L 20
45 0 U 44
46 0 U 45
47 1 U 38
48 0 U 47
49 0 U -1
50 0 L 8
51 0 U 50
52 0 U 51
53 1 U 52
54 0 U 53
55 0 L 32
56 1 U -1
57 1 U 56
58 1 U 57
59
0 1 U -1
1 1 U 0
2 1 U 1
3 0 U 2
4 0 U 3
5 1 U 4
6 0 U 5
7 0 U -1
8 0 L 0
9 0 U 5
10 0 U 9
11 0 U 10
12 0 U 0
13 1 U 3
14 0 U -1
15 1 U 14
16 0 U 15
17 0 U 16
18 1 U 17
19 0 U 18
20 1 U 19
21 0 U -1
22 0 U 21
23 1 U 22
24 1 L 11
25 1 U 24
26 0 U 25
27 1 U 26
28 1 L 24
29 0 U 28
30 0 U 29
31 1 U 21
32 0 U 31
33 0 U 32
34 1 U 33
35 1 U -1
36 1 U 35
37 1 U 36
38 0 U 37
39 1 U 38
40 1 U 39
41 1 U 40
42 1 U -1
43 1 U 42
44 0 L 20
45 0 U 44
46 0 U 45
47 1 U 38
48 0 U 47
49 0 U -1
50 0 L 8
51 0 U 50
52 0 U 51
53 1 U 52
54 0 U 53
55 0 L 32
56 1 U -1
57 1 U 56
58 1 U 57
59
0 1 U -1
1 1 U 0
2 1 U 1
3 0 U 2
4 1 L 0
5 1 U 4
6 0 U 5
7 0 U -1
8 0 U 7
9 0 U 5
10 0 U 9
11 0 U 10
12 0 U 0
13 1 U 3
14 0 U -1
15 1 U 14
16 0 U 15
17 0 U 16
18 1 U 17
19 0 U 18
20 1 U 19
21 0 U -1
22 0 U 21
23 1 U 22
24 1 L 11
25 1 U 24
26 0 U 25
27 1 U 26
28 0 U -1
29 0 U 28
30 0 U 29
31 1 U 21
32 0 U 31
33 0 U 32
34 1 U 33
35 1 U -1
36 1 U 35
37 1 U 36
38 1 L 35
39 1 U 38
40 0 U 9
41 1 U 40
42 1 U -1
43 1 U 42
44 0 L 20
45 0 U 44
46 0 U 45
47 1 U 38
48 0 U 47
49 0 U -1
50 0 L 8
51 1 L 40
52 0 U 51
53 1 U 52
54 0 U 53
55 0 L 32
56 1 L 9
57 1 U 56
58 1 U 57
59
0 1 U -1
1 1 U 0
2 1 U 1
3 0 U 2
4 0 U 3
5 1 U 4
6 0 U 5
7 0 U -1
8 1 L 6
9 0 U 5
10 0 U 9
11 0 L 2
12 0 U 0
13 1 U 3
14 0 U -1
15 1 U 14
16 0 U 15
17 0 U 16
18 1 U 17
19 0 U 18
20 1 U 19
21 0 U -1
22 0 U 21
23 1 U 22
24 1 L 11
25 0 U 9
26 0 U 25
27 1 U 26
28 0 U -1
29 0 U 28
30 0 U 29
31 1 U 21
32 0 U 31
33 0 U 32
34 1 U 33
35 1 U -1
36 1 U 35
37 1 U 17
38 1 U 0
39 1 U 38
40 1 U 39
41 1 U 40
42 1 U -1
43 1 U 42
44 0 L 20
45 0 U 44
46 0 U 45
47 1 U 38
48 0 U 47
49 0 U -1
50 0 L 8
51 0 U 50
52 0 U 51
53 1 U 52
54 0 U 53
55 0 L 32
56 1 U -1
57 1 U 56
58 1 U 57
59
0 1 U -1
1 1 U 0
2 1 U 1
3 0 U 2
4 0 U 3
5 1 U 2
6 1 U 5
7 0 U -1
8 0 U 7
9 0 U 5
10 0 U 9
11 0 U 10
12 1 L 9
13 1 U 3
14 0 U -1
15 1 U 14
16 1 U 6
17 0 U 16
18 1 U 17
19 0 U 18
20 1 U 19
21 0 U -1
22 0 U 21
23 1 U 22
24 1 L 11
25 1 L 1
26 0 U 25
27 1 U 26
28 0 U -1
29 0 U 28
30 0 U 29
31 0 U 14
32 0 U 31
33 0 U 32
34 1 U 33
35 1 U -1
36 1 U 35
37 1 U 36
38 0 U 37
39 1 L 6
40 1 U 39
41 1 U 40
42 1 U -1
43 1 U 9
44 1 L 5
45 0 U 44
46 0 U 45
47 1 L 3
48 0 U 47
49 0 U -1
50 0 U 38
51 0 U 50
52 0 U 51
53 1 U 52
54 0 U 53
55 0 L 32
56 1 U -1
57 1 U 56
58 1 L 23
59
0 1 U -1
1 1 U 0
2 1 L 1
3 0 U 2
4 0 U 3
5 1 U 4
6 0 U 5
7 0 U -1
8 1 L 6
9 0 U 5
10 0 U 9
11 0 U 10
12 1 L 9
13 1 U 3
14 0 U -1
15 1 U 14
16 0 U 15
17 0 U 16
18 1 U 3
19 0 U 3
20 1 U 19
21 0 U -1
22 0 U 21
23 1 U 22
24 1 L 11
25 1 U 24
26 0 U 25
27 1 U 26
28 0 U -1
29 0 U 28
30 0 U 29
31 1 U 21
32 0 U 31
33 0 U 32
34 1 U 33
35 1 U -1
36 0 L 22
37 1 U 36
38 0 U 37
39 1 U 38
40 1 U 39
41 0 L 1
42 1 U -1
43 1 U 42
44 0 L 20
45 1 U -1
46 0 U 29
47 1 U 38
48 0 U 47
49 0 U -1
50 0 L 8
51 0 U 50
52 0 U 51
53 1 U 40
54 0 U 53
55 0 L 32
56 1 U -1
57 1 U 56
58 0 L 36
59
0 1 U -1
1 1 U 0
2 1 U 1
3 0 U 2
4 0 U 3
5 1 U 4
6 0 U 5
7 0 U -1
8 0 U 7
9 0 U 5
10 0 U 9
11 0 U 10
12 0 L 6
13 1 U 3
14 0 U -1
15 1 U 14
16 0 U 15
17 0 U 16
18 1 U 17
19 0 U 18
20 1 L 8
21 0 U -1
22 0 U 21
23 1 U 22
24 1 L 11
25 1 U 24
26 0 U 25
27 1 U 26
28 0 U -1
29 0 U 28
30 0 U 29
31 1 L 10
32 0 U 31
33 0 U 32
34 1 U 33
35 1 U -1
36 1 U 35
37 1 U 36
38 0 U 37
39 1 U 23
40 1 U 39
41 1 U 40
42 1 U -1
43 1 U 42
44 0 L 20
45 0 U 44
46 0 L 34
47 1 U 38
48 0 U 47
49 0 U -1
50 0 L 8
51 0 U 50
52 0 U 51
53 1 U 52
54 0 U 53
55 0 L 32
56 1 U -1
57 1 U 56
58 1 U 57
59
0 1 U -1
1 1 U 0
2 1 U 1
3 0 U 2
4 0 U 3
5 1 U 4
6 0 U 5
7 0 U -1
8 0 U 7
9 0 U 5
10 0 U 9
11 0 U 10
12 0 U 0
13 1 U 3
14 0 U -1
15 1 U 14
16 0 U 15
17 0 U 16
18 0 U 10
19 0 U 18
20 1 U 19
21 0 U -1
22 0 U 21
23 1 U 22
24 1 L 11
25 1 U 24
26 0 U 25
27 1 U 26
28 0 L 13
29 0 U 28
30 0 U 29
31 1 U 21
32 0 U 31
33 0 U 32
34 1 U 33
35 1 L 7
36 1 U 35
37 1 U 36
38 0 U 37
39 0 L 20
40 1 U 39
41 1 U 40
42 1 U -1
43 1 U 42
44 0 L 20
45 0 U 44
46 0 U 45
47 1 U 3
48 0 U 47
49 0 U -1
50 0 L 8
51 0 U 50
52 0 U 51
53 0 L 0
54 0 U 53
55 0 L 32
56 1 U -1
57 1 U 56
58 1 U 57
59
0 1 U -1
1 1 U 0
2 1 U 1
3 0 U 2
4 1 L -1
5 1 U 4
6 0 U 5
7 0 U -1
8 0 U 7
9 0 U 5
10 0 U 9
11 0 U 10
12 0 U 0
13 0 U 8
14 0 U -1
15 1 U 14
16 1 L 12
17 0 L 13
18 1 U 17
19 0 U 18
20 1 U 19
21 0 U -1
22 0 U 21
23 1 U 22
24 1 L 11
25 1 U 24
26 0 U 25
27 1 U 26
28 0 U -1
29 0 U 28
30 0 U 29
31 1 U 21
32 0 U 31
33 0 U 32
34 1 U 33
35 1 L 5
36 1 U 35
37 1 U 36
38 0 U 37
39 1 U 38
40 1 U 39
41 1 U 40
42 1 U -1
43 1 U 42
44 0 L 20
45 1 L 25
46 0 U 45
47 1 U 38
48 0 U 47
49 0 L 48
50 0 L 8
51 0 U 50
52 0 U 51
53 1 U 52
54 0 U 53
55 0 L 32
56 1 U -1
57 1 U 56
58 1 U 57
59
0 1 U -1
1 1 U 0
2 1 U 1
3 0 U 2
4 0 U 3
5 1 U 4
6 0 U 5
7 0 U -1
8 0 U 7
9 0 U 5
10 0 U 9
11 0 U 10
12 0 U 0
13 1 U 3
14 0 U -1
15 1 U 14
16 0 U 15
17 0 U 16
18 1 U 17
19 0 L 15
20 1 U 19
21 0 U -1
22 1 U 8
23 1 U 22
24 1 L 11
25 0 L 24
26 0 U 25
27 1 U 26
28 0 U -1
29 0 U 28
30 0 U 29
31 1 U 21
32 0 U 31
33 0 U 10
34 1 U 33
35 1 U -1
36 1 U 35
37 1 U 36
38 0 U 37
39 1 U 38
40 1 U 39
41 0 L 5
42 1 U -1
43 1 L 15
44 0 L 20
45 0 U 44
46 0 U 45
47 1 U 38
48 1 L 41
49 0 U -1
50 0 L 8
51 0 U 50
52 0 U 51
53 0 U 30
54 0 U 53
55 0 L 32
56 1 U -1
57 0 U 10
58 1 U 57
59
0 1 U -1
1 1 U 0
2 1 U -1
3 0 U 2
4 0 U 3
5 1 U 4
6 0 U 5
7 0 U -1
8 0 L -1
9 0 U 5
10 0 U 9
11 0 U 10
12 0 U 0
13 1 U 3
14 0 U -1
15 1 U 14
16 0 U 15
17 0 U 16
18 1 U 17
19 0 U 18
20 1 U 19
21 0 U -1
22 0 U 21
23 1 U 22
24 1 L 11
25 1 U 24
26 0 U 25
27 1 U 26
28 0 L -1
29 0 U 28
30 0 U 29
31 0 L 26
32 0 U 31
33 0 U 32
34 1 U 33
35 1 U -1
36 1 U 35
37 1 U 36
38 1 L 31
39 1 U 38
40 1 U 39
41 1 U 40
42 1 U -1
43 1 U 42
44 0 L 20
45 0 U 44
46 0 U 45
47 1 U 38
48 0 U 47
49 0 U -1
50 0 L 8
51 0 U 50
52 0 U 51
53 1 U 52
54 0 U 53
55 0 L 32
56 1 U -1
57 1 U 56
58 1 U 57
59
0 1 U -1
1 1 U 0
2 1 U 1
3 0 U 2
4 0 U 0
5 1 U 4
6 0 U 5
7 1 L 4
8 0 L -1
9 0 U 5
10 0 U 9
11 0 U 10
12 1 L 5
13 1 U 3
14 0 U -1
15 1 U 14
16 0 U 15
17 0 U 16
18 1 U 17
19 1 L 15
20 1 U 19
21 0 U -1
22 0 U 21
23 1 U 22
24 0 L 6
25 1 U 24
26 0 U 25
27 1 U 26
28 0 U -1
29 0 U 28
30 0 U 29
31 0 L 5
32 0 U 31
33 0 U 32
34 1 U 33
35 1 U -1
36 1 U 35
37 1 U 36
38 0 U 37
39 1 L 11
40 1 U 39
41 1 U 40
42 1 U -1
43 1 U 42
44 0 L 20
45 0 U 44
46 0 U 45
47 1 L 32
48 0 U 47
49 0 U -1
50 0 L 8
51 0 U 50
52 0 U 51
53 1 U 52
54 0 U 53
55 0 L 32
56 1 U -1
57 1 U 56
58 1 U 57
59
0 1 U -1
1 1 U 0
2 1 U 1
3 0 U 2
4 0 U 3
5 1 U 4
6 0 U 5
7 0 U -1
8 0 U 7
9 0 U 5
10 0 U 9
11 0 U 10
12 0 U 0
13 1 U 3
14 0 U -1
15 1 U 14
16 0 U 15
17 0 U 16
18 1 U 17
19 0 U 18
20 1 U 19
21 0 U -1
22 0 U 21
23 1 U 22
24 1 L 11
25 1 U 24
26 0 U 25
27 1 U 26
28 0 U -1
29 0 U 28
30 0 U 29
31 1 U 21
32 0 U 31
33 0 U 32
34 1 U 33
35 1 U -1
36 1 U 35
37 1 U 36
38 0 U 37
39 1 U 38
40 1 U 39
41 1 L 15
42 1 U -1
43 1 U 42
44 0 U 39
45 1 U 4
46 0 U 45
47 1 U 38
48 1 U 37
49 0 U -1
50 1 U 29
51 1 L 45
52 0 U 51
53 1 U 52
54 0 U 53
55 0 L 32
56 1 U -1
57 1 U 56
58 1 U 57
59
0 1 U -1
1 1 U 0
2 1 U 1
3 0 U 2
4 0 L 1
5 1 U 4
6 0 U 5
7 0 U -1
8 0 U 7
9 0 U 5
10 0 U 9
11 0 U 10
12 0 U 0
13 1 U 3
14 0 U -1
15 0 L 5
16 0 U 15
17 0 U 16
18 1 U 17
19 0 U 18
20 1 U 19
21 0 U -1
22 0 U 21
23 1 U 22
24 1 L 11
25 1 U 24
26 0 U 25
27 1 U 26
28 1 L 12
29 0 U 28
30 0 U 29
31 1 U 21
32 0 U 31
33 0 U 32
34 1 U 33
35 1 U -1
36 1 U 35
37 1 U 36
38 0 U 37
39 0 L 31
40 1 U 39
41 1 L -1
42 1 U -1
43 1 U 42
44 0 L 20
45 0 U 44
46 1 L 17
47 1 U 38
48 0 U 47
49 0 U -1
50 0 L 8
51 0 U 50
52 0 U 51
53 1 L 34
54 0 U 53
55 0 L 32
56 1 U -1
57 1 U 56
58 1 U 57
59
0 1 L -1
1 1 U 0
2 1 U -1
3 0 U 2
4 0 U 3
5 1 U 4
6 0 U 5
7 0 U -1
8 0 U 7
9 0 U 5
10 0 U 9
11 0 U 10
12 0 U 0
13 1 U 3
14 0 L 0
15 1 U 14
16 0 U 15
17 1 L 8
18 1 U 17
19 0 U 18
20 1 U 19
21 0 U -1
22 0 U 21
23 1 U 22
24 1 L 11
25 1 L 0
26 1 U 12
27 1 U 26
28 0 U -1
29 0 U 28
30 0 U 29
31 1 U 21
32 0 U 16
33 0 U 32
34 1 U 33
35 0 L 7
36 1 U 35
37 1 U 36
38 0 U 37
39 1 U 38
40 1 U 39
41 1 U 40
42 1 U -1
43 1 U 42
44 0 L 20
45 1 U 36
46 0 U 45
47 1 U 38
48 0 U 47
49 0 U -1
50 0 L 8
51 0 U 50
52 0 U 51
53 1 U 52
54 0 U 53
55 0 L 32
56 1 U -1
57 1 U 56
58 1 U 57
59
0 1 U -1
1 1 U 0
2 0 L 1
3 0 U 2
4 0 U 3
5 1 U 4
6 0 U 5
7 0 U -1
8 0 U 7
9 0 U 5
10 0 U 9
11 0 U 10
12 0 U 0
13 1 U 3
14 0 U -1
15 1 U 14
16 0 U 15
17 0 U 16
18 1 U 17
19 0 U 18
20 1 U 19
21 0 U -1
22 0 U 21
23 1 U 22
24 1 L 11
25 1 U 24
26 0 U 25
27 1 U 26
28 1 L 14
29 1 U 13
30 0 U 11
31 1 U 21
32 0 U 31
33 0 U 32
34 1 U 33
35 1 U -1
36 1 U 35
37 1 U 36
38 1 U 27
39 1 U 38
40 1 U 39
41 1 U 40
42 1 U -1
43 1 U 42
44 0 L 20
45 0 U 44
46 0 U 45
47 1 U 38
48 1 U 13
49 0 U -1
50 0 L 8
51 0 U 50
52 0 U 51
53 1 U 52
54 0 U 53
55 0 L 32
56 1 U -1
57 1 U 56
58 1 U 57
59
0 1 U -1
1 1 U 0
2 1 L 1
3 0 U 2
4 0 U 3
5 1 U 4
6 0 U 5
7 0 U -1
8 0 U 7
9 0 U 5
10 0 U 9
11 0 L 4
12 0 U 0
13 1 U 5
14 0 U -1
15 1 U 14
16 0 U 15
17 0 U 16
18 1 U 17
19 0 U 18
20 1 U 19
21 1 U 16
22 0 U 21
23 1 U 22
24 1 L 11
25 1 U 24
26 0 U 25
27 1 U 26
28 1 L 14
29 1 U 13
30 0 U 11
31 1 U 21
32 0 U 31
33 0 U 32
34 1 U 33
35 1 U -1
36 1 U 35
37 1 U 36
38 1 U 27
39 1 U 38
40 1 U 39
41 1 U 40
42 1 U -1
43 1 U 42
44 0 L 20
45 0 U 44
46 0 U 45
47 1 U 38
48 1 U 13
49 0 U -1
50 0 L 8
51 0 U 50
52 0 U 51
53 1 U 52
54 0 U 53
55 0 L 32
56 1 U -1
57 1 U 56
58 1 U 57
59
0 1 U -1
1 1 U 0
2 0 L 1
3 0 U 2
4 0 U 3
5 1 U 4
6 0 U 5
7 0 U -1
8 0 U 7
9 0 U 5
10 0 U 9
11 0 U 10
12 0 U 0
13 1 U 3
14 0 U -1
15 1 U 14
16 0 U 15
17 0 U 16
18 1 U 17
19 0 U 18
20 1 U 19
21 0 U -1
22 0 U 21
23 1 U 22
24 1 L 11
25 1 U 24
26 0 U 25
27 1 U 26
28 1 U 21
29 1 U 13
30 0 U 11
31 1 U 21
32 0 U 31
33 0 U 32
34 1 U 33
35 1 U -1
36 1 U 35
37 1 U 36
38 1 U 27
39 1 U 38
40 1 U 39
41 1 U 40
42 1 U -1
43 1 U 42
44 0 L 20
45 0 U 44
46 0 U 45
47 1 U 38
48 1 U 13
49 0 U -1
50 0 L 8
51 0 U 50
52 1 L 21
53 1 U 52
54 0 U 53
55 0 L 32
56 1 U -1
57 1 U 56
58 1 U 57
59
0 1 U -1
1 1 U 0
2 1 L -1
3 0 U 2
4 0 U 3
5 1 U 4
6 0 U 5
7 0 L 3
8 0 U 7
9 0 U 5
10 0 U 9
11 0 U 10
12 0 U 0
13 0 U 11
14 0 U -1
15 0 U -1
16 0 U 15
17 0 U 16
18 1 U 17
19 0 L 18
20 1 U 19
21 0 U -1
22 1 U 6
23 1 U 22
24 1 L 11
25 1 U 24
26 0 U 25
27 1 U 26
28 1 L 8
29 1 U 13
30 0 U 11
31 1 U 21
32 0 U 31
33 0 U 32
34 1 U 33
35 1 U -1
36 1 U 35
37 1 U 36
38 1 U 27
39 1 U 38
40 1 U 39
41 1 U 40
42 1 U -1
43 1 U 42
44 0 L 20
45 0 U 44
46 0 U 45
47 1 U 38
48 1 U 13
49 0 U -1
50 0 U 13
51 0 U 50
52 0 U 51
53 1 U 52
54 0 U 53
55 0 L 32
56 1 U -1
57 0 L 52
58 1 U 57
59
0 1 U -1
1 1 U 0
2 0 L 1
3 0 U 2
4 0 U 3
5 1 U 4
6 0 U 5
7 0 U -1
8 0 U 7
9 0 U 5
10 0 U 9
11 0 U 10
12 0 L 1
13 1 U 3
14 0 U -1
15 1 U 14
16 0 U 15
17 0 U 16
18 1 U 17
19 0 U 18
20 1 U 19
21 0 U -1
22 0 U 21
23 1 L -1
24 1 L 11
25 1 U 24
26 0 L 0
27 1 U 26
28 1 L 14
29 1 U 13
30 0 U 11
31 1 U 21
32 0 U 31
33 1 L 24
34 1 U 33
35 1 U -1
36 1 U 35
37 1 U 36
38 1 U 27
39 1 U 38
40 1 U 39
41 1 U 40
42 1 U -1
43 1 U 42
44 0 L 20
45 0 U 44
46 0 U 45
47 1 U 38
48 1 U 13
49 0 U -1
50 0 L 8
51 0 U 50
52 0 U 51
53 1 U 52
54 0 U 53
55 0 L 32
56 1 U -1
57 1 U 56
58 1 U 57
59
0 0 U -1
1 1 U 0
2 0 L 1
3 0 U 2
4 0 U 3
5 1 U 4
6 0 U 5
7 0 U -1
8 0 U 7
9 0 U 5
10 0 U 9
11 0 L 8
12 0 U 0
13 1 L 12
14 0 U -1
15 1 U 14
16 0 U 15
17 0 U 16
18 1 U 17
19 0 U 18
20 1 U 19
21 0 U -1
22 0 U 21
23 1 U 22
24 1 U 0
25 1 U 24
26 0 L 6
27 1 U 26
28 0 L 21
29 1 U 13
30 0 U 11
31 1 U 21
32 0 U 31
33 0 U 32
34 1 U 33
35 1 U -1
36 1 U 35
37 1 U 36
38 1 U 27
39 1 U 38
40 1 U 39
41 1 U 40
42 1 U -1
43 0 U 17
44 0 L 20
45 0 U 44
46 0 U 45
47 1 U 38
48 1 U 13
49 0 U -1
50 0 L 8
51 0 U 50
52 0 U 51
53 1 U 52
54 0 U 53
55 0 L 32
56 1 U -1
57 0 U 42
58 1 U 57
59
0 1 U -1
1 1 U 0
2 0 L 1
3 0 U 2
4 0 U 3
5 1 U 4
6 0 U 5
7 0 U -1
8 0 U 7
9 0 U 5
10 0 U 9
11 0 U 10
12 0 U 0
13 1 U 3
14 0 U -1
15 1 U 14
16 0 U 15
17 0 U 16
18 1 U 17
19 0 U 18
20 1 U 19
21 0 U -1
22 0 U 21
23 1 U 22
24 1 L 11
25 1 U 24
26 0 U 25
27 1 U 26
28 1 L 14
29 1 U 13
30 0 U 11
31 1 U 21
32 0 U 31
33 0 U 32
34 1 U 33
35 1 L 6
36 1 U 35
37 1 U 36
38 1 U 27
39 0 L 0
40 1 U 39
41 1 U 40
42 1 U -1
43 1 U 42
44 0 L 20
45 0 U 44
46 0 U 45
47 1 U 38
48 1 U 13
49 0 U -1
50 0 L 8
51 0 U 50
52 0 U 51
53 0 U 49
54 0 U 53
55 0 U 42
56 1 U -1
57 1 U 56
58 1 U 57
59
0 1 U -1
1 1 U 0
2 0 L 1
3 0 U 2
4 0 U 3
5 1 U 4
6 0 U 5
7 0 U -1
8 0 U 7
9 0 U 5
10 0 U 9
11 0 U 10
12 0 U 0
13 0 L 12
14 0 U -1
15 1 U 14
16 0 U 15
17 1 U 0
18 1 U 17
19 0 U 18
20 1 U 19
21 1 U 7
22 0 U 21
23 1 U 22
24 1 L 11
25 1 U 24
26 0 U 25
27 1 U 26
28 1 L 14
29 1 U 13
30 0 U 11
31 1 U 21
32 0 U 31
33 0 U 32
34 1 U 33
35 1 U -1
36 1 U 35
37 1 U 36
38 1 U 27
39 1 U 38
40 1 U 39
41 1 U 40
42 1 U -1
43 1 U 42
44 0 L 20
45 0 U 44
46 0 U 45
47 1 U 38
48 1 U 13
49 0 U -1
50 0 L 8
51 0 U 50
52 0 U 51
53 0 L 12
54 0 U 53
55 0 L 32
56 1 U -1
57 1 U 56
58 1 U 57
59
0 1 U -1
1 1 U 0
2 0 L 1
3 0 U 2
4 0 U 3
5 1 U 4
6 0 U 5
7 0 U -1
8 0 U 7
9 0 U 5
10 0 U 9
11 0 U 10
12 0 U 0
13 1 U 3
14 0 U -1
15 1 U 14
16 0 U 15
17 0 U 16
18 0 L 16
19 0 U 18
20 1 U 19
21 0 U -1
22 0 U 21
23 1 U 22
24 1 L 11
25 1 U 24
26 0 U 25
27 1 L 11
28 1 L 14
29 1 U 13
30 0 U 11
31 1 U 21
32 0 U 31
33 0 U 32
34 1 U 33
35 1 U -1
36 1 U 35
37 0 L -1
38 1 U 27
39 0 U 19
40 1 U 39
41 1 U 40
42 1 U -1
43 1 U 42
44 0 L 20
45 0 U 44
46 0 U 45
47 1 U 38
48 1 U 13
49 0 U -1
50 0 L 8
51 0 U 50
52 0 U 51
53 1 U 52
54 0 U 53
55 0 L 32
56 1 U -1
57 0 U 0
58 1 U 57
