33
0 0 U -1
1 0 U 0
2 1 U 1
3 1 U 2
4 1 U 3
5 1 U -1
6 1 U 5
7 1 U 6
8 0 U 7
9 1 U 8
10 1 U -1
11 0 U 10
12 0 U 11
13 1 U 12
14 1 U 13
15 1 U -1
16 1 U 15
17 1 U 16
18 0 U 17
19 0 U 18
20 1 U -1
21 0 U 20
22 0 U 21
23 0 U 22
24 0 U 23
25 0 U -1
26 1 U 25
27 1 U 26
28 1 U 27
29 0 U 28
30 0 U -1
31 1 U 30
32 1 U 31
33
0 0 U -1
1 0 U 0
2 1 U 1
3 1 U 2
4 1 U 3
5 1 U -1
6 1 U 5
7 1 U 6
8 0 U 7
9 1 U 8
10 1 U -1
11 0 U 10
12 0 U 11
13 1 U 12
14 1 L 11
15 1 U -1
16 1 U 15
17 1 U 16
18 0 U 17
19 0 U 18
20 1 U -1
21 0 U 20
22 0 U 21
23 0 U 19
24 0 U 23
25 0 U -1
26 1 U 25
27 1 U 26
28 1 U 27
29 0 U 28
30 1 U 7
31 1 U 30
32 1 U 31
33
0 0 U -1
1 0 U 0
2 1 U 1
3 1 U 2
4 1 U 3
5 1 U -1
6 1 L -1
7 1 U 6
8 0 U 7
9 1 U 8
10 1 L -1
11 0 U 10
12 0 U 11
13 1 U 12
14 1 U 13
15 1 U -1
16 1 U 15
17 1 U 16
18 0 U 17
19 0 U 18
20 1 U -1
21 0 U 20
22 0 U 21
23 0 U 22
24 0 U 23
25 0 U -1
26 0 U 15
27 1 U 26
28 1 U 27
29 0 U 28
30 0 U -1
31 1 U 30
32 1 U 31
33
0 0 U -1
1 0 U 0
2 1 U 1
3 1 U 2
4 1 U 3
5 1 U -1
6 1 U 5
7 1 U 6
8 0 U 7
9 1 U 8
10 1 U -1
11 0 U 10
12 0 U 11
13 1 U 12
14 1 U 13
15 0 L 0
16 1 U 15
17 1 U 16
18 0 U 17
19 0 U 18
20 1 U -1
21 0 U 20
22 0 U 21
23 0 U 22
24 0 U 23
25 0 U -1
26 1 U 25
27 1 U 26
28 0 L 18
29 1 L 22
30 0 U -1
31 1 U 30
32 1 U 31
33
0 0 U -1
1 0 U 0
2 1 U 1
3 1 U 2
4 1 U 3
5 1 U -1
6 1 U 5
7 1 U 6
8 0 U 7
9 1 U 8
10 1 L 6
11 0 U 10
12 0 L 5
13 1 U 12
14 1 U 13
15 1 U -1
16 0 U 10
17 1 U 16
18 0 U 17
19 0 U 18
20 1 U -1
21 0 U 20
22 0 U 21
23 0 U 22
24 0 U 23
25 0 U -1
26 1 U 25
27 1 U 26
28 1 U 27
29 0 U 28
30 0 U -1
31 1 U 30
32 1 U 31
33
0 0 U -1
1 0 U 0
2 1 U 1
3 1 U 2
4 1 U 3
5 1 U -1
6 1 U 5
7 1 U 6
8 0 U 2
9 1 U 8
10 1 L 6
11 0 U 10
12 0 L 5
13 1 U 12
14 1 U 13
15 0 L 11
16 0 U 10
17 1 U 16
18 0 U 17
19 0 U 18
20 1 U -1
21 0 U 20
22 1 U 6
23 0 U 22
24 0 U 23
25 0 U -1
26 1 U 25
27 1 U 26
28 1 U 27
29 0 U 28
30 0 U -1
31 1 U 30
32 1 U 31
33
0 0 U -1
1 0 U 0
2 1 U 0
3 1 U 2
4 1 U 3
5 1 U -1
6 1 U 5
7 1 U 6
8 0 U 7
9 1 U 8
10 1 L 6
11 0 U 10
12 0 L 5
13 1 U 12
14 1 U 13
15 1 U -1
16 0 U 10
17 1 U 16
18 0 U 17
19 0 U 18
20 1 U -1
21 0 U 20
22 0 U 21
23 0 U 22
24 1 U 13
25 0 U -1
26 1 U 25
27 1 U 26
28 1 U 27
29 0 U 28
30 0 U -1
31 1 U 30
32 1 U 31
33
0 0 U -1
1 0 U 0
2 1 U 1
3 0 L 0
4 1 L 3
5 1 U -1
6 1 U 5
7 1 U 6
8 0 U 7
9 1 U 8
10 1 L 6
11 0 U 10
12 0 L 5
13 1 U 12
14 1 U 13
15 1 U -1
16 0 U 10
17 1 U 16
18 0 U 17
19 0 U 18
20 1 U -1
21 0 U 20
22 0 U 21
23 0 U 22
24 0 U 23
25 0 U -1
26 1 L 18
27 1 U 26
28 1 U 27
29 0 U 28
30 0 U 21
31 1 U 30
32 1 U 31
33
0 0 U -1
1 0 U 0
2 1 U 1
3 1 U 2
4 1 U 3
5 1 U -1
6 1 U 5
7 1 U 6
8 0 U 7
9 1 U 8
10 1 L 6
11 0 U 10
12 0 L 5
13 1 U 12
14 1 U 13
15 1 U -1
16 0 U 10
17 1 U 16
18 0 U 17
19 0 U 18
20 1 U -1
21 0 U 20
22 0 U 21
23 0 U 22
24 0 U 23
25 0 U -1
26 1 U 25
27 1 U 26
28 1 U 27
29 0 U 28
30 0 U -1
31 1 U 30
32 1 U 31
33
0 0 U -1
1 0 U 0
2 1 U 1
3 0 U 2
4 1 U 3
5 1 U -1
6 1 U 5
7 1 U 6
8 0 U 7
9 1 U 8
10 1 L 6
11 0 U 10
12 0 L 5
13 1 U 12
14 1 U 13
15 1 U -1
16 0 U 10
17 1 L 16
18 0 U 17
19 1 U 11
20 1 U -1
21 0 U 20
22 0 U 21
23 0 U 22
24 0 U 23
25 0 U -1
26 1 U 25
27 1 U 26
28 1 U 27
29 0 U 28
30 0 U -1
31 1 U 30
32 1 U 31
33
0 0 U -1
1 0 U 0
2 1 U 1
3 1 U 2
4 1 U 3
5 1 U -1
6 1 L 0
7 1 U 6
8 0 U 7
9 1 U 8
10 1 L 6
11 0 U 10
12 0 L 5
13 1 U 12
14 1 U 13
15 1 U -1
16 0 U 10
17 1 U 16
18 0 U 17
19 0 U 18
20 1 U -1
21 0 U 20
22 0 U 21
23 1 U 4
24 0 L 1
25 0 U -1
26 1 U 25
27 1 U 26
28 1 U 27
29 0 L 6
30 0 U -1
31 1 U 26
32 1 U 31
33
0 0 U -1
1 0 U 0
2 1 U 1
3 1 U 2
4 1 U 3
5 1 U -1
6 1 U 5
7 1 U 6
8 0 U 7
9 1 U 8
10 1 L 6
11 0 L -1
12 0 L 5
13 1 U 12
14 1 U 13
15 1 U -1
16 0 U 10
17 1 U 16
18 0 U 17
19 0 U 18
20 1 U -1
21 1 U 19
22 0 U 21
23 0 U 22
24 0 U 23
25 0 U -1
26 1 U 25
27 1 U 26
28 1 U 27
29 1 L 19
30 0 U -1
31 0 L 16
32 1 U 31
33
0 0 U -1
1 0 U 0
2 1 U 1
3 1 U 2
4 1 U 3
5 1 U -1
6 1 U 5
7 1 U 6
8 0 U 7
9 1 U 8
10 1 L 6
11 0 U 10
12 0 L 5
13 0 L 2
14 1 U 13
15 1 L 2
16 0 U 10
17 1 U 16
18 0 U 17
19 0 U 18
20 1 U -1
21 0 U 20
22 0 U 21
23 0 U 22
24 0 U 23
25 0 U -1
26 1 U 25
27 1 U 26
28 1 U 27
29 0 U 28
30 0 U -1
31 1 U 30
32 1 U 31
33
0 1 L -1
1 0 U 0
2 1 L -1
3 1 U 2
4 1 U 3
5 1 U -1
6 1 U 5
7 1 U 6
8 0 U 7
9 1 U 8
10 1 L 6
11 0 U 10
12 0 L -1
13 1 U 12
14 1 U 13
15 0 L 4
16 0 U 10
17 1 U 16
18 0 U 17
19 0 U 18
20 1 U -1
21 0 U 20
22 0 L 2
23 0 U 22
24 0 U 23
25 0 U -1
26 1 U 25
27 1 U 26
28 1 U 27
29 0 U 28
30 0 U -1
31 1 U 30
32 1 U 31
33
0 0 U -1
1 0 U 0
2 1 U 1
3 1 U 2
4 1 U 3
5 1 U -1
6 1 U 5
7 1 L 1
8 0 U 7
9 1 U 8
10 1 L 6
11 0 U 10
12 0 L 5
13 1 U 12
14 0 L 13
15 1 U -1
16 0 U 10
17 1 U 16
18 0 U 17
19 0 U 18
20 1 U -1
21 0 U 20
22 0 U 21
23 0 U 22
24 0 U 23
25 0 U -1
26 1 U 25
27 1 U 26
28 1 U 27
29 0 L 18
30 0 U -1
31 1 U 6
32 1 U 14
33
0 0 U -1
1 0 U -1
2 1 U 1
3 1 U 2
4 1 U 3
5 1 U -1
6 1 U 5
7 1 U 6
8 0 U 7
9 1 U 8
10 1 L 6
11 0 U 10
12 0 L 5
13 1 U 12
14 1 U 13
15 1 U 0
16 0 U 10
17 1 U 16
18 0 U 17
19 0 U 18
20 1 U -1
21 0 U 20
22 0 U 21
23 0 U 22
24 0 U 23
25 0 U -1
26 1 U 25
27 1 L 25
28 1 U 27
29 0 U 28
30 0 U -1
31 1 U 30
32 1 U 31
33
0 0 U -1
1 0 U 0
2 1 U 1
3 0 L 1
4 0 L 3
5 1 L 2
6 0 U 4
7 1 U 6
8 0 U 7
9 1 U 8
10 1 L 6
11 0 U 10
12 0 L 5
13 1 U 12
14 1 U 13
15 1 U -1
16 0 U 10
17 1 U 16
18 0 U 17
19 0 U 18
20 1 U -1
21 0 U 20
22 0 U 21
23 0 U 22
24 0 U 23
25 0 U -1
26 1 U 25
27 1 U 26
28 1 U 27
29 0 U 28
30 0 U -1
31 1 U 30
32 1 U 31
33
0 0 U -1
1 0 U 0
2 1 U 1
3 1 U 2
4 1 U 3
5 1 U -1
6 1 U 5
7 1 U 6
8 0 U 7
9 1 U 8
10 1 L 6
11 0 U 10
12 0 L 5
13 1 L 9
14 1 U 13
15 1 U -1
16 0 U 10
17 1 U 16
18 1 U 15
19 0 U 18
20 1 U -1
21 0 U 20
22 0 U 21
23 0 U 22
24 0 U 23
25 0 U -1
26 1 U 25
27 1 L 6
28 1 U 27
29 0 U 28
30 0 U -1
31 1 U 30
32 1 U 31
33
0 0 U -1
1 1 U -1
2 1 U 1
3 1 U 2
4 1 U 3
5 1 U -1
6 1 U 5
7 1 U 6
8 0 U 7
9 1 U 8
10 1 L 6
11 0 U 10
12 0 U 10
13 1 U 12
14 1 U 13
15 1 U -1
16 0 U 10
17 1 U 16
18 0 U 17
19 0 U 18
20 1 U -1
21 0 U 20
22 0 U 21
23 0 U 22
24 0 U 23
25 0 U -1
26 1 U 25
27 1 U 26
28 1 U 27
29 0 U 28
30 0 U -1
31 1 U 30
32 1 U 31
33
0 0 U -1
1 0 U 0
2 1 U 1
3 1 U 2
4 1 U 3
5 1 U -1
6 1 U 5
7 1 U 6
8 0 U 7
9 1 U 8
10 1 L 6
11 0 U 10
12 0 L 5
13 1 U 12
14 1 U 13
15 1 U -1
16 0 U 10
17 1 U 16
18 0 U 17
19 0 U 18
20 1 U -1
21 0 U 20
22 0 U 21
23 0 U 22
24 0 U 23
25 0 U -1
26 1 U 25
27 1 U 26
28 1 U 27
29 0 U 28
30 0 U -1
31 1 U 30
32 1 U 31
33
0 1 U -1
1 0 U 0
2 1 U 1
3 1 U 2
4 1 U 3
5 1 U -1
6 1 U 5
7 1 U 6
8 0 U 7
9 1 U 8
10 1 L 6
11 0 U 10
12 0 L 5
13 1 U 12
14 1 U 13
15 1 U -1
16 0 L 15
17 1 U 3
18 0 U 17
19 0 L 9
20 1 U -1
21 0 U 20
22 0 U 21
23 0 U 22
24 0 U 23
25 0 U -1
26 0 L 18
27 1 U 26
28 1 U 27
29 0 U 28
30 0 U -1
31 1 U 30
32 0 U 1
33
0 0 U -1
1 0 U 0
2 1 U 1
3 1 U 2
4 1 U 3
5 1 U -1
6 1 U 5
7 1 U 6
8 0 U 7
9 1 U 8
10 1 L 6
11 0 U 10
12 0 L 5
13 1 U 12
14 1 U 13
15 1 U -1
16 0 U 10
17 1 U 16
18 0 U 17
19 0 U 18
20 1 U -1
21 0 U 20
22 0 U 21
23 1 U 22
24 0 U 23
25 0 U -1
26 1 L 10
27 1 U 26
28 1 U 27
29 0 U 28
30 0 U -1
31 1 U 30
32 1 U 31
33
0 0 U -1
1 0 U 0
2 1 U 1
3 1 U 2
4 1 U 3
5 1 U -1
6 1 U 5
7 1 L 3
8 0 U 7
9 1 U 8
10 1 L 6
11 0 U 10
12 0 L 5
13 1 U 12
14 1 U 9
15 1 U -1
16 0 U 10
17 1 U 16
18 0 U 17
19 0 U 18
20 1 U -1
21 0 U 20
22 0 L 6
23 0 U 22
24 0 U 23
25 0 U -1
26 1 U 25
27 1 U 26
28 1 U 27
29 0 U 28
30 0 U -1
31 1 U 30
32 1 U 31
33
0 0 U -1
1 0 U 0
2 1 U 1
3 1 U 2
4 1 U 3
5 1 U -1
6 1 U 5
7 1 U 6
8 0 U 7
9 1 L 4
10 1 L 6
11 0 L 6
12 1 U -1
13 1 U 12
14 1 U 13
15 1 U -1
16 0 U 10
17 1 U 16
18 0 U 17
19 0 U 18
20 1 U -1
21 0 U 20
22 0 U 21
23 0 U 22
24 0 U 23
25 0 U -1
26 1 U 25
27 1 U 26
28 1 U 27
29 0 U 28
30 0 U -1
31 1 U 30
32 1 U 31
33
0 0 U -1
1 0 U 0
2 0 L -1
3 1 U 2
4 1 U 3
5 1 U -1
6 1 U 5
7 1 U 6
8 0 U 7
9 1 U 8
10 1 L 6
11 0 U 10
12 0 L 5
13 1 U 12
14 1 U 13
15 1 U -1
16 0 U 10
17 1 U 16
18 0 U 17
19 0 U 18
20 1 U -1
21 0 L 6
22 0 U 21
23 0 U 22
24 0 L 16
25 0 U -1
26 1 U 25
27 1 U 26
28 1 U 27
29 0 U 28
30 0 U -1
31 1 U 30
32 1 U 31
33
0 0 U -1
1 0 L -1
2 1 U 1
3 1 U 2
4 1 U 3
5 1 U -1
6 0 U 0
7 1 U 6
8 0 U 7
9 0 U 8
10 1 L 6
11 0 U 10
12 0 L 5
13 1 U 12
14 1 U 13
15 1 U -1
16 0 U 10
17 1 U 16
18 0 U 17
19 0 U 18
20 1 U 1
21 0 U 20
22 0 U 21
23 0 U 22
24 0 U 23
25 0 U -1
26 1 U 25
27 1 U 26
28 1 U 27
29 0 U 28
30 0 U -1
31 1 U 30
32 1 U 31
33
0 0 U -1
1 0 U 0
2 1 U 1
3 1 U 2
4 0 U 0
5 1 U -1
6 1 U 5
7 1 U 6
8 0 U 7
9 1 U 8
10 1 L 6
11 0 L 5
12 0 L 5
13 1 U 12
14 1 U 13
15 1 U 13
16 0 U 10
17 1 U 16
18 0 U 17
19 0 U 18
20 1 U -1
21 0 U 20
22 0 U 21
23 0 U 22
24 1 U 8
25 0 U -1
26 1 U 25
27 1 U 26
28 1 U 27
29 0 U 28
30 0 U -1
31 1 U 30
32 1 U 31
33
0 0 U -1
1 0 U 0
2 1 U 1
3 1 U 2
4 1 U 3
5 1 L 1
6 1 L 0
7 1 U 6
8 0 U 7
9 1 U 8
10 1 L 6
11 0 U 10
12 0 L 5
13 1 U 12
14 1 L 4
15 1 U -1
16 0 U 10
17 0 U 3
18 0 U 17
19 0 U 18
20 1 U -1
21 1 U 12
22 0 U 21
23 0 U 22
24 0 U 23
25 0 U -1
26 1 U 25
27 1 U 26
28 1 U 27
29 1 U 25
30 0 U -1
31 1 U 30
32 1 U 31
33
0 0 U -1
1 0 U 0
2 1 U 1
3 1 U 2
4 1 U 3
5 1 U -1
6 1 U 5
7 1 U 6
8 0 U 3
9 1 U 8
10 1 L 6
11 1 U 10
12 0 U 1
13 1 U 12
14 1 U 13
15 1 U -1
16 0 U 10
17 1 U 16
18 0 U 17
19 0 U 18
20 1 U -1
21 0 L 11
22 0 U 21
23 0 U 22
24 0 U 23
25 0 U -1
26 1 U 25
27 1 U 26
28 1 U 27
29 0 U 28
30 0 U -1
31 1 U 30
32 1 U 31
33
0 0 U -1
1 0 U 0
2 1 U 1
3 1 U 2
4 1 U 3
5 1 U -1
6 1 U 5
7 1 U 6
8 0 U 7
9 1 U 8
10 1 L 6
11 0 U 10
12 0 L 5
13 1 U 12
14 1 L 9
15 1 U -1
16 1 U 5
17 1 U 16
18 0 U 17
19 0 U 18
20 1 U -1
21 0 U 20
22 0 U 21
23 0 U 22
24 0 U 23
25 0 U -1
26 1 U 25
27 1 U 26
28 1 U 27
29 0 U 28
30 0 U -1
31 1 U 30
32 1 U 31
33
0 0 U -1
1 0 U -1
2 1 U 1
3 1 U 2
4 1 L 0
5 0 L 3
6 1 U 5
7 0 L -1
8 0 U 7
9 1 U 8
10 1 L 6
11 0 U 10
12 0 L 5
13 1 U 12
14 1 U 13
15 0 L 0
16 0 U 10
17 1 U 16
18 0 U 17
19 0 U 18
20 1 U -1
21 0 U 20
22 0 U 21
23 1 U 7
24 0 L 22
25 0 U -1
26 1 U 25
27 1 U 26
28 1 U 27
29 0 U 28
30 0 U -1
31 1 U 30
32 1 U 13
33
0 0 U -1
1 0 U 0
2 1 U 1
3 1 U 2
4 1 U 3
5 1 U -1
6 1 U 5
7 1 U -1
8 0 U 7
9 1 U 8
10 1 U 9
11 0 U 10
12 0 L 5
13 1 U 12
14 1 L 5
15 1 U -1
16 0 L 12
17 1 U 16
18 0 U 17
19 0 U 18
20 1 U -1
21 0 U 20
22 0 U 21
23 0 U 22
24 0 U 23
25 0 U -1
26 1 U 25
27 1 U 26
28 1 U 27
29 0 U 28
30 0 U -1
31 1 U 30
32 1 U 31
33
0 0 U -1
1 0 U 0
2 1 U 1
3 1 U 2
4 1 U 3
5 1 U -1
6 1 U 5
7 0 U -1
8 0 U 7
9 1 U 8
10 1 L 6
11 0 U 10
12 0 L 5
13 1 U 12
14 1 U 13
15 0 L 9
16 1 U 0
17 1 U 16
18 0 U 17
19 0 U 18
20 1 U -1
21 0 U 20
22 0 U 21
23 0 U 22
24 0 U 0
25 0 U -1
26 1 U 25
27 1 U 26
28 1 U 27
29 0 U 28
30 0 L 13
31 1 U 30
32 1 U 31
33
0 0 U -1
1 1 L 0
2 1 U 1
3 1 U 2
4 1 U 3
5 1 U -1
6 1 U 5
7 1 U 6
8 0 U 7
9 1 U 8
10 1 L 6
11 0 U 10
12 0 L 5
13 1 U 12
14 1 U 13
15 1 U -1
16 0 U 10
17 1 U 16
18 0 U 17
19 0 U 18
20 1 U -1
21 0 U 20
22 0 U 21
23 0 U 22
24 0 U 14
25 0 U -1
26 1 U 25
27 1 U 26
28 1 L 5
29 0 U 28
30 0 U -1
31 1 U 30
32 1 U 31
33
0 0 U -1
1 1 L -1
2 1 U 1
3 1 U 2
4 1 U 3
5 1 U -1
6 1 U 5
7 1 U 6
8 0 U 7
9 1 U 8
10 1 L 6
11 0 U 3
12 0 L 5
13 1 U 12
14 1 U 13
15 1 U -1
16 0 U 10
17 1 U 12
18 0 U 17
19 0 U 18
20 1 U -1
21 0 U 20
22 0 U 21
23 0 U 22
24 0 U 23
25 0 U -1
26 1 U 25
27 1 U 26
28 1 U 27
29 0 U 28
30 0 U -1
31 1 U 30
32 1 U 31
33
0 0 U -1
1 0 U 0
2 1 U 1
3 1 U 2
4 1 U 3
5 1 U -1
6 1 U 5
7 1 U 6
8 0 U 7
9 1 U 8
10 1 L 6
11 0 U 10
12 0 L 5
13 1 U 12
14 1 U 13
15 1 U -1
16 0 L 14
17 0 L 15
18 0 U 17
19 0 U 18
20 1 U -1
21 0 U 20
22 0 U 21
23 0 U 22
24 0 U 23
25 0 U -1
26 1 U 25
27 1 U 26
28 1 U 27
29 1 L 19
30 0 U -1
31 1 U 30
32 1 U 31
33
0 0 U -1
1 0 U 0
2 1 U 1
3 1 U 2
4 1 U 3
5 1 U -1
6 1 U 5
7 1 U 6
8 0 U 7
9 1 U 8
10 1 L 6
11 0 U 10
12 0 L 2
13 1 U 12
14 1 U 13
15 1 U -1
16 0 U 10
17 0 L 16
18 0 U 17
19 0 U 18
20 1 U -1
21 0 U 20
22 0 U 21
23 0 L 18
24 0 U 23
25 0 U -1
26 1 U 25
27 1 U 26
28 1 U 27
29 0 U 28
30 0 U -1
31 1 U 30
32 1 U 31
33
0 1 U -1
1 0 U 0
2 1 U 1
3 1 U 2
4 1 U 3
5 1 U -1
6 1 U 5
7 1 U 6
8 0 U 7
9 1 U 8
10 1 L 6
11 1 U -1
12 0 L 5
13 1 U 12
14 1 U 13
15 1 U -1
16 0 L 7
17 1 U 16
18 0 U 17
19 0 U 18
20 1 L 2
21 0 U 20
22 0 U 21
23 0 U 22
24 0 U 23
25 0 U -1
26 1 U 25
27 1 U 26
28 1 U 27
29 0 U 28
30 0 U -1
31 1 L 26
32 1 U 31
33
0 1 L -1
1 0 L -1
2 1 L 0
3 1 U 2
4 1 U 3
5 1 U -1
6 1 U 5
7 1 U 6
8 0 U 7
9 1 U 1
10 1 L 6
11 0 U 10
12 0 L 5
13 0 U 3
14 1 U 13
15 0 U 4
16 0 U 10
17 1 U 16
18 0 U 17
19 0 U 18
20 1 U -1
21 0 U 20
22 0 U 21
23 0 U 22
24 0 U 23
25 0 U -1
26 0 L 17
27 1 U 26
28 1 U 27
29 0 U 28
30 0 U -1
31 1 U 30
32 1 U 31
33
0 0 L -1
1 0 U -1
2 1 U 1
3 1 U 2
4 1 U 3
5 0 L 3
6 1 U 1
7 1 U 6
8 0 U 7
9 1 U 8
10 1 L 6
11 0 U 10
12 0 L 5
13 1 U 12
14 1 U 13
15 1 U -1
16 0 U 10
17 1 U 16
18 0 U 17
19 0 U 18
20 1 U -1
21 0 U 20
22 0 U 21
23 0 U 22
24 0 U 23
25 0 U -1
26 1 U 25
27 0 L 10
28 1 L 9
29 0 U 28
30 0 U -1
31 1 U 30
32 1 U 31
33
0 0 U -1
1 0 U 0
2 1 U 1
3 1 U 2
4 1 U 3
5 1 U -1
6 1 U 5
7 1 U 6
8 0 U 7
9 1 U 8
10 1 L 6
11 0 U 10
12 0 L 5
13 1 U 12
14 1 U 13
15 1 U -1
16 0 U 10
17 1 U 16
18 0 U 17
19 0 U 18
20 1 U -1
21 0 U 20
22 0 U 21
23 0 U 22
24 1 U -1
25 0 U -1
26 1 U 25
27 1 U 26
28 1 U 27
29 1 U 5
30 0 U -1
31 1 U 30
32 1 U 31
33
0 0 U -1
1 0 U 0
2 1 U 1
3 1 U 2
4 1 U 3
5 1 U -1
6 1 U 5
7 1 U 6
8 0 U 7
9 1 U 8
10 1 L 6
11 0 U 10
12 0 L 5
13 1 U 12
14 1 U 13
15 1 U -1
16 0 U 10
17 1 U 16
18 0 U 17
19 0 U 18
20 1 U -1
21 0 U 20
22 0 U 21
23 0 U 22
24 0 U 23
25 0 U -1
26 1 U 25
27 1 U 26
28 1 U 27
29 0 U 28
30 0 U -1
31 1 U 30
32 1 U 31
33
0 0 U -1
1 0 U 0
2 1 U 1
3 1 U 2
4 1 U -1
5 1 U -1
6 1 U 5
7 1 U 6
8 0 U 7
9 1 U 8
10 1 L 6
11 0 U 10
12 0 L 5
13 1 U 12
14 1 U 13
15 1 U -1
16 0 U 10
17 1 U 16
18 0 U 17
19 0 U 18
20 1 U -1
21 0 U 20
22 0 U 21
23 0 U 22
24 0 U 23
25 0 U -1
26 1 U 25
27 1 L -1
28 1 U 27
29 0 U 28
30 1 L 17
31 1 U 30
32 1 L 28
33
0 0 U -1
1 0 L -1
2 0 L -1
3 1 U 2
4 1 U 3
5 1 U -1
6 1 U 5
7 1 U 6
8 0 U 7
9 1 U 8
10 1 L 6
11 1 L 2
12 0 L 5
13 1 U 12
14 1 U 13
15 1 U -1
16 0 U 6
17 1 L 8
18 0 U 17
19 0 U 18
20 1 U -1
21 0 L 5
22 0 U 21
23 0 U 22
24 1 L 1
25 0 U -1
26 1 U 25
27 1 U 26
28 1 U 27
29 0 U 28
30 0 U -1
31 1 U 8
32 1 L 3
33
0 1 U -1
1 0 U 0
2 1 U 1
3 1 U 2
4 1 U 3
5 1 U -1
6 1 U 5
7 1 U 6
8 0 U 7
9 1 U 8
10 1 L 6
11 0 U 10
12 0 L 5
13 1 U 12
14 1 U 13
15 1 U -1
16 0 U 10
17 1 U 16
18 0 U 13
19 0 U 18
20 1 U -1
21 1 L 9
22 0 U 21
23 0 U 22
24 0 U 23
25 0 U -1
26 1 U 25
27 1 U 26
28 1 U 27
29 0 U 28
30 0 U -1
31 1 U 30
32 1 U -1
33
0 0 L -1
1 0 U 0
2 1 U 1
3 1 U 2
4 1 U 3
5 1 U -1
6 1 U 5
7 1 U 6
8 0 U 7
9 1 U 8
10 1 L 6
11 0 U 10
12 0 L 5
13 1 U 12
14 1 U 13
15 1 U -1
16 0 U 10
17 1 U 16
18 0 U 17
19 0 U 18
20 1 U -1
21 0 U 20
22 0 U 21
23 0 U 22
24 0 U 14
25 0 U -1
26 1 U 25
27 1 U 26
28 0 U 16
29 0 U 28
30 0 U -1
31 1 U 5
32 1 L 29
33
0 0 U -1
1 0 U 0
2 1 U 1
3 1 L 2
4 1 U 3
5 1 U -1
6 1 U 5
7 1 U 6
8 0 U 7
9 1 U 8
10 1 L 6
11 0 U 10
12 1 L 11
13 1 U 12
14 1 U 13
15 1 U -1
16 0 U 10
17 1 U 16
18 1 L 5
19 0 U 18
20 1 U -1
21 0 U 20
22 0 U 21
23 0 L 20
24 0 U 23
25 0 U -1
26 1 U 25
27 1 U 26
28 1 U 27
29 0 U 28
30 0 U -1
31 1 U 30
32 1 U 31
33
0 0 U -1
1 0 U 0
2 1 U 1
3 1 U 2
4 1 U 3
5 1 U -1
6 1 U 5
7 1 U 6
8 0 U 7
9 1 U 8
10 1 L 6
11 0 U 10
12 0 L 5
13 1 U 12
14 1 U 13
15 1 U -1
16 0 U 10
17 1 U 16
18 0 U 17
19 0 U 18
20 1 U -1
21 0 U 20
22 0 U 2
23 0 U 22
24 0 U 23
25 0 U -1
26 1 U 25
27 1 U 26
28 1 U 27
29 0 U 28
30 0 U -1
31 1 U 30
32 1 U 31
33
0 0 U -1
1 0 U 0
2 1 U 1
3 1 U 2
4 1 U 3
5 1 U 4
6 1 U 5
7 1 U 6
8 0 U 7
9 1 U 8
10 1 L 6
11 0 U 10
12 0 L 5
13 1 U 12
14 1 U 13
15 1 U -1
16 0 U 10
17 1 U 16
18 0 U 17
19 1 L 16
20 1 L 8
21 0 U 20
22 0 U 21
23 0 U 22
24 0 U 23
25 0 U -1
26 1 U 25
27 1 U 26
28 1 U 27
29 0 U 28
30 0 U -1
31 1 U 30
32 1 U 31
33
0 0 U -1
1 0 U 0
2 1 U 1
3 1 U 2
4 1 U 3
5 1 U -1
6 0 U 0
7 1 U 6
8 1 L 2
9 1 U 8
10 1 L 6
11 0 U 10
12 0 L 5
13 1 U 12
14 1 U 13
15 1 U -1
16 0 U 10
17 1 L 6
18 0 U 17
19 0 U 18
20 1 U -1
21 0 U 20
22 0 U 21
23 0 U 22
24 0 U 23
25 0 U -1
26 1 U 25
27 1 U 26
28 1 U 27
29 0 U 28
30 0 U -1
31 1 U 30
32 1 U 31
33
0 0 U -1
1 0 U 0
2 1 L 1
3 1 U 1
4 1 U 3
5 1 U -1
6 1 U 5
7 1 U 6
8 0 U 7
9 1 U 8
10 1 L 6
11 0 U 10
12 0 L 5
13 1 U 12
14 1 U 13
15 1 U -1
16 0 U 10
17 1 U 16
18 0 U 17
19 0 U 18
20 1 U -1
21 0 U 20
22 0 U 21
23 0 U 22
24 0 U 23
25 0 U -1
26 1 U 25
27 1 U 26
28 1 U 27
29 0 U 28
30 0 U -1
31 1 U 30
32 1 U 31
33
0 0 U -1
1 0 U 0
2 1 U 1
3 1 U 2
4 1 U 3
5 1 U -1
6 0 U -1
7 1 U 6
8 0 U 7
9 1 L 0
10 1 L 6
11 1 U 7
12 0 L 5
13 1 U 12
14 1 U 13
15 1 U -1
16 0 U 10
17 1 U 16
18 0 U 17
19 0 U 18
20 1 U -1
21 0 U 20
22 0 U 21
23 0 U 22
24 0 U 23
25 0 U -1
26 1 U 25
27 1 U 26
28 1 U 27
29 0 U 28
30 0 U -1
31 1 U 30
32 1 U 31
33
0 0 U -1
1 0 U 0
2 1 U 1
3 1 U 2
4 1 U 3
5 1 U -1
6 1 U 5
7 1 U 6
8 0 U 7
9 1 U 8
10 1 L 6
11 0 U 10
12 0 L 5
13 1 U 12
14 1 U 13
15 1 U -1
16 0 U 10
17 1 U 16
18 0 U 17
19 0 U 18
20 1 U -1
21 0 U 20
22 0 U 21
23 1 L 18
24 0 U 23
25 0 U -1
26 1 U 25
27 1 U 26
28 1 U 27
29 0 U 28
30 0 U -1
31 1 U 30
32 1 U 31
33
0 0 U -1
1 0 U 0
2 1 U 1
3 1 U 2
4 1 U 3
5 1 U -1
6 1 U 5
7 1 U 6
8 0 U 7
9 1 U 8
10 1 L 6
11 0 U 10
12 0 L 5
13 1 U 12
14 1 U 13
15 1 U -1
16 0 U 10
17 1 U 16
18 1 U 4
19 0 U 18
20 0 L 8
21 0 U 8
22 0 U 21
23 0 U 22
24 0 U 15
25 0 U -1
26 1 U 25
27 1 U 26
28 1 U 27
29 0 U 28
30 0 U -1
31 1 U 30
32 1 U 31
33
0 0 U -1
1 0 U 0
2 1 U 1
3 1 U 2
4 1 U 3
5 1 U -1
6 1 U 5
7 1 U 6
8 0 U 7
9 1 U 8
10 1 L 6
11 0 U 10
12 0 L 5
13 1 U 12
14 1 U 13
15 1 U -1
16 0 U 10
17 1 U 16
18 0 U 17
19 0 U 18
20 1 U -1
21 0 U 20
22 0 U 21
23 0 U 22
24 0 U 23
25 0 U -1
26 1 U 25
27 1 U 26
28 1 U 27
29 0 U 28
30 0 U -1
31 1 U 30
32 1 U 31
33
0 0 U -1
1 1 L 0
2 0 U 0
3 1 U 2
4 1 U 3
5 1 U -1
6 1 U 5
7 1 U 6
8 0 U 7
9 1 U 8
10 1 L 6
11 0 U 10
12 0 L 5
13 1 U 12
14 1 U 13
15 0 L 0
16 0 U 10
17 1 U 12
18 0 U 17
19 0 U 18
20 1 U -1
21 0 U 20
22 1 U 20
23 0 U 22
24 0 U 23
25 0 U -1
26 1 U 25
27 1 U 26
28 1 U 27
29 0 U 28
30 0 U -1
31 1 U 30
32 1 U 31
33
0 1 U -1
1 0 U 0
2 1 U 1
3 1 U 2
4 1 U 3
5 0 L 0
6 1 U 5
7 1 U 6
8 0 U 7
9 1 U 8
10 0 L 5
11 0 U 10
12 0 L 5
13 1 U 12
14 1 L 4
15 1 U -1
16 1 L 6
17 1 U 16
18 0 U 17
19 0 U 18
20 1 U -1
21 0 U 20
22 0 U 21
23 0 U 22
24 0 U 23
25 0 U -1
26 1 U 25
27 1 U 26
28 1 L 5
29 0 U 28
30 0 U -1
31 1 U 30
32 1 U 31
33
0 0 U -1
1 0 U 0
2 1 U 1
3 1 U 2
4 1 U 3
5 1 U -1
6 1 U 5
7 1 U 6
8 0 U 7
9 0 L 4
10 1 L 6
11 0 U 10
12 0 L 0
13 1 U 12
14 1 U 13
15 1 U -1
16 0 U 10
17 1 U 16
18 1 L 14
19 0 U 18
20 1 U -1
21 0 U 20
22 0 U 21
23 0 U 22
24 0 U 23
25 0 U -1
26 1 U 25
27 1 U 26
28 1 U 27
29 0 U 28
30 0 U -1
31 1 U 30
32 1 U 31
33
0 0 U -1
1 0 L -1
2 1 L -1
3 1 U 2
4 1 U 3
5 0 U 3
6 1 U 2
7 0 L 0
8 0 U 7
9 0 U 6
10 1 L 6
11 0 U 10
12 0 L 5
13 1 U 12
14 1 U 13
15 1 U -1
16 0 U 10
17 1 U 16
18 0 U 17
19 0 U 18
20 1 U -1
21 0 U 20
22 0 U 21
23 0 U 3
24 0 U 23
25 0 U -1
26 1 U 25
27 1 U 26
28 1 U 27
29 0 U 28
30 0 U 18
31 1 U 30
32 1 U 31
33
0 0 U -1
1 0 U 0
2 1 U 1
3 1 U 2
4 1 U 3
5 1 U -1
6 0 U 1
7 1 U 6
8 0 U 7
9 1 U 8
10 1 L 6
11 0 U 10
12 0 L 5
13 1 U 12
14 0 U 11
15 1 U -1
16 0 U 10
17 1 U 16
18 0 U 17
19 0 U 18
20 1 U -1
21 0 U 20
22 0 U 21
23 0 U 22
24 0 U 23
25 0 U -1
26 1 U 25
27 1 U 26
28 0 L 7
29 0 U 28
30 0 U -1
31 1 U 30
32 1 U 31
33
0 0 U -1
1 0 U 0
2 0 U 0
3 1 U 2
4 1 U 3
5 1 U -1
6 1 U 5
7 1 U 6
8 0 U 7
9 1 U 8
10 1 L 6
11 0 U 10
12 0 L 5
13 1 U 12
14 1 U 13
15 1 U -1
16 0 U 10
17 1 U 16
18 1 U 8
19 0 U 18
20 1 U -1
21 0 U 20
22 1 U 7
23 0 U 22
24 0 U 23
25 0 U -1
26 1 U 25
27 0 U 23
28 1 U 27
29 0 U 28
30 0 U -1
31 1 U 30
32 1 U 31
33
0 1 L -1
1 0 U 0
2 1 U 1
3 1 U 2
4 1 U 2
5 1 U -1
6 1 U 5
7 1 U 6
8 0 U 7
9 1 L 5
10 1 L 6
11 0 U 10
12 0 L 5
13 0 L 11
14 1 U 13
15 1 U -1
16 0 U 10
17 1 U 16
18 0 U 17
19 0 U 18
20 1 U -1
21 0 U 20
22 0 U 21
23 0 U 22
24 0 U 23
25 1 L 23
26 1 U 25
27 1 U 26
28 1 U 27
29 0 U 28
30 0 U -1
31 1 U 30
32 1 U 31
33
0 0 U -1
1 0 U 0
2 1 U 1
3 1 U 1
4 1 U 3
5 1 U -1
6 1 U 5
7 1 U 6
8 0 U 7
9 1 U 8
10 1 L 6
11 0 U 9
12 0 L 5
13 1 U 12
14 1 U 13
15 1 U -1
16 0 U 10
17 1 U 16
18 0 U 17
19 0 U 18
20 1 U -1
21 0 U 20
22 0 U 21
23 0 U 22
24 0 U 23
25 0 U -1
26 1 U 25
27 1 U 26
28 1 U 27
29 0 U 28
30 0 U -1
31 1 U 30
32 1 U 31
33
0 0 U -1
1 0 U 0
2 1 U 1
3 1 U 2
4 1 U 3
5 1 U -1
6 1 U 5
7 1 U 6
8 0 U 7
9 1 U 8
10 1 L 6
11 0 U 10
12 0 L 5
13 1 U 12
14 1 U 13
15 1 U -1
16 1 L 7
17 1 U 16
18 0 U 17
19 1 L 9
20 1 U -1
21 0 U 20
22 0 U 21
23 0 U 22
24 0 U 23
25 0 U 5
26 1 U 25
27 1 U 26
28 1 U 27
29 0 U 28
30 0 U -1
31 1 U 30
32 1 U 31
33
0 0 U -1
1 0 U 0
2 1 U 1
3 1 U 2
4 1 U 3
5 1 U 2
6 1 U 5
7 1 U 6
8 0 U 7
9 1 U 0
10 1 L 6
11 0 U 10
12 0 L 5
13 1 U 12
14 1 U 13
15 1 U -1
16 0 U 10
17 1 U 16
18 0 U 17
19 1 L 7
20 1 U -1
21 0 U 20
22 0 U 21
23 0 U 22
24 0 U 23
25 0 U -1
26 1 U 25
27 1 U 26
28 1 U 27
29 0 U 28
30 0 U -1
31 1 U 30
32 1 U 31
33
0 0 U -1
1 0 L 0
2 1 U 1
3 1 U 2
4 1 U 3
5 1 U -1
6 1 U 5
7 1 U 0
8 0 U 7
9 1 U 8
10 1 L 6
11 0 U 10
12 0 L 5
13 1 U 12
14 1 U 13
15 1 U -1
16 0 U 10
17 1 U 16
18 0 U 17
19 0 U 18
20 1 U -1
21 0 U 10
22 0 U 21
23 0 U 16
24 0 U 23
25 0 L 10
26 1 U 25
27 0 L -1
28 1 U 27
29 0 U 28
30 0 U -1
31 1 U 30
32 1 U 31
33
0 0 U -1
1 0 U 0
2 1 U 1
3 1 U 2
4 1 U 3
5 1 U -1
6 1 U 5
7 1 U 6
8 0 U 7
9 1 U 8
10 1 L 6
11 0 U 10
12 0 L 5
13 1 U 12
14 1 U 13
15 1 U -1
16 0 U 10
17 1 U 16
18 0 L 8
19 0 U 18
20 1 U -1
21 0 U 20
22 0 U 21
23 0 U 22
24 0 U 23
25 0 U -1
26 1 U 25
27 1 U 26
28 1 U 27
29 0 U 28
30 0 L 8
31 1 U 30
32 1 L 16
33
0 0 U -1
1 0 U 0
2 1 U 1
3 1 U 2
4 1 U 3
5 1 U -1
6 1 U 5
7 1 U 6
8 0 U 7
9 1 U 8
10 1 L 6
11 0 U 10
12 0 L 5
13 1 U 12
14 1 U 13
15 1 U -1
16 0 U 10
17 1 U 16
18 0 U 17
19 0 U 18
20 1 U -1
21 0 U 20
22 0 U 21
23 0 L 4
24 0 U 23
25 0 U -1
26 1 U 25
27 1 U 26
28 1 U 27
29 0 L 15
30 0 U -1
31 1 U 30
32 1 U 31
33
0 0 U -1
1 0 U 0
2 1 U 1
3 1 U 2
4 1 U 3
5 0 U 4
6 1 U 5
7 1 U 6
8 0 U 7
9 1 U 8
10 1 L 6
11 0 U 10
12 0 L 5
13 1 U 12
14 1 U 13
15 1 U -1
16 0 U 10
17 1 U 16
18 0 U 17
19 0 U 18
20 1 U -1
21 0 U 20
22 0 U 21
23 0 U 22
24 0 U 23
25 0 U -1
26 1 U 25
27 1 U 26
28 1 U 27
29 0 U 28
30 0 U -1
31 1 U 30
32 1 L 11
33
0 0 L -1
1 0 U 0
2 1 U 1
3 1 U 2
4 1 U 3
5 1 U -1
6 1 U 5
7 1 U 6
8 0 U 7
9 1 U 8
10 1 U 4
11 0 U 10
12 1 U 7
13 1 U 12
14 1 U 13
15 1 U -1
16 0 U 10
17 1 U 16
18 0 U 17
19 0 U 18
20 1 U -1
21 0 U 20
22 0 U 21
23 0 U 22
24 0 U 23
25 0 U -1
26 1 U 25
27 1 U 26
28 1 U 27
29 0 U 28
30 0 U -1
31 1 U 30
32 1 U 31
33
0 0 U -1
1 0 U 0
2 1 U 0
3 1 U -1
4 1 U 3
5 1 U -1
6 1 U 5
7 1 U 6
8 0 U 7
9 1 U 8
10 1 L 4
11 0 U 10
12 0 L 5
13 1 U 12
14 1 U 13
15 1 U -1
16 0 U 10
17 1 U 16
18 0 U 17
19 0 U 18
20 1 U -1
21 0 U 20
22 0 U 21
23 0 U 22
24 0 U 23
25 0 U -1
26 1 U 25
27 1 U 26
28 1 U 27
29 0 U 28
30 0 U -1
31 1 U 30
32 0 U 30
33
0 0 L -1
1 0 U 0
2 1 U 1
3 1 U 2
4 1 U 3
5 1 U -1
6 1 U 5
7 1 U 6
8 1 L 2
9 1 U 8
10 1 L 6
11 0 U 10
12 0 L 5
13 1 U 12
14 1 U 13
15 1 L 7
16 0 U 10
17 1 U 8
18 0 U 17
19 0 U 7
20 1 U -1
21 0 U 20
22 0 U 21
23 0 U 22
24 0 U 23
25 1 L 24
26 1 U 25
27 0 U 4
28 1 U 27
29 0 U 28
30 0 U -1
31 1 U 30
32 1 U 31
33
0 0 U -1
1 0 U 0
2 1 U 1
3 0 L -1
4 1 U 3
5 1 U -1
6 1 U 5
7 1 U 6
8 0 L 7
9 1 U 8
10 1 L 6
11 0 U 10
12 1 U 9
13 1 U 12
14 1 U 13
15 1 U -1
16 0 U 10
17 1 U 16
18 0 U 17
19 0 L 10
20 0 L 7
21 0 U 20
22 0 U 21
23 0 U 22
24 0 U 23
25 0 U -1
26 1 U 25
27 0 L 21
28 0 L 22
29 0 U 28
30 0 U -1
31 1 U 30
32 1 U 31
33
0 0 U -1
1 0 U 0
2 1 L 1
3 1 U 2
4 1 U 3
5 1 L 4
6 1 U 5
7 1 U 6
8 0 U 7
9 1 U 8
10 1 L 6
11 0 U 10
12 0 L 5
13 1 U 12
14 1 U 13
15 1 U -1
16 0 U 10
17 1 U 16
18 1 U 5
19 0 U 18
20 1 U -1
21 0 U 20
22 0 U 21
23 0 U 22
24 0 U 23
25 0 U -1
26 1 U 25
27 1 U 26
28 1 U 27
29 0 U 28
30 1 L 25
31 1 U 30
32 1 U 2
33
0 0 U -1
1 0 U 0
2 1 U 1
3 1 U 2
4 1 U 3
5 1 U -1
6 1 U 5
7 1 U 6
8 0 U 7
9 1 U 8
10 1 L 6
11 0 U 10
12 0 L 5
13 1 U 12
14 1 U 13
15 1 U -1
16 0 U 10
17 1 U 16
18 0 U 12
19 0 U 18
20 1 U -1
21 0 U 20
22 0 U 21
23 0 L 4
24 0 U 23
25 0 U -1
26 1 U 25
27 1 U 26
28 0 U 6
29 0 U 28
30 0 U -1
31 1 U 30
32 1 U 31
33
0 0 U -1
1 0 U 0
2 1 U 1
3 1 U 2
4 1 U 3
5 1 U -1
6 0 U 5
7 1 U 6
8 0 U 7
9 1 U 8
10 1 L 6
11 0 U 10
12 0 L 5
13 1 U 12
14 1 U 13
15 1 U -1
16 0 U 10
17 1 U 16
18 0 U 17
19 0 U 18
20 1 U -1
21 0 U 20
22 0 U 21
23 0 U 22
24 0 U 23
25 1 U 22
26 1 U 25
27 1 U 26
28 1 U 27
29 0 U 28
30 0 L 3
31 1 U 30
32 0 U 30
33
0 0 U -1
1 0 U 0
2 1 U 1
3 1 U 2
4 1 U 3
5 1 U -1
6 1 U 5
7 1 U 6
8 0 U 7
9 1 U 8
10 1 L 4
11 0 U 10
12 0 L 5
13 1 U 12
14 1 U 13
15 1 U -1
16 0 U 10
17 1 U 16
18 0 U 17
19 0 U 18
20 0 U 2
21 0 U 20
22 0 U 21
23 0 L 19
24 0 U 23
25 0 U -1
26 1 U 25
27 1 U 26
28 1 U 27
29 0 U 28
30 0 U -1
31 1 U 30
32 1 U 31
33
0 0 U -1
1 0 L 0
2 1 U 1
3 0 L 0
4 1 U 3
5 1 U -1
6 1 L -1
7 1 U 6
8 0 U 7
9 1 U 8
10 1 U 2
11 0 U 10
12 0 L 5
13 1 U 12
14 1 U 13
15 0 L 9
16 0 U 10
17 1 U 16
18 0 U 17
19 1 U 11
20 1 U -1
21 0 U 20
22 0 U 21
23 0 U 22
24 0 U 23
25 0 U -1
26 1 U 25
27 1 U 26
28 1 U 27
29 0 U 28
30 0 U -1
31 0 U 0
32 1 U 31
33
0 0 U -1
1 0 U 0
2 1 U 1
3 1 U 2
4 1 U 3
5 1 U -1
6 1 U 5
7 1 U 6
8 0 U 7
9 1 U 8
10 1 L 6
11 0 U 10
12 0 L 5
13 1 U 12
14 1 L 3
15 1 U -1
16 0 U 10
17 1 U 16
18 0 U 17
19 0 U 18
20 1 U -1
21 0 U 20
22 0 U 21
23 0 U 0
24 0 U 23
25 0 U -1
26 1 U 25
27 1 U 26
28 1 U 27
29 0 U 28
30 0 U -1
31 1 U 30
32 1 U 31
33
0 0 U -1
1 0 U 0
2 1 U 1
3 1 U 2
4 1 U 3
5 1 U -1
6 1 U 5
7 1 U 6
8 0 U 7
9 1 U 8
10 1 L 6
11 0 U 10
12 0 L 5
13 0 U 1
14 1 U 13
15 1 U -1
16 0 U 10
17 1 U 16
18 0 U 17
19 0 L 3
20 1 U -1
21 0 U 20
22 0 U 21
23 0 U 22
24 0 U 23
25 0 U -1
26 1 U 25
27 1 U 26
28 1 U 27
29 0 U 28
30 0 U -1
31 1 U 30
32 1 U 31
33
0 0 U -1
1 0 U 0
2 1 U 1
3 1 U 2
4 1 U 3
5 0 L 4
6 1 U 5
7 1 U 6
8 0 U 7
9 1 U 8
10 1 L 6
11 0 U 10
12 0 L 5
13 1 U 12
14 1 U 13
15 1 U -1
16 0 U 10
17 1 U 16
18 0 U 17
19 0 U 18
20 1 U -1
21 0 U 20
22 0 U 21
23 0 U 22
24 0 U 23
25 0 U -1
26 0 U 25
27 1 U 26
28 1 U 27
29 0 U 28
30 0 U -1
31 1 U 30
32 1 U 31
33
0 0 U -1
1 0 U 0
2 1 U 1
3 1 U 2
4 1 U 3
5 1 U -1
6 1 U 5
7 1 U 6
8 0 U 7
9 1 U 8
10 1 L 6
11 0 U 10
12 0 L 5
13 1 U 12
14 1 U 13
15 1 U -1
16 0 U 10
17 0 L 15
18 0 U 17
19 0 U 18
20 1 U -1
21 0 U 20
22 0 U 21
23 0 U 22
24 0 U 23
25 0 U -1
26 1 U 25
27 1 U 26
28 1 U 27
29 0 U 28
30 0 U -1
31 1 U 30
32 1 U 31
33
0 0 U -1
1 0 U 0
2 1 U 1
3 1 U 2
4 1 U 3
5 1 U -1
6 1 U 5
7 1 U 6
8 0 U 7
9 1 U 8
10 1 L 6
11 0 U 10
12 0 L 5
13 1 U 12
14 1 U 13
15 1 U -1
16 0 U 10
17 1 U 16
18 0 U 17
19 0 U 18
20 1 U -1
21 0 U 20
22 0 U 21
23 0 U 22
24 0 U 23
25 0 U -1
26 1 U 25
27 1 U 26
28 1 U 27
29 0 U 28
30 0 U -1
31 1 U 30
32 1 U 31
33
0 0 U -1
1 0 U 0
2 1 U 1
3 1 U 2
4 1 U 3
5 1 U -1
6 1 U 5
7 0 L 6
8 0 U 7
9 1 U 8
10 1 L 6
11 0 U 10
12 0 L 5
13 1 L 11
14 1 U 10
15 1 U -1
16 1 L 14
17 1 U 16
18 0 U 17
19 0 U 12
20 1 U -1
21 0 U 20
22 0 U 21
23 0 U 22
24 0 U 23
25 0 U -1
26 1 U 25
27 1 U 26
28 1 U 27
29 0 U 28
30 0 U -1
31 0 L 3
32 1 U 31
33
0 0 U -1
1 0 U 0
2 1 U 1
3 1 U 2
4 1 U 3
5 0 U 0
6 1 U 5
7 1 U 6
8 0 U 7
9 0 L 7
10 1 L 6
11 0 U 10
12 0 L 5
13 1 U 12
14 1 U 13
15 1 U -1
16 0 U 10
17 1 U 16
18 0 U 17
19 0 U 18
20 1 U -1
21 0 U 20
22 0 U 21
23 0 U 22
24 1 U 9
25 0 U -1
26 1 U 25
27 1 U 26
28 1 U 27
29 0 U 28
30 0 U -1
31 1 U 30
32 1 U 31
33
0 0 U -1
1 0 U 0
2 1 U 1
3 1 U 2
4 0 L 0
5 0 L 4
6 1 U 5
7 1 U 6
8 0 U 7
9 1 U 8
10 1 L 6
11 0 U 10
12 0 L 5
13 1 U 12
14 0 U 2
15 1 U -1
16 1 L 1
17 1 U 16
18 1 L 16
19 0 U 18
20 1 U -1
21 0 U 20
22 0 U 21
23 0 U 22
24 0 U 23
25 1 L 0
26 1 U 25
27 1 U 26
28 1 U 27
29 0 U 28
30 0 U -1
31 1 U 30
32 1 U 31
33
0 0 U -1
1 0 U 0
2 1 U 1
3 1 U 2
4 1 U 3
5 1 U -1
6 1 U 5
7 1 U 6
8 0 U 7
9 1 U 8
10 1 L 3
11 0 U 10
12 0 L 5
13 1 U 12
14 1 U 13
15 1 U -1
16 0 U 10
17 1 U 16
18 0 U 17
19 0 U 18
20 1 U -1
21 0 U 20
22 0 U 21
23 0 U 22
24 0 U 23
25 0 U -1
26 1 U 25
27 1 U 26
28 1 U 27
29 0 U 28
30 0 U -1
31 1 U 30
32 1 U 31
33
0 0 U -1
1 0 U 0
2 1 U 1
3 1 U 2
4 1 U 3
5 1 U -1
6 1 U 5
7 1 U 6
8 0 U 7
9 1 U 8
10 1 L 6
11 0 U 10
12 0 L 5
13 1 U 12
14 1 U 13
15 1 U -1
16 0 U 10
17 1 U 16
18 0 U 17
19 0 U 18
20 1 U -1
21 0 U 20
22 0 U 21
23 0 U 22
24 0 U 23
25 0 U -1
26 1 U 25
27 1 U 26
28 1 U 27
29 0 U 28
30 0 U -1
31 1 U 30
32 1 U 31
33
0 0 U -1
1 0 U 0
2 1 U 1
3 1 U 2
4 1 U 3
5 1 U -1
6 1 U 5
7 1 U 1
8 0 U 7
9 1 U 8
10 1 L 6
11 0 U 10
12 0 L 5
13 1 U 12
14 1 U 13
15 1 U -1
16 0 U 10
17 1 U 16
18 0 U 17
19 0 U 18
20 0 U 1
21 0 U 20
22 0 U 21
23 0 U 22
24 0 U 23
25 0 U -1
26 0 L 23
27 1 U 26
28 1 U 27
29 0 U 28
30 0 U -1
31 1 U 30
32 1 U 31
33
0 0 U -1
1 0 U 0
2 1 U 1
3 1 U 2
4 1 U 3
5 1 U -1
6 1 U 5
7 1 U 6
8 0 U 7
9 1 U 8
10 0 L 5
11 0 U 10
12 0 L 5
13 1 U 12
14 1 U 13
15 1 U -1
16 0 U 10
17 0 L 5
18 0 U 17
19 0 U 18
20 1 U -1
21 0 U 20
22 0 U 21
23 0 U 22
24 0 U 23
25 0 U -1
26 1 U 25
27 1 U 26
28 1 U 27
29 0 U 28
30 0 U -1
31 1 U 30
32 1 U 31
33
0 0 U -1
1 0 U 0
2 1 U 1
3 1 U 2
4 1 U 3
5 1 U -1
6 1 U 5
7 1 U 6
8 0 U 7
9 1 U 8
10 1 L 6
11 0 U 10
12 0 L 5
13 1 U 12
14 1 U 13
15 1 U -1
16 0 U 10
17 0 L 16
18 0 U 17
19 0 U 18
20 1 L 8
21 0 U 20
22 0 U 21
23 0 U 22
24 0 U 23
25 0 U -1
26 1 U 25
27 1 U 26
28 1 U 27
29 0 U 28
30 1 L -1
31 1 U 30
32 1 U 31
33
0 0 U -1
1 0 U 0
2 1 U 1
3 1 U 2
4 1 U 3
5 1 U -1
6 1 U 5
7 1 U 6
8 0 U 7
9 1 U 8
10 1 L 6
11 0 U 10
12 0 L 5
13 1 U 12
14 1 U 13
15 1 U -1
16 0 U 10
17 1 U 16
18 0 U 17
19 0 U 18
20 1 U -1
21 0 U 20
22 0 U 21
23 0 U 22
24 0 U 23
25 0 U -1
26 1 U 25
27 1 U 26
28 1 U 27
29 0 U 28
30 0 U -1
31 1 U 30
32 1 U 31
33
0 0 U -1
1 0 U 0
2 1 U 1
3 1 L 1
4 0 U 1
5 1 U -1
6 1 U 5
7 1 U 6
8 0 U 7
9 1 U 8
10 1 L 6
11 0 U 10
12 1 U 4
13 1 U 12
14 0 L 0
15 1 U -1
16 0 U 10
17 1 U 16
18 1 U 8
19 0 U 18
20 1 U -1
21 0 U 20
22 0 U 21
23 0 U 22
24 0 L 0
25 0 U -1
26 1 U 25
27 1 U 26
28 1 U 27
29 0 U 28
30 0 U -1
31 1 U 30
32 1 U 31
33
0 0 U -1
1 0 U 0
2 1 U 1
3 1 U 2
4 1 U 3
5 1 U -1
6 1 L -1
7 1 U 6
8 0 U 7
9 1 U 8
10 1 U 7
11 0 U 10
12 0 L 5
13 1 U 12
14 1 U 13
15 1 U -1
16 0 U 10
17 0 U 14
18 0 U 17
19 0 U 18
20 1 U -1
21 0 U 20
22 0 L 4
23 0 U 22
24 0 U 23
25 0 U -1
26 1 U 25
27 1 U 26
28 1 U 27
29 0 L 15
30 0 U -1
31 1 U 30
32 1 U 31
33
0 0 U -1
1 0 U 0
2 1 U 1
3 1 U 2
4 0 L 2
5 1 U -1
6 0 U -1
7 1 U 6
8 0 U 7
9 1 U 8
10 1 L 6
11 0 U 10
12 0 L 5
13 1 U 12
14 1 U 13
15 1 U -1
16 0 U 10
17 1 U 16
18 0 U 17
19 0 U 18
20 1 U -1
21 0 U 20
22 0 U 21
23 0 U 22
24 0 U 23
25 0 U -1
26 1 U 25
27 1 U 26
28 0 U 1
29 0 U 28
30 0 U -1
31 1 U 30
32 1 U 31
33
0 0 U -1
1 0 U 0
2 1 U 1
3 1 U 2
4 1 U 3
5 1 U -1
6 1 U 5
7 1 U 6
8 0 U 7
9 1 U 8
10 1 L 6
11 0 U 10
12 0 L 5
13 1 U 12
14 1 U 13
15 1 U -1
16 0 U 10
17 1 U 16
18 0 U 17
19 0 U 18
20 1 U -1
21 0 U 20
22 0 U 21
23 0 U 22
24 0 U 23
25 0 U -1
26 1 U 25
27 1 U 26
28 1 U 27
29 0 U 28
30 0 U -1
31 0 U -1
32 1 U 31
33
0 0 U -1
1 1 L -1
2 1 U 1
3 1 U 2
4 1 U 3
5 1 U -1
6 1 U 5
7 1 U 6
8 0 L 2
9 1 U 2
10 1 L 6
11 0 U 10
12 0 L 5
13 1 U 12
14 0 U 2
15 1 U -1
16 0 U 10
17 1 U 16
18 0 U 17
19 0 U 18
20 1 U 5
21 0 U 20
22 0 U 21
23 0 U 22
24 0 U 23
25 0 U -1
26 1 U 25
27 1 U 26
28 0 L 16
29 0 U 28
30 0 U -1
31 1 U 30
32 1 U 31
33
0 0 U -1
1 0 U 0
2 1 U 1
3 0 U 1
4 1 U 3
5 1 U -1
6 1 U 5
7 1 U 6
8 0 U 7
9 1 U 8
10 1 U -1
11 0 U 10
12 0 L 5
13 1 U 12
14 1 U 13
15 1 U -1
16 0 U 10
17 1 L 10
18 0 U 17
19 0 U 18
20 1 U -1
21 0 U 20
22 0 U 21
23 0 U 22
24 0 U 23
25 0 U -1
26 1 U 25
27 1 U 26
28 1 U 13
29 0 U 28
30 0 U -1
31 1 U 30
32 0 U 8
33
0 0 U -1
1 0 U 0
2 1 U 1
3 1 U 2
4 1 U 3
5 1 U -1
6 1 U 5
7 1 U 6
8 0 L 0
9 1 U 8
10 1 L 6
11 1 L 3
12 1 U 0
13 1 U 12
14 1 U 13
15 1 U -1
16 0 U 10
17 1 U 16
18 0 U 17
19 0 U 18
20 1 U -1
21 0 U 20
22 1 L 1
23 0 U 22
24 0 U 23
25 0 U -1
26 1 U 25
27 1 U 26
28 1 U 27
29 0 U 28
30 0 U -1
31 1 U 30
32 1 U 31
33
0 0 U -1
1 0 U 0
2 1 U 1
3 1 U 2
4 1 U 3
5 1 U -1
6 1 U 5
7 1 U 6
8 0 U 7
9 1 U 8
10 1 L 6
11 0 U 10
12 0 L 5
13 1 U 12
14 1 U 13
15 1 U -1
16 0 U 10
17 1 U 16
18 0 U 17
19 0 U 18
20 1 U -1
21 0 U 20
22 0 U 21
23 0 U 22
24 0 U 23
25 0 U -1
26 1 U 25
27 1 U 26
28 1 U 5
29 0 U 28
30 0 U -1
31 1 U 30
32 1 U 31
33
0 0 U -1
1 0 U 0
2 1 U 1
3 1 U 2
4 1 U 3
5 1 U -1
6 1 U 5
7 1 U 6
8 0 U 7
9 1 U 8
10 1 L 6
11 0 U 10
12 0 L 5
13 1 U 12
14 1 U 13
15 1 U -1
16 0 U 10
17 1 U 16
18 0 U 17
19 0 U 18
20 1 U -1
21 0 L 16
22 0 U 21
23 0 U 7
24 0 U 23
25 0 U -1
26 1 U 25
27 1 U 26
28 1 U 27
29 0 U 28
30 0 U -1
31 1 U 30
32 1 U 31
33
0 0 U -1
1 0 U 0
2 1 U 1
3 1 U 2
4 1 U 3
5 1 U -1
6 1 U 5
7 1 U 6
8 0 U 7
9 1 U 8
10 1 L 6
11 0 U 1
12 0 L 5
13 1 U 12
14 1 U 13
15 1 U -1
16 1 L 13
17 1 U 16
18 0 U 17
19 0 U 18
20 1 U -1
21 0 U 20
22 0 U 21
23 0 U 22
24 0 U 23
25 0 U -1
26 1 U 25
27 1 U 26
28 1 U 14
29 0 U 28
30 0 U -1
31 1 U 30
32 1 U 31
33
0 1 U -1
1 0 U 0
2 1 U 1
3 0 L 2
4 1 U 3
5 1 U -1
6 1 U 5
7 1 U 6
8 0 L 2
9 0 U 2
10 1 L 6
11 0 U 10
12 0 L 5
13 1 U 12
14 1 U 13
15 1 U -1
16 0 U 10
17 1 U 16
18 0 U 17
19 0 U 18
20 1 U -1
21 0 U 20
22 0 U 21
23 0 U 22
24 0 U 23
25 0 U -1
26 1 U 25
27 1 U 26
28 0 L 23
29 0 U 28
30 0 U -1
31 1 U 30
32 1 U 31
33
0 0 U -1
1 0 U 0
2 0 L 0
3 1 U 2
4 1 U 3
5 1 U -1
6 1 U 5
7 1 U 6
8 1 U 3
9 1 U 8
10 1 L 6
11 0 L 6
12 0 L 5
13 1 U 12
14 1 U 13
15 1 U -1
16 0 U 10
17 1 U 16
18 0 U 17
19 0 U 18
20 1 U -1
21 0 U 20
22 0 U 21
23 0 U 22
24 0 U 23
25 0 U -1
26 1 U 25
27 1 U 26
28 1 U 27
29 0 U 28
30 0 U -1
31 1 U 30
32 1 U 31
33
0 1 U -1
1 0 U 0
2 1 U 1
3 1 U 2
4 1 U 3
5 0 U 1
6 1 U 5
7 1 U 6
8 0 U 7
9 1 U 8
10 1 L 6
11 0 U 10
12 0 L 5
13 1 U 12
14 1 U 13
15 1 U -1
16 0 U 10
17 1 U 16
18 0 U 17
19 0 U 18
20 1 U -1
21 0 U 20
22 0 U 21
23 0 U 22
24 0 U 17
25 0 U -1
26 0 U 5
27 1 U 26
28 1 U 27
29 0 U 28
30 0 U -1
31 1 U 30
32 1 U 31
33
0 0 U -1
1 0 U 0
2 1 U 1
3 0 U 0
4 1 U 3
5 0 U 4
6 1 U 5
7 1 U 6
8 0 U 7
9 1 U 8
10 1 L 6
11 0 U 10
12 0 L 5
13 1 U 12
14 1 U 13
15 1 U -1
16 0 U 10
17 1 U 16
18 0 U 17
19 0 U 18
20 1 U -1
21 0 U 20
22 0 U 21
23 0 U 22
24 1 L -1
25 0 U -1
26 1 U 25
27 1 U 26
28 0 U 9
29 0 U 28
30 0 U -1
31 1 U 30
32 1 U 31
33
0 0 U -1
1 0 U 0
2 1 U 1
3 1 U 1
4 1 U 3
5 1 U -1
6 1 U 5
7 1 L 1
8 0 U 7
9 1 U 8
10 1 L 6
11 0 U 10
12 0 L 5
13 1 U 12
14 1 U 13
15 1 U -1
16 0 U 10
17 1 U 16
18 0 U 17
19 0 U 18
20 1 U -1
21 0 U 20
22 0 U 21
23 0 U 22
24 0 U 23
25 0 U -1
26 1 U 25
27 1 U 26
28 1 U 27
29 0 U 28
30 0 U -1
31 0 U 4
32 1 U 31
33
0 0 U -1
1 0 U 0
2 1 U 1
3 1 U 2
4 1 U 3
5 1 U -1
6 1 U 5
7 1 U 1
8 0 U 7
9 1 U 8
10 1 L 6
11 0 U 10
12 0 L 5
13 1 U 12
14 1 L 6
15 1 U -1
16 0 U 10
17 1 U 16
18 0 U 4
19 0 U 18
20 1 U -1
21 0 U 20
22 0 U 21
23 0 U 22
24 0 U 23
25 0 U -1
26 1 U 25
27 1 U 26
28 1 U 27
29 0 U 28
30 0 U -1
31 0 L 1
32 1 L 12
33
0 0 U -1
1 0 U 0
2 1 U 1
3 1 U 2
4 1 U 3
5 1 U -1
6 1 U 5
7 1 U 6
8 0 U 7
9 1 U 8
10 0 U 6
11 0 U 10
12 0 L 5
13 1 U 12
14 1 L 3
15 1 U -1
16 0 U 10
17 0 U 6
18 0 U 17
19 0 U 18
20 1 U -1
21 0 U 20
22 0 U 21
23 0 U 22
24 0 U 23
25 0 U -1
26 1 U 25
27 1 U 26
28 1 U 27
29 0 U 28
30 0 U -1
31 1 U 30
32 1 U 31
33
0 0 U -1
1 0 U 0
2 1 U 1
3 1 U 2
4 1 U 3
5 1 U -1
6 1 U 5
7 1 U 6
8 0 U 7
9 0 L 2
10 1 L 6
11 0 U 10
12 0 L 5
13 1 U 12
14 1 U 13
15 1 U -1
16 1 L 2
17 0 U 6
18 0 U 17
19 0 U 12
20 1 U -1
21 0 U 20
22 0 U 21
23 0 U 22
24 0 U 23
25 0 U -1
26 1 U 25
27 1 U 26
28 1 U 27
29 0 U 28
30 0 U -1
31 1 U 30
32 1 U 31
33
0 0 U -1
1 0 U 0
2 1 U 1
3 1 U 2
4 1 U 3
5 1 U -1
6 1 U 5
7 1 U 6
8 0 U 7
9 1 U 8
10 1 L 6
11 1 L 8
12 0 L 5
13 1 U 12
14 1 U 13
15 1 U -1
16 0 U 10
17 1 U 16
18 0 U 17
19 0 U 18
20 1 U -1
21 0 U 20
22 0 U 21
23 0 U 22
24 0 L 18
25 0 U -1
26 1 U 25
27 1 L 7
28 1 U 27
29 0 U 28
30 0 U -1
31 1 U 30
32 1 U 31
33
0 0 U -1
1 0 U 0
2 1 U 1
3 1 U 2
4 1 U 3
5 1 U -1
6 1 U 5
7 1 U 6
8 0 U 7
9 1 U 8
10 1 L 6
11 0 U 10
12 0 L 5
13 1 U 12
14 1 U 13
15 1 U -1
16 0 U 2
17 1 U 16
18 0 U 17
19 0 U 18
20 1 U -1
21 0 U 16
22 0 U 8
23 0 U 22
24 0 U 23
25 0 U 8
26 1 U 25
27 1 U 26
28 1 U 9
29 0 U 28
30 0 U -1
31 0 U 14
32 1 U 31
33
0 0 U -1
1 0 U 0
2 1 U 1
3 1 U 2
4 1 U 3
5 1 U -1
6 1 U 5
7 1 U 6
8 0 U 7
9 1 U 8
10 1 L 9
11 0 U 10
12 0 L 5
13 1 U 12
14 1 U 13
15 1 U -1
16 0 U 10
17 1 U 16
18 0 U 17
19 0 U 18
20 1 U -1
21 0 U 20
22 0 U 21
23 0 U 22
24 0 U 23
25 0 U -1
26 1 U 25
27 1 U 26
28 1 U 27
29 0 U 28
30 0 U -1
31 1 U 30
32 1 U 31
33
0 0 U -1
1 0 L 0
2 1 U 1
3 1 U 2
4 1 U 3
5 1 U -1
6 1 U 5
7 1 U 6
8 0 U 7
9 0 L 2
10 1 L 6
11 0 U 10
12 0 L 5
13 1 U 12
14 1 U 13
15 1 U -1
16 0 U 10
17 1 U 16
18 0 U 17
19 0 U 18
20 1 U -1
21 0 U 20
22 0 U 21
23 0 U 22
24 0 U 23
25 0 U -1
26 1 U 25
27 1 U 26
28 1 U 27
29 0 U 28
30 0 U -1
31 1 U 30
32 1 U 31
33
0 0 U -1
1 1 L 0
2 1 U 1
3 1 U 2
4 1 U 3
5 1 U -1
6 1 U 5
7 0 L 5
8 0 U 7
9 1 U 8
10 1 L 6
11 0 U 10
12 0 L 5
13 1 U 12
14 1 U -1
15 1 U -1
16 0 U 10
17 1 U 16
18 0 U 17
19 0 U 18
20 1 U -1
21 0 U 20
22 0 U 21
23 0 U 22
24 0 U 23
25 0 U -1
26 1 U 25
27 1 U 26
28 1 U 27
29 0 U 28
30 0 U -1
31 0 L 2
32 1 U 31
33
0 0 U -1
1 0 U 0
2 1 U 1
3 1 U 2
4 1 L 0
5 1 U -1
6 1 U 5
7 1 L 0
8 0 L 4
9 1 U 8
10 1 L 6
11 0 U 10
12 0 L 5
13 1 U 12
14 1 U 13
15 1 U -1
16 0 U 10
17 1 U 16
18 0 U 17
19 0 U 18
20 1 U -1
21 0 U 20
22 0 U 21
23 0 U 22
24 0 U 23
25 0 U -1
26 1 U 25
27 1 U 26
28 1 U 27
29 0 U 28
30 0 U -1
31 1 U 30
32 1 U 31
33
0 0 U -1
1 0 U 0
2 1 U 1
3 1 U 2
4 0 U -1
5 1 U -1
6 1 U 5
7 0 L 5
8 0 U 7
9 1 U 8
10 1 L 6
11 0 U 10
12 0 L 5
13 1 L 5
14 1 U 13
15 1 U -1
16 0 U 10
17 1 U 16
18 0 U 17
19 0 U 18
20 1 U -1
21 0 U 20
22 0 U 21
23 0 U 22
24 0 U 23
25 0 U -1
26 1 U 25
27 1 U 26
28 1 U 27
29 0 U 28
30 0 U -1
31 1 U 30
32 1 U 31
33
0 0 U -1
1 0 U 0
2 1 U 1
3 1 U 2
4 1 U 3
5 1 U -1
6 1 U 5
7 0 U 3
8 0 U 7
9 1 U 8
10 0 U 8
11 0 U 10
12 0 L 5
13 1 U 12
14 1 U 13
15 1 U -1
16 0 U 10
17 1 U 16
18 0 U 17
19 0 U 18
20 1 U -1
21 0 L 4
22 0 U 21
23 0 U 22
24 0 U 23
25 0 U -1
26 1 U 25
27 1 U 26
28 1 U 27
29 0 U 28
30 0 U -1
31 1 U 30
32 1 U 31
33
0 0 U -1
1 0 U 0
2 1 U 1
3 1 U 2
4 1 U 3
5 0 L 4
6 1 U 5
7 1 U 6
8 0 U 7
9 1 U 8
10 1 L 6
11 1 L 7
12 1 U 1
13 0 U 11
14 1 L 10
15 1 U 12
16 0 U 10
17 1 U 16
18 0 U 17
19 0 U 18
20 1 U -1
21 0 U 20
22 0 U 21
23 0 U 22
24 0 U 23
25 0 U -1
26 1 U 25
27 1 U 26
28 1 U 27
29 0 U 28
30 0 U -1
31 1 U 30
32 1 U 31
33
0 0 U -1
1 0 U 0
2 1 U 1
3 1 U 2
4 1 U 3
5 1 U -1
6 1 U 5
7 0 U 0
8 0 U 7
9 1 U 8
10 1 L 6
11 0 U 10
12 0 L 5
13 1 U 12
14 1 U 13
15 1 U -1
16 0 U 10
17 1 U 16
18 0 U 17
19 0 U 18
20 1 U -1
21 0 U 20
22 0 U 21
23 0 U 22
24 0 U 23
25 1 L 17
26 1 U 25
27 0 L 13
28 1 U 27
29 0 U 28
30 0 U -1
31 1 U 30
32 1 U 31
33
0 0 U -1
1 0 U 0
2 0 L -1
3 1 U 2
4 1 U 3
5 1 U -1
6 1 U 5
7 1 U 6
8 0 U 7
9 1 U 8
10 1 L 6
11 0 U 10
12 0 L 5
13 1 U 12
14 1 U 13
15 1 U -1
16 0 U 5
17 1 U 16
18 0 U 17
19 0 U 18
20 1 U -1
21 0 U 20
22 0 U 21
23 0 U 22
24 0 U 23
25 0 U -1
26 1 U 25
27 1 U 26
28 1 U 27
29 0 U 28
30 0 U -1
31 1 U 30
32 1 U 31
33
0 0 U -1
1 0 U 0
2 1 U 1
3 1 U 2
4 1 U 3
5 1 U -1
6 1 U 5
7 1 U 6
8 0 U 7
9 0 U 6
10 0 L 9
11 0 U 10
12 0 L 5
13 1 U 12
14 1 U 13
15 1 U -1
16 1 L 11
17 1 U 7
18 0 U 17
19 0 U 18
20 1 U -1
21 0 U 20
22 0 U 21
23 0 U 22
24 0 U 23
25 0 U -1
26 1 U 25
27 1 U 26
28 1 U 27
29 0 U 28
30 0 U 17
31 1 U 30
32 1 U 31
33
0 0 U -1
1 0 U 0
2 1 U 0
3 1 U 2
4 1 U 3
5 1 U -1
6 1 U 5
7 1 U 6
8 0 U 7
9 1 U 8
10 1 L 6
11 0 U 10
12 0 L 5
13 1 U 12
14 1 U 13
15 0 U 8
16 0 U 10
17 1 U 14
18 0 U 17
19 0 U 18
20 1 U -1
21 0 U 20
22 0 U 21
23 0 U 22
24 0 U 23
25 0 U -1
26 1 U 25
27 1 U 26
28 1 U 27
29 0 U 28
30 0 U -1
31 1 U 30
32 1 U 31
33
0 1 L -1
1 0 U 0
2 1 U 1
3 1 U 2
4 1 U 3
5 1 U -1
6 1 U 5
7 1 U 6
8 0 U 7
9 1 U 8
10 1 L 6
11 0 U 10
12 0 L 5
13 1 U 12
14 1 U 13
15 1 U -1
16 0 U 10
17 1 U 5
18 0 U 17
19 0 U 18
20 1 U -1
21 0 U 20
22 0 U 21
23 0 U 22
24 0 U 23
25 0 U -1
26 1 U 25
27 1 U 26
28 1 U 27
29 0 U 28
30 0 L 19
31 1 L 21
32 1 U 31
33
0 0 U -1
1 0 U 0
2 1 U 1
3 1 U 2
4 1 U 3
5 1 U -1
6 1 U 5
7 0 L 6
8 0 U 7
9 1 U 8
10 1 L 6
11 0 U 10
12 0 L 5
13 1 U 12
14 1 U 13
15 1 U -1
16 0 U 10
17 1 U 16
18 0 U 17
19 0 U 18
20 1 U -1
21 0 U 20
22 0 U 21
23 0 U 22
24 0 U 23
25 0 U -1
26 1 U 4
27 1 U 26
28 1 U 27
29 0 U 28
30 0 U -1
31 1 U 30
32 1 U 31
33
0 0 U -1
1 0 U 0
2 1 U 1
3 1 U 2
4 1 U 3
5 1 U -1
6 1 U 5
7 1 U 6
8 0 U 7
9 1 U 8
10 1 L 6
11 0 U 10
12 0 L 5
13 1 U 12
14 1 U 13
15 1 U -1
16 0 U 10
17 1 U 16
18 0 U 17
19 0 U 18
20 1 U -1
21 0 U 20
22 0 U 21
23 0 U 22
24 0 U 23
25 0 U -1
26 1 U 25
27 1 U 26
28 1 L 26
29 0 U 28
30 0 U -1
31 1 U 5
32 1 U 31
33
0 0 U -1
1 0 U 0
2 1 U 1
3 1 U 2
4 0 L 2
5 1 U -1
6 1 U 5
7 1 U 6
8 0 U 7
9 1 U 8
10 1 L 6
11 0 U 10
12 0 L 5
13 1 U 9
14 1 U 13
15 1 U -1
16 0 U 10
17 1 U 16
18 0 U 17
19 0 U 18
20 1 U -1
21 0 U 20
22 0 U 21
23 0 U 22
24 0 U 23
25 0 U -1
26 1 U 25
27 1 U 26
28 1 U 27
29 0 U 28
30 0 U -1
31 1 U 30
32 1 U 31
33
0 0 U -1
1 0 U 0
2 1 U 1
3 1 U 2
4 1 U 3
5 0 U 1
6 1 U 5
7 1 U 6
8 0 U 7
9 1 U 8
10 1 L 6
11 0 U 10
12 0 L 5
13 0 U 7
14 1 U 13
15 1 U -1
16 1 L 14
17 1 U 16
18 0 U 17
19 0 U 18
20 1 U 15
21 0 U 20
22 0 U 21
23 0 U 22
24 0 U 23
25 0 U -1
26 1 U 25
27 1 L 21
28 1 U 27
29 0 U 28
30 0 U -1
31 1 U 30
32 1 U 31
33
0 0 U -1
1 0 U 0
2 1 U 1
3 1 U 2
4 1 U 3
5 1 U -1
6 1 U 5
7 1 U 6
8 0 U 7
9 1 U 8
10 1 L 6
11 0 U 10
12 0 L 5
13 1 U 12
14 1 U 13
15 1 L 4
16 1 U 1
17 1 U 16
18 1 L 17
19 0 U 18
20 1 U -1
21 0 U 20
22 0 U 21
23 0 U 22
24 0 U 23
25 0 U -1
26 0 U 5
27 1 U 26
28 1 U 27
29 0 U 28
30 0 U -1
31 1 U 30
32 1 U 31
33
0 0 U -1
1 0 U 0
2 1 U 1
3 0 U -1
4 1 U 3
5 1 U -1
6 1 U 5
7 1 U 6
8 0 U 7
9 1 U 8
10 1 L 6
11 0 U 10
12 0 L 5
13 1 U 12
14 0 L 7
15 1 U -1
16 0 L 1
17 1 U 16
18 0 U 17
19 0 U 18
20 1 U -1
21 0 U 20
22 0 U 21
23 0 U 22
24 0 U 23
25 0 U -1
26 1 U 25
27 1 U 26
28 1 U 27
29 0 U 28
30 0 U -1
31 1 U 1
32 1 U 31
33
0 0 U -1
1 0 U 0
2 1 U 1
3 1 U 2
4 1 U 3
5 1 U -1
6 1 U 5
7 1 U 6
8 0 U 7
9 1 U 8
10 1 L 6
11 0 U 10
12 0 L 5
13 1 U 12
14 1 U 13
15 1 U -1
16 0 U 10
17 1 U 16
18 0 U 17
19 0 U 18
20 1 U -1
21 0 U 20
22 0 U 21
23 0 U 22
24 0 U 23
25 0 U -1
26 1 U 25
27 1 U 26
28 1 U 27
29 0 U 28
30 0 U -1
31 1 U 30
32 1 U 31
33
0 0 U -1
1 0 U 0
2 1 U 1
3 1 U 2
4 1 U 3
5 1 U -1
6 1 U 5
7 1 U 6
8 0 U 7
9 1 U 8
10 1 L 6
11 0 U 3
12 0 L 5
13 1 U 12
14 1 U 13
15 1 U 8
16 0 U 10
17 1 U 16
18 0 U 17
19 0 U 18
20 1 U 11
21 0 U 20
22 0 U 21
23 0 U 22
24 0 U 23
25 0 U -1
26 1 U 25
27 1 U 26
28 1 U 27
29 0 U 28
30 0 U -1
31 1 U 30
32 1 U 31
