80
0 0 U -1
1 1 U 0
2 0 U 1
3 0 U 2
4 0 U 3
5 0 U 4
6 1 U 5
7 1 U 6
8 0 U -1
9 1 U 8
10 0 U 9
11 0 U 10
12 1 U 11
13 1 U 12
14 1 U 13
15 0 U 14
16 0 U -1
17 1 U 16
18 1 U 17
19 1 U 18
20 0 U 19
21 0 U 20
22 1 U 21
23 0 U 22
24 1 U -1
25 1 U 24
26 1 U 25
27 1 U 26
28 0 U 27
29 0 U 28
30 0 U 29
31 0 U 30
32 0 U -1
33 1 U 32
34 1 U 33
35 1 U 34
36 1 U 35
37 1 U 36
38 0 U 37
39 1 U 38
40 1 U -1
41 1 U 40
42 1 U 41
43 1 U 42
44 1 U 43
45 1 U 44
46 1 U 45
47 0 U 46
48 1 U -1
49 0 U 48
50 0 U 49
51 1 U 50
52 1 U 51
53 0 U 52
54 1 U 53
55 1 U 54
56 0 U -1
57 1 U 56
58 0 U 57
59 1 U 58
60 0 U 59
61 0 U 60
62 0 U 61
63 1 U 62
64 0 U -1
65 0 U 64
66 1 U 65
67 1 U 66
68 1 U 67
69 1 U 68
70 1 U 69
71 1 U 70
72 0 U -1
73 1 U 72
74 0 U 73
75 1 U 74
76 0 U 75
77 1 U 76
78 1 U 77
79 1 U 78
80
0 0 U -1
1 1 U 0
2 0 U 1
3 0 U 2
4 0 U 3
5 0 U 4
6 1 U 5
7 1 U 6
8 0 U -1
9 1 U 8
10 0 U 9
11 0 L 9
12 1 U 11
13 1 U 12
14 1 U 13
15 0 U 14
16 0 U -1
17 1 U 16
18 1 U 17
19 1 U 18
20 0 U 19
21 0 U 20
22 1 U 21
23 0 U 22
24 0 L 6
25 1 U 24
26 1 U 25
27 1 U 26
28 0 U 27
29 0 U 28
30 0 U 29
31 0 U 30
32 0 U -1
33 1 U 32
34 1 U 33
35 1 U 34
36 1 U 35
37 1 U 36
38 0 U 37
39 1 U 38
40 1 U -1
41 1 U 40
42 1 U 41
43 1 U 2
44 1 U 43
45 1 U 44
46 1 U 45
47 1 U 4
48 1 U -1
49 1 U 33
50 0 U 49
51 1 U 50
52 1 U 51
53 0 U 52
54 1 U 53
55 1 U 54
56 0 U -1
57 1 U 56
58 0 U 57
59 1 L 31
60 0 U 59
61 0 U 60
62 0 U 61
63 1 U 62
64 0 U -1
65 0 U 64
66 1 U 65
67 1 U 66
68 1 U 67
69 1 U 68
70 1 U 69
71 1 U 70
72 0 U -1
73 0 L 8
74 0 U 73
75 1 U 74
76 0 U 75
77 1 U 76
78 1 U 77
79 1 L 47
80
0 1 U -1
1 1 U 0
2 0 U 1
3 0 L 1
4 0 U 2
5 0 U 4
6 1 L 5
7 1 U 6
8 0 U -1
9 0 L 0
10 0 U 9
11 0 U 0
12 1 U 11
13 1 U 12
14 1 U 13
15 0 U 14
16 0 U -1
17 0 U 13
18 1 U 17
19 1 U 18
20 1 U 2
21 0 U 20
22 1 U 21
23 0 U 22
24 1 U -1
25 1 U 24
26 1 U 25
27 1 U 26
28 0 U 27
29 0 U 28
30 0 L 17
31 1 U 5
32 0 U -1
33 1 U 32
34 1 U 33
35 1 U 34
36 1 U 35
37 1 U 19
38 0 U 37
39 1 U 38
40 1 U -1
41 1 U 40
42 1 U 41
43 1 U 42
44 0 L 12
45 1 U 44
46 1 U 45
47 1 U 20
48 1 U -1
49 0 U 48
50 0 U 49
51 1 U 50
52 0 U 40
53 0 U 52
54 1 U 53
55 1 U 54
56 0 U -1
57 1 U 56
58 0 U 57
59 0 L 43
60 0 U 59
61 0 U 60
62 0 U 61
63 1 U 62
64 0 U -1
65 0 U 64
66 1 U 65
67 1 U 66
68 1 U 67
69 1 U 68
70 1 U 69
71 1 U 63
72 0 U -1
73 1 U 72
74 0 U 73
75 0 L 9
76 0 U 48
77 1 U 76
78 1 U 77
79 1 U 78
80
0 0 U -1
1 1 U 0
2 0 U 1
3 1 U 2
4 0 U 3
5 0 U 4
6 1 U 5
7 1 U 6
8 0 U -1
9 1 U 8
10 0 U 9
11 0 U 10
12 1 U 11
13 1 U 12
14 1 U 13
15 0 U 14
16 0 L 8
17 1 U 16
18 0 L 5
19 1 U 18
20 0 U 19
21 0 U 20
22 0 U 13
23 0 U 22
24 1 U -1
25 1 U 24
26 1 U 2
27 1 U 26
28 0 U 27
29 0 U 28
30 0 L 0
31 0 U 30
32 0 U -1
33 0 U 18
34 1 U 33
35 0 U 21
36 1 U 35
37 1 U 36
38 0 U 37
39 1 U 38
40 1 U -1
41 1 U 13
42 1 U 41
43 1 U 42
44 1 U 43
45 1 U 44
46 1 U 45
47 0 U 46
48 1 U -1
49 0 U 48
50 1 U -1
51 1 U 50
52 1 U 51
53 0 U 52
54 1 U 53
55 0 L 34
56 0 U -1
57 1 U 56
58 0 U 57
59 1 U 58
60 0 U 59
61 0 U 60
62 0 U 61
63 1 U 62
64 0 U -1
65 0 U 64
66 1 U 65
67 1 U 66
68 1 U 67
69 1 U 68
70 1 U 69
71 1 U 70
72 0 U -1
73 1 U 72
74 0 U 73
75 1 U 74
76 0 U 75
77 1 U 76
78 1 U 77
79 0 U 6
80
0 0 U -1
1 1 U 0
2 0 U 1
3 0 U 2
4 0 U 3
5 0 U 4
6 1 U 5
7 1 U 6
8 0 U -1
9 1 U 8
10 0 U 9
11 0 U 10
12 1 U 11
13 1 U 12
14 1 U 13
15 0 U 14
16 0 U -1
17 1 U 16
18 1 U 17
19 1 U 18
20 0 U 19
21 0 U 20
22 1 U 21
23 0 U 22
24 1 U -1
25 1 U 24
26 1 U 25
27 1 U 26
28 0 U 27
29 0 U -1
30 0 U 29
31 0 U 30
32 0 U -1
33 1 U 32
34 1 U 33
35 1 U 34
36 1 U 35
37 1 U 36
38 0 L 12
39 1 U 38
40 0 U 33
41 1 U 40
42 1 U 41
43 1 U 42
44 1 U 43
45 1 U 44
46 1 U 45
47 0 U 46
48 1 U -1
49 0 U 48
50 0 U 49
51 1 U 50
52 1 U 51
53 1 U 36
54 1 U 53
55 1 U 54
56 0 U -1
57 1 U 56
58 0 U 57
59 1 U 58
60 0 U 59
61 0 U 60
62 0 U 61
63 1 U 62
64 0 U -1
65 0 U 64
66 1 U 65
67 1 U 66
68 1 U 67
69 1 U 68
70 1 U 69
71 1 U 70
72 0 U -1
73 1 U 72
74 0 U 73
75 1 U 74
76 0 U 75
77 1 U 76
78 1 U 77
79 1 U 78
80
0 1 L -1
1 1 U 0
2 0 U 1
3 0 U 2
4 1 U -1
5 0 U 4
6 1 U 5
7 1 U 6
8 0 U -1
9 1 U 8
10 0 U 9
11 0 U 10
12 1 U 11
13 1 U 12
14 1 U 13
15 0 U 14
16 0 U -1
17 1 L 1
18 1 U 17
19 1 U 18
20 0 U 19
21 0 U 20
22 1 U 21
23 0 U 22
24 1 U -1
25 1 U 24
26 1 U 25
27 1 U 26
28 0 U 27
29 0 U 28
30 0 U 29
31 0 U 30
32 1 L 9
33 1 U 32
34 1 U 33
35 1 U 34
36 1 U 35
37 1 U 36
38 0 U 32
39 1 U 38
40 1 U -1
41 1 U 40
42 1 U 41
43 1 U 42
44 1 U 43
45 1 U 44
46 1 U 45
47 0 U 46
48 1 U -1
49 0 U 48
50 1 U 15
51 1 U 50
52 1 U 51
53 0 U 52
54 1 U 53
55 1 U 54
56 0 U 52
57 1 U 56
58 1 L 7
59 1 U 58
60 0 U 59
61 0 U 60
62 0 U 61
63 1 U 62
64 0 U -1
65 0 U 64
66 1 U 65
67 1 U 66
68 1 U 67
69 1 U 68
70 1 U 69
71 1 U 70
72 0 U -1
73 1 U 72
74 0 U 73
75 1 U 74
76 0 U 75
77 1 U 76
78 1 U 77
79 1 U 78
80
0 0 U -1
1 1 U 0
2 0 L 0
3 0 U 2
4 0 U 3
5 0 U 4
6 1 U 5
7 1 U 6
8 0 U -1
9 1 U 8
10 0 U 0
11 0 U 10
12 1 U 11
13 1 U 12
14 1 U 13
15 0 U 14
16 0 U -1
17 1 U 16
18 1 U 5
19 1 U 18
20 0 U 19
21 0 U 20
22 1 U 21
23 0 U 22
24 1 U -1
25 1 U 24
26 1 U 25
27 1 U 26
28 0 U 27
29 0 U 28
30 0 U 29
31 0 U 30
32 0 U -1
33 1 U 32
34 1 U 33
35 1 U 34
36 1 U 35
37 1 U 36
38 0 U 32
39 1 U 38
40 1 U -1
41 1 U 40
42 1 U 41
43 1 U 42
44 1 U 43
45 1 U 44
46 1 U 45
47 0 U 46
48 1 U -1
49 1 L 1
50 0 U 49
51 1 U 50
52 1 U 51
53 0 U 52
54 1 U 53
55 1 U 54
56 0 U -1
57 1 U 56
58 0 L 47
59 1 U 58
60 0 U 59
61 0 U 60
62 0 L 26
63 0 L 49
64 0 U -1
65 0 U 64
66 1 U 65
67 1 U 66
68 1 U 67
69 1 L 54
70 1 L 54
71 1 U 70
72 0 U -1
73 1 U 72
74 0 U 73
75 1 U 74
76 0 U 75
77 1 U 76
78 1 U 77
79 1 U 78
80
0 0 U -1
1 1 U 0
2 0 U 1
3 0 L -1
4 0 U 3
5 0 U 4
6 1 U 5
7 1 U 6
8 0 U -1
9 1 U 8
10 0 U 9
11 0 U 10
12 1 U 11
13 1 U 12
14 1 U 13
15 0 U 14
16 0 U -1
17 1 U 16
18 1 U 17
19 1 U 18
20 1 U 6
21 0 U 20
22 1 U 21
23 0 U 22
24 0 U 5
25 1 U 24
26 1 U 25
27 1 U 26
28 0 U 27
29 0 U 12
30 0 U 29
31 0 U 30
32 0 U -1
33 0 U 23
34 1 U 33
35 1 U 34
36 1 U 35
37 1 U 36
38 0 U 37
39 1 U 38
40 1 U -1
41 1 U 40
42 1 U 41
43 1 U 38
44 0 U 27
45 1 U 44
46 1 U 45
47 0 U 46
48 1 U -1
49 0 U 48
50 0 U 49
51 1 U 50
52 1 U 51
53 0 U 52
54 1 U 53
55 1 U 54
56 0 U -1
57 1 U 56
58 1 L 7
59 1 U 58
60 0 U 59
61 0 U 60
62 0 U 61
63 1 U 62
64 1 L 45
65 0 U 64
66 1 U 65
67 1 U 66
68 1 U 67
69 1 U 68
70 1 U 69
71 1 U 70
72 0 U 9
73 1 U 72
74 0 U 73
75 1 U 74
76 0 U 75
77 1 U 76
78 1 U 77
79 1 U 78
80
0 0 U -1
1 1 U 0
2 0 U 1
3 1 L 2
4 0 U 3
5 0 U 4
6 1 U 5
7 1 U 6
8 0 U -1
9 1 U 8
10 0 U 9
11 1 U 3
12 1 U 11
13 1 U 12
14 1 U 13
15 0 U 14
16 0 U -1
17 1 U 16
18 1 U 17
19 1 U 18
20 0 U 19
21 0 U 20
22 1 U 21
23 0 U 22
24 1 U -1
25 1 U 24
26 1 U 25
27 1 U 26
28 0 U 27
29 0 U 28
30 0 U 29
31 0 U 30
32 0 L 21
33 1 U 32
34 1 U 33
35 1 U 34
36 1 U 35
37 1 U 36
38 0 U 37
39 1 U 38
40 1 U -1
41 1 U 40
42 1 U 41
43 1 U 42
44 1 U 43
45 1 U 44
46 1 U 45
47 0 U 5
48 1 U -1
49 0 U 48
50 0 U 49
51 1 U 50
52 1 U 51
53 0 U 52
54 1 U 53
55 1 U 54
56 0 U -1
57 1 U 56
58 0 U 57
59 1 U 58
60 0 U 59
61 0 U 60
62 0 U 61
63 1 U 62
64 0 U -1
65 0 U 64
66 1 U 65
67 1 U 66
68 1 U 67
69 0 L 33
70 1 L 11
71 1 U 70
72 0 U -1
73 1 U 72
74 0 U 73
75 1 U 74
76 0 U 75
77 1 U 76
78 1 U 77
79 1 U 78
80
0 0 U -1
1 1 U 0
2 0 U 1
3 0 U 2
4 0 U 3
5 0 U 4
6 1 U 5
7 1 U 6
8 0 U -1
9 1 U 8
10 0 U 9
11 0 U 10
12 1 U 11
13 1 U 12
14 1 U 13
15 0 U 14
16 0 U -1
17 1 U 16
18 1 U 17
19 1 U 18
20 0 U 19
21 0 U 20
22 1 U 21
23 0 U 22
24 1 U -1
25 1 U 24
26 1 U 25
27 1 U 26
28 0 U 27
29 0 U 28
30 0 U 29
31 0 U 30
32 0 U -1
33 1 U 32
34 1 U 33
35 1 U 34
36 1 U 35
37 0 L 6
38 0 U 37
39 1 U 38
40 1 U -1
41 1 U 40
42 1 U 41
43 1 U 42
44 1 U 43
45 1 U 44
46 1 U 45
47 0 L 35
48 1 U -1
49 0 U 48
50 0 L 37
51 1 U 50
52 1 U 51
53 0 U 52
54 1 U 53
55 1 U 54
56 0 U -1
57 1 U 56
58 0 U 57
59 1 U 58
60 0 U 59
61 0 U 60
62 0 U 61
63 1 U 62
64 0 U -1
65 0 U 64
66 1 U 65
67 1 U 66
68 1 U 67
69 1 U 68
70 1 U 69
71 1 U 70
72 0 U -1
73 1 U 72
74 0 U 73
75 1 U 74
76 0 U 75
77 1 U 76
78 1 L 57
79 1 U 78
80
0 0 U -1
1 1 U 0
2 0 L -1
3 0 U 2
4 0 U 3
5 0 U 4
6 1 U 5
7 0 U -1
8 0 U -1
9 1 U 8
10 0 U 9
11 0 U 10
12 1 U 11
13 1 U 12
14 1 U 13
15 1 L 10
16 0 U -1
17 1 U 16
18 1 U 17
19 1 U 18
20 0 U 19
21 0 U 20
22 1 U 21
23 1 L 22
24 1 U -1
25 1 U 24
26 1 U 25
27 1 U 26
28 0 U 27
29 0 U 28
30 0 U 29
31 1 L 12
32 0 U -1
33 1 U 32
34 1 U 33
35 1 U 34
36 1 U 35
37 1 U 36
38 0 U 37
39 1 U 38
40 1 U -1
41 1 U 40
42 1 U 41
43 1 U 42
44 1 U 43
45 0 U 44
46 1 U 45
47 0 U 46
48 1 U -1
49 0 U 48
50 0 L 18
51 1 U 50
52 1 U 51
53 0 U 52
54 1 U 53
55 1 U 54
56 0 U -1
57 1 U 56
58 0 U 57
59 1 U 58
60 0 U 59
61 0 U 60
62 0 U 61
63 1 U 62
64 0 U -1
65 0 L 42
66 1 U 65
67 1 U 66
68 1 U 67
69 1 U 68
70 1 U 69
71 1 U 70
72 0 U -1
73 1 U 72
74 0 U 73
75 1 U 74
76 0 U 75
77 1 U 76
78 1 U 77
79 1 U 78
80
0 0 U -1
1 1 U 0
2 0 U 1
3 0 U 2
4 0 U 3
5 0 U 4
6 1 U 5
7 1 U 6
8 0 U -1
9 1 U 8
10 0 U 9
11 0 U 10
12 1 U 7
13 1 U 12
14 1 L 10
15 0 U 14
16 0 U -1
17 0 U 13
18 1 U 6
19 1 U 18
20 0 L 10
21 0 U 20
22 1 U 21
23 0 U 22
24 1 U -1
25 1 U 24
26 1 U 25
27 1 U 26
28 0 U 27
29 1 U 17
30 0 U 29
31 0 U 30
32 0 U -1
33 1 U 32
34 1 U 33
35 1 U 34
36 0 U 10
37 1 U 36
38 1 L 4
39 1 U 38
40 1 U -1
41 1 U 40
42 1 U 41
43 1 U 42
44 1 U 43
45 1 U 44
46 1 U 45
47 1 L 38
48 1 U -1
49 0 U 48
50 0 U 49
51 1 U 50
52 1 U 51
53 0 U 52
54 1 U 53
55 1 U 54
56 0 U -1
57 1 U 56
58 0 U 57
59 0 L 8
60 1 L 6
61 0 U 60
62 0 U 61
63 1 U 62
64 0 U -1
65 0 U 64
66 1 U 65
67 1 U 66
68 1 U 67
69 1 U 68
70 1 U 69
71 1 U 70
72 0 U -1
73 1 U 72
74 0 U 73
75 1 U 74
76 1 U 12
77 1 U 76
78 0 L 10
79 1 U 78
80
0 0 U -1
1 1 U 0
2 1 L 1
3 0 U 2
4 0 U 3
5 0 U 4
6 1 U 5
7 1 U 6
8 0 U -1
9 1 U 8
10 0 U 9
11 0 U 10
12 1 U 11
13 1 L 10
14 1 U 13
15 1 L 11
16 0 U -1
17 1 U 16
18 1 U 17
19 1 U 18
20 0 U 19
21 1 U 15
22 1 U 21
23 0 U 22
24 1 U -1
25 1 U 24
26 1 U 25
27 1 U 26
28 0 U 27
29 0 U 28
30 0 U 29
31 0 U 30
32 0 U -1
33 1 U 32
34 1 U 33
35 1 U 34
36 1 U 35
37 1 U 36
38 0 U 37
39 1 U 38
40 1 U -1
41 1 U 40
42 1 U 21
43 1 U 42
44 1 U 43
45 1 U 44
46 1 U 45
47 0 U 46
48 1 U 4
49 0 U 48
50 0 U 49
51 1 U 50
52 1 U 51
53 0 U 52
54 1 U 53
55 1 U 54
56 0 U -1
57 1 U 56
58 0 U 57
59 1 U 58
60 0 U 59
61 0 U 60
62 0 U 61
63 1 U 62
64 0 U -1
65 0 U 64
66 1 U 65
67 1 U 66
68 1 U 67
69 1 U 68
70 1 U 69
71 1 U 70
72 0 U -1
73 1 U 72
74 0 U 73
75 1 U 74
76 0 U 75
77 1 U 76
78 0 U 15
79 1 U 78
80
0 1 L -1
1 1 U 0
2 0 U 1
3 0 U 2
4 0 U 3
5 0 U 4
6 1 U 5
7 0 U 0
8 1 L 3
9 1 U 8
10 0 U 9
11 0 U 10
12 1 U 11
13 1 U 12
14 1 U 13
15 0 U 14
16 0 U -1
17 1 U 16
18 1 U 17
19 1 U 18
20 0 U 19
21 0 U 20
22 1 U 21
23 0 U 22
24 1 U -1
25 1 U 24
26 1 U 25
27 1 U 26
28 0 U 27
29 0 U 28
30 0 U 29
31 0 U 30
32 0 U -1
33 1 U 32
34 1 U 33
35 1 U 34
36 1 U 35
37 1 L 13
38 0 U 37
39 1 U 38
40 1 U -1
41 1 U 40
42 1 U 41
43 1 U 42
44 1 U 43
45 1 U 44
46 1 U 45
47 0 U 46
48 1 U -1
49 0 U 48
50 0 U 49
51 1 U 50
52 1 U 51
53 0 U 52
54 1 U 53
55 1 U 54
56 0 U -1
57 1 U 56
58 0 U 57
59 1 U 58
60 0 U 59
61 0 U 60
62 0 U 61
63 1 U 62
64 0 U -1
65 0 U 64
66 1 U 65
67 1 U 66
68 1 U 67
69 1 U 68
70 1 U 69
71 1 U 70
72 0 U -1
73 1 U 72
74 0 U 73
75 1 U 74
76 0 U 75
77 1 U 76
78 1 U 77
79 1 U 78
80
0 0 U -1
1 1 U 0
2 0 U 1
3 0 U 2
4 0 U 3
5 0 U 4
6 1 U 5
7 1 U 6
8 1 U 5
9 1 U 8
10 0 U 9
11 0 U 10
12 1 U 11
13 1 U 12
14 1 U 13
15 0 U 14
16 0 U -1
17 1 U 16
18 1 U 17
19 1 U 18
20 0 U 19
21 0 U 20
22 1 U 21
23 0 U 22
24 1 U -1
25 1 U 24
26 1 U 25
27 1 U 26
28 0 U 27
29 1 U 27
30 0 U 29
31 1 L 26
32 0 U -1
33 1 L 23
34 1 U 33
35 1 U 34
36 1 U 35
37 1 U 36
38 0 L 23
39 1 U 38
40 1 U -1
41 1 U 40
42 1 U 41
43 1 U 42
44 1 U 43
45 1 U 44
46 1 U 45
47 0 U 46
48 1 U -1
49 0 U 48
50 0 U 49
51 1 U 50
52 1 U 51
53 0 U 52
54 1 U 53
55 1 U 54
56 0 U -1
57 1 U 56
58 0 U 51
59 1 U 58
60 0 U 59
61 0 U 60
62 0 U 61
63 1 U 62
64 0 U -1
65 0 U 64
66 1 U 65
67 1 U 66
68 1 U 67
69 1 U 68
70 1 U 69
71 1 U 70
72 0 U -1
73 1 U 72
74 0 U 73
75 1 U 74
76 0 U 75
77 1 U 76
78 1 U 77
79 1 U 78
80
0 0 U -1
1 1 U 0
2 0 U 1
3 0 U 2
4 0 U 3
5 0 U 4
6 1 U 5
7 1 U 6
8 0 L 1
9 1 U 8
10 0 U 9
11 0 U 10
12 1 U 11
13 0 U 2
14 1 U 13
15 0 U 14
16 0 U -1
17 1 U 16
18 1 U 17
19 1 U 18
20 0 U 19
21 0 U 20
22 1 U 21
23 1 U 12
24 1 U -1
25 1 U 24
26 1 U 25
27 1 U 26
28 0 U 27
29 0 U 28
30 0 U 29
31 0 U 30
32 0 L 14
33 1 U 32
34 1 U 33
35 1 U 34
36 1 U 35
37 1 U 36
38 0 U 37
39 1 U 38
40 1 U -1
41 1 U 40
42 1 U 41
43 1 U 42
44 1 U 43
45 1 U 44
46 1 U 45
47 0 U 46
48 1 U -1
49 0 U 48
50 0 U 49
51 1 U 50
52 1 U 51
53 0 U 52
54 1 U 53
55 1 U 54
56 0 U -1
57 1 U 56
58 0 U 57
59 1 U 58
60 0 U 59
61 1 L 38
62 0 U 61
63 0 U 42
64 1 U 15
65 0 U 64
66 1 U 65
67 1 U 66
68 1 U 67
69 0 U 4
70 1 L 2
71 1 U 70
72 0 U -1
73 1 U 72
74 0 U 73
75 1 U 74
76 0 U 75
77 1 U 76
78 0 L 19
79 1 U 78
80
0 0 U -1
1 1 U 0
2 0 U 1
3 0 U 2
4 0 U 3
5 1 L 4
6 1 U 5
7 1 U 6
8 0 U -1
9 1 U 8
10 0 U 9
11 0 U 10
12 1 U 7
13 1 U 12
14 1 U 13
15 0 U 14
16 0 U -1
17 1 U 16
18 1 U 17
19 1 U 18
20 0 U 19
21 0 U 20
22 1 U 21
23 0 U 22
24 1 U -1
25 1 U 24
26 1 U 25
27 1 U 26
28 0 U 27
29 0 U 28
30 0 U 29
31 0 U 30
32 0 U -1
33 1 U 32
34 1 U 33
35 1 U 34
36 1 U 35
37 1 U 36
38 0 U 37
39 1 U 38
40 1 U -1
41 1 U 40
42 1 U 41
43 1 U 42
44 1 U 43
45 1 U 44
46 1 U 45
47 0 U 46
48 1 U -1
49 0 U 48
50 0 U 49
51 1 U 50
52 1 U 51
53 0 U 52
54 1 U 53
55 1 U 54
56 0 U -1
57 1 U 56
58 0 U 57
59 1 U 58
60 0 U 59
61 0 U 60
62 0 U 61
63 1 U 62
64 0 U -1
65 0 U 64
66 1 U 65
67 1 U 66
68 1 L 49
69 1 U 68
70 1 U 69
71 1 U 70
72 0 U -1
73 1 U 72
74 0 U 73
75 1 U 74
76 1 U 16
77 1 U 76
78 1 U 77
79 1 U 78
80
0 0 U -1
1 1 U 0
2 0 U 1
3 1 L 2
4 0 U 3
5 0 U 4
6 1 U 5
7 1 U 6
8 1 L -1
9 1 U 8
10 0 U 9
11 0 U 10
12 1 U 11
13 1 U 12
14 1 U 13
15 0 U 14
16 0 U -1
17 1 U 16
18 1 L 16
19 1 U 18
20 0 U 19
21 0 U 20
22 1 U 21
23 0 U 22
24 1 U -1
25 1 U 24
26 1 U 25
27 1 U 26
28 0 U 27
29 0 U 28
30 0 U 29
31 0 U 30
32 0 U -1
33 1 U 32
34 1 U 33
35 1 U 34
36 1 U 35
37 1 U 36
38 0 U 37
39 0 U 21
40 1 U -1
41 1 U 40
42 1 U 41
43 1 U 42
44 1 L 14
45 1 U 44
46 1 U 45
47 0 U 46
48 1 U -1
49 0 U 48
50 0 U 49
51 1 U 50
52 1 U 51
53 0 U 52
54 1 U 53
55 1 U 54
56 0 U -1
57 1 U 56
58 0 U 57
59 1 U 57
60 0 U 59
61 0 U 60
62 1 U 60
63 1 U 62
64 0 U -1
65 0 U 64
66 1 U 65
67 1 U 66
68 1 U 67
69 1 U 68
70 1 U 69
71 1 U 70
72 0 U -1
73 1 U 72
74 0 U 73
75 1 U 0
76 0 U 75
77 1 U 76
78 1 U 77
79 1 U 78
80
0 0 U -1
1 1 U 0
2 0 U 1
3 0 U 2
4 0 U 3
5 0 U 4
6 0 L 1
7 1 U 6
8 0 U -1
9 1 U 8
10 0 U 9
11 0 U 10
12 1 U 11
13 1 U 12
14 1 U 13
15 0 U 14
16 0 U -1
17 1 U 16
18 1 U 17
19 1 U 18
20 0 U 19
21 0 U 20
22 1 U 21
23 0 U 22
24 1 U -1
25 1 U 24
26 1 U 25
27 1 U 26
28 0 U 27
29 0 U 28
30 0 U 29
31 0 U 30
32 0 U -1
33 1 U 32
34 1 U 33
35 1 U 34
36 1 L 4
37 1 L 13
38 0 U 37
39 1 U 38
40 1 U -1
41 1 U 40
42 1 L 40
43 1 U 42
44 0 L 9
45 1 U 44
46 1 L 14
47 0 U 46
48 1 U -1
49 0 U 48
50 0 U 49
51 1 U 50
52 1 U 51
53 0 U 52
54 1 U 53
55 1 U 54
56 0 U -1
57 1 U 56
58 0 U 57
59 1 U 58
60 0 U 59
61 0 U 60
62 0 U 61
63 1 U 62
64 0 U -1
65 0 U 64
66 1 U 65
67 1 U 66
68 1 U 67
69 1 U 68
70 1 U 59
71 1 U 70
72 0 U -1
73 1 U 72
74 0 U 73
75 1 U 74
76 0 U 75
77 1 U 76
78 1 U 77
79 1 U 78
80
0 0 U -1
1 1 U 0
2 0 U 1
3 0 U 2
4 0 U 3
5 0 U 4
6 1 U 5
7 1 U 6
8 0 U -1
9 1 U 8
10 0 U 9
11 0 U 10
12 1 U 11
13 0 L 0
14 1 U 13
15 0 U 14
16 0 U -1
17 1 U 16
18 1 U 17
19 1 U 18
20 0 U 19
21 0 U 20
22 0 U 19
23 0 U 22
24 1 U -1
25 1 U 24
26 1 U 25
27 1 U 26
28 0 U 27
29 0 U 28
30 0 U 29
31 0 U 30
32 0 U -1
33 1 L 3
34 1 U 33
35 1 U 34
36 1 U 35
37 1 U 36
38 0 U 37
39 1 U 38
40 1 U -1
41 1 U 40
42 1 U 41
43 1 U 42
44 1 U 43
45 1 U 44
46 1 U 45
47 0 U 46
48 1 U -1
49 0 U 48
50 1 U 44
51 1 U 50
52 1 U 51
53 0 U 52
54 1 U 53
55 1 U 54
56 0 U -1
57 1 U 56
58 0 L 22
59 1 U 58
60 1 U 2
61 0 U 60
62 0 U 61
63 1 U 62
64 0 U -1
65 0 U 64
66 1 U 65
67 1 U 66
68 1 U 67
69 1 U 68
70 1 U 69
71 1 U 70
72 0 U -1
73 1 U 72
74 0 U 73
75 1 U 74
76 0 U 75
77 1 U 17
78 1 U 77
79 1 U 78
80
0 0 U -1
1 0 U -1
2 0 U 1
3 0 U 2
4 0 U 3
5 0 U 4
6 1 U 5
7 1 U 6
8 0 U -1
9 1 U 8
10 0 U 9
11 0 U 10
12 0 U 4
13 1 U 12
14 1 U 13
15 0 U 14
16 0 U -1
17 1 U 16
18 1 U 17
19 1 U 18
20 0 U 19
21 0 U 20
22 1 U 21
23 0 U 22
24 1 U -1
25 0 U 13
26 1 U 25
27 1 U 26
28 0 U 27
29 0 U 28
30 0 U 29
31 0 U 30
32 0 U -1
33 1 U 32
34 1 U 33
35 1 U 34
36 1 U 35
37 1 L 13
38 0 U 6
39 1 U 38
40 1 U -1
41 1 U 40
42 1 U 41
43 1 U 42
44 1 U 39
45 1 U 44
46 1 U 45
47 0 U 46
48 1 U -1
49 0 U 48
50 0 U 49
51 1 U 50
52 1 U 51
53 0 U 52
54 1 U 53
55 1 U 54
56 0 U -1
57 1 U 56
58 1 U 49
59 1 U 58
60 0 U 59
61 0 U 60
62 0 U 61
63 1 U 62
64 0 U -1
65 1 L 5
66 1 U 65
67 1 U 66
68 1 U 67
69 1 L 64
70 1 U 69
71 1 U 70
72 0 U -1
73 1 U 72
74 0 U 73
75 1 U 74
76 0 U 75
77 1 U 76
78 1 U 77
79 1 U 78
80
0 0 U -1
1 1 U 0
2 0 U 1
3 0 U 2
4 0 U 3
5 0 U 4
6 1 U 5
7 1 U 6
8 0 U -1
9 1 U 8
10 0 U 9
11 0 U 10
12 1 U 11
13 1 U 12
14 1 U 4
15 0 U 14
16 0 U -1
17 1 U 16
18 1 U 17
19 1 U 18
20 0 U 19
21 0 U 20
22 1 U 21
23 0 U 22
24 1 U -1
25 1 U 24
26 1 U 25
27 1 U 26
28 0 U 27
29 0 U 28
30 0 U 29
31 0 U 30
32 0 U -1
33 1 U 32
34 0 L 28
35 1 U 34
36 0 U 29
37 1 U 36
38 1 L 11
39 1 U 38
40 1 U -1
41 1 U 40
42 1 U 41
43 1 U 42
44 1 U 43
45 1 U 44
46 1 U 33
47 0 U 46
48 1 U -1
49 0 U 48
50 0 U 49
51 1 U 50
52 1 U 51
53 0 U 52
54 1 U 53
55 1 U 54
56 0 U -1
57 1 U 56
58 0 U 57
59 1 U 58
60 0 U 59
61 0 U 60
62 0 U 61
63 1 U 62
64 0 U -1
65 0 U 64
66 1 L 35
67 1 U 66
68 0 U 67
69 1 U 68
70 1 U 69
71 1 U 70
72 0 U -1
73 1 U 72
74 0 U 73
75 1 U 74
76 0 U 75
77 0 U 15
78 1 U 77
79 1 U 78
80
0 0 U -1
1 1 U 0
2 0 U 1
3 0 U 2
4 0 U 3
5 0 U 4
6 1 U 5
7 1 U 6
8 0 U -1
9 1 U 8
10 0 U 9
11 0 U 10
12 1 U 11
13 1 U 12
14 1 U 13
15 1 U -1
16 0 U -1
17 1 U 16
18 1 U 17
19 1 U 18
20 0 U 19
21 0 U 20
22 1 U 21
23 1 U 8
24 1 U -1
25 1 U 24
26 1 U 25
27 1 U 26
28 0 U 27
29 0 U 28
30 0 U 29
31 0 U 30
32 1 U 12
33 1 U 32
34 1 U 33
35 1 U 34
36 0 U 14
37 1 U 36
38 0 U 37
39 1 U 38
40 1 U -1
41 1 U 40
42 1 U 41
43 1 U 42
44 1 U 43
45 1 U 44
46 1 U 45
47 0 U 46
48 1 U -1
49 0 U 48
50 0 U 49
51 1 U 50
52 1 U 51
53 0 U 52
54 1 U 53
55 1 U 54
56 0 U -1
57 1 U 56
58 0 U 57
59 1 U 58
60 0 U 59
61 0 U 60
62 0 U 61
63 1 U 62
64 0 U -1
65 0 U 64
66 1 U 65
67 1 U 66
68 1 U 67
69 1 U 68
70 1 U 69
71 1 U 70
72 0 U -1
73 0 U 54
74 0 U 73
75 1 L 0
76 0 U 75
77 1 U 74
78 1 U 77
79 1 U 78
80
0 0 U -1
1 1 U 0
2 0 U 1
3 0 U 2
4 0 U 3
5 0 U 4
6 1 U 5
7 1 U 6
8 0 U -1
9 1 U 8
10 0 U 9
11 0 U 10
12 1 U 11
13 1 U 12
14 1 U 13
15 0 U 14
16 0 U -1
17 1 U 16
18 1 U 17
19 1 U 18
20 0 U 19
21 0 U 20
22 1 U 21
23 0 U 22
24 1 U -1
25 1 U 24
26 1 U 25
27 1 U 26
28 0 U 27
29 0 U 28
30 0 U 29
31 0 U 30
32 0 L 20
33 1 U 32
34 1 U 33
35 1 U 34
36 1 U 35
37 1 U 36
38 0 U 37
39 0 U 9
40 1 U -1
41 1 L 5
42 1 U 41
43 1 U 42
44 1 U 43
45 1 L 39
46 1 U 45
47 0 U 46
48 1 U -1
49 0 U 48
50 0 U 49
51 1 U 37
52 1 U 51
53 0 U 52
54 1 U 53
55 1 U 54
56 0 U -1
57 1 U 56
58 0 U 57
59 1 U 58
60 0 U 59
61 0 U 60
62 0 U 61
63 1 U 62
64 0 U -1
65 0 U 64
66 1 U 65
67 1 U 66
68 1 U 67
69 1 U 68
70 1 U 69
71 1 L 14
72 0 U -1
73 0 L 71
74 0 U 37
75 1 U 74
76 0 U 75
77 1 U 76
78 1 U 77
79 1 U 78
80
0 0 U -1
1 1 U 0
2 0 U 1
3 0 U 2
4 0 L 3
5 0 U 4
6 1 U 5
7 1 U 6
8 0 U -1
9 1 U 8
10 0 U 9
11 0 U 10
12 1 U 11
13 1 U 12
14 1 U 13
15 0 U 14
16 1 U 1
17 1 U 16
18 1 U 17
19 1 U 18
20 0 U 19
21 0 U 20
22 1 U 21
23 0 U 22
24 1 U -1
25 1 U 24
26 1 U 25
27 1 U 26
28 0 U 27
29 0 U 28
30 0 U 29
31 0 U 30
32 1 L 7
33 1 U 32
34 1 L 29
35 1 U 34
36 1 U 35
37 1 U 36
38 0 U 37
39 0 L 5
40 1 U -1
41 0 L 25
42 1 U 41
43 1 U 42
44 1 U 43
45 1 L 1
46 1 U 45
47 0 U 46
48 1 U -1
49 0 L 45
50 0 U 49
51 1 U 50
52 1 U 51
53 1 L 28
54 1 U 53
55 1 L 19
56 0 U -1
57 1 U 56
58 0 U 57
59 1 U 58
60 0 U 59
61 1 L 40
62 0 U 61
63 1 U 62
64 0 U -1
65 0 L 50
66 1 U 65
67 1 U 66
68 1 U 67
69 1 U 68
70 1 U 69
71 1 U 70
72 0 U -1
73 1 U 72
74 0 U 73
75 0 L 74
76 0 U 75
77 1 U 76
78 1 U 77
79 1 U 78
80
0 1 L -1
1 1 U 0
2 0 U 1
3 0 U 2
4 0 U 3
5 0 U 4
6 1 U 5
7 1 U 6
8 0 U -1
9 1 U 8
10 0 U 9
11 0 U 10
12 1 U 11
13 1 U 12
14 1 U 13
15 0 U 14
16 0 U -1
17 1 U 16
18 1 U 11
19 1 U 18
20 0 U 6
21 0 U 20
22 1 U 21
23 0 U 22
24 1 U -1
25 1 U 24
26 0 U 25
27 1 U 26
28 0 U 27
29 0 U 28
30 0 U 29
31 0 U 30
32 0 U -1
33 1 U 32
34 1 U 33
35 1 U 34
36 1 U 35
37 1 U 36
38 0 U 37
39 1 U 38
40 1 U -1
41 1 U 40
42 1 U 41
43 1 U 42
44 1 U 43
45 1 U 44
46 1 U 45
47 0 U 46
48 1 U -1
49 0 U 48
50 0 U 49
51 1 U 50
52 1 U 51
53 0 U 52
54 1 U 50
55 1 L 42
56 0 U -1
57 1 L 0
58 0 U 57
59 1 U 58
60 0 U 59
61 0 U 60
62 0 U 61
63 1 U 62
64 0 U -1
65 0 U 64
66 1 U 65
67 1 U 66
68 1 U 67
69 1 U 68
70 1 U 69
71 1 U 70
72 0 U -1
73 1 U 72
74 0 U 73
75 1 U 74
76 0 U 75
77 1 U 76
78 1 U 77
79 1 U 78
80
0 0 L -1
1 1 U 0
2 0 U 1
3 0 U 2
4 0 U 3
5 0 U 4
6 1 U 5
7 1 U 6
8 0 U -1
9 1 U 8
10 0 U 9
11 0 U 10
12 1 U 11
13 1 U 12
14 1 U 13
15 0 L 7
16 0 U -1
17 1 U 16
18 0 L 12
19 1 U 18
20 0 U 19
21 0 U 20
22 1 U 21
23 0 U 22
24 1 U -1
25 1 U 24
26 1 U 25
27 1 U 26
28 0 U 27
29 0 U 28
30 0 U 29
31 0 U 30
32 0 U -1
33 1 U 32
34 1 U 33
35 0 L 34
36 1 U 35
37 1 U 36
38 0 U 37
39 1 U 38
40 1 U -1
41 1 U 40
42 1 U 41
43 1 U 42
44 1 U 43
45 0 U 1
46 1 U 45
47 0 U 46
48 1 U -1
49 0 U 48
50 0 U 49
51 1 U 50
52 1 U 51
53 0 U 52
54 1 U 53
55 1 U 54
56 0 U -1
57 1 U 56
58 1 U 53
59 1 U 58
60 1 L 16
61 0 U 60
62 0 U 61
63 1 U 62
64 0 U -1
65 0 U 64
66 1 U 65
67 1 U 66
68 1 U 67
69 1 U 68
70 1 U 69
71 1 U -1
72 0 U -1
73 1 U 72
74 0 U 73
75 1 U 74
76 0 U 75
77 1 U 76
78 1 U 77
79 1 U 78
80
0 0 U -1
1 1 U 0
2 0 U 1
3 0 U 2
4 0 U 3
5 0 U 4
6 1 L 5
7 0 L 6
8 0 U -1
9 1 U 8
10 0 U 9
11 0 U 10
12 0 L 8
13 1 U 12
14 1 U 13
15 0 U 14
16 0 U -1
17 0 U 15
18 1 U 17
19 1 U 18
20 0 U 19
21 0 U 20
22 1 U 21
23 0 U 22
24 0 U 5
25 1 U 24
26 1 U 25
27 1 U 26
28 0 U 27
29 0 U 28
30 0 U 29
31 0 U 30
32 0 U -1
33 1 L 28
34 1 U 33
35 1 U 34
36 1 U 35
37 1 U 36
38 0 U 37
39 1 U 38
40 1 U -1
41 1 U 40
42 1 U 41
43 1 U 42
44 1 U 43
45 0 U 42
46 1 U 45
47 0 U 46
48 1 U 10
49 0 U 48
50 0 U 49
51 1 U 50
52 1 U 51
53 0 U 52
54 1 U 53
55 1 U 54
56 0 U -1
57 1 L 54
58 0 U 57
59 1 U 58
60 0 U 59
61 0 U 60
62 0 U 61
63 1 U 62
64 0 U -1
65 0 U 64
66 1 U 65
67 1 U 66
68 1 L 35
69 1 U 68
70 1 U 69
71 1 U 70
72 0 U -1
73 1 U 72
74 1 U 45
75 1 U 74
76 0 U 75
77 1 U 76
78 1 U 77
79 0 U 3
80
0 0 U -1
1 1 U -1
2 0 U 1
3 0 U 2
4 0 U 3
5 0 U 4
6 0 L 0
7 1 U 6
8 0 U -1
9 1 U 8
10 0 U 9
11 0 U 10
12 1 U 11
13 0 U 2
14 1 L 5
15 0 U 14
16 0 U -1
17 1 U 16
18 1 U 17
19 1 U 18
20 0 U 19
21 0 U 20
22 1 U 21
23 0 U 22
24 1 U -1
25 1 U 24
26 1 U 25
27 1 U 26
28 0 U 27
29 0 U 28
30 0 U 29
31 0 U 30
32 0 U -1
33 1 U 32
34 1 U 33
35 1 U 34
36 1 U 35
37 1 U 36
38 0 U 37
39 1 U 38
40 1 L 22
41 1 U 40
42 1 U 41
43 1 U 42
44 1 U 43
45 1 U 44
46 1 U 45
47 0 U 46
48 1 U -1
49 0 U 48
50 0 U 49
51 1 U 50
52 0 U -1
53 0 U 52
54 1 U 53
55 1 U 54
56 0 U -1
57 1 U 56
58 0 U 57
59 1 U 58
60 0 U 59
61 1 L 13
62 0 U 61
63 1 U 62
64 0 L 44
65 0 L 54
66 1 U 65
67 1 U 66
68 1 U 67
69 1 U 68
70 1 U 69
71 1 U 70
72 0 U -1
73 1 U 72
74 0 U 73
75 1 U 74
76 1 L 64
77 1 U 76
78 1 U 77
79 1 U 78
80
0 0 U -1
1 1 U 0
2 0 U 1
3 0 U 2
4 0 U 3
5 0 U 4
6 1 U 5
7 1 U 6
8 0 U -1
9 1 U 8
10 1 U 7
11 0 U 10
12 1 U 11
13 1 U 12
14 1 U 13
15 0 U 14
16 0 U -1
17 1 U 16
18 1 U 17
19 1 U 18
20 0 U 19
21 0 U 20
22 1 U 21
23 0 U 22
24 1 U -1
25 1 U 24
26 1 U 25
27 1 U 26
28 0 U 27
29 0 U 28
30 1 L 15
31 0 U 30
32 0 U -1
33 1 U 32
34 1 U 33
35 1 U 34
36 1 U 35
37 0 U -1
38 0 U 37
39 1 U 38
40 1 U -1
41 1 U 40
42 1 U 41
43 1 U 42
44 1 U 43
45 1 U 32
46 1 U 45
47 0 U 46
48 1 U -1
49 0 U 48
50 0 U 49
51 1 U 50
52 1 U 51
53 0 U 52
54 1 U 53
55 1 U 54
56 0 U -1
57 1 U 56
58 0 U 2
59 1 U 58
60 0 U 59
61 0 U 60
62 0 U 61
63 0 L 44
64 0 U -1
65 0 U 64
66 1 U 65
67 1 U 66
68 1 U 67
69 0 U 0
70 0 L 48
71 1 U 70
72 0 U -1
73 1 U 72
74 0 U 73
75 1 U 74
76 0 U 75
77 1 U 76
78 1 U 77
79 1 U 78
80
0 0 U -1
1 1 U 0
2 0 U 1
3 1 L 1
4 1 U 2
5 0 U 4
6 1 U 2
7 1 U 6
8 0 U -1
9 1 U 8
10 0 U 9
11 0 U 10
12 1 U 11
13 1 U 12
14 1 U 13
15 0 U 14
16 0 U -1
17 1 U 16
18 1 U 17
19 1 U 18
20 0 U 19
21 0 U 20
22 1 U 21
23 0 U 22
24 1 U -1
25 1 L 5
26 1 U 11
27 1 U 26
28 0 U 27
29 1 U 18
30 0 U 29
31 0 U 30
32 0 U -1
33 1 U 32
34 1 U 33
35 1 U 34
36 0 L 22
37 1 U 36
38 0 U 37
39 1 U 38
40 1 U -1
41 1 U 40
42 0 U 18
43 1 U 42
44 1 U 43
45 1 U 44
46 1 U 45
47 0 U 46
48 1 L 27
49 0 L 17
50 0 U 49
51 1 U 50
52 1 U 51
53 0 U 52
54 1 U 53
55 1 U 54
56 0 U -1
57 1 U 56
58 0 U 57
59 1 U 58
60 0 U 59
61 0 U 60
62 0 U 61
63 1 U 62
64 0 L 50
65 0 U 64
66 1 U 65
67 1 U 66
68 1 U 67
69 1 U 68
70 1 U 69
71 1 U 70
72 0 U -1
73 1 U 72
74 0 U 73
75 1 U 74
76 0 U 75
77 1 U 76
78 1 U 77
79 1 U 44
80
0 0 U -1
1 0 U 0
2 0 U 1
3 0 U 2
4 0 U 3
5 0 L 2
6 1 U 5
7 1 U 0
8 0 U -1
9 1 U 8
10 0 U 9
11 0 U 10
12 1 U 11
13 1 U 12
14 1 U 8
15 0 L 3
16 0 U -1
17 1 U 16
18 1 U 17
19 1 U 18
20 0 U 19
21 0 U 20
22 1 U 7
23 0 U 22
24 1 U -1
25 1 U 24
26 1 U 25
27 1 U 26
28 0 U 27
29 0 U 28
30 0 U 29
31 0 U 30
32 0 U -1
33 0 L 32
34 1 U 33
35 1 U 34
36 0 U 34
37 1 U 36
38 0 U 37
39 1 U 38
40 0 L 35
41 1 U 40
42 1 U 41
43 1 U 42
44 1 L 17
45 1 U 44
46 1 U 45
47 0 U 46
48 1 U -1
49 0 U 48
50 0 U 49
51 1 U 50
52 1 U 51
53 0 U 52
54 1 U 53
55 1 U 54
56 0 U -1
57 1 U 56
58 0 U 57
59 1 U 58
60 0 U 59
61 0 U 60
62 0 U 61
63 1 U 62
64 0 U -1
65 0 U 64
66 1 U 65
67 1 U 66
68 1 U 67
69 1 U 68
70 1 U 69
71 1 U 70
72 0 U -1
73 1 U 72
74 0 U 73
75 1 U 74
76 0 U 27
77 1 U 76
78 1 U 77
79 1 U 78
80
0 0 U -1
1 0 U 0
2 0 U 1
3 0 U 2
4 0 U 3
5 0 L 2
6 1 U 5
7 1 U 0
8 0 U -1
9 1 U 8
10 0 U 9
11 0 U 10
12 1 U 11
13 1 U 12
14 1 U 8
15 0 L 3
16 0 U -1
17 1 U 16
18 1 U 17
19 1 U 18
20 0 U 19
21 0 U 20
22 0 U 20
23 0 U 22
24 1 U -1
25 1 U 24
26 1 U 25
27 1 U 26
28 0 U 27
29 0 U 10
30 0 U 29
31 0 U 30
32 0 U -1
33 0 L 32
34 1 U 33
35 1 U 34
36 1 U -1
37 1 U 36
38 0 U 37
39 1 U 38
40 0 L 35
41 1 U 40
42 1 U 41
43 1 U 42
44 1 L 17
45 1 U 44
46 1 U 45
47 0 U 46
48 0 L 30
49 1 U 3
50 0 U 49
51 1 U 50
52 1 U 51
53 0 U 52
54 1 U 53
55 1 U 54
56 0 U -1
57 1 U 56
58 0 U 57
59 1 U 58
60 0 U 59
61 0 U 60
62 0 U 61
63 1 U 62
64 0 U -1
65 0 U 64
66 1 U 65
67 1 U 66
68 1 U 67
69 1 U 68
70 1 U 69
71 1 U 70
72 0 U -1
73 1 U 72
74 0 U 73
75 1 U 74
76 0 U 27
77 1 U 76
78 1 U 77
79 1 U 78
80
0 0 U -1
1 0 U 0
2 0 L 0
3 0 U 2
4 0 U 3
5 0 L 2
6 1 U 5
7 1 U 4
8 0 U -1
9 0 U 7
10 0 U 9
11 0 U 10
12 1 U 11
13 1 L -1
14 1 U 8
15 0 L 3
16 0 U -1
17 1 U 16
18 1 U 17
19 1 U 18
20 1 L 0
21 0 L 10
22 1 U 8
23 0 U 22
24 1 U -1
25 1 U 24
26 1 U 25
27 1 U 26
28 0 U 27
29 0 U 28
30 0 L 5
31 0 U 30
32 0 U -1
33 0 L 32
34 1 U 33
35 1 U 34
36 0 U 34
37 1 U 36
38 0 L 1
39 1 U 38
40 0 L 35
41 1 U 40
42 1 U 18
43 1 L 12
44 1 L 17
45 1 L 39
46 1 U 45
47 0 U 46
48 1 U -1
49 0 U 48
50 0 U 49
51 1 U 50
52 1 U 51
53 0 U 52
54 1 U 53
55 0 L 14
56 0 U -1
57 1 U 56
58 0 U 57
59 1 U 58
60 0 U 59
61 0 U 60
62 0 U 61
63 1 U 62
64 0 U 18
65 0 L 55
66 1 U 65
67 1 U 66
68 1 U 67
69 1 U 68
70 1 U 69
71 1 U 70
72 0 U -1
73 1 U 72
74 0 U 73
75 0 U 36
76 0 U 27
77 1 L 62
78 1 U 77
79 1 U 78
80
0 0 U -1
1 0 U 0
2 0 U 1
3 0 U 2
4 0 U 3
5 0 L 2
6 1 U 5
7 1 U 0
8 0 U -1
9 1 U 8
10 0 U 9
11 0 U 10
12 1 U 11
13 1 U 12
14 0 L 0
15 0 L 3
16 0 U -1
17 1 U 16
18 1 U 17
19 1 U 18
20 0 U 19
21 0 U 20
22 1 U 7
23 0 U 22
24 1 U -1
25 1 U 24
26 1 U 25
27 1 U 26
28 0 U 27
29 0 U 28
30 0 U 29
31 0 U 30
32 0 U -1
33 0 L 32
34 1 L 3
35 1 U 34
36 0 U 34
37 1 U 36
38 0 U 37
39 1 U 38
40 1 U 28
41 1 U 40
42 0 U 13
43 1 U 42
44 1 L 17
45 1 U 44
46 1 L 8
47 0 U 46
48 1 U -1
49 0 U 48
50 0 U 49
51 1 U 50
52 1 U 51
53 0 U 52
54 1 U 53
55 1 U 54
56 0 U -1
57 1 U 56
58 0 U 57
59 1 U 58
60 0 U 59
61 0 U 60
62 0 U 3
63 1 U 62
64 0 U -1
65 0 U 64
66 1 U 65
67 0 U 45
68 1 U 67
69 1 U 68
70 1 U 69
71 1 U 70
72 0 U -1
73 1 U 72
74 0 U 23
75 1 L 53
76 0 U 27
77 1 U 76
78 1 U 77
79 0 U 59
80
0 0 U -1
1 0 U 0
2 0 U 1
3 1 U 0
4 0 U 3
5 0 L 2
6 1 U 5
7 1 U 0
8 0 U -1
9 1 U 8
10 0 U 9
11 0 U 10
12 1 U 11
13 1 U 12
14 0 L 0
15 0 L 3
16 0 U -1
17 1 U 16
18 1 U 17
19 1 U 18
20 0 U 19
21 0 U 20
22 1 U 7
23 0 L 10
24 1 U -1
25 1 U 24
26 1 U 25
27 1 U 26
28 0 U 27
29 0 U 28
30 0 U 29
31 0 U 30
32 0 U -1
33 0 L 32
34 1 L 3
35 1 U 34
36 0 U 34
37 1 U 36
38 0 U 37
39 1 U 38
40 1 U 28
41 1 U 40
42 0 U 13
43 1 U 42
44 1 L 17
45 1 U 44
46 1 L 8
47 0 U 46
48 1 L 15
49 0 U 48
50 1 L 15
51 1 U 50
52 1 U 51
53 0 U 52
54 1 U 53
55 1 U 54
56 0 U -1
57 1 U 56
58 0 U 57
59 1 U 58
60 0 U 59
61 0 U 60
62 0 U 3
63 1 U 62
64 0 U -1
65 0 U 64
66 1 U 65
67 1 U 27
68 1 U 67
69 1 U 68
70 1 L 14
71 1 U 70
72 0 U -1
73 1 U 72
74 0 U 23
75 1 L 53
76 1 L 58
77 1 U 76
78 0 U 47
79 0 U 59
80
0 0 U -1
1 0 U 0
2 0 U 1
3 0 U 2
4 0 U 3
5 0 L 2
6 1 U 5
7 1 U 0
8 0 U -1
9 1 U 8
10 0 U 9
11 0 U 10
12 1 U 11
13 1 U 12
14 0 L 12
15 0 L 3
16 0 U -1
17 1 U 16
18 1 U 17
19 1 U 18
20 0 U 19
21 0 U 20
22 1 U 7
23 0 U 22
24 1 U -1
25 1 U 24
26 0 U 0
27 1 U 26
28 0 U 27
29 0 U 28
30 0 U 29
31 0 U 30
32 0 U -1
33 0 L 32
34 1 L 3
35 1 U 34
36 0 U 34
37 0 L 2
38 0 U 37
39 1 U 38
40 1 U 28
41 1 U 40
42 0 U 13
43 1 U 42
44 1 L 17
45 1 U 44
46 1 L 8
47 0 U 46
48 1 U -1
49 0 U 48
50 0 L 39
51 1 U 50
52 1 U 51
53 0 U 52
54 1 U 53
55 1 U 54
56 0 U -1
57 1 U 56
58 0 U 57
59 1 U 58
60 0 U 59
61 0 U 60
62 0 U 3
63 1 U 62
64 0 U -1
65 0 U 64
66 1 U 65
67 0 L 4
68 1 U 67
69 1 U 68
70 1 U 65
71 1 U 70
72 0 U -1
73 1 U 72
74 0 U 23
75 0 U 55
76 0 U 27
77 1 U 76
78 1 U 77
79 0 U 59
80
0 0 U -1
1 0 U 0
2 0 U 1
3 0 U 2
4 0 U 3
5 0 L 2
6 1 U 5
7 0 U 3
8 0 U -1
9 1 U 8
10 0 U 9
11 0 U 10
12 1 U 11
13 1 U 12
14 0 L 0
15 0 L 3
16 0 U -1
17 1 U 16
18 1 L 1
19 1 U 18
20 0 U 19
21 0 U 20
22 1 U 7
23 0 U 22
24 1 L 14
25 0 U 17
26 1 U 25
27 1 U 16
28 0 U 27
29 1 U 0
30 0 U 29
31 0 U 30
32 0 U -1
33 0 L 32
34 1 L 3
35 1 U 34
36 0 U 34
37 1 U 36
38 0 U 37
39 1 U 38
40 1 U 28
41 1 U 40
42 0 U 13
43 1 U 42
44 1 L 17
45 1 U 44
46 1 L 8
47 0 U 46
48 1 U -1
49 0 U 48
50 0 U 49
51 1 U 50
52 1 U 51
53 0 U 52
54 1 U 53
55 1 U 54
56 0 U -1
57 1 U 56
58 0 U 57
59 1 U 58
60 0 U 59
61 0 U 60
62 0 U 3
63 1 U 62
64 0 U -1
65 0 U 64
66 1 U 65
67 0 U 45
68 1 U 67
69 0 U 55
70 1 U 69
71 0 U 0
72 0 U -1
73 1 U 72
74 0 U 23
75 1 L 53
76 0 U 27
77 1 U 76
78 1 U 77
79 0 U 48
80
0 0 U -1
1 0 U 0
2 0 U 1
3 0 U 2
4 0 U 1
5 0 L 2
6 1 U 5
7 1 U 0
8 0 U -1
9 1 U 8
10 0 U 9
11 0 U 10
12 1 U 11
13 1 U 12
14 0 L 0
15 0 L 3
16 0 U -1
17 0 L 0
18 1 U 17
19 1 U 18
20 0 U 19
21 0 U 20
22 1 U 7
23 0 U 22
24 0 U 7
25 1 U 24
26 1 U 25
27 1 L 20
28 0 U 27
29 0 U 28
30 0 U 29
31 0 U 30
32 0 U -1
33 0 L 32
34 1 L 3
35 1 U 34
36 0 U 34
37 1 U 36
38 0 U 37
39 1 U 38
40 1 U 28
41 1 U 40
42 0 U 13
43 1 U 42
44 1 L 17
45 1 U 44
46 1 L 8
47 0 U 46
48 1 U -1
49 0 U 48
50 0 U 49
51 1 U 50
52 1 U 51
53 0 U 52
54 1 U 53
55 1 U 54
56 0 U -1
57 1 U 56
58 0 U 57
59 1 U 23
60 0 U 59
61 0 U 60
62 0 U 3
63 1 U 62
64 0 U -1
65 0 U 64
66 1 U 65
67 0 U 45
68 1 U 67
69 1 U 68
70 1 U 69
71 1 U 70
72 0 U -1
73 1 U 72
74 0 U 23
75 0 L 28
76 0 U 27
77 1 U 76
78 1 U 77
79 0 U 59
80
0 0 U -1
1 0 U 0
2 0 U 1
3 0 U 2
4 0 U 3
5 0 L 2
6 0 U 0
7 1 U 0
8 0 U -1
9 1 U 8
10 0 U 9
11 0 U 10
12 1 U 11
13 1 U 12
14 0 L 0
15 0 L 3
16 0 U -1
17 1 U 16
18 1 U 17
19 1 U 18
20 0 U 19
21 0 U 20
22 1 U 7
23 0 U 22
24 1 U -1
25 1 U 24
26 0 L 16
27 1 U 26
28 0 U 27
29 0 U 28
30 0 U 29
31 0 U 30
32 0 U -1
33 1 U 1
34 1 L 3
35 1 U 34
36 0 U 34
37 1 U 36
38 0 U 37
39 1 U 38
40 1 U 28
41 1 L 31
42 0 U 13
43 1 U 42
44 1 L 17
45 1 U 44
46 1 L 8
47 0 U 46
48 1 U -1
49 0 U 48
50 0 L 9
51 1 U 50
52 1 U 51
53 0 U 52
54 1 U 53
55 1 U 54
56 0 U -1
57 1 U 56
58 0 U 57
59 1 U 58
60 0 U 59
61 0 U 60
62 0 U 3
63 1 U 62
64 1 L 61
65 0 U 64
66 1 U 65
67 0 U 45
68 1 U 67
69 1 U 68
70 1 U 69
71 1 U 70
72 0 U -1
73 1 U 72
74 0 U 23
75 1 L 53
76 0 U 27
77 1 U 76
78 1 U 77
79 0 U 59
80
0 0 U -1
1 0 U 0
2 1 U 1
3 0 U 2
4 0 U 3
5 0 L 2
6 1 L 5
7 1 U 0
8 0 U -1
9 1 U 8
10 0 U 9
11 0 U 10
12 1 U 11
13 1 U 12
14 0 L 0
15 0 L 3
16 0 U -1
17 1 U 16
18 1 U 17
19 0 U 12
20 0 U 19
21 0 U 20
22 0 L 9
23 0 U 22
24 1 U -1
25 1 U 24
26 1 U 25
27 1 U 26
28 0 U 27
29 0 U 28
30 1 L 23
31 0 U 24
32 0 U -1
33 0 L 32
34 1 U 22
35 0 U 9
36 1 U 6
37 1 U 36
38 1 L 27
39 1 U 38
40 1 U 28
41 1 U 40
42 0 L 13
43 1 U 42
44 1 L 17
45 1 U 44
46 1 U 35
47 0 U 46
48 1 U -1
49 0 U 48
50 0 U 49
51 0 L 33
52 1 U 51
53 0 U 52
54 1 U 53
55 1 U 54
56 0 U -1
57 1 U 56
58 0 U 57
59 1 U 58
60 0 U 59
61 0 U 60
62 0 U 3
63 1 U 40
64 0 U -1
65 0 U 64
66 1 U 65
67 0 L 53
68 0 U 49
69 1 U 68
70 0 U 50
71 1 U 70
72 0 U -1
73 1 U 64
74 0 U 48
75 1 L 53
76 0 U 27
77 1 U 76
78 1 U 77
79 0 U 78
80
0 0 U -1
1 0 U 0
2 0 U 1
3 0 U 2
4 0 U 3
5 0 L 2
6 1 U 5
7 1 U 0
8 0 U -1
9 1 U 7
10 0 U 9
11 0 U 10
12 1 U 11
13 1 U 12
14 0 L 0
15 0 L 3
16 0 U -1
17 1 U 16
18 1 U 17
19 1 U 18
20 0 U 19
21 0 U 20
22 1 U 7
23 0 U 22
24 0 L 7
25 1 U 24
26 1 U 25
27 1 U 26
28 0 U 27
29 0 U 28
30 0 U 29
31 0 U 30
32 0 U -1
33 0 L 32
34 1 L 3
35 1 U 34
36 0 U 34
37 1 U 36
38 0 U 37
39 1 U 22
40 1 L 34
41 1 U 40
42 0 U 13
43 1 U 42
44 1 L 17
45 1 U 44
46 1 L 8
47 0 U 46
48 1 U -1
49 0 U 48
50 0 U 49
51 1 U 50
52 1 L 13
53 0 U 52
54 1 U 53
55 1 U 54
56 0 U -1
57 1 U 56
58 0 U 57
59 1 U 58
60 0 U 59
61 0 U 60
62 0 U 3
63 1 U 62
64 0 U -1
65 0 U 64
66 1 U 65
67 0 U 45
68 1 U 67
69 1 U 68
70 1 U 69
71 1 U 70
72 0 U -1
73 1 U 72
74 0 U 23
75 1 L 53
76 0 U 27
77 1 U 76
78 1 U 77
79 0 U 59
80
0 0 U -1
1 0 U 0
2 0 U 1
3 0 U 0
4 0 U 3
5 0 L 2
6 1 U 5
7 1 U 1
8 0 U -1
9 1 U 8
10 0 U 9
11 0 U 10
12 0 U 0
13 1 U 12
14 0 L 0
15 0 L 3
16 0 U -1
17 1 U 16
18 1 U 17
19 1 U 18
20 0 U 19
21 0 U 20
22 0 L 8
23 0 U 22
24 1 U -1
25 1 U 24
26 1 U 25
27 1 U 26
28 0 U 27
29 0 U 28
30 0 U 29
31 0 U 30
32 0 U -1
33 0 L 32
34 1 L 3
35 1 U 34
36 1 U 5
37 1 U 36
38 0 U 37
39 1 L 3
40 0 L -1
41 1 U 40
42 1 U 35
43 1 U 42
44 1 L 17
45 1 U 44
46 1 L 8
47 0 U 46
48 0 L 35
49 1 L 3
50 0 U 49
51 1 U 50
52 1 U 51
53 0 U 52
54 0 U 16
55 1 U 54
56 0 U -1
57 1 U 56
58 0 U 57
59 1 U 58
60 0 U 59
61 0 U 60
62 0 U 3
63 1 U 62
64 0 U -1
65 0 U 64
66 1 U 65
67 0 U 45
68 1 U 67
69 1 U 68
70 1 U 69
71 1 U 70
72 0 U -1
73 1 U 72
74 0 U 23
75 1 L 53
76 0 U 27
77 1 U 76
78 1 U 77
79 0 U 59
80
0 0 U -1
1 0 U 0
2 0 U 0
3 1 L -1
4 0 U 3
5 0 L 2
6 1 U 5
7 1 U 0
8 0 U -1
9 1 U 8
10 0 U 9
11 0 U 10
12 1 U 11
13 0 U 4
14 0 L 0
15 0 L 3
16 0 U -1
17 1 U 16
18 1 U 17
19 1 U 18
20 1 L -1
21 0 U 20
22 1 U 7
23 0 U 22
24 1 U -1
25 1 U 24
26 1 U 25
27 1 U 26
28 0 U 27
29 0 U 28
30 0 U 29
31 0 U 30
32 0 U -1
33 0 L 32
34 1 L 3
35 1 U 34
36 0 U 34
37 0 L 4
38 0 U 37
39 1 U 38
40 1 U 28
41 1 U 40
42 0 U 13
43 1 U 42
44 1 L 17
45 1 U 44
46 0 L 44
47 0 U 46
48 1 U -1
49 0 U 48
50 0 U 49
51 1 U 50
52 1 U 51
53 0 U 52
54 1 U 53
55 1 U 54
56 0 U -1
57 1 U 56
58 0 U 57
59 1 U 58
60 0 U 59
61 0 U 60
62 0 U 3
63 1 U 62
64 0 U -1
65 0 U 64
66 1 U 65
67 0 U 45
68 1 U 67
69 1 U 68
70 1 U 69
71 1 U 70
72 0 U -1
73 1 U 72
74 0 U 23
75 1 L 53
76 0 U 27
77 1 U 76
78 1 U 77
79 0 U 59
80
0 0 U -1
1 0 U 0
2 0 U 1
3 0 U 2
4 0 U 3
5 0 L 2
6 1 U 5
7 1 U 0
8 0 U -1
9 1 U 8
10 0 U 9
11 0 U 10
12 1 U 11
13 1 U 12
14 0 L 0
15 1 U 5
16 0 U -1
17 1 U 16
18 1 U 17
19 1 U 18
20 0 U 19
21 0 U 20
22 1 L 7
23 0 U 22
24 1 U -1
25 1 U 24
26 1 U 25
27 1 U 26
28 0 U 27
29 0 U 28
30 0 U 29
31 0 U 30
32 0 U -1
33 0 L 32
34 1 L 3
35 1 U 34
36 0 L 31
37 1 U 36
38 0 U 37
39 1 U 38
40 0 U 10
41 1 U 40
42 0 U 13
43 1 U 42
44 1 L 17
45 1 L 27
46 1 L 8
47 0 U 46
48 1 U -1
49 0 U 48
50 0 U 49
51 1 U 50
52 0 L 40
53 0 U 52
54 1 U 53
55 1 U 54
56 0 U -1
57 1 U 56
58 0 U 57
59 1 U 58
60 0 U 0
61 0 U 60
62 0 U 3
63 1 U 62
64 0 U -1
65 0 U 64
66 1 U 65
67 0 U 45
68 1 U 67
69 1 U 68
70 1 U 69
71 1 U 70
72 0 U -1
73 1 U 72
74 0 U 23
75 1 L 53
76 0 U 27
77 1 U 76
78 1 U 77
79 0 U 59
80
0 0 U -1
1 0 U 0
2 0 U 1
3 1 U 2
4 0 U 3
5 0 L 2
6 1 U 5
7 1 U 0
8 0 U -1
9 1 U 8
10 1 L 2
11 0 U 10
12 1 U 11
13 1 U 12
14 0 L 0
15 0 L 3
16 0 U -1
17 0 L 11
18 1 U 17
19 1 U 18
20 0 U 19
21 1 L -1
22 1 U 7
23 0 U 22
24 1 U -1
25 1 U 24
26 1 U 25
27 1 U 26
28 0 U 27
29 0 U 28
30 0 U 4
31 0 U 30
32 0 U -1
33 0 L 32
34 1 L 3
35 1 U 34
36 0 U 34
37 1 U 36
38 0 U 37
39 1 U 38
40 1 L 13
41 1 U 40
42 0 L 37
43 1 U 42
44 1 U 15
45 1 U 44
46 1 L 8
47 0 U 46
48 1 U 16
49 1 U 6
50 0 U 49
51 1 U 50
52 1 U 15
53 0 U 52
54 1 U 53
55 1 U 54
56 0 U -1
57 1 U 56
58 0 U 57
59 1 U 58
60 0 U 59
61 0 U 60
62 0 U 3
63 1 U 62
64 0 U -1
65 0 U 64
66 1 U 65
67 0 U 45
68 1 U 67
69 1 U 68
70 1 U 51
71 1 U 70
72 0 U -1
73 1 U 57
74 0 U 23
75 1 L 53
76 0 U 27
77 1 U 76
78 1 U 77
79 0 U 59
80
0 0 U -1
1 0 U 0
2 0 U 1
3 0 U 2
4 0 U 3
5 0 L 2
6 1 U 5
7 1 U 0
8 0 U -1
9 1 U 8
10 0 U 9
11 0 U 10
12 1 U 11
13 1 U 12
14 0 L 0
15 0 L 3
16 0 U -1
17 1 U -1
18 1 U 17
19 1 U 18
20 1 U 8
21 0 U 20
22 1 U 7
23 0 U 22
24 1 U -1
25 1 U 24
26 1 U 25
27 1 U 26
28 0 U 27
29 0 U 28
30 0 U 29
31 0 U 30
32 0 U -1
33 0 L 32
34 1 L 3
35 1 U 34
36 0 U 33
37 1 U 36
38 0 U 37
39 1 U 38
40 1 U 28
41 1 U 40
42 1 U 16
43 1 U 42
44 1 L 17
45 1 U 44
46 1 L 8
47 0 U 46
48 1 U -1
49 0 U 48
50 0 U 49
51 1 U 50
52 1 U 51
53 0 U 52
54 1 U 53
55 1 L 17
56 0 U -1
57 1 U 56
58 0 U 57
59 1 U 58
60 0 U 59
61 0 U 60
62 0 U 3
63 1 U 62
64 0 U -1
65 0 U 64
66 1 U 65
67 0 U 45
68 1 U 34
69 1 U 68
70 1 U 69
71 1 U 70
72 0 U -1
73 1 U 72
74 0 U 23
75 1 L 53
76 0 U 27
77 1 U 76
78 1 U 77
79 0 U 59
80
0 0 U -1
1 0 U 0
2 0 U 1
3 0 U 2
4 0 U 3
5 0 L 2
6 1 U 5
7 1 U 0
8 0 U -1
9 1 U 8
10 0 U 9
11 0 U 10
12 1 U 11
13 1 U 12
14 0 L 0
15 0 L 3
16 1 L 13
17 1 U 16
18 1 U 17
19 1 U 18
20 0 U 19
21 0 U 20
22 1 U 7
23 0 U 22
24 1 U -1
25 1 U 24
26 1 U 25
27 1 U 26
28 0 U 27
29 0 U 28
30 0 U 29
31 0 U 30
32 0 U -1
33 0 L 32
34 1 L 3
35 1 L 13
36 0 U 34
37 1 U 36
38 0 U 37
39 1 U 38
40 1 U 28
41 1 U 20
42 0 U 13
43 1 U 42
44 1 L 17
45 1 U 44
46 1 L 8
47 0 U 46
48 1 U -1
49 0 U 48
50 0 U 49
51 1 U 50
52 1 U 51
53 0 U 52
54 1 U 53
55 1 U 54
56 0 U -1
57 1 U 56
58 0 U 57
59 1 U 58
60 0 U 59
61 0 U 60
62 0 U 3
63 1 L 46
64 0 U -1
65 0 U 64
66 1 U 65
67 0 U 45
68 1 U 67
69 1 U 68
70 1 U 69
71 1 U 70
72 0 U -1
73 0 U 16
74 0 U 23
75 1 L 53
76 0 U 27
77 1 U 76
78 1 U 77
79 0 U 59
80
0 0 U -1
1 0 U 0
2 0 U 1
3 0 U 2
4 0 U 3
5 0 L 2
6 1 U 5
7 1 U 0
8 0 U -1
9 1 U 8
10 0 U 9
11 0 U 10
12 1 U 11
13 1 U 12
14 0 L 0
15 0 L 3
16 0 U -1
17 1 U 16
18 1 U 17
19 1 U 18
20 0 U 19
21 0 U 20
22 1 U 7
23 0 L 7
24 1 U -1
25 1 U 24
26 1 U 25
27 1 U 26
28 0 U 27
29 0 U 28
30 0 U 29
31 0 U 30
32 0 U -1
33 0 L 32
34 1 L 3
35 1 U 34
36 0 U 34
37 1 U 36
38 0 U 37
39 1 U 38
40 0 U 24
41 1 U 40
42 0 U 13
43 1 U 42
44 1 L 17
45 1 U 44
46 1 L 8
47 0 U 46
48 1 U -1
49 0 U 48
50 0 U 49
51 1 U 50
52 1 U 51
53 0 U 52
54 1 U 53
55 1 U 54
56 0 U -1
57 1 U 56
58 0 U 57
59 1 U 58
60 0 U 59
61 0 U 60
62 0 U 3
63 1 U 62
64 0 U -1
65 0 U 53
66 1 U 65
67 0 U 45
68 1 U 67
69 1 U 68
70 1 U 69
71 0 L 57
72 0 U -1
73 1 U 72
74 0 U 23
75 1 U 19
76 0 U 27
77 1 U 76
78 1 U 77
79 0 U 59
80
0 1 U -1
1 0 U 0
2 0 U 1
3 0 U 2
4 0 U 3
5 0 L 2
6 0 U 3
7 1 U 0
8 0 U -1
9 1 U 8
10 0 U 9
11 0 U 10
12 0 L 6
13 1 U 12
14 0 L 0
15 0 L 3
16 0 U 1
17 1 U 16
18 1 U 17
19 0 U 15
20 0 U 19
21 1 L 8
22 1 U 7
23 0 U 22
24 1 U -1
25 1 U 24
26 1 U 25
27 1 U 26
28 0 U 27
29 0 U 28
30 0 U 29
31 0 U 30
32 0 U -1
33 0 L 32
34 1 L 3
35 1 L 0
36 1 L 17
37 1 U 36
38 0 U 10
39 1 U 38
40 1 U 28
41 1 U 40
42 0 U 13
43 0 L 35
44 1 L 17
45 1 U 44
46 1 L 8
47 1 U 11
48 1 U -1
49 0 U 48
50 0 U 49
51 1 U 50
52 1 U 51
53 0 U 52
54 1 U 53
55 1 U 7
56 0 U -1
57 1 U 56
58 0 U 57
59 1 U 58
60 0 U 59
61 0 U 19
62 0 U 3
63 0 L 29
64 0 L 9
65 0 U 64
66 1 U 65
67 0 U 45
68 1 U 67
69 1 U 68
70 1 U 69
71 1 U 70
72 0 U -1
73 1 U 72
74 0 U 23
75 1 L 53
76 0 L 5
77 1 U 76
78 1 U 77
79 0 U 59
80
0 0 U -1
1 0 U 0
2 0 U 1
3 0 U 2
4 0 U 3
5 0 L 2
6 1 U 5
7 1 U 0
8 0 U -1
9 1 U 8
10 0 U 9
11 0 U 10
12 1 U 6
13 1 U 12
14 0 L 0
15 0 L 3
16 0 U -1
17 1 U 16
18 1 U 17
19 1 U 18
20 0 L 4
21 0 U 20
22 0 U 17
23 0 U 22
24 1 U -1
25 1 U 19
26 1 U 25
27 1 U 26
28 0 U 27
29 0 U 28
30 0 U 29
31 0 U 30
32 0 U -1
33 0 L 32
34 1 L 3
35 1 U 34
36 0 U 34
37 1 U 36
38 0 U 37
39 1 U 38
40 1 U 28
41 1 U 40
42 0 U 13
43 1 U 42
44 0 L 0
45 1 U 44
46 1 U 35
47 0 U 46
48 1 U -1
49 0 U 48
50 0 U 49
51 1 U 50
52 1 U 51
53 0 U 52
54 0 U 0
55 1 L 42
56 0 U -1
57 1 U 56
58 0 U 57
59 1 U 58
60 0 U 59
61 0 U 60
62 0 U 3
63 1 U 62
64 1 L 60
65 0 U 64
66 1 U 65
67 0 U 45
68 1 U 67
69 1 U 68
70 1 U 69
71 1 U 70
72 0 U -1
73 1 U 72
74 0 U 23
75 1 U 45
76 0 U 27
77 0 U 58
78 1 U 77
79 0 U 59
80
0 0 U -1
1 0 U 0
2 0 U 1
3 0 L -1
4 0 U 3
5 0 L 2
6 0 U 0
7 1 U 0
8 1 U 7
9 1 U 8
10 0 U 9
11 0 U 10
12 1 U 11
13 1 U 12
14 0 L 0
15 1 L 2
16 0 U -1
17 0 U 16
18 1 U 17
19 1 U 18
20 0 U 19
21 0 U 20
22 1 U 7
23 0 U 22
24 1 U -1
25 1 U 24
26 0 U 16
27 1 U 25
28 0 U 27
29 0 U 28
30 0 L 25
31 0 U 30
32 0 U -1
33 0 L 32
34 1 L 3
35 1 U 34
36 0 U 34
37 1 U 36
38 1 L 13
39 1 U 38
40 1 U 28
41 1 U 40
42 0 U 13
43 1 U 42
44 1 L 17
45 1 U 44
46 1 L 8
47 0 U 46
48 1 U -1
49 0 U 48
50 0 U 49
51 1 U 50
52 1 U 51
53 0 U 52
54 1 U 53
55 1 U 54
56 0 U -1
57 1 U 28
58 1 U 8
59 1 U 58
60 0 U 59
61 0 L 0
62 0 U 3
63 1 U 1
64 0 U -1
65 0 U 64
66 1 U 65
67 0 U 45
68 1 U 12
69 1 U 68
70 1 U 69
71 1 U 70
72 0 U -1
73 1 U 72
74 0 U 23
75 1 U 36
76 0 U 64
77 1 U 76
78 1 U 77
79 0 U 59
80
0 0 U -1
1 0 U 0
2 0 U 1
3 0 U 2
4 0 U 3
5 0 L 2
6 0 U 3
7 1 U 0
8 0 U -1
9 1 U 8
10 0 U 9
11 0 U 10
12 1 U 11
13 1 U 10
14 0 L 0
15 0 L 3
16 0 U -1
17 1 U 16
18 1 U 17
19 1 U 18
20 0 U 19
21 0 U 20
22 1 U 7
23 0 U 22
24 1 U -1
25 1 U 24
26 1 U 25
27 1 U 26
28 0 U 27
29 0 U 28
30 0 U 29
31 0 U 30
32 0 U -1
33 0 L 32
34 1 L 3
35 1 L 20
36 0 U 34
37 1 U 36
38 0 U 37
39 1 U 38
40 1 U 28
41 1 U 40
42 0 U 13
43 1 U 42
44 0 L 26
45 1 U 44
46 1 L 8
47 0 U 46
48 1 U -1
49 0 U 48
50 0 U 49
51 1 U 50
52 1 U 51
53 1 U -1
54 1 U 53
55 1 U 54
56 0 U -1
57 1 U 56
58 0 U 57
59 1 U 58
60 0 U 59
61 0 U 60
62 0 U 3
63 1 U 62
64 0 U -1
65 0 U 64
66 1 U 65
67 0 U 45
68 1 U 67
69 1 U 68
70 1 U 69
71 1 U 70
72 0 U -1
73 1 U 72
74 0 U 23
75 1 L 53
76 0 U 27
77 1 U 76
78 1 U 77
79 0 U 59
80
0 0 L -1
1 0 U 0
2 0 U 1
3 0 U 2
4 0 U 3
5 0 L 4
6 1 U 5
7 1 U 0
8 0 U -1
9 1 U 8
10 0 U 9
11 0 U 10
12 1 U 11
13 0 U 12
14 1 L 4
15 0 L 3
16 0 U -1
17 1 U 16
18 1 U 17
19 1 U 18
20 0 U 19
21 0 U 20
22 1 U 7
23 0 U 22
24 1 U -1
25 1 U 24
26 1 U 25
27 1 U 26
28 0 U 27
29 0 U 28
30 0 U 29
31 0 U 30
32 0 U -1
33 0 L 32
34 1 L 3
35 1 L 31
36 0 U 34
37 1 U 36
38 0 U 37
39 1 U 38
40 1 U 28
41 1 U 40
42 1 L 17
43 1 U 42
44 1 L 17
45 1 U 44
46 1 U 9
47 1 L 11
48 1 U -1
49 0 U 48
50 0 U 49
51 1 U 50
52 1 U 51
53 0 U 52
54 1 U 53
55 1 U 54
56 0 U -1
57 1 U 56
58 0 U 57
59 1 U 58
60 0 U 59
61 0 U 60
62 0 U 3
63 1 U 62
64 0 U -1
65 0 U 64
66 1 U 35
67 0 U 45
68 1 U 67
69 1 U 68
70 1 U 69
71 1 U 70
72 1 U 33
73 1 U 72
74 0 U 23
75 1 L 38
76 1 L 68
77 1 U 76
78 1 U 77
79 0 U 59
80
0 0 U -1
1 0 U 0
2 0 U 1
3 0 U 2
4 0 U 3
5 0 L 2
6 1 U 5
7 1 U 0
8 0 L 4
9 1 U 1
10 0 U 9
11 0 U 10
12 1 U 11
13 1 U 12
14 0 L 0
15 0 L 3
16 0 U -1
17 1 U 16
18 1 U 17
19 1 U 18
20 0 U 19
21 0 U 20
22 1 U 7
23 0 U 22
24 1 U -1
25 1 U 24
26 1 U 25
27 1 U 25
28 0 U 27
29 0 U 28
30 0 U 29
31 0 U 30
32 0 U -1
33 1 L 18
34 1 L 3
35 1 U 34
36 1 U 27
37 1 U 36
38 0 U 37
39 1 U 38
40 0 U 20
41 1 U 40
42 0 U 13
43 1 U 42
44 1 L 17
45 1 U 44
46 1 L 8
47 0 U 46
48 1 U -1
49 1 U 17
50 0 U 49
51 1 U 50
52 1 U 51
53 0 U 52
54 1 U 53
55 1 U 18
56 0 U -1
57 1 U 56
58 0 U 57
59 1 U 58
60 0 U 59
61 0 U 60
62 0 U 3
63 1 U 62
64 0 U -1
65 0 U 64
66 1 U 65
67 0 U 45
68 1 U 67
69 1 U 68
70 1 U 69
71 1 U 70
72 0 U -1
73 1 U 72
74 0 U 23
75 1 U 8
76 0 U 27
77 1 U 76
78 1 U 77
79 0 U 59
80
0 1 U -1
1 0 U 0
2 0 U 1
3 0 U 1
4 0 U 1
5 0 L 2
6 1 U 5
7 1 L -1
8 0 U -1
9 1 U 8
10 0 U 9
11 0 U 10
12 1 U 3
13 1 U 12
14 0 L 0
15 0 L 3
16 0 U -1
17 1 U 16
18 1 U 17
19 1 U 18
20 0 U 19
21 0 U 20
22 1 U 7
23 0 U 22
24 1 U -1
25 1 L -1
26 1 U 25
27 1 U 26
28 0 U 11
29 0 U 24
30 0 U 29
31 0 U 30
32 0 U -1
33 0 L 32
34 1 L 3
35 1 U 34
36 0 U 34
37 1 U 36
38 0 U 37
39 1 U 38
40 1 U 28
41 1 U 40
42 0 U 13
43 1 U 42
44 1 L 17
45 1 U 44
46 1 L 8
47 0 U 46
48 1 U -1
49 0 U 48
50 0 U 49
51 1 U 50
52 1 U 51
53 0 U 52
54 1 U 53
55 1 U 54
56 0 U -1
57 1 U 56
58 0 U 8
59 1 U 58
60 0 U 59
61 0 U 60
62 0 U 3
63 1 U 62
64 0 U -1
65 0 U 64
66 0 L 23
67 0 U 45
68 1 U 67
69 1 U 68
70 1 U 69
71 1 U 70
72 0 L 24
73 1 U 72
74 0 U 23
75 1 L 53
76 0 U 27
77 1 U 76
78 1 U 77
79 0 L 40
80
0 0 U -1
1 0 U 0
2 0 U 1
3 0 U 2
4 0 U 3
5 0 L 2
6 1 U 5
7 1 L -1
8 0 U -1
9 1 U 8
10 1 U 5
11 0 U 10
12 1 U 11
13 1 U 12
14 0 L 0
15 0 L 3
16 0 U -1
17 1 U 16
18 1 U 17
19 1 U 18
20 0 U 9
21 0 U 20
22 1 U 7
23 0 U 22
24 1 U -1
25 1 U 24
26 1 U 25
27 1 U 26
28 0 U 27
29 0 U 28
30 0 U 29
31 0 L 7
32 0 U -1
33 0 L 32
34 1 L 3
35 1 U 34
36 0 U 34
37 1 U 36
38 0 U 37
39 1 U 38
40 1 U 28
41 1 U 40
42 0 U 13
43 1 U 42
44 1 L 17
45 1 L 6
46 1 L 8
47 0 U 46
48 1 U -1
49 0 U 48
50 1 U 15
51 1 U 50
52 1 U 51
53 0 U 52
54 0 U 3
55 1 U 54
56 0 U -1
57 1 U 56
58 0 U 57
59 1 U 58
60 0 L 41
61 0 U 60
62 0 U 28
63 1 U 62
64 0 U -1
65 0 U 64
66 1 U 65
67 1 U 31
68 1 U 67
69 1 U 68
70 1 U 69
71 1 U 70
72 0 U -1
73 1 U 72
74 0 U 45
75 1 L 53
76 0 U 6
77 1 U 76
78 1 U 77
79 1 L 55
80
0 0 U -1
1 0 U 0
2 0 U 1
3 0 U 2
4 0 U 3
5 0 L 2
6 1 U 5
7 1 U 0
8 0 U -1
9 1 U 8
10 0 U 9
11 1 U 5
12 1 U 11
13 1 U 12
14 0 L 0
15 0 L 3
16 0 U -1
17 1 U 10
18 1 U 17
19 1 U 18
20 0 U 19
21 0 U 20
22 1 U 7
23 0 L 18
24 1 U -1
25 1 U 24
26 1 U 25
27 1 U 26
28 0 U 27
29 0 U 28
30 0 U 29
31 0 U 30
32 0 U -1
33 0 L 17
34 1 L 3
35 1 U 34
36 0 U 34
37 1 U 36
38 0 U 37
39 1 U 38
40 1 U 28
41 1 U 40
42 0 U 13
43 1 U 42
44 1 L 17
45 1 U 44
46 1 L 8
47 0 U 46
48 1 U -1
49 0 U 48
50 0 U 49
51 1 U 50
52 1 U 51
53 1 L 10
54 1 U 53
55 1 U 54
56 0 U -1
57 1 U 56
58 0 U 57
59 1 U 58
60 0 U 59
61 0 U 51
62 0 U 3
63 1 U 62
64 0 U -1
65 0 U 64
66 1 U 65
67 0 U 45
68 0 U -1
69 1 U 68
70 1 U 69
71 1 U 70
72 0 U -1
73 1 U 72
74 0 U 23
75 1 L 53
76 0 U 27
77 1 U 76
78 1 U 77
79 0 U 59
80
0 0 U -1
1 0 U 0
2 0 U 1
3 0 U 2
4 0 L -1
5 0 L 2
6 1 U 5
7 0 L 1
8 0 U -1
9 1 U 8
10 0 U 9
11 1 L 7
12 1 U 11
13 1 U 12
14 0 L 0
15 0 L 3
16 0 U -1
17 1 U 16
18 1 U 17
19 1 U 18
20 1 L 19
21 1 U 2
22 1 U 7
23 0 U 22
24 1 U -1
25 1 U 24
26 1 U 25
27 1 U 26
28 0 U 27
29 0 U 28
30 0 U 29
31 0 U 30
32 0 U -1
33 0 L 32
34 1 L 3
35 1 U 34
36 1 L 30
37 1 U 36
38 0 U 37
39 1 U 38
40 0 L 34
41 1 U 40
42 0 U 13
43 1 U 42
44 1 L 17
45 1 U 44
46 1 L 8
47 0 U 46
48 0 U 3
49 0 U 48
50 0 U 49
51 1 U 50
52 1 U 51
53 0 U 52
54 1 U 53
55 1 U 54
56 0 U -1
57 1 U 56
58 0 U 57
59 1 L 54
60 0 U 59
61 0 U 60
62 1 L 32
63 1 U 62
64 0 U -1
65 1 U 36
66 0 U 17
67 0 U 45
68 1 U 67
69 1 U 68
70 1 U 69
71 1 U 70
72 0 U -1
73 1 U 72
74 0 U 23
75 1 L 53
76 0 U 27
77 1 U 76
78 1 U 77
79 0 U 59
80
0 0 U -1
1 0 U 0
2 1 U 0
3 0 U 2
4 0 U 3
5 0 L 2
6 1 U 5
7 1 U 0
8 0 U -1
9 1 U 8
10 0 U 9
11 0 L 0
12 1 U 11
13 1 U 12
14 0 L 0
15 0 L 3
16 0 U -1
17 1 U 16
18 1 U 17
19 1 U 18
20 0 U 19
21 1 U 1
22 1 U 0
23 0 U 22
24 0 L 1
25 1 U 24
26 1 U 25
27 1 U 26
28 0 U 27
29 0 U 28
30 1 L 10
31 0 U 30
32 0 U -1
33 0 L 32
34 1 L 3
35 1 U 34
36 0 U 34
37 1 U 36
38 0 U 37
39 1 L 34
40 1 U 28
41 1 U 40
42 0 U 13
43 1 L 28
44 1 L 17
45 1 U 44
46 1 L 8
47 0 U 46
48 1 U -1
49 0 U 48
50 0 U 49
51 1 U 50
52 1 U 51
53 0 U 52
54 1 U 53
55 1 U 54
56 0 U -1
57 1 U 56
58 1 U 9
59 1 U 58
60 0 U 59
61 0 U 60
62 0 U 3
63 1 U 62
64 0 U -1
65 0 U 64
66 1 U 65
67 0 U 45
68 1 U 67
69 1 U 68
70 1 U 69
71 1 U 70
72 0 U -1
73 1 U 14
74 0 U 23
75 1 U 30
76 0 U 27
77 1 U 76
78 1 U 77
79 0 U 59
80
0 0 U -1
1 0 U 0
2 0 U 1
3 0 U 2
4 0 U 3
5 0 L 2
6 1 U 5
7 0 U -1
8 0 U -1
9 1 L 0
10 0 U 9
11 0 U 10
12 1 U 11
13 1 U 12
14 0 L 0
15 0 L 3
16 0 U -1
17 1 U 16
18 1 U 17
19 1 U 18
20 0 U 19
21 0 U 14
22 1 U 7
23 0 U 22
24 1 U -1
25 1 U 24
26 1 U 25
27 1 U 26
28 0 U 27
29 0 U 28
30 1 U 3
31 0 U 30
32 0 U -1
33 0 L 32
34 1 L 3
35 1 U 34
36 0 U 34
37 1 U 36
38 0 U 37
39 1 U 38
40 1 U 28
41 1 U 40
42 0 U 13
43 1 U 42
44 1 L 17
45 1 U 44
46 1 U 38
47 0 U 46
48 1 U -1
49 0 U 48
50 0 U 49
51 1 U 50
52 1 U 11
53 0 U 52
54 1 U 53
55 0 U 21
56 0 U -1
57 1 L 17
58 0 U 57
59 1 U 58
60 0 U 59
61 1 U 54
62 0 U 3
63 1 U 62
64 1 U 33
65 0 U 64
66 1 U 65
67 0 U 45
68 1 U 67
69 0 U 22
70 1 U 69
71 1 L 40
72 0 U -1
73 1 U 72
74 0 U 23
75 1 L 53
76 0 U 27
77 1 U 76
78 1 U 28
79 0 U 77
80
0 0 U -1
1 0 U 0
2 0 U 1
3 0 U 2
4 0 U 3
5 0 L 2
6 1 U 5
7 1 U 0
8 0 U -1
9 1 U 8
10 0 U 9
11 0 U 10
12 1 U 11
13 1 U 12
14 0 L 0
15 0 L 3
16 0 U -1
17 1 U 16
18 1 U 17
19 1 U 18
20 0 L 19
21 0 U 20
22 1 U 7
23 0 U 22
24 1 U -1
25 1 U 24
26 1 U 13
27 1 U 26
28 0 U 27
29 0 U 28
30 0 U 29
31 0 U 30
32 0 U -1
33 0 L 32
34 1 L 3
35 1 U 34
36 0 U 34
37 1 U 36
38 0 U 37
39 1 L 7
40 1 U 28
41 1 U 40
42 0 U 13
43 1 U 42
44 1 L 17
45 1 U 44
46 1 L 8
47 0 U 46
48 1 U -1
49 0 L 3
50 0 U 49
51 0 U 12
52 1 U 51
53 0 U 52
54 1 U 53
55 1 U 54
56 0 U -1
57 1 U 56
58 0 U 57
59 1 U 58
60 0 U 39
61 1 L 1
62 0 U 3
63 1 U 62
64 0 U -1
65 0 U 64
66 1 U 65
67 0 U 45
68 1 U 67
69 1 U 68
70 0 L 48
71 1 U 70
72 0 U -1
73 1 U 72
74 0 U 23
75 1 L 53
76 0 U 27
77 1 U 76
78 1 U 77
79 0 U 59
80
0 0 U -1
1 1 U -1
2 0 U 1
3 0 U 2
4 0 U 3
5 0 L 2
6 1 U 5
7 1 U 0
8 0 U -1
9 1 U 8
10 0 U 9
11 0 U 10
12 1 U 11
13 1 U 12
14 0 L 0
15 0 L 3
16 0 U -1
17 1 U 16
18 1 U 17
19 1 U 18
20 0 U 19
21 0 U 20
22 1 U 7
23 0 U 22
24 1 U 11
25 1 U 24
26 1 U 25
27 1 U 26
28 0 U 27
29 0 U 28
30 0 U 29
31 0 U 30
32 0 U -1
33 0 L 32
34 1 L 3
35 1 U 34
36 0 U 34
37 1 U 36
38 0 U 37
39 1 U 38
40 1 U 28
41 1 U 40
42 0 U 13
43 1 U 42
44 1 L 17
45 1 U 44
46 1 L 8
47 1 U 42
48 1 L 21
49 0 U 48
50 0 U 49
51 1 U 50
52 1 U 51
53 0 U 52
54 1 U 53
55 1 U 54
56 0 U -1
57 1 U 56
58 0 U 57
59 1 U 58
60 0 U 59
61 0 U 60
62 0 U 3
63 1 U 62
64 0 U -1
65 0 U 64
66 1 U 65
67 0 U 45
68 1 U 67
69 1 U 68
70 1 U 69
71 1 U 70
72 0 U -1
73 1 U 72
74 0 U 23
75 1 L 53
76 0 U 27
77 1 U 76
78 1 U 77
79 0 U 59
80
0 0 U -1
1 0 U 0
2 0 U 1
3 0 U 2
4 0 U 3
5 0 L 2
6 0 L 5
7 1 U 0
8 0 U -1
9 1 U 3
10 0 U 9
11 0 U 10
12 1 U 11
13 1 U 12
14 0 L 0
15 0 L 3
16 0 U -1
17 1 U 16
18 0 L 8
19 1 U 18
20 0 U 19
21 0 U 20
22 1 U 7
23 0 U 22
24 1 U -1
25 1 U 24
26 1 U 25
27 1 U 26
28 0 U 27
29 0 U 28
30 0 U 29
31 0 U 30
32 0 U -1
33 0 L 32
34 1 L 3
35 1 U 34
36 0 U 34
37 1 U 36
38 0 U 37
39 1 U 16
40 1 U 28
41 1 U 40
42 0 U 13
43 1 U 42
44 1 L 17
45 1 U 44
46 1 L 8
47 0 U 46
48 1 U -1
49 0 U 48
50 0 U 49
51 1 U 50
52 1 L 18
53 0 U 52
54 1 L 52
55 1 U 54
56 0 U -1
57 1 U 56
58 0 U 57
59 1 U 58
60 1 L 38
61 0 U 60
62 0 U 3
63 1 U 62
64 0 U -1
65 0 U 64
66 1 U 65
67 1 L 23
68 1 U 67
69 1 U 68
70 1 U 69
71 1 U 70
72 0 U -1
73 1 U 72
74 0 U 23
75 1 L 53
76 1 U 33
77 0 L 29
78 1 U 22
79 0 U 59
80
0 0 U -1
1 0 U 0
2 0 U 1
3 0 U 2
4 0 U 3
5 0 L 2
6 1 U 5
7 1 U 0
8 0 U -1
9 1 U 8
10 0 U 9
11 0 U 10
12 1 U 11
13 1 U 12
14 0 L 0
15 0 L 3
16 0 L 13
17 1 U 3
18 1 U 17
19 1 U 18
20 0 U 19
21 0 U 20
22 1 U 7
23 0 U 22
24 1 U -1
25 1 U 24
26 1 U 25
27 1 U 26
28 0 U 27
29 0 U 28
30 0 U 29
31 0 U 30
32 0 U -1
33 0 L 32
34 1 L 3
35 1 U 34
36 0 U 34
37 1 U 36
38 0 U 37
39 1 U 38
40 1 U 28
41 1 U 40
42 0 U 13
43 1 U 42
44 1 L 17
45 1 U 44
46 1 L 23
47 0 U 46
48 1 U -1
49 0 U 48
50 0 U 49
51 1 U 50
52 1 U 51
53 1 L 33
54 1 U 53
55 1 U 54
56 0 U -1
57 1 U 56
58 0 U 57
59 1 U 58
60 0 U 59
61 0 U 60
62 0 U 3
63 1 U 62
64 0 L 14
65 0 U 64
66 1 U 65
67 0 L 31
68 1 U 67
69 0 U 48
70 1 U 69
71 1 U 70
72 0 U -1
73 1 U 72
74 1 L 28
75 1 L 53
76 0 U 27
77 1 U 76
78 1 U 77
79 1 U 46
