53
0 1 U -1
1 0 U 0
2 0 U 1
3 1 U 2
4 1 U 3
5 0 U 4
6 0 U 5
7 1 U -1
8 0 U 7
9 0 U 8
10 1 U 9
11 0 U 10
12 1 U 11
13 0 U 12
14 0 U -1
15 1 U 14
16 1 U 15
17 0 U 16
18 0 U 17
19 0 U 18
20 0 U 19
21 1 U -1
22 0 U 21
23 1 U 22
24 0 U 23
25 1 U 24
26 1 U 25
27 1 U 26
28 1 U -1
29 0 U 28
30 0 U 29
31 1 U 30
32 0 U 31
33 0 U 32
34 1 U 33
35 1 U -1
36 0 U 35
37 0 U 36
38 0 U 37
39 1 U 38
40 0 U 39
41 0 U 40
42 1 U -1
43 0 U 42
44 0 U 43
45 0 U 44
46 0 U 45
47 0 U 46
48 1 U 47
49 1 U -1
50 0 U 49
51 0 U 50
52 1 U 51
53
0 1 U -1
1 0 U 0
2 0 U 1
3 1 U 2
4 1 U 3
5 0 U 4
6 0 U 5
7 0 U 1
8 0 U 7
9 0 U 8
10 1 U 3
11 1 L 5
12 1 U 11
13 0 U 12
14 0 L 10
15 1 U 14
16 1 U 15
17 0 U 16
18 0 U 17
19 0 U 18
20 0 L 4
21 1 U -1
22 0 U 21
23 1 U 22
24 0 U 23
25 1 U 24
26 1 U 25
27 1 U 26
28 1 U -1
29 0 U 28
30 0 U 29
31 1 U 30
32 0 U 31
33 0 U 32
34 1 U 33
35 1 U -1
36 0 U 35
37 0 U 36
38 0 U 37
39 1 U 38
40 1 L 29
41 0 U 40
42 1 U -1
43 0 U 42
44 0 U 43
45 0 U 44
46 0 U 45
47 0 U 46
48 1 U 47
49 1 U -1
50 1 U 48
51 0 U 50
52 1 U 27
53
0 1 U -1
1 0 U 0
2 0 U 1
3 1 U 2
4 1 U 3
5 0 U 4
6 0 U 5
7 1 U -1
8 1 U 1
9 0 U 8
10 1 U 9
11 0 U 10
12 1 U 11
13 0 U 12
14 0 U -1
15 1 U 14
16 1 U 15
17 0 U 16
18 0 U 17
19 0 U 18
20 0 U 19
21 0 U 9
22 0 U 21
23 1 U 22
24 0 U 23
25 1 U 24
26 1 U 25
27 1 U 26
28 1 U 5
29 0 U 28
30 0 U 29
31 1 U 30
32 0 U 31
33 0 U 32
34 1 U 33
35 1 U -1
36 0 U 35
37 0 U 36
38 1 L 35
39 1 U 38
40 0 U 39
41 0 U 40
42 1 U -1
43 0 U 42
44 0 U 43
45 0 U 44
46 0 U 45
47 0 U 46
48 1 U 47
49 1 U -1
50 1 L 38
51 0 U 50
52 1 U 51
53
0 1 U -1
1 0 U 0
2 0 U 1
3 1 U 2
4 1 U 3
5 0 U 4
6 0 U 5
7 1 U -1
8 0 U 7
9 0 U 8
10 1 U 9
11 0 U 10
12 1 U 11
13 0 U 12
14 1 L 10
15 1 U 14
16 1 U 15
17 0 U 16
18 0 U 17
19 0 U 18
20 0 U 19
21 1 U -1
22 0 U 21
23 1 U 22
24 1 L 13
25 1 U 24
26 1 U 25
27 1 L 24
28 1 U -1
29 0 U 28
30 0 U 29
31 1 U 30
32 0 U 27
33 0 U 32
34 0 U 13
35 1 U -1
36 1 U 16
37 0 U 36
38 0 U 37
39 1 U 38
40 0 U 39
41 0 U 40
42 1 U -1
43 0 U 42
44 0 U 43
45 0 L 19
46 0 U 45
47 0 U 46
48 1 U 47
49 0 U 40
50 0 U 49
51 0 U 50
52 1 U 51
53
0 1 U -1
1 0 U 0
2 0 U 1
3 1 U 2
4 1 U 3
5 0 U 4
6 0 U 5
7 1 U -1
8 0 U 0
9 0 U 8
10 1 U 9
11 0 U 10
12 1 U 11
13 0 U 12
14 0 U -1
15 1 U 14
16 1 U 15
17 0 U 16
18 0 U 17
19 0 U 18
20 0 L 16
21 1 U -1
22 0 U 21
23 1 U 22
24 0 U 23
25 1 U 24
26 1 U 25
27 1 U 26
28 1 L 7
29 0 U 28
30 0 L 29
31 1 U 30
32 0 U 20
33 0 U 32
34 1 U 33
35 1 U -1
36 0 U 35
37 0 U 36
38 0 U 37
39 1 U 38
40 0 U 39
41 1 L 34
42 1 U -1
43 0 U 42
44 0 U 43
45 0 U 44
46 0 U 45
47 0 U 46
48 1 U 47
49 1 U -1
50 0 U 49
51 0 U 50
52 1 U 51
53
0 1 U -1
1 0 U 0
2 0 U 1
3 1 U 2
4 1 U 3
5 0 U 4
6 0 U 5
7 1 U -1
8 0 U 7
9 0 U 8
10 1 U 9
11 0 U 10
12 1 U 11
13 0 U 12
14 0 U -1
15 1 L 0
16 1 U 15
17 0 U 16
18 0 U 17
19 0 U 18
20 0 U 19
21 1 U -1
22 0 U 21
23 1 U 22
24 0 U 23
25 1 U 24
26 0 U 3
27 0 U 7
28 1 U -1
29 0 U 28
30 0 U 29
31 1 U 30
32 0 U 31
33 0 U 32
34 1 U 33
35 1 U -1
36 0 U 35
37 0 U 36
38 0 U 29
39 1 U 38
40 0 U 39
41 0 U 40
42 1 U -1
43 0 U 42
44 0 U 43
45 0 U 44
46 0 U 45
47 0 U 46
48 1 U 47
49 1 U -1
50 0 U 49
51 0 U 35
52 0 U 46
53
0 0 L -1
1 0 U 0
2 0 U 1
3 1 U 2
4 1 U 3
5 0 U 4
6 0 U 2
7 0 L 5
8 0 U 7
9 0 U 8
10 1 U 9
11 0 U 10
12 1 U 11
13 0 U 12
14 0 U -1
15 1 U 14
16 1 U 15
17 0 U 16
18 0 U 17
19 0 U 18
20 0 U 19
21 1 U -1
22 0 U 21
23 1 U 22
24 0 L 0
25 1 U 24
26 1 U 7
27 1 U 26
28 1 U -1
29 0 U 28
30 0 U 29
31 1 U 30
32 0 U 31
33 0 U 32
34 1 U 33
35 1 U -1
36 0 U 35
37 0 U 36
38 0 U 37
39 1 U 38
40 0 U 39
41 0 U 40
42 1 U -1
43 0 U 42
44 0 U 43
45 0 U 44
46 0 U 45
47 0 L 2
48 1 U 47
49 1 U -1
50 0 U 49
51 0 U 50
52 1 U 51
53
0 1 U -1
1 0 U 0
2 0 U 1
3 1 U 2
4 1 U 3
5 0 U 4
6 0 U 5
7 1 U -1
8 0 U 7
9 0 U 2
10 1 U 9
11 0 U 10
12 1 U 11
13 0 U 12
14 0 U -1
15 1 U 14
16 1 U 15
17 0 U 16
18 0 U 17
19 0 U 18
20 0 U 19
21 1 U -1
22 0 U 21
23 1 U 22
24 0 U 23
25 1 U 24
26 1 U 25
27 1 U 26
28 0 U 1
29 0 U 28
30 0 U 29
31 1 U 30
32 0 U 31
33 0 U 32
34 1 U 33
35 1 L 2
36 0 U 35
37 1 U 3
38 0 U 35
39 1 U 38
40 0 U 39
41 0 U 40
42 1 U -1
43 0 U 42
44 0 U 43
45 0 U 44
46 0 U 45
47 0 U 46
48 1 U 47
49 1 U -1
50 0 U 49
51 0 U 50
52 1 U 51
53
0 1 U -1
1 0 U 0
2 0 U 1
3 1 U 2
4 1 U 3
5 0 U 4
6 0 L 1
7 1 U -1
8 0 U 7
9 0 U 8
10 1 U 9
11 0 U 10
12 1 U 11
13 0 U 12
14 0 U -1
15 1 U 14
16 1 U 1
17 0 L 14
18 0 U 17
19 0 U 18
20 0 U 19
21 1 U -1
22 0 U 21
23 1 U 22
24 0 U 23
25 1 U 24
26 1 U 25
27 1 U 26
28 1 U -1
29 0 U 28
30 0 U 29
31 1 U 30
32 0 U 31
33 0 U 32
34 1 U 33
35 1 U -1
36 0 U 35
37 0 U 36
38 0 U 37
39 1 U 38
40 0 U 39
41 0 U 40
42 1 U -1
43 0 U 42
44 0 U 43
45 0 U 44
46 1 L 12
47 0 U 46
48 1 U 47
49 0 L 3
50 0 U 49
51 0 U 50
52 1 U 51
53
0 1 U -1
1 1 L 0
2 0 U 1
3 0 L -1
4 1 U 3
5 0 U 4
6 0 U 5
7 1 U -1
8 1 L 5
9 0 U 8
10 1 U 9
11 0 U 10
12 1 U 11
13 0 U 12
14 0 U -1
15 1 U 14
16 1 U 15
17 0 U 16
18 0 U 17
19 0 U 18
20 0 U 19
21 1 U -1
22 0 U 21
23 1 U 22
24 0 U 23
25 1 L 10
26 1 U 25
27 1 U 26
28 1 U -1
29 0 U 28
30 0 U 29
31 1 U 30
32 0 U 31
33 0 U 32
34 1 U 33
35 1 U -1
36 0 U 35
37 0 U 36
38 0 U 37
39 1 U 38
40 0 U 39
41 0 U 40
42 1 U -1
43 0 U 42
44 0 U 43
45 0 U 44
46 0 U 45
47 0 U 46
48 1 U 47
49 1 U -1
50 0 U 49
51 0 U 50
52 1 U 51
53
0 1 U -1
1 1 L -1
2 0 U 1
3 1 U 2
4 1 U 3
5 0 U 4
6 0 U 5
7 1 U -1
8 0 U 7
9 0 U 8
10 1 U 9
11 0 U 10
12 1 U 11
13 0 U 12
14 0 U -1
15 1 U 14
16 1 L 11
17 0 U 16
18 0 U 17
19 0 U 18
20 1 U 10
21 1 U -1
22 0 U 21
23 1 U 22
24 0 U 23
25 1 U 9
26 1 U 25
27 1 U 26
28 1 U -1
29 0 U 28
30 0 U -1
31 1 U 30
32 0 U 31
33 0 U 32
34 1 U 33
35 1 U -1
36 0 U 35
37 0 U 36
38 0 U 37
39 1 U 38
40 0 U 39
41 0 U 40
42 1 L 17
43 0 U 42
44 0 U 43
45 0 L 24
46 0 U 45
47 0 U 46
48 1 U 47
49 0 L 12
50 0 U 49
51 0 U 50
52 1 U 51
53
0 1 U -1
1 0 U 0
2 0 U 1
3 1 U 2
4 1 U 3
5 0 U 4
6 0 U 5
7 1 U -1
8 0 U 7
9 0 U 8
10 1 U 9
11 0 U 10
12 1 U 11
13 0 U 12
14 0 U -1
15 1 U 14
16 1 U 15
17 0 U 16
18 0 U 17
19 0 U 18
20 0 U 19
21 1 U -1
22 0 U 21
23 1 U 22
24 0 U 23
25 1 U 24
26 1 U 25
27 1 U 26
28 1 U -1
29 0 U 28
30 0 U 29
31 1 U 30
32 0 U 31
33 0 U 32
34 1 U 33
35 1 L 3
36 0 U 35
37 1 L 17
38 0 U 7
39 1 U 38
40 0 U 39
41 1 L 24
42 1 L 15
43 0 U 42
44 0 U 43
45 0 U 44
46 0 U 45
47 0 U 46
48 1 U 47
49 1 U -1
50 0 U 49
51 1 U 50
52 1 U 51
53
0 1 U -1
1 0 U 0
2 0 U 1
3 1 U 2
4 0 U 0
5 0 U 4
6 0 U 5
7 1 U -1
8 0 U 7
9 0 U 8
10 1 U 9
11 1 L 5
12 1 U 11
13 0 U 12
14 0 U -1
15 1 U 14
16 0 U 10
17 0 U 16
18 0 U 17
19 1 L 5
20 0 U 19
21 1 U -1
22 0 U 21
23 1 U 22
24 0 U 23
25 1 U 2
26 1 U 25
27 1 U 26
28 1 U -1
29 0 U 28
30 0 U 29
31 1 U 30
32 0 U 31
33 0 U 32
34 1 U 33
35 1 U -1
36 0 U 35
37 0 U 36
38 1 U 3
39 1 U 38
40 1 L 22
41 0 U 40
42 1 U -1
43 1 L 19
44 0 U 43
45 0 U 44
46 0 U 45
47 0 U 46
48 1 U 47
49 1 U -1
50 0 U 49
51 0 U 50
52 1 U 51
53
0 1 U -1
1 0 U 0
2 0 U 1
3 1 U 2
4 1 U 3
5 0 U 3
6 0 U 5
7 1 U -1
8 0 U 7
9 1 U 7
10 1 U 9
11 0 U 10
12 1 U 11
13 0 U 12
14 0 U -1
15 1 U 14
16 1 U 15
17 0 U 16
18 0 U 17
19 0 U 18
20 0 U 19
21 1 U -1
22 0 U 21
23 1 U 22
24 0 U 23
25 1 U 24
26 0 U 8
27 1 U 26
28 1 U -1
29 0 U 28
30 0 U 29
31 1 U 30
32 0 U 31
33 0 U 32
34 1 U 33
35 1 U -1
36 0 U 35
37 0 U 36
38 0 U 37
39 1 U 38
40 1 U 1
41 0 U 40
42 0 U 30
43 0 U 42
44 0 U 43
45 0 U 44
46 0 U 45
47 0 U 46
48 1 U 47
49 1 U -1
50 0 U 49
51 0 U 50
52 1 L 51
53
0 1 U -1
1 0 U 0
2 0 U 1
3 1 U 2
4 1 U 3
5 1 U 3
6 0 U 5
7 1 U -1
8 0 U 7
9 0 U 8
10 1 U 9
11 0 U 10
12 1 U 11
13 0 U 12
14 0 U -1
15 1 U 14
16 1 U 15
17 0 U 16
18 0 U 17
19 0 U 18
20 0 U 19
21 1 U -1
22 0 U 21
23 1 U 22
24 0 U 23
25 0 U 0
26 1 U 25
27 1 U 26
28 0 L 16
29 0 U 28
30 1 U 1
31 1 U 30
32 0 U 31
33 0 U 3
34 1 L 20
35 1 U -1
36 0 U 35
37 0 U 36
38 0 U 37
39 1 U 38
40 0 U 39
41 0 U 40
42 1 U -1
43 0 U 42
44 0 U 43
45 0 U 44
46 0 U 45
47 0 U 46
48 1 U 47
49 1 U 29
50 0 U 49
51 0 U 50
52 1 U 51
53
0 1 U -1
1 0 U 0
2 1 U -1
3 1 U 2
4 1 U 1
5 0 U 4
6 0 U 5
7 1 U -1
8 0 U 7
9 0 U 8
10 1 U 9
11 0 L 1
12 1 U 11
13 0 U 12
14 0 U -1
15 0 L 9
16 1 U 15
17 0 U 16
18 0 U 17
19 0 U 18
20 0 U 19
21 1 U -1
22 0 U 21
23 1 U 22
24 0 U 23
25 1 U 24
26 1 U 25
27 1 U 26
28 1 U -1
29 1 L 3
30 0 U 29
31 1 U 30
32 0 U 31
33 1 U 8
34 1 U 33
35 1 U -1
36 0 U 35
37 0 U 36
38 0 U 37
39 1 U 38
40 0 U 39
41 0 U 40
42 1 U -1
43 0 U 42
44 0 U 43
45 0 U 44
46 0 U 45
47 0 U 46
48 1 U 47
49 1 U -1
50 0 U 49
51 0 U 50
52 1 U 51
53
0 1 U -1
1 0 U 0
2 1 U -1
3 1 L 0
4 1 U 1
5 0 U 4
6 0 U 5
7 1 U -1
8 0 U 7
9 0 U 8
10 1 U 9
11 0 L 1
12 1 U 11
13 0 U 12
14 0 U -1
15 0 L 9
16 1 U 15
17 0 U 16
18 0 U 17
19 0 U 18
20 0 U 19
21 1 U -1
22 0 U 21
23 1 U 22
24 0 U 23
25 1 U 24
26 1 U 25
27 1 U 26
28 1 U -1
29 1 L 3
30 0 U 29
31 1 U 30
32 0 U 31
33 1 U 8
34 1 U 33
35 1 U -1
36 0 U 35
37 0 U 36
38 0 U 37
39 1 U 38
40 0 U 39
41 1 U 15
42 1 U -1
43 0 U 42
44 0 U 43
45 0 U 44
46 0 U 45
47 0 U 46
48 0 L 43
49 1 L 40
50 0 U 49
51 0 U 50
52 1 U 51
53
0 1 U -1
1 0 U 0
2 1 U -1
3 1 U 2
4 1 U 1
5 0 U 4
6 0 U 5
7 1 U -1
8 0 U 7
9 0 U 8
10 1 U 9
11 1 U 7
12 1 U 11
13 0 U 12
14 0 U -1
15 0 L 9
16 1 U 15
17 0 U 16
18 0 U 17
19 0 U 18
20 0 U 19
21 1 U -1
22 0 U 21
23 1 U 22
24 0 U 23
25 1 U 24
26 1 U 25
27 1 U 26
28 1 U -1
29 1 L 3
30 0 U 29
31 1 U 30
32 0 U 31
33 1 U 8
34 1 U 33
35 1 U -1
36 1 L 3
37 0 U 36
38 0 U 37
39 1 U 38
40 0 U 39
41 0 U 40
42 1 U -1
43 0 U 42
44 0 U 43
45 0 U 44
46 0 U 45
47 0 U 46
48 1 U 47
49 1 U -1
50 0 U 49
51 0 U 50
52 1 U 51
53
0 1 U -1
1 0 U 0
2 1 U -1
3 1 U 2
4 1 U 1
5 0 U 4
6 0 U 5
7 1 U -1
8 0 U 7
9 0 U 8
10 1 U 9
11 0 L 1
12 1 U 11
13 1 U 3
14 0 U -1
15 0 L 9
16 1 U 15
17 0 U 16
18 0 U 17
19 0 U 18
20 0 U 19
21 1 U -1
22 0 U 21
23 1 U 22
24 0 U 23
25 1 U 24
26 1 U 25
27 1 U 26
28 1 U -1
29 1 U 11
30 1 L 29
31 1 L 13
32 0 U 20
33 1 U 8
34 1 U 33
35 1 U -1
36 0 U 35
37 1 U 33
38 1 U 35
39 1 U 38
40 0 U 39
41 0 U 40
42 1 U -1
43 0 U 42
44 0 U 43
45 0 L 38
46 0 U 45
47 0 U 46
48 1 U 47
49 1 U -1
50 0 U 49
51 0 L 44
52 1 U 51
53
0 1 U -1
1 0 U 0
2 1 U -1
3 1 U 2
4 1 U -1
5 0 U 4
6 0 U 5
7 1 U -1
8 0 U 7
9 0 U 8
10 1 U 9
11 0 L 1
12 1 U 11
13 0 U 12
14 0 U -1
15 0 L 9
16 1 U 15
17 0 L 4
18 0 U 17
19 0 U 18
20 0 U 19
21 1 U -1
22 1 U 18
23 1 U 22
24 0 U 23
25 1 U 24
26 1 U 25
27 1 U 26
28 1 U -1
29 1 L 3
30 0 U 29
31 1 U 30
32 0 U 31
33 1 U 8
34 1 U 33
35 1 U -1
36 0 U 35
37 0 U 5
38 0 U 37
39 1 U 38
40 0 U 39
41 0 U 40
42 1 U -1
43 0 U 42
44 0 U 40
45 0 U 44
46 0 U 45
47 1 L 35
48 1 U 47
49 1 U -1
50 0 U 49
51 0 U 50
52 1 U 51
53
0 1 U -1
1 0 L 0
2 1 U -1
3 1 U 2
4 1 U 1
5 0 U 3
6 0 U 5
7 1 U -1
8 0 U 7
9 0 U 8
10 1 U 9
11 0 L 1
12 1 L 7
13 0 U 12
14 0 U -1
15 1 U 3
16 1 U 15
17 0 U 16
18 0 U 17
19 0 U 18
20 0 U 19
21 1 U -1
22 0 U 21
23 1 U 22
24 1 L -1
25 1 U 24
26 1 U 25
27 1 U 26
28 1 U -1
29 1 L 3
30 0 U 29
31 1 U 30
32 0 U 31
33 1 U 8
34 1 U 33
35 1 U -1
36 0 U 35
37 0 U 36
38 0 U -1
39 0 U 8
40 0 U 39
41 0 U 40
42 1 L 17
43 0 U 42
44 0 U 43
45 0 U 44
46 0 U 45
47 0 U 46
48 1 U 47
49 1 U -1
50 0 U 49
51 0 U 50
52 1 U 51
53
0 1 U -1
1 1 U -1
2 0 U 0
3 1 U 2
4 1 U 1
5 0 U 4
6 0 U 5
7 1 U -1
8 0 U 7
9 0 U 8
10 1 U 9
11 0 L 1
12 1 U 11
13 0 U 12
14 0 L 0
15 1 U 8
16 1 U 15
17 0 U 16
18 0 U 17
19 0 U 18
20 0 U 19
21 1 U -1
22 0 U 21
23 1 U 22
24 0 U 23
25 1 U 24
26 1 U 25
27 1 U 26
28 1 U -1
29 1 L 3
30 0 U 29
31 1 U 30
32 0 U 31
33 1 U 8
34 1 U 33
35 1 U -1
36 0 U 35
37 0 U 36
38 0 U 37
39 1 U 38
40 0 U 39
41 0 U 40
42 1 U -1
43 0 L 5
44 0 U 43
45 0 U 44
46 0 U 45
47 0 U 46
48 0 L 6
49 1 U -1
50 0 L 2
51 0 U 50
52 1 U 51
53
0 1 U -1
1 0 U 0
2 1 U -1
3 1 U 2
4 1 U 1
5 0 U 4
6 0 U 5
7 1 U -1
8 0 U 7
9 0 U 8
10 1 U 9
11 0 L 1
12 1 U 11
13 0 U 12
14 0 U -1
15 0 L 9
16 1 U 15
17 0 U 16
18 0 U 17
19 1 L 18
20 0 U 19
21 1 U -1
22 0 U 21
23 1 U 22
24 0 U 23
25 1 U 24
26 1 U 25
27 1 U 26
28 1 U -1
29 1 L 3
30 0 U 29
31 1 U 30
32 0 U 31
33 0 L 4
34 1 U 33
35 1 U -1
36 0 U 35
37 0 U 36
38 0 U 37
39 1 U 38
40 0 U 39
41 0 U 40
42 1 U -1
43 0 U 42
44 0 U 43
45 0 U 44
46 0 U 45
47 0 U 46
48 1 U 47
49 1 U -1
50 0 U 49
51 0 U 50
52 1 U 51
53
0 1 U -1
1 0 U 0
2 1 U -1
3 1 U 2
4 1 U 1
5 0 U 4
6 0 U 5
7 1 U -1
8 0 U 7
9 0 U 8
10 1 L 4
11 0 L 1
12 1 U 11
13 0 U 12
14 0 U -1
15 0 L 9
16 1 U 15
17 0 U 16
18 0 U 17
19 0 U 18
20 0 L 9
21 1 U -1
22 0 U 21
23 1 U 22
24 0 U 23
25 1 U 24
26 1 U 25
27 1 U 26
28 1 U -1
29 1 L 3
30 0 U 29
31 1 U 30
32 0 U 31
33 0 U 28
34 1 U 33
35 1 U -1
36 1 L 18
37 0 U 36
38 0 U 37
39 1 U 38
40 0 U 39
41 0 U 40
42 1 U 9
43 0 U 42
44 0 U 43
45 0 U 44
46 0 U 45
47 0 U 46
48 1 U 47
49 1 U -1
50 0 U 49
51 0 U 50
52 1 U 51
53
0 1 U -1
1 1 L -1
2 1 U -1
3 1 U 2
4 1 U 1
5 0 U 4
6 0 U 5
7 1 U -1
8 0 U 7
9 0 U 8
10 1 U 9
11 0 L 1
12 0 U 4
13 0 U 12
14 0 U -1
15 0 L 9
16 1 U 15
17 0 U 16
18 0 U 17
19 0 U 18
20 0 U 19
21 1 U -1
22 0 U 21
23 1 U 22
24 0 U 23
25 1 U 24
26 1 U 25
27 1 U 26
28 1 U -1
29 1 L 3
30 0 U 13
31 1 U 30
32 0 U 31
33 1 U 8
34 1 U 33
35 1 U -1
36 0 U 35
37 0 U 36
38 0 U 37
39 0 L 21
40 0 U 39
41 0 U 40
42 1 U -1
43 0 U 42
44 0 U 43
45 0 U 44
46 0 U 45
47 0 U 46
48 1 U 47
49 1 U -1
50 1 U 49
51 0 U 50
52 1 U 51
53
0 1 U -1
1 0 U 0
2 1 U -1
3 1 U -1
4 1 U 1
5 0 U 2
6 0 U 5
7 1 U -1
8 0 U 7
9 1 L 2
10 0 L -1
11 0 L 1
12 1 U 11
13 0 U 12
14 0 U -1
15 0 L 9
16 1 U 15
17 0 U 16
18 0 U 17
19 0 U 18
20 0 U 19
21 1 U -1
22 0 U 21
23 1 U 22
24 0 U 23
25 1 U 24
26 1 U 25
27 1 U 26
28 1 U -1
29 1 L 3
30 0 U 29
31 1 U 30
32 0 U 31
33 1 U 8
34 1 U 33
35 1 U -1
36 0 U 35
37 0 U 36
38 0 U 37
39 1 U 38
40 0 U 39
41 0 U 40
42 1 U -1
43 0 U 42
44 0 U 43
45 0 U 44
46 0 U 45
47 1 L 4
48 1 U 47
49 1 U -1
50 0 U 49
51 0 U 50
52 1 U 51
53
0 1 U -1
1 0 U 0
2 1 U -1
3 1 U 2
4 1 U 1
5 0 U 4
6 0 U 5
7 1 U -1
8 0 U 7
9 0 U 8
10 1 U 6
11 0 L 1
12 1 U 11
13 0 U 12
14 0 U -1
15 0 L 9
16 1 U 15
17 0 U 16
18 0 L 10
19 1 U 14
20 0 U 19
21 1 U -1
22 0 U 21
23 1 U 22
24 0 U 23
25 1 U 24
26 1 U 25
27 1 U 26
28 1 U -1
29 1 L 3
30 0 U 29
31 1 U 30
32 0 U 31
33 1 U 8
34 1 U 33
35 1 U -1
36 0 U 35
37 0 U 36
38 0 U 37
39 1 U 38
40 0 U 39
41 0 U 40
42 1 U -1
43 0 U 42
44 0 U 43
45 0 U 44
46 0 U 45
47 0 U 46
48 1 U 47
49 1 U -1
50 0 U 49
51 0 U 50
52 1 U 51
53
0 1 U -1
1 0 U 0
2 1 U -1
3 1 U 2
4 1 U 1
5 0 U 4
6 0 U 5
7 1 U -1
8 0 U 7
9 0 U 8
10 1 U 9
11 0 L 1
12 1 U 11
13 0 U 12
14 0 U -1
15 1 L 7
16 1 U 15
17 0 U 16
18 0 U 17
19 0 U 18
20 0 U 19
21 1 U -1
22 0 U 21
23 1 U 22
24 0 U 23
25 1 U 24
26 0 L 18
27 1 U 26
28 1 U -1
29 1 L 3
30 0 U 29
31 1 U 30
32 0 U 31
33 1 U 8
34 1 U 33
35 1 U -1
36 0 U 35
37 0 U 36
38 0 U 37
39 1 U 38
40 0 U 39
41 1 L -1
42 1 U -1
43 0 U 42
44 0 U 43
45 0 U 44
46 0 U 45
47 0 U 46
48 0 U 46
49 1 U -1
50 0 U 49
51 0 U 50
52 1 U 51
53
0 1 U -1
1 0 U 0
2 1 U -1
3 1 U 2
4 1 U 1
5 0 U 4
6 0 U 5
7 0 U 0
8 0 U 7
9 0 U 8
10 1 U 9
11 0 L 1
12 1 U 11
13 0 U 12
14 0 U -1
15 0 L 9
16 1 U 15
17 0 U 16
18 0 U 17
19 0 U 18
20 0 U 19
21 1 U -1
22 0 U 21
23 0 U 15
24 0 U 23
25 1 U 24
26 1 U 25
27 1 U 26
28 1 U -1
29 1 L 3
30 0 U 29
31 1 U 30
32 0 U 31
33 1 U 8
34 1 U 33
35 1 U -1
36 0 U 35
37 0 U 36
38 0 U 21
39 1 U 38
40 0 U 39
41 0 L -1
42 1 U -1
43 0 U 42
44 1 U 14
45 0 U 44
46 0 U 45
47 0 U 9
48 1 U 47
49 1 L 22
50 0 U 49
51 0 L 19
52 1 U 51
53
0 1 U -1
1 0 U 0
2 1 U -1
3 1 U 2
4 1 U 1
5 0 U 4
6 0 U 5
7 1 U -1
8 0 U 7
9 0 U 8
10 1 U 9
11 0 L 1
12 1 U 11
13 0 U 12
14 0 U -1
15 0 L 9
16 1 U 15
17 0 U 16
18 0 U 17
19 0 U 18
20 0 U 19
21 1 U -1
22 0 U 21
23 1 U 22
24 0 U 23
25 1 U 24
26 0 U 6
27 1 U 26
28 1 U -1
29 1 L 3
30 0 U 29
31 1 L 3
32 0 U 31
33 1 U 8
34 1 U 33
35 1 U -1
36 0 U 35
37 0 U 36
38 0 U 37
39 1 U 38
40 0 U 39
41 0 U 40
42 1 U -1
43 0 U 42
44 0 U 43
45 0 U 44
46 0 U 45
47 0 U 46
48 1 U 47
49 1 U -1
50 0 U 49
51 0 U 50
52 1 U 51
53
0 1 U -1
1 0 U 0
2 1 U -1
3 0 L 2
4 1 U 1
5 0 U 4
6 0 U 5
7 1 U -1
8 0 U 7
9 0 U 8
10 1 U 9
11 0 L 1
12 1 U 11
13 0 U 12
14 0 U -1
15 0 L 9
16 1 U 15
17 0 U 16
18 0 U 17
19 0 U 18
20 0 U 19
21 1 U -1
22 0 U 21
23 1 U 22
24 0 U 23
25 1 U 24
26 1 U 25
27 1 U 26
28 1 U -1
29 1 L 3
30 0 U 29
31 1 U 2
32 0 U 31
33 1 U 8
34 1 U 33
35 1 U -1
36 0 L 17
37 0 U 36
38 0 U 37
39 1 U 38
40 0 U 39
41 0 U 40
42 1 U -1
43 0 U 42
44 0 U 43
45 1 L 6
46 0 U 45
47 0 U 46
48 1 U 47
49 1 U -1
50 0 U 49
51 0 U 50
52 1 U 51
53
0 1 U -1
1 0 U 0
2 0 L -1
3 0 L 2
4 1 U 1
5 0 U 1
6 0 U 5
7 1 U -1
8 0 U 7
9 0 U 8
10 1 U 9
11 0 L 1
12 1 U 11
13 0 U 12
14 0 U -1
15 0 L 9
16 1 U 15
17 0 U 16
18 0 U 17
19 0 U 18
20 1 U 6
21 1 U -1
22 0 U 21
23 1 U 22
24 0 U 23
25 1 U 24
26 1 U 25
27 1 U 26
28 1 U -1
29 1 L 3
30 0 U 29
31 1 U 2
32 0 U 31
33 1 U 8
34 1 U 33
35 1 L 9
36 0 L 17
37 0 U 36
38 0 U 37
39 1 U 38
40 0 U 39
41 0 U 40
42 1 U -1
43 0 U 42
44 0 U 43
45 1 L 6
46 0 U 45
47 0 U 46
48 1 U 47
49 1 U -1
50 0 U 49
51 0 U 50
52 1 U 51
53
0 1 U -1
1 0 U 0
2 1 U -1
3 0 L 2
4 1 U 1
5 0 U 4
6 1 U 4
7 1 U -1
8 0 U 7
9 1 L 0
10 1 U 9
11 0 L 3
12 1 U 11
13 0 U 12
14 0 U -1
15 0 L 12
16 1 U 8
17 0 U 16
18 0 U 17
19 0 U 18
20 0 U 19
21 1 U -1
22 0 U 21
23 1 U 22
24 0 U 23
25 0 L 11
26 1 U 25
27 1 U 26
28 1 U -1
29 1 L 3
30 0 U 29
31 0 U 0
32 0 U 31
33 1 U 8
34 1 U 33
35 1 U -1
36 0 U 1
37 0 U 36
38 0 U 37
39 1 U 38
40 0 U 39
41 0 U 40
42 1 L 38
43 0 U 42
44 0 U 43
45 1 L 6
46 0 U 45
47 0 U 46
48 1 U 47
49 1 U -1
50 0 U 49
51 0 U 50
52 1 U 51
53
0 1 L -1
1 0 U 0
2 1 U -1
3 0 L 2
4 1 U 1
5 0 U 4
6 1 U 4
7 1 U -1
8 1 L 0
9 1 L 0
10 1 U 9
11 0 L 3
12 1 U 11
13 0 U 12
14 0 U -1
15 1 L 4
16 1 U 8
17 0 U 16
18 0 U 17
19 0 U 18
20 0 U 19
21 1 L 18
22 0 U 21
23 1 U 22
24 0 U 23
25 0 L 11
26 1 U 25
27 1 U 26
28 1 U -1
29 1 L 3
30 0 U 29
31 0 U 0
32 0 U 31
33 1 U 8
34 1 U 33
35 1 U -1
36 0 U 1
37 0 U 36
38 0 U 37
39 1 U 38
40 0 U 39
41 0 U 40
42 1 L 38
43 0 U 42
44 0 U 43
45 1 U 43
46 0 U 45
47 0 U 46
48 1 U 47
49 1 U -1
50 0 U 49
51 0 U 50
52 1 U 51
53
0 1 U -1
1 0 U -1
2 1 U -1
3 0 L 2
4 1 U 1
5 0 U 4
6 1 U 4
7 1 U -1
8 0 U 7
9 1 L 0
10 1 U 9
11 0 L 3
12 1 U 11
13 0 U 12
14 0 U -1
15 0 U 9
16 1 U 8
17 0 U 16
18 0 U 17
19 0 U 18
20 0 U 19
21 1 L 18
22 0 U 21
23 1 U 22
24 0 U 23
25 0 L 11
26 1 U 25
27 1 U 26
28 1 U -1
29 1 L 3
30 0 U 29
31 0 U 0
32 0 U 31
33 1 U 8
34 1 U 33
35 1 U -1
36 0 U 1
37 0 U 36
38 0 U 37
39 1 U 38
40 0 U 39
41 0 U 40
42 0 U 39
43 0 U 42
44 0 U 43
45 1 L 6
46 0 U 45
47 0 U 46
48 1 U 47
49 1 U -1
50 0 U 49
51 0 U 50
52 1 U 51
53
0 1 U -1
1 0 U 0
2 1 U -1
3 0 L 2
4 1 U 1
5 0 U 4
6 1 U 4
7 1 U -1
8 0 U 7
9 1 L 0
10 1 U 9
11 0 L 3
12 1 U 11
13 0 U 12
14 0 U -1
15 0 L 12
16 1 U 8
17 0 U 16
18 0 U 17
19 0 U 18
20 0 U 19
21 1 U -1
22 0 U 21
23 1 U 22
24 0 U 23
25 0 L 11
26 1 U 25
27 1 U 26
28 1 U -1
29 1 L 3
30 0 U 29
31 1 U 14
32 0 U 31
33 1 U 8
34 1 U 33
35 1 U -1
36 0 U 1
37 0 U 36
38 0 U 37
39 1 U 38
40 0 U 39
41 0 U 40
42 1 L 38
43 1 L 34
44 0 U 43
45 1 L 6
46 0 U 45
47 0 U 46
48 1 U 47
49 1 U -1
50 0 U 49
51 0 U 50
52 1 U 51
53
0 1 U -1
1 0 U 0
2 1 U 1
3 0 L 2
4 1 U 1
5 0 U 4
6 1 U 4
7 1 U -1
8 0 U 7
9 1 L 0
10 0 U -1
11 0 L 3
12 1 U 11
13 0 U 12
14 0 U -1
15 1 L 1
16 1 U 8
17 0 U 16
18 0 U 17
19 0 U 18
20 0 U 19
21 1 U -1
22 1 L 7
23 1 U 22
24 0 U 23
25 0 L 11
26 1 U 25
27 1 U 26
28 1 U -1
29 1 L 3
30 0 U 29
31 0 U 0
32 0 U 31
33 1 U 8
34 1 U 33
35 1 U -1
36 0 U 1
37 0 U 36
38 0 U 37
39 1 U 38
40 0 U 39
41 0 U 40
42 1 L 38
43 0 U 42
44 0 U 43
45 1 L 6
46 0 U 45
47 0 U 46
48 0 U 6
49 1 U -1
50 0 U 49
51 0 U 50
52 1 U 51
53
0 1 U -1
1 0 U 0
2 1 U -1
3 1 U 0
4 1 U 1
5 1 L -1
6 1 U 4
7 1 U -1
8 0 U 7
9 1 L 0
10 1 U 9
11 0 L 3
12 1 U 11
13 0 U 12
14 1 U 13
15 0 L 12
16 1 U 8
17 0 U 16
18 0 L 12
19 0 U 18
20 0 U 19
21 1 U -1
22 0 U 21
23 1 U 22
24 0 U 23
25 0 L 11
26 0 U 6
27 1 U 26
28 1 U -1
29 1 L 3
30 0 U 29
31 0 U 0
32 0 U 31
33 1 U 8
34 1 U 33
35 1 U -1
36 0 U 1
37 0 U 36
38 0 U 37
39 1 U 38
40 0 U 39
41 0 U 40
42 1 L 38
43 0 U 42
44 0 U 43
45 1 L 6
46 0 U 45
47 0 U 46
48 1 U 47
49 0 U 13
50 0 U 49
51 0 U 50
52 1 U 51
53
0 1 U -1
1 0 U 0
2 1 U -1
3 0 L 2
4 1 U 1
5 0 U 4
6 1 U 4
7 1 U -1
8 1 U 4
9 1 L 0
10 1 U 9
11 0 L 3
12 1 U 11
13 0 U 12
14 0 U -1
15 1 L 6
16 1 U 8
17 0 U 16
18 0 U 17
19 0 U 18
20 0 U 19
21 1 U -1
22 1 L 19
23 1 U 22
24 0 U 23
25 0 L 11
26 1 U 25
27 1 U 26
28 1 U -1
29 1 L 3
30 0 U 29
31 0 U 0
32 0 U 31
33 1 U 8
34 1 U 33
35 1 U -1
36 0 U 1
37 0 L 34
38 0 U 37
39 1 U 38
40 0 U 39
41 0 U 40
42 1 L 38
43 0 U 42
44 0 U 43
45 1 L 6
46 0 U 45
47 0 U 46
48 1 U 47
49 0 L 7
50 0 U 49
51 0 U 50
52 1 U 51
53
0 1 U -1
1 0 U 0
2 1 U -1
3 0 L -1
4 1 U 1
5 0 U 4
6 1 U 4
7 1 U -1
8 0 U 7
9 1 L 0
10 1 U 9
11 0 L 3
12 1 U 11
13 0 U 12
14 0 U -1
15 0 L 12
16 1 U 8
17 0 U 16
18 0 U 17
19 0 U 18
20 0 U 19
21 1 U -1
22 0 U 21
23 1 U 22
24 0 U 23
25 0 L 11
26 1 U 25
27 1 U 26
28 1 U -1
29 1 L 3
30 0 U 29
31 0 U 0
32 0 U 31
33 1 U 8
34 1 L 15
35 1 U -1
36 0 U 1
37 0 U 36
38 0 U 37
39 1 U 38
40 0 U 39
41 0 U 40
42 1 L 38
43 0 U 42
44 0 U 43
45 1 L 6
46 0 U 45
47 0 U 46
48 1 U 47
49 1 U -1
50 0 U 49
51 0 U 50
52 1 U 51
53
0 1 U -1
1 1 U 0
2 1 U -1
3 0 L 2
4 1 U 1
5 0 U 1
6 1 U 4
7 1 U -1
8 0 U 7
9 1 L 0
10 1 U 9
11 0 U 3
12 1 U 11
13 1 U 4
14 0 L 6
15 0 L 12
16 1 U 8
17 0 U 16
18 1 L 9
19 0 U 18
20 0 U 19
21 1 U -1
22 0 U 21
23 1 U 22
24 0 U 23
25 0 L 11
26 0 U 18
27 1 U 26
28 1 U -1
29 1 L 3
30 0 U 29
31 0 U 0
32 0 U 31
33 1 U 8
34 1 U 33
35 1 U -1
36 0 U 1
37 0 U 36
38 0 U 27
39 1 U 38
40 0 U 39
41 0 U 40
42 1 L 38
43 0 U 42
44 0 U 43
45 1 L 6
46 0 U 45
47 0 U 46
48 1 U 47
49 1 U -1
50 0 U 49
51 0 U 50
52 1 U 51
53
0 0 U -1
1 0 U 0
2 1 U -1
3 0 L 2
4 1 U 1
5 0 U 4
6 1 U 4
7 1 U -1
8 0 U 7
9 1 L 0
10 1 U 1
11 0 L 3
12 1 U 11
13 0 U 5
14 0 U -1
15 0 L 12
16 1 U 8
17 0 U 16
18 0 U 17
19 0 U 18
20 0 U 6
21 1 U -1
22 0 U 7
23 1 U 22
24 0 U 23
25 0 U 10
26 1 U 25
27 1 U 26
28 1 U -1
29 1 L 3
30 0 U 29
31 0 U 0
32 0 U 31
33 1 U 8
34 1 U 33
35 1 U -1
36 0 U 1
37 0 U 36
38 0 U 37
39 1 U 38
40 0 U 39
41 1 L 30
42 1 L 38
43 0 L 2
44 0 U 43
45 1 L 6
46 0 U 45
47 0 U 46
48 1 U 47
49 1 U -1
50 0 U 49
51 0 U 50
52 1 U 51
53
0 1 U -1
1 0 U 0
2 1 U -1
3 0 L 2
4 1 U 1
5 0 U 1
6 1 U 4
7 1 U -1
8 0 U -1
9 1 L 0
10 1 U 9
11 0 L 3
12 1 U 11
13 0 U 12
14 0 U -1
15 0 L 12
16 1 U 8
17 0 U 16
18 0 U 17
19 0 U 18
20 0 U 19
21 1 U -1
22 0 U 21
23 0 L 15
24 0 U 23
25 0 L 11
26 1 U 25
27 1 U 26
28 1 U -1
29 1 L 3
30 0 U 29
31 0 U 0
32 0 U 31
33 1 U 8
34 1 U 33
35 1 U -1
36 0 U 1
37 0 U 1
38 0 U 37
39 1 U 38
40 0 U 29
41 0 U 40
42 1 L 38
43 0 U 42
44 0 U 43
45 1 L 6
46 0 U 45
47 0 U 46
48 1 U 47
49 1 U -1
50 0 U 49
51 0 U 50
52 1 U 51
53
0 0 U -1
1 1 U -1
2 1 U -1
3 0 L 2
4 1 U 1
5 0 U 4
6 1 U 4
7 1 U -1
8 0 U 7
9 1 L 0
10 1 U 9
11 0 L 3
12 1 U 5
13 0 U 12
14 0 U -1
15 0 L 12
16 1 U 8
17 0 U 16
18 0 U 17
19 0 U 18
20 0 U 19
21 1 U -1
22 0 U 21
23 1 U 22
24 0 U 23
25 0 L 11
26 1 U 25
27 1 U 26
28 1 U -1
29 1 L 3
30 0 U 29
31 0 U 0
32 0 U 31
33 1 U 8
34 1 U 33
35 1 U -1
36 0 U 1
37 0 U 36
38 0 U 37
39 1 U 38
40 0 U 39
41 0 U 40
42 1 L 38
43 0 U 42
44 0 U 43
45 0 L 26
46 0 U 45
47 0 U 46
48 1 U 47
49 0 L 1
50 0 U 49
51 0 U 50
52 1 U 51
53
0 1 U -1
1 0 U -1
2 1 U -1
3 0 L 2
4 1 U 1
5 0 U 4
6 1 U 4
7 1 U -1
8 0 U 7
9 1 L 0
10 1 U 9
11 0 L 3
12 1 U 11
13 0 U 12
14 0 U -1
15 0 L 12
16 1 L 4
17 0 U 16
18 0 U 17
19 0 L 9
20 0 U 19
21 1 U -1
22 0 U 21
23 1 U 22
24 0 U 23
25 0 L 11
26 1 U 22
27 1 U 26
28 1 U -1
29 1 L 3
30 0 U 29
31 0 U 0
32 0 U 31
33 1 U 8
34 1 U 33
35 1 U -1
36 0 U 21
37 0 U 36
38 0 U 37
39 1 U 38
40 1 U -1
41 0 U 40
42 1 L 38
43 0 U 42
44 1 U 7
45 1 L 6
46 0 U 45
47 0 U 46
48 1 U 47
49 1 U -1
50 0 U 49
51 0 U 50
52 1 U 51
53
0 1 U -1
1 0 U 0
2 1 U -1
3 0 L 2
4 1 U 1
5 0 U 4
6 1 U 4
7 1 U -1
8 0 U 7
9 1 U 0
10 1 U 9
11 0 L 3
12 1 U 11
13 0 U 12
14 0 U -1
15 0 L 12
16 1 U 8
17 0 U 16
18 0 U 17
19 0 U 18
20 0 U 19
21 1 U -1
22 0 U 21
23 1 U 22
24 0 U 23
25 1 L 24
26 0 L 13
27 1 U 26
28 1 U -1
29 1 L 3
30 0 U 29
31 0 U 0
32 0 U 31
33 1 U 8
34 1 U 33
35 1 U -1
36 1 U 26
37 0 U 36
38 0 U 37
39 1 U 38
40 1 L 30
41 0 U 40
42 1 L 38
43 0 U 42
44 0 U 43
45 1 L 6
46 0 U 45
47 0 U 46
48 1 U 47
49 1 U -1
50 0 U 49
51 0 U 50
52 1 U 51
53
0 1 U -1
1 0 U 0
2 1 U -1
3 0 L 2
4 1 U 1
5 0 U 4
6 1 U 4
7 0 L 0
8 0 U 7
9 0 U 7
10 1 U 9
11 0 L 3
12 1 U 11
13 0 U 12
14 0 U -1
15 0 L 4
16 1 U 8
17 0 U 16
18 0 U 17
19 0 U 18
20 0 U 19
21 1 U -1
22 0 U 21
23 1 U 22
24 0 U 23
25 0 L 11
26 1 U 25
27 1 U 5
28 1 U -1
29 0 U 26
30 0 U 29
31 0 U 0
32 0 U 31
33 1 U 8
34 1 U 33
35 1 U -1
36 0 U 1
37 0 U 36
38 0 U 37
39 1 U 38
40 0 U 39
41 0 U 40
42 1 L 32
43 0 U 6
44 1 U 4
45 1 L 6
46 1 L 20
47 0 U 46
48 1 U 47
49 1 U -1
50 1 L -1
51 0 U 50
52 1 U 51
53
0 1 U -1
1 0 U 0
2 1 U -1
3 0 L 2
4 1 U 1
5 0 U 4
6 1 U 4
7 1 U -1
8 0 U 7
9 1 L 0
10 1 U 9
11 0 L 3
12 1 U 11
13 0 U 12
14 0 U -1
15 0 L 12
16 1 U 8
17 1 L 15
18 0 U 17
19 1 U 6
20 0 U 19
21 1 U -1
22 0 U 21
23 1 U 22
24 0 U 23
25 0 U 16
26 1 U 25
27 1 U 26
28 0 L 10
29 1 L 3
30 0 L 27
31 0 U 0
32 0 U 31
33 1 U 8
34 1 U 33
35 1 U -1
36 0 U 1
37 0 U 36
38 0 U 37
39 1 U 38
40 0 U 39
41 1 U 17
42 1 L 38
43 0 U 42
44 0 U 43
45 1 L 6
46 0 U 45
47 0 U 46
48 0 U 40
49 1 U -1
50 0 U 49
51 0 L 7
52 1 U 51
53
0 1 U -1
1 0 U 0
2 0 U -1
3 0 L 0
4 1 U 1
5 0 U 4
6 1 U 4
7 1 U -1
8 0 U 7
9 1 L 0
10 1 U 9
11 0 L 3
12 1 U 11
13 0 U 12
14 0 U -1
15 0 L 12
16 1 U 8
17 0 U 16
18 0 U 17
19 0 U 18
20 0 U 19
21 1 U -1
22 0 U 21
23 1 U 22
24 1 L 20
25 0 L 11
26 1 U 25
27 1 U 26
28 1 U -1
29 1 L 3
30 0 U 17
31 0 U 0
32 0 U 31
33 1 U 8
34 1 U 33
35 1 U -1
36 0 U 1
37 0 U 36
38 0 U 37
39 0 U 22
40 0 U 39
41 0 U 40
42 1 L 38
43 0 U 42
44 0 U 43
45 1 L 5
46 0 U 45
47 0 U 13
48 1 U 47
49 1 U -1
50 0 U 49
51 0 U 50
52 1 U 51
53
0 1 U -1
1 0 U 0
2 1 U -1
3 1 U -1
4 1 U 1
5 0 U 4
6 1 U 4
7 1 U -1
8 0 U 7
9 1 L 0
10 1 L 2
11 0 L 3
12 1 U 11
13 0 U 12
14 0 U -1
15 1 U 4
16 1 U 8
17 0 U 16
18 0 U 17
19 0 U 18
20 0 U 19
21 1 U -1
22 0 U 21
23 1 U 22
24 0 U 23
25 0 L 11
26 1 U 25
27 0 U 23
28 1 U -1
29 1 L 3
30 0 U 4
31 0 U 0
32 0 U 31
33 1 U 8
34 1 U 33
35 1 U -1
36 0 U 1
37 0 U 36
38 0 U 25
39 1 U 38
40 0 U 39
41 0 U 40
42 1 L 38
43 0 U 42
44 0 U 43
45 1 L 6
46 1 L -1
47 1 L 36
48 1 U 47
49 1 U -1
50 0 U 49
51 0 U 50
52 1 L 14
53
0 1 U -1
1 0 U 0
2 1 U -1
3 0 L 2
4 1 U 1
5 0 U 4
6 1 U 4
7 1 U -1
8 0 U 7
9 1 L 0
10 1 U 4
11 0 L -1
12 1 U 11
13 1 U 4
14 0 U -1
15 0 L 12
16 1 U 8
17 0 U 16
18 0 U 17
19 0 U 18
20 0 U 19
21 1 U 0
22 0 U 21
23 1 U 22
24 0 U 23
25 0 L 11
26 1 U 25
27 1 U 26
28 1 U -1
29 1 L 3
30 1 L 13
31 0 U 0
32 0 U 31
33 1 U 8
34 1 U 33
35 1 U -1
36 0 U 34
37 0 U 14
38 0 U 26
39 1 U 38
40 0 U 39
41 0 U 40
42 1 L 38
43 0 U 42
44 0 U 43
45 1 L 6
46 0 U 45
47 0 U 0
48 1 U 47
49 1 U -1
50 0 U 49
51 0 U 50
52 1 U 51
53
0 1 U -1
1 0 U 0
2 1 U -1
3 0 L 2
4 1 U 1
5 0 U 4
6 1 U 4
7 1 U -1
8 0 U 7
9 1 L 0
10 1 U 9
11 0 L 9
12 1 U 11
13 0 U 12
14 0 U -1
15 0 L 12
16 0 U -1
17 0 U 16
18 0 U 17
19 0 U 18
20 0 U 19
21 1 U -1
22 0 U 21
23 1 U 22
24 0 U 23
25 0 L 11
26 1 U 25
27 1 U 26
28 1 U -1
29 1 L 3
30 0 U 29
31 0 U 0
32 0 U 31
33 1 U 8
34 1 U 33
35 0 U 29
36 0 U 1
37 0 U 36
38 0 U 37
39 1 U 38
40 0 U 39
41 0 U 40
42 1 L 38
43 0 U 42
44 0 U 43
45 1 L 6
46 0 U 45
47 0 U 46
48 1 U 47
49 1 U -1
50 0 U 49
51 0 U 50
52 1 U 51
53
0 1 U -1
1 0 U 0
2 1 U -1
3 0 L 2
4 1 U 1
5 0 U 4
6 1 U 4
7 1 U -1
8 0 U 7
9 1 L 0
10 1 U 9
11 0 L 3
12 1 U 11
13 0 U 12
14 0 U -1
15 1 L 7
16 1 U 8
17 0 U 16
18 0 U 17
19 0 U 18
20 0 U 19
21 1 U -1
22 0 U 21
23 1 U 22
24 0 U 23
25 0 L 11
26 1 U 25
27 1 U 26
28 0 L 5
29 1 L 3
30 0 U 29
31 0 U 0
32 0 U 31
33 1 L 10
34 1 U 33
35 1 U -1
36 0 U 1
37 0 U 36
38 0 U 37
39 1 U 38
40 0 U 39
41 0 U 40
42 1 L 38
43 0 U 42
44 0 U 43
45 1 L 6
46 0 U 45
47 0 U 46
48 1 U 47
49 1 U -1
50 0 U 49
51 0 U 50
52 1 U 51
53
0 1 U -1
1 0 U 0
2 1 U -1
3 0 L 2
4 1 U 1
5 0 U 4
6 1 U 4
7 1 U -1
8 0 U 7
9 1 L 0
10 1 U 9
11 0 L 3
12 1 U 11
13 0 U 12
14 0 U -1
15 1 U 3
16 1 U 8
17 0 U 16
18 0 U 17
19 0 U 18
20 0 U 19
21 1 U -1
22 0 U 21
23 1 U 22
24 0 U 23
25 0 L 11
26 1 U 25
27 1 U 26
28 0 L 13
29 1 L 3
30 0 U 29
31 0 U 0
32 0 U 31
33 1 U 8
34 1 U 33
35 1 U -1
36 0 U 1
37 0 L 9
38 0 L 30
39 1 U 38
40 0 U 39
41 0 U 40
42 1 L 38
43 1 L 26
44 0 U 43
45 1 L 6
46 0 U 45
47 0 U 46
48 0 L 2
49 1 U -1
50 0 L 12
51 0 U 50
52 1 U 51
53
0 1 U -1
1 0 U 0
2 1 U -1
3 0 L 2
4 1 U 1
5 0 U 1
6 1 U 4
7 1 U -1
8 0 U 7
9 1 L 0
10 1 U 9
11 1 U 0
12 1 U 11
13 0 U 12
14 0 U -1
15 0 L 12
16 1 U 8
17 1 U 10
18 0 U 17
19 0 U 18
20 0 U 19
21 1 U -1
22 0 U 21
23 1 U 22
24 0 U 23
25 0 L 11
26 1 U 25
27 1 U 26
28 1 U -1
29 1 L 3
30 0 U 29
31 0 U 0
32 0 U 31
33 1 U 8
34 1 U 33
35 1 U -1
36 0 U 1
37 0 U 36
38 0 U 37
39 1 U 38
40 0 U 39
41 0 U 40
42 1 L 38
43 1 U 5
44 0 U 43
45 1 L 6
46 0 U 9
47 0 U 46
48 1 U 47
49 1 U -1
50 0 U 49
51 0 U 50
52 1 U 51
53
0 1 U -1
1 0 U 0
2 1 U -1
3 0 L 2
4 1 U 1
5 0 U 4
6 1 U 4
7 1 U -1
8 0 U 7
9 1 L 0
10 1 U 9
11 0 L 3
12 1 U 11
13 0 U 12
14 0 U -1
15 0 L 12
16 1 U 8
17 0 U 16
18 0 U 17
19 0 U 18
20 0 U 19
21 1 U -1
22 0 U 21
23 1 U 14
24 0 U 23
25 0 L 7
26 1 U 25
27 1 U 26
28 0 L 0
29 1 L 3
30 0 U 29
31 0 U 0
32 0 U 31
33 1 U 8
34 1 U 33
35 1 U -1
36 0 U 1
37 0 U 36
38 0 U 37
39 1 U 38
40 0 U 39
41 0 U 40
42 1 L 38
43 1 L 1
44 0 U 43
45 1 L 6
46 0 U 27
47 0 U 46
48 1 U 47
49 1 U -1
50 0 U 49
51 0 U 50
52 1 U 51
53
0 1 U -1
1 0 U 0
2 1 U -1
3 0 L 2
4 1 U 1
5 0 U 4
6 1 U 4
7 0 L 4
8 0 U 7
9 1 L 0
10 0 U 2
11 0 L 3
12 1 U 11
13 0 U 12
14 0 U -1
15 0 L 12
16 1 U 8
17 0 U 16
18 0 U 17
19 0 U 18
20 0 U 19
21 1 U -1
22 0 U 10
23 1 U 22
24 0 U 23
25 0 L 11
26 1 U 25
27 1 U 26
28 1 U -1
29 1 L 3
30 0 U 29
31 0 U 0
32 0 U 31
33 1 U 8
34 1 U 33
35 1 U -1
36 0 U 1
37 0 U 36
38 0 U 37
39 1 U 38
40 0 U 39
41 0 U 31
42 1 L 12
43 0 U 42
44 0 U 43
45 1 L 6
46 0 U 45
47 0 U 46
48 1 U 47
49 1 U -1
50 0 U 49
51 0 U 50
52 1 U 40
53
0 1 U -1
1 0 U 0
2 1 U -1
3 0 L 2
4 1 U 1
5 0 U 4
6 1 U 4
7 1 U -1
8 0 U 7
9 1 L 0
10 1 U 9
11 0 L 3
12 0 U 11
13 0 U 12
14 0 U -1
15 0 L 12
16 1 U 8
17 0 U 16
18 0 U 17
19 0 U 18
20 0 U 19
21 1 U -1
22 0 U 21
23 1 U 22
24 0 U 23
25 0 L 11
26 1 U 25
27 1 U 26
28 1 L 3
29 1 L 3
30 0 U 29
31 0 U 0
32 0 U 31
33 1 U 8
34 1 U 33
35 1 U -1
36 0 U 1
37 0 U 36
38 0 U 37
39 1 U 38
40 0 U 39
41 0 U 40
42 1 U 1
43 0 U 42
44 1 U 42
45 1 L 6
46 0 U 45
47 0 U 46
48 1 U 47
49 1 U -1
50 0 L 36
51 0 U 50
52 1 U 51
53
0 1 U -1
1 0 U 0
2 1 U -1
3 0 L 2
4 1 U 1
5 0 U 0
6 1 U 4
7 1 U -1
8 0 U 7
9 1 L 0
10 1 U 9
11 0 L 3
12 1 U 11
13 0 U 12
14 0 U -1
15 0 L 12
16 1 U 8
17 0 U 16
18 0 U 17
19 0 U 18
20 0 U 18
21 1 U -1
22 0 U 21
23 1 U 22
24 0 U 23
25 0 L 11
26 1 U 25
27 1 U 26
28 1 U -1
29 1 L 3
30 0 U 29
31 0 U 0
32 0 L 21
33 1 U 8
34 1 U 33
35 1 U -1
36 0 U 1
37 0 U 36
38 0 U 37
39 0 L 6
40 0 U 39
41 0 U 40
42 1 L 38
43 0 U 42
44 0 L 21
45 1 L 6
46 0 U 45
47 0 U 46
48 1 U 47
49 1 U -1
50 0 U 49
51 0 U 50
52 1 U 51
53
0 1 U -1
1 0 U 0
2 1 U -1
3 0 L 2
4 1 U 1
5 0 U 1
6 1 U 4
7 1 U -1
8 0 U 7
9 1 L 0
10 1 U 9
11 0 L 3
12 1 U 11
13 0 U 12
14 0 U -1
15 0 L 12
16 1 U 8
17 0 U 16
18 0 U 17
19 0 U 18
20 0 U 19
21 1 U -1
22 0 L 19
23 1 U 22
24 0 U 23
25 0 L 11
26 1 U 25
27 1 U 26
28 1 U -1
29 0 L 8
30 0 U 29
31 0 U 0
32 0 U 31
33 1 U 8
34 1 U 17
35 1 U -1
36 0 U 1
37 1 L 18
38 0 U 37
39 1 U 38
40 0 U 39
41 0 U 40
42 1 L 38
43 0 U 42
44 0 U 43
45 1 L 6
46 0 U 45
47 0 U 46
48 1 U 47
49 1 U -1
50 0 U 49
51 0 U 50
52 1 L 26
53
0 1 U -1
1 0 U 0
2 1 U -1
3 0 L 2
4 1 U 1
5 0 U 4
6 0 L 0
7 1 U -1
8 0 U 7
9 1 L 0
10 1 U 9
11 0 L 2
12 1 U 11
13 0 U 12
14 0 U -1
15 0 U 14
16 1 U 8
17 0 L 11
18 0 U 17
19 0 U 18
20 0 U 19
21 1 U -1
22 0 U 21
23 1 U 22
24 0 U 23
25 0 L 11
26 1 U 25
27 1 U 26
28 1 U -1
29 1 L 3
30 0 U 29
31 0 U 27
32 0 U 31
33 1 U 8
34 1 U 33
35 0 L 5
36 0 U 1
37 0 U 36
38 0 U 37
39 1 U 38
40 0 U 39
41 0 U 40
42 1 L 38
43 0 U 42
44 1 L 11
45 0 U 32
46 0 U 45
47 0 U 46
48 1 U 47
49 1 U -1
50 0 U 49
51 0 U 50
52 1 U 51
53
0 1 U -1
1 0 U 0
2 1 U -1
3 0 L 2
4 1 U 1
5 0 U 4
6 1 U 4
7 1 U -1
8 0 U 7
9 1 L 0
10 1 U 9
11 1 L 4
12 1 U 11
13 0 U 12
14 0 U -1
15 0 L 12
16 1 U 8
17 0 U 16
18 0 U 17
19 0 U 18
20 1 L 8
21 1 U -1
22 0 U 21
23 1 U 22
24 0 U 23
25 0 L 11
26 1 U 25
27 1 U 26
28 1 U -1
29 1 L 3
30 0 U 29
31 0 U 0
32 0 L 16
33 1 U 8
34 1 U 33
35 1 U -1
36 0 U 1
37 0 U 36
38 0 U 37
39 1 U 38
40 0 U 39
41 0 U 40
42 1 L 38
43 0 U 42
44 0 U 43
45 1 L 6
46 0 U 45
47 0 U 46
48 1 U 47
49 1 U -1
50 0 U 49
51 1 U 46
52 1 U 51
53
0 1 U -1
1 0 U 0
2 1 U -1
3 0 L 2
4 1 U 1
5 0 U 4
6 1 U 4
7 1 U -1
8 1 U 6
9 1 L 0
10 1 U 9
11 0 L 3
12 1 U 11
13 1 U 9
14 0 U -1
15 0 L 12
16 1 U 8
17 0 U 16
18 0 U 17
19 0 U 18
20 0 U 19
21 1 U -1
22 0 U 21
23 1 U 22
24 0 U 23
25 0 L 11
26 1 U 25
27 1 U 26
28 1 U -1
29 1 L 3
30 0 U 29
31 0 U 0
32 0 L 6
33 1 U 8
34 1 U 33
35 1 U -1
36 0 U 1
37 0 U 36
38 0 U 37
39 1 U 38
40 0 U 39
41 0 U 40
42 1 L 38
43 0 U 42
44 0 U 43
45 1 L 6
46 0 U 45
47 0 U 46
48 1 U 47
49 1 U -1
50 0 U 49
51 0 U 50
52 1 U 51
53
0 1 U -1
1 1 L -1
2 1 U -1
3 0 L 2
4 1 U 1
5 0 U 4
6 1 U 4
7 1 U -1
8 0 U 7
9 1 L 0
10 1 U 9
11 0 L 3
12 1 U 11
13 0 U 12
14 0 U -1
15 0 L 12
16 1 U 8
17 0 U 16
18 0 U 17
19 0 U 18
20 0 L 3
21 1 U -1
22 0 U 12
23 1 U 0
24 0 U 23
25 0 L 11
26 1 U 25
27 1 U 26
28 1 U -1
29 1 L 3
30 0 U 29
31 0 U 0
32 0 U 31
33 1 U 8
34 1 U 33
35 1 U -1
36 0 U 1
37 0 U 36
38 0 U 37
39 1 U 38
40 0 U 39
41 0 U 40
42 1 L 38
43 0 U 42
44 0 U 43
45 1 L 6
46 0 U 45
47 0 L 40
48 1 U 47
49 1 U -1
50 0 U 49
51 0 U 50
52 1 U 51
53
0 1 U -1
1 0 U 0
2 1 U -1
3 0 L 2
4 1 U 1
5 0 U 4
6 1 U 4
7 1 U -1
8 0 U 7
9 1 L 0
10 1 U 9
11 0 L 3
12 1 U 11
13 0 U 12
14 0 U -1
15 0 L 12
16 1 U 8
17 0 U 16
18 0 U 17
19 0 U 18
20 0 U 19
21 1 U -1
22 0 U 21
23 1 U 22
24 0 U 23
25 0 L 11
26 1 U 25
27 1 U 26
28 1 U -1
29 1 L 3
30 0 U 29
31 0 U 0
32 0 U 31
33 1 U 8
34 0 U 1
35 1 U -1
36 1 U 3
37 0 U 36
38 0 U 37
39 1 U 38
40 0 U 39
41 0 U 40
42 1 L 38
43 0 U 42
44 0 U 43
45 1 L 6
46 0 U 45
47 0 U 46
48 1 U 47
49 1 U -1
50 0 U 49
51 0 U 50
52 1 U 51
53
0 1 U -1
1 0 U 0
2 1 U -1
3 0 L 2
4 1 U 1
5 0 U 4
6 1 U 4
7 1 U -1
8 0 U 7
9 1 L 0
10 1 U 9
11 0 L 3
12 1 U 11
13 0 U 12
14 0 U -1
15 0 L 12
16 1 U 8
17 0 U 16
18 0 U 9
19 0 U 18
20 0 U 19
21 1 U -1
22 0 U 21
23 1 U 22
24 0 U 23
25 0 L 11
26 1 U 25
27 1 U 26
28 0 U 17
29 1 L 3
30 0 U 29
31 0 U 0
32 0 U 31
33 1 U 8
34 1 U 33
35 1 U -1
36 0 U 1
37 0 U 36
38 0 U 37
39 1 U 38
40 0 U 39
41 0 U 40
42 1 L 38
43 0 U 42
44 0 U 43
45 0 L 19
46 0 U 45
47 0 U 46
48 0 U 26
49 0 U 11
50 0 U 49
51 0 U 50
52 1 U 51
53
0 1 U -1
1 0 U 0
2 1 U -1
3 0 L 2
4 1 U 1
5 0 L 3
6 1 U 4
7 1 U -1
8 0 U 7
9 1 L 0
10 1 U 9
11 0 L -1
12 1 U 11
13 0 U 12
14 0 U -1
15 1 L 0
16 1 U 8
17 0 U 16
18 0 U 17
19 0 U 18
20 0 U 19
21 1 U -1
22 0 U 21
23 1 U 22
24 0 U 23
25 0 L 11
26 1 U 25
27 1 U 26
28 0 L 13
29 1 L 3
30 0 U 29
31 0 U 0
32 0 U 31
33 1 U 8
34 1 U 33
35 1 U -1
36 0 U 1
37 0 U 36
38 0 U 37
39 1 U 38
40 0 U 39
41 0 U 40
42 1 L 38
43 0 U 42
44 0 U 43
45 1 L 6
46 0 U 45
47 0 U 46
48 1 U 47
49 1 U -1
50 0 U 49
51 0 U 50
52 1 U 51
53
0 1 U -1
1 0 U 0
2 1 U -1
3 0 L 2
4 1 U 1
5 0 U 4
6 1 U 4
7 1 U -1
8 1 U 3
9 1 L 0
10 1 U 9
11 0 L 3
12 1 U 11
13 0 U 12
14 0 U -1
15 0 L 12
16 1 U 8
17 0 U 16
18 0 L 4
19 0 U 18
20 0 U 19
21 1 U -1
22 0 U 21
23 1 U 22
24 0 U 23
25 0 L 11
26 1 U 25
27 1 U 26
28 1 U -1
29 1 L 3
30 0 U 29
31 0 U 0
32 0 U 31
33 1 U 8
34 1 U 33
35 1 U -1
36 0 U 1
37 0 U 36
38 1 L 30
39 1 U 38
40 0 U 39
41 0 U 40
42 1 L 38
43 0 U 42
44 0 U 43
45 1 L 6
46 0 U 45
47 0 U 46
48 1 U 47
49 1 U -1
50 0 U 49
51 0 U 50
52 1 U 51
53
0 1 U -1
1 0 U 0
2 1 U -1
3 0 L 2
4 1 U 1
5 0 L 0
6 1 L 2
7 1 U -1
8 0 U 7
9 1 L 0
10 1 U 9
11 0 L 3
12 1 U 11
13 0 U 12
14 0 U -1
15 0 L 12
16 1 U 8
17 0 U 16
18 0 U 17
19 1 U 5
20 1 U 17
21 1 U -1
22 0 U 21
23 1 U 22
24 0 U 23
25 0 L 11
26 1 U 25
27 1 U 26
28 1 U -1
29 1 L 3
30 0 U 29
31 0 U 0
32 1 U -1
33 1 U 8
34 1 U 33
35 1 U -1
36 0 U 1
37 0 U 36
38 0 U 10
39 1 U 38
40 0 U 39
41 0 U 40
42 1 L 38
43 0 U 42
44 0 U 43
45 1 L 6
46 1 L 13
47 0 U 46
48 1 U 47
49 0 U 44
50 0 U 49
51 1 U 33
52 1 U 51
53
0 1 U -1
1 0 U 0
2 1 U -1
3 1 U 0
4 1 U 1
5 0 U 4
6 1 U 4
7 1 U -1
8 0 U 7
9 1 L 0
10 1 U 9
11 0 L 3
12 1 U 11
13 0 U 12
14 1 L 10
15 0 L 12
16 1 U 8
17 0 U 16
18 0 U 12
19 0 U 18
20 0 U 19
21 1 U -1
22 0 U 21
23 1 L 13
24 0 U 23
25 0 L 11
26 1 U 25
27 1 U 26
28 1 U -1
29 1 L 3
30 0 U 29
31 0 U 0
32 0 U 31
33 1 U 8
34 1 U 33
35 1 U -1
36 0 U 1
37 0 U 36
38 0 U 37
39 1 U 38
40 0 U 39
41 1 U 8
42 1 L 38
43 0 U 42
44 0 U 43
45 1 L 6
46 0 U 45
47 0 U 46
48 1 U 47
49 1 U -1
50 0 U 49
51 1 U 6
52 1 U 51
53
0 1 U -1
1 0 U 0
2 1 U -1
3 0 L 2
4 1 U 1
5 0 U 4
6 1 U 4
7 1 U -1
8 0 U 7
9 1 U -1
10 1 U 9
11 0 L 3
12 1 U 11
13 1 U 7
14 0 U -1
15 0 L 12
16 1 U 8
17 0 U 0
18 0 U 17
19 0 U 18
20 0 U 19
21 1 U -1
22 0 U 21
23 1 U 22
24 0 U 23
25 0 L 11
26 1 U 25
27 1 U 26
28 1 U -1
29 1 L 3
30 0 U 29
31 1 U 14
32 0 U 31
33 1 U 8
34 1 U 33
35 1 U -1
36 1 L 31
37 0 U 36
38 0 U 37
39 1 U 38
40 0 U 39
41 0 U 40
42 0 L 41
43 0 U 42
44 0 U 43
45 1 L 6
46 0 U 45
47 0 U 46
48 1 U 47
49 1 U -1
50 0 U 49
51 0 U 50
52 1 U 51
53
0 0 U -1
1 0 U 0
2 1 U -1
3 0 L 2
4 1 U 1
5 0 U 4
6 1 U 4
7 1 U -1
8 0 U 7
9 1 L 0
10 1 U 9
11 0 L 3
12 1 U 11
13 0 U 12
14 0 U -1
15 0 L 12
16 1 U 8
17 0 U 16
18 0 U 17
19 0 U 18
20 0 U 19
21 1 U -1
22 0 U 21
23 1 U 22
24 0 U 23
25 0 L 11
26 1 U 25
27 1 U 26
28 1 U -1
29 1 L 3
30 0 U 29
31 0 U 0
32 0 U 31
33 1 L 11
34 1 U 33
35 1 U -1
36 0 U 1
37 0 U 36
38 0 U 37
39 1 U 38
40 0 U 39
41 0 U 40
42 1 L 38
43 0 U 42
44 0 U 43
45 1 L 6
46 0 U 45
47 0 U 46
48 1 U 47
49 1 U -1
50 0 U 49
51 0 U 50
52 1 U 51
53
0 1 U -1
1 0 U 0
2 1 U -1
3 1 L 1
4 1 U 1
5 0 U 4
6 1 U 4
7 1 U -1
8 0 U 7
9 1 L 0
10 1 U 9
11 0 L 3
12 1 U 11
13 1 L 1
14 0 U -1
15 0 L 12
16 0 U 14
17 0 U 16
18 0 U 17
19 0 U 18
20 0 U 15
21 1 U -1
22 0 U 19
23 1 U 22
24 0 U 23
25 0 L 11
26 1 U 25
27 1 U 26
28 1 U -1
29 1 L 3
30 1 U 24
31 0 U 0
32 0 U 31
33 1 U 8
34 1 U 33
35 1 U -1
36 0 U 1
37 0 L 9
38 0 U 37
39 1 U 38
40 0 U 39
41 0 U 40
42 1 L 38
43 0 U 42
44 0 U 43
45 0 U 20
46 0 U 45
47 0 U 6
48 1 U 47
49 1 U -1
50 0 U 49
51 0 U 50
52 1 U 51
53
0 1 U -1
1 0 U 0
2 1 U -1
3 0 L 2
4 1 U 1
5 0 U 4
6 1 U 4
7 1 U -1
8 0 U 7
9 1 L 0
10 1 U 9
11 0 L 3
12 1 U 11
13 0 U 12
14 0 U 4
15 0 L 12
16 1 U 8
17 0 U 16
18 0 U 17
19 0 U 18
20 0 U 19
21 1 U -1
22 0 U 21
23 1 U 22
24 0 U 23
25 0 L 11
26 1 U 25
27 1 U 26
28 1 U -1
29 1 L 3
30 1 L 15
31 0 U 0
32 0 U 31
33 1 U 8
34 1 U 33
35 1 U -1
36 0 U 1
37 0 U 36
38 0 U 37
39 1 U 38
40 0 U 39
41 0 U 40
42 1 L 38
43 0 U 42
44 0 U 43
45 1 L 6
46 0 U 45
47 0 U 46
48 1 U 47
49 1 U -1
50 0 U 49
51 0 U 50
52 1 U 51
53
0 0 U -1
1 0 U 0
2 1 U -1
3 0 L 2
4 1 U 1
5 0 U -1
6 0 L 2
7 1 U -1
8 0 U 7
9 1 L 0
10 1 U 9
11 0 L 3
12 1 U 11
13 0 U 12
14 0 U -1
15 0 L 12
16 1 U 2
17 0 U 16
18 0 U 17
19 1 U 10
20 0 U 19
21 1 U -1
22 0 U 21
23 1 U 22
24 0 U 23
25 0 L 11
26 1 L 19
27 1 U 26
28 1 U -1
29 1 L 3
30 0 U 29
31 0 U 0
32 0 U 31
33 1 U 26
34 1 U 33
35 1 U -1
36 0 U 1
37 0 U 4
38 0 U 27
39 1 U 38
40 0 U 39
41 0 U 40
42 1 L 38
43 0 U 42
44 0 U 43
45 1 L 6
46 1 L 23
47 0 U 46
48 1 U 47
49 1 L 40
50 0 U 49
51 1 L 5
52 1 U 51
53
0 1 U -1
1 0 U 0
2 1 U -1
3 0 L 2
4 1 U 1
5 0 U 4
6 1 U 4
7 1 U -1
8 0 U 7
9 1 L 0
10 1 U 9
11 0 L 3
12 1 U 11
13 0 U 12
14 0 U -1
15 0 L 12
16 1 U 8
17 0 U 16
18 0 U 17
19 0 U 18
20 0 U 19
21 1 U -1
22 0 U 21
23 0 L -1
24 0 U 23
25 0 L 11
26 1 U 25
27 1 U 26
28 1 U -1
29 1 L 3
30 0 U 29
31 0 U 0
32 0 U 31
33 1 U 8
34 1 U 33
35 1 U -1
36 0 U 1
37 0 U 36
38 0 U 37
39 1 U 38
40 0 U 39
41 0 U 40
42 1 L 38
43 0 U 42
44 1 L 33
45 1 L 6
46 0 U 45
47 0 U 46
48 1 U 47
49 1 U -1
50 0 U 49
51 0 U 50
52 1 U 51
53
0 1 U -1
1 0 U 0
2 1 U -1
3 0 L 2
4 1 U 1
5 0 U 4
6 1 U 4
7 1 U -1
8 0 U 7
9 1 L 0
10 1 U 9
11 0 L 3
12 1 U 11
13 0 U 12
14 0 U -1
15 0 L 12
16 1 U 8
17 0 U 16
18 0 U 17
19 0 U 18
20 0 U 19
21 1 U -1
22 0 U 21
23 1 U 22
24 0 U 23
25 0 L 11
26 1 U 25
27 1 U 26
28 1 U -1
29 1 L 3
30 1 L 17
31 0 U 0
32 0 U 31
33 1 U 8
34 1 U 33
35 1 U -1
36 0 U 1
37 0 U 36
38 0 U 37
39 1 U 38
40 0 U 39
41 0 U 40
42 1 L 38
43 0 U 42
44 0 U 43
45 1 L 6
46 0 U 45
47 0 U 46
48 1 U 47
49 0 U 47
50 0 U 49
51 0 U 50
52 1 U 51
53
0 1 U -1
1 0 U 0
2 1 U -1
3 0 L 2
4 1 U 1
5 0 U 4
6 1 U 4
7 1 U -1
8 0 U 7
9 1 L 0
10 1 U 9
11 0 L 3
12 1 U 11
13 0 U 12
14 0 U -1
15 0 L 12
16 1 U 8
17 0 U 16
18 0 U 17
19 0 U 18
20 0 U 19
21 1 U -1
22 0 U 21
23 1 U 22
24 0 U 3
25 0 L 11
26 1 U 25
27 1 U 26
28 0 U 22
29 1 L 3
30 0 U 29
31 0 U 0
32 0 U 31
33 1 U 8
34 1 U 33
35 1 U -1
36 0 U 1
37 0 U 36
38 0 U 37
39 1 U 38
40 0 U 39
41 0 U 40
42 1 L 38
43 0 U 42
44 0 U 43
45 1 L 6
46 0 U 45
47 0 L 17
48 1 U 47
49 1 U -1
50 1 U 18
51 0 U 50
52 1 U 51
53
0 1 U -1
1 0 U 0
2 1 U -1
3 0 L 2
4 1 U 1
5 0 U 4
6 1 U 4
7 1 U -1
8 0 U 7
9 0 L -1
10 1 U 9
11 0 L 3
12 1 U 11
13 0 U 11
14 0 U -1
15 0 L 12
16 1 U 8
17 0 U 16
18 1 U 9
19 0 U 18
20 0 U 19
21 1 U 14
22 0 U 21
23 1 U 22
24 0 U 23
25 0 L 11
26 1 U 25
27 1 U 26
28 1 U -1
29 1 U 27
30 0 U 17
31 1 U 15
32 0 U 31
33 1 U 8
34 1 U 33
35 1 U -1
36 0 U 1
37 0 U 36
38 0 U 37
39 1 U 38
40 0 U 39
41 0 U 40
42 1 L 38
43 0 U 42
44 0 U 31
45 1 L 6
46 0 U 45
47 0 U 46
48 0 U 42
49 1 U -1
50 0 U 49
51 0 U 50
52 1 U 51
53
0 1 U -1
1 0 U 0
2 1 U -1
3 0 L 2
4 1 U 1
5 0 U 4
6 1 U 4
7 1 U -1
8 0 U 7
9 1 L 0
10 1 U 9
11 0 L 3
12 1 U 11
13 0 U 12
14 0 U -1
15 0 L 12
16 1 U 8
17 0 U 16
18 0 U 17
19 0 U 18
20 0 U 19
21 1 U 19
22 0 L 15
23 1 U 22
24 0 U 23
25 0 L 11
26 1 U 25
27 1 U 26
28 1 U -1
29 1 L 3
30 0 U 29
31 0 L 5
32 0 U 31
33 1 U 8
34 1 U 33
35 1 U -1
36 0 U 1
37 0 U 36
38 0 U 37
39 1 U 38
40 0 U 39
41 0 U 40
42 1 L 38
43 0 U 42
44 0 U 43
45 0 L 13
46 0 U 45
47 0 U 46
48 1 U 47
49 0 L 38
50 0 U 49
51 0 U 50
52 0 L 25
53
0 1 U -1
1 1 L 0
2 1 U -1
3 0 L 2
4 1 U 1
5 0 U 4
6 1 U 4
7 1 U -1
8 0 U 7
9 1 L 0
10 1 U 9
11 0 L 3
12 1 U 11
13 0 U 12
14 0 U -1
15 0 L 12
16 1 U 8
17 0 U 16
18 1 U 5
19 0 U 0
20 0 U 19
21 1 U -1
22 0 U 21
23 1 U 22
24 0 U 23
25 0 L 11
26 1 U 25
27 1 U 26
28 1 U -1
29 1 L 3
30 0 U 29
31 0 U 0
32 0 U 31
33 1 U 8
34 1 U 33
35 1 U -1
36 0 U 1
37 0 U 36
38 0 U 37
39 1 U 38
40 0 U 39
41 0 U 40
42 1 L 38
43 0 L 34
44 0 U 43
45 1 L 6
46 0 U 45
47 0 U 46
48 1 U 47
49 1 U -1
50 0 U 49
51 0 U 50
52 1 U 51
53
0 1 U -1
1 0 U 0
2 1 U -1
3 0 L 2
4 1 U 1
5 0 U 4
6 1 U 4
7 1 U -1
8 0 U 7
9 1 L 0
10 1 U 9
11 0 L 3
12 1 U 11
13 0 U 12
14 0 U -1
15 0 L 12
16 0 U 11
17 0 U 16
18 0 U 17
19 0 U 18
20 0 U 19
21 1 U -1
22 0 U 21
23 1 L -1
24 0 U 23
25 0 L 11
26 1 U 25
27 1 U 26
28 1 U -1
29 1 L 3
30 0 U 29
31 0 U 0
32 0 U 31
33 1 U 8
34 1 U 33
35 1 U -1
36 0 U 1
37 0 U 36
38 0 U 37
39 1 U 38
40 0 U 39
41 0 U 40
42 1 L 38
43 0 U 42
44 0 U 43
45 1 L 6
46 0 U 45
47 0 U 46
48 1 U 47
49 1 U -1
50 0 U 49
51 0 U 50
52 1 U 51
53
0 1 U -1
1 0 U 0
2 1 U -1
3 0 L 2
4 1 U 1
5 0 U 4
6 1 U 4
7 1 U -1
8 0 U 7
9 1 U 3
10 1 U 9
11 0 L 3
12 1 L 1
13 0 U 12
14 0 U -1
15 1 L 4
16 1 U 8
17 0 U 16
18 0 U 17
19 0 U 18
20 0 U 19
21 1 L 20
22 0 U 21
23 1 U 22
24 0 U 23
25 0 L 11
26 1 U 25
27 1 U 26
28 1 U -1
29 1 L 3
30 0 U 29
31 0 L 11
32 0 U 31
33 1 U 8
34 0 L 22
35 1 U -1
36 0 U 1
37 0 U 36
38 0 U 37
39 1 U 38
40 0 U 39
41 0 U 40
42 1 L 38
43 0 U 42
44 0 U 43
45 1 L 6
46 0 U 45
47 0 U 46
48 1 U 47
49 1 U -1
50 0 U 49
51 0 U 50
52 1 U 51
53
0 1 U -1
1 0 U -1
2 1 L -1
3 0 L 2
4 1 U 1
5 0 U 4
6 1 U 4
7 0 U 6
8 0 U 7
9 1 L 0
10 1 U 9
11 0 L 3
12 1 U 11
13 0 U 12
14 0 U -1
15 0 L 12
16 1 U 8
17 0 U 16
18 0 U 17
19 0 U 16
20 0 U 19
21 1 U 19
22 0 U 21
23 1 U 22
24 0 U 23
25 0 L 11
26 1 U 25
27 1 U 26
28 1 U -1
29 1 L 0
30 0 U 29
31 0 U 0
32 0 U 31
33 1 U 8
34 1 U 33
35 1 U -1
36 0 U 1
37 0 U 36
38 0 U 37
39 1 U 38
40 0 U 39
41 0 U 40
42 1 L 38
43 0 U 42
44 0 U 43
45 1 L 6
46 0 U 45
47 0 U 46
48 1 U 47
49 1 U -1
50 0 U 49
51 0 U 50
52 1 U 51
53
0 1 U -1
1 0 U 0
2 1 U -1
3 0 L 2
4 1 U 1
5 0 U 4
6 1 U 4
7 1 U -1
8 0 U 7
9 1 L 0
10 1 U 9
11 0 L 3
12 1 U 11
13 0 U 12
14 0 U -1
15 0 L 12
16 1 U 8
17 0 U 16
18 0 U 17
19 0 U 18
20 0 U 19
21 1 U -1
22 0 U 21
23 1 U 22
24 0 U 23
25 0 L 11
26 0 U 13
27 1 U 26
28 1 U -1
29 1 L 3
30 0 U 29
31 0 U 0
32 0 U 31
33 1 U 8
34 1 U 33
35 1 U -1
36 0 U 1
37 0 U 36
38 0 U 10
39 1 U 38
40 0 U 39
41 0 U 40
42 1 L 38
43 0 U 42
44 0 U 43
45 1 L 6
46 0 U 45
47 0 U 46
48 1 U 47
49 1 U -1
50 0 U 49
51 0 U 50
52 1 U 51
53
0 0 U -1
1 0 U 0
2 1 U 0
3 0 L 2
4 1 U 1
5 0 U 4
6 1 U 4
7 1 U -1
8 1 U 7
9 1 L 0
10 1 U 9
11 0 L 3
12 1 U 11
13 0 U 12
14 0 U -1
15 0 L 12
16 1 U 8
17 0 U 16
18 0 U 17
19 0 U 18
20 0 U 19
21 1 U -1
22 0 U 21
23 1 U 22
24 0 U 23
25 0 L 11
26 1 U 25
27 1 U 26
28 1 U -1
29 1 L 3
30 0 L 8
31 0 U 0
32 0 U 31
33 1 U 8
34 1 U 33
35 1 U -1
36 0 U 1
37 0 U 36
38 0 U 37
39 1 U 38
40 0 U 39
41 0 U 40
42 1 L 38
43 0 U 42
44 0 U 14
45 1 L 6
46 0 U 45
47 0 L 5
48 1 U 47
49 1 U -1
50 0 U 49
51 1 U 29
52 1 U 51
53
0 1 U -1
1 0 U 0
2 1 U -1
3 0 L 2
4 1 U 1
5 0 U 4
6 1 U 4
7 1 U 1
8 0 U 7
9 1 L 0
10 1 U 9
11 0 L 3
12 1 U 11
13 0 U 7
14 0 U 6
15 0 L 12
16 1 U 8
17 0 L 14
18 0 U 17
19 0 U 18
20 0 U 19
21 1 U -1
22 0 U 21
23 1 U 22
24 0 U 23
25 0 L 11
26 1 U 25
27 1 U 26
28 1 U -1
29 1 L 3
30 1 L 15
31 0 U 0
32 0 U 31
33 1 U 8
34 1 U 33
35 1 U -1
36 0 U 1
37 0 U 36
38 1 U -1
39 1 U 38
40 0 U 39
41 0 U 40
42 1 L 38
43 0 U 42
44 1 L 9
45 1 U 27
46 0 U 45
47 0 U 46
48 1 U 47
49 1 U -1
50 0 U 49
51 0 U 50
52 1 U 51
53
0 1 U -1
1 0 U 0
2 1 U -1
3 0 L 2
4 1 U 1
5 0 U 4
6 1 U 4
7 1 U -1
8 0 U 7
9 0 L 0
10 1 U 9
11 0 L 3
12 1 U 11
13 0 U 12
14 0 U -1
15 0 L 12
16 1 U 8
17 0 U 16
18 0 U 17
19 0 U 18
20 0 U 19
21 1 U -1
22 0 L 12
23 1 U 22
24 0 U 23
25 0 L 11
26 0 L 23
27 1 U 26
28 1 U -1
29 1 L 3
30 0 U 29
31 0 U 0
32 0 U 31
33 1 U 8
34 1 U 33
35 1 U -1
36 0 U 1
37 0 U 36
38 0 U 37
39 1 U 38
40 0 U 39
41 0 U 40
42 1 L 38
43 0 U 42
44 0 U 43
45 1 L 6
46 0 U 45
47 0 U 46
48 1 U 47
49 1 U -1
50 0 U 49
51 0 U 50
52 1 U 51
53
0 1 U -1
1 0 U 0
2 1 U -1
3 0 L 2
4 1 U 1
5 0 U 4
6 1 U 4
7 1 U -1
8 0 U 7
9 1 U 2
10 1 U 9
11 0 L 3
12 1 U 11
13 0 U 12
14 0 U -1
15 0 L 12
16 1 U 8
17 0 U 16
18 0 U 17
19 0 U 18
20 0 U 19
21 1 U -1
22 0 U 21
23 1 U 22
24 0 U 23
25 1 U 7
26 1 U 25
27 1 U 26
28 1 U -1
29 1 L 3
30 0 U 29
31 0 U 0
32 0 U 31
33 1 U 8
34 1 U 33
35 1 U -1
36 0 U 1
37 0 U 36
38 0 U 37
39 1 U 38
40 0 U 39
41 0 U 40
42 1 L 38
43 0 U 42
44 0 U 43
45 1 L 6
46 0 U 45
47 0 U 46
48 1 U 47
49 1 U -1
50 0 U 49
51 0 U 50
52 1 U 51
53
0 1 U -1
1 0 U 0
2 1 U -1
3 0 L 2
4 1 U 1
5 0 U 4
6 1 U 4
7 1 U -1
8 0 U 7
9 1 L 5
10 1 U 9
11 0 L 3
12 1 U 11
13 0 U 12
14 0 U -1
15 0 L 12
16 1 U 8
17 0 U 16
18 0 U 17
19 0 U 18
20 0 U 19
21 1 U -1
22 0 U 21
23 1 U 22
24 0 U 23
25 0 L 11
26 1 U 25
27 1 U 26
28 0 U 0
29 1 L 3
30 0 U 29
31 0 U 0
32 0 U 31
33 1 U 8
34 1 U 33
35 1 U -1
36 0 U 1
37 0 U 36
38 0 U 37
39 1 U 38
40 0 U 39
41 0 U 40
42 1 L 38
43 0 U 42
44 0 U 43
45 1 L 6
46 0 U 45
47 0 U 46
48 0 L 13
49 1 U 43
50 0 U 49
51 0 U 50
52 1 U 51
53
0 0 U -1
1 0 U 0
2 1 U -1
3 0 L 2
4 1 U 1
5 0 U 4
6 1 U 4
7 1 U -1
8 0 U 7
9 1 L 0
10 1 U 9
11 0 L 3
12 1 U 11
13 0 U 5
14 0 U -1
15 0 L 12
16 1 U 8
17 0 U 16
18 0 U 17
19 0 U 18
20 0 U 19
21 1 U -1
22 0 U 21
23 1 U 22
24 0 U 23
25 0 L 11
26 1 U 25
27 1 U 26
28 1 U -1
29 1 L 3
30 0 U 29
31 0 U 0
32 0 U 31
33 1 U 8
34 1 U 33
35 1 U -1
36 0 U 1
37 0 U 36
38 0 U 37
39 1 U 38
40 0 U 39
41 0 U 40
42 1 L 38
43 0 U 42
44 0 U 43
45 1 L 6
46 0 U 45
47 0 U 46
48 1 U 47
49 1 U -1
50 1 U 43
51 0 U 50
52 1 U 51
53
0 1 U -1
1 1 L 0
2 1 L 0
3 0 L 2
4 1 U 1
5 0 U 4
6 1 U 4
7 1 U -1
8 0 L 3
9 1 L 0
10 1 U 9
11 0 L 3
12 1 U 11
13 0 U 12
14 0 U -1
15 0 L 12
16 1 U 8
17 0 U 16
18 0 U 17
19 0 L 11
20 0 U 19
21 1 U -1
22 0 U 21
23 1 U 22
24 0 U 23
25 1 L 22
26 1 U 25
27 1 U 26
28 1 U -1
29 1 U 22
30 0 U 29
31 0 U 0
32 0 U 31
33 1 U 8
34 1 U 33
35 1 U -1
36 0 U 1
37 0 U 36
38 0 U 37
39 1 U 38
40 0 U 39
41 0 U 40
42 1 L 38
43 0 U 42
44 0 U 43
45 1 L 6
46 0 U 45
47 0 U 46
48 1 U 47
49 1 U -1
50 0 U 49
51 0 U 50
52 1 U 51
53
0 1 U -1
1 0 U 0
2 1 U -1
3 0 L 2
4 1 U 1
5 0 U 4
6 1 U 4
7 1 U -1
8 0 L 4
9 0 L 1
10 1 U 9
11 0 L 3
12 1 U 11
13 0 U 12
14 0 U -1
15 0 L 12
16 1 U 8
17 0 U 16
18 1 U 4
19 0 U 18
20 0 U 19
21 1 U -1
22 0 U 21
23 1 U 22
24 0 U 23
25 0 L 11
26 1 U 25
27 1 U 26
28 1 U -1
29 1 L 3
30 0 U 29
31 0 U 0
32 0 U 31
33 0 U 19
34 0 U 18
35 1 U -1
36 0 U 1
37 1 L 6
38 0 U 37
39 1 L 15
40 0 U 31
41 0 U 40
42 1 L 38
43 0 U 42
44 0 U 43
45 1 L 6
46 0 U 45
47 0 U 46
48 1 L 43
49 1 U -1
50 0 U 49
51 0 U 50
52 1 U 51
53
0 1 U -1
1 0 U 0
2 1 U -1
3 0 L 2
4 1 U 1
5 0 U 4
6 1 U 4
7 1 U -1
8 0 U 7
9 1 L 0
10 1 U 9
11 0 L 3
12 1 U 11
13 1 L 7
14 1 U 6
15 0 L 12
16 1 U 8
17 0 U 16
18 0 U 17
19 0 U 18
20 0 U 19
21 1 U -1
22 0 U 21
23 1 U 22
24 0 U 23
25 0 L 11
26 1 L 14
27 1 U 26
28 1 U -1
29 1 L 3
30 0 U 29
31 0 U 0
32 1 U 28
33 1 U 8
34 1 U 33
35 1 L 33
36 0 U 1
37 0 U 36
38 0 U 37
39 1 U 38
40 0 U 39
41 0 U 40
42 1 L 38
43 0 U 42
44 0 U 43
45 1 L 6
46 0 U 45
47 0 U 46
48 1 U 47
49 1 U -1
50 0 U 49
51 0 U 50
52 1 U 51
53
0 1 U -1
1 0 U -1
2 1 U -1
3 0 L 2
4 1 U 1
5 0 U 4
6 1 U 4
7 1 U -1
8 0 U 7
9 1 L 0
10 1 U 9
11 0 L 3
12 1 U 11
13 0 U 12
14 0 U -1
15 0 L 12
16 1 U 8
17 0 U 16
18 1 U 6
19 0 U 18
20 0 U 19
21 1 L 19
22 0 U 21
23 1 U 22
24 0 U 23
25 0 L 11
26 1 U 25
27 1 U 26
28 1 U -1
29 1 L 3
30 0 U 29
31 0 U 0
32 0 U 31
33 1 U 8
34 1 U 33
35 1 U -1
36 0 U 1
37 0 U 36
38 0 U 37
39 1 U 38
40 0 U 39
41 0 U 40
42 1 L 38
43 0 U 42
44 0 U 43
45 1 L 6
46 0 U 45
47 0 U 46
48 1 L 41
49 1 U -1
50 0 U 49
51 1 L 32
52 1 U 51
53
0 1 U -1
1 0 U 0
2 1 U -1
3 0 L 2
4 1 U 1
5 0 U 4
6 1 U 4
7 1 U -1
8 0 U 2
9 0 U 1
10 1 U 9
11 0 L 3
12 1 U 11
13 0 L 9
14 0 U -1
15 0 L 12
16 1 U 8
17 0 U 16
18 0 U 17
19 0 U 18
20 0 U 19
21 1 U -1
22 0 U 21
23 1 U 22
24 0 U 23
25 0 L 11
26 1 U 25
27 1 U 26
28 1 U 25
29 1 L 3
30 0 U 29
31 0 U 0
32 0 U 31
33 1 U 8
34 1 U 33
35 1 U -1
36 0 U 1
37 0 U 36
38 0 U 37
39 1 U 38
40 0 U 39
41 0 U 40
42 1 L 38
43 0 U 42
44 0 U 43
45 0 U 24
46 0 U 45
47 0 U 46
48 1 U 47
49 1 U -1
50 0 U 49
51 0 U 50
52 1 U 51
53
0 1 U -1
1 0 U 0
2 1 U -1
3 0 L 2
4 1 U 1
5 0 U 4
6 0 L 4
7 1 U -1
8 1 U 0
9 1 L 0
10 1 U 9
11 0 L 3
12 0 U 7
13 0 U 12
14 0 U -1
15 0 L 12
16 1 U 8
17 0 U 16
18 0 U 17
19 0 U 18
20 0 U 19
21 1 U -1
22 0 U 21
23 1 U 22
24 0 U 23
25 0 L 11
26 1 L 6
27 1 U 26
28 0 U 14
29 1 L 3
30 0 U 29
31 0 L 27
32 0 U 31
33 1 U 8
34 1 U 33
35 1 U -1
36 0 U 1
37 0 U 36
38 0 U 37
39 0 L 27
40 0 L 1
41 0 U 40
42 1 L 38
43 0 U 42
44 0 U 43
45 1 L 6
46 0 U 45
47 0 U 46
48 1 U 47
49 1 U -1
50 0 U 11
51 0 U 50
52 1 U 51
53
0 1 U -1
1 0 U 0
2 1 U -1
3 0 L 0
4 1 U 1
5 0 U 4
6 1 U 4
7 1 U -1
8 0 U 7
9 1 L 0
10 1 U 9
11 0 L 3
12 1 U 11
13 0 U 12
14 0 L 12
15 1 U 14
16 1 U 11
17 0 U 16
18 0 U 17
19 0 U 18
20 0 U 19
21 1 U -1
22 0 U 21
23 1 U 22
24 0 U 23
25 0 L 11
26 1 U 25
27 1 U 26
28 1 U -1
29 1 L 3
30 0 U 29
31 0 U 0
32 0 U 31
33 1 U 8
34 1 U 33
35 1 U -1
36 0 U 1
37 1 L -1
38 0 U 37
39 1 U 38
40 1 L 19
41 1 L 22
42 1 L 38
43 0 U 42
44 0 U 43
45 1 L 6
46 0 U 45
47 0 U 46
48 1 U 47
49 1 U -1
50 0 U 49
51 1 U 42
52 1 U 51
53
0 0 L -1
1 0 U 0
2 1 U -1
3 0 L 2
4 1 U 1
5 0 U 4
6 0 L 4
7 1 U -1
8 0 U 7
9 1 L 0
10 1 U 9
11 0 L 3
12 1 U 11
13 0 U 12
14 0 L 5
15 0 L 12
16 0 L 13
17 0 U 16
18 0 U 17
19 0 U 18
20 0 U 19
21 1 U -1
22 0 U 21
23 1 U 22
24 0 U 23
25 0 L 11
26 1 U 25
27 1 U 26
28 1 U -1
29 1 L 3
30 0 U 29
31 0 U 0
32 0 U 31
33 1 U 8
34 1 U 33
35 1 U -1
36 0 U 1
37 0 U 36
38 0 U 37
39 1 U 38
40 0 U 39
41 0 U 40
42 1 L 38
43 0 U 42
44 0 U 43
45 1 L 6
46 0 U 45
47 0 U 46
48 1 U 47
49 1 U -1
50 0 U 49
51 0 U 50
52 1 U 51
53
0 1 U -1
1 0 U 0
2 1 U -1
3 0 L 2
4 1 U 1
5 1 U -1
6 1 U 4
7 1 U -1
8 0 U 7
9 1 L 0
10 1 U 9
11 0 L 3
12 1 U 11
13 0 U 12
14 0 U -1
15 0 L 12
16 1 U 8
17 0 U 16
18 0 U 17
19 0 U 18
20 0 U 19
21 1 U -1
22 0 U 21
23 1 U 22
24 0 U 23
25 0 L 6
26 1 U 25
27 1 U 26
28 1 U -1
29 1 L 3
30 0 U 29
31 0 U 0
32 0 U 31
33 1 U 8
34 1 U 16
35 1 U -1
36 0 U 1
37 0 U 36
38 0 U 37
39 1 U 38
40 0 U 39
41 0 U 40
42 1 L 38
43 0 U 42
44 0 L 6
45 1 L 6
46 0 U 45
47 0 U 46
48 1 U 47
49 1 U -1
50 0 U 49
51 0 U 50
52 1 U 51
53
0 1 U -1
1 0 U 0
2 1 U -1
3 0 L 2
4 1 U 1
5 0 U 4
6 0 L 5
7 0 U 2
8 0 U 7
9 1 L 0
10 1 U 9
11 0 L 3
12 1 U 11
13 0 U 12
14 0 U -1
15 0 L 12
16 1 U 8
17 0 U 16
18 0 U 17
19 0 U 18
20 0 L 18
21 1 U -1
22 0 U 21
23 1 U 22
24 0 U 23
25 0 L 11
26 0 U 1
27 1 L 6
28 1 U -1
29 1 L 3
30 0 U 29
31 0 U 0
32 0 U 31
33 1 U 8
34 0 L 14
35 1 L 33
36 0 U 1
37 0 U 36
38 0 U 37
39 1 U 38
40 0 U 39
41 0 U 40
42 1 L 38
43 0 U 42
44 0 U 43
45 1 L 6
46 0 U 45
47 0 U 46
48 0 U 26
49 1 U -1
50 0 U 49
51 0 U 50
52 1 U 51
53
0 1 U -1
1 1 L 0
2 1 U -1
3 0 L 2
4 1 U 1
5 0 U 4
6 1 U 4
7 1 U -1
8 0 U 7
9 1 L 0
10 1 U 9
11 0 L 3
12 1 U 11
13 1 L 11
14 1 U 10
15 0 L 12
16 1 U 8
17 0 U 16
18 0 U 17
19 0 U 18
20 0 U 19
21 1 U -1
22 0 U 21
23 1 U 22
24 1 L 6
25 0 L 11
26 1 U 25
27 1 U 26
28 1 U -1
29 1 L 3
30 0 U 29
31 0 U 0
32 0 U 31
33 1 U 8
34 1 U 33
35 1 U -1
36 1 U 12
37 0 U 36
38 0 L 33
39 1 U 38
40 0 U 39
41 0 U 40
42 1 L 38
43 0 U 42
44 0 U 43
45 1 L 6
46 1 L 34
47 0 U 46
48 1 U 47
49 1 U -1
50 0 U 49
51 0 U 50
52 1 U 51
53
0 1 U -1
1 0 U 0
2 1 U -1
3 0 L 2
4 1 U 1
5 0 U 4
6 1 U 4
7 1 U -1
8 0 U 7
9 0 L 8
10 1 U 9
11 0 L 3
12 1 U 11
13 0 U 12
14 0 U -1
15 0 L 12
16 1 U 8
17 0 U 16
18 0 U 17
19 0 U 18
20 0 U 19
21 0 U 9
22 0 U 21
23 1 U 22
24 0 U 23
25 0 L 11
26 1 U 25
27 1 U 2
28 1 U -1
29 1 U 8
30 0 U 27
31 0 U 0
32 1 L 3
33 1 U 8
34 1 U 33
35 1 U -1
36 0 U 1
37 0 U 36
38 0 U 37
39 1 U 38
40 0 U 39
41 0 U 40
42 1 L 38
43 0 U 42
44 0 U 43
45 1 L 6
46 0 U 45
47 0 U 46
48 0 U 1
49 1 U -1
50 0 U 49
51 0 U 49
52 1 L 49
53
0 1 U -1
1 0 U 0
2 1 U -1
3 0 L 2
4 1 U 1
5 0 U 4
6 1 U 4
7 1 U -1
8 1 U 7
9 0 L -1
10 1 U 9
11 0 L 3
12 1 U 11
13 0 U 12
14 0 U 2
15 0 L 12
16 1 U 8
17 0 U 16
18 0 U 17
19 0 U 18
20 0 U 19
21 1 U -1
22 0 U 21
23 1 U 22
24 0 U 23
25 1 U 19
26 1 U 25
27 1 U 26
28 1 U -1
29 1 L 3
30 0 U 29
31 0 U 0
32 0 U 31
33 1 U 8
34 1 U 33
35 1 U -1
36 0 U 1
37 0 U 36
38 0 U 37
39 1 U 38
40 0 U 39
41 0 U 40
42 1 L 38
43 0 U 42
44 0 U 43
45 1 L 6
46 0 U 45
47 0 U 46
48 1 U 47
49 1 U -1
50 0 U 49
51 0 U 50
52 1 U 51
53
0 1 U -1
1 0 U 0
2 1 U -1
3 0 L 2
4 0 U 2
5 1 L 3
6 1 U 4
7 1 U -1
8 0 U 7
9 1 L 0
10 0 L 3
11 0 L 3
12 1 U 11
13 0 U 12
14 0 U -1
15 0 L 0
16 1 U 8
17 0 U 16
18 0 U 17
19 1 U 18
20 0 U 19
21 1 U -1
22 0 U 21
23 1 L 21
24 0 U 18
25 0 L 11
26 1 U 25
27 1 U 26
28 1 U -1
29 1 L 3
30 1 L 27
31 0 U 0
32 0 U 31
33 1 U 32
34 1 U 33
35 1 U 1
36 1 U 35
37 0 U 36
38 0 U 37
39 1 U 38
40 0 U 39
41 1 U 3
42 1 L 38
43 0 U 42
44 0 U 43
45 1 L 6
46 0 U 45
47 0 L 9
48 1 U 47
49 1 U -1
50 0 U 49
51 0 U 50
52 1 U 51
53
0 1 U -1
1 0 U 0
2 1 U -1
3 0 L 2
4 1 U 1
5 0 U 4
6 1 U 4
7 1 U 2
8 0 U 7
9 1 L 0
10 1 U 9
11 0 L 3
12 1 U 11
13 0 U 12
14 0 U -1
15 0 L 12
16 1 U 8
17 0 U 16
18 0 U 17
19 0 U 18
20 0 U 19
21 0 L 16
22 0 U 21
23 1 U 22
24 0 U 23
25 0 L 11
26 1 U 25
27 1 U 26
28 1 U -1
29 1 L 3
30 0 U 29
31 0 U 0
32 0 U 31
33 1 U 8
34 1 U 33
35 1 U -1
36 0 U 1
37 0 U 36
38 0 U 37
39 1 U 25
40 0 U 39
41 0 U 40
42 1 L 38
43 0 U 42
44 0 U 43
45 1 L 6
46 0 U 45
47 1 L 31
48 1 U 47
49 1 U -1
50 0 U 49
51 0 U 50
52 1 U 51
53
0 1 U -1
1 0 U 0
2 1 U -1
3 0 L 2
4 1 U 1
5 0 U 4
6 1 U 4
7 1 U -1
8 0 U 7
9 0 U 2
10 1 U 9
11 0 L 3
12 1 U 11
13 0 U 12
14 0 U 7
15 0 L 12
16 1 U 8
17 1 U 4
18 0 U 17
19 0 U 18
20 0 U 19
21 1 U -1
22 0 U 21
23 1 U 22
24 0 U 23
25 0 L 11
26 1 U 25
27 1 U 26
28 1 U -1
29 1 L 3
30 0 U 29
31 0 U 0
32 0 U 31
33 1 U 8
34 1 U 33
35 1 U -1
36 0 U 1
37 0 U 36
38 0 U 37
39 1 U 38
40 0 U 39
41 0 U 40
42 1 L 38
43 0 U 42
44 0 U 43
45 1 L 6
46 0 U 45
47 0 U 46
48 1 U 47
49 1 U 38
50 0 U 49
51 0 U 50
52 1 U 51
53
0 1 U -1
1 0 U 0
2 1 U -1
3 0 L 2
4 1 U 1
5 0 U 4
6 1 U 4
7 1 U -1
8 0 U 7
9 1 L 0
10 1 U 9
11 0 L 3
12 1 U 11
13 0 U 12
14 0 U -1
15 0 L 12
16 1 U 8
17 0 U 16
18 0 U 17
19 0 U 18
20 0 U 19
21 1 U -1
22 0 U 21
23 1 U 22
24 0 U 23
25 0 L 11
26 1 U 25
27 1 U 26
28 0 L 23
29 1 L 3
30 0 U 29
31 0 U 0
32 1 U 17
33 1 U 8
34 1 U 33
35 1 U -1
36 0 U 1
37 0 U 36
38 0 U 26
39 1 L 16
40 0 U 32
41 1 L 14
42 1 L 38
43 0 U 42
44 0 U 43
45 1 L 6
46 0 U 45
47 0 U 46
48 1 U 47
49 1 U -1
50 0 U 49
51 0 U 50
52 1 U 51
53
0 1 U -1
1 0 U 0
2 1 U -1
3 0 L 2
4 0 L 0
5 0 U 4
6 1 U 4
7 1 U -1
8 0 U 7
9 1 L 0
10 0 U 4
11 0 L 3
12 1 U 11
13 0 U 12
14 0 U -1
15 0 L 12
16 1 U 8
17 0 U 16
18 1 L 5
19 0 U 18
20 0 U 19
21 1 U -1
22 0 U 21
23 1 U 22
24 0 U 23
25 0 L 11
26 1 U 25
27 1 U 26
28 1 U -1
29 1 L 3
30 0 U 29
31 0 U 0
32 0 U 31
33 1 U 8
34 1 U 33
35 0 U 31
36 0 U 1
37 0 U 36
38 0 U 37
39 1 U 38
40 0 U 39
41 0 U 40
42 1 L 32
43 0 U 42
44 1 L 22
45 1 L 6
46 0 U 45
47 0 U 46
48 1 U 47
49 1 U -1
50 0 U 49
51 0 U 50
52 1 U 51
53
0 1 U -1
1 1 U 0
2 1 U -1
3 0 L 2
4 1 U 1
5 0 U 4
6 1 U 4
7 1 U -1
8 0 U 7
9 1 L 0
10 0 U 0
11 1 U 3
12 1 U 11
13 0 U 12
14 0 U -1
15 0 L 12
16 1 U 8
17 0 U 16
18 0 U 17
19 0 U 18
20 0 U 19
21 1 U -1
22 0 U 21
23 1 U 22
24 0 U 23
25 0 L 2
26 1 U 25
27 1 U 26
28 1 U -1
29 1 L 3
30 0 U 29
31 0 U 0
32 0 U 31
33 1 U 8
34 1 L 31
35 1 U -1
36 0 U 1
37 0 U 36
38 0 U 37
39 1 U 38
40 0 U 26
41 0 U -1
42 1 L 38
43 0 U 42
44 1 U 3
45 1 L 6
46 0 U 45
47 0 U 46
48 1 U 47
49 1 U -1
50 0 U 49
51 0 U 50
52 1 U 51
53
0 1 U -1
1 0 U 0
2 1 U -1
3 1 U 2
4 1 U 1
5 0 U 4
6 1 U 4
7 1 U -1
8 0 U 7
9 1 L 0
10 1 U 9
11 0 L 3
12 1 U 11
13 0 U 12
14 0 U -1
15 0 L 12
16 1 U 8
17 0 U 16
18 0 U 17
19 0 U 18
20 0 U 19
21 1 U -1
22 0 U 21
23 1 U 22
24 0 U 23
25 0 L 11
26 1 U 25
27 1 U 19
28 1 U -1
29 1 L 3
30 0 U 9
31 0 U 0
32 0 U 31
33 1 U 8
34 1 U 33
35 1 U -1
36 0 U 1
37 0 U 36
38 0 U 37
39 1 U 38
40 0 U 39
41 0 U 40
42 1 L 38
43 0 U 42
44 0 U 43
45 0 L 14
46 1 L 30
47 0 U 46
48 1 U 47
49 1 U 30
50 0 U 49
51 0 U 50
52 1 U 51
53
0 1 U -1
1 0 U 0
2 1 U -1
3 0 L 2
4 1 U 1
5 0 U 4
6 1 U 4
7 1 U 2
8 0 U 7
9 1 L 0
10 1 U 9
11 0 L 3
12 1 U 11
13 0 U 12
14 1 L 9
15 0 L 12
16 1 U 8
17 0 U 16
18 1 U 5
19 0 U 18
20 0 U 19
21 1 U -1
22 0 U 21
23 1 U 22
24 0 U 23
25 0 L 11
26 1 U 25
27 1 U 26
28 1 U -1
29 1 L 3
30 0 U 29
31 0 U 0
32 0 U 31
33 1 U 8
34 1 U 33
35 1 U -1
36 0 U 1
37 0 U 36
38 0 L 16
39 1 U 38
40 0 U 39
41 1 U 13
42 1 L 38
43 0 U 42
44 1 U 4
45 1 L 6
46 0 U 45
47 0 U 46
48 1 U 47
49 1 U -1
50 0 U 49
51 0 U 50
52 1 U 51
53
0 1 U -1
1 0 U 0
2 1 U -1
3 0 L 2
4 1 U 1
5 0 U 4
6 1 U 4
7 1 U -1
8 0 L 5
9 1 L 0
10 1 U 9
11 0 L 3
12 1 U 11
13 0 U 12
14 0 U -1
15 0 L 12
16 1 U 8
17 0 U 16
18 0 U 17
19 0 L 7
20 0 U 12
21 1 U -1
22 1 L 8
23 1 U 22
24 0 U 23
25 0 L 11
26 1 U 25
27 1 U 26
28 1 U -1
29 1 L 3
30 0 U 29
31 0 U 0
32 0 U 31
33 1 U 8
34 1 U 33
35 1 U -1
36 0 U 1
37 0 U 36
38 0 U 37
39 1 U 38
40 0 U 0
41 0 U 40
42 1 L 38
43 0 U 42
44 0 U 43
45 1 L 6
46 1 L 17
47 0 U 46
48 1 U 47
49 1 U -1
50 0 U 49
51 0 U 50
52 1 U 51
53
0 1 U -1
1 0 U 0
2 0 L -1
3 0 L 2
4 1 U 1
5 0 U 4
6 1 U 4
7 1 U -1
8 0 U 7
9 1 L 0
10 1 U 9
11 0 U 6
12 1 U 11
13 0 U 12
14 0 U -1
15 0 L 12
16 1 L 9
17 0 U 16
18 0 U 17
19 0 L 8
20 0 U 19
21 1 U -1
22 0 U 21
23 1 U 22
24 0 U 23
25 0 L 11
26 1 U 25
27 1 U 26
28 1 L 11
29 1 L 3
30 0 U 29
31 0 U 0
32 0 U 31
33 1 U 8
34 1 U 33
35 1 U -1
36 0 U 1
37 0 U 36
38 0 U 37
39 1 U 38
40 0 U 39
41 0 U 40
42 1 L 38
43 0 U 42
44 0 U 43
45 1 L 6
46 0 U 45
47 0 U 46
48 1 U 47
49 1 U -1
50 0 U 49
51 0 U 50
52 1 U 51
53
0 1 U -1
1 0 U 0
2 1 U -1
3 0 L 2
4 1 U 1
5 0 U 4
6 1 U 4
7 1 U -1
8 0 U 7
9 1 L 0
10 1 U 9
11 0 L 3
12 1 U 11
13 0 U 12
14 0 U -1
15 0 L 12
16 1 U 8
17 0 U 16
18 0 U 17
19 0 U 18
20 0 U 19
21 1 U -1
22 0 U 21
23 1 U 22
24 1 U 7
25 0 L 11
26 1 U 25
27 1 U 26
28 1 U -1
29 1 L 3
30 0 U 29
31 0 U 0
32 0 L 26
33 1 U 8
34 1 U 33
35 1 U -1
36 0 U 1
37 0 U 36
38 0 U 37
39 1 U 38
40 0 U 39
41 0 U 40
42 1 L 38
43 0 U 42
44 0 U 43
45 1 L 6
46 0 U 5
47 0 U 46
48 1 U 47
49 1 U -1
50 0 U 49
51 0 U 50
52 1 U 51
53
0 1 U -1
1 0 U 0
2 1 U -1
3 0 L 2
4 1 U 1
5 0 U -1
6 1 U 4
7 1 U -1
8 0 U 7
9 1 L 0
10 1 U 9
11 0 L 3
12 1 U 11
13 0 U 12
14 0 U -1
15 0 L 12
16 1 U 8
17 0 U 16
18 0 U 17
19 0 U 18
20 0 U 19
21 1 U -1
22 0 U 21
23 1 U 22
24 0 U 23
25 0 L 11
26 1 U 25
27 1 U 26
28 1 U -1
29 1 L 3
30 0 U 29
31 0 U 0
32 0 L 29
33 1 U 8
34 1 U 33
35 1 U -1
36 0 U 1
37 0 U 36
38 0 U 37
39 1 U 38
40 0 U 39
41 0 U 39
42 1 L 38
43 0 U 42
44 0 U 43
45 1 L 6
46 0 U 45
47 0 U 46
48 1 U 47
49 1 U -1
50 0 U 49
51 0 U 50
52 1 U 51
53
0 1 U -1
1 0 U 0
2 1 U -1
3 0 L 2
4 1 U 1
5 0 U 4
6 1 U 4
7 1 U -1
8 0 U 7
9 1 L 0
10 1 U 9
11 0 L 3
12 1 U 11
13 0 U 12
14 0 U -1
15 0 L 12
16 1 U 8
17 0 U 16
18 0 U 17
19 0 U 18
20 0 U 19
21 1 U -1
22 0 U 21
23 1 U 22
24 0 U 23
25 0 L 11
26 0 L 4
27 1 U 26
28 1 U -1
29 1 L 3
30 0 U 29
31 0 U 0
32 0 U 31
33 1 U 8
34 1 U 33
35 1 U -1
36 1 U 16
37 0 U 36
38 0 U 37
39 1 U 38
40 1 U 1
41 0 U 40
42 1 L 38
43 0 U 42
44 0 U 43
45 1 L 6
46 1 U 25
47 0 U 46
48 1 U 47
49 1 U 33
50 0 U 49
51 0 U 50
52 1 U 51
53
0 1 U -1
1 1 U 0
2 1 U -1
3 0 L 2
4 1 U 1
5 0 U 4
6 1 U 4
7 1 U -1
8 0 U 7
9 1 L 0
10 1 U 9
11 0 L 3
12 1 U 11
13 0 U 12
14 0 U -1
15 0 L 12
16 1 U 8
17 0 U 16
18 0 U 17
19 1 U 17
20 0 U 19
21 1 U -1
22 0 U 21
23 1 U 22
24 0 U 23
25 1 L 11
26 1 U 25
27 1 U 26
28 1 U -1
29 1 L 3
30 0 U 29
31 0 U 0
32 0 U 31
33 1 L 9
34 1 U 33
35 1 U -1
36 0 U 1
37 0 U 36
38 0 U 37
39 1 U 38
40 0 U 39
41 0 U 40
42 1 L 38
43 0 U 42
44 0 U 43
45 1 L 6
46 0 U 45
47 0 U 46
48 1 U 47
49 1 U -1
50 0 U 49
51 0 L 2
52 1 U 51
53
0 1 U -1
1 0 U 0
2 1 U -1
3 0 L 2
4 1 U 1
5 0 U 4
6 1 U 4
7 1 U -1
8 0 U 7
9 1 L 0
10 1 U 9
11 0 L 3
12 1 U 11
13 0 U 4
14 0 U -1
15 0 L 12
16 1 U 8
17 0 U 16
18 0 U 17
19 0 U 18
20 0 U 19
21 1 U -1
22 0 U 21
23 1 U 22
24 0 U 23
25 0 L 11
26 1 U 25
27 1 U 26
28 1 U -1
29 1 L 3
30 0 U 29
31 0 U 22
32 0 U 31
33 1 U 8
34 1 U 33
35 1 U -1
36 0 U 1
37 1 L 30
38 0 U 37
39 1 U 38
40 0 U 39
41 0 U 40
42 1 L 23
43 0 U 42
44 0 U 43
45 1 L 6
46 0 U 45
47 0 U 46
48 1 U 47
49 1 U -1
50 0 U 49
51 0 U 50
52 1 U 51
53
0 1 U -1
1 0 U 0
2 1 U -1
3 0 L 2
4 1 L 3
5 1 U -1
6 1 U 4
7 1 U -1
8 0 U 7
9 1 L 0
10 1 U 9
11 0 L 3
12 1 U 11
13 0 U 12
14 0 U -1
15 0 L 12
16 1 U 8
17 0 U 16
18 0 U 17
19 0 U 18
20 0 U 19
21 1 U -1
22 0 L 8
23 1 U 22
24 0 U 23
25 0 L 11
26 1 U 25
27 1 U 26
28 1 U -1
29 1 L 3
30 0 U 29
31 0 U 0
32 0 U 31
33 1 U 8
34 1 U 33
35 1 U -1
36 0 U 1
37 0 U 36
38 0 U 37
39 1 U 38
40 0 U 39
41 0 U 40
42 1 L 38
43 0 U 42
44 0 U 43
45 1 L 6
46 0 U 45
47 0 U 46
48 1 U 47
49 0 L 21
50 1 U 33
51 0 U 50
52 1 U 51
53
0 1 U -1
1 0 L 0
2 0 L -1
3 0 L 2
4 1 U 1
5 0 U 4
6 1 U 4
7 1 U -1
8 0 U 7
9 1 L 0
10 1 U 9
11 0 L 3
12 1 U 11
13 0 L 11
14 0 U -1
15 0 L 12
16 0 L 2
17 0 U 16
18 0 U 17
19 0 U 18
20 0 U 19
21 1 U -1
22 0 U 21
23 1 U 22
24 0 U 23
25 0 L 11
26 1 U 25
27 1 U 26
28 1 U -1
29 1 L 3
30 0 U 29
31 0 U 0
32 0 U 31
33 1 U 8
34 1 U 33
35 1 U -1
36 0 U 1
37 0 U 36
38 0 U 37
39 1 U 11
40 0 U 39
41 0 U 40
42 1 L 38
43 0 U 42
44 0 U 43
45 1 L 6
46 0 U 45
47 0 U 46
48 1 U 47
49 1 U -1
50 0 U 49
51 0 U 50
52 1 U 51
