61
0 1 U -1
1 1 U 0
2 0 U 1
3 0 U 2
4 0 U 3
5 0 U 4
6 0 U 5
7 1 U -1
8 0 U 7
9 0 U 8
10 0 U 9
11 1 U 10
12 1 U 11
13 0 U 12
14 0 U -1
15 0 U 14
16 1 U 15
17 0 U 16
18 1 U 17
19 0 U 18
20 1 U 19
21 1 U -1
22 0 U 21
23 1 U 22
24 0 U 23
25 0 U 24
26 0 U 25
27 0 U 26
28 1 U -1
29 1 U 28
30 1 U 29
31 1 U 30
32 0 U 31
33 0 U 32
34 0 U 33
35 1 U -1
36 0 U 35
37 0 U 36
38 1 U 37
39 1 U 38
40 0 U 39
41 1 U 40
42 1 U -1
43 1 U 42
44 0 U 43
45 1 U 44
46 1 U 45
47 1 U 46
48 0 U 47
49 1 U -1
50 1 U 49
51 1 U 50
52 1 U 51
53 1 U 52
54 0 U 53
55 0 U 54
56 1 U -1
57 0 U 56
58 0 U 57
59 0 U 58
60 1 U 59
61
0 1 U -1
1 1 U 0
2 0 U 1
3 0 U 2
4 0 U 3
5 0 U 4
6 0 U 5
7 0 U 5
8 0 U 7
9 0 U 8
10 0 U 9
11 1 U 10
12 1 U 11
13 0 U 12
14 0 U -1
15 0 U 14
16 1 U 15
17 0 U 16
18 1 L 16
19 0 U 18
20 1 U 19
21 1 U -1
22 1 U 7
23 0 U 18
24 0 U 23
25 0 U 24
26 0 U 25
27 0 U 26
28 1 U -1
29 1 U 28
30 1 U 29
31 1 U 30
32 0 U 31
33 0 U 32
34 0 U 33
35 1 U -1
36 0 U 35
37 0 U 36
38 1 U 37
39 1 U 38
40 0 U 39
41 1 U 40
42 1 U -1
43 1 L 13
44 0 U 43
45 1 U 44
46 1 U 45
47 1 U 46
48 0 U 47
49 1 U -1
50 1 U 49
51 1 U 50
52 1 U 51
53 1 U 52
54 0 U 53
55 0 U 54
56 1 U -1
57 0 U 56
58 0 U 57
59 0 U 58
60 1 U 59
61
0 1 U -1
1 1 U 0
2 0 U 1
3 0 U 2
4 0 U 3
5 0 U 4
6 0 U 5
7 1 U -1
8 0 U 7
9 0 U 1
10 0 U 9
11 1 U 10
12 1 U 11
13 0 U 12
14 0 U -1
15 0 U 14
16 1 U 15
17 0 U 16
18 1 U 17
19 0 U 10
20 1 U 19
21 1 U -1
22 0 U 21
23 1 U 22
24 0 U 23
25 0 U 24
26 0 U 25
27 0 U 26
28 1 U -1
29 1 U 28
30 0 L 9
31 1 U 30
32 0 U 31
33 0 U 32
34 0 U 33
35 0 L 26
36 0 U 35
37 0 U 36
38 1 U 37
39 1 U 38
40 0 U 39
41 1 U 40
42 1 U -1
43 1 U 42
44 0 U 43
45 1 U 44
46 0 L 21
47 1 U 46
48 0 U 47
49 1 U -1
50 1 U 49
51 1 U 50
52 1 U 26
53 1 U 52
54 0 U 53
55 0 U 54
56 1 U -1
57 0 U 56
58 0 U 57
59 0 U 58
60 1 U 59
61
0 1 U -1
1 1 U 0
2 0 U 1
3 0 U 2
4 0 U 3
5 0 U 4
6 0 U 5
7 1 U -1
8 0 U 7
9 0 U 8
10 0 U 9
11 1 U 10
12 1 U 11
13 0 U 12
14 0 U -1
15 0 U 14
16 1 U 15
17 0 L 10
18 1 U 17
19 0 U 18
20 1 U 19
21 1 U -1
22 0 U 21
23 1 U 22
24 0 U 23
25 0 U 24
26 0 U 25
27 0 U 26
28 1 U -1
29 1 U 28
30 1 U 29
31 1 U 30
32 0 U 31
33 0 U 32
34 0 U 33
35 1 U -1
36 0 U 35
37 0 U 36
38 1 L 19
39 1 U 38
40 0 U 39
41 1 U 40
42 1 U -1
43 1 U 42
44 1 L 9
45 1 U 44
46 1 U 45
47 1 U 46
48 0 U 47
49 1 U -1
50 1 U 49
51 1 U 50
52 1 U 51
53 1 U 52
54 0 U 53
55 0 U 54
56 1 U -1
57 0 U 56
58 0 U 57
59 0 U 58
60 1 U 59
61
0 1 U -1
1 1 U 0
2 0 U 1
3 0 U 2
4 0 U 3
5 1 U 1
6 0 U 5
7 1 U -1
8 0 U 7
9 0 U 8
10 0 U 9
11 1 U 10
12 1 U 11
13 0 U 12
14 0 U -1
15 0 U 14
16 1 U 15
17 0 U 16
18 1 U 17
19 0 U 18
20 1 U 6
21 1 U -1
22 0 U 21
23 1 U 22
24 0 U 23
25 0 U 24
26 1 U 20
27 0 U 26
28 1 U -1
29 1 U 28
30 1 U 29
31 1 U 30
32 0 U 31
33 0 U 32
34 0 U 33
35 1 U -1
36 0 U 35
37 0 U 36
38 1 U 37
39 1 U 38
40 0 U 39
41 1 U 40
42 1 U -1
43 0 U 13
44 0 U 43
45 1 U 44
46 1 U 45
47 1 U 46
48 0 U 47
49 1 U -1
50 1 U 49
51 1 U 50
52 1 U 51
53 1 U 52
54 0 U 53
55 0 U 54
56 1 U -1
57 1 U 39
58 1 U 17
59 0 U 58
60 0 U 19
61
0 1 U -1
1 1 U 0
2 0 U 1
3 0 U 2
4 0 U 3
5 0 U 4
6 0 U 5
7 1 U -1
8 0 U 7
9 0 U 8
10 0 U 9
11 1 U 10
12 1 U 11
13 0 U 12
14 0 U -1
15 0 U 14
16 1 U 15
17 0 U 16
18 1 U 17
19 0 U 18
20 1 U 19
21 1 U 20
22 0 U 21
23 1 U 22
24 0 U 23
25 0 U 24
26 0 U 25
27 0 U 26
28 1 U -1
29 1 U 28
30 1 U 29
31 1 U 30
32 0 U 31
33 0 U 32
34 0 U 33
35 1 U -1
36 0 U 35
37 0 L 7
38 1 U 37
39 1 U 38
40 1 L 16
41 1 U 40
42 0 L 11
43 1 U 42
44 0 U 43
45 1 U 44
46 1 U 45
47 1 U 46
48 0 U 47
49 1 U -1
50 0 U 23
51 1 U 20
52 1 U 51
53 1 U 52
54 0 U 53
55 0 U 54
56 0 U 48
57 0 U 56
58 0 U 57
59 0 U 58
60 1 U 59
61
0 1 U -1
1 1 U 0
2 0 U 1
3 0 U 2
4 0 U 3
5 0 U 4
6 0 U 5
7 1 U -1
8 0 U 7
9 0 U 8
10 0 U 9
11 1 U 10
12 1 U 11
13 0 U 12
14 0 U -1
15 0 U 14
16 1 U 15
17 0 U 16
18 1 U 17
19 0 U 18
20 1 U 19
21 1 L 7
22 0 U 21
23 1 U 22
24 0 U 23
25 0 U 24
26 0 U 25
27 0 U 26
28 1 U -1
29 1 U 28
30 1 U 29
31 1 U 30
32 0 U 31
33 0 U 4
34 0 U 33
35 1 U -1
36 0 U 35
37 0 U 36
38 1 U 37
39 1 U 38
40 0 U 39
41 1 U 40
42 1 U -1
43 1 U 42
44 0 U 43
45 1 U 44
46 1 U 45
47 1 U 46
48 0 U 47
49 1 U -1
50 1 U 49
51 1 U 50
52 1 U 51
53 1 U 52
54 0 U 53
55 0 U 54
56 1 U -1
57 0 U 56
58 0 U 57
59 0 U 58
60 1 U 59
61
0 1 U -1
1 1 U 0
2 0 U 0
3 0 U 2
4 0 U 1
5 0 U 4
6 0 U 5
7 1 L -1
8 0 U 7
9 0 U 8
10 1 L 2
11 1 U 10
12 1 U 11
13 0 U 12
14 0 U -1
15 1 U 11
16 1 U 15
17 0 U 16
18 1 U 17
19 0 U 18
20 1 U 19
21 1 L 2
22 0 U 21
23 1 U 22
24 0 U 23
25 0 U 24
26 0 U 25
27 0 U 26
28 1 U -1
29 1 U 28
30 1 U 29
31 1 U 30
32 0 U 31
33 0 U 4
34 0 U 33
35 1 U 4
36 0 U 35
37 0 U 36
38 1 U 37
39 0 L 27
40 0 U 39
41 1 U 40
42 1 U -1
43 1 U 42
44 0 U 24
45 1 U 44
46 1 U 45
47 1 U 46
48 0 U 47
49 1 U -1
50 1 U 49
51 1 U 50
52 1 U 51
53 0 U 23
54 0 U 53
55 0 U 54
56 0 L 10
57 0 U 56
58 0 U 57
59 0 U 58
60 1 U 59
61
0 1 U -1
1 1 U 0
2 0 L 1
3 0 U 2
4 0 U 3
5 0 U 4
6 0 U 5
7 1 U -1
8 0 U 7
9 0 U 8
10 0 U 9
11 1 U 10
12 1 U 11
13 0 U 12
14 0 U -1
15 0 U 14
16 1 U 15
17 0 U 16
18 1 U 17
19 0 U 18
20 1 U 19
21 1 L 7
22 0 U 21
23 1 U 22
24 0 U 23
25 0 U 24
26 0 U 25
27 0 U 26
28 1 U -1
29 1 U 28
30 1 U 29
31 1 U 30
32 0 U 31
33 0 U 4
34 0 U 33
35 1 U -1
36 0 U 35
37 0 U 36
38 1 U 37
39 0 U 2
40 0 U 39
41 1 U 40
42 1 U -1
43 1 U 42
44 0 U 43
45 1 U 44
46 1 U 45
47 1 U 46
48 0 U 47
49 1 U -1
50 1 U 49
51 1 U 10
52 1 U 51
53 1 U 52
54 0 U 53
55 0 U 54
56 1 U -1
57 0 U 56
58 0 U 57
59 0 U 58
60 0 U 55
61
0 1 U -1
1 1 U 0
2 0 U 1
3 0 U 2
4 0 U 3
5 0 U 4
6 0 U 5
7 1 U -1
8 0 U 7
9 0 U 8
10 0 U 9
11 1 U 10
12 1 U 11
13 0 U 12
14 0 U -1
15 0 U 14
16 1 U 15
17 0 U 16
18 1 U 17
19 1 U 10
20 1 U 19
21 1 L 7
22 0 U 21
23 1 U 22
24 0 U 23
25 0 U 24
26 0 U 25
27 0 U 26
28 1 U -1
29 1 U 28
30 1 U 29
31 1 U 30
32 0 U 31
33 0 U 4
34 0 U 33
35 1 U -1
36 0 U 35
37 0 U 36
38 1 U 37
39 1 U 20
40 0 L 6
41 1 U 40
42 1 U -1
43 1 U 42
44 0 U 43
45 1 U 44
46 1 U 45
47 1 U 46
48 0 U 47
49 1 U -1
50 1 U 49
51 1 U 37
52 1 U 32
53 1 U 52
54 0 U 53
55 1 L 47
56 1 U -1
57 0 U 56
58 0 U 57
59 0 L 45
60 1 U 59
61
0 1 U -1
1 1 U 0
2 0 U 1
3 0 U 2
4 1 U 3
5 0 U 4
6 0 U 5
7 1 U -1
8 0 U 7
9 0 U 8
10 1 L 6
11 1 U 10
12 1 L 9
13 0 U 12
14 0 U -1
15 0 U 14
16 1 U 15
17 0 U 16
18 1 U 17
19 0 L 13
20 1 U 19
21 1 L 7
22 0 U 21
23 1 U 22
24 0 U 23
25 0 U 24
26 0 U 25
27 0 U 26
28 1 U -1
29 1 U 28
30 1 U 29
31 1 U 30
32 0 U 31
33 0 U 4
34 0 U 33
35 0 U 29
36 0 U 35
37 0 U 36
38 1 U 37
39 1 U 38
40 0 U 39
41 1 U 40
42 1 L 32
43 1 U 42
44 0 U 43
45 1 U 44
46 1 L 4
47 1 U 46
48 0 L 10
49 1 U -1
50 1 U 49
51 1 U 50
52 1 U 51
53 1 U 52
54 0 U 53
55 0 U 33
56 1 U -1
57 0 U 56
58 0 U 57
59 0 U 58
60 1 U 59
61
0 1 U -1
1 1 U 0
2 1 L 0
3 0 U -1
4 1 U 3
5 0 U 4
6 0 U 5
7 1 U -1
8 0 U 7
9 0 U 8
10 0 U 9
11 1 U 10
12 1 U 11
13 1 U 0
14 1 L 12
15 1 L -1
16 1 U 15
17 0 U 16
18 1 U 17
19 0 U 18
20 1 U 19
21 1 L 7
22 0 U 21
23 1 U 22
24 0 U 23
25 0 U 24
26 0 U 25
27 0 U 26
28 1 U -1
29 1 U 28
30 1 U 29
31 1 U 30
32 0 U 31
33 0 U 4
34 1 L 8
35 1 U -1
36 0 U 35
37 0 U 36
38 1 U 37
39 1 U 38
40 0 U 39
41 1 U 40
42 1 U -1
43 1 U 42
44 0 U 43
45 1 U 44
46 1 U 45
47 1 U 46
48 0 U 47
49 1 U -1
50 1 U 49
51 1 U 50
52 1 U 51
53 1 L 5
54 0 U 53
55 0 U 54
56 1 U -1
57 0 U 56
58 0 U 57
59 0 U 58
60 1 U 59
61
0 1 U -1
1 1 U 0
2 1 L 0
3 0 U -1
4 1 U 0
5 0 U 4
6 0 L 5
7 1 U -1
8 0 U 7
9 0 U 1
10 0 U 9
11 1 U 10
12 1 U 11
13 1 U 0
14 1 L 12
15 1 U 5
16 1 U 15
17 0 U 16
18 1 U 17
19 0 U 18
20 1 U 19
21 1 L 7
22 1 L 0
23 1 U 22
24 0 U 23
25 0 U 24
26 0 U 25
27 0 U 26
28 1 U -1
29 1 U 28
30 1 U 29
31 1 U 30
32 0 L 8
33 1 U 7
34 1 L 8
35 1 U -1
36 0 L 10
37 0 U 36
38 1 U 37
39 1 U 33
40 0 U 39
41 1 U 40
42 1 U -1
43 1 U 42
44 0 U 43
45 1 L 0
46 1 U 45
47 1 U 46
48 0 U 47
49 1 U -1
50 0 U 25
51 1 U 50
52 1 U 51
53 1 L 5
54 0 U 53
55 0 U 54
56 1 U -1
57 0 U 56
58 0 U 57
59 0 U 58
60 1 U 59
61
0 0 U -1
1 1 U 0
2 1 L 1
3 0 U -1
4 1 U 3
5 0 U 4
6 0 U 5
7 1 U -1
8 0 U 7
9 0 U 8
10 0 U 9
11 1 U 10
12 0 L 7
13 1 U 0
14 1 L 12
15 1 L -1
16 1 U 15
17 0 U 16
18 1 U 17
19 0 U 18
20 1 U 19
21 1 L 7
22 0 U 21
23 1 U 22
24 0 U 23
25 1 L 23
26 0 U 25
27 0 U 26
28 1 U -1
29 1 U 28
30 1 U 29
31 1 U 30
32 0 U 31
33 0 U 4
34 1 L 8
35 1 U -1
36 0 U 35
37 0 U 36
38 1 U 37
39 1 U 38
40 0 U 39
41 1 U 40
42 1 U -1
43 0 L 12
44 0 U 43
45 1 U 44
46 1 U 45
47 1 U 46
48 0 U 47
49 1 U 2
50 1 U 49
51 1 U 50
52 1 U 51
53 1 L 5
54 0 U 53
55 0 U 54
56 1 U -1
57 0 U 56
58 0 U 57
59 0 U 58
60 1 U 59
61
0 1 U -1
1 1 U 0
2 1 L 0
3 0 U -1
4 1 U 0
5 0 U 4
6 0 U 5
7 1 U -1
8 0 U 7
9 0 U 8
10 0 U 9
11 1 U 10
12 1 U 11
13 1 U 0
14 1 L 12
15 0 L 4
16 1 U 15
17 0 U 16
18 1 U 17
19 1 U 18
20 1 U 19
21 0 U 12
22 0 U 21
23 1 U 22
24 0 U 23
25 0 U 24
26 1 L 14
27 0 U 26
28 1 U -1
29 1 U 28
30 1 U 29
31 1 U 30
32 0 U 31
33 0 U 4
34 1 L 8
35 1 U -1
36 0 U 35
37 0 U 36
38 1 U 37
39 1 U 38
40 0 U 39
41 1 U 40
42 1 U -1
43 1 U 42
44 0 U 43
45 1 L 11
46 1 U 45
47 1 U 46
48 0 U 47
49 1 U -1
50 1 U 49
51 1 U 50
52 1 U 51
53 1 L 5
54 0 U 53
55 0 U 54
56 1 U -1
57 0 U 56
58 0 U 57
59 0 U 58
60 1 U 59
61
0 1 U -1
1 1 U 0
2 1 L 0
3 0 U -1
4 1 U 3
5 0 U 4
6 0 U 5
7 1 U -1
8 0 U 7
9 0 U 8
10 0 U 9
11 1 U 10
12 1 U 11
13 1 U 0
14 0 L 9
15 1 L -1
16 1 U 15
17 0 U 16
18 1 U 17
19 0 U 18
20 1 U 19
21 1 L 7
22 0 U 21
23 1 U 22
24 0 U 23
25 0 U 24
26 0 U 25
27 0 U 26
28 1 U -1
29 1 U 28
30 1 U 29
31 0 U 6
32 0 U 31
33 0 U 4
34 1 L 8
35 0 L 13
36 0 U 35
37 0 U 36
38 1 U 37
39 1 U 38
40 0 U 25
41 1 U 16
42 1 U -1
43 1 U 42
44 0 U 43
45 1 U 44
46 1 U 45
47 1 U 46
48 0 U 47
49 1 U -1
50 1 U 49
51 1 U 50
52 1 U 51
53 1 L 5
54 0 U 53
55 0 U 54
56 1 U -1
57 0 U 56
58 0 U 57
59 0 U 58
60 1 U 59
61
0 1 U -1
1 1 U 0
2 1 L 0
3 0 U -1
4 1 U 3
5 0 U 4
6 0 U 5
7 1 U -1
8 0 U 7
9 0 U 8
10 0 U 9
11 1 U 10
12 1 U 11
13 1 U 0
14 1 L 12
15 1 L -1
16 1 U 15
17 0 U 16
18 1 U 17
19 0 U 18
20 1 U 19
21 1 L 7
22 0 U 21
23 1 U 22
24 0 U 23
25 0 U 24
26 0 U 25
27 0 U 26
28 1 U -1
29 1 U 28
30 1 U 29
31 1 U 30
32 0 U 31
33 0 U 4
34 1 L 8
35 1 U -1
36 0 U 35
37 0 U 36
38 1 U 37
39 1 U 38
40 0 U 39
41 1 U 40
42 1 U -1
43 1 U 42
44 0 U 43
45 1 U 44
46 1 U 45
47 1 U 46
48 0 U 47
49 1 U -1
50 1 U 49
51 1 U 50
52 1 U 51
53 1 L 5
54 0 U 53
55 0 U 54
56 1 U -1
57 0 U 56
58 0 U 57
59 1 L 38
60 1 L 4
61
0 1 U -1
1 1 U 0
2 1 L 0
3 0 U 1
4 1 U 3
5 0 U 4
6 0 U 5
7 1 U -1
8 0 U 7
9 0 L 3
10 0 U 9
11 0 L 9
12 1 U 11
13 1 U 4
14 1 L 7
15 1 L -1
16 1 U 15
17 0 U 16
18 1 U 17
19 0 U 18
20 1 U 19
21 1 L 7
22 0 U 21
23 1 U 22
24 0 U 23
25 0 U 24
26 0 L 15
27 0 U 26
28 1 U -1
29 1 U 28
30 1 U 29
31 1 L 26
32 0 U 31
33 0 U 4
34 1 L 8
35 1 U -1
36 0 U 35
37 0 U 36
38 1 U 37
39 1 U 38
40 0 U 39
41 1 U 40
42 1 U -1
43 1 U 42
44 0 U 43
45 1 U 44
46 1 U 45
47 1 U 46
48 0 U 47
49 1 U -1
50 1 U 49
51 1 U 50
52 1 U 51
53 1 U 36
54 0 U 53
55 0 U 54
56 1 U -1
57 0 U 56
58 0 U 57
59 0 U 58
60 1 U 59
61
0 1 U -1
1 1 U 0
2 1 L 0
3 0 U -1
4 1 U 3
5 0 U 4
6 0 L 3
7 1 U -1
8 0 U 3
9 0 U 8
10 0 U 9
11 1 U 10
12 1 U 11
13 1 U 0
14 1 L 12
15 1 L -1
16 1 U 15
17 1 L 8
18 1 U 17
19 0 U 6
20 1 U 19
21 1 L 7
22 0 U 21
23 1 U 22
24 0 U 23
25 0 U 24
26 1 L 11
27 0 U 26
28 1 U -1
29 1 U 28
30 1 U 29
31 1 U 30
32 0 U 31
33 0 U 4
34 1 L 8
35 1 U -1
36 0 U 35
37 0 U 36
38 1 U 37
39 1 U 38
40 0 U 39
41 1 U 40
42 1 U -1
43 1 U 28
44 0 U 43
45 1 U 44
46 1 U 45
47 1 U 46
48 0 L 43
49 1 U -1
50 1 U 49
51 1 U 50
52 1 U 51
53 1 L 5
54 1 L 21
55 0 U 54
56 1 U -1
57 0 U 56
58 0 U 57
59 0 U 58
60 1 U 59
61
0 1 U -1
1 1 U 0
2 1 L 0
3 0 U -1
4 1 U 3
5 0 U 4
6 0 U 5
7 1 U -1
8 0 U 7
9 0 U 8
10 0 U 9
11 1 U 10
12 1 U 11
13 1 U 0
14 1 L 12
15 1 L -1
16 1 U 15
17 0 U 16
18 1 U 17
19 0 U 18
20 1 U 19
21 1 L 7
22 0 U 21
23 1 U 22
24 1 L 6
25 0 U 24
26 0 U 7
27 0 U 26
28 1 U -1
29 1 U 28
30 1 U 29
31 1 U 30
32 0 U 31
33 0 L 11
34 1 L 8
35 1 U -1
36 0 U 35
37 0 L 2
38 1 U 37
39 1 U 38
40 0 U 39
41 1 U 40
42 1 U -1
43 1 U 42
44 0 U 43
45 1 U 21
46 1 U 45
47 1 L 10
48 0 U 47
49 1 U -1
50 1 U 49
51 1 U 50
52 0 U 46
53 1 L 5
54 0 U 53
55 0 U 54
56 1 U -1
57 0 U 56
58 0 U 57
59 0 U 58
60 1 U 59
61
0 1 U -1
1 1 U 0
2 1 L 0
3 0 U -1
4 1 U 3
5 0 U 4
6 0 U 5
7 1 U -1
8 0 U 7
9 0 U 8
10 0 U 9
11 1 U 10
12 1 U 11
13 1 U 0
14 0 L 4
15 1 L -1
16 1 U 15
17 0 U 16
18 1 L 14
19 0 U 18
20 1 U 19
21 1 U 6
22 0 U 21
23 1 U 22
24 0 U 23
25 0 U 24
26 0 U 25
27 0 U 26
28 1 U -1
29 1 U 28
30 1 U 29
31 1 U 30
32 1 U 3
33 0 U 4
34 1 L 8
35 1 U -1
36 0 U 6
37 0 U 36
38 1 U 37
39 0 U 11
40 0 U 39
41 1 U 40
42 1 U -1
43 1 U 42
44 0 U 43
45 1 U 44
46 1 U 45
47 1 U 46
48 0 U 47
49 1 U -1
50 0 U 45
51 1 U 50
52 1 U 51
53 1 L 5
54 0 U 53
55 0 U 54
56 1 U -1
57 0 U 56
58 0 U 57
59 0 U 58
60 1 U 59
61
0 0 L -1
1 1 U 0
2 1 L 0
3 0 U -1
4 1 U 3
5 0 U 4
6 0 U 5
7 1 U -1
8 0 U 7
9 0 U 8
10 0 U 9
11 1 U 10
12 1 U 11
13 1 U 0
14 1 L 12
15 0 L 14
16 1 U 15
17 1 U 16
18 1 U 17
19 0 U 18
20 1 U 19
21 1 L 7
22 0 U 21
23 1 U 2
24 0 U 23
25 0 U 24
26 0 U 25
27 0 U 26
28 1 U -1
29 1 U 28
30 1 U 29
31 1 U 30
32 0 U 31
33 0 U 4
34 1 L 8
35 1 U -1
36 0 U 35
37 0 U 36
38 1 U 37
39 1 U 38
40 0 U 39
41 1 U 40
42 1 U -1
43 1 U 42
44 0 U 43
45 1 U 44
46 1 U 45
47 1 U 46
48 0 U 47
49 1 U -1
50 1 U 12
51 1 U 50
52 1 U 51
53 1 L 5
54 0 U 53
55 0 U 54
56 1 U -1
57 0 U 56
58 0 U 57
59 1 U 26
60 1 U 59
61
0 1 U -1
1 1 U 0
2 1 L 0
3 0 U -1
4 1 U 3
5 0 U 4
6 0 U 5
7 1 U -1
8 0 U 7
9 1 U 2
10 0 U 9
11 1 U 10
12 0 U 6
13 1 U 0
14 1 L 12
15 1 L -1
16 1 U 15
17 0 U 16
18 1 U 17
19 0 L 0
20 1 U 19
21 1 L 7
22 0 U 21
23 1 U 22
24 0 U 23
25 0 U 24
26 0 U 25
27 0 U 26
28 1 U -1
29 1 U 28
30 1 U 29
31 1 U 30
32 0 U 31
33 0 U 4
34 1 L 2
35 1 U -1
36 0 U 35
37 0 U 36
38 1 U 37
39 1 U 38
40 0 U 39
41 0 U 40
42 1 U -1
43 1 U 42
44 0 U 43
45 1 U 44
46 1 U 45
47 1 U 46
48 0 U 47
49 1 U -1
50 1 U 49
51 1 U 50
52 1 U 51
53 1 L 5
54 0 U 53
55 0 U 54
56 1 U -1
57 0 U 56
58 0 U 57
59 0 U 58
60 1 U 55
61
0 1 U -1
1 1 U 0
2 1 L 0
3 0 U -1
4 1 U 3
5 0 L 2
6 0 U 5
7 1 U -1
8 0 U 7
9 0 U 8
10 0 U 9
11 1 U 0
12 1 U 11
13 1 U 0
14 1 L 12
15 1 L -1
16 1 U 15
17 0 U 16
18 1 U 17
19 0 U 18
20 1 U 19
21 1 L 7
22 0 U 12
23 1 U 22
24 0 U 23
25 0 U 24
26 0 U 25
27 0 U 26
28 1 U -1
29 1 U 28
30 1 U 29
31 1 U 30
32 0 U 31
33 0 U 4
34 1 L 8
35 1 U -1
36 0 U 35
37 0 U 36
38 1 U 37
39 1 U 38
40 1 L 26
41 1 U 40
42 1 U -1
43 1 U 42
44 0 U 43
45 1 U 44
46 1 U 45
47 1 U 46
48 0 U 47
49 1 U -1
50 1 U 49
51 1 U 50
52 1 U 51
53 0 L 29
54 0 U 53
55 1 U 46
56 1 U -1
57 0 U 56
58 0 U 57
59 0 U 58
60 1 U 59
61
0 1 U -1
1 1 U 0
2 1 L 0
3 0 U -1
4 1 U 3
5 0 U 4
6 0 U 5
7 1 U -1
8 0 U 7
9 0 U 8
10 0 U 9
11 1 U 10
12 1 U 11
13 1 U 0
14 1 L 12
15 1 L -1
16 1 U 15
17 0 U 16
18 1 U 17
19 0 U 2
20 1 U 19
21 1 L 7
22 0 U 21
23 1 U 22
24 0 U 23
25 0 U 24
26 0 U 25
27 0 U 26
28 1 U -1
29 1 U 28
30 1 U 29
31 1 U 30
32 0 U 31
33 0 U 4
34 1 L 8
35 1 U -1
36 0 U 35
37 0 U 36
38 1 U 37
39 1 U 38
40 0 U 39
41 1 U 40
42 1 U -1
43 1 U 42
44 0 U 43
45 1 U 44
46 1 U 45
47 1 U 46
48 0 U 47
49 1 U -1
50 1 U 49
51 1 U 50
52 1 U 51
53 1 L 5
54 0 U 53
55 0 U 54
56 0 L 9
57 0 U 38
58 0 U 57
59 0 U 58
60 1 U 59
61
0 1 U -1
1 1 U 0
2 1 L 0
3 0 U -1
4 1 U 3
5 0 U 4
6 0 U 5
7 1 U -1
8 0 U 7
9 0 U 8
10 0 U 9
11 1 U 10
12 1 U 11
13 1 U 0
14 1 L 12
15 1 L -1
16 1 U -1
17 1 L 14
18 0 L 3
19 0 U 2
20 1 U 19
21 1 L 0
22 0 U 21
23 1 U 22
24 0 U 23
25 0 U 24
26 0 U 25
27 0 U 26
28 1 U -1
29 1 U 28
30 1 U 29
31 0 L 12
32 0 U 31
33 0 L 4
34 1 L 8
35 1 U -1
36 0 U 35
37 1 L 34
38 1 U 37
39 1 U 38
40 0 U 39
41 1 U 40
42 1 U -1
43 1 U 42
44 0 U 43
45 1 U 44
46 1 U 45
47 1 U 46
48 0 U 47
49 1 U -1
50 1 U 37
51 1 U 50
52 1 U 51
53 1 L 5
54 0 U 53
55 0 U 54
56 0 L 46
57 0 U 38
58 1 U 19
59 0 U 58
60 1 U 59
61
0 1 U -1
1 0 U -1
2 1 L 0
3 0 U -1
4 1 U 3
5 0 U 4
6 0 U 5
7 1 U -1
8 0 U 7
9 0 U 8
10 0 U 9
11 1 U 10
12 1 U 11
13 1 U 0
14 1 L 12
15 0 U 3
16 1 U 15
17 0 U 16
18 1 U 17
19 0 U 2
20 1 U 19
21 1 L 7
22 0 U 21
23 0 L 11
24 0 U 23
25 0 U 24
26 0 U 25
27 0 U 26
28 1 U -1
29 1 U 28
30 1 U 29
31 1 U 30
32 0 U 31
33 0 U 4
34 1 L 8
35 1 U -1
36 0 U 35
37 0 U 36
38 1 U 37
39 1 U 38
40 0 U 39
41 1 U 40
42 1 U -1
43 1 U 42
44 0 U 43
45 1 U 44
46 0 L 18
47 1 U 46
48 0 U 47
49 1 U -1
50 1 U 49
51 1 U 50
52 1 U 51
53 1 L 5
54 0 U 53
55 0 U 54
56 0 L 9
57 0 U 38
58 0 U 57
59 0 U 58
60 1 U 59
61
0 1 U -1
1 1 U 0
2 1 L 0
3 0 U -1
4 1 U 3
5 0 U 4
6 0 U 0
7 1 U -1
8 0 U 7
9 0 U 8
10 0 U 9
11 1 U 10
12 1 U 11
13 1 U 0
14 1 L 12
15 1 L -1
16 1 U 15
17 0 U 16
18 1 U 17
19 0 L 4
20 1 U 19
21 1 U 15
22 0 U 21
23 1 U 22
24 0 U 23
25 0 U 24
26 0 U 25
27 0 U 26
28 1 U -1
29 1 U 4
30 1 U 29
31 1 U 30
32 0 U 31
33 0 L 9
34 1 L 8
35 1 U -1
36 0 U 35
37 0 U 36
38 1 U 37
39 1 U 38
40 0 U 39
41 0 U 20
42 1 U -1
43 1 U 42
44 0 U 43
45 1 U 44
46 1 U 45
47 1 U 46
48 0 U 47
49 1 U -1
50 1 L 44
51 1 U 50
52 1 U 51
53 1 L 5
54 0 U 53
55 1 L 5
56 0 L 9
57 0 U 38
58 0 U 57
59 0 U 58
60 1 U 59
61
0 1 U -1
1 1 U 0
2 0 U 1
3 0 U -1
4 1 U 3
5 0 U 4
6 0 U 5
7 1 U -1
8 0 U 7
9 0 U 8
10 0 U 9
11 1 U 10
12 1 U 11
13 1 U 0
14 1 L 12
15 0 U 8
16 1 U 15
17 0 L 10
18 1 U 17
19 0 U 2
20 1 U 19
21 1 L 7
22 0 U 21
23 1 U 22
24 0 U 23
25 0 U 24
26 0 U 25
27 0 U 26
28 1 U -1
29 1 U 28
30 1 U 29
31 1 U 30
32 0 U 31
33 0 U 4
34 1 L 8
35 1 U -1
36 0 U 35
37 0 U 36
38 1 U 37
39 1 U 38
40 1 U 8
41 1 U 40
42 1 U -1
43 1 U 42
44 0 U 43
45 1 U 44
46 1 U 45
47 1 U 46
48 0 U 47
49 1 U -1
50 1 U 49
51 1 U 50
52 1 U 51
53 1 L 5
54 0 U 53
55 0 U 54
56 0 L 9
57 1 U 56
58 0 U 57
59 0 U 58
60 1 U 59
61
0 1 U -1
1 1 U 0
2 1 L 0
3 0 U -1
4 1 U 3
5 0 U 4
6 0 U 5
7 1 U -1
8 0 U 7
9 0 U 8
10 0 U 9
11 1 U 10
12 1 U 11
13 1 L 11
14 1 L 12
15 1 L -1
16 1 U 15
17 0 U 16
18 1 U 17
19 0 U 2
20 1 U 19
21 1 L 7
22 0 U 21
23 1 U 22
24 0 U 23
25 0 U 24
26 0 U 25
27 1 U 21
28 1 U -1
29 1 U 22
30 1 U 29
31 1 U 30
32 0 U 31
33 0 U 4
34 1 L 8
35 1 U -1
36 0 U 35
37 0 U 36
38 1 U 37
39 1 U 20
40 0 U 39
41 1 U 40
42 1 U -1
43 1 U 42
44 0 U 43
45 1 U 44
46 1 U 45
47 0 U 24
48 0 U 47
49 1 U -1
50 1 L 49
51 1 U 50
52 1 U 51
53 1 L 5
54 0 U 53
55 0 U 54
56 0 L 9
57 0 U 38
58 1 U 22
59 0 U 58
60 1 U 7
61
0 1 U -1
1 1 U 0
2 1 L 0
3 0 U -1
4 1 U 3
5 0 U 4
6 0 U 5
7 1 U -1
8 0 U 7
9 0 U 8
10 0 U 9
11 1 U 10
12 1 U 11
13 1 U 0
14 1 L 12
15 1 L -1
16 1 U 15
17 0 U 16
18 1 U 17
19 0 U 2
20 0 L 8
21 1 L 7
22 0 U 21
23 1 U 22
24 0 U 23
25 0 U 24
26 0 U 25
27 0 U 26
28 1 U -1
29 1 U 28
30 0 U 2
31 1 U 30
32 0 U 31
33 0 U 4
34 1 L 8
35 1 U -1
36 0 U 35
37 0 U 6
38 1 U 37
39 1 U 38
40 0 U 39
41 1 U 40
42 1 U -1
43 1 U 42
44 0 U 41
45 1 U 44
46 1 U 45
47 1 U 46
48 0 U 47
49 1 U -1
50 0 L 2
51 1 U 50
52 1 U 51
53 1 L 5
54 1 L 33
55 0 U 54
56 0 L 9
57 0 U 38
58 0 U 57
59 0 U 58
60 1 U 59
61
0 1 U -1
1 1 U 0
2 1 L 0
3 0 U -1
4 1 U 3
5 0 U 4
6 0 U 5
7 1 U -1
8 0 U 7
9 0 U 8
10 0 U 9
11 1 U 10
12 1 U 11
13 1 U 0
14 1 L 12
15 1 L -1
16 1 U 15
17 0 U 16
18 1 U 17
19 0 U 2
20 0 L 8
21 1 L 7
22 1 L 0
23 1 L 11
24 0 U 23
25 0 U 24
26 0 U 25
27 0 U 26
28 1 U -1
29 1 U 28
30 0 U 2
31 1 U 30
32 0 U 31
33 0 U 4
34 1 L 8
35 1 U -1
36 0 U 35
37 0 U 31
38 1 U 18
39 1 U 38
40 0 U 39
41 1 U 40
42 1 U -1
43 1 U 42
44 0 U 41
45 1 U 44
46 1 U 45
47 1 U 46
48 0 U 47
49 1 U -1
50 0 L 2
51 1 U 50
52 1 U 51
53 1 L 5
54 1 L 33
55 0 U 54
56 0 L 9
57 0 U 38
58 0 U 57
59 1 U 57
60 1 U 59
61
0 1 U -1
1 0 L 0
2 1 L 0
3 0 U -1
4 1 U 3
5 0 U 4
6 0 U 5
7 1 U -1
8 0 U 7
9 0 U 8
10 0 U 9
11 1 U 10
12 1 U 11
13 1 U 0
14 1 L 12
15 1 L -1
16 0 L 12
17 0 U 16
18 1 U 17
19 0 U 2
20 0 L 8
21 1 L 7
22 0 U 21
23 1 U 22
24 0 U 23
25 0 U 24
26 0 U 25
27 0 U 26
28 1 U -1
29 1 U 20
30 0 U 2
31 1 U 30
32 0 U 31
33 0 U 4
34 1 L 8
35 1 U -1
36 1 L 24
37 0 U 6
38 1 U 37
39 1 U 38
40 0 U 12
41 1 U 40
42 1 U -1
43 1 U 42
44 0 U 41
45 1 U 44
46 1 U 45
47 1 U 46
48 0 U 47
49 1 U -1
50 0 L 2
51 1 U 50
52 1 U 51
53 1 L 5
54 0 L 47
55 0 U 54
56 0 L 9
57 0 U 38
58 0 U 57
59 0 U 58
60 1 U 59
61
0 1 U -1
1 1 U 0
2 1 L 0
3 0 U -1
4 1 U 3
5 1 U -1
6 0 U 5
7 1 U -1
8 0 U 7
9 0 U 8
10 0 U 9
11 1 U 10
12 0 L 11
13 1 U 0
14 1 L 12
15 1 L -1
16 1 U 15
17 0 U 16
18 1 U 5
19 0 U 2
20 0 L 8
21 1 L 7
22 0 U 21
23 1 U 22
24 0 U 23
25 1 U 24
26 0 U 25
27 0 U 26
28 1 U -1
29 1 U 28
30 0 U 2
31 1 U 30
32 0 U 31
33 0 U 4
34 1 U 27
35 1 L 24
36 0 U 35
37 0 U 11
38 1 U 37
39 1 U 38
40 0 U 39
41 1 U 40
42 1 U -1
43 1 U 42
44 0 U 41
45 0 L 44
46 1 U 45
47 1 U 46
48 1 L 9
49 1 U -1
50 0 L 2
51 1 U 50
52 1 U 51
53 1 L 5
54 1 L 33
55 0 U 54
56 0 L 9
57 0 U 38
58 0 L 31
59 0 L 19
60 1 U 59
61
0 1 U -1
1 1 L 0
2 0 U -1
3 0 U -1
4 1 U 3
5 1 U 3
6 0 U 5
7 1 U -1
8 0 U 7
9 0 U 8
10 0 U 3
11 1 U 10
12 1 U 11
13 1 U 0
14 1 L 12
15 1 L 4
16 1 U 15
17 0 U 16
18 1 U 17
19 0 U 2
20 0 L 8
21 1 L 7
22 0 U 21
23 1 U 22
24 0 U 23
25 0 L 11
26 0 U 25
27 0 U 26
28 1 U -1
29 1 U 28
30 0 U 2
31 0 L 17
32 0 U 31
33 0 U 4
34 1 L 8
35 1 U -1
36 0 U 35
37 1 U 29
38 1 U 37
39 0 L 7
40 1 L 12
41 1 U 40
42 1 U -1
43 1 U 42
44 0 U 41
45 1 U 44
46 1 U 45
47 1 U 46
48 0 U 47
49 1 U -1
50 0 L 2
51 1 U 50
52 1 U 51
53 1 L 5
54 1 L 33
55 0 U 10
56 1 L 38
57 0 U 38
58 0 U 57
59 0 U 58
60 1 U 59
61
0 1 U -1
1 1 U 0
2 1 L 0
3 0 U -1
4 1 U 3
5 0 U 4
6 0 U 5
7 1 U -1
8 0 U 7
9 0 U 8
10 0 U 9
11 1 U 10
12 1 U 11
13 1 U 0
14 1 L 12
15 1 L -1
16 1 L -1
17 1 L 11
18 1 U 17
19 0 U 2
20 0 L 8
21 1 L 7
22 0 U 21
23 1 U 22
24 0 U 23
25 0 U 24
26 0 U 25
27 0 U 26
28 1 U -1
29 1 U 28
30 0 U 2
31 1 U 30
32 0 U 18
33 0 U 4
34 1 L 8
35 1 U -1
36 0 L 8
37 0 U 6
38 1 U 37
39 1 U 38
40 1 L 32
41 1 U 40
42 1 U -1
43 0 L 20
44 0 U 41
45 1 U 44
46 1 U 45
47 1 U 46
48 0 U 47
49 1 U -1
50 0 L 2
51 1 U 50
52 0 U 39
53 1 L 5
54 1 L 33
55 0 U 54
56 0 L 9
57 0 U 38
58 1 U 30
59 0 U 58
60 1 L 41
61
0 1 U -1
1 1 U 0
2 1 L 0
3 0 U -1
4 1 U 3
5 0 U 4
6 0 U 5
7 1 U -1
8 0 U 7
9 0 U 3
10 0 U 9
11 0 U 6
12 1 U 11
13 1 U 0
14 1 L 12
15 1 L -1
16 1 U 15
17 0 U 16
18 1 U 17
19 0 U 2
20 0 L 8
21 1 L 7
22 0 U 21
23 1 U 22
24 0 U 23
25 0 U 24
26 0 U 25
27 0 U 26
28 1 U -1
29 1 U 8
30 1 L 6
31 1 U 30
32 0 U 31
33 0 U 4
34 1 L 8
35 1 U -1
36 0 U 35
37 0 U 6
38 1 U 37
39 1 U 38
40 0 U 39
41 1 U 40
42 1 U -1
43 1 U 42
44 0 U 41
45 0 U 39
46 1 U 45
47 1 U 46
48 0 U 47
49 1 U -1
50 0 L 2
51 1 U 50
52 1 U 51
53 0 L 51
54 1 L 33
55 0 U 54
56 0 L 9
57 0 U 38
58 0 U 57
59 0 U 58
60 1 U 59
61
0 1 U -1
1 1 U 0
2 1 L 0
3 0 U -1
4 1 U 3
5 0 U 4
6 0 U 5
7 1 L 4
8 0 U 7
9 0 U 8
10 0 U 9
11 1 U 10
12 1 U 3
13 1 U 0
14 1 L 12
15 1 L -1
16 1 U 15
17 0 L 15
18 1 U 17
19 0 U 2
20 0 L 8
21 1 L 7
22 0 U 21
23 1 U 22
24 0 U 23
25 0 U 24
26 1 L 7
27 0 U 26
28 1 U -1
29 0 U 18
30 0 U 2
31 1 U 30
32 0 U 0
33 0 U 4
34 1 L 8
35 1 U -1
36 0 U 35
37 0 U 6
38 1 U 37
39 1 U 38
40 0 U 39
41 1 U 40
42 1 U -1
43 1 U 42
44 0 U 41
45 1 U 44
46 1 U 18
47 1 U 46
48 0 U 47
49 1 L 13
50 0 L 2
51 1 U 50
52 1 U 51
53 1 L 5
54 1 L 33
55 0 U 54
56 0 L 9
57 0 U 38
58 0 U 33
59 0 L 36
60 1 U 59
61
0 1 U -1
1 1 U 0
2 1 L 0
3 0 U -1
4 1 U 3
5 0 U 4
6 0 L 5
7 1 U -1
8 0 U 7
9 0 U 8
10 0 U 9
11 1 U 10
12 1 U 11
13 1 U 0
14 1 L 12
15 1 L -1
16 1 U 15
17 0 U 16
18 1 U 17
19 0 U 2
20 0 L 8
21 0 U 2
22 0 U 21
23 1 U 22
24 0 U 23
25 0 U 24
26 0 U 25
27 0 U 2
28 1 U -1
29 1 U 28
30 0 U 2
31 1 U 30
32 0 U 31
33 0 U 4
34 1 L 8
35 0 U 0
36 0 U 35
37 0 U 6
38 1 U 37
39 1 U 38
40 0 U 39
41 1 U 40
42 1 U -1
43 1 U 13
44 0 U 41
45 1 U 15
46 1 U 45
47 1 U 46
48 0 U 47
49 1 U -1
50 0 L 2
51 1 U 50
52 1 U 51
53 1 L 5
54 1 L 33
55 0 U 54
56 0 L 9
57 0 U 38
58 0 U 57
59 0 U 58
60 1 U 59
61
0 1 L -1
1 1 U 0
2 1 L 0
3 0 U -1
4 1 U 3
5 0 U 4
6 0 U 5
7 1 U -1
8 0 U 7
9 0 U 8
10 0 U 9
11 1 U 10
12 1 U 11
13 1 U 0
14 1 L 12
15 1 L -1
16 1 U 15
17 0 U 16
18 1 U 17
19 0 U 2
20 0 L 8
21 1 L 7
22 1 L 14
23 1 L 7
24 0 U 11
25 0 L -1
26 0 U 25
27 0 U 26
28 1 U -1
29 1 U 28
30 0 U 2
31 1 U 30
32 0 U 31
33 0 U 4
34 1 L 8
35 1 U -1
36 0 U 35
37 0 U 6
38 1 U 37
39 0 L 9
40 0 U 39
41 1 U 40
42 1 U -1
43 0 L 41
44 0 U 41
45 1 U 44
46 1 U 45
47 1 U 46
48 1 L 29
49 0 U 7
50 0 L 40
51 1 U 50
52 1 U 51
53 1 L 5
54 1 L 33
55 0 U 33
56 0 L 9
57 0 U 38
58 0 L 41
59 0 U 58
60 1 U 59
61
0 1 U -1
1 1 U 0
2 1 L 0
3 0 L 2
4 1 U 3
5 0 U 4
6 0 U 5
7 1 U -1
8 0 U 7
9 0 U 8
10 0 U 9
11 1 U 10
12 1 U 11
13 0 L 0
14 1 L 5
15 0 L 12
16 1 U 15
17 0 U 16
18 1 U 17
19 0 U 2
20 0 L 8
21 0 L 0
22 0 U 21
23 1 U 22
24 0 U 23
25 0 U 24
26 0 U 25
27 0 U 26
28 1 U -1
29 1 U 28
30 0 U 2
31 1 U 24
32 0 U 31
33 0 U 4
34 1 U 5
35 1 U -1
36 0 U 35
37 0 U 6
38 1 U 37
39 1 U 38
40 0 U 39
41 1 U 40
42 1 U -1
43 1 U 42
44 0 U 41
45 0 L 43
46 1 U 45
47 1 U 46
48 0 U 25
49 1 U -1
50 0 L 2
51 1 U 50
52 1 U 51
53 0 U 23
54 0 U 26
55 0 U 54
56 0 L 9
57 0 U 38
58 0 U 51
59 0 U 58
60 1 U 59
61
0 1 U -1
1 1 U 0
2 1 L 0
3 0 U -1
4 1 U 3
5 0 U 4
6 0 U 5
7 0 U 0
8 0 U 7
9 0 U 8
10 0 U 9
11 1 U 10
12 1 U 11
13 0 L 10
14 1 L 12
15 1 L -1
16 1 U 15
17 0 U 16
18 1 U 17
19 0 U 2
20 0 L 8
21 1 L 7
22 0 U 21
23 1 U 22
24 0 U 23
25 0 U 24
26 0 U 25
27 0 U 26
28 1 U -1
29 1 U 28
30 0 U 2
31 1 U 30
32 0 U 31
33 1 L 17
34 1 L 8
35 1 U -1
36 0 U 35
37 0 U 6
38 1 U 37
39 1 U 38
40 0 U 39
41 1 U 40
42 1 U -1
43 1 U 42
44 0 U 41
45 1 U 44
46 1 U 45
47 1 U 46
48 0 U 47
49 1 U -1
50 0 L 2
51 1 U 50
52 1 U 51
53 1 L 5
54 1 L 33
55 1 U 20
56 0 L 9
57 0 U 38
58 0 U 57
59 0 U 58
60 1 U 59
61
0 1 U -1
1 1 U 0
2 1 L 0
3 0 U -1
4 1 U 3
5 0 U 4
6 0 L 4
7 1 U -1
8 0 U 7
9 0 L 8
10 0 U 9
11 1 U 10
12 1 U 11
13 1 U 0
14 1 L 12
15 1 L -1
16 1 U 7
17 0 U 16
18 1 U 17
19 0 U 2
20 0 L 8
21 1 L 7
22 0 U 21
23 1 U 12
24 0 U 23
25 0 U 24
26 0 U 25
27 0 U 26
28 1 U -1
29 1 U 28
30 0 U 2
31 1 U 30
32 1 L 18
33 0 U 30
34 1 L 8
35 1 U -1
36 0 U 35
37 0 U 6
38 1 U 37
39 1 U 38
40 0 U 39
41 1 U 40
42 1 U -1
43 1 U 42
44 0 U 41
45 1 U 44
46 0 U 31
47 1 U 46
48 0 U 47
49 1 U -1
50 0 L 2
51 1 U 50
52 1 U 51
53 1 L 5
54 1 L 33
55 0 U 54
56 0 L 9
57 1 L 41
58 1 L 13
59 0 U 58
60 1 L 9
61
0 1 U -1
1 1 U 0
2 1 L 0
3 0 L 2
4 1 U 3
5 0 U 4
6 0 U 5
7 1 U -1
8 0 U 7
9 0 L 7
10 0 U 9
11 1 U 10
12 1 U 11
13 1 U 0
14 1 L 12
15 1 L -1
16 1 U 15
17 0 U 16
18 1 L 5
19 0 U 2
20 0 L 8
21 1 L 7
22 0 L 13
23 1 U 20
24 0 U 23
25 0 U 24
26 0 U 25
27 0 U 26
28 1 U -1
29 1 U 28
30 0 U 2
31 1 U 30
32 0 U 31
33 0 U 4
34 1 L 8
35 1 U 24
36 0 U 35
37 0 L 9
38 1 U 37
39 1 U 32
40 0 U 39
41 1 U 40
42 1 U -1
43 1 U 42
44 0 U 41
45 1 U 44
46 1 U 45
47 1 U 46
48 0 U 47
49 1 U -1
50 0 L 2
51 1 U 50
52 1 U 51
53 1 L 5
54 0 U 45
55 0 U 54
56 0 L 9
57 0 U 38
58 0 U 57
59 0 U 58
60 1 U 59
61
0 1 U -1
1 1 U 0
2 0 U 1
3 0 U -1
4 1 U 3
5 0 L -1
6 1 U 3
7 1 U -1
8 0 U 7
9 0 U 8
10 0 U 9
11 1 U 10
12 1 U 11
13 1 U 0
14 1 L 12
15 1 L -1
16 1 U 15
17 0 U 16
18 1 U 17
19 0 U 2
20 0 L 8
21 1 L 7
22 0 U 21
23 1 U 22
24 1 L 6
25 0 U 24
26 0 U 25
27 0 U 26
28 1 U -1
29 1 U 28
30 0 U 2
31 1 U 30
32 1 L 17
33 0 U 4
34 1 L 8
35 1 U -1
36 0 U 35
37 0 U 6
38 1 U 37
39 1 U 38
40 0 U 39
41 1 L 36
42 1 U -1
43 1 U 42
44 0 U 41
45 1 U 44
46 1 U -1
47 1 U 46
48 0 U 47
49 1 U -1
50 0 L 2
51 1 U 50
52 1 U 51
53 1 L 5
54 1 L 33
55 0 U 54
56 0 L 37
57 0 U 38
58 0 U 57
59 1 L 18
60 1 U 59
61
0 1 U -1
1 1 U 0
2 1 L 0
3 0 U -1
4 1 U 3
5 0 U 4
6 0 U 5
7 0 L 0
8 0 U 7
9 0 U 8
10 0 U 9
11 1 U 10
12 1 U 11
13 1 U 0
14 1 L 12
15 1 L -1
16 1 U 15
17 0 U 16
18 1 U 17
19 0 U 2
20 0 L 8
21 1 U 15
22 0 U 21
23 1 U 22
24 0 U 23
25 0 U 24
26 0 U 25
27 0 U 26
28 1 U -1
29 1 U 28
30 0 U 2
31 1 U 30
32 0 U 31
33 0 U 4
34 1 L 8
35 1 U -1
36 0 U 35
37 0 U 6
38 1 U 37
39 1 U 38
40 0 U 39
41 1 U 40
42 1 U -1
43 0 U 35
44 0 U 21
45 1 U 44
46 1 U 45
47 1 U 46
48 0 U 47
49 1 U -1
50 0 L 2
51 1 U 50
52 1 U 51
53 1 L 5
54 1 L 33
55 0 U 54
56 0 L 9
57 0 U 38
58 1 L 27
59 0 U 58
60 1 U 59
61
0 1 U -1
1 1 U 0
2 1 L 0
3 0 U 1
4 1 U 3
5 0 U 4
6 0 U 5
7 1 U -1
8 0 U 7
9 0 U 8
10 0 U 9
11 1 U 10
12 1 U 11
13 1 U 0
14 1 L 12
15 1 L -1
16 1 U 15
17 0 U 16
18 1 U 17
19 0 U 2
20 0 L 8
21 1 L 7
22 0 U 21
23 1 U 22
24 0 U 23
25 0 U 24
26 0 U 25
27 0 U 26
28 1 U -1
29 1 U 28
30 0 U 2
31 1 U 30
32 1 U 23
33 0 U 4
34 1 L 8
35 1 U -1
36 0 U 35
37 0 U 6
38 1 U 37
39 1 U 38
40 0 U 39
41 1 U 40
42 1 U -1
43 1 U 42
44 0 U 41
45 1 U 44
46 1 U 45
47 1 U 46
48 0 U 47
49 1 U -1
50 0 L 2
51 1 U 50
52 1 U 51
53 1 L 5
54 1 L 33
55 0 U 54
56 0 L 9
57 0 U 38
58 0 U 57
59 0 L 35
60 1 U 59
61
0 1 U -1
1 1 U 0
2 1 L 0
3 0 U -1
4 1 U 3
5 0 L 1
6 0 U 5
7 0 L 3
8 0 U 7
9 0 U 8
10 0 U 9
11 1 U 4
12 1 U 11
13 1 L 6
14 1 L 12
15 1 L -1
16 1 U 15
17 0 U 16
18 1 U 17
19 0 U 2
20 0 L 8
21 1 L 6
22 0 U 21
23 1 U 22
24 0 U 23
25 0 U 24
26 0 U 25
27 0 U 26
28 1 U -1
29 1 U 28
30 0 U 2
31 1 U 30
32 0 U 31
33 0 U 4
34 1 L 8
35 1 U -1
36 0 U 35
37 0 U 6
38 1 U 37
39 1 U 38
40 0 U 39
41 1 U 40
42 1 U -1
43 1 U 42
44 0 L 2
45 1 U 44
46 1 U 45
47 1 U 46
48 1 L 19
49 1 U -1
50 0 L 2
51 1 U 50
52 1 U 51
53 1 L 5
54 0 L 14
55 0 U 0
56 0 L 9
57 0 U 46
58 0 L 25
59 0 U 58
60 1 U 59
61
0 1 U -1
1 1 U 0
2 1 L 0
3 0 U -1
4 1 U 3
5 0 U 4
6 0 L 0
7 1 U -1
8 0 U 7
9 0 U 8
10 0 U 9
11 1 U 10
12 1 U 11
13 1 U 0
14 1 L 12
15 1 L -1
16 1 U 15
17 0 U 16
18 1 U 17
19 1 U 0
20 0 L 8
21 1 L 7
22 0 U 21
23 1 U 22
24 0 U 23
25 0 U 24
26 0 U 25
27 0 U 26
28 1 U -1
29 1 U 28
30 0 U 2
31 1 U 30
32 0 U 31
33 0 U 4
34 1 L 8
35 1 U -1
36 0 L 13
37 1 L 5
38 1 U 37
39 1 U 38
40 0 U 39
41 1 U 40
42 1 U -1
43 1 U 42
44 0 U 40
45 0 L 10
46 1 U 45
47 1 U 46
48 0 U 47
49 1 U -1
50 0 L 2
51 1 U 50
52 1 U 51
53 0 L 21
54 1 L 43
55 0 U 54
56 0 L 9
57 0 U 38
58 0 U 57
59 0 U 58
60 1 U 59
61
0 1 U -1
1 1 U 0
2 1 L 0
3 0 U -1
4 1 U 3
5 0 U 4
6 0 U 5
7 1 U -1
8 0 U 7
9 0 U 8
10 1 U 4
11 1 U 10
12 1 U 11
13 1 U 0
14 1 L 12
15 1 L -1
16 1 U 15
17 0 U 16
18 0 L 4
19 0 U 2
20 0 L 8
21 1 L 7
22 0 U 21
23 1 U 1
24 0 U 23
25 0 U 24
26 0 L 5
27 0 U 26
28 1 U -1
29 1 U 28
30 0 U 2
31 1 U 30
32 1 U 1
33 0 U 4
34 1 L 8
35 1 U -1
36 0 U 35
37 0 U 6
38 1 U 37
39 1 U 38
40 1 L 14
41 1 U 40
42 1 U -1
43 1 U 42
44 0 U 41
45 1 U 44
46 1 U 45
47 1 U 46
48 0 U 47
49 1 U -1
50 0 U 41
51 1 U 50
52 1 U 51
53 1 L 5
54 1 L 33
55 0 U 54
56 0 L 9
57 0 U 38
58 0 U 57
59 0 U 58
60 1 U 59
61
0 1 U -1
1 0 L 0
2 1 L 0
3 0 U -1
4 1 L 3
5 0 U 4
6 0 U 5
7 1 U -1
8 0 U 7
9 0 U 8
10 0 U 9
11 1 U 10
12 1 U 11
13 1 U 0
14 1 L 12
15 1 L -1
16 1 U 15
17 0 U 16
18 1 U 17
19 0 U 2
20 1 U 15
21 1 L 7
22 0 U 21
23 1 U 22
24 0 U 23
25 0 U 24
26 0 U 25
27 0 U 26
28 1 U -1
29 1 U 28
30 0 U 2
31 1 U 30
32 0 U 31
33 0 U 4
34 0 U 23
35 1 U -1
36 0 U 35
37 0 U 6
38 1 U 37
39 1 U 38
40 0 U 39
41 1 U 40
42 1 U -1
43 1 U 42
44 1 U 3
45 1 U 44
46 1 U 45
47 1 U 46
48 1 U 15
49 1 U -1
50 0 L 2
51 1 U 50
52 1 U 51
53 1 L 5
54 1 L 33
55 0 U 54
56 0 L 47
57 0 U 38
58 0 U 57
59 0 U 58
60 1 U 59
61
0 1 U -1
1 1 U 0
2 0 U 1
3 0 U -1
4 1 U 3
5 0 U 4
6 0 U 5
7 1 U -1
8 0 U 7
9 0 U 8
10 0 U 9
11 1 U 10
12 1 U 10
13 1 U 0
14 1 L 12
15 1 U 10
16 1 U 15
17 0 U 16
18 1 U 6
19 0 L 5
20 0 L 8
21 1 L 7
22 0 U 21
23 1 U 22
24 0 U 23
25 0 U 24
26 0 U 25
27 0 U 26
28 1 U -1
29 1 U 28
30 0 U 2
31 1 U 30
32 0 U 31
33 0 U 4
34 1 L 8
35 1 U -1
36 0 U 35
37 0 U 6
38 1 U 37
39 1 U 38
40 0 U 39
41 1 U 40
42 1 U -1
43 1 U 42
44 0 U 37
45 1 U 44
46 1 U 45
47 1 U 46
48 0 U 47
49 1 U -1
50 0 L 2
51 1 U 50
52 1 U 51
53 1 L 5
54 1 L 33
55 0 U 54
56 0 L 9
57 0 U 38
58 0 U 57
59 0 U 58
60 1 U 59
61
0 1 U -1
1 1 U 0
2 1 U 1
3 0 U -1
4 1 U 3
5 0 U 4
6 0 U 5
7 1 U -1
8 0 U 7
9 0 U 8
10 0 U 9
11 1 U 10
12 1 U 11
13 1 U 0
14 0 U 12
15 1 L -1
16 1 U 15
17 0 U 16
18 0 U 4
19 0 U 2
20 0 L 8
21 1 L 7
22 0 U 21
23 1 U 22
24 1 L 11
25 1 U 5
26 0 U 25
27 0 U 26
28 1 U -1
29 1 U 28
30 0 U 2
31 0 L 26
32 0 U 31
33 0 U 4
34 1 L 8
35 1 U -1
36 0 U 35
37 0 U 6
38 1 U 37
39 1 U 38
40 0 U 39
41 1 U 40
42 1 U -1
43 0 U 39
44 0 U 41
45 1 U 44
46 1 U 45
47 1 U 32
48 0 U 47
49 1 U -1
50 1 L 32
51 1 U 50
52 1 U 51
53 1 L 5
54 1 L 33
55 0 U 54
56 0 L 9
57 0 U 38
58 0 U 57
59 0 U 58
60 1 U 59
61
0 1 L -1
1 1 U 0
2 1 L 0
3 0 U -1
4 1 U 3
5 0 U 2
6 0 U 5
7 1 U -1
8 0 U 7
9 0 U 8
10 0 U 9
11 1 U 10
12 1 U 11
13 1 U 0
14 1 L 12
15 1 L -1
16 1 U 15
17 0 U 7
18 1 U 17
19 0 U 2
20 0 L 8
21 1 L 7
22 0 U 21
23 1 U 22
24 0 U 23
25 0 U 24
26 0 U 25
27 0 U 26
28 1 U -1
29 0 L 22
30 0 U 2
31 1 U 30
32 0 U 31
33 0 U 4
34 1 L 8
35 1 L 15
36 0 U 35
37 0 U 6
38 1 U 37
39 1 U 38
40 0 U 39
41 1 U 40
42 1 U -1
43 1 U 42
44 0 U 41
45 1 U 44
46 1 U 45
47 1 U 42
48 0 U 47
49 1 U -1
50 0 L 2
51 1 U 50
52 1 U 51
53 1 L 5
54 1 L 33
55 0 U 54
56 0 L 9
57 0 U 38
58 0 U 57
59 0 U 58
60 1 U 59
61
0 1 U -1
1 1 L 0
2 1 L 0
3 0 U -1
4 1 U 3
5 0 U 4
6 0 U 4
7 1 U -1
8 0 U 7
9 0 U 8
10 0 U 9
11 1 U 10
12 1 U 11
13 1 U 2
14 1 L 12
15 1 L -1
16 1 U 15
17 0 U 16
18 1 U 2
19 0 U 2
20 0 L 8
21 1 L 7
22 0 U 21
23 1 U 22
24 1 L 0
25 0 U 24
26 0 U 25
27 0 U 26
28 1 U -1
29 1 U 28
30 0 U 2
31 1 U 30
32 0 U 31
33 0 U 4
34 1 L 8
35 1 U -1
36 0 U 35
37 0 U 6
38 1 U 37
39 1 U 38
40 0 U 39
41 1 U 40
42 1 U -1
43 1 U 42
44 0 U 41
45 1 U 44
46 1 U 45
47 1 U 46
48 1 U 34
49 1 U -1
50 0 L 2
51 1 U 50
52 1 U 51
53 1 U 37
54 1 U 3
55 0 U 54
56 0 L 9
57 0 U 38
58 0 U 57
59 0 U 58
60 1 U 59
61
0 1 U -1
1 1 U 0
2 1 L 0
3 0 U -1
4 1 U 3
5 0 U 4
6 0 U 5
7 1 U -1
8 0 L 0
9 0 U 8
10 1 U 0
11 0 U 2
12 0 L 11
13 1 U 0
14 1 L 12
15 1 L -1
16 1 U 15
17 1 U 6
18 1 U 17
19 0 U 2
20 0 L 8
21 1 L 7
22 0 U 21
23 1 U 22
24 0 U 23
25 0 U 24
26 0 U 25
27 0 U 26
28 1 U -1
29 1 U 28
30 0 U 2
31 1 U 30
32 0 U 31
33 0 U 4
34 1 L 8
35 1 U -1
36 0 U 35
37 0 U 6
38 1 U 37
39 1 U 38
40 0 U 39
41 1 U 40
42 1 U -1
43 0 U 32
44 1 U 9
45 1 U 44
46 0 L 10
47 1 U 46
48 1 L 5
49 1 U -1
50 0 L 2
51 1 U 50
52 1 L 15
53 1 L 5
54 1 L 33
55 0 U 54
56 0 L 9
57 0 U 38
58 0 U 57
59 0 U 58
60 1 U 59
61
0 1 U -1
1 1 U 0
2 1 L 0
3 1 U 1
4 0 L 3
5 0 U 4
6 0 U 5
7 1 U -1
8 0 U 7
9 0 U 8
10 0 U 9
11 1 U 10
12 1 U 11
13 1 U 0
14 1 L 12
15 1 U 10
16 1 U 15
17 0 U 16
18 1 U 17
19 0 U 2
20 0 L 8
21 0 L 18
22 0 U 21
23 1 U 22
24 0 U 23
25 0 U 24
26 1 L 23
27 0 U 26
28 1 U -1
29 1 U 28
30 0 U 2
31 1 U 30
32 0 U 31
33 0 U 4
34 1 L 8
35 1 U -1
36 0 U 35
37 0 U 6
38 1 U 37
39 1 U 38
40 0 U 39
41 1 U 40
42 1 U -1
43 1 L 37
44 0 U 41
45 1 U 44
46 1 U 45
47 1 U 46
48 0 U 47
49 1 U -1
50 0 L 2
51 1 U 50
52 1 U 51
53 1 L 33
54 1 L 33
55 0 U 54
56 0 L 9
57 0 U 38
58 0 U 57
59 0 U 58
60 1 U 59
