30
0 0 U -1
1 0 U 0
2 0 U 1
3 0 U 2
4 0 U 3
5 0 U -1
6 0 U 5
7 1 U 6
8 1 U 7
9 1 U 8
10 0 U -1
11 0 U 10
12 0 U 11
13 0 U 12
14 0 U 13
15 0 U -1
16 1 U 15
17 1 U 16
18 1 U 17
19 1 U 18
20 1 U -1
21 1 U 20
22 0 U 21
23 0 U 22
24 1 U 23
25 1 U -1
26 1 U 25
27 0 U 26
28 1 U 27
29 0 U 28
30
0 0 U -1
1 0 U 0
2 0 U -1
3 0 U 2
4 0 U 3
5 0 U -1
6 0 U 5
7 1 U 6
8 1 U 7
9 1 U 8
10 0 U -1
11 0 U 10
12 0 U 11
13 0 U 12
14 0 U 13
15 0 U -1
16 1 U 15
17 1 U 13
18 1 U 17
19 1 U 18
20 1 U -1
21 1 U 20
22 0 U 21
23 0 U 22
24 1 U 23
25 1 U -1
26 1 U 25
27 0 U 26
28 1 U 27
29 1 U 15
30
0 0 U -1
1 0 U 0
2 0 U -1
3 0 U 2
4 0 U 2
5 0 U -1
6 0 U 5
7 1 U 6
8 1 U 7
9 1 U 8
10 0 U -1
11 0 U 10
12 0 U 11
13 0 U 12
14 0 U 13
15 0 U -1
16 1 U 15
17 1 U 13
18 1 U 17
19 1 U 18
20 1 U -1
21 1 U 20
22 0 U 21
23 0 U 22
24 1 U 23
25 1 U -1
26 1 U 25
27 0 U 26
28 1 U 27
29 1 U 15
30
0 0 U -1
1 0 U 0
2 0 U -1
3 0 U 2
4 0 U 2
5 0 L 0
6 0 U 5
7 1 U 6
8 1 U 7
9 1 U 8
10 0 U -1
11 0 U 10
12 0 U 11
13 0 U 12
14 0 U 13
15 0 U -1
16 1 U 15
17 1 U 13
18 1 U 17
19 1 U 18
20 1 U -1
21 1 U 20
22 0 U 21
23 0 U 22
24 1 U 23
25 1 U 3
26 1 U 25
27 0 U 26
28 1 U 27
29 1 U 15
30
0 0 U -1
1 1 L -1
2 0 U -1
3 0 U 2
4 0 U 2
5 0 U -1
6 0 U 5
7 1 U 2
8 1 U 7
9 1 U 8
10 0 U -1
11 0 U 10
12 0 U 11
13 0 U 12
14 1 U 5
15 0 U -1
16 1 U 15
17 1 U 13
18 1 U 17
19 1 U 18
20 1 U -1
21 1 U 20
22 0 U 21
23 0 U 22
24 1 U 23
25 1 U 6
26 1 U 25
27 0 U 26
28 1 U 27
29 1 U 15
30
0 1 L -1
1 0 U 0
2 0 U -1
3 0 U 2
4 0 U 2
5 0 U -1
6 0 U 5
7 1 U 6
8 1 U 7
9 1 U 8
10 0 U -1
11 0 U 10
12 0 U 11
13 0 U 12
14 0 U 13
15 0 U -1
16 1 U 15
17 1 L 15
18 1 U 17
19 1 U 18
20 1 U -1
21 1 L 5
22 0 U 21
23 0 U 22
24 1 U 23
25 1 U -1
26 1 L 12
27 0 U 26
28 1 U 27
29 1 U 15
30
0 0 U -1
1 0 U 0
2 0 U -1
3 0 U 2
4 0 U 2
5 0 U -1
6 0 U 5
7 1 U 6
8 1 U 7
9 1 U 8
10 0 L 9
11 0 U 10
12 0 U 11
13 0 U 12
14 0 U 13
15 0 U -1
16 1 U 15
17 1 U 15
18 1 U 17
19 1 U 18
20 1 U -1
21 1 U 20
22 0 U 21
23 0 U 22
24 1 U 23
25 1 U -1
26 0 L 8
27 0 U 26
28 1 U 27
29 1 U 15
30
0 0 U -1
1 0 U 0
2 0 U -1
3 0 U 2
4 0 L 0
5 0 U -1
6 0 U 5
7 1 U 6
8 1 U 7
9 1 U 8
10 0 L 9
11 0 U 10
12 0 U 11
13 0 U 12
14 0 U 13
15 0 U -1
16 1 U 14
17 1 U 15
18 1 U 17
19 1 U 18
20 1 U -1
21 1 U 20
22 0 U 21
23 0 U 22
24 1 U 23
25 1 U -1
26 0 L 8
27 0 U 26
28 1 U 27
29 1 U 15
30
0 0 U -1
1 0 U 0
2 0 U -1
3 0 U 2
4 0 U 2
5 0 U -1
6 0 U 5
7 1 U 6
8 1 U 7
9 1 U 7
10 0 L 9
11 0 U 10
12 0 U 11
13 0 U 12
14 0 U 13
15 0 U -1
16 0 L 12
17 1 U 15
18 1 U 17
19 1 U 18
20 1 U -1
21 1 U 20
22 0 U 21
23 0 U 20
24 1 U 23
25 1 U -1
26 0 L 8
27 0 U 26
28 1 U 27
29 1 U 15
30
0 0 U -1
1 0 U 0
2 0 U -1
3 0 U -1
4 0 U 2
5 0 U -1
6 0 U 5
7 1 U 6
8 1 U 7
9 1 U 8
10 0 L 9
11 0 U 10
12 0 U 11
13 0 U 12
14 0 U 13
15 0 U -1
16 1 U 15
17 1 U 15
18 1 U 17
19 1 U 18
20 1 U -1
21 1 U 20
22 0 U 21
23 0 U 3
24 1 U 14
25 1 U -1
26 0 L 8
27 0 U 26
28 1 U 27
29 1 U 15
30
0 0 U -1
1 0 U 0
2 0 U -1
3 0 U 2
4 0 U 2
5 0 U -1
6 0 U 5
7 1 U 6
8 1 U 7
9 1 U 8
10 0 L 9
11 0 U 10
12 0 U 11
13 0 U 12
14 0 U 13
15 0 U 0
16 1 U 15
17 1 U 15
18 1 U 17
19 1 U 18
20 1 U -1
21 1 U 20
22 0 U 21
23 0 U 22
24 1 U 23
25 0 U 20
26 0 L 8
27 0 U 26
28 1 U 27
29 1 U 15
30
0 0 U -1
1 0 U 0
2 0 U -1
3 0 U 2
4 0 U 3
5 0 U -1
6 0 U 5
7 1 U 6
8 1 U 7
9 1 U 8
10 0 L 9
11 0 U 10
12 0 U 11
13 0 U 12
14 0 U 13
15 0 U -1
16 1 U 15
17 1 U 15
18 1 U 17
19 1 U 18
20 1 U -1
21 1 U 20
22 0 U 21
23 0 U 22
24 1 U 23
25 1 U -1
26 0 L 8
27 0 U 26
28 1 U 27
29 1 U 15
30
0 0 U -1
1 0 U 0
2 0 U -1
3 0 U 2
4 0 U 2
5 0 U -1
6 0 U 5
7 1 U 6
8 1 U 7
9 1 L 6
10 0 L 9
11 1 L -1
12 0 U 11
13 0 U 12
14 0 U 13
15 1 L -1
16 1 U 15
17 1 U 15
18 1 U 17
19 1 U 18
20 1 U -1
21 1 U 20
22 0 U 21
23 0 U 22
24 1 U 23
25 1 U -1
26 0 L 8
27 0 U 26
28 1 U 27
29 0 U 15
30
0 0 U -1
1 1 L 0
2 0 U -1
3 0 U 2
4 0 U 2
5 0 U -1
6 0 U 5
7 1 U 6
8 1 U 7
9 1 U 8
10 0 L 9
11 0 U 10
12 0 U 11
13 0 U 11
14 0 U 13
15 0 U -1
16 1 U 15
17 1 L -1
18 1 U 17
19 1 U 18
20 1 U -1
21 1 U 20
22 0 U 21
23 0 U 22
24 1 U 23
25 1 U 21
26 0 L 8
27 0 U 26
28 1 U 27
29 1 U 15
30
0 0 U -1
1 0 U 0
2 0 L -1
3 0 U 2
4 0 U 2
5 0 U -1
6 0 U 5
7 1 U 6
8 1 U 7
9 1 U 8
10 0 L 9
11 0 U 10
12 0 U 11
13 0 U 12
14 0 U 13
15 0 U -1
16 0 U 12
17 1 U 15
18 0 U 8
19 1 U 18
20 0 L 1
21 1 U 20
22 0 U 21
23 0 U 22
24 1 U 23
25 1 U -1
26 0 L 8
27 0 U 26
28 1 U 27
29 1 U 15
30
0 0 L -1
1 0 U 0
2 0 U -1
3 0 U 2
4 1 L 1
5 0 U -1
6 0 U 5
7 1 L 0
8 1 U 7
9 0 U 1
10 0 L 9
11 0 U 10
12 0 U 11
13 0 U 12
14 0 U 13
15 0 U -1
16 1 U 15
17 1 U 15
18 1 U 17
19 0 L 14
20 1 U -1
21 1 U 20
22 0 U 21
23 0 U 22
24 0 U 1
25 1 U -1
26 0 L 8
27 0 U 26
28 1 U 27
29 1 U 15
30
0 0 L -1
1 1 L -1
2 0 U -1
3 1 L 2
4 0 U 2
5 0 U -1
6 1 U 0
7 1 U 6
8 0 U 5
9 0 L 8
10 0 L 9
11 1 U 2
12 0 U 11
13 0 U 12
14 0 U 13
15 0 U -1
16 1 U 15
17 1 U 15
18 1 U 17
19 1 U 18
20 1 U -1
21 1 U 20
22 0 U 21
23 0 U 22
24 1 U 23
25 1 U -1
26 0 L 8
27 0 U 26
28 1 U 27
29 1 U 15
30
0 0 U -1
1 0 U 0
2 0 U -1
3 0 U 2
4 1 L -1
5 0 U -1
6 0 U 5
7 1 U 6
8 1 U 7
9 1 U 8
10 0 U 0
11 0 U 10
12 0 U 11
13 0 U 12
14 0 U 13
15 0 U -1
16 1 U 15
17 1 U 15
18 0 U 13
19 1 U 18
20 1 U -1
21 1 U 20
22 0 U 21
23 0 U 22
24 1 L 12
25 1 U -1
26 0 L 8
27 0 U 26
28 1 U 27
29 1 L 16
30
0 0 U -1
1 0 U 0
2 0 U -1
3 0 U -1
4 0 U 2
5 0 U -1
6 0 U 5
7 1 U 6
8 1 U 7
9 1 U 8
10 0 L 9
11 0 U 10
12 0 U 11
13 0 U 12
14 0 U 13
15 0 U -1
16 1 U 15
17 1 U 15
18 1 U 17
19 1 U 18
20 1 U -1
21 1 U 20
22 0 U 21
23 1 U 11
24 1 U 23
25 1 U -1
26 0 L 8
27 0 U 26
28 1 U 27
29 0 U 12
30
0 0 U -1
1 0 U 0
2 0 U -1
3 0 U 2
4 1 L 3
5 0 U -1
6 0 U 5
7 1 U 6
8 0 L 6
9 1 U 8
10 0 L 9
11 0 U 10
12 0 U 11
13 0 U 12
14 0 U 13
15 0 U -1
16 1 U 15
17 1 U 15
18 1 U 17
19 1 U 18
20 1 U -1
21 1 U 20
22 0 U 21
23 0 U 14
24 1 U 23
25 1 U -1
26 0 L 8
27 0 U 26
28 1 U 27
29 1 U 15
30
0 0 U -1
1 1 L 0
2 0 U -1
3 0 U 2
4 0 U 2
5 0 U -1
6 1 L 2
7 1 U 6
8 1 U 7
9 1 U 8
10 0 L 9
11 0 U 10
12 0 U 11
13 0 U 12
14 1 U 10
15 0 U -1
16 1 U 15
17 1 U 15
18 1 U 17
19 1 U 18
20 1 U -1
21 1 U 20
22 0 U 21
23 0 U 22
24 1 U 23
25 1 U -1
26 0 L 8
27 0 U 26
28 1 U 27
29 1 U 15
30
0 0 U -1
1 0 U 0
2 0 U -1
3 0 U 2
4 0 U 2
5 0 U -1
6 0 U 5
7 1 U 6
8 1 U 7
9 1 U 8
10 0 U 3
11 0 U 10
12 0 U 11
13 0 U 2
14 1 L 5
15 0 U -1
16 1 U 15
17 1 U 15
18 1 U 17
19 1 U 18
20 1 L 13
21 1 U 20
22 0 U 21
23 0 U 22
24 1 U 23
25 1 U -1
26 0 L 8
27 0 U 26
28 1 U 27
29 1 U 15
30
0 0 U -1
1 0 U 0
2 0 U -1
3 0 U 2
4 0 U 2
5 0 U -1
6 0 U 5
7 1 U 6
8 1 U 7
9 1 U 8
10 0 L 9
11 0 U 10
12 0 U 11
13 0 U 12
14 0 U 13
15 0 U -1
16 1 U 15
17 1 U 15
18 1 U 17
19 1 U 18
20 1 U -1
21 1 U 20
22 0 L 4
23 0 U 22
24 1 U 23
25 1 U -1
26 0 L 8
27 0 U 26
28 1 U 27
29 1 U 15
30
0 0 U -1
1 0 U 0
2 0 U -1
3 0 U 2
4 0 U 2
5 0 U -1
6 0 U 5
7 0 L 4
8 1 U 7
9 1 U 8
10 0 L 9
11 0 U 10
12 0 U 11
13 0 U 12
14 0 U 13
15 0 U -1
16 1 U 15
17 1 U 12
18 1 U 17
19 1 U 18
20 1 U -1
21 1 U 20
22 0 L 4
23 0 L 19
24 1 U 23
25 1 U -1
26 0 L 8
27 0 U 26
28 1 U 27
29 1 U 15
30
0 0 U -1
1 0 U 0
2 0 U -1
3 0 U 2
4 0 U 2
5 0 U -1
6 1 U 4
7 1 U 6
8 1 U 7
9 1 U 8
10 0 L 9
11 0 U 10
12 0 U 11
13 0 U 12
14 0 U 5
15 0 U -1
16 0 U 8
17 1 U 15
18 1 U 17
19 1 U 18
20 1 U 9
21 1 U 20
22 1 L 3
23 0 U 22
24 1 U 23
25 1 U -1
26 0 L 8
27 0 U 16
28 1 U 27
29 1 U 15
30
0 0 U -1
1 0 U 0
2 0 U -1
3 0 U 2
4 0 U 2
5 0 U -1
6 0 U 5
7 1 U 6
8 1 U 7
9 1 U 8
10 0 L 9
11 0 U 10
12 0 U 11
13 0 U 12
14 0 U 13
15 0 U -1
16 1 U 15
17 0 U 15
18 1 U 17
19 1 U 18
20 1 U -1
21 1 U 5
22 0 L 4
23 0 U 22
24 1 U 23
25 1 U -1
26 0 L 8
27 0 U 26
28 1 U 27
29 1 U 15
30
0 0 U -1
1 0 U 0
2 0 U -1
3 0 U 2
4 0 U 2
5 0 U -1
6 0 U 5
7 1 U 3
8 1 U 7
9 1 U 8
10 0 U 6
11 0 U 10
12 0 U 11
13 0 U 12
14 0 U 13
15 0 U -1
16 1 U 15
17 0 L 15
18 1 U 17
19 1 U 15
20 1 U -1
21 1 U 20
22 0 L 4
23 1 L 8
24 1 U 23
25 1 U -1
26 0 L 8
27 0 L 26
28 1 U 27
29 1 U 15
30
0 0 U -1
1 0 U -1
2 1 U 1
3 0 U 2
4 0 U 2
5 1 L 3
6 0 U 5
7 1 U 6
8 1 U 7
9 1 U 8
10 0 L 9
11 0 U 10
12 0 U 11
13 0 U 12
14 0 U 13
15 0 U -1
16 1 U 15
17 1 L 13
18 1 U 17
19 1 U 18
20 1 U -1
21 1 U 20
22 0 L 4
23 0 U 22
24 1 U 23
25 1 U -1
26 0 L 8
27 0 U 26
28 1 U 27
29 1 U 15
30
0 0 U -1
1 0 U 0
2 0 U -1
3 0 U 2
4 0 U 2
5 0 U 3
6 0 U 5
7 1 U 6
8 1 U 7
9 1 U 8
10 0 L 9
11 0 U 10
12 0 U -1
13 0 U 12
14 0 U 13
15 0 U -1
16 1 U 15
17 1 L 8
18 1 U 17
19 1 U 18
20 1 U -1
21 1 L 12
22 0 L 4
23 0 U 22
24 0 U 20
25 1 U -1
26 0 L 8
27 1 L 1
28 1 U 27
29 1 U 15
30
0 0 U -1
1 0 U 0
2 0 U -1
3 0 U 2
4 0 U 2
5 0 U -1
6 1 L 4
7 1 U 6
8 1 U 7
9 1 U 8
10 1 L 1
11 0 L 9
12 1 L -1
13 0 U 12
14 0 U 13
15 0 U -1
16 1 U 15
17 1 U 15
18 1 U 17
19 1 U 18
20 1 U 12
21 1 U 20
22 0 L 4
23 0 U 22
24 1 U 23
25 1 U -1
26 0 L 8
27 0 U 26
28 1 U 27
29 1 U 15
30
0 0 U -1
1 0 U 0
2 0 U -1
3 0 U 2
4 0 U 2
5 0 U -1
6 1 L 4
7 1 U 6
8 1 U 7
9 1 U 8
10 1 L 0
11 0 L 9
12 1 L -1
13 0 U 12
14 0 U 13
15 0 U -1
16 1 U 15
17 1 U 15
18 1 U 17
19 1 U 18
20 1 U 12
21 1 U 20
22 0 L 4
23 0 U 22
24 1 U 23
25 1 U -1
26 0 L 8
27 0 U 26
28 1 U 27
29 1 U 15
30
0 0 U -1
1 0 U 0
2 0 U -1
3 0 U 2
4 0 U 2
5 0 U -1
6 1 L 3
7 1 U 6
8 1 U 5
9 1 U 8
10 1 L 1
11 0 L 9
12 1 L -1
13 0 U 12
14 0 U 13
15 0 U -1
16 1 U 15
17 1 U 15
18 1 U 17
19 1 U 18
20 1 U 12
21 1 U 20
22 0 L 4
23 0 L 0
24 1 U 23
25 1 U -1
26 0 L 8
27 0 U 26
28 1 U 27
29 1 U 26
30
0 0 U -1
1 0 U 0
2 0 U -1
3 1 L 1
4 0 U 2
5 1 U 3
6 0 U 1
7 1 U 6
8 1 U 7
9 1 U 8
10 1 L 1
11 0 L 9
12 1 L -1
13 0 U 12
14 0 U 13
15 0 U -1
16 1 U 15
17 1 U 15
18 1 U 17
19 1 U 18
20 1 U 12
21 1 U 20
22 0 L 4
23 0 U 22
24 1 U 23
25 1 U -1
26 0 L 8
27 0 U 26
28 1 U 27
29 1 U 15
30
0 0 U -1
1 0 U 0
2 0 U -1
3 0 U 2
4 0 U 2
5 1 L -1
6 1 L 4
7 1 U 6
8 1 U 7
9 1 U 8
10 1 L 1
11 0 L 9
12 1 L -1
13 0 U 12
14 0 U 13
15 0 U -1
16 1 U 15
17 1 U 15
18 1 U 17
19 1 U 18
20 1 U 12
21 1 U 20
22 0 L 4
23 0 U 22
24 1 U 23
25 1 U -1
26 0 L 8
27 0 U 26
28 1 U 27
29 1 U 15
30
0 0 U -1
1 0 U 0
2 0 U -1
3 1 U 2
4 0 U 2
5 0 U -1
6 1 L 4
7 1 U 6
8 1 U 7
9 1 U 8
10 1 L 1
11 0 L 9
12 1 L -1
13 0 U 12
14 0 U 13
15 1 L 9
16 1 U 15
17 1 U 15
18 1 U 17
19 1 U 18
20 1 U 12
21 1 U 20
22 0 L 4
23 0 U 22
24 1 U 23
25 1 U -1
26 0 L 8
27 0 U 26
28 1 U 27
29 1 U 15
30
0 0 U -1
1 0 U 0
2 0 U -1
3 0 U 2
4 0 U 2
5 0 U -1
6 1 L 4
7 1 U 6
8 1 U 7
9 1 U 8
10 1 L 1
11 0 L 9
12 1 L -1
13 0 U 12
14 1 L 7
15 0 U -1
16 1 U 15
17 1 U 15
18 1 U 17
19 1 U 18
20 1 U 12
21 1 U 20
22 0 L 4
23 0 U 22
24 0 U 16
25 1 U -1
26 0 L 8
27 0 U 26
28 1 U 27
29 1 U 15
30
0 0 U -1
1 0 U 0
2 0 L 1
3 0 U 2
4 0 U 2
5 0 U -1
6 1 L 4
7 1 U 6
8 1 U 7
9 1 U 8
10 1 L 1
11 0 L 9
12 1 L -1
13 0 U 12
14 0 U 13
15 0 U -1
16 1 U 15
17 1 U 15
18 1 U 17
19 1 U 18
20 1 U 12
21 1 U 20
22 0 L 4
23 1 L 0
24 1 U 23
25 1 U -1
26 0 L 8
27 0 U 26
28 1 U 27
29 1 U 15
30
0 0 U -1
1 0 U 0
2 0 U -1
3 0 U 2
4 0 U 2
5 0 U -1
6 1 L 4
7 1 U 6
8 1 U 7
9 1 L 8
10 1 L 1
11 0 L 9
12 1 L -1
13 0 U 12
14 0 U 13
15 1 L 1
16 1 U 15
17 1 U 15
18 1 U 17
19 1 U 18
20 1 U 12
21 1 U 20
22 1 U -1
23 1 U 14
24 1 U 23
25 1 L 5
26 0 L 8
27 0 U 26
28 1 U 27
29 1 U 15
30
0 0 U -1
1 0 U 0
2 0 U -1
3 0 U 2
4 0 U 2
5 0 U -1
6 1 L 4
7 1 U 6
8 1 U 7
9 1 U 8
10 1 L 1
11 0 L 9
12 1 L -1
13 1 U 3
14 0 U 13
15 0 U -1
16 1 U 15
17 1 U 15
18 1 L 16
19 1 U 18
20 0 U 7
21 1 U 20
22 0 L 4
23 0 U 22
24 1 U 23
25 1 U -1
26 0 U 18
27 0 U 26
28 0 L 12
29 1 U 15
30
0 0 U -1
1 0 U 0
2 1 L 0
3 0 U 2
4 0 U 2
5 0 U -1
6 1 L 4
7 0 U 1
8 1 U 7
9 1 U 8
10 1 L 1
11 0 L 9
12 1 L -1
13 0 U 12
14 0 U 13
15 1 L 2
16 1 U 15
17 1 U 15
18 1 U 17
19 1 U 18
20 1 U 12
21 1 U 20
22 0 L 4
23 0 U 22
24 1 U 23
25 1 U -1
26 1 L 7
27 0 U 26
28 1 U 27
29 1 U 15
30
0 0 U -1
1 0 U 0
2 1 U 0
3 0 U 2
4 0 U 1
5 0 U -1
6 1 L 4
7 1 U 6
8 1 U 7
9 0 L 4
10 1 L 1
11 0 L 9
12 1 L -1
13 0 U 12
14 0 U 13
15 0 U -1
16 1 L 7
17 0 L 4
18 1 U 17
19 1 U 18
20 1 U 12
21 1 U 20
22 0 L 4
23 0 U 22
24 1 U 23
25 0 U 22
26 0 L 8
27 0 U 26
28 1 U 27
29 0 L 15
30
0 0 U -1
1 0 U 0
2 0 U -1
3 0 U 2
4 0 U 2
5 0 L 0
6 1 L 4
7 0 U -1
8 1 U 2
9 1 U 8
10 1 L 1
11 0 L 9
12 1 L -1
13 0 U 12
14 0 U 13
15 0 U -1
16 1 U 15
17 1 U 15
18 1 U 17
19 1 U 18
20 1 U 12
21 1 U 20
22 0 L 4
23 1 L 19
24 1 U 23
25 1 U -1
26 0 L 8
27 0 U 26
28 1 U 27
29 1 U 15
30
0 0 U -1
1 0 U 0
2 0 U -1
3 0 U 2
4 0 U 2
5 0 U -1
6 1 L 4
7 1 U 6
8 1 U 7
9 1 U 8
10 1 L 1
11 0 L 9
12 1 L -1
13 0 U 12
14 0 U 13
15 0 U -1
16 1 U 15
17 1 U 15
18 1 U 17
19 1 U 18
20 1 U 12
21 1 U 20
22 0 L 4
23 0 U 22
24 1 U 23
25 1 U -1
26 0 L 8
27 0 U 26
28 1 U 27
29 1 U 15
30
0 0 U -1
1 0 U 0
2 1 U 0
3 0 U 2
4 0 U 2
5 0 U -1
6 1 L 4
7 1 U 6
8 1 U 7
9 1 U 8
10 1 L 1
11 0 L 9
12 1 L -1
13 0 U 12
14 0 U 13
15 0 U -1
16 1 U 15
17 1 U 15
18 1 U 17
19 1 U 18
20 1 U 12
21 1 U 20
22 0 L 4
23 0 L 10
24 1 U 23
25 1 U -1
26 0 U 8
27 0 U 26
28 1 U 27
29 1 U 15
30
0 0 U -1
1 0 U 0
2 0 U -1
3 0 U 2
4 0 U 2
5 0 U -1
6 0 L 4
7 1 U 6
8 1 U 7
9 0 U 8
10 1 L 1
11 0 L 9
12 1 L -1
13 0 U 12
14 0 U 13
15 0 U -1
16 1 U 4
17 1 U 15
18 1 U 17
19 0 U 14
20 1 U 12
21 1 U 20
22 0 L 4
23 0 U 22
24 1 U 23
25 1 U -1
26 0 L 8
27 0 U 26
28 1 U 27
29 1 U 15
