78
0 0 U -1
1 1 U 0
2 1 U 1
3 1 U 2
4 0 U 3
5 1 U 4
6 0 U 5
7 1 U 6
8 0 U -1
9 1 U 8
10 0 U 9
11 1 U 10
12 1 U 11
13 0 U 12
14 1 U 13
15 0 U 14
16 0 U -1
17 0 U 16
18 1 U 17
19 1 U 18
20 0 U 19
21 1 U 20
22 0 U 21
23 1 U 22
24 1 U -1
25 0 U 24
26 0 U 25
27 0 U 26
28 1 U 27
29 0 U 28
30 0 U 29
31 0 U 30
32 1 U -1
33 1 U 32
34 1 U 33
35 0 U 34
36 0 U 35
37 1 U 36
38 1 U 37
39 0 U 38
40 0 U -1
41 0 U 40
42 0 U 41
43 1 U 42
44 1 U 43
45 1 U 44
46 1 U 45
47 1 U 46
48 1 U -1
49 0 U 48
50 0 U 49
51 1 U 50
52 1 U 51
53 0 U 52
54 0 U 53
55 1 U 54
56 1 U -1
57 1 U 56
58 1 U 57
59 1 U 58
60 0 U 59
61 0 U 60
62 0 U 61
63 0 U 62
64 1 U -1
65 0 U 64
66 1 U 65
67 0 U 66
68 1 U 67
69 1 U 68
70 1 U 69
71 1 U 70
72 0 U -1
73 1 U 72
74 1 U 73
75 0 U 74
76 1 U 75
77 0 U 76
78
0 0 U -1
1 1 U 0
2 1 U 1
3 1 U 2
4 0 U 3
5 1 U 4
6 0 U 5
7 1 U 6
8 0 U -1
9 1 U 8
10 0 U 9
11 0 L 7
12 1 L 4
13 1 L 0
14 1 U 13
15 0 U 14
16 0 U -1
17 0 U 16
18 1 U 17
19 1 U 18
20 0 U 19
21 1 U 20
22 0 U 21
23 1 U 22
24 1 U -1
25 0 U 24
26 0 U 25
27 0 U 26
28 1 U 27
29 0 L 14
30 0 L -1
31 0 U 30
32 1 U -1
33 1 U 32
34 1 U 33
35 0 U 34
36 0 U 35
37 1 U 36
38 1 U 37
39 0 U 38
40 0 U -1
41 0 U 40
42 0 U 41
43 1 U 42
44 1 U 43
45 1 U 44
46 0 L 26
47 1 U 46
48 1 U -1
49 0 U 48
50 0 U 49
51 1 U 50
52 1 U 51
53 0 U 52
54 0 U 53
55 1 U 54
56 1 U -1
57 1 U 56
58 1 U 57
59 1 U 58
60 0 U 59
61 0 U 60
62 0 U 61
63 0 U 62
64 1 U -1
65 0 U 64
66 1 U 65
67 0 U 66
68 1 U 67
69 1 U 68
70 1 U 69
71 1 U 70
72 0 U -1
73 1 U 72
74 1 U 73
75 0 U 74
76 1 U 75
77 0 U 76
78
0 0 U -1
1 1 U 0
2 1 U 1
3 1 U 2
4 0 U 3
5 1 U 4
6 0 U 5
7 1 U 6
8 0 U -1
9 1 U 8
10 0 U 9
11 0 U 9
12 1 L 4
13 1 U 8
14 1 U 13
15 0 U 14
16 0 U -1
17 0 U 16
18 1 U 17
19 1 U 18
20 0 U 19
21 1 U 15
22 0 U 21
23 1 U 22
24 1 U -1
25 0 U 24
26 0 U 25
27 0 U 26
28 1 U 27
29 0 L 14
30 0 L -1
31 0 U 30
32 1 U -1
33 1 U 32
34 1 U 33
35 0 U 34
36 0 U 35
37 1 U 36
38 0 L 10
39 0 U 38
40 0 U -1
41 0 U 40
42 0 U 41
43 1 U 42
44 1 U 43
45 1 U 44
46 0 L 26
47 1 U 46
48 1 U -1
49 0 U 48
50 0 U 49
51 1 U 50
52 1 U 51
53 0 U 52
54 0 U 53
55 1 U 54
56 1 U -1
57 1 U 56
58 1 U 57
59 1 U 58
60 0 U 59
61 0 U 60
62 0 U 61
63 0 U 62
64 1 U -1
65 0 L 47
66 1 U 65
67 0 U 66
68 1 U 67
69 1 U 68
70 1 L 69
71 1 U 70
72 0 U -1
73 1 U 18
74 1 U 73
75 0 U 74
76 1 U 75
77 0 U 76
78
0 0 U -1
1 1 U 0
2 1 U 1
3 1 U 2
4 0 U 3
5 1 U 4
6 0 U 5
7 0 U 5
8 0 U -1
9 1 U 8
10 0 U 9
11 0 L 7
12 1 L 4
13 1 L 0
14 1 U 13
15 0 U 14
16 0 U -1
17 1 U 15
18 1 U 17
19 1 U 18
20 1 L 8
21 1 U 20
22 0 U 21
23 1 U 22
24 0 L 2
25 0 U 24
26 0 U 25
27 0 U 26
28 1 U 27
29 0 L 14
30 0 L -1
31 0 U 30
32 1 U -1
33 1 U 32
34 1 U 33
35 0 U 34
36 0 U 35
37 1 U 36
38 1 U 37
39 0 U 38
40 0 U -1
41 0 U 40
42 0 U 41
43 1 U 42
44 1 U 43
45 1 U 44
46 0 L 26
47 1 U 46
48 1 U 18
49 0 U 48
50 0 U 49
51 1 U 50
52 1 U 51
53 0 U 52
54 0 U 53
55 1 U 54
56 1 U -1
57 1 U 56
58 1 U 57
59 1 U 58
60 0 U 59
61 0 U 60
62 0 U 61
63 0 U 62
64 1 U -1
65 0 U 64
66 1 U 65
67 0 U 66
68 1 U 67
69 1 U 68
70 1 U 69
71 1 U 70
72 0 U -1
73 1 U 72
74 1 U 73
75 0 U 74
76 1 U 75
77 0 U 76
78
0 0 U -1
1 1 U 0
2 1 U 1
3 1 U 2
4 0 U 3
5 1 U 4
6 0 U 5
7 0 U 5
8 0 U -1
9 1 U 8
10 0 U 9
11 0 L 7
12 1 L 4
13 1 L 0
14 0 L 4
15 1 L 12
16 0 U 6
17 1 U 15
18 1 U 17
19 1 U 18
20 1 L 8
21 1 U 20
22 0 U 21
23 1 U 22
24 0 L 2
25 0 U 24
26 0 U 25
27 0 U 26
28 1 U 27
29 1 U 15
30 0 L -1
31 1 L 28
32 1 U -1
33 1 U 32
34 1 L 18
35 0 U 34
36 0 U 35
37 1 U 36
38 1 U 37
39 0 U 38
40 0 U -1
41 0 U 40
42 0 U 41
43 1 U 42
44 1 U 43
45 1 U 44
46 0 L 26
47 1 U 46
48 1 U 4
49 0 U 48
50 0 U 49
51 0 L 43
52 1 U 51
53 0 U 52
54 1 L 18
55 1 U 54
56 0 L 13
57 1 U 56
58 1 U 57
59 1 U 58
60 0 U 59
61 0 U 60
62 0 U 61
63 0 U 62
64 1 U -1
65 0 U 64
66 1 U 65
67 0 U 66
68 1 U 67
69 1 U 68
70 1 U 69
71 1 U 70
72 0 U -1
73 1 U 72
74 1 U 73
75 0 U 74
76 1 U 75
77 0 U 76
78
0 0 U -1
1 1 U 0
2 1 U 1
3 1 U 2
4 0 U 3
5 1 U 4
6 0 U 5
7 0 U 5
8 0 U -1
9 1 U 8
10 0 U 9
11 0 L 7
12 1 L 4
13 1 L 0
14 1 U 13
15 0 U 14
16 1 U 7
17 1 U 15
18 1 U 17
19 1 U 18
20 1 L 8
21 1 U 20
22 0 U 21
23 1 U 22
24 0 L 2
25 0 U 24
26 0 U 25
27 0 U 26
28 1 U 27
29 0 L 14
30 0 L -1
31 0 U 30
32 1 U -1
33 1 U 32
34 1 U 33
35 0 U 34
36 0 U 35
37 1 U 36
38 1 U 37
39 0 U 38
40 0 U -1
41 0 U 40
42 0 U 41
43 1 U 42
44 1 U 43
45 1 L 5
46 0 L 26
47 1 U 46
48 1 U 18
49 0 U 48
50 0 U 49
51 1 L 5
52 1 U 51
53 0 U 52
54 0 U 53
55 1 U 54
56 1 U -1
57 1 U 56
58 1 U 57
59 1 U 58
60 0 U 59
61 0 U 60
62 0 U 61
63 0 U 62
64 1 U -1
65 0 U 64
66 0 L 31
67 0 U 66
68 1 U 67
69 0 U 48
70 1 U 69
71 1 U 70
72 0 U -1
73 1 U 72
74 1 U 73
75 0 U 74
76 1 U 75
77 0 U 76
78
0 0 U -1
1 1 U 0
2 1 U 1
3 1 U 2
4 0 U 3
5 1 U 4
6 0 U 5
7 0 U 5
8 0 U -1
9 1 U 8
10 0 U 0
11 0 L 7
12 1 L 4
13 1 L 0
14 1 U 13
15 0 U 14
16 0 U -1
17 1 U 15
18 1 U 17
19 1 U 18
20 1 L 8
21 1 U 20
22 0 U 21
23 1 U 22
24 0 L 2
25 0 U 24
26 0 U 25
27 0 U 26
28 0 U 0
29 0 L 14
30 0 L -1
31 0 U 30
32 1 U -1
33 1 U 32
34 1 U 33
35 0 U 34
36 0 U 35
37 1 U 36
38 1 U 37
39 0 U 38
40 0 U -1
41 0 U 40
42 0 U 41
43 1 U 42
44 1 U 43
45 1 U 44
46 0 L 26
47 1 U 46
48 1 U 18
49 0 U 48
50 0 U 49
51 1 U 50
52 1 U 51
53 0 U 52
54 0 U 53
55 1 U 54
56 1 U 22
57 1 U 56
58 1 U 57
59 1 U 58
60 0 U 59
61 0 U 60
62 0 U 61
63 0 L 62
64 1 U -1
65 1 U 6
66 1 U 65
67 0 U 66
68 1 U 67
69 1 U 68
70 1 U 69
71 1 U 70
72 0 U -1
73 1 U 72
74 1 U 73
75 0 U 74
76 1 U 66
77 0 U 76
78
0 0 U -1
1 1 U 0
2 1 U 1
3 1 U 2
4 0 U 3
5 1 U 4
6 0 U 5
7 0 U 5
8 0 U -1
9 1 U 8
10 0 U 9
11 0 L 7
12 1 L 4
13 1 L 0
14 1 U 13
15 1 L 8
16 0 U -1
17 1 U 15
18 1 U 17
19 1 U 18
20 1 L 8
21 1 U 20
22 0 U 21
23 1 U 22
24 0 L 2
25 0 U 24
26 0 U 25
27 0 U 26
28 1 U 27
29 0 L 14
30 0 L -1
31 0 U 30
32 1 U -1
33 1 U 32
34 1 U 33
35 0 U 34
36 0 U 14
37 1 U 36
38 1 U 37
39 0 U 38
40 0 U -1
41 0 U 40
42 0 U 41
43 1 U 27
44 1 U 43
45 1 U 44
46 0 L 26
47 1 U 46
48 1 U 18
49 0 L 46
50 0 U 49
51 1 U 50
52 1 U 51
53 0 U 52
54 0 U 53
55 1 U 54
56 1 U -1
57 1 U 56
58 1 U 57
59 1 U 58
60 0 U 59
61 0 U 60
62 0 U 61
63 0 U 62
64 1 U 0
65 0 U 64
66 1 U 65
67 0 U 66
68 1 U 67
69 0 L 23
70 1 U 69
71 1 U 70
72 0 U -1
73 1 U 72
74 1 U 73
75 0 U 74
76 1 U 75
77 0 U 76
78
0 0 U -1
1 1 U 0
2 1 U 1
3 1 U 2
4 0 U 3
5 1 U 4
6 0 U 5
7 0 U 5
8 0 U -1
9 1 U 8
10 0 U 9
11 0 L 7
12 1 L 4
13 1 L 0
14 1 U 13
15 1 L 8
16 1 U 8
17 1 U 15
18 1 U 17
19 0 U -1
20 1 L 8
21 1 U 20
22 0 U 21
23 1 U 22
24 0 L 19
25 0 U 24
26 0 U 25
27 0 U 26
28 1 U 27
29 0 L 14
30 0 L -1
31 0 U 30
32 1 U -1
33 1 U 32
34 1 U 33
35 0 U 34
36 0 L 2
37 1 U 36
38 1 U 37
39 0 U 38
40 0 U -1
41 0 U 40
42 0 U 41
43 1 L 8
44 1 U 43
45 1 U 44
46 0 L 26
47 0 U 2
48 1 U 18
49 0 L 46
50 0 U 49
51 1 U 50
52 1 L 7
53 0 U 52
54 0 U 53
55 1 U 54
56 1 U -1
57 1 U 56
58 1 U 33
59 1 U 58
60 0 U 59
61 0 U 60
62 0 U 61
63 0 U 62
64 0 U 8
65 0 U 64
66 1 U 65
67 0 U 66
68 1 U 67
69 0 L 23
70 1 U 69
71 1 U 70
72 0 U -1
73 1 U 72
74 1 U 73
75 0 U 74
76 1 U 75
77 0 U 76
78
0 0 U -1
1 1 U 0
2 1 U 1
3 1 U 2
4 0 U 3
5 1 U 4
6 1 L 2
7 0 U 5
8 0 U -1
9 1 U 8
10 0 U 9
11 0 L 7
12 1 L 4
13 1 L 0
14 1 U 13
15 1 L 8
16 0 U -1
17 1 U 15
18 1 U 17
19 1 U 18
20 1 L 8
21 1 U 20
22 0 U 21
23 1 U 22
24 0 L 2
25 0 U 24
26 0 U 25
27 0 U 26
28 1 U 27
29 0 L 14
30 1 L 19
31 0 U 30
32 1 U -1
33 1 U 32
34 1 U 33
35 0 U 34
36 0 U 14
37 1 U 36
38 1 U 37
39 0 U 38
40 0 U -1
41 0 U 40
42 0 U 41
43 1 U 27
44 1 U 43
45 1 U 9
46 0 L 26
47 1 U 46
48 1 U 18
49 0 L 46
50 0 U 49
51 1 U 50
52 1 U 51
53 0 U 52
54 0 U 13
55 1 U 54
56 1 U -1
57 1 U 56
58 1 U 57
59 1 U 58
60 0 U 59
61 0 L 32
62 0 U 61
63 0 U 62
64 1 U 0
65 0 U 64
66 1 U 65
67 0 U 66
68 1 U 67
69 0 L 23
70 1 U 69
71 1 U 70
72 0 L 43
73 1 U 72
74 1 U 73
75 0 U 74
76 1 U 75
77 0 U 76
78
0 0 U -1
1 1 U 0
2 0 U -1
3 1 U 2
4 1 L -1
5 1 U 4
6 0 U 5
7 0 U 5
8 0 U -1
9 1 U 8
10 1 U 1
11 0 L 7
12 0 L 2
13 1 L 0
14 1 U 13
15 1 L 8
16 0 U -1
17 1 U 15
18 1 U 17
19 1 U 18
20 1 L 8
21 1 U 20
22 0 U 21
23 1 U 22
24 0 L 2
25 0 U 24
26 0 U 25
27 0 U 26
28 1 U 27
29 1 U 24
30 0 L -1
31 0 U 30
32 1 U -1
33 1 U 32
34 1 U 33
35 0 U 34
36 0 U 14
37 1 U 36
38 1 U 37
39 0 U 38
40 0 U -1
41 0 U 40
42 1 U 6
43 1 U 27
44 0 U -1
45 1 U 44
46 0 L 26
47 1 U 46
48 1 U 18
49 0 L 46
50 0 U 49
51 1 U 50
52 1 U 51
53 0 U 52
54 0 U 53
55 1 U 54
56 1 U -1
57 1 U 56
58 1 U 57
59 1 U 58
60 0 U 59
61 0 U 60
62 0 U 61
63 0 U 62
64 1 U 0
65 0 U 64
66 1 U 65
67 0 U 66
68 1 U 67
69 0 L 23
70 1 U 69
71 1 U 70
72 0 U 65
73 1 U 72
74 0 U 68
75 0 U 74
76 1 U 75
77 0 U 76
78
0 0 U -1
1 0 L -1
2 1 U 1
3 1 U 2
4 0 U 3
5 1 U 4
6 0 U 5
7 0 U 5
8 0 U -1
9 1 L 0
10 0 U 9
11 0 L 7
12 1 L 4
13 1 L 0
14 1 U 13
15 1 L 10
16 0 U -1
17 1 U 15
18 1 U 17
19 1 U 18
20 1 L 8
21 1 U 20
22 0 U 21
23 1 U 22
24 0 L 2
25 0 U 24
26 1 U 4
27 0 U 26
28 1 U 27
29 0 L 14
30 1 U 23
31 0 U 30
32 1 U -1
33 1 U 32
34 1 U 33
35 0 U 34
36 0 U 14
37 1 U 36
38 1 U 37
39 0 U 38
40 0 U -1
41 0 U 40
42 0 U 41
43 1 U 27
44 1 U 43
45 1 U 44
46 0 L 26
47 1 U 46
48 1 U 18
49 0 L 46
50 0 U 49
51 1 U 50
52 1 U 51
53 0 U 52
54 0 U 53
55 1 U 54
56 1 U -1
57 1 U 56
58 1 U 57
59 1 U 58
60 0 L 9
61 0 U 60
62 0 U 61
63 0 U 62
64 1 U 0
65 0 U 64
66 1 U 65
67 0 U 66
68 1 U 67
69 1 U 7
70 1 U 69
71 1 U 70
72 0 U -1
73 1 U 72
74 1 U 73
75 0 U 74
76 1 U 75
77 0 U 76
78
0 1 U -1
1 0 L -1
2 1 U 1
3 1 L 1
4 0 U 3
5 1 U 4
6 0 U 5
7 1 U 6
8 1 U 4
9 1 L 0
10 0 U 9
11 0 L 7
12 1 L 4
13 1 L 0
14 1 U 13
15 1 L 10
16 0 U -1
17 1 U 13
18 1 U 17
19 1 U 18
20 1 L 8
21 1 U 20
22 0 U 21
23 1 U 22
24 0 L 2
25 0 L 19
26 0 L 11
27 0 U 13
28 1 U 27
29 0 L 14
30 1 U 23
31 0 U 30
32 1 U -1
33 1 U 32
34 1 U 33
35 0 U 34
36 0 U 14
37 1 U 36
38 1 U 37
39 0 U 38
40 0 U -1
41 0 L 16
42 0 U 41
43 1 U 27
44 1 U 43
45 1 L 17
46 1 L 2
47 1 U 46
48 1 U 18
49 0 L 46
50 0 U 49
51 1 U 50
52 1 U 51
53 0 U 52
54 1 L 18
55 1 U 54
56 1 U -1
57 1 U 56
58 1 U 57
59 1 U 58
60 0 L 9
61 0 U 60
62 0 U 61
63 0 U 62
64 1 U 0
65 0 U 64
66 1 U 65
67 0 U 66
68 1 U 67
69 1 U 7
70 1 U 69
71 1 U 70
72 1 L 57
73 1 U 72
74 1 U 73
75 0 U 74
76 1 U 75
77 0 U 76
78
0 0 U -1
1 0 L -1
2 1 U 1
3 1 U 2
4 0 U 3
5 1 U 4
6 1 U 1
7 0 U 5
8 0 U -1
9 1 L 0
10 0 U 9
11 1 U 2
12 1 L 4
13 1 L 0
14 1 U 13
15 1 L 10
16 0 U -1
17 1 U 15
18 1 U 17
19 1 U 18
20 1 L 8
21 1 U 20
22 0 U 21
23 1 U 22
24 0 L 2
25 0 U 24
26 1 U 4
27 0 U 26
28 1 U 27
29 0 L 14
30 1 U 23
31 0 U 30
32 1 U -1
33 1 U 32
34 1 U 33
35 0 U 34
36 0 U 23
37 1 U 36
38 1 U 37
39 0 U 38
40 0 U -1
41 0 U 40
42 0 U 41
43 1 U 27
44 1 U 43
45 1 U 44
46 0 L 26
47 1 U 46
48 1 U 18
49 0 L 46
50 0 U 49
51 1 U 50
52 1 U 51
53 0 U 52
54 0 U 53
55 1 U 54
56 1 U -1
57 1 L 55
58 1 U 57
59 1 U 58
60 0 L 9
61 0 U 60
62 0 U 61
63 0 U 62
64 1 U 0
65 0 U 64
66 1 U 65
67 0 U 66
68 1 U 67
69 1 U 7
70 1 U 69
71 0 L 66
72 0 U -1
73 1 U 72
74 1 L 3
75 0 U 74
76 1 U 75
77 0 U 76
78
0 0 U -1
1 0 L -1
2 1 U 1
3 1 L 2
4 0 U 3
5 1 U 4
6 1 L 3
7 0 U 5
8 0 L 4
9 1 L 0
10 0 U 9
11 0 L 7
12 1 L 7
13 1 L 0
14 1 U 13
15 1 U 7
16 0 U -1
17 1 U 15
18 1 U 17
19 1 U 18
20 1 L 8
21 1 U 20
22 0 U 21
23 1 U 2
24 0 L 2
25 0 U 24
26 1 U 4
27 0 U 26
28 1 U 27
29 0 L 14
30 1 U 23
31 0 U 27
32 1 U -1
33 1 U 32
34 1 U 33
35 0 U 34
36 0 U 14
37 1 U 36
38 1 U 37
39 0 U 38
40 0 U -1
41 0 L 17
42 0 U 41
43 0 U 8
44 1 U 43
45 1 U 44
46 0 L 26
47 1 U 46
48 1 U 18
49 0 L 46
50 0 U 49
51 1 U 50
52 1 U 51
53 0 U 52
54 0 U 53
55 0 U 41
56 1 U -1
57 1 U 56
58 1 U 57
59 1 U 58
60 0 L 9
61 1 U 2
62 0 U 61
63 0 U 62
64 1 U 0
65 0 U 64
66 0 L 14
67 0 U 66
68 1 U 67
69 1 U 7
70 0 U 48
71 1 U 70
72 0 U -1
73 1 U 72
74 1 U 73
75 0 U 74
76 1 U 75
77 1 U 69
78
0 0 U -1
1 0 L -1
2 1 U 1
3 1 U 1
4 0 U 3
5 1 U 4
6 0 U 5
7 0 U 5
8 0 U -1
9 1 L 2
10 0 U 9
11 0 L 7
12 0 U 1
13 1 L 0
14 1 U 13
15 1 L 10
16 1 U -1
17 1 U 15
18 1 U 17
19 1 U 18
20 1 L 8
21 1 U 20
22 0 L 11
23 1 U 22
24 0 L 2
25 0 U 24
26 1 U 4
27 0 U 26
28 1 U 27
29 0 L 14
30 1 U 23
31 0 L 29
32 1 U -1
33 1 L 4
34 0 L 12
35 1 L 34
36 0 U 14
37 1 U 36
38 1 U 37
39 0 U 38
40 0 U 39
41 0 U 40
42 1 U 15
43 1 U 27
44 1 U 43
45 1 U 44
46 0 L 26
47 1 U 46
48 0 U 46
49 0 L 46
50 0 U 49
51 1 U 50
52 1 U 51
53 0 U 52
54 0 U 53
55 1 U 54
56 1 U -1
57 1 U 56
58 0 L 52
59 1 U 30
60 0 U 21
61 0 U 60
62 1 L 25
63 0 U 62
64 1 U 0
65 0 U 64
66 1 U 65
67 0 U 66
68 1 U 67
69 1 U 7
70 1 U 69
71 1 U 70
72 0 U -1
73 1 U 72
74 1 U 73
75 0 U 74
76 1 U 75
77 0 U 76
78
0 0 U -1
1 0 L -1
2 1 U 1
3 1 U 2
4 0 U 3
5 1 U 4
6 0 U 5
7 0 U 5
8 0 U -1
9 1 L 0
10 0 U 9
11 0 U 6
12 1 L 4
13 1 L 0
14 1 U 13
15 1 L 10
16 0 U -1
17 1 U 15
18 1 U 17
19 1 U 18
20 1 L 8
21 1 U 20
22 0 U 21
23 1 U 22
24 0 L 2
25 0 U 24
26 1 U 4
27 0 L 5
28 1 U 27
29 0 L 14
30 1 U 23
31 0 U 30
32 1 U -1
33 1 U 32
34 1 U 33
35 0 U 34
36 0 U 14
37 1 U 36
38 1 U 37
39 0 U 38
40 0 U -1
41 0 L -1
42 0 U 41
43 1 U 27
44 1 L 34
45 1 U 44
46 0 L 26
47 1 U 46
48 1 U 18
49 0 L 46
50 0 U 49
51 0 U 39
52 1 U 51
53 0 U 52
54 0 U 53
55 1 U 54
56 1 U -1
57 1 U 56
58 1 U 57
59 1 U 58
60 0 L 9
61 0 U 60
62 0 U 61
63 0 U 62
64 1 U 0
65 0 U 64
66 1 U 65
67 0 U 66
68 1 U 67
69 1 U 7
70 1 U 69
71 1 U 70
72 0 U -1
73 1 U 72
74 1 U 73
75 0 L -1
76 1 U 75
77 0 U 76
78
0 0 U -1
1 0 L -1
2 1 U 1
3 1 U 2
4 0 U 3
5 1 U 4
6 1 L 5
7 0 U 5
8 0 U -1
9 1 L 0
10 1 L 5
11 0 U 1
12 1 L 4
13 1 L 0
14 1 U 13
15 1 U 12
16 1 L 8
17 1 U 15
18 0 U 13
19 1 U 18
20 1 L 8
21 1 U 20
22 0 U 21
23 1 U 22
24 0 L 2
25 0 U 24
26 1 U 4
27 0 L 4
28 1 U 27
29 0 L 14
30 1 L 25
31 0 U 30
32 1 U -1
33 1 U 32
34 1 U 33
35 0 U 34
36 0 U 14
37 1 U 36
38 1 U 37
39 0 U 38
40 0 U -1
41 0 U 40
42 0 U 41
43 1 U 27
44 1 U 43
45 0 L 7
46 0 L 26
47 1 U 46
48 1 U 18
49 0 L 46
50 1 L 40
51 1 U 50
52 1 U 51
53 0 U 52
54 0 U 53
55 1 U 54
56 1 U -1
57 1 U 56
58 1 U 57
59 1 U 58
60 0 L 9
61 0 U 60
62 0 U 61
63 0 U 62
64 1 U 25
65 0 U 64
66 1 U 35
67 0 U 66
68 1 U 67
69 1 U 7
70 1 U 69
71 1 U 70
72 0 U -1
73 1 U 72
74 1 U 73
75 1 L 62
76 1 U 75
77 0 L 2
78
0 0 U -1
1 0 L -1
2 1 U 1
3 1 U 2
4 0 U 3
5 1 U 4
6 0 U 5
7 0 U 5
8 0 U -1
9 1 L 0
10 0 U 9
11 0 L 7
12 1 L 4
13 1 L 0
14 1 U 13
15 1 L 10
16 0 U -1
17 1 U 15
18 1 U 17
19 1 U 18
20 1 L 8
21 1 U 20
22 0 U 21
23 1 U 22
24 0 L 2
25 0 U 24
26 1 U 4
27 0 U 26
28 1 U 27
29 0 L 14
30 1 L 5
31 0 U 30
32 1 U -1
33 1 U 32
34 1 U 33
35 0 U 34
36 0 U 14
37 1 U 36
38 1 U 37
39 0 U 38
40 0 U -1
41 0 U 40
42 0 U 41
43 1 U 31
44 0 L 20
45 1 U 44
46 0 L 26
47 1 U 11
48 1 U 18
49 0 L 46
50 0 U 49
51 1 U 50
52 1 U 51
53 0 U 52
54 0 U 53
55 1 U 54
56 1 U -1
57 1 U 56
58 1 U 57
59 1 U 58
60 0 L 9
61 0 U 60
62 0 U 61
63 0 U 62
64 1 L 46
65 0 U 64
66 1 U 65
67 0 U 66
68 1 L 33
69 1 U 7
70 1 U 69
71 1 U 70
72 0 U -1
73 1 U 72
74 1 U 73
75 0 U 74
76 1 U 75
77 1 U 65
78
0 0 U -1
1 0 L 0
2 1 U 1
3 1 U 2
4 0 U 3
5 1 U 4
6 0 U 5
7 1 U 4
8 0 U -1
9 1 L 0
10 0 U 9
11 0 L 7
12 1 L 4
13 1 L 0
14 1 U 13
15 1 L 10
16 0 U -1
17 1 U 15
18 1 U 17
19 1 U 18
20 1 U 7
21 1 U 20
22 0 U 21
23 1 U 22
24 0 L 2
25 0 U 24
26 1 U 4
27 0 U 26
28 0 U 20
29 0 L 14
30 1 L 5
31 0 U 30
32 1 L 25
33 1 U 32
34 1 U 33
35 0 U 34
36 0 U 14
37 1 U 36
38 1 U 37
39 0 U 38
40 0 U -1
41 0 U 40
42 0 U 41
43 1 U 31
44 0 L 20
45 1 U 30
46 0 L 26
47 0 L 6
48 1 U 18
49 0 L 46
50 0 U 49
51 1 U 50
52 1 U 51
53 0 U 52
54 0 U 53
55 1 U 54
56 1 U -1
57 0 U 23
58 1 U 57
59 1 U 58
60 0 L 9
61 0 U 60
62 0 U 61
63 0 U 62
64 1 L 46
65 0 U 64
66 1 U 65
67 0 U 66
68 1 L 33
69 1 U 7
70 1 U 69
71 1 L 66
72 0 U -1
73 1 U 72
74 1 U 73
75 0 U 74
76 1 U 75
77 1 U 65
78
0 0 U -1
1 0 L -1
2 1 U 1
3 1 U 2
4 0 U 3
5 1 U 4
6 0 U 5
7 0 U 5
8 0 U -1
9 1 L 0
10 0 U 9
11 0 L 7
12 1 L 4
13 1 L 0
14 1 U 13
15 1 U 5
16 0 U -1
17 1 U 15
18 1 U 17
19 1 U 18
20 1 L 8
21 1 U 20
22 0 U 21
23 1 U 22
24 0 L 2
25 0 U 24
26 1 U 4
27 0 U 26
28 1 U 27
29 0 L 14
30 1 L 5
31 0 U 30
32 1 U -1
33 1 U 32
34 1 U 33
35 0 U 34
36 0 U 14
37 1 U 36
38 1 U 37
39 0 U 38
40 0 U -1
41 0 U 40
42 0 U 41
43 1 U 31
44 0 L 20
45 1 U 44
46 0 L 26
47 1 U 11
48 1 U 18
49 0 L 46
50 0 U 49
51 1 U 50
52 1 U 51
53 0 U 52
54 0 U 53
55 1 U 54
56 1 U -1
57 1 U 56
58 1 U 57
59 1 U 58
60 0 L 9
61 0 U 60
62 1 L 52
63 0 U 62
64 1 L 46
65 0 U 64
66 1 U 65
67 0 U 66
68 1 L 33
69 1 U 7
70 1 U 69
71 1 U 70
72 0 U -1
73 1 U 72
74 1 U 73
75 0 U 74
76 1 U 75
77 1 U 65
78
0 0 U -1
1 1 U 0
2 0 U 1
3 1 U 2
4 0 U 3
5 1 U 4
6 0 U 5
7 0 U 5
8 0 U -1
9 0 U -1
10 0 U 2
11 0 L 7
12 1 L 4
13 1 L 0
14 1 U 13
15 1 L 10
16 0 U -1
17 1 U 15
18 1 U 17
19 1 U 18
20 1 L 8
21 1 U 20
22 0 U 21
23 1 U 22
24 0 L 2
25 0 U 24
26 1 U 4
27 0 U 26
28 1 U 27
29 0 L 14
30 1 L 5
31 0 U 30
32 1 U -1
33 1 U 32
34 1 U 33
35 0 U 34
36 0 U 14
37 1 U 36
38 1 U 37
39 0 U 38
40 0 U -1
41 0 U 40
42 1 U 21
43 1 U 31
44 0 L 20
45 1 U 44
46 0 L 26
47 1 U 11
48 1 U 18
49 0 L 46
50 0 U 49
51 1 U 50
52 1 U 51
53 0 U 52
54 0 U 53
55 1 U 54
56 1 U -1
57 1 U 56
58 1 U 57
59 1 U 58
60 0 L 9
61 0 U 60
62 0 U 61
63 0 U 62
64 1 L 46
65 0 U 64
66 1 U 65
67 0 U 66
68 1 L 33
69 1 U 7
70 1 U 69
71 1 U 70
72 0 U -1
73 1 U 72
74 1 U 73
75 0 U 74
76 1 U 75
77 1 L 48
78
0 0 U -1
1 0 L -1
2 1 U 1
3 1 U 2
4 0 U 3
5 1 U 4
6 0 U 5
7 0 U 5
8 0 U -1
9 1 L 0
10 0 U 9
11 0 L 7
12 1 L 4
13 1 L 0
14 1 U 13
15 1 L 10
16 0 U -1
17 1 U 15
18 1 U 17
19 1 U 18
20 1 L 8
21 1 U 20
22 0 U 21
23 1 U 22
24 0 L 2
25 1 U 20
26 1 U 4
27 0 U 26
28 1 U 27
29 0 L 14
30 1 L 5
31 1 L 1
32 1 U -1
33 1 U 32
34 1 U 33
35 0 U 34
36 0 U 14
37 1 U 36
38 1 U 37
39 0 U 38
40 0 U -1
41 0 U 40
42 0 U 3
43 1 U 31
44 0 L 20
45 1 L 5
46 0 L 26
47 1 U 11
48 1 U 18
49 0 L 46
50 0 U 49
51 1 U 50
52 1 U 51
53 0 U 52
54 0 L 40
55 1 U 54
56 1 U -1
57 1 U 56
58 0 L 33
59 1 U 58
60 0 L 9
61 0 U 60
62 0 U 61
63 0 U 62
64 1 L 46
65 0 U 60
66 1 U 65
67 0 U 66
68 1 L 33
69 1 U 7
70 1 U 69
71 1 U 70
72 0 U -1
73 1 U 72
74 1 U 73
75 0 U 74
76 1 L 33
77 1 U 65
78
0 0 U -1
1 0 L -1
2 1 U 1
3 1 U 2
4 0 U 3
5 1 U 4
6 0 U 5
7 0 U 5
8 1 L -1
9 1 L 0
10 0 U 9
11 0 L 7
12 1 L 4
13 1 L 0
14 1 U 13
15 1 L 5
16 0 U -1
17 1 U 15
18 1 U 17
19 1 U 18
20 1 L 8
21 1 U 20
22 0 U 21
23 1 U 22
24 0 L 2
25 0 U 24
26 1 U 4
27 0 U 26
28 1 U 27
29 0 L 14
30 1 L 5
31 0 U 30
32 1 U -1
33 1 U 32
34 1 L 24
35 0 U 34
36 0 U 14
37 1 U 36
38 1 U 37
39 0 U 38
40 0 U -1
41 0 U 40
42 1 L 35
43 1 U 31
44 0 L 20
45 1 U 44
46 0 L 26
47 1 U 11
48 1 U 18
49 0 L 46
50 0 U 49
51 1 U 50
52 1 U 51
53 0 U 52
54 0 U 53
55 1 U 54
56 1 U -1
57 1 U 56
58 1 U 57
59 1 U 58
60 0 L 9
61 0 U 60
62 0 U 61
63 0 U 62
64 1 L 46
65 0 U 64
66 1 U 65
67 0 U 66
68 1 L 33
69 1 U 7
70 0 U 12
71 1 U 70
72 0 U -1
73 1 U 72
74 1 U 73
75 0 U 74
76 1 U 75
77 1 U 65
78
0 0 U -1
1 0 L -1
2 1 U 1
3 1 U 2
4 0 U 3
5 1 U 4
6 0 U 5
7 0 U 5
8 0 U -1
9 1 L 0
10 0 U 9
11 0 L 7
12 1 L 4
13 1 L 0
14 1 U 13
15 1 L 10
16 0 U -1
17 1 U 15
18 1 U 17
19 1 U 18
20 1 L 8
21 1 U 20
22 0 U 21
23 1 U 22
24 0 L 2
25 0 U 24
26 1 U 4
27 0 U 26
28 1 U 27
29 0 L 14
30 1 L 5
31 0 U 30
32 1 U -1
33 1 U 32
34 1 U 33
35 0 U 34
36 0 U 14
37 1 U 36
38 0 U 5
39 0 U 38
40 0 U -1
41 0 U 40
42 0 U 41
43 1 U 31
44 0 L 20
45 1 U 44
46 0 L 26
47 1 U 11
48 1 U 18
49 0 L 46
50 0 U 49
51 1 U 50
52 1 U 51
53 0 U 52
54 0 U 53
55 1 U 54
56 0 U 42
57 1 U 56
58 1 U 57
59 1 U 58
60 0 L 9
61 0 U 60
62 0 U 61
63 0 U 62
64 1 L 46
65 0 U 64
66 1 U 65
67 0 U 66
68 1 L 33
69 1 U 7
70 1 U 69
71 1 L 38
72 0 U -1
73 1 U 72
74 1 L 5
75 0 U 74
76 1 U 28
77 0 L 48
78
0 0 U -1
1 0 L -1
2 1 U 1
3 1 U 2
4 0 U 3
5 1 U 4
6 0 U 5
7 0 U 5
8 0 U -1
9 1 L 0
10 0 U 9
11 0 L 7
12 1 L 4
13 1 L 12
14 1 U 13
15 1 L 10
16 0 U -1
17 1 U 15
18 1 U 17
19 1 U 18
20 1 L 8
21 1 U 20
22 0 U 21
23 1 U 22
24 0 L 2
25 0 U 0
26 1 U 4
27 0 U 26
28 1 U 27
29 0 L 14
30 1 L 5
31 0 U 30
32 1 U -1
33 1 U 32
34 1 U 33
35 0 U 34
36 0 U 14
37 1 U 36
38 1 U 23
39 0 U 38
40 0 U -1
41 0 U 40
42 0 U 41
43 1 U 31
44 0 L 20
45 0 U 2
46 1 L 33
47 1 U 11
48 1 U 18
49 0 L 46
50 0 U 49
51 1 U 50
52 1 U 51
53 0 U 52
54 0 U 53
55 1 U 54
56 1 U -1
57 1 U 14
58 1 U 57
59 1 U 58
60 0 L 9
61 0 U 60
62 0 U 61
63 0 U 62
64 1 L 46
65 0 U 64
66 1 U 65
67 0 U 66
68 1 L 33
69 1 U 7
70 1 U 69
71 1 U 70
72 0 U -1
73 1 U 72
74 1 U 73
75 0 U 74
76 1 U 75
77 1 U 65
78
0 0 U -1
1 0 L -1
2 1 U 1
3 1 U 2
4 0 U 3
5 1 U 4
6 0 U 5
7 0 U 1
8 0 U -1
9 1 L 0
10 0 L 2
11 0 L 7
12 1 L 4
13 1 L 0
14 1 U 13
15 1 L 10
16 0 U -1
17 1 U 15
18 1 U 17
19 1 U 18
20 1 L 8
21 1 U 20
22 0 U 21
23 1 U 22
24 0 L 2
25 1 L 1
26 1 U 4
27 0 U 26
28 1 U 27
29 0 L 14
30 1 L 5
31 1 L 15
32 1 U -1
33 0 L 29
34 1 U 33
35 0 U 34
36 0 U 14
37 1 U 36
38 1 U 37
39 0 U 38
40 0 U -1
41 0 U 40
42 0 U 41
43 1 U 31
44 1 U 2
45 1 U 44
46 0 L 26
47 1 U 11
48 1 U 18
49 0 L 46
50 0 U 49
51 1 U 50
52 1 U 51
53 0 U 52
54 0 U 53
55 1 U 54
56 1 U -1
57 1 U 56
58 1 U 57
59 1 U 58
60 0 L 9
61 1 U 1
62 0 U 61
63 0 U 62
64 1 L 62
65 0 U 64
66 1 U 65
67 0 U 66
68 1 L 33
69 1 U 7
70 1 U 69
71 1 U 70
72 0 U -1
73 1 U 72
74 1 U 73
75 0 U 74
76 1 U 75
77 1 U 65
78
0 0 U -1
1 0 L -1
2 1 U 1
3 1 U 2
4 0 U 3
5 1 U 4
6 0 U 5
7 0 U 5
8 0 U -1
9 1 L 0
10 0 U 9
11 0 L 2
12 1 L 4
13 1 L 0
14 1 U 13
15 1 L 10
16 0 U -1
17 1 U 15
18 1 U 17
19 1 U 18
20 1 L 8
21 1 U 7
22 1 L 18
23 1 U 22
24 1 L -1
25 0 U 24
26 1 L 12
27 0 U 26
28 1 U 27
29 0 L 14
30 1 L 5
31 0 U 30
32 1 U -1
33 1 L 29
34 1 U 33
35 0 U 34
36 0 U 14
37 1 U 36
38 1 U 37
39 0 U 38
40 0 U -1
41 1 U 10
42 0 U 41
43 1 U 31
44 0 L 20
45 1 U 44
46 0 L 26
47 1 U 11
48 0 L 22
49 0 U 27
50 0 U 49
51 1 U 50
52 1 U 51
53 0 U 52
54 0 U 53
55 1 U 54
56 1 U -1
57 1 U 56
58 0 L 3
59 1 U 58
60 0 L 9
61 0 U 60
62 0 U 61
63 0 U 62
64 1 L 46
65 0 U 64
66 1 U 65
67 0 U 66
68 1 U 60
69 1 U 7
70 1 U 69
71 1 U 70
72 0 U -1
73 1 U 72
74 1 U 73
75 0 U 74
76 1 U 75
77 1 U 65
78
0 0 U -1
1 0 L -1
2 1 U 1
3 1 U 2
4 0 U 3
5 1 U 4
6 0 U 5
7 0 U 5
8 0 U -1
9 1 L 0
10 0 U 9
11 0 L 7
12 1 L 4
13 1 L 0
14 1 U 13
15 1 L 10
16 0 U -1
17 1 U 15
18 1 U 17
19 0 U 2
20 1 U 17
21 1 U 20
22 0 U 21
23 1 U 22
24 0 L 2
25 0 U 24
26 1 U 4
27 0 U 26
28 1 U 27
29 0 L 14
30 1 U 0
31 0 U 30
32 1 U -1
33 1 U 32
34 0 L 7
35 0 U 34
36 0 U 14
37 1 U 36
38 1 U 37
39 1 L -1
40 0 U -1
41 0 U 40
42 0 U 41
43 1 U 31
44 0 L 20
45 1 U 44
46 0 L 26
47 1 U 11
48 1 U 18
49 0 L 46
50 0 U 49
51 0 L 7
52 0 L 41
53 0 U 52
54 0 U 53
55 1 U 54
56 1 U -1
57 1 U 56
58 1 U 57
59 1 U 58
60 1 L 56
61 1 L 9
62 0 U 61
63 1 U 47
64 1 L -1
65 0 U 64
66 1 U 65
67 0 U 66
68 1 L 33
69 1 U 7
70 1 U 69
71 1 U 70
72 0 U -1
73 1 U 72
74 1 U 73
75 0 U 74
76 1 U 75
77 1 U 65
78
0 0 U -1
1 0 L -1
2 1 U 1
3 1 U 2
4 0 U 3
5 1 U 4
6 0 U 5
7 0 L -1
8 0 U -1
9 1 L 0
10 0 U 9
11 1 U 1
12 1 L 4
13 1 L 0
14 1 L 6
15 1 L 10
16 0 U -1
17 1 U 15
18 1 U 17
19 1 U 18
20 1 L 8
21 1 U 20
22 0 U 21
23 1 U 22
24 0 L 2
25 0 U 24
26 1 U 4
27 0 U 26
28 1 U 0
29 1 L 5
30 1 L 5
31 0 U 30
32 0 U 23
33 1 U 32
34 1 U 33
35 0 U 34
36 0 U 14
37 1 U 36
38 1 U 37
39 0 U 38
40 0 U -1
41 0 U 40
42 0 L 10
43 1 U 31
44 0 L 20
45 1 U 44
46 1 U 43
47 1 U 11
48 1 U 18
49 0 L 4
50 0 U 49
51 1 U 50
52 1 U 51
53 0 U 52
54 0 U 53
55 1 U 49
56 1 U -1
57 1 U 56
58 1 U 57
59 1 L 36
60 0 L 9
61 0 U 60
62 0 U 61
63 0 U 62
64 1 L 57
65 0 U 11
66 0 U 13
67 1 L 7
68 1 L 33
69 1 U 7
70 1 U 69
71 1 U 70
72 0 U -1
73 1 U 72
74 1 U 73
75 0 U 74
76 1 U 75
77 1 U 65
78
0 0 U -1
1 0 L -1
2 0 L 1
3 1 U 2
4 0 U 3
5 1 U 4
6 0 U 5
7 0 U 5
8 0 U -1
9 1 L 0
10 0 U 9
11 0 L 7
12 1 L 4
13 1 L 0
14 1 U 13
15 1 L 10
16 0 U -1
17 1 U 15
18 1 U 17
19 1 U 18
20 1 L 8
21 1 U 20
22 0 U 20
23 1 U 22
24 0 L 2
25 0 U 24
26 1 U 4
27 0 U 26
28 1 U 27
29 0 L 14
30 1 L 5
31 0 L 6
32 1 U -1
33 0 L 4
34 1 U 33
35 0 U 34
36 0 U 14
37 1 U 36
38 1 U 37
39 0 U 38
40 0 U -1
41 0 U 40
42 0 U 41
43 1 U 31
44 0 L 20
45 1 U 44
46 0 L 26
47 1 U 11
48 1 U 18
49 0 L 46
50 0 U 49
51 1 U 50
52 1 U 51
53 0 U 52
54 0 U 53
55 1 U 54
56 1 U -1
57 1 U 56
58 1 U 57
59 1 U 58
60 0 L 9
61 0 U 60
62 0 U 61
63 0 U 62
64 1 L 46
65 1 U 46
66 1 U 65
67 0 U 66
68 1 L 33
69 1 U 7
70 1 U 69
71 1 U 70
72 0 L 1
73 1 U 72
74 1 U 69
75 0 U 74
76 1 U 75
77 1 U 65
78
0 0 U -1
1 0 L -1
2 1 U 1
3 1 U 2
4 0 U 3
5 1 U 4
6 0 U 5
7 0 U 5
8 0 U -1
9 1 L 0
10 0 U 9
11 0 L 7
12 1 L 4
13 1 L 0
14 1 U 13
15 1 L 10
16 0 U -1
17 1 U 15
18 0 U 15
19 0 U 9
20 1 L 8
21 1 U 20
22 0 U 21
23 1 U 22
24 0 L 2
25 0 U 24
26 1 U 4
27 0 U 26
28 1 U 27
29 0 L 14
30 1 L 5
31 0 U 30
32 1 U -1
33 1 U 32
34 1 U 33
35 1 U 32
36 0 U 14
37 1 U 36
38 1 U 37
39 0 U 38
40 0 U -1
41 0 U 40
42 0 L 37
43 1 U 31
44 0 L 20
45 1 U 44
46 0 L 26
47 1 U 11
48 1 U 18
49 1 U 36
50 0 U 49
51 1 U 50
52 1 U 51
53 0 U 52
54 0 U 53
55 1 U 54
56 1 U -1
57 1 U 56
58 1 U 57
59 1 U 58
60 0 L 9
61 0 U 60
62 0 U 61
63 0 U 13
64 1 L 46
65 0 U 64
66 1 U 65
67 0 U 40
68 1 L 33
69 1 U 7
70 1 U 69
71 1 U 70
72 0 U -1
73 1 U 72
74 1 U 73
75 0 U 74
76 1 U 75
77 1 U 65
78
0 0 U -1
1 0 L -1
2 1 U 1
3 1 U 2
4 0 U 3
5 1 U 4
6 0 U 5
7 0 U 5
8 0 U -1
9 1 L 0
10 0 U 9
11 1 L 6
12 1 L 4
13 1 L 0
14 1 U 13
15 1 L 10
16 0 U -1
17 1 U 15
18 1 U 17
19 1 U 18
20 1 L 8
21 1 U 20
22 0 U 21
23 1 U 22
24 0 L 2
25 0 U 24
26 1 U 4
27 0 U 26
28 1 U 27
29 0 L 14
30 1 L 5
31 0 U 30
32 1 U -1
33 1 U 32
34 1 U 33
35 0 L 16
36 0 U 14
37 1 U 36
38 1 U 37
39 0 U 38
40 0 U -1
41 0 U 40
42 0 U 41
43 1 U 31
44 0 L 20
45 0 L 8
46 0 L 26
47 1 U 11
48 1 U 18
49 0 L 33
50 0 U 49
51 1 U 50
52 1 U 51
53 0 U 52
54 0 U 53
55 1 U 54
56 1 U -1
57 1 U 35
58 1 U 57
59 1 U 58
60 0 L 9
61 0 U 60
62 0 U 61
63 0 U 62
64 1 L 46
65 0 U 64
66 1 U 65
67 0 U 66
68 1 L 33
69 1 U 7
70 1 U 69
71 1 U 70
72 0 U -1
73 1 U 72
74 1 U 73
75 0 U 74
76 1 U 75
77 1 U 65
78
0 0 U -1
1 0 L -1
2 1 U 1
3 1 U 2
4 0 U 3
5 1 U 4
6 0 U 5
7 0 U 5
8 0 U -1
9 1 L 0
10 0 U 9
11 0 L 7
12 1 L 4
13 1 L 0
14 0 L 5
15 1 L 10
16 0 U -1
17 1 U 15
18 0 L 3
19 1 U 18
20 1 L 8
21 1 U 20
22 0 U 21
23 1 U 22
24 1 L 22
25 0 U 24
26 1 U 4
27 0 U 26
28 1 U 27
29 0 L 14
30 1 L 5
31 0 U 30
32 1 U -1
33 1 U 32
34 1 U 33
35 0 U 34
36 0 U 14
37 1 U 36
38 1 U 37
39 0 U 38
40 0 U -1
41 0 U 40
42 0 U 41
43 1 U 31
44 0 L 20
45 1 U 9
46 0 L 26
47 1 U 11
48 1 U 18
49 0 L 46
50 0 U 49
51 1 U 50
52 1 U 51
53 1 L 37
54 0 U 53
55 1 U 54
56 0 U -1
57 1 U 56
58 1 U 57
59 1 U 58
60 0 L 9
61 0 U 60
62 0 U 61
63 0 U 62
64 0 U 12
65 0 U 64
66 1 U 65
67 0 U 66
68 1 L 33
69 1 U 7
70 1 U 44
71 1 U 70
72 0 U -1
73 1 U 72
74 1 U 73
75 0 U 74
76 1 U 75
77 1 U 65
78
0 0 U -1
1 0 L -1
2 1 U 1
3 1 U 2
4 0 U 3
5 1 U 4
6 0 U 5
7 0 U 5
8 0 U -1
9 1 L 0
10 0 U 9
11 0 L 7
12 1 L 4
13 1 L 0
14 1 U 13
15 1 L 10
16 0 U -1
17 1 U 15
18 1 U 17
19 1 U 18
20 1 L 8
21 1 U 20
22 0 U 21
23 1 U 22
24 0 L 2
25 0 U 24
26 1 U 4
27 0 U 26
28 1 U 27
29 0 L 14
30 1 L 2
31 0 U 30
32 1 U -1
33 1 U 32
34 0 L 22
35 0 U 34
36 0 U 14
37 1 U 36
38 1 U 37
39 0 U 38
40 0 U -1
41 0 U 40
42 0 U 41
43 1 U 31
44 0 U 37
45 1 U 44
46 0 L 26
47 1 U 11
48 1 U 18
49 0 L 46
50 0 U 49
51 1 U 50
52 1 U 51
53 0 U 52
54 0 U 53
55 1 U 54
56 1 U -1
57 1 U 56
58 1 U 57
59 1 U 58
60 1 U 22
61 1 L 55
62 0 U 61
63 0 U 62
64 1 L 2
65 0 U 64
66 1 U 65
67 0 U 66
68 1 L 33
69 1 U 7
70 1 U 69
71 1 U 70
72 1 U 25
73 1 U 72
74 1 U 73
75 0 U 74
76 1 U 75
77 1 U 65
78
0 0 U -1
1 0 L -1
2 1 U 1
3 1 U 2
4 0 U 3
5 1 U 4
6 0 U 5
7 0 U -1
8 0 U -1
9 1 L 0
10 0 U 9
11 0 L 7
12 0 U 7
13 1 L 0
14 1 U 13
15 1 L 10
16 0 U -1
17 1 L 6
18 1 U 17
19 1 U 18
20 1 L 8
21 1 U 20
22 0 L 2
23 1 U 22
24 0 L 2
25 0 U 24
26 1 U 4
27 0 U 26
28 1 U 27
29 0 L 14
30 1 L 5
31 0 U 30
32 1 U -1
33 1 U 32
34 1 U 33
35 0 U 34
36 0 U 14
37 1 U 36
38 1 U 37
39 0 U 38
40 0 U -1
41 1 L 15
42 0 U 41
43 1 U 31
44 0 L 20
45 1 U 44
46 0 L 26
47 1 U 11
48 1 U 18
49 0 L 46
50 0 U 49
51 1 U 50
52 1 U 51
53 0 U 52
54 0 U 53
55 1 U 31
56 1 U -1
57 1 U 56
58 1 U 57
59 1 U 58
60 0 L 9
61 0 U 60
62 0 U 61
63 0 U 62
64 1 L 46
65 0 U 64
66 1 U 65
67 0 U 66
68 1 L 33
69 1 U 7
70 1 U 69
71 1 U 70
72 0 U -1
73 1 U 72
74 1 U 73
75 0 U 74
76 1 U 75
77 1 U 65
78
0 0 U -1
1 0 L -1
2 1 U 1
3 1 U 2
4 0 U 3
5 1 U 4
6 0 U 5
7 0 U 5
8 0 U -1
9 1 L 0
10 0 U 9
11 0 L 7
12 1 L 4
13 1 L 0
14 1 U 6
15 1 L 10
16 0 U -1
17 1 U 15
18 1 U 17
19 1 L 12
20 1 L 8
21 1 L 3
22 1 L 6
23 1 U 22
24 0 L 2
25 0 U 24
26 1 U 4
27 0 U 26
28 1 U 27
29 0 L 14
30 1 L 5
31 0 U 30
32 1 U -1
33 1 U 32
34 1 U 33
35 0 U 34
36 0 U 14
37 1 U 36
38 1 U 37
39 0 U 38
40 0 U -1
41 0 U 40
42 0 U 41
43 1 U 31
44 0 L 20
45 1 U 44
46 1 U 23
47 1 U 11
48 1 U 18
49 0 L 46
50 0 U 49
51 1 U 50
52 1 U 51
53 1 L 43
54 0 U 53
55 1 U 38
56 0 U 0
57 1 U 56
58 1 U 57
59 1 U 58
60 0 L 9
61 0 U 60
62 0 U 61
63 0 U 62
64 1 L 46
65 0 U 64
66 1 U 65
67 0 U 66
68 1 L 33
69 1 U 7
70 1 U 69
71 1 U 70
72 0 U -1
73 1 U 72
74 1 U 73
75 0 U 74
76 1 U 75
77 1 U 65
78
0 0 U -1
1 0 L -1
2 1 U 1
3 1 U 2
4 0 U 3
5 1 U 4
6 0 U 5
7 0 U 5
8 0 U -1
9 1 L 0
10 0 U 9
11 0 L 7
12 1 L 4
13 1 L 0
14 1 U 13
15 1 L 10
16 0 U -1
17 1 U 15
18 1 U 17
19 1 U 18
20 1 L 8
21 1 U 20
22 0 U 21
23 1 U 22
24 0 L 2
25 0 U 24
26 0 U 2
27 0 U 26
28 1 U 27
29 0 L 14
30 1 L 5
31 0 U 30
32 1 U -1
33 1 U 32
34 1 L 32
35 0 U 34
36 0 U 14
37 1 L 32
38 1 U 37
39 0 U 38
40 0 U -1
41 0 U 40
42 0 U 41
43 1 U 31
44 0 L 20
45 1 U 44
46 0 L 26
47 1 U 11
48 1 U 18
49 0 L 46
50 0 U 49
51 1 U 50
52 1 U 51
53 0 U 52
54 0 U 53
55 1 U 54
56 1 U -1
57 1 U 56
58 1 U 57
59 1 U 58
60 0 L 9
61 1 U 8
62 0 U 61
63 0 U 62
64 1 U 63
65 0 U 64
66 1 U 65
67 1 L 26
68 1 L 33
69 1 U 7
70 1 U 69
71 1 U 70
72 0 U -1
73 1 U 72
74 1 U 73
75 0 U 74
76 1 U 75
77 1 U 65
78
0 1 U -1
1 0 L -1
2 1 U -1
3 1 U 2
4 0 U 3
5 1 U 4
6 0 U 5
7 0 U 5
8 0 U -1
9 1 L 0
10 0 U 9
11 0 L 7
12 0 L 1
13 1 L 9
14 1 U 13
15 1 L 10
16 0 U -1
17 1 U 15
18 1 U -1
19 1 U 18
20 1 L 8
21 1 U 20
22 0 U 21
23 1 U 22
24 0 L 2
25 0 U 24
26 1 U 4
27 0 U 26
28 1 U 27
29 0 L 14
30 1 L 5
31 0 U 30
32 1 U -1
33 1 U 32
34 1 U 33
35 1 L 26
36 0 U 14
37 1 U 36
38 1 U 37
39 0 U 38
40 0 U -1
41 0 U 40
42 0 U 41
43 1 U 31
44 0 L 20
45 1 U 44
46 0 L 26
47 1 U 11
48 1 U 18
49 0 L 46
50 0 U 49
51 1 U 50
52 1 U 51
53 0 U 52
54 0 U 53
55 1 U 54
56 1 U -1
57 1 U 56
58 1 U 57
59 1 U 58
60 0 L 9
61 0 U 60
62 0 L 21
63 0 U 62
64 1 L 46
65 0 U 64
66 1 U 65
67 0 U 66
68 1 L 33
69 1 U 7
70 1 U 69
71 1 U 70
72 0 U -1
73 1 U 72
74 1 U 73
75 0 U 74
76 1 U 75
77 1 U 65
78
0 0 U -1
1 1 L 0
2 1 U 1
3 1 U 2
4 0 U 3
5 1 U 4
6 0 U 5
7 0 U 5
8 0 U -1
9 1 L 0
10 0 U 9
11 0 L 7
12 1 L 4
13 1 L 0
14 1 U 13
15 1 U -1
16 0 U 9
17 1 U 15
18 1 U 17
19 1 U 18
20 1 L 8
21 1 U 20
22 0 U 21
23 1 U 22
24 0 L 2
25 0 U 24
26 1 U 4
27 0 U 26
28 1 U 27
29 0 L 14
30 1 L 5
31 0 U 30
32 1 U -1
33 1 U 32
34 1 U 33
35 0 U 34
36 0 U 14
37 1 U 36
38 1 U 37
39 0 U 38
40 0 U -1
41 1 L 40
42 0 U 41
43 1 U 31
44 0 L 20
45 1 U 44
46 0 L 26
47 1 U 40
48 1 U 18
49 0 L 46
50 0 U 49
51 1 U 50
52 0 U 45
53 0 U 52
54 0 U 53
55 1 L 14
56 1 U -1
57 1 U 56
58 1 U 57
59 1 U 58
60 0 L 9
61 0 U 60
62 0 U 61
63 0 U 62
64 1 L 46
65 1 U 44
66 1 U 65
67 0 U 66
68 1 L 33
69 1 U 7
70 1 U 69
71 1 U 70
72 0 U -1
73 1 U 72
74 1 U 73
75 0 U 74
76 1 U 75
77 1 U 65
78
0 0 U -1
1 0 L -1
2 1 U 1
3 1 U 2
4 0 U 3
5 1 U 4
6 0 U 5
7 0 U 5
8 0 U 2
9 1 L 0
10 0 U 9
11 0 L 7
12 1 L 4
13 1 L 0
14 1 U 13
15 1 L 10
16 0 U -1
17 1 U 15
18 1 U 17
19 1 U 18
20 1 L 8
21 1 U 20
22 0 U 21
23 1 U 22
24 0 L 2
25 0 U 24
26 1 U 21
27 1 U 20
28 1 U 27
29 0 L 14
30 1 L 5
31 0 U 30
32 1 U -1
33 1 U 32
34 1 U 33
35 0 U 34
36 0 U 14
37 1 U 36
38 1 U 37
39 0 U 38
40 0 U -1
41 0 U 40
42 0 U 41
43 1 U 31
44 0 L 20
45 1 U 44
46 0 L 26
47 1 U 11
48 1 U 18
49 0 L 46
50 0 U 49
51 1 U 50
52 1 U 51
53 1 U 11
54 0 U 53
55 0 L 27
56 1 U -1
57 1 U 56
58 1 U 57
59 1 U 58
60 0 L 9
61 0 U 60
62 0 U 61
63 0 U 62
64 1 L 46
65 0 U 64
66 1 U 65
67 0 U 12
68 1 L 33
69 1 U 7
70 1 U 69
71 1 U 70
72 0 L 31
73 0 L 24
74 1 U 73
75 0 U 74
76 1 U 75
77 1 U 65
78
0 0 U -1
1 0 L -1
2 1 U 1
3 0 U 2
4 0 U 3
5 1 U 4
6 0 U 5
7 0 U 5
8 0 U -1
9 1 L 0
10 0 U 9
11 0 L 7
12 1 L 4
13 1 L 0
14 1 U 13
15 1 L 10
16 0 U -1
17 1 U 15
18 1 U 17
19 1 U 18
20 1 L 8
21 1 U 20
22 0 U 21
23 1 U 22
24 0 L 2
25 0 U 24
26 1 U 4
27 0 U 26
28 1 U 27
29 0 L 14
30 1 L 5
31 0 U 30
32 1 U -1
33 1 U 32
34 1 U 33
35 0 U 34
36 0 U 14
37 1 U 36
38 1 U 37
39 0 U 38
40 0 U -1
41 0 U 40
42 0 U 41
43 1 U 31
44 0 L 20
45 1 U 44
46 0 L 26
47 1 U 11
48 1 L 42
49 0 L 46
50 0 U 49
51 1 U 50
52 1 U 51
53 0 U 52
54 0 U 53
55 1 U 54
56 1 U -1
57 1 U 56
58 1 U 57
59 1 U 58
60 0 L 9
61 0 U 60
62 0 U 61
63 0 U 62
64 1 L 46
65 0 U 64
66 1 U 65
67 0 U 66
68 1 L 32
69 1 U 7
70 1 U 69
71 1 U 70
72 0 U -1
73 1 U 72
74 1 U 73
75 0 U 74
76 1 U 75
77 1 U 65
78
0 0 U -1
1 0 L -1
2 1 U 1
3 1 U 2
4 0 U 3
5 1 U 4
6 1 U 1
7 0 U 5
8 1 U 4
9 1 L 0
10 0 U 9
11 0 L 7
12 1 L 4
13 1 L 0
14 1 U 13
15 1 L 10
16 0 U 3
17 1 U 15
18 0 L 5
19 1 U 18
20 1 L 8
21 1 U 20
22 0 U 21
23 1 U 22
24 0 L 2
25 0 U 24
26 1 U 4
27 0 U 26
28 1 U 27
29 0 L 14
30 1 L 5
31 0 U 30
32 1 U -1
33 1 U 32
34 1 U 33
35 0 U 34
36 0 U 14
37 1 U 36
38 1 U 21
39 0 U 38
40 0 U -1
41 0 U 40
42 0 U 41
43 1 L 3
44 0 L 20
45 1 U 44
46 0 L 26
47 1 U 11
48 1 U 18
49 0 L 46
50 0 U 49
51 1 U 50
52 1 L 8
53 0 U 52
54 0 U 53
55 1 U 54
56 1 U -1
57 1 U 56
58 1 U 57
59 1 U 58
60 0 L 9
61 0 U 60
62 0 U 61
63 0 U 62
64 1 L 46
65 0 U 64
66 1 U 65
67 0 U 66
68 1 L 33
69 1 U 7
70 0 U 67
71 1 U 70
72 0 U -1
73 1 U 72
74 1 U 73
75 0 U 74
76 1 U 45
77 1 L 45
78
0 0 U -1
1 0 L -1
2 1 U 1
3 1 U 2
4 0 U 3
5 1 U 4
6 0 U 5
7 0 U 5
8 0 U -1
9 1 L 0
10 0 U 9
11 0 L 7
12 1 L 4
13 1 L 0
14 1 U 13
15 1 L 10
16 0 U -1
17 1 U 8
18 1 U 17
19 1 U 18
20 1 L 8
21 1 U 20
22 0 U 21
23 1 U 22
24 0 L 2
25 0 U 24
26 1 U 4
27 0 U 26
28 1 U 27
29 0 L 14
30 0 L 1
31 0 U 30
32 1 U 26
33 1 U 32
34 1 U 33
35 0 U 34
36 0 U 14
37 1 U 36
38 1 U 37
39 0 U 38
40 0 U -1
41 0 U 40
42 0 U 41
43 1 U 31
44 0 L 20
45 1 U 44
46 0 L 26
47 1 U 11
48 1 U 18
49 0 U 37
50 0 U 49
51 1 U 50
52 1 U 51
53 0 U 52
54 0 U 53
55 1 U 54
56 1 U -1
57 1 U 56
58 1 U 57
59 1 U 58
60 0 L 9
61 0 U 60
62 0 U 61
63 0 U 62
64 1 L 46
65 0 U 64
66 1 U 65
67 0 U 66
68 1 L 33
69 1 U 7
70 1 U 69
71 1 U 70
72 0 U -1
73 1 U 72
74 1 U 73
75 0 U 42
76 1 U 75
77 1 U 65
78
0 0 U -1
1 0 L -1
2 1 L 1
3 1 L 0
4 0 U 0
5 1 U 4
6 0 U 5
7 0 U 5
8 0 U -1
9 1 L -1
10 0 U 9
11 0 L 7
12 1 L 4
13 1 L 0
14 1 U 13
15 1 L 10
16 0 U -1
17 1 U 15
18 1 U 17
19 1 U 18
20 1 L 8
21 1 U 20
22 0 U 21
23 1 U 22
24 0 L 2
25 0 U 24
26 1 L 6
27 0 L 14
28 1 U 27
29 1 U 7
30 1 L 5
31 0 U 30
32 1 U 24
33 1 U 32
34 1 U 33
35 0 U 34
36 0 U 14
37 1 U 36
38 1 U -1
39 0 U 38
40 0 U -1
41 0 U 40
42 0 U 41
43 1 U 31
44 0 L 20
45 1 U 44
46 0 L 26
47 1 U 11
48 1 U 18
49 0 L 46
50 0 U 49
51 1 U 50
52 1 U 51
53 0 U 52
54 0 U 53
55 1 U 54
56 1 U -1
57 1 U 52
58 1 U 57
59 1 U 58
60 0 L 9
61 0 U 60
62 0 U 61
63 0 U 62
64 1 L 46
65 0 U 64
66 1 U 65
67 0 U 66
68 1 L 33
69 1 U 7
70 1 U 69
71 1 U 70
72 1 U 42
73 1 U 72
74 1 U 73
75 0 U 74
76 1 U 75
77 1 U 65
78
0 0 U -1
1 0 L -1
2 1 U 1
3 1 U 2
4 0 U 3
5 1 U 4
6 0 U 5
7 0 U 5
8 0 U -1
9 1 L 0
10 0 U 9
11 0 L 7
12 1 U 11
13 1 L 0
14 1 U 13
15 1 L 10
16 0 U -1
17 1 U 15
18 1 U 17
19 1 U 18
20 1 L 8
21 1 U 20
22 0 U 21
23 1 U 22
24 0 L 2
25 1 L 18
26 1 U 4
27 0 U 26
28 1 U 27
29 0 L 14
30 1 L 5
31 1 U 28
32 1 U -1
33 1 U 32
34 1 U 33
35 0 U 34
36 0 U 14
37 1 U 36
38 1 U 37
39 0 U 38
40 0 U -1
41 0 U 40
42 0 U 41
43 1 U 31
44 0 L 20
45 1 U 44
46 0 L 26
47 1 U 11
48 1 U 18
49 0 L 46
50 0 U 49
51 1 U 50
52 1 U 51
53 0 U 52
54 0 U 53
55 1 U 54
56 1 U -1
57 1 U 56
58 1 U 57
59 1 U 29
60 1 U 51
61 0 U 60
62 0 U 61
63 0 U 28
64 1 L 46
65 0 U 64
66 1 U 65
67 0 U 66
68 1 L 33
69 1 U 7
70 1 U 48
71 1 U 70
72 0 U -1
73 1 U 72
74 1 U 73
75 0 U 74
76 1 U 75
77 1 U 65
78
0 0 U -1
1 0 L -1
2 1 U 1
3 1 U 2
4 0 U 3
5 1 U 4
6 0 U 5
7 0 U 5
8 0 U -1
9 1 L 0
10 0 U 9
11 0 L 7
12 1 L 4
13 1 L 0
14 1 U 13
15 1 L 10
16 0 U -1
17 1 U 15
18 1 U 17
19 0 U 4
20 1 L 8
21 1 U 20
22 0 U 1
23 1 U 22
24 0 L 2
25 0 U 24
26 1 U 4
27 0 U 26
28 1 U 27
29 0 L 14
30 1 L 5
31 0 U 30
32 0 L 12
33 1 U 32
34 1 U 33
35 0 U 34
36 0 U 14
37 1 U 36
38 1 U 37
39 0 U 38
40 0 U -1
41 0 U 40
42 0 U 41
43 1 U 31
44 0 L 20
45 1 U 44
46 0 L 26
47 1 U 11
48 1 U 18
49 1 U 16
50 0 U 49
51 1 U 50
52 0 U 12
53 0 U 52
54 0 U 53
55 1 U 54
56 1 U -1
57 1 U 56
58 1 U 57
59 1 U 58
60 0 L 9
61 0 U 60
62 0 U 61
63 0 U 62
64 1 L 46
65 0 U 64
66 1 U 65
67 0 U 66
68 1 L 33
69 1 U 7
70 1 U 69
71 1 U 70
72 0 U -1
73 1 U 72
74 1 U 73
75 0 U 74
76 1 L 25
77 1 U 65
78
0 0 U -1
1 0 L -1
2 1 L 1
3 1 U 2
4 0 U 3
5 1 U 4
6 0 U 5
7 0 U 5
8 0 U -1
9 1 L 0
10 0 U 9
11 1 L 4
12 1 U 7
13 1 L 0
14 1 U 13
15 1 L 10
16 0 U -1
17 1 U 15
18 1 U 17
19 1 U 18
20 1 L 8
21 1 U 20
22 0 U 21
23 1 U 22
24 0 L 2
25 0 U 24
26 1 U 4
27 0 U 26
28 1 U 27
29 0 L 14
30 1 L 5
31 1 U 9
32 1 U -1
33 1 U 32
34 1 U 33
35 0 U 34
36 0 U 14
37 1 U 36
38 1 U 37
39 0 U 38
40 1 U 8
41 0 U 40
42 0 U 41
43 1 U 31
44 0 L 20
45 1 U 44
46 0 L 26
47 1 U 11
48 1 U 18
49 0 L 46
50 0 U 49
51 1 U 50
52 1 U 48
53 0 U 52
54 1 U 18
55 1 U 54
56 1 U -1
57 1 U 56
58 1 U 57
59 1 U 58
60 1 U 58
61 0 U 60
62 0 U 61
63 0 L 34
64 1 L 46
65 0 U 64
66 1 U 65
67 0 U 66
68 1 L 33
69 1 U 7
70 1 U 69
71 1 U 70
72 0 U -1
73 1 U 72
74 1 U 73
75 0 U 74
76 1 U 75
77 1 U 65
78
0 0 U -1
1 0 L -1
2 1 L 1
3 1 U 2
4 0 U 3
5 1 U 4
6 0 U 5
7 0 U 5
8 0 U -1
9 1 L 0
10 0 U 9
11 1 L 4
12 1 U 7
13 1 L 0
14 1 U 13
15 1 L 10
16 0 U -1
17 1 U 15
18 1 U 17
19 1 U 18
20 1 L 11
21 1 U 20
22 0 U 21
23 1 U 22
24 0 L 2
25 0 U 24
26 1 U 4
27 0 U 26
28 1 U 27
29 0 L 14
30 1 L 5
31 1 U 9
32 1 U -1
33 1 U 32
34 1 U 33
35 0 U 34
36 0 U 14
37 1 L 28
38 1 U 37
39 0 U 38
40 1 U 8
41 0 U 40
42 0 U 41
43 1 U 31
44 0 L 20
45 1 U 44
46 0 L 26
47 1 U 11
48 1 U 18
49 0 L 46
50 0 U 49
51 1 U 50
52 1 U 48
53 0 L 25
54 0 U 1
55 1 U 44
56 1 L 41
57 1 U 56
58 1 U 57
59 1 L 55
60 1 U 58
61 0 U 60
62 0 U 61
63 0 L 34
64 1 L 46
65 0 U 64
66 1 U 65
67 0 U 66
68 1 L 33
69 1 U 7
70 1 U 69
71 1 U 70
72 0 U -1
73 1 U 72
74 1 U 73
75 0 U 74
76 1 U 75
77 1 U 65
78
0 0 U -1
1 0 L -1
2 1 L 1
3 1 U 2
4 1 U 1
5 1 U 4
6 0 U 5
7 0 U 5
8 0 U -1
9 1 L 0
10 0 U 9
11 1 L 4
12 1 U 7
13 1 L 0
14 1 U 13
15 1 L 4
16 0 U -1
17 1 U 15
18 0 U 12
19 1 U 18
20 1 L 8
21 1 U 20
22 0 U 21
23 1 U 22
24 0 L 2
25 0 U 24
26 1 U 4
27 0 U 26
28 1 U 27
29 0 L 14
30 1 L 5
31 1 U 20
32 1 U -1
33 1 U 32
34 1 U 33
35 0 U 34
36 0 U 14
37 1 U 36
38 1 U 37
39 0 U 38
40 1 U 8
41 0 U 40
42 0 U 39
43 1 U 31
44 0 L 20
45 1 U 44
46 0 L 26
47 1 U 11
48 1 L 46
49 0 L 46
50 0 U 49
51 1 U 50
52 1 U 48
53 0 U 52
54 1 U 18
55 1 U 54
56 1 U -1
57 1 U 56
58 1 U 57
59 1 U 58
60 1 U 58
61 0 U 60
62 0 U 61
63 0 L 34
64 1 L 46
65 0 U 64
66 1 U 65
67 0 U 66
68 1 L 33
69 1 U 7
70 1 U 69
71 1 U 70
72 0 U -1
73 1 U 72
74 1 U 73
75 0 U 74
76 1 U 75
77 1 U 65
78
0 0 U -1
1 0 L -1
2 1 L 1
3 0 U 2
4 0 U 3
5 1 U 4
6 0 U 5
7 0 U 5
8 0 U -1
9 1 L 0
10 0 U 9
11 1 L 4
12 1 U 7
13 1 L 0
14 1 U 13
15 1 L 10
16 0 U -1
17 1 U 15
18 1 U 17
19 1 U 18
20 1 L 8
21 1 U 20
22 0 U 21
23 1 U 22
24 0 L 2
25 1 U 5
26 1 U 4
27 0 U 26
28 1 U 27
29 0 L 14
30 1 L 5
31 1 U 9
32 1 U -1
33 1 U 32
34 1 U 33
35 0 U 34
36 0 U 14
37 1 U 36
38 1 U 37
39 0 U 38
40 1 U 8
41 0 U 40
42 0 U 41
43 0 U 39
44 0 L 20
45 0 U 2
46 0 L 26
47 1 U 11
48 1 U 18
49 0 L 46
50 0 U 8
51 1 U 50
52 1 U 48
53 0 U 52
54 1 U 18
55 1 U 54
56 1 U -1
57 1 U 56
58 1 U 57
59 1 U 58
60 1 U 58
61 0 U 60
62 0 U 61
63 0 L 34
64 1 L 46
65 0 U 64
66 1 U 65
67 0 U 66
68 1 L 33
69 1 U 7
70 1 U 69
71 1 U 70
72 1 L 18
73 1 U 72
74 1 U 73
75 0 L 17
76 1 U 75
77 1 U 65
78
0 0 U -1
1 0 L -1
2 1 L 1
3 1 U 2
4 0 U 3
5 1 U 4
6 0 U 5
7 0 U 5
8 0 U -1
9 1 L 0
10 0 U 9
11 1 L 4
12 0 L 8
13 1 L 0
14 0 L 0
15 1 L 10
16 0 U 2
17 1 U 15
18 1 U 17
19 1 U 18
20 1 L 8
21 1 U 20
22 0 U 21
23 1 U 22
24 0 L 2
25 0 U 24
26 1 U 4
27 0 U 26
28 1 U 27
29 0 L 14
30 1 L 5
31 1 U 9
32 0 L -1
33 1 U 32
34 1 U 33
35 0 U 34
36 1 L 3
37 1 U 36
38 1 U 37
39 0 U 38
40 1 U 8
41 0 U 40
42 0 U 41
43 1 U 31
44 0 L 18
45 1 U 44
46 0 L 26
47 1 U 11
48 0 L 28
49 0 U 8
50 0 U 49
51 1 U 50
52 1 U 48
53 0 U 52
54 1 U 18
55 1 U 54
56 1 U -1
57 1 U 56
58 1 U 57
59 1 U 58
60 1 U 58
61 0 U 60
62 0 U 61
63 0 L 34
64 1 L 46
65 0 U 64
66 1 U 65
67 0 U 66
68 1 L 33
69 1 U 7
70 1 U 69
71 1 U 70
72 0 U -1
73 1 U 72
74 1 U 73
75 0 U 74
76 1 U 75
77 0 L 57
