41
0 0 U -1
1 0 U 0
2 0 U 1
3 1 U 2
4 1 U 3
5 0 U 4
6 1 U -1
7 1 U 6
8 1 U 7
9 0 U 8
10 0 U 9
11 0 U 10
12 1 U -1
13 1 U 12
14 0 U 13
15 0 U 14
16 0 U 15
17 0 U 16
18 1 U -1
19 1 U 18
20 0 U 19
21 0 U 20
22 0 U 21
23 0 U 22
24 0 U -1
25 0 U 24
26 0 U 25
27 1 U 26
28 0 U 27
29 0 U 28
30 0 U -1
31 1 U 30
32 1 U 31
33 0 U 32
34 0 U 33
35 1 U 34
36 1 U -1
37 0 U 36
38 0 U 37
39 1 U 38
40 0 U 39
41
0 0 U -1
1 0 U 0
2 0 U 1
3 1 U 2
4 1 U 3
5 0 U 4
6 1 U -1
7 1 U 6
8 1 U 7
9 0 U 8
10 0 U 9
11 0 U 10
12 1 U -1
13 1 U 12
14 0 U 13
15 0 U 14
16 0 U 15
17 0 U 16
18 1 U -1
19 1 U 18
20 0 U 19
21 1 L 8
22 0 U 21
23 0 U 22
24 0 U -1
25 0 U 24
26 0 U 25
27 1 U 17
28 0 U 27
29 0 U 28
30 0 U -1
31 0 L 25
32 1 U 31
33 0 L 10
34 0 U 33
35 1 U 34
36 1 U -1
37 0 U 36
38 0 U 37
39 1 U 38
40 0 U 39
41
0 0 U -1
1 0 U 0
2 0 U 1
3 1 U 2
4 1 U 3
5 0 L 3
6 1 U -1
7 1 U 6
8 1 U 7
9 0 U 8
10 0 U 9
11 0 U 10
12 1 U -1
13 1 U 12
14 0 U 13
15 0 U 14
16 0 U 15
17 0 U 16
18 1 U -1
19 1 U 18
20 0 U 19
21 0 U 20
22 0 U 21
23 0 U 17
24 0 U -1
25 0 U 24
26 0 U 25
27 1 U 26
28 0 U 27
29 0 U 28
30 0 U -1
31 1 U 30
32 1 U 31
33 0 U 32
34 0 U 33
35 1 U 34
36 1 U -1
37 0 U 36
38 0 U 37
39 1 U 38
40 1 L 37
41
0 0 U -1
1 0 U 0
2 0 U 1
3 1 U 2
4 1 U 3
5 0 U 4
6 1 U -1
7 1 U 6
8 1 U 7
9 0 U 8
10 0 U 9
11 0 U 10
12 1 U -1
13 1 U 12
14 0 U 13
15 0 U 14
16 0 U 15
17 0 U 16
18 1 U -1
19 1 U 18
20 0 U 19
21 0 U 20
22 0 U 21
23 0 U 22
24 0 U -1
25 0 U 24
26 0 U 25
27 0 U 2
28 0 U 27
29 0 U 28
30 0 U -1
31 1 U 30
32 0 U 26
33 0 U 32
34 0 U 33
35 1 U 34
36 1 U -1
37 0 U 17
38 0 U 37
39 1 U 38
40 0 U 39
41
0 0 U -1
1 0 U 0
2 0 U 1
3 1 U 2
4 1 U 3
5 0 U 4
6 1 U -1
7 1 U 6
8 1 U 7
9 1 U 2
10 0 U 9
11 0 U 10
12 1 U -1
13 1 U 12
14 0 U 13
15 0 U 14
16 0 U 15
17 0 U 16
18 1 U -1
19 1 U 18
20 0 U 19
21 0 U 20
22 0 U 21
23 0 U 22
24 0 U -1
25 0 U 24
26 0 U 25
27 0 U 2
28 0 U 27
29 0 U 28
30 0 U -1
31 1 U 30
32 0 U 26
33 0 U 32
34 1 U 20
35 1 U 34
36 1 U -1
37 0 U 17
38 0 U 37
39 1 U 38
40 0 U 39
41
0 0 U -1
1 1 L -1
2 0 U 1
3 1 U 2
4 1 U 3
5 0 U 4
6 1 U -1
7 1 U 6
8 1 U 7
9 1 U 2
10 0 U 9
11 0 U 10
12 1 U -1
13 1 U 12
14 0 U 9
15 0 U 14
16 0 U 10
17 0 U 16
18 1 U -1
19 1 U 18
20 0 U 19
21 0 U 20
22 0 U 21
23 0 U 22
24 0 U -1
25 0 U 24
26 0 U 25
27 0 U 2
28 0 U 27
29 0 U 28
30 0 U -1
31 1 U 30
32 0 U 26
33 0 U 32
34 1 U 15
35 1 U 34
36 1 U -1
37 0 U 17
38 0 U 37
39 1 U 38
40 0 U 39
41
0 0 U -1
1 0 U 0
2 0 U 1
3 1 U 2
4 1 U 3
5 0 U 4
6 1 U -1
7 1 U 6
8 1 U 7
9 1 U 2
10 0 U 9
11 0 U 10
12 1 U -1
13 0 L 11
14 1 U 11
15 0 U 14
16 0 U 15
17 0 U 16
18 1 U -1
19 1 U 18
20 0 U 19
21 0 U 20
22 0 U 21
23 1 L 14
24 0 U -1
25 0 U 24
26 0 L 18
27 0 U 2
28 0 U 27
29 0 U 28
30 0 U -1
31 1 U 30
32 0 U 26
33 0 U 32
34 1 U 20
35 1 U 34
36 1 U -1
37 0 U 17
38 0 U 37
39 1 U 38
40 0 U 39
41
0 0 U -1
1 0 U 0
2 1 L 0
3 1 U 2
4 1 U 3
5 1 U -1
6 0 U 1
7 1 U 6
8 1 U 7
9 1 U 2
10 0 U 9
11 0 U 10
12 1 U -1
13 1 U 12
14 0 U 13
15 0 U 14
16 1 L 0
17 0 U 16
18 1 U -1
19 1 U 18
20 0 U 19
21 1 L 2
22 0 U 21
23 0 U 22
24 0 U 16
25 0 U 24
26 0 U 25
27 0 U 2
28 1 L 11
29 0 U 28
30 0 U -1
31 1 U 30
32 0 U 26
33 0 U 32
34 1 U 20
35 1 U 34
36 1 U -1
37 0 U 17
38 0 U 37
39 1 U 38
40 0 U 39
41
0 1 U -1
1 0 U 0
2 1 L 0
3 1 U 2
4 1 U 3
5 1 U 0
6 1 L 0
7 1 U 6
8 1 L 3
9 1 L -1
10 0 U 9
11 0 U 10
12 1 U -1
13 0 U 9
14 0 U 13
15 0 U 14
16 1 L 0
17 0 U 16
18 1 U -1
19 1 U 18
20 0 U 19
21 1 L 2
22 0 U 21
23 0 L 6
24 0 U 16
25 1 U 9
26 0 U 25
27 0 U 2
28 1 L 11
29 0 L 15
30 0 U -1
31 1 U 30
32 0 U 26
33 0 U 32
34 1 U 20
35 1 U 34
36 0 U 33
37 0 U 17
38 0 U 37
39 1 U 38
40 0 U 39
41
0 0 L -1
1 0 U 0
2 1 L 0
3 1 U 2
4 1 U 3
5 1 U -1
6 0 U 1
7 0 L 1
8 0 L 2
9 1 U 2
10 1 L 8
11 0 U 10
12 1 U -1
13 1 U 12
14 0 U 13
15 0 U 14
16 1 L 3
17 0 U 16
18 0 L 0
19 1 U 18
20 1 L 17
21 1 L 2
22 0 U 21
23 0 U 22
24 0 U 16
25 1 L -1
26 1 L 8
27 0 U 2
28 1 L 11
29 0 U 28
30 0 U -1
31 1 U 30
32 0 U 26
33 1 L 22
34 1 U 20
35 1 U 34
36 1 U -1
37 0 U 17
38 0 U 37
39 1 U 38
40 0 U 39
41
0 0 L -1
1 0 U 0
2 1 L 0
3 1 U 2
4 1 U 3
5 1 U -1
6 0 U 1
7 0 L 1
8 0 L 2
9 1 U 2
10 1 L 8
11 0 U 10
12 1 U -1
13 0 U 12
14 0 U 13
15 0 U 14
16 1 L 3
17 0 U 16
18 0 L 0
19 1 U 18
20 1 L 17
21 1 L 2
22 0 U 7
23 0 U 22
24 0 U 16
25 1 L -1
26 1 L 8
27 0 U 2
28 1 L 11
29 0 U 28
30 0 U -1
31 1 U 30
32 0 U 26
33 1 L 22
34 1 U 20
35 1 U 34
36 1 U -1
37 0 L 34
38 0 U 37
39 1 U 38
40 0 U 39
41
0 0 L -1
1 0 U 0
2 1 L 0
3 1 U 2
4 1 U 3
5 1 U -1
6 0 U 1
7 0 L 1
8 1 L 3
9 1 U 5
10 1 L 8
11 0 U 10
12 1 U -1
13 1 U 12
14 0 U 13
15 0 U 14
16 1 L 3
17 0 U 16
18 0 L 0
19 1 U 18
20 1 L 17
21 1 L 2
22 0 U 21
23 1 U 13
24 0 U 16
25 0 L 24
26 1 L 8
27 1 U 16
28 1 L 11
29 0 U 10
30 0 U -1
31 1 U 30
32 0 U 26
33 1 L 22
34 1 U 20
35 1 U 34
36 0 L 26
37 0 U 17
38 0 U 37
39 1 U 38
40 0 U 39
41
0 0 L -1
1 0 U 0
2 1 L 0
3 1 U 2
4 1 U 3
5 1 U -1
6 0 U 1
7 0 L 1
8 0 L 1
9 1 U 2
10 1 L 8
11 0 U 10
12 1 U -1
13 1 U 12
14 0 U 13
15 0 U 14
16 1 L 3
17 0 U 16
18 0 L 0
19 0 L 7
20 1 L 17
21 1 U 6
22 0 U 21
23 0 U 22
24 0 U 16
25 1 L -1
26 1 L 8
27 0 U 2
28 1 L 11
29 0 U 28
30 0 U -1
31 1 U 30
32 0 U 26
33 1 L 22
34 1 U 20
35 1 U 34
36 1 U -1
37 0 U 17
38 0 U 37
39 1 U 38
40 0 U 39
41
0 0 L -1
1 0 U 0
2 1 U -1
3 1 U 2
4 1 U 3
5 1 U -1
6 1 L 5
7 0 L 1
8 0 L 2
9 1 U 2
10 1 L 8
11 0 U 10
12 1 U -1
13 1 U 12
14 0 U 13
15 0 U 14
16 1 L 3
17 0 U 16
18 0 L 0
19 1 U 18
20 1 L 17
21 1 L 2
22 0 U 21
23 0 U 22
24 0 U 16
25 1 L -1
26 1 L 8
27 0 U 2
28 1 L 11
29 0 U 28
30 0 U -1
31 1 U 30
32 0 U 26
33 1 L 22
34 1 U 20
35 0 U 6
36 1 U -1
37 0 U 17
38 0 L 22
39 1 U 38
40 0 U 39
41
0 0 L -1
1 0 U 0
2 1 L 0
3 1 U 2
4 1 U 3
5 1 U -1
6 0 L 1
7 0 L 1
8 0 L 2
9 1 U 2
10 1 L 8
11 0 U 10
12 0 L 3
13 1 U 12
14 0 U 13
15 0 U 14
16 1 L 3
17 0 U 16
18 0 L 0
19 0 L 5
20 1 L 17
21 1 L 2
22 0 U 21
23 0 U 22
24 0 U 19
25 1 L -1
26 1 L 8
27 0 U 2
28 1 L 11
29 0 U 28
30 0 L 17
31 1 U 30
32 0 U 26
33 1 L 22
34 1 U 20
35 0 U 8
36 1 L -1
37 0 U 17
38 0 U 37
39 1 U 38
40 0 U 39
41
0 0 L -1
1 0 U 0
2 1 L 0
3 1 U 2
4 1 U 3
5 1 U -1
6 0 U 1
7 0 L 1
8 1 L 1
9 1 U 2
10 1 L 8
11 0 U 10
12 1 U -1
13 1 U 12
14 0 U 13
15 0 U 14
16 1 L 3
17 0 U 16
18 0 L 0
19 1 U 18
20 1 L 17
21 1 L 2
22 0 U 21
23 0 U 22
24 0 U 16
25 1 L -1
26 1 L 8
27 0 U 2
28 1 L 11
29 0 U 28
30 0 U -1
31 1 U 14
32 0 U 26
33 1 L 22
34 1 U 20
35 1 U 34
36 1 L 34
37 0 U 17
38 0 U 37
39 1 U 38
40 0 U 39
41
0 0 L -1
1 1 U 0
2 1 L 0
3 0 U 0
4 1 U -1
5 1 U -1
6 0 U 1
7 0 L 1
8 0 L 2
9 1 U 2
10 1 L 8
11 0 U 10
12 1 U -1
13 1 U 12
14 0 U 13
15 0 U 14
16 1 L 3
17 0 U 16
18 0 L 0
19 1 U 18
20 1 L 17
21 1 L 2
22 0 U 21
23 0 U 22
24 0 U 16
25 1 L -1
26 1 L 8
27 0 U 2
28 1 L 11
29 0 U 28
30 0 U -1
31 1 U 30
32 0 U 26
33 1 L 22
34 1 U 20
35 1 U 34
36 1 U -1
37 0 U 17
38 0 U 37
39 1 U 38
40 0 U 39
41
0 1 U -1
1 0 U 0
2 1 L 0
3 1 U 2
4 1 U 3
5 1 U -1
6 0 U 1
7 0 L 1
8 0 L 2
9 1 U 2
10 1 L 8
11 0 U 10
12 1 U -1
13 1 U 12
14 0 U 13
15 0 U 14
16 0 L 6
17 0 U 16
18 0 L 0
19 1 U 18
20 1 L 17
21 1 L 2
22 0 U 21
23 0 U 22
24 0 L 10
25 1 L -1
26 1 L 8
27 0 U 2
28 1 L 11
29 0 U 24
30 1 U 12
31 1 L 2
32 0 U 26
33 1 L 22
34 1 U 20
35 1 U 34
36 1 U -1
37 0 U 17
38 0 U 37
39 1 U 38
40 0 U 34
41
0 0 L -1
1 0 U 0
2 1 L 0
3 1 U 2
4 1 U 3
5 1 U -1
6 0 U 1
7 0 L 1
8 0 L 5
9 1 U 2
10 1 L 8
11 0 U 10
12 1 U -1
13 1 U 12
14 0 U 13
15 0 U 14
16 1 L 3
17 0 U 16
18 1 L 12
19 1 U 18
20 1 L 4
21 1 L 2
22 0 U 21
23 0 U 22
24 0 U 16
25 1 L -1
26 1 L 8
27 0 U 2
28 1 L 11
29 0 U 28
30 0 U -1
31 1 U 30
32 0 U 26
33 1 L 22
34 1 U 20
35 1 U 34
36 1 U -1
37 0 U 17
38 0 U 37
39 1 U 38
40 0 U 39
41
0 0 L -1
1 0 U 0
2 1 L 0
3 1 U 2
4 1 U 3
5 1 U -1
6 0 U 1
7 0 L 1
8 0 L 2
9 1 L 1
10 1 L 8
11 0 U 7
12 1 U -1
13 1 U 12
14 0 L 10
15 0 U 14
16 1 L 3
17 0 U 16
18 0 L 0
19 1 U 18
20 1 L 17
21 1 L 2
22 0 U 21
23 0 U 22
24 0 L 19
25 1 L -1
26 1 L 8
27 0 U 2
28 1 L 11
29 0 U 28
30 0 U -1
31 1 U 30
32 0 U 26
33 1 U 4
34 1 U 20
35 1 U 34
36 1 U -1
37 0 U 17
38 0 U 37
39 1 U 38
40 0 U 39
41
0 0 L -1
1 0 U 0
2 1 L 0
3 1 U 2
4 1 U 3
5 1 U -1
6 0 U 1
7 0 L 1
8 0 L 2
9 1 U 2
10 1 L 8
11 0 U 10
12 1 U -1
13 1 U 12
14 0 U 13
15 1 U 0
16 1 L 3
17 0 U 16
18 0 L 0
19 1 U 18
20 1 L 17
21 1 L 2
22 0 U 21
23 0 U 22
24 0 U 16
25 1 L -1
26 1 L 8
27 0 U 2
28 0 L 11
29 0 U 28
30 0 U -1
31 1 U 30
32 0 U 26
33 1 L 22
34 1 U 20
35 1 U 34
36 1 U 17
37 0 U 17
38 0 U 37
39 0 U 13
40 0 U 39
41
0 0 L -1
1 0 U 0
2 1 L 0
3 1 U 2
4 0 U 3
5 0 L -1
6 0 U 1
7 0 L 1
8 0 U 5
9 1 U 2
10 1 L 8
11 0 L 6
12 1 U -1
13 1 U 12
14 0 U 13
15 0 U 14
16 1 L 3
17 0 U 7
18 0 L 0
19 1 U 18
20 1 L 17
21 1 L 2
22 0 U 21
23 0 U 22
24 0 U 6
25 1 L -1
26 1 L 8
27 0 U 2
28 1 L 11
29 0 U 28
30 0 U -1
31 1 U 30
32 0 U 26
33 1 L 22
34 1 U 20
35 1 U 34
36 1 U -1
37 0 U 17
38 0 U 37
39 1 U 38
40 0 U 39
41
0 0 L -1
1 0 U 0
2 1 L 0
3 1 U 2
4 0 U 3
5 0 L -1
6 0 U 1
7 0 L 1
8 0 U 5
9 1 U 2
10 1 L 8
11 0 L 6
12 1 U -1
13 1 U 12
14 0 U 13
15 0 U 14
16 1 L 3
17 0 U 7
18 0 L 0
19 1 U 18
20 1 L 17
21 1 L 2
22 1 L 13
23 0 U 22
24 0 U 6
25 1 L -1
26 1 L 8
27 0 U 2
28 1 L 11
29 0 U 28
30 0 U -1
31 1 U 30
32 0 U 26
33 1 L 22
34 1 U 20
35 1 U 34
36 1 U -1
37 0 U 17
38 0 U 37
39 1 U 38
40 0 U 39
41
0 0 L -1
1 0 U 0
2 1 L 0
3 1 U 2
4 0 U 3
5 0 L -1
6 0 U 1
7 0 L 1
8 0 U 5
9 1 U 2
10 1 L 8
11 0 L 6
12 1 U -1
13 1 L 6
14 0 U 13
15 0 U 14
16 1 L 3
17 0 U 7
18 0 L 0
19 0 L 15
20 1 L 17
21 1 L 2
22 0 U 21
23 0 U 22
24 0 U 6
25 1 L -1
26 1 L 8
27 0 U 2
28 0 U 21
29 0 U 28
30 0 U -1
31 1 U 30
32 0 U 26
33 1 L 22
34 0 L 17
35 1 U 34
36 1 U -1
37 0 U 17
38 0 U 37
39 1 U 38
40 0 U 39
41
0 0 L -1
1 0 U 0
2 0 U 0
3 1 U 2
4 0 U 3
5 0 L -1
6 0 U 1
7 0 L 1
8 0 U 5
9 1 U 2
10 1 L 8
11 0 L 6
12 1 U -1
13 1 U 12
14 0 U 13
15 0 U 14
16 1 L 3
17 0 U 7
18 0 L 0
19 1 U 18
20 1 L 17
21 1 L 2
22 0 U 21
23 0 U 22
24 0 U 6
25 0 U 13
26 1 U 12
27 0 U 2
28 0 U 14
29 0 U 28
30 0 U -1
31 1 U 28
32 0 U 26
33 1 L 22
34 1 U 20
35 1 U 34
36 1 U -1
37 0 U 17
38 0 U 37
39 1 U 38
40 0 U 39
41
0 0 L -1
1 0 U 0
2 0 U -1
3 0 U -1
4 0 U 3
5 0 L -1
6 0 U 1
7 0 L 1
8 0 U 5
9 1 U 2
10 1 L 8
11 0 L 6
12 1 U -1
13 0 L 3
14 0 U 13
15 0 U 14
16 1 L 3
17 0 U 7
18 0 L 0
19 1 U 18
20 1 L 17
21 1 L 2
22 0 U 21
23 0 U 22
24 0 U 6
25 1 L -1
26 1 L 8
27 0 U 2
28 1 L 11
29 0 U 28
30 0 U -1
31 1 U 30
32 0 U 26
33 1 L 22
34 1 U 20
35 1 U 34
36 1 U -1
37 0 U 17
38 0 U 37
39 1 U 38
40 0 U 39
41
0 0 L -1
1 0 U 0
2 1 L 0
3 1 U 1
4 0 U 3
5 0 L -1
6 0 U 1
7 0 L 1
8 0 U 1
9 0 U 2
10 1 L 8
11 0 L 6
12 1 U -1
13 0 L 8
14 0 U 13
15 0 U 14
16 1 L 3
17 0 U 7
18 0 L 0
19 1 U 2
20 1 L 17
21 1 L 4
22 0 U 21
23 0 U 22
24 0 U 6
25 0 U 5
26 1 L 8
27 0 U 2
28 1 L 11
29 0 U 28
30 0 U -1
31 1 U 30
32 0 U 26
33 0 U 6
34 1 U 20
35 1 U 34
36 1 U -1
37 0 U 17
38 0 U 37
39 1 U 38
40 0 U 39
41
0 0 L -1
1 0 U 0
2 1 L 0
3 1 U 2
4 0 U 3
5 0 L -1
6 0 U 1
7 0 L 1
8 0 U 5
9 1 U 2
10 1 L 8
11 0 L 6
12 1 U -1
13 1 U 12
14 0 U 13
15 0 U 14
16 1 L 3
17 0 U 7
18 0 L 0
19 1 U 18
20 1 L 17
21 1 L 2
22 0 U 21
23 0 U 22
24 0 U 6
25 1 L -1
26 1 L 8
27 0 U 2
28 1 L 11
29 0 U 28
30 0 U -1
31 1 U 30
32 0 U 26
33 1 L 22
34 1 U 20
35 1 U 34
36 1 U -1
37 0 U 17
38 0 U 5
39 1 U 38
40 0 U 39
41
0 0 L -1
1 1 U 0
2 1 L 0
3 1 U 2
4 0 U 3
5 0 L -1
6 0 U 1
7 0 L 1
8 0 U 5
9 1 U -1
10 1 L 8
11 0 L 6
12 1 U -1
13 1 U 12
14 0 U 13
15 0 U 14
16 1 L 3
17 0 U 7
18 0 L 0
19 1 U 18
20 1 L 17
21 0 U 13
22 0 U 21
23 0 U 22
24 0 U 6
25 1 L -1
26 1 L 8
27 0 U 2
28 1 L 11
29 0 U 28
30 0 U -1
31 1 U 30
32 1 L 20
33 1 L 22
34 1 U 20
35 1 L 17
36 1 U -1
37 1 U 22
38 0 U 37
39 1 U 38
40 0 U 39
41
0 0 L -1
1 0 U 0
2 1 L 0
3 1 U 2
4 1 L 0
5 0 L -1
6 0 U 1
7 0 L 1
8 0 U 5
9 1 U 2
10 1 L 8
11 0 L 6
12 1 U -1
13 1 U 12
14 0 U 13
15 0 U 14
16 1 L 3
17 0 U 7
18 0 L 1
19 1 U 18
20 1 L 17
21 1 L 2
22 0 U 21
23 0 U 22
24 0 U 6
25 1 L -1
26 1 L 8
27 0 L 21
28 1 L 11
29 0 U 28
30 0 U -1
31 1 U 30
32 0 U 26
33 0 L 2
34 1 U 20
35 1 U 34
36 1 U -1
37 0 U 17
38 0 U 37
39 1 U 38
40 0 U 39
41
0 0 L -1
1 1 L -1
2 1 L 0
3 1 U 2
4 0 U 3
5 0 L -1
6 0 U 1
7 0 L 1
8 0 U 5
9 0 L 1
10 1 L 8
11 0 L 8
12 1 U -1
13 0 U 5
14 0 U 13
15 0 U 14
16 1 L 3
17 0 U 7
18 0 L 0
19 1 U 18
20 1 L 17
21 1 U 6
22 0 U 21
23 0 U 22
24 0 U 6
25 1 L -1
26 0 U 25
27 0 L 5
28 1 L 11
29 0 L 10
30 0 U -1
31 1 U 30
32 0 U 26
33 1 L 22
34 1 U 20
35 1 U 34
36 1 U -1
37 0 U 17
38 0 U 37
39 1 U 38
40 0 U 39
41
0 0 L -1
1 0 U 0
2 1 L 0
3 1 U 2
4 0 U 3
5 0 L -1
6 0 U 1
7 0 L 1
8 0 U 5
9 0 U 3
10 1 L 8
11 0 L 6
12 1 U -1
13 1 U 4
14 0 U 13
15 0 U 14
16 1 L 3
17 0 U 7
18 0 L 0
19 1 U 18
20 1 L 17
21 1 L 2
22 0 U 21
23 0 U 22
24 0 U 23
25 1 L -1
26 1 L 8
27 0 U 2
28 1 L 11
29 1 U 24
30 1 U 26
31 1 U 30
32 0 U 26
33 1 L 22
34 1 U 20
35 1 U 34
36 1 U -1
37 0 U 17
38 0 U 37
39 1 U 38
40 0 U 39
41
0 0 L -1
1 0 U 0
2 1 L 0
3 1 U 2
4 0 U 3
5 0 L -1
6 0 U 1
7 0 L 1
8 0 U 5
9 1 U 2
10 1 L 8
11 0 L 6
12 1 U -1
13 1 U 12
14 0 U 13
15 0 U 14
16 1 L 3
17 0 U 7
18 0 L 0
19 1 U 18
20 1 L 14
21 0 L 1
22 0 U 21
23 0 U 22
24 0 U 6
25 1 L -1
26 1 L 8
27 0 L -1
28 1 L 11
29 0 U 28
30 0 U -1
31 1 U 30
32 0 U 26
33 1 L 22
34 1 U 20
35 1 U 34
36 1 U -1
37 0 U 17
38 0 U 37
39 1 L 27
40 0 U 39
41
0 0 L -1
1 0 U 0
2 1 L 0
3 0 U 1
4 0 U 3
5 0 L -1
6 0 U 1
7 0 L 1
8 0 U 5
9 1 U 2
10 1 L 8
11 0 L 6
12 1 U -1
13 1 U 12
14 0 U 13
15 0 L 5
16 1 L 3
17 0 U 7
18 0 L 0
19 1 U 18
20 1 L 17
21 1 L 2
22 0 U 21
23 0 U 22
24 0 U 6
25 1 L -1
26 1 L 8
27 0 U 2
28 1 L 11
29 0 U 28
30 0 U -1
31 1 U 30
32 0 U 26
33 1 L 22
34 1 U 20
35 1 U 34
36 1 U -1
37 0 U 17
38 0 U 37
39 1 U 38
40 0 U 39
41
0 1 U -1
1 1 U -1
2 1 L 0
3 1 U 2
4 0 L 3
5 0 L -1
6 0 U 1
7 0 L 1
8 0 U 5
9 1 U 2
10 1 L 8
11 1 U 2
12 0 L 5
13 1 U 12
14 0 U 13
15 0 U 14
16 1 L 3
17 0 U 7
18 0 L 0
19 1 U 18
20 1 L 17
21 1 U 6
22 0 U 21
23 0 U 22
24 0 U 6
25 1 L -1
26 1 L 8
27 0 U 2
28 1 L 11
29 0 U 28
30 0 U -1
31 1 L 22
32 0 U 26
33 1 L 22
34 1 U 20
35 1 U 34
36 1 U -1
37 0 U 17
38 0 U 37
39 1 U 38
40 0 U 39
41
0 0 L -1
1 0 U 0
2 1 L 0
3 1 U 2
4 0 U 3
5 0 L -1
6 0 U 1
7 0 L 1
8 0 U 5
9 1 U 2
10 1 L 8
11 0 L 6
12 1 U -1
13 1 U 12
14 0 U 13
15 1 L 12
16 1 L 3
17 0 U 7
18 0 L 0
19 1 U 18
20 1 L 17
21 1 L 2
22 0 U 21
23 0 U 22
24 0 U 6
25 1 L -1
26 1 L 8
27 0 U 2
28 1 L 11
29 0 U 28
30 0 U -1
31 1 U 30
32 0 U 26
33 1 L 22
34 1 U 20
35 1 U 34
36 1 U -1
37 0 U 17
38 0 U 37
39 1 U 38
40 0 U 39
41
0 0 L -1
1 0 U 0
2 1 L 0
3 0 U 1
4 0 U 3
5 0 L -1
6 0 U 1
7 0 L 1
8 0 U 5
9 1 U 2
10 1 L 8
11 1 L 5
12 1 U -1
13 1 U 12
14 0 U 13
15 0 U 14
16 1 L 3
17 0 U 7
18 0 L 0
19 1 U 18
20 1 L 17
21 1 L 2
22 0 U 21
23 0 U 1
24 0 U 6
25 1 U 18
26 1 L 8
27 0 U 2
28 1 L 11
29 0 U 28
30 0 U -1
31 1 U 30
32 0 U 26
33 1 U 12
34 1 U 20
35 1 U 34
36 1 U -1
37 0 U 17
38 0 U 37
39 1 U 38
40 0 U 39
41
0 0 L -1
1 0 U 0
2 1 L 0
3 1 U 2
4 0 U 3
5 1 L 3
6 0 U 1
7 0 L 1
8 0 U 5
9 1 U 2
10 1 L 8
11 0 L 6
12 1 U -1
13 1 U 12
14 0 U 13
15 0 U 14
16 1 L 3
17 0 U 7
18 0 L 0
19 1 U 18
20 1 L 17
21 1 L 2
22 0 U 21
23 0 U 22
24 0 U 6
25 1 L -1
26 1 L 8
27 0 L 3
28 1 L 11
29 0 U 28
30 0 U -1
31 1 U 30
32 0 U 26
33 1 L 22
34 1 U 20
35 1 U 34
36 1 U -1
37 0 U 17
38 0 U 37
39 1 U 38
40 0 U 39
41
0 0 L -1
1 0 U 0
2 1 L 0
3 1 U 2
4 0 U 3
5 0 L -1
6 0 U 1
7 0 L 1
8 0 U 5
9 1 U 2
10 1 L 8
11 0 L 6
12 1 U -1
13 1 L 2
14 0 U 13
15 0 U 14
16 1 L 3
17 0 U 7
18 0 L 0
19 1 U 18
20 1 L 17
21 1 L 2
22 0 U 21
23 0 L 20
24 0 U 6
25 1 L -1
26 1 L 8
27 0 U 2
28 1 L 11
29 0 U 28
30 0 U -1
31 1 U 30
32 0 U 26
33 1 L 22
34 1 U 20
35 1 U 34
36 1 U -1
37 0 U 17
38 0 U 37
39 1 U 38
40 0 U 39
41
0 0 L -1
1 0 U 0
2 1 L 0
3 1 U 2
4 0 U 3
5 1 L 3
6 0 U 1
7 0 L 1
8 0 U 5
9 1 U 2
10 1 L 8
11 0 L 6
12 1 U -1
13 1 U 12
14 0 U 13
15 0 U 14
16 1 L 3
17 0 U 7
18 0 L 0
19 1 L 13
20 1 L 17
21 1 L 2
22 0 U 21
23 0 U 22
24 1 L 11
25 1 L -1
26 1 L 8
27 0 U 2
28 1 L 11
29 0 U 28
30 0 U -1
31 1 U 28
32 0 U 26
33 1 L 22
34 1 U 20
35 1 U 23
36 1 U -1
37 0 L 24
38 0 U 13
39 1 U 38
40 0 U 39
41
0 0 L -1
1 0 U 0
2 1 L 0
3 1 U 2
4 1 U 1
5 0 L -1
6 0 U 1
7 0 L 1
8 0 U 5
9 1 U 2
10 1 L 8
11 0 L 6
12 0 U 5
13 1 U 12
14 1 U 4
15 0 U 14
16 1 U 10
17 1 U 11
18 0 U 16
19 1 U 18
20 1 L 17
21 1 L 2
22 0 U 21
23 0 U 22
24 0 U 6
25 1 L -1
26 1 L 8
27 0 U 2
28 1 L 11
29 0 U 28
30 0 U -1
31 0 U 4
32 0 U 26
33 1 L 22
34 1 U 20
35 1 U 34
36 1 L 13
37 0 U 17
38 0 U 37
39 1 U 38
40 0 U 39
41
0 0 L -1
1 0 U 0
2 1 L 0
3 1 U 2
4 0 U 3
5 0 L -1
6 1 L 5
7 0 L 1
8 0 U 5
9 1 U 2
10 1 L 8
11 0 L 6
12 1 U -1
13 1 U 12
14 0 U 13
15 0 U 14
16 1 L 3
17 0 U 7
18 0 L 0
19 1 U 18
20 1 L 17
21 1 L 2
22 0 U 21
23 0 U 22
24 0 U 6
25 1 L -1
26 1 L 8
27 0 U 2
28 1 L 11
29 0 U 28
30 0 U -1
31 1 U 30
32 0 U 26
33 1 L 22
34 1 U 20
35 0 L 31
36 1 U -1
37 0 U 11
38 0 U 37
39 1 U 38
40 0 U 39
41
0 0 L -1
1 0 L -1
2 1 L 0
3 1 U 2
4 0 U 3
5 0 L -1
6 0 U 1
7 0 L 1
8 0 U 5
9 1 U 2
10 1 L -1
11 0 L 6
12 1 U -1
13 1 U 12
14 0 U 13
15 0 U 14
16 1 L 3
17 0 U 7
18 0 U 7
19 1 U 18
20 1 L 17
21 1 L 2
22 0 U 21
23 0 U 22
24 1 L 4
25 1 L -1
26 1 L 8
27 1 U 3
28 1 L 11
29 0 U 28
30 0 U -1
31 1 U 30
32 0 U 26
33 1 L 22
34 1 U 20
35 0 U 10
36 1 U -1
37 0 U 17
38 0 U 37
39 1 U 38
40 0 U 39
41
0 0 L -1
1 0 U 0
2 1 U -1
3 1 L -1
4 0 U 3
5 0 L -1
6 1 U 0
7 0 L 1
8 0 U 5
9 1 U 2
10 1 L 8
11 0 L 6
12 1 U -1
13 1 U 12
14 0 U 13
15 0 U 14
16 1 L 3
17 0 U 7
18 0 L 0
19 1 U 18
20 1 L 17
21 1 L 2
22 0 U 21
23 0 U 22
24 0 U 6
25 1 L 13
26 1 L 8
27 0 U 2
28 1 L 11
29 0 U 28
30 0 U -1
31 1 U 30
32 0 U 26
33 1 L 22
34 1 U 20
35 1 U 34
36 1 U -1
37 0 U 17
38 0 U 37
39 1 U 38
40 0 U 39
41
0 0 L -1
1 0 U 0
2 1 L 0
3 1 U 2
4 0 U 3
5 0 L -1
6 0 U 1
7 0 L 1
8 0 U 5
9 1 U 2
10 0 L -1
11 0 L 6
12 1 U -1
13 1 U 12
14 0 U 13
15 0 U 14
16 0 L 7
17 0 U 7
18 0 U 0
19 0 L 8
20 0 L 0
21 1 L 2
22 0 U 21
23 0 U 22
24 0 U 6
25 1 L -1
26 1 L 8
27 0 U 2
28 1 L 11
29 0 U 28
30 0 U -1
31 1 U 30
32 0 L 16
33 1 L 22
34 1 U 20
35 1 U 34
36 1 U -1
37 0 U 19
38 0 U 37
39 1 U 38
40 0 U 39
41
0 0 L -1
1 0 U 0
2 1 L 0
3 1 U 2
4 1 U 1
5 0 L -1
6 0 U 1
7 0 L 1
8 0 U 5
9 1 U 2
10 1 L 8
11 0 L 6
12 1 U -1
13 1 U 12
14 0 U 13
15 0 U 14
16 1 L 3
17 0 U 7
18 0 L 0
19 1 U 18
20 1 L 17
21 1 L 2
22 0 U 21
23 0 U 22
24 0 U 6
25 1 L -1
26 1 L 8
27 0 U 2
28 1 L 11
29 0 U 28
30 0 U -1
31 1 U 30
32 0 U 8
33 1 L 22
34 1 U 20
35 1 U 34
36 1 U -1
37 0 U 17
38 1 U 8
39 1 U 38
40 0 U 31
41
0 0 L -1
1 0 U 0
2 1 L 0
3 1 U 2
4 0 U 3
5 0 L -1
6 0 U 1
7 0 L 1
8 0 U 5
9 1 U 2
10 1 L 8
11 0 L 6
12 1 L 5
13 1 U 12
14 1 L 9
15 0 U 14
16 1 L 3
17 0 U 7
18 0 L 0
19 1 U 18
20 1 L 12
21 1 L 2
22 0 U 21
23 0 U 22
24 0 U 6
25 1 L -1
26 0 U 9
27 0 U 2
28 1 L 11
29 1 U 7
30 0 U 15
31 1 U 30
32 0 U 26
33 1 L 22
34 1 U 20
35 1 U 34
36 1 U -1
37 0 U 17
38 0 U 37
39 1 U 38
40 0 U 39
41
0 0 L -1
1 0 U 0
2 1 L 0
3 1 U 2
4 0 U 3
5 0 L -1
6 0 U 1
7 0 L 1
8 0 U 5
9 1 U 2
10 1 L 8
11 0 L 6
12 0 U 10
13 1 U 12
14 1 L 6
15 0 U 14
16 0 L 10
17 0 U 7
18 0 L 0
19 1 U 18
20 1 L 17
21 1 L 2
22 1 L 10
23 0 U 22
24 0 U 6
25 1 L -1
26 1 L 8
27 0 U 2
28 1 L 11
29 0 U 28
30 0 U -1
31 1 U 30
32 0 U 26
33 1 L 22
34 1 U 20
35 1 U 34
36 1 U -1
37 0 U 17
38 0 L 16
39 1 U 38
40 0 U 39
