32
0 0 U -1
1 1 U 0
2 0 U 1
3 1 U 2
4 1 U 3
5 0 U -1
6 1 U 5
7 0 U 6
8 0 U 7
9 0 U 8
10 0 U -1
11 0 U 10
12 0 U 11
13 1 U 12
14 0 U 13
15 0 U -1
16 0 U 15
17 1 U 16
18 1 U 17
19 0 U 18
20 0 U -1
21 1 U 20
22 0 U 21
23 0 U 22
24 1 U 23
25 0 U -1
26 0 U 25
27 1 U 26
28 1 U 27
29 0 U 28
30 0 U -1
31 0 U 30
32
0 0 U -1
1 1 U 0
2 0 U 1
3 1 U 0
4 1 U 3
5 0 U -1
6 1 U 5
7 0 U 6
8 0 U 7
9 0 U 8
10 0 U -1
11 0 U 10
12 0 U 11
13 1 U 12
14 0 U 13
15 0 U -1
16 0 U 15
17 1 U 16
18 1 U 17
19 0 U 18
20 0 U -1
21 1 U 20
22 0 U 2
23 0 U 22
24 1 L 12
25 0 U -1
26 0 U 25
27 1 U 26
28 1 L 27
29 0 U 28
30 0 U -1
31 0 U 30
32
0 0 U -1
1 1 U 0
2 0 U 1
3 1 U 2
4 1 U 3
5 0 U -1
6 1 U 5
7 0 U 6
8 0 U 7
9 0 U 8
10 0 U -1
11 0 U 10
12 0 U 11
13 1 U 12
14 0 U 13
15 0 U -1
16 0 U 15
17 1 U 16
18 1 U 17
19 0 U 18
20 0 U -1
21 1 U 10
22 0 U 21
23 0 U 22
24 1 U 23
25 0 U -1
26 0 U 25
27 1 U 26
28 1 U 27
29 0 U 28
30 0 U -1
31 0 U 26
32
0 0 U -1
1 1 U 0
2 0 U 1
3 1 U 2
4 1 U 3
5 0 U -1
6 1 U 5
7 0 U 6
8 0 U 7
9 0 L -1
10 0 U -1
11 0 U 10
12 0 U 11
13 1 U 12
14 1 U 6
15 0 U -1
16 0 U 1
17 1 U 16
18 1 U 17
19 0 U 18
20 0 U -1
21 1 U 20
22 0 U 21
23 0 U 22
24 1 U 23
25 0 U -1
26 0 U 25
27 1 U 26
28 1 U 27
29 0 U 28
30 0 U -1
31 0 U 30
32
0 0 U -1
1 1 U 0
2 0 U 1
3 1 U 2
4 1 U 3
5 0 U -1
6 1 U 5
7 0 U 6
8 0 U 7
9 0 U 8
10 0 U -1
11 0 U 10
12 0 U 11
13 1 U 12
14 0 U 13
15 0 U -1
16 0 L 4
17 1 U 16
18 1 U 17
19 0 U 18
20 0 U -1
21 1 U 20
22 0 U 21
23 0 U 22
24 1 U 23
25 0 L 21
26 0 U 25
27 1 U 26
28 1 U 27
29 0 U 28
30 0 U -1
31 0 U 30
32
0 0 U -1
1 1 U 0
2 0 U 1
3 1 U 2
4 1 U 3
5 0 U -1
6 1 U 5
7 0 U 6
8 0 U 7
9 0 U 8
10 0 U -1
11 0 U 10
12 0 U 11
13 1 U 12
14 0 U 13
15 0 U -1
16 0 U 15
17 1 U 16
18 1 U 17
19 0 U 18
20 0 U -1
21 1 U 20
22 0 U 21
23 0 U 22
24 0 L 2
25 0 U -1
26 0 U 25
27 1 U 26
28 1 U 27
29 1 U 17
30 0 U -1
31 0 U 30
32
0 0 U -1
1 1 U 0
2 0 U 1
3 1 U 2
4 1 U 3
5 0 L -1
6 1 U 5
7 0 U 6
8 1 L 4
9 0 U 8
10 0 U -1
11 0 U 10
12 0 U 11
13 1 U 12
14 0 U 13
15 0 U -1
16 0 U 15
17 1 U 16
18 1 U 17
19 0 U 18
20 0 U -1
21 1 U 20
22 0 U 21
23 0 U 22
24 0 L 2
25 0 U -1
26 0 U 25
27 1 U 26
28 1 U 27
29 1 U 17
30 0 U -1
31 0 U 30
32
0 0 U -1
1 1 U 0
2 1 L 0
3 1 U 2
4 1 U 3
5 0 U -1
6 1 U 5
7 1 L 5
8 0 U 7
9 0 U 8
10 1 U 4
11 0 U 10
12 0 U 11
13 1 L 5
14 1 U 10
15 0 U -1
16 0 U 15
17 1 U 16
18 1 U 17
19 0 U 18
20 0 U -1
21 1 U 20
22 0 U 21
23 0 U 21
24 0 L 2
25 0 U -1
26 0 U 25
27 1 U 26
28 1 U 27
29 1 U 17
30 0 U -1
31 0 U 30
32
0 0 U -1
1 1 U 0
2 0 U 1
3 1 U 2
4 1 U 3
5 0 U -1
6 1 U 5
7 0 U 6
8 0 U 7
9 0 U 8
10 0 U -1
11 0 U 10
12 0 L 2
13 1 U 12
14 0 U 13
15 0 U -1
16 0 U 15
17 1 U 16
18 1 U 17
19 0 U 18
20 0 U -1
21 0 L 16
22 0 U 21
23 0 U 22
24 0 L 2
25 0 U -1
26 0 U 25
27 1 U 26
28 1 U 27
29 1 U 17
30 0 U -1
31 0 U 30
32
0 0 U -1
1 1 U 0
2 0 U 1
3 1 U 2
4 1 U 3
5 0 U -1
6 1 U 5
7 0 U 6
8 0 U 7
9 0 U 8
10 0 U -1
11 0 U 10
12 0 U 11
13 1 U 12
14 0 U 13
15 0 U -1
16 0 U 15
17 1 U 16
18 1 U 17
19 0 U 18
20 0 U -1
21 1 U 20
22 0 U 21
23 0 U 22
24 0 L 2
25 0 U 23
26 0 U 25
27 1 U 26
28 1 U 27
29 1 U 17
30 0 U -1
31 0 U 30
32
0 0 U -1
1 1 U 0
2 0 U 1
3 1 U 2
4 1 U 3
5 0 U -1
6 1 U 5
7 0 U 6
8 0 U 7
9 0 U 8
10 0 L 2
11 0 U 10
12 0 U 11
13 1 U 12
14 0 U 13
15 0 U -1
16 0 U 15
17 1 U 16
18 1 U 17
19 0 U 18
20 0 U -1
21 1 U 20
22 0 U 21
23 0 U 22
24 0 L 2
25 0 U -1
26 0 U 25
27 1 U 26
28 1 U 27
29 1 U 17
30 0 U -1
31 0 U 30
32
0 0 U -1
1 1 U 0
2 0 U 1
3 0 L 1
4 1 U 3
5 0 L 2
6 1 U 5
7 0 U 6
8 0 U 7
9 0 U 8
10 0 L -1
11 0 U 10
12 0 U 11
13 0 U -1
14 0 U 13
15 0 U -1
16 0 U 15
17 1 U 16
18 1 U 17
19 0 U 18
20 0 U -1
21 1 U 20
22 0 U 21
23 0 U 22
24 0 L 2
25 0 U -1
26 0 U 25
27 1 U 26
28 1 U 27
29 1 U 17
30 0 U -1
31 0 U 30
32
0 0 U -1
1 1 U 0
2 0 U 1
3 1 L 1
4 1 U 3
5 0 U -1
6 1 U 5
7 0 U 6
8 0 U 7
9 0 U 8
10 0 U -1
11 0 U 10
12 0 U 11
13 1 L 0
14 0 U 13
15 0 U -1
16 1 L 15
17 1 L 5
18 1 U 17
19 0 U 18
20 0 U -1
21 1 U 20
22 0 U 21
23 0 U 22
24 0 L 2
25 1 L 6
26 0 U 25
27 1 U 26
28 1 U 27
29 1 U 17
30 0 U -1
31 0 U 30
32
0 0 U -1
1 1 U 0
2 0 U 1
3 1 U 2
4 1 U 3
5 0 U -1
6 1 U 5
7 0 U 6
8 0 U 7
9 0 U 8
10 0 U -1
11 0 U 10
12 0 U 11
13 1 U 12
14 0 U 13
15 0 U -1
16 0 U 15
17 0 L 16
18 0 U 11
19 0 U 18
20 0 U -1
21 1 U 20
22 0 U 21
23 0 U 22
24 0 L 2
25 0 L 2
26 0 U 25
27 1 L 21
28 1 U 27
29 1 U 17
30 0 U -1
31 0 U 30
32
0 0 U -1
1 1 U 0
2 0 U 1
3 1 U 2
4 0 U -1
5 0 U -1
6 1 U 5
7 0 U 6
8 0 U 7
9 0 U 8
10 0 U -1
11 0 U 10
12 0 U 11
13 1 U 12
14 0 U 13
15 0 U -1
16 0 U 15
17 1 U 16
18 1 U 17
19 0 U 18
20 0 U -1
21 1 U 20
22 0 U 21
23 0 U 22
24 0 L 2
25 0 U -1
26 0 U 25
27 1 U 26
28 1 U 27
29 1 U 17
30 0 U -1
31 0 U 30
32
0 0 U -1
1 1 U 0
2 0 U 1
3 1 U 2
4 1 U 3
5 0 U -1
6 1 U 5
7 1 U -1
8 0 U 7
9 0 U 8
10 0 U -1
11 0 U 10
12 0 U 11
13 1 U 12
14 0 U 13
15 0 U -1
16 0 U 15
17 1 U 16
18 1 U 17
19 0 U 18
20 0 U -1
21 1 U 20
22 0 U 21
23 0 U 22
24 0 U 14
25 1 U 23
26 0 U 25
27 1 U 26
28 1 U 27
29 1 U 17
30 0 U -1
31 0 U 30
32
0 1 L -1
1 1 U 0
2 0 U 1
3 1 U 2
4 0 L -1
5 0 U -1
6 1 U 5
7 0 U 6
8 0 U 7
9 0 U 8
10 0 U -1
11 0 U 10
12 0 U 11
13 1 U 12
14 0 U 13
15 0 U -1
16 0 U 15
17 1 U 16
18 1 U 17
19 0 U 18
20 0 U -1
21 1 U 20
22 0 U 21
23 0 U 22
24 1 U 13
25 0 U -1
26 0 U 25
27 1 U 26
28 1 U 27
29 1 U 17
30 0 U -1
31 0 U 30
32
0 0 U -1
1 1 U 0
2 0 U 1
3 1 U 2
4 1 U 3
5 0 U -1
6 1 U 5
7 0 L 5
8 0 U 7
9 0 U 8
10 0 L 5
11 0 U 10
12 0 U 11
13 1 U 12
14 0 U 13
15 0 U -1
16 0 U 15
17 1 U 16
18 1 U 17
19 0 U 18
20 0 U -1
21 1 U 20
22 0 U 21
23 0 U 22
24 0 L 2
25 0 U -1
26 0 L 7
27 1 U 26
28 1 U 27
29 1 U 17
30 0 U -1
31 0 U 30
32
0 0 U -1
1 1 U 0
2 0 U 1
3 1 U 2
4 1 U 3
5 1 L 0
6 1 U 5
7 0 U 6
8 0 U 7
9 1 U 0
10 0 U -1
11 0 U 10
12 0 U 11
13 1 U 12
14 0 U 13
15 0 U -1
16 0 U 15
17 1 U 16
18 1 U 17
19 0 U 18
20 0 U -1
21 1 U 20
22 0 U 21
23 0 U 22
24 0 L 2
25 0 U -1
26 0 U 25
27 1 U 19
28 1 U 27
29 1 U 17
30 0 U -1
31 0 U 30
32
0 0 U -1
1 1 U 0
2 0 U 1
3 1 U 2
4 1 U 3
5 0 U -1
6 1 U 5
7 0 U 6
8 0 U 7
9 1 U 8
10 0 U -1
11 0 U 10
12 0 U 11
13 1 U 12
14 0 U 13
15 0 U -1
16 0 U 15
17 1 U 16
18 1 U 17
19 0 U 18
20 0 U -1
21 1 U 20
22 0 U 21
23 0 U 22
24 0 L 2
25 0 U -1
26 0 U 25
27 1 U 26
28 1 U 27
29 1 U 17
30 0 U -1
31 0 U 30
32
0 0 U -1
1 1 U 0
2 1 U -1
3 1 U 2
4 1 U 3
5 0 U -1
6 1 U 5
7 0 U 6
8 0 U 7
9 0 U 8
10 0 U -1
11 0 U -1
12 1 L -1
13 1 L 1
14 0 U 13
15 0 U -1
16 0 U 15
17 0 U 14
18 1 U 17
19 0 U 18
20 0 U -1
21 1 U 20
22 0 U 21
23 0 U 22
24 0 L 2
25 0 U -1
26 0 U 25
27 1 U 18
28 1 U 27
29 1 L 12
30 0 U -1
31 0 U 30
32
0 0 U -1
1 1 U 0
2 0 U 1
3 1 U 0
4 1 U 3
5 0 U -1
6 1 U 5
7 0 U 6
8 0 U 7
9 0 U 8
10 0 U -1
11 0 U 10
12 0 U 11
13 1 U 12
14 0 U 13
15 0 U -1
16 0 U 15
17 1 U 16
18 0 L 1
19 0 U 11
20 0 U -1
21 1 U 20
22 0 U 21
23 0 U 22
24 0 L 2
25 0 U -1
26 0 U 25
27 1 U 26
28 1 U 27
29 1 U 17
30 0 U -1
31 0 U 30
32
0 0 U -1
1 1 U 0
2 0 U 1
3 1 U 2
4 1 U 3
5 0 U -1
6 1 L 0
7 0 U 6
8 0 U 7
9 0 U 8
10 0 U -1
11 0 U 10
12 0 U 11
13 1 U 12
14 0 U 13
15 0 U -1
16 0 U 15
17 1 U 16
18 1 U 17
19 0 U 18
20 0 U -1
21 1 L 14
22 0 U 21
23 0 U 22
24 0 L 2
25 0 U -1
26 0 U 25
27 1 U 26
28 1 U 15
29 1 U 17
30 0 U -1
31 0 U 30
32
0 0 U -1
1 1 U 0
2 0 U 1
3 1 U 2
4 1 U 3
5 0 U -1
6 1 U 5
7 1 U 0
8 0 U 7
9 0 U 8
10 0 U -1
11 0 U 0
12 0 U 11
13 1 U 12
14 0 U 13
15 0 U -1
16 0 U 15
17 1 U 16
18 1 U 17
19 0 U 18
20 0 L 10
21 1 U 20
22 0 U 21
23 0 U 22
24 0 L 2
25 0 U -1
26 0 L 12
27 1 U 26
28 1 U 27
29 1 U 17
30 0 U -1
31 0 U 30
32
0 0 U -1
1 1 U 0
2 0 U 1
3 0 L 1
4 1 U 3
5 0 U -1
6 1 U 5
7 0 U 6
8 0 U 7
9 0 U 2
10 0 L 2
11 0 U 10
12 0 U 11
13 1 U 12
14 0 U 13
15 0 U -1
16 0 U 15
17 1 U 16
18 1 U 17
19 0 L 2
20 0 U -1
21 1 U 20
22 0 U 21
23 0 U 22
24 0 L 2
25 0 U -1
26 0 U 25
27 1 U 26
28 1 U 27
29 1 U 17
30 0 U -1
31 0 U 30
32
0 0 U -1
1 1 U 0
2 0 U 1
3 0 L -1
4 1 U 3
5 0 U -1
6 1 U 5
7 0 U 6
8 0 U 7
9 0 U 8
10 0 U -1
11 0 U 10
12 0 U 11
13 1 U 12
14 0 U 13
15 0 U -1
16 0 U 15
17 1 U 16
18 1 U 17
19 0 U 18
20 0 U -1
21 1 U 20
22 0 U 21
23 0 U 22
24 0 L 2
25 0 U -1
26 0 U 25
27 1 U 26
28 1 L 20
29 1 L 11
30 0 U -1
31 0 U 2
32
0 0 U -1
1 1 U 0
2 0 U 1
3 1 U 2
4 1 U 3
5 0 U -1
6 1 U 5
7 0 U 6
8 0 U 7
9 0 U 8
10 0 U -1
11 0 U 10
12 0 U 11
13 1 U 12
14 0 U 13
15 0 U -1
16 0 U 15
17 1 U 16
18 1 U 17
19 0 U 18
20 0 U -1
21 1 U 20
22 0 U 21
23 0 U 22
24 1 U 17
25 0 U -1
26 1 L 0
27 1 U 26
28 1 U 27
29 1 U 17
30 0 U -1
31 0 U 30
32
0 0 U -1
1 1 U 0
2 0 U 1
3 1 U 2
4 0 L 0
5 0 U -1
6 1 U 5
7 0 U 6
8 0 U 7
9 0 U 8
10 0 U -1
11 0 U 10
12 0 U 11
13 1 U 12
14 0 U 13
15 0 U -1
16 0 U 15
17 1 U 16
18 1 U 17
19 0 U 18
20 0 U -1
21 1 U 20
22 0 U 21
23 0 U 22
24 0 L 2
25 0 U -1
26 0 U 25
27 1 U 26
28 1 U 27
29 1 U 17
30 0 U -1
31 0 U 30
32
0 0 U -1
1 1 U 0
2 0 U 1
3 1 U 2
4 1 U 3
5 0 U -1
6 1 U 5
7 1 U 1
8 0 U 7
9 0 U 8
10 0 U -1
11 1 L 1
12 0 U 11
13 1 U 12
14 0 U 13
15 0 U -1
16 0 U 15
17 1 U 16
18 1 U 17
19 0 U 18
20 0 U -1
21 1 U 20
22 0 U 21
23 0 U 22
24 0 L 2
25 0 U -1
26 0 U 25
27 1 U 26
28 1 U 27
29 1 U 17
30 0 U -1
31 0 U 30
32
0 0 U -1
1 1 U 0
2 0 U 1
3 1 U 2
4 1 U 3
5 0 U -1
6 1 U 5
7 0 U 6
8 0 U 7
9 0 U 2
10 0 U -1
11 0 U 10
12 0 U 11
13 1 U 12
14 0 U 13
15 0 U -1
16 0 U 15
17 1 U 16
18 1 U 17
19 0 U 7
20 0 U -1
21 1 U 20
22 1 U 12
23 0 U 12
24 1 L 15
25 0 U -1
26 0 U 25
27 1 U 26
28 1 U 27
29 1 U 17
30 0 U -1
31 0 U 30
32
0 0 U -1
1 1 U 0
2 0 U 1
3 0 U 0
4 1 U 3
5 0 U -1
6 1 U 5
7 0 U 6
8 0 U 7
9 0 U 8
10 0 U -1
11 0 U 10
12 0 U 11
13 1 U 12
14 0 U 13
15 0 U -1
16 0 U 15
17 1 U 16
18 1 U 17
19 0 U 18
20 0 U -1
21 1 U 20
22 0 U 21
23 0 U 22
24 0 U 4
25 0 U -1
26 0 U 25
27 1 U 26
28 0 U 23
29 1 U 17
30 0 U 11
31 0 U 30
32
0 0 U -1
1 1 U 0
2 0 U 1
3 1 U 2
4 1 U 3
5 0 U -1
6 1 U 5
7 0 U 6
8 0 U 7
9 0 U 8
10 0 U -1
11 0 U 10
12 0 U 11
13 1 U 12
14 0 U 13
15 0 U -1
16 0 U 15
17 1 U 16
18 1 U 17
19 0 U 18
20 0 U -1
21 1 U 20
22 0 L 18
23 0 U 22
24 0 L 2
25 0 U -1
26 0 U 25
27 1 U 26
28 0 U 4
29 1 U 17
30 0 U -1
31 0 L 5
32
0 0 U -1
1 1 U 0
2 0 U 1
3 1 U 2
4 1 U 3
5 0 U -1
6 0 L 5
7 1 U -1
8 0 U 7
9 0 U 8
10 0 U -1
11 0 U 10
12 0 U 11
13 1 U 12
14 0 U 13
15 0 U -1
16 0 U 15
17 1 L 8
18 0 U 8
19 0 U 18
20 0 U -1
21 1 U 5
22 0 U 21
23 0 U 22
24 0 L 2
25 0 U 1
26 0 U 25
27 1 U 26
28 1 U 27
29 1 U 17
30 0 U -1
31 0 U 30
32
0 0 U -1
1 0 U -1
2 0 U 1
3 1 U 2
4 1 U 3
5 0 L -1
6 1 U 5
7 0 L 6
8 0 U 7
9 0 U 8
10 0 U -1
11 0 U 10
12 0 U 11
13 1 U 12
14 0 U 13
15 0 U -1
16 1 L 10
17 1 U 16
18 1 U 17
19 0 U 18
20 0 U -1
21 1 L 14
22 0 U 21
23 0 L 10
24 0 L 2
25 0 U -1
26 0 U 25
27 1 U 26
28 1 U 27
29 1 U 17
30 0 U -1
31 1 L 28
32
0 0 U -1
1 1 U 0
2 0 U 0
3 1 U 2
4 1 U 3
5 0 U -1
6 1 U 5
7 0 U 6
8 0 U 7
9 0 U 8
10 0 U -1
11 0 U 10
12 0 U 11
13 1 U 12
14 0 U 13
15 0 U -1
16 0 U 15
17 1 U 16
18 1 U 17
19 0 U 18
20 0 U -1
21 0 U 4
22 0 U 21
23 0 U 22
24 0 U 9
25 0 U -1
26 0 U 25
27 1 U 26
28 0 L 11
29 1 U 17
30 0 U -1
31 0 U 30
32
0 0 U -1
1 1 U 0
2 0 U 1
3 1 U 2
4 1 L 0
5 0 U -1
6 1 U 5
7 0 U 6
8 0 U 7
9 0 U 8
10 0 U -1
11 0 U 10
12 0 U 11
13 1 U 12
14 0 U 13
15 0 U -1
16 0 U 15
17 1 U 16
18 1 U 17
19 0 U 18
20 0 U -1
21 1 U 20
22 0 U 21
23 0 U 18
24 0 L 2
25 0 U -1
26 0 U 6
27 1 U 26
28 1 U 27
29 1 U 17
30 0 U -1
31 0 U 30
32
0 0 U -1
1 1 U 0
2 0 U -1
3 1 U 2
4 0 U 3
5 0 U -1
6 1 U 5
7 0 U 6
8 0 U 7
9 1 U 4
10 0 U -1
11 0 U 10
12 0 U 11
13 1 U 12
14 0 U 13
15 0 U -1
16 0 U 15
17 1 U 16
18 1 U 17
19 0 U 18
20 0 U -1
21 1 L 16
22 0 U 21
23 0 U 22
24 0 L 2
25 0 U -1
26 0 U 25
27 1 U 26
28 1 U 27
29 1 U 17
30 0 U -1
31 0 U 30
32
0 1 L -1
1 1 U 0
2 0 U 1
3 1 U 2
4 1 U 3
5 0 U -1
6 1 U 5
7 1 U 2
8 0 U 7
9 0 U 8
10 0 U -1
11 0 U 10
12 0 U 11
13 1 U 12
14 0 U 13
15 0 U -1
16 1 U 7
17 1 U 16
18 1 U 17
19 0 U 18
20 0 U -1
21 1 U 20
22 0 U 21
23 0 U 22
24 0 L 2
25 0 U -1
26 0 U 25
27 1 L 25
28 1 U 27
29 1 L 9
30 0 U -1
31 0 U 30
32
0 0 U -1
1 1 U 0
2 0 U 1
3 1 U 2
4 1 U 3
5 0 U -1
6 1 U 5
7 0 U 6
8 0 U 7
9 0 L 7
10 0 U 4
11 0 U 10
12 0 U 11
13 1 U 12
14 0 U 13
15 0 U -1
16 0 U 15
17 1 U 16
18 1 U 17
19 0 U 18
20 0 U -1
21 1 U 20
22 0 U 21
23 0 U 22
24 0 L 2
25 0 U -1
26 0 U 25
27 1 U 26
28 1 U 27
29 1 U 17
30 0 U -1
31 0 U 30
32
0 0 U -1
1 1 U 0
2 0 U 1
3 1 U 2
4 1 U 3
5 0 U -1
6 1 U 5
7 0 L 3
8 0 U 7
9 0 U 8
10 0 U -1
11 0 U 10
12 0 U 11
13 1 U 12
14 0 U 13
15 0 U -1
16 0 U 15
17 1 U 16
18 1 U 1
19 0 U 18
20 0 U -1
21 1 U 20
22 0 U 21
23 0 U 22
24 0 L 2
25 0 U 6
26 0 U 25
27 1 L 18
28 1 U 27
29 1 U 17
30 0 U -1
31 0 U 30
32
0 0 U -1
1 1 U 0
2 0 U 1
3 1 U 2
4 0 U 3
5 0 U -1
6 1 U 5
7 0 U 6
8 0 U 7
9 0 U 8
10 0 U -1
11 0 U 10
12 0 U 11
13 1 U 12
14 0 U 13
15 0 U -1
16 0 U 15
17 1 U 16
18 0 U 12
19 0 U 18
20 0 U -1
21 1 U 20
22 0 U 21
23 0 U 22
24 0 L 2
25 0 U -1
26 1 L 8
27 1 U 4
28 1 U 27
29 1 U 17
30 0 U -1
31 0 U 30
32
0 0 U -1
1 1 U 0
2 0 U 1
3 1 U 2
4 1 U 3
5 1 L 2
6 1 U 5
7 0 U 6
8 0 U 7
9 0 U 8
10 0 U -1
11 0 U 10
12 0 U 11
13 1 U 12
14 0 U 13
15 0 U -1
16 0 U 15
17 1 U 16
18 1 U 17
19 0 U 18
20 0 U -1
21 1 U 20
22 0 U 21
23 0 U 22
24 0 L 2
25 0 U -1
26 0 U 25
27 1 U 26
28 1 U 27
29 1 U 17
30 0 U -1
31 0 U 30
32
0 0 U -1
1 1 U 0
2 0 U 1
3 1 U 2
4 1 L 0
5 0 U -1
6 1 U 5
7 0 U 6
8 1 U 6
9 0 U 8
10 0 U -1
11 0 U 10
12 0 U 11
13 1 U 12
14 0 U 13
15 0 U -1
16 0 U 15
17 1 U 16
18 1 U 15
19 0 U 18
20 0 U -1
21 1 U 20
22 0 U 21
23 0 U 22
24 0 L 2
25 0 U -1
26 0 U 25
27 1 U 26
28 1 U 27
29 1 U 17
30 0 U -1
31 0 U 30
32
0 0 U -1
1 1 U 0
2 0 U 1
3 1 U 2
4 1 U 3
5 0 U -1
6 0 L 0
7 0 U 6
8 0 U 7
9 0 U 8
10 0 U -1
11 0 U 10
12 1 L 10
13 1 U 12
14 0 U 13
15 0 U -1
16 0 U 15
17 1 U 16
18 1 U 17
19 0 U 18
20 0 U -1
21 1 U 20
22 1 L 20
23 0 U 22
24 0 L 2
25 1 U 20
26 0 U 25
27 1 U 26
28 1 U 27
29 1 U 17
30 0 U -1
31 0 U 30
32
0 0 U -1
1 1 U 0
2 0 U 1
3 1 U 2
4 1 U 3
5 0 U -1
6 1 U 5
7 0 U 6
8 0 U 7
9 0 U 8
10 0 U -1
11 0 U 10
12 0 U 11
13 1 U 12
14 0 U 13
15 0 U -1
16 0 U 15
17 1 U 16
18 1 U 17
19 0 U 18
20 0 U -1
21 1 U 20
22 0 U 21
23 0 U 22
24 1 L 7
25 0 U -1
26 0 U 25
27 1 U 26
28 1 U 27
29 1 U 17
30 0 U -1
31 0 U 30
32
0 0 U -1
1 1 U 0
2 0 U 1
3 1 U 2
4 1 U 3
5 0 L 3
6 1 U 5
7 1 U 5
8 0 U 7
9 0 U 8
10 0 U -1
11 0 U 10
12 0 U 11
13 1 U 12
14 0 U 13
15 0 U -1
16 0 U 15
17 1 U 16
18 1 U 17
19 0 U 18
20 0 U -1
21 1 U 20
22 0 U 21
23 0 U 22
24 0 L 2
25 0 U -1
26 0 U 25
27 1 U 26
28 1 U 27
29 0 L 16
30 0 U -1
31 0 U 30
32
0 0 U -1
1 1 U 0
2 0 U 1
3 1 U 0
4 1 U 3
5 0 U -1
6 1 U 5
7 0 U 6
8 0 U 7
9 0 U 8
10 0 U -1
11 0 U 10
12 0 U 11
13 1 U 12
14 0 U 13
15 0 U -1
16 0 U 15
17 1 U 16
18 1 U 17
19 0 U 18
20 0 U -1
21 1 U 20
22 0 U 21
23 0 U 22
24 0 L 2
25 0 U -1
26 0 U 25
27 1 U 26
28 1 U 27
29 1 U 4
30 0 U -1
31 0 U 30
32
0 0 U -1
1 1 U 0
2 0 U 1
3 1 U 2
4 1 U 3
5 0 U -1
6 1 U 5
7 0 U 6
8 0 U 7
9 0 U 8
10 0 U -1
11 0 U 10
12 0 L 3
13 1 U 12
14 0 U 13
15 0 U -1
16 0 U 15
17 1 U 16
18 1 U 17
19 0 U 18
20 0 U -1
21 1 U 20
22 0 U 21
23 0 U 22
24 0 U 22
25 0 U -1
26 0 U 25
27 1 U 26
28 1 U 27
29 1 U 17
30 0 U -1
31 0 U 30
32
0 0 U -1
1 1 U 0
2 0 U 1
3 1 U 2
4 1 U 3
5 0 U -1
6 1 U 5
7 0 L 4
8 0 U 7
9 0 U 8
10 0 U -1
11 0 U 10
12 0 U 11
13 1 U 12
14 0 U 13
15 0 U -1
16 0 U 15
17 1 U 16
18 1 U 17
19 0 U 18
20 0 U -1
21 1 U 20
22 0 U 21
23 0 U 22
24 1 U 0
25 0 U -1
26 0 U 25
27 1 U 26
28 1 U 27
29 1 U 17
30 0 U -1
31 0 U 30
32
0 0 U -1
1 0 U 0
2 0 U 1
3 1 U 2
4 1 U 3
5 0 U -1
6 1 U 5
7 0 U 6
8 0 U 7
9 0 U 8
10 0 U -1
11 0 U 10
12 0 U 11
13 1 U 12
14 0 U 13
15 0 U -1
16 0 U 15
17 1 U 16
18 1 U 17
19 0 U 18
20 0 U -1
21 1 U 20
22 0 U 21
23 0 U 22
24 0 L 2
25 0 U -1
26 0 U 25
27 1 U 26
28 1 U 27
29 1 U 17
30 0 U -1
31 0 U 30
32
0 0 U -1
1 1 L 0
2 0 U 1
3 1 U 2
4 1 U 3
5 0 U -1
6 1 U 5
7 0 U 6
8 0 U 7
9 0 U 8
10 0 U -1
11 0 U 10
12 0 U -1
13 1 U 12
14 0 U 13
15 0 U -1
16 0 L 7
17 1 U 16
18 1 U 17
19 0 U 18
20 0 U -1
21 1 U 20
22 0 U 21
23 0 U 22
24 0 L 2
25 0 U -1
26 0 U 25
27 1 U 26
28 0 U 20
29 1 U 17
30 0 U -1
31 0 U 30
32
0 0 U -1
1 1 U 0
2 0 U 1
3 1 U 2
4 1 U 3
5 0 U -1
6 1 U 5
7 0 U 6
8 0 U 7
9 0 L 3
10 0 U -1
11 0 U 10
12 0 U 11
13 1 U 12
14 0 U 13
15 0 U -1
16 1 U 12
17 1 U 16
18 1 U 17
19 0 U 18
20 0 U -1
21 1 U 20
22 1 U 3
23 0 U 22
24 0 L 2
25 0 U -1
26 0 U 25
27 1 U 16
28 1 U 27
29 1 U 17
30 0 U -1
31 1 L 20
32
0 0 U -1
1 1 U 0
2 0 U 1
3 1 U 2
4 1 U 3
5 0 U -1
6 1 U 5
7 0 U 6
8 0 U 7
9 0 U 8
10 0 U -1
11 0 U 10
12 0 U 11
13 1 U 12
14 0 U 13
15 0 U -1
16 0 U 15
17 0 U -1
18 1 U 17
19 0 U 18
20 0 U -1
21 0 L 13
22 0 U 21
23 0 U 22
24 0 L 2
25 0 U -1
26 0 U 25
27 1 U 26
28 1 U 27
29 1 U 17
30 0 U -1
31 0 U 30
32
0 0 U -1
1 1 U 0
2 0 U 1
3 1 U 2
4 1 U 3
5 0 U -1
6 1 U 5
7 0 U 6
8 0 U 7
9 0 U 8
10 0 U -1
11 0 U 10
12 0 U 11
13 1 U 12
14 0 U 13
15 0 U -1
16 0 U 15
17 0 U 7
18 1 U 17
19 0 U 18
20 0 U -1
21 1 U 20
22 0 U 21
23 0 U 22
24 1 U 18
25 0 U -1
26 0 U 25
27 1 U 26
28 1 U 27
29 1 U 17
30 0 U -1
31 0 U 30
32
0 0 U -1
1 1 U 0
2 0 U 1
3 1 U 2
4 1 U 3
5 0 U -1
6 1 U 5
7 0 U 6
8 0 U 7
9 0 U 8
10 0 U -1
11 0 U 10
12 0 U 11
13 1 U 12
14 0 U 13
15 0 U -1
16 0 U 15
17 1 U 16
18 1 U 17
19 0 U 18
20 0 U -1
21 1 U 13
22 0 U 21
23 0 U 22
24 0 L 2
25 0 U -1
26 0 U 25
27 1 U 26
28 1 U 27
29 1 U 17
30 0 U -1
31 0 U 30
32
0 0 U -1
1 1 U 0
2 0 U 1
3 1 U 2
4 0 L 2
5 1 L 0
6 1 U 5
7 0 U 6
8 0 U 7
9 0 U 8
10 0 U -1
11 0 U 10
12 0 U 11
13 1 U 12
14 0 U 13
15 0 U -1
16 0 U 15
17 1 U 16
18 1 U 17
19 0 U 18
20 1 U 8
21 1 U 20
22 0 U 21
23 0 U 22
24 0 L 2
25 0 U -1
26 0 U 25
27 1 U 26
28 0 U 7
29 1 U 17
30 0 L 24
31 0 U 30
32
0 0 U -1
1 1 U 0
2 0 U 1
3 1 U 2
4 1 U 3
5 0 U -1
6 0 U 1
7 0 U 6
8 0 U 7
9 0 U 8
10 0 U -1
11 0 U 10
12 0 U 11
13 1 U 12
14 0 L 11
15 0 U -1
16 0 U 15
17 1 U 16
18 1 U 17
19 0 U 18
20 0 U -1
21 1 U 20
22 0 U 21
23 0 U 22
24 0 L 2
25 0 U -1
26 0 L 3
27 1 U 26
28 1 U 27
29 1 U 17
30 0 U -1
31 0 U 30
32
0 0 U -1
1 1 U 0
2 0 U 1
3 1 U 2
4 1 U 3
5 1 U 2
6 1 U 5
7 0 U 6
8 1 L 3
9 1 L 7
10 0 U -1
11 0 U 10
12 0 U 11
13 1 U 12
14 0 U 13
15 0 U -1
16 0 U 15
17 1 U 16
18 1 U 17
19 0 U 18
20 0 U -1
21 1 U 20
22 0 U 21
23 0 U 22
24 0 L 2
25 0 U -1
26 0 U 25
27 1 U 26
28 1 U 27
29 1 U 10
30 0 U -1
31 0 U 30
32
0 0 U -1
1 1 U 0
2 1 L 1
3 1 U 2
4 0 U 3
5 0 U -1
6 1 U 5
7 0 U 6
8 0 L 7
9 0 U 8
10 0 U -1
11 0 U 10
12 0 U 4
13 1 U 12
14 0 U 13
15 0 U -1
16 0 U 15
17 0 L 14
18 1 U 17
19 0 U 18
20 0 U -1
21 1 U 20
22 0 U 21
23 0 U 22
24 0 L 2
25 0 U -1
26 0 U 25
27 1 U 26
28 1 U 27
29 1 U 17
30 0 U -1
31 0 U 30
