100
0 0 U -1
1 1 U 0
2 0 U 1
3 0 U 2
4 0 U 3
5 1 U 4
6 1 U 5
7 0 U 6
8 0 U 7
9 0 U 8
10 1 U -1
11 1 U 10
12 0 U 11
13 1 U 12
14 0 U 13
15 1 U 14
16 0 U 15
17 0 U 16
18 0 U 17
19 0 U 18
20 0 U -1
21 1 U 20
22 1 U 21
23 0 U 22
24 0 U 23
25 1 U 24
26 0 U 25
27 0 U 26
28 0 U 27
29 1 U 28
30 0 U -1
31 1 U 30
32 0 U 31
33 0 U 32
34 0 U 33
35 1 U 34
36 1 U 35
37 0 U 36
38 0 U 37
39 1 U 38
40 0 U -1
41 0 U 40
42 0 U 41
43 0 U 42
44 0 U 43
45 1 U 44
46 0 U 45
47 0 U 46
48 0 U 47
49 0 U 48
50 1 U -1
51 0 U 50
52 0 U 51
53 1 U 52
54 0 U 53
55 0 U 54
56 1 U 55
57 1 U 56
58 1 U 57
59 1 U 58
60 0 U -1
61 1 U 60
62 1 U 61
63 0 U 62
64 1 U 63
65 0 U 64
66 1 U 65
67 0 U 66
68 1 U 67
69 0 U 68
70 1 U -1
71 0 U 70
72 1 U 71
73 1 U 72
74 0 U 73
75 1 U 74
76 0 U 75
77 0 U 76
78 0 U 77
79 0 U 78
80 0 U -1
81 0 U 80
82 0 U 81
83 0 U 82
84 0 U 83
85 0 U 84
86 1 U 85
87 1 U 86
88 1 U 87
89 1 U 88
90 0 U -1
91 1 U 90
92 1 U 91
93 0 U 92
94 0 U 93
95 1 U 94
96 0 U 95
97 1 U 96
98 1 U 97
99 0 U 98
100
0 0 U -1
1 1 U 0
2 0 U 1
3 0 U 2
4 0 U 3
5 1 U 4
6 1 U 5
7 0 U 6
8 1 U 3
9 1 L 1
10 1 U -1
11 1 U 10
12 0 U 11
13 1 U 12
14 0 U 13
15 1 U 14
16 0 U 15
17 0 U 16
18 0 U 17
19 0 L 11
20 0 U -1
21 1 U 12
22 1 U 21
23 0 U 22
24 0 U 23
25 0 U 7
26 0 U 25
27 0 U 26
28 0 U 27
29 1 U 28
30 0 U -1
31 1 U 30
32 0 U 31
33 0 U 32
34 0 U 33
35 1 U 34
36 1 U 35
37 0 U 36
38 0 U 37
39 1 U 38
40 0 U -1
41 0 U 40
42 0 U 41
43 0 U 42
44 1 U 24
45 1 U 44
46 0 U 45
47 0 U 46
48 0 U 47
49 0 U 48
50 1 U -1
51 0 U 50
52 0 U 51
53 1 U 52
54 0 U 53
55 0 U 54
56 1 U 55
57 1 U 56
58 1 U 57
59 1 L 11
60 0 U -1
61 1 U 60
62 1 U 61
63 0 U 62
64 1 U 63
65 0 U 64
66 1 U 65
67 0 U 66
68 1 U 67
69 0 L 7
70 1 U 43
71 0 U 70
72 1 U 71
73 1 U 72
74 0 U 73
75 1 U 74
76 0 U 75
77 0 U 76
78 0 U 77
79 0 U 78
80 0 U -1
81 0 U 80
82 0 U 81
83 0 U 82
84 0 U 83
85 0 U 84
86 1 U 85
87 1 U 86
88 1 U 87
89 1 U 88
90 0 U -1
91 1 U 90
92 1 U 91
93 0 U 92
94 0 U 93
95 1 U 94
96 0 U 95
97 1 U 96
98 1 U 97
99 0 U 98
100
0 0 U -1
1 1 U 0
2 1 U 1
3 0 U 2
4 0 U 3
5 1 U 0
6 1 U 5
7 0 U 6
8 0 U 7
9 1 L 3
10 1 U -1
11 1 U 10
12 0 U 11
13 1 U 12
14 0 U 13
15 1 U 14
16 0 U 15
17 0 U 16
18 0 U 17
19 0 U 18
20 0 U -1
21 1 U 20
22 0 U 7
23 0 U 22
24 0 U 23
25 1 U 24
26 0 U 25
27 0 U 26
28 0 U 27
29 1 L 8
30 0 U -1
31 1 U 30
32 0 U 31
33 0 U 32
34 0 U 33
35 1 U 34
36 1 U 11
37 0 U 36
38 0 U 37
39 1 U 38
40 0 U -1
41 0 U 40
42 0 U 41
43 0 U 42
44 0 U 43
45 1 U 44
46 1 U 0
47 0 U 46
48 0 U 47
49 1 U 1
50 0 L 21
51 0 U 50
52 0 U 51
53 1 U 52
54 0 U 53
55 0 U 54
56 1 L 25
57 1 U 56
58 1 U 57
59 1 U 58
60 0 U -1
61 1 U 60
62 1 U 61
63 0 U 62
64 1 U 63
65 0 U 64
66 1 U 65
67 0 U 66
68 1 U 67
69 0 U 68
70 1 U -1
71 0 U 70
72 1 U 71
73 1 U 72
74 0 U 73
75 1 U 74
76 0 U 75
77 0 U 76
78 0 U 77
79 0 U 78
80 0 U -1
81 0 U 80
82 0 U 81
83 0 U 82
84 0 U 83
85 0 L 59
86 1 U 85
87 1 U 86
88 1 U 87
89 1 U 88
90 1 L 20
91 1 U 90
92 1 U 91
93 0 U 92
94 1 U 46
95 1 U 94
96 0 U 95
97 1 U 96
98 0 L 50
99 0 U 98
100
0 0 U -1
1 1 U 0
2 1 U 1
3 0 U 2
4 0 U 3
5 1 U 0
6 1 U 5
7 0 U 6
8 0 U 7
9 1 L 3
10 1 L -1
11 1 U 10
12 0 U 11
13 1 L 1
14 0 U 13
15 1 U 14
16 0 U 15
17 0 U 16
18 0 U 17
19 0 U 18
20 1 U 11
21 1 U 20
22 0 U 7
23 0 U 22
24 0 U 23
25 1 U 6
26 0 U 25
27 0 U 26
28 0 L 6
29 1 L 8
30 0 U -1
31 1 U 30
32 0 U 31
33 0 U 32
34 0 U 33
35 1 U 34
36 1 U 11
37 0 U 36
38 0 U 37
39 1 U 38
40 0 U -1
41 0 U 40
42 0 L 8
43 0 U 42
44 0 U 43
45 0 U 38
46 1 U 0
47 0 U 46
48 0 U 47
49 1 U 1
50 0 L 21
51 0 U 50
52 0 U 51
53 1 U 52
54 0 U 53
55 0 U 54
56 1 L 25
57 1 U 56
58 1 U 57
59 1 U 58
60 0 U -1
61 1 U 60
62 1 U 61
63 0 U 62
64 1 U 63
65 0 U 64
66 1 U 64
67 0 U 66
68 1 U 67
69 0 U 68
70 1 U -1
71 0 U 70
72 1 U 71
73 1 U 72
74 0 U 73
75 0 L 20
76 1 L 49
77 0 U 76
78 0 U 77
79 0 U 78
80 1 L 27
81 0 U 80
82 0 U 81
83 0 U 82
84 0 U 83
85 0 L 59
86 1 U 85
87 0 U 71
88 1 L 83
89 1 L 88
90 1 L 20
91 1 U 90
92 1 U 91
93 0 U 92
94 1 U 46
95 1 U 94
96 0 U 95
97 0 L 17
98 0 L 50
99 1 L 25
100
0 0 U -1
1 1 U 0
2 1 U 1
3 0 U 2
4 0 U 3
5 1 U 0
6 1 U 5
7 0 U 6
8 0 U 7
9 1 L 3
10 1 U -1
11 1 U 10
12 0 U 11
13 1 U 12
14 0 U 13
15 0 L 1
16 0 U 15
17 0 U 16
18 0 U 17
19 0 U 18
20 0 U -1
21 1 U 20
22 0 U 7
23 0 U 22
24 0 U 23
25 1 L 4
26 0 U 25
27 0 U 26
28 0 U 27
29 1 L 8
30 0 L 19
31 1 L 3
32 0 U 31
33 1 U 9
34 0 U 14
35 1 U 34
36 1 U 11
37 0 U 36
38 0 U 37
39 1 U 4
40 1 U 32
41 0 U 40
42 0 U 41
43 0 U 42
44 0 U 43
45 1 U 44
46 1 U 0
47 0 L 32
48 0 U 47
49 1 U 1
50 0 L 21
51 0 U 50
52 0 U 51
53 1 U 52
54 0 U 53
55 0 U 54
56 1 L 25
57 1 U 56
58 1 U 57
59 1 U 58
60 0 U -1
61 1 U 60
62 1 U 61
63 0 U 62
64 1 U 63
65 0 U 64
66 1 U 65
67 0 U 66
68 0 L 42
69 0 U 68
70 1 U -1
71 0 U 70
72 1 U 71
73 1 U 72
74 0 U 73
75 1 U 74
76 0 U 75
77 1 U 10
78 0 L 15
79 0 U 78
80 0 U -1
81 0 U 80
82 0 U 81
83 0 U 82
84 0 U 83
85 0 U 27
86 1 U 85
87 1 U 86
88 1 U 87
89 1 U 88
90 1 L 20
91 1 U 90
92 1 U 91
93 0 U 92
94 1 U 46
95 0 U 8
96 0 U 95
97 0 L 55
98 1 U 57
99 0 U 98
100
0 0 U -1
1 1 U 0
2 1 U 1
3 0 U 2
4 0 U 3
5 1 U 0
6 0 U -1
7 0 L 4
8 0 U 7
9 1 L 3
10 1 U -1
11 1 U 10
12 0 U 11
13 1 U 12
14 0 U 13
15 1 U 14
16 0 U 15
17 0 U 8
18 1 U 7
19 0 U 18
20 0 U -1
21 1 U 20
22 0 U 7
23 0 U 22
24 0 U 23
25 1 U 24
26 0 U 25
27 0 U 26
28 0 U 27
29 1 L 8
30 0 U -1
31 1 U 30
32 0 U 31
33 0 U 32
34 0 U 33
35 1 U 34
36 1 U 11
37 0 U 36
38 0 U 37
39 1 U 38
40 0 U -1
41 0 U 40
42 0 U 41
43 0 U 42
44 0 U 43
45 1 U 44
46 1 U 0
47 0 U 46
48 0 U 47
49 1 U 1
50 0 L 21
51 0 U 50
52 0 U 51
53 1 U 52
54 0 U 53
55 0 U 54
56 1 L 25
57 1 U 56
58 1 U 57
59 1 U 58
60 0 U -1
61 0 L 1
62 1 U 61
63 0 U 62
64 1 U 63
65 0 U 64
66 1 U 65
67 0 U 66
68 1 U 67
69 0 U 68
70 1 U -1
71 0 U 70
72 1 U 71
73 1 U 72
74 0 U 73
75 1 U 74
76 0 U 75
77 0 U 76
78 0 U 77
79 0 U 78
80 0 U -1
81 0 U 80
82 1 U 7
83 0 U 82
84 0 U 83
85 0 L 59
86 1 U 85
87 1 U 86
88 1 U 87
89 1 U 3
90 1 L 20
91 1 U 90
92 1 U 91
93 0 U 92
94 1 U 46
95 1 U 94
96 0 U 95
97 1 U 96
98 0 L 50
99 0 U 98
100
0 0 U -1
1 1 U 0
2 1 U 1
3 0 U 2
4 0 U 3
5 1 U 0
6 1 U 5
7 0 U 6
8 0 U 7
9 1 L 3
10 1 U -1
11 0 U 5
12 0 U 11
13 1 U 12
14 0 U 13
15 1 U 14
16 0 U 15
17 1 L 8
18 0 U 15
19 0 U 18
20 0 U -1
21 1 U 20
22 0 U 7
23 0 U 22
24 0 U 23
25 1 U 23
26 0 U 25
27 0 U 26
28 0 U 27
29 1 L 8
30 0 U -1
31 1 U 30
32 0 U 31
33 0 U 32
34 0 U 33
35 1 U 34
36 1 U 11
37 1 U 1
38 0 U 37
39 1 U 38
40 0 U -1
41 0 L 23
42 0 U 41
43 0 U 42
44 0 U 43
45 1 U 44
46 1 U 0
47 0 U 46
48 0 U 47
49 1 U 1
50 0 L 9
51 0 U 50
52 0 U 51
53 1 U 52
54 0 U 53
55 0 U 54
56 1 L 25
57 1 U 56
58 1 U 57
59 1 U 58
60 0 U -1
61 1 U 60
62 1 U 61
63 0 U 62
64 0 L 28
65 0 U 64
66 1 U 65
67 0 U 66
68 0 L 59
69 0 U 68
70 1 U -1
71 0 U 70
72 1 U 71
73 1 U 72
74 0 U 73
75 0 L 14
76 0 U 75
77 1 U 72
78 0 U 77
79 0 U 78
80 0 U -1
81 0 U 80
82 0 U 81
83 0 U 67
84 0 U 83
85 0 L 59
86 1 U 85
87 1 U 86
88 1 U 87
89 1 U 88
90 1 L 20
91 1 U 90
92 1 U 91
93 0 U 92
94 1 U 46
95 1 U 94
96 0 U 95
97 1 U 96
98 0 L 50
99 0 U 98
100
0 0 U -1
1 1 U 0
2 1 U 1
3 0 U 2
4 0 U 3
5 1 U 0
6 1 U 5
7 0 U 6
8 0 U 7
9 1 L 3
10 1 U -1
11 1 U 10
12 0 U 11
13 1 U 12
14 0 U 13
15 1 U 14
16 0 U 15
17 0 U 16
18 0 U 17
19 0 U 18
20 0 U -1
21 1 U 20
22 0 U 7
23 0 U 22
24 0 U 23
25 1 U 24
26 0 U 25
27 0 U 26
28 0 U 27
29 1 L 8
30 0 U -1
31 1 U 30
32 0 U 31
33 0 U 32
34 0 U 33
35 0 U 19
36 1 U 11
37 0 U 36
38 0 U 37
39 1 U 38
40 0 U -1
41 0 U 40
42 0 U 41
43 0 U 42
44 0 U 43
45 1 U 44
46 1 L 21
47 0 U 46
48 0 U 47
49 1 U 1
50 1 U -1
51 0 U 50
52 0 U 51
53 1 U 52
54 1 U 42
55 0 U 54
56 1 L 25
57 1 U 56
58 1 U 57
59 0 U 51
60 0 U -1
61 0 L 3
62 1 L 21
63 0 U 62
64 1 U 63
65 0 L 31
66 1 U 65
67 0 U 66
68 1 U 67
69 0 U 68
70 1 U -1
71 1 L 57
72 1 U 71
73 1 U 72
74 0 U 73
75 1 U 74
76 0 U 75
77 0 U 76
78 0 U 77
79 0 U 78
80 0 U -1
81 0 U 80
82 0 U 81
83 0 U 82
84 0 U 83
85 0 L 59
86 1 U 85
87 1 U 86
88 1 U 87
89 1 U 88
90 1 L 20
91 1 U 90
92 1 U 91
93 0 U 92
94 1 U 89
95 1 U 94
96 0 U 95
97 1 U 96
98 1 L 53
99 0 U 98
100
0 0 U -1
1 1 U 0
2 1 U 1
3 0 U 2
4 0 U 3
5 1 U 0
6 1 U 5
7 0 U 6
8 0 U 7
9 1 L 3
10 1 U -1
11 1 U 10
12 1 L 8
13 1 U 12
14 0 U 13
15 1 U 14
16 0 U 15
17 0 U 16
18 0 U 17
19 0 U 18
20 0 U -1
21 1 U 20
22 0 U 7
23 0 U 22
24 0 U 23
25 1 U 24
26 0 U 25
27 0 U 26
28 0 U 27
29 1 L 8
30 0 L 21
31 1 U 30
32 0 U 31
33 0 U 32
34 0 U 33
35 1 U 34
36 1 U 11
37 0 U 36
38 0 U 37
39 1 U 38
40 0 U -1
41 0 U 40
42 1 U 33
43 0 U 42
44 0 U 43
45 1 U 44
46 1 U 0
47 0 U 46
48 0 U 47
49 1 U 1
50 0 L 21
51 0 U 50
52 0 U 51
53 1 U 52
54 0 U 53
55 0 U 54
56 1 L 26
57 1 U 56
58 1 U 57
59 1 U 58
60 0 U -1
61 1 U 60
62 1 U 61
63 0 L 41
64 1 U 63
65 0 U 64
66 1 L 31
67 0 U 66
68 1 U 67
69 0 U 68
70 1 U -1
71 0 U 70
72 1 U 71
73 1 U 72
74 0 U 73
75 1 U 74
76 0 U 75
77 0 U 76
78 0 U 77
79 0 U 78
80 0 U -1
81 1 U 44
82 0 U 81
83 0 U 82
84 0 U 83
85 0 L 59
86 0 U 24
87 1 U 19
88 1 U 87
89 1 U 88
90 1 L 20
91 1 U 90
92 1 U 91
93 0 U 92
94 1 U 46
95 1 U 94
96 0 U 95
97 1 U 96
98 0 L 50
99 0 U 98
100
0 0 U -1
1 1 U 0
2 1 U 1
3 0 U 2
4 0 U 3
5 1 U 0
6 1 U 5
7 0 U 6
8 1 L 2
9 1 L 3
10 1 U 7
11 1 U 10
12 0 U 11
13 1 U 6
14 0 U 13
15 1 U 14
16 0 U 15
17 0 U 16
18 0 U 17
19 0 U 18
20 0 U -1
21 1 L 10
22 0 U 7
23 0 U 22
24 0 U 23
25 1 U 24
26 0 U 25
27 0 U 26
28 0 U 27
29 1 L 8
30 0 U -1
31 1 U 30
32 1 U 15
33 0 U 32
34 0 U 33
35 1 U 34
36 1 U 11
37 0 U 15
38 0 U 37
39 1 U 38
40 0 U -1
41 0 U 40
42 0 U 41
43 0 U 42
44 0 U 43
45 1 U 44
46 1 U 0
47 0 U 46
48 0 U 47
49 1 U 1
50 0 L 21
51 0 U 50
52 0 U 51
53 1 U 52
54 0 U 53
55 0 U 54
56 0 U 39
57 1 U 56
58 1 U 57
59 1 U 58
60 0 U -1
61 1 U 60
62 1 U 61
63 0 U 62
64 1 U 63
65 0 U 38
66 1 U 65
67 0 U 66
68 1 U 67
69 0 U 68
70 1 U -1
71 0 U 70
72 1 U 71
73 1 U 72
74 0 U 73
75 1 U 74
76 0 U 75
77 0 U 76
78 0 U 77
79 0 U 78
80 0 U -1
81 0 U 80
82 0 U 81
83 0 U 82
84 0 U 83
85 0 L 59
86 1 U 85
87 1 U 86
88 1 U 87
89 1 U 88
90 1 L 20
91 1 U 90
92 0 U 3
93 0 U 92
94 1 U 46
95 1 U 94
96 0 U 95
97 1 U 96
98 0 L 50
99 0 U 98
100
0 0 U -1
1 1 U 0
2 1 U 1
3 0 U 2
4 0 U 3
5 1 U 0
6 1 U 5
7 0 U 6
8 0 U 7
9 1 L 3
10 1 U -1
11 1 U 10
12 1 U 1
13 1 U 12
14 0 U 13
15 1 U 14
16 0 U 15
17 0 U 16
18 0 U 17
19 0 U 18
20 0 U -1
21 1 U 20
22 0 U 7
23 1 L 11
24 0 U 23
25 1 U 24
26 0 U 25
27 0 U 26
28 0 L 15
29 1 L 8
30 1 U 1
31 1 U 30
32 0 U 31
33 0 U 32
34 0 U 33
35 1 U 34
36 1 U 3
37 0 U 36
38 0 U 37
39 1 U 38
40 0 L 1
41 0 U 40
42 0 U 41
43 0 U 42
44 0 U 43
45 1 U 44
46 1 U 0
47 0 U 46
48 0 U 47
49 1 L 16
50 1 U 35
51 0 U 50
52 0 U 51
53 1 U 52
54 0 U 53
55 1 L 49
56 1 L 25
57 1 U 56
58 1 U 57
59 0 U 36
60 0 U -1
61 1 U 60
62 1 U 61
63 0 U 62
64 1 U 63
65 0 U 64
66 0 L 40
67 0 U 66
68 1 U 3
69 0 U 68
70 1 U -1
71 0 U 70
72 1 U 71
73 1 U 72
74 0 U 73
75 1 U 74
76 1 U 18
77 0 U 76
78 0 U 77
79 0 U 78
80 0 U -1
81 0 U 80
82 0 U 81
83 0 U 82
84 0 U 83
85 0 L 59
86 1 U 85
87 1 U 86
88 1 U 87
89 0 L 62
90 1 L 20
91 1 U 90
92 1 U 91
93 0 U 92
94 1 U 31
95 1 L 33
96 0 U 95
97 0 L 68
98 0 L 50
99 0 U 98
100
0 0 U -1
1 1 U 0
2 1 U 1
3 0 U 2
4 0 L 0
5 1 U 0
6 1 U 5
7 0 U 6
8 0 L 2
9 1 L 3
10 1 U 6
11 1 U 10
12 1 U 1
13 1 U 12
14 0 U 13
15 1 U 14
16 0 U 15
17 0 U 16
18 0 U 17
19 0 U 18
20 0 U -1
21 1 U 20
22 0 U 7
23 1 L 11
24 1 L 14
25 1 U 24
26 0 U 25
27 0 U 26
28 0 L 15
29 1 L 8
30 1 U 1
31 1 U 30
32 0 U 31
33 0 U 32
34 0 U 33
35 1 U 34
36 1 U 3
37 1 L 1
38 0 U 37
39 0 L 16
40 0 L 1
41 0 U 40
42 0 U 41
43 0 U 42
44 0 U 43
45 1 U 44
46 1 U 0
47 0 U 46
48 0 U 47
49 1 L 16
50 1 U 35
51 0 U 50
52 0 U 51
53 1 U 52
54 0 U 53
55 1 L 49
56 1 L 25
57 1 U 56
58 1 U 57
59 0 U 36
60 0 U -1
61 1 U 60
62 1 U 61
63 0 U 62
64 1 U 63
65 0 U 64
66 0 L 56
67 0 U 66
68 1 U 3
69 0 U 68
70 1 U -1
71 0 U 70
72 1 U 71
73 1 U 72
74 0 U 73
75 1 U 74
76 1 U 18
77 0 U 76
78 0 U 77
79 0 U 78
80 0 U 32
81 0 U 80
82 0 U 81
83 0 U 82
84 0 U 83
85 0 L 59
86 1 U 85
87 1 U 86
88 1 U 87
89 0 L 62
90 1 L 20
91 1 U 90
92 1 U 91
93 0 U 92
94 1 U 31
95 1 U 87
96 1 L 18
97 0 L 68
98 0 L 50
99 0 U 98
100
0 1 L -1
1 1 U 0
2 0 L 1
3 0 U 2
4 0 U 3
5 1 U 0
6 1 U 5
7 0 U 6
8 0 U 7
9 1 L 3
10 1 U -1
11 1 U 10
12 1 U 1
13 1 U 12
14 0 U 13
15 1 U 1
16 0 U 15
17 0 U 16
18 0 U 17
19 0 U 18
20 0 U -1
21 1 U 20
22 1 U 16
23 1 L 11
24 0 U 23
25 1 U 24
26 0 U 25
27 0 U 26
28 1 U 18
29 1 L 8
30 1 U 1
31 1 U 30
32 0 U 31
33 0 U 32
34 0 U 33
35 1 U 34
36 1 U 3
37 0 U 36
38 0 U 37
39 1 U 38
40 0 L 1
41 1 L 15
42 0 U 41
43 0 U 42
44 0 U 43
45 1 U 44
46 1 U 14
47 0 U 46
48 0 L 38
49 1 L 16
50 1 U 35
51 0 U 50
52 0 U 51
53 1 U 52
54 1 L 44
55 1 L 49
56 1 L 25
57 1 U 56
58 1 U 7
59 0 U 36
60 0 U -1
61 1 U 60
62 1 U 61
63 0 U 62
64 1 U 63
65 0 U 64
66 0 L 40
67 0 U 66
68 1 U 3
69 0 U 68
70 1 U -1
71 0 U 70
72 1 U 71
73 1 U 72
74 0 U 73
75 1 U 74
76 1 U 18
77 0 U 42
78 0 U 77
79 0 U 78
80 0 U -1
81 0 U 80
82 0 U 81
83 0 U 82
84 0 U 79
85 0 L 59
86 1 U 85
87 1 U 86
88 0 U 30
89 0 L 62
90 1 L 20
91 1 U 90
92 1 U 91
93 0 U 92
94 1 U 31
95 1 L 33
96 0 U 95
97 0 L 68
98 0 L 50
99 0 U 98
100
0 0 U -1
1 1 U 0
2 1 U 1
3 0 U 2
4 0 U 3
5 1 U 0
6 1 U 5
7 0 L 1
8 0 U 7
9 1 L 3
10 1 U -1
11 1 U 10
12 1 U 1
13 1 U 12
14 0 U 13
15 1 U 14
16 0 U 15
17 0 U 16
18 0 U 17
19 0 U 18
20 0 U -1
21 1 U 20
22 0 U 7
23 1 L 11
24 0 U 23
25 1 U 24
26 0 U 25
27 1 U 26
28 0 L 15
29 1 L 8
30 1 U 1
31 1 U 30
32 0 U 31
33 0 U 32
34 0 U 33
35 1 U 34
36 1 U 3
37 0 U 36
38 0 U 37
39 1 U 38
40 0 L 1
41 0 U 40
42 0 U 41
43 0 U 42
44 0 U 43
45 1 U 44
46 1 U 0
47 0 U 46
48 0 U 47
49 1 L 16
50 1 L 5
51 0 U 50
52 0 U 51
53 1 U 52
54 0 U 53
55 1 L 49
56 1 L 25
57 1 U 56
58 1 U 57
59 0 U 36
60 0 U -1
61 1 U 60
62 1 U 61
63 0 U 62
64 1 U 10
65 0 U 64
66 0 L 40
67 0 U 66
68 1 U 3
69 0 U 68
70 1 U -1
71 0 U 70
72 1 L 69
73 1 U 72
74 0 U 73
75 1 U 74
76 1 U 18
77 0 U 76
78 0 L 47
79 0 U 78
80 0 U -1
81 0 U 73
82 0 U 81
83 0 U 82
84 0 U 83
85 1 U 41
86 1 U 85
87 1 U 86
88 1 U 87
89 0 L 62
90 1 L 20
91 1 U 90
92 1 U 91
93 1 U 43
94 1 U 6
95 1 L 33
96 0 U 95
97 0 L 68
98 0 L 50
99 0 U 98
100
0 0 U -1
1 1 U 0
2 1 U 1
3 0 U 2
4 0 U 3
5 1 U 0
6 1 U 5
7 0 U 6
8 0 U 7
9 1 L 3
10 1 U -1
11 1 U 10
12 1 U 1
13 1 U 12
14 0 U 13
15 1 U 14
16 0 U 15
17 0 U 16
18 0 U 17
19 0 U 18
20 0 U -1
21 0 L 10
22 0 U 7
23 1 L 11
24 0 U 23
25 1 U 24
26 0 U 25
27 0 U 26
28 0 L 15
29 1 L 8
30 1 U 1
31 1 U 30
32 0 U 31
33 0 U 32
34 0 U 33
35 1 U 34
36 1 U 3
37 0 U 36
38 0 U 37
39 1 U 38
40 0 L 1
41 0 U 40
42 0 U 41
43 0 U 42
44 0 U 43
45 1 U 33
46 1 U 0
47 0 U 46
48 0 U 47
49 1 L 11
50 1 U 35
51 0 U 50
52 0 U 51
53 1 U 52
54 0 U 53
55 1 L 49
56 1 L 25
57 1 U 56
58 1 U 57
59 0 U 36
60 0 U -1
61 1 U 60
62 1 U 61
63 0 U 62
64 0 U 7
65 0 U 64
66 0 L 40
67 0 U 66
68 1 U 3
69 0 U 68
70 1 U -1
71 0 U 70
72 1 U 71
73 1 U 72
74 0 U 73
75 1 U 74
76 1 U 18
77 0 U 76
78 0 U 77
79 0 U 78
80 1 L 30
81 0 U 80
82 0 U 81
83 0 U 82
84 0 U 83
85 0 L 59
86 1 U 85
87 1 U 86
88 1 U 87
89 0 L 62
90 1 L 20
91 1 U 90
92 0 U 66
93 0 U 92
94 1 U 31
95 1 L 33
96 0 U 95
97 0 L 68
98 0 L 50
99 0 U 98
100
0 0 U -1
1 1 U 0
2 1 U 1
3 0 U 2
4 0 U 3
5 1 U 0
6 1 U 5
7 0 U 6
8 0 U 7
9 1 L 3
10 1 U -1
11 1 U 10
12 1 U 1
13 1 L 0
14 0 U 13
15 1 U 14
16 0 U 15
17 0 U 16
18 0 U 17
19 0 U 18
20 0 U -1
21 1 U 20
22 0 U 7
23 1 L 11
24 0 U 23
25 1 U 24
26 0 U 25
27 0 U 26
28 0 L 15
29 1 L 8
30 1 U 1
31 1 U 30
32 0 U 31
33 0 U 32
34 0 U 33
35 1 U 34
36 1 U 21
37 0 U 36
38 0 U 37
39 1 U 38
40 0 L 1
41 0 L 15
42 0 U 41
43 0 U 42
44 0 U 43
45 1 U 44
46 1 U 0
47 0 U 46
48 0 U 13
49 1 L 16
50 1 U 35
51 0 U 50
52 0 U 51
53 1 U 7
54 0 U 53
55 1 L 49
56 1 L 25
57 1 U 56
58 1 U 57
59 0 U 36
60 0 U -1
61 1 U 60
62 1 U 61
63 0 U 28
64 1 U 63
65 0 U 64
66 0 L 40
67 0 U 66
68 1 U 3
69 0 U 68
70 1 U -1
71 0 U 70
72 1 U 71
73 1 U 72
74 0 U 1
75 1 U 74
76 0 U -1
77 0 U 76
78 0 U 77
79 0 U 78
80 0 U -1
81 0 U 80
82 0 U 81
83 0 U 82
84 0 U 83
85 0 L 59
86 1 U 85
87 1 U 86
88 1 U 87
89 0 L 62
90 1 L 20
91 1 U 90
92 1 U 91
93 0 U 92
94 1 U 31
95 0 U 58
96 0 U 95
97 0 L 68
98 0 L 50
99 0 U 98
100
0 0 U -1
1 1 U 0
2 1 U 1
3 0 U 2
4 0 U 3
5 1 U 0
6 1 U 5
7 0 U 6
8 0 U 7
9 1 L 3
10 1 U -1
11 1 U 10
12 1 L 3
13 1 U 12
14 1 L 10
15 1 U 14
16 0 U 15
17 0 U 16
18 0 U 17
19 0 L 12
20 1 L 14
21 1 U 20
22 0 U 7
23 1 L 11
24 0 U 23
25 1 U 24
26 0 U 25
27 0 U 26
28 0 L 15
29 1 L 8
30 1 U 1
31 1 U 30
32 0 U 31
33 0 U 32
34 0 U 33
35 1 U 34
36 1 U 3
37 0 U 36
38 0 U 37
39 1 U 38
40 0 L 1
41 0 U 40
42 0 U 41
43 0 U 42
44 1 U 31
45 1 U 44
46 1 U 0
47 0 U 46
48 0 U 47
49 1 L 16
50 1 U 35
51 0 U 50
52 0 U 51
53 1 U 52
54 0 U 53
55 0 U 14
56 1 L 25
57 1 U 56
58 1 U 57
59 0 U 36
60 0 U -1
61 1 U 60
62 1 U 61
63 0 U 62
64 1 U 63
65 0 U 64
66 0 L 40
67 0 U 66
68 1 U 3
69 0 U 68
70 1 U -1
71 0 U 70
72 1 U 71
73 1 U 72
74 0 U 73
75 1 U 74
76 1 U 18
77 1 U 34
78 0 U 77
79 0 U 78
80 0 U -1
81 0 U 80
82 0 U 81
83 0 U 82
84 0 U 83
85 1 U 24
86 1 U 85
87 1 U 86
88 1 U 87
89 0 L 62
90 1 L 20
91 1 U 90
92 1 U 91
93 0 U 92
94 1 U 31
95 0 U 63
96 0 U 95
97 0 L 68
98 0 L 50
99 0 U 98
100
0 0 U -1
1 1 U 0
2 1 U 1
3 0 U 2
4 0 U 3
5 1 U 0
6 1 U 5
7 1 U -1
8 0 U 7
9 1 L 3
10 1 U -1
11 1 U 10
12 1 U 1
13 1 U 12
14 0 U 13
15 1 U 14
16 0 U 15
17 0 U 16
18 0 U 17
19 0 U 18
20 0 U -1
21 1 U 20
22 0 U 7
23 1 L 15
24 0 U 23
25 1 U 24
26 0 U 25
27 0 U 26
28 0 L 15
29 1 L 8
30 1 U 1
31 1 U 1
32 0 U 31
33 0 U 32
34 0 U 33
35 1 U 34
36 1 U 3
37 0 U 13
38 0 U 37
39 1 U 38
40 0 L 1
41 0 U 40
42 0 U 41
43 0 U 42
44 0 U 43
45 1 U 44
46 1 L 21
47 0 U 46
48 0 U 47
49 1 L 16
50 1 U 35
51 0 U 50
52 0 U 51
53 1 U 52
54 0 U 34
55 0 L 14
56 1 L 25
57 1 U 4
58 1 U 57
59 0 L 2
60 0 U -1
61 1 U 60
62 1 U 61
63 0 U 62
64 1 U 63
65 0 U 64
66 0 L 40
67 0 U 66
68 1 U 3
69 0 U 68
70 1 U -1
71 0 U 59
72 1 U 71
73 1 U 72
74 0 U 46
75 1 U 74
76 1 U 18
77 0 U 76
78 1 U 37
79 0 U 78
80 0 U -1
81 0 U 80
82 0 U 81
83 0 U 82
84 0 U 83
85 0 L 59
86 1 U 85
87 1 U 86
88 1 U 87
89 0 L 62
90 1 L 20
91 1 U 90
92 1 U 91
93 0 U 92
94 1 U 31
95 1 L 33
96 0 U 95
97 0 L 68
98 0 L 50
99 0 U 98
100
0 0 U -1
1 1 U 0
2 1 U 1
3 0 U 2
4 0 U 3
5 1 U 1
6 1 U 5
7 0 U 6
8 0 U 7
9 1 L 3
10 1 U -1
11 1 U 10
12 1 U 1
13 1 U 12
14 0 U 13
15 1 U 14
16 0 U 15
17 1 L 8
18 0 U 17
19 0 U 18
20 0 U -1
21 1 U 20
22 0 U 7
23 1 U 19
24 0 U 23
25 1 U 24
26 0 U 25
27 0 U 26
28 0 L 15
29 1 L 8
30 1 U 1
31 1 U 30
32 0 L 8
33 0 U 32
34 0 U 33
35 1 U 34
36 1 U 3
37 0 U 36
38 0 L 30
39 1 U 38
40 0 L 1
41 0 U 40
42 0 U 41
43 0 U 42
44 0 U 43
45 1 U 44
46 1 U 0
47 0 U 38
48 0 U 47
49 1 L 16
50 1 U 35
51 0 U 50
52 0 U 51
53 1 U 52
54 0 U 53
55 1 L 49
56 1 L 25
57 1 U 21
58 0 U 30
59 0 U 36
60 0 U -1
61 1 U 60
62 1 U 61
63 0 U 62
64 1 U 63
65 0 U 64
66 0 L 40
67 0 U 66
68 1 U 3
69 0 U 68
70 1 U -1
71 0 U 70
72 1 U 71
73 1 U 72
74 0 U 73
75 1 L 20
76 1 U 18
77 0 U 76
78 0 U 77
79 0 U 78
80 0 U -1
81 0 U 80
82 0 U 5
83 0 U 82
84 0 U 83
85 0 L 59
86 1 U 85
87 1 U 86
88 1 U 87
89 0 L 62
90 1 L 20
91 1 U 90
92 1 U 91
93 0 U 92
94 1 U 31
95 1 L 33
96 0 U 95
97 0 L 68
98 0 L 50
99 0 U 98
100
0 0 U -1
1 1 U 0
2 1 U 1
3 0 U 2
4 0 U 3
5 1 U 0
6 1 U 5
7 0 U 6
8 0 U 7
9 1 L 3
10 1 U -1
11 1 U 10
12 1 U 1
13 1 U 12
14 0 U 13
15 1 U 14
16 0 U 15
17 0 U 16
18 0 U 17
19 0 U 18
20 0 U -1
21 1 U 20
22 0 U 7
23 1 L 11
24 0 U 23
25 1 U 24
26 0 U 25
27 0 U 26
28 0 L 15
29 1 L 8
30 1 U 1
31 0 U 11
32 0 U 31
33 0 U 32
34 0 U 33
35 1 U 34
36 1 U 3
37 0 U 36
38 0 U 37
39 1 U 38
40 0 L 1
41 0 U 37
42 0 U 41
43 0 U 42
44 0 U 43
45 0 L 36
46 1 U 0
47 0 U 46
48 0 U 47
49 1 L 16
50 1 U 35
51 0 U 50
52 0 U 51
53 1 U 52
54 0 U 53
55 1 L 49
56 1 U 25
57 1 U 56
58 1 U 57
59 0 U 36
60 0 U -1
61 1 U 60
62 1 U 37
63 0 U 62
64 1 U 63
65 0 L 46
66 0 L 40
67 0 U 66
68 1 U 3
69 0 U 68
70 1 U -1
71 0 U 70
72 1 U 71
73 1 U 72
74 0 U 73
75 1 U 74
76 1 U 18
77 0 U 76
78 0 U 77
79 0 U 78
80 1 U 12
81 0 U 80
82 0 U 81
83 1 U 23
84 0 U 83
85 0 L 59
86 1 U 85
87 1 U 86
88 1 U 87
89 0 L 62
90 0 U 12
91 0 L 20
92 1 U 91
93 0 U 92
94 1 U 31
95 1 L 33
96 1 U 3
97 0 L 68
98 0 L 50
99 0 U 98
100
0 0 U -1
1 1 U 0
2 1 U 1
3 0 U 2
4 0 U 3
5 1 U 0
6 1 U 5
7 0 U 6
8 0 U 7
9 1 U 3
10 1 U -1
11 0 U -1
12 1 U 1
13 1 U 12
14 0 U 13
15 1 U 14
16 0 U 15
17 0 U 16
18 0 U 17
19 0 U 18
20 0 U -1
21 1 U 20
22 0 U 7
23 1 L 11
24 0 U 23
25 1 U 24
26 0 U 25
27 1 L 12
28 0 L 15
29 1 L 8
30 1 U 1
31 0 U 11
32 0 U 31
33 0 L 29
34 0 U 33
35 1 U 34
36 1 U 3
37 0 U 36
38 0 U 37
39 1 U 38
40 0 L 1
41 0 U 37
42 0 U 41
43 0 U 42
44 0 U 43
45 0 L 36
46 1 U 0
47 0 U 46
48 0 U 47
49 1 L 16
50 1 U 35
51 0 U 50
52 0 U 51
53 1 U 52
54 0 U 53
55 1 L 49
56 1 U 25
57 1 U 56
58 1 U 57
59 0 U 36
60 0 U -1
61 1 U 60
62 0 U 0
63 0 U 62
64 1 L 6
65 0 L 46
66 0 L 40
67 0 U 66
68 1 U 3
69 0 U 68
70 1 U -1
71 0 U 70
72 1 U 71
73 1 U 72
74 0 U 73
75 1 U 74
76 1 U 18
77 0 U 76
78 0 U 77
79 0 U 78
80 1 U 12
81 0 U 80
82 0 U 81
83 1 U 77
84 0 U 83
85 1 L 75
86 1 U 85
87 1 U 86
88 1 U 87
89 0 L 62
90 1 U 81
91 0 L 20
92 1 L 47
93 0 U 92
94 1 U 31
95 1 L 33
96 1 U 3
97 0 L 68
98 0 L 50
99 0 U 98
100
0 0 U -1
1 1 U 0
2 1 U 1
3 0 U -1
4 0 U 3
5 1 U 0
6 1 U 5
7 0 U 6
8 0 U 7
9 1 L 3
10 1 U -1
11 1 U 10
12 1 U 1
13 1 U 9
14 0 U 13
15 1 U 14
16 0 U 15
17 0 U 16
18 0 U 17
19 0 U 18
20 0 U -1
21 1 U 20
22 0 U 7
23 1 L 11
24 0 U 23
25 1 U 24
26 0 U 25
27 0 U 26
28 0 L 15
29 1 L 8
30 1 U 1
31 0 U 11
32 0 U 31
33 0 L 7
34 0 U 33
35 1 U 34
36 1 U 3
37 0 U 36
38 0 U 37
39 1 U 38
40 0 L 1
41 0 U 37
42 0 U 41
43 0 U 42
44 0 U 43
45 0 L 36
46 1 U 0
47 0 U 46
48 0 U 11
49 1 L 16
50 1 U 35
51 0 U 50
52 0 U 51
53 1 U 52
54 0 U 53
55 0 U 17
56 1 U 25
57 1 U 56
58 1 U 57
59 0 U 36
60 0 U -1
61 1 U 60
62 1 U 37
63 0 U 62
64 1 U 63
65 0 L 8
66 0 L 40
67 0 U 66
68 1 U 3
69 0 U 68
70 1 U -1
71 0 U 70
72 1 U 71
73 1 U 72
74 0 U 73
75 1 U 74
76 1 U 18
77 0 U 76
78 0 U 77
79 0 U 78
80 1 U 12
81 1 L 80
82 0 U 81
83 1 U 23
84 1 L 44
85 0 L 59
86 1 U 85
87 1 U 86
88 1 U 87
89 0 L 62
90 0 U 12
91 0 L 20
92 1 U 91
93 0 U 92
94 1 U 31
95 1 L 33
96 1 U 3
97 0 L 68
98 0 L 50
99 0 U 42
100
0 0 U -1
1 1 U 0
2 1 U 1
3 0 U 2
4 0 U 3
5 1 L 1
6 1 U 5
7 0 U 6
8 0 U 7
9 1 L 3
10 0 U 5
11 1 U 10
12 1 U 1
13 1 U 12
14 0 U 13
15 1 U 14
16 0 U 15
17 0 U 16
18 0 U 17
19 0 U 18
20 0 U -1
21 1 U 20
22 0 U 7
23 1 L 11
24 0 U 23
25 1 U 24
26 0 U 25
27 0 U 26
28 0 L 15
29 1 L 8
30 1 U 1
31 0 U 11
32 0 U 31
33 0 U 32
34 0 U 33
35 1 U 34
36 1 U 3
37 0 U 36
38 0 U 37
39 1 U 38
40 0 L 1
41 0 U 37
42 0 U 41
43 0 U 42
44 0 U 43
45 0 L 36
46 1 U 0
47 0 L 0
48 0 U 47
49 1 L 16
50 1 U 35
51 0 U 50
52 0 U 51
53 1 U 52
54 0 U 53
55 1 L 49
56 1 U 25
57 1 U 56
58 1 U 32
59 0 U 36
60 0 U -1
61 1 U 60
62 1 U 37
63 0 U 62
64 1 U 63
65 0 L 46
66 0 L 40
67 0 U 66
68 1 U 3
69 0 U 68
70 0 L 1
71 0 U 70
72 1 U 71
73 1 U 72
74 0 U 73
75 1 U 74
76 1 U 18
77 0 U 76
78 0 U 77
79 0 U 78
80 1 U 12
81 0 U 80
82 1 U 22
83 1 U 41
84 0 U 83
85 0 L 59
86 1 U 85
87 1 U 86
88 1 U 87
89 0 L 62
90 0 U 12
91 0 U 2
92 1 U 91
93 0 U 92
94 1 U 31
95 1 L 33
96 1 U 3
97 0 L 68
98 0 L 50
99 0 U 98
100
0 0 U -1
1 1 U 0
2 1 U 1
3 0 U 2
4 0 U 3
5 1 U 0
6 1 U 5
7 0 U 6
8 0 U 7
9 1 L 3
10 1 U -1
11 1 U 10
12 1 U 1
13 1 U 12
14 0 U 13
15 1 U 14
16 0 U 15
17 0 U 16
18 0 U 17
19 0 U 18
20 0 U 10
21 1 U 20
22 0 U 7
23 1 L 11
24 0 U 23
25 1 U 24
26 0 U 25
27 0 U 26
28 0 L 15
29 1 L 8
30 0 L 15
31 0 U 11
32 0 U 31
33 0 U 32
34 0 U 33
35 1 U 34
36 1 U 3
37 0 U 36
38 0 U 37
39 1 U 38
40 0 L 1
41 0 U 37
42 0 U 41
43 0 U 42
44 0 U 43
45 0 L 36
46 1 U 0
47 0 U 46
48 0 U 47
49 1 L 16
50 1 U 35
51 0 U 50
52 0 U 51
53 1 U 52
54 0 U 53
55 1 L 46
56 1 U 25
57 1 U 56
58 1 U 57
59 0 U 36
60 0 U -1
61 1 U 60
62 1 U 37
63 0 U 62
64 1 U 63
65 0 L 46
66 0 L 40
67 0 U 66
68 1 U 3
69 0 U 68
70 1 U -1
71 0 U 70
72 1 U 71
73 1 U 72
74 0 U 73
75 1 U 74
76 1 U 18
77 0 U 76
78 0 U 77
79 0 U 78
80 1 U 12
81 0 U 80
82 0 U 81
83 1 U 23
84 0 U 83
85 0 L 59
86 1 L 9
87 1 U 86
88 1 U 87
89 1 L 51
90 0 U 12
91 0 L 20
92 1 U 91
93 0 U 92
94 1 U 31
95 1 L 33
96 1 U 3
97 0 U 35
98 0 L 50
99 0 U 98
100
0 0 U -1
1 1 U 0
2 1 U 1
3 0 U 2
4 0 U 3
5 1 U 0
6 0 L 0
7 0 U 6
8 0 U 7
9 1 L 3
10 1 U -1
11 1 U 10
12 1 U 1
13 1 U 12
14 0 U 13
15 1 U 14
16 0 U 15
17 0 U 16
18 0 U 17
19 1 U 6
20 0 U -1
21 1 U 20
22 0 U 7
23 1 L 11
24 0 U 23
25 1 U 24
26 0 U 25
27 0 U 26
28 1 L 16
29 1 L 8
30 1 U 1
31 0 U 11
32 0 U 31
33 0 U 32
34 0 U 33
35 1 U 34
36 1 U 3
37 0 U 36
38 0 U 37
39 1 U 38
40 0 L 1
41 0 U 37
42 0 U 41
43 0 L 24
44 1 L 33
45 0 L 36
46 1 U 0
47 0 U 46
48 1 U -1
49 1 L 16
50 1 U 35
51 0 U 50
52 0 U 51
53 1 U 52
54 0 U 53
55 1 L 49
56 1 L 30
57 1 U 56
58 1 U 57
59 0 U 36
60 0 U -1
61 1 U 60
62 1 U 37
63 0 U 62
64 1 U 63
65 0 L 46
66 0 L 40
67 0 U 66
68 1 U 3
69 0 U 68
70 1 U -1
71 0 U 70
72 1 U 71
73 1 U 72
74 0 U 73
75 1 U 74
76 1 U 18
77 0 U 76
78 0 U 77
79 0 U 78
80 1 U 31
81 0 U 80
82 0 U 81
83 1 U 23
84 0 U 83
85 0 L 43
86 0 L 53
87 1 U 86
88 1 U 87
89 0 L 62
90 0 U 12
91 0 L 20
92 1 U 91
93 1 L 88
94 1 U 31
95 1 L 33
96 1 U 3
97 0 L 68
98 0 L 50
99 0 U 98
100
0 0 U -1
1 1 U 0
2 1 U 1
3 0 L 0
4 0 U 3
5 1 U 0
6 0 U 1
7 0 U 6
8 0 U 7
9 1 L 3
10 1 L 2
11 1 U 10
12 1 U 1
13 1 U 12
14 0 U 13
15 1 U 14
16 0 U 15
17 0 U 16
18 0 U 17
19 0 U 18
20 0 U -1
21 1 U 20
22 0 U 7
23 1 L 11
24 0 U 23
25 1 U 24
26 0 U 25
27 0 U 26
28 0 L 15
29 1 L 8
30 1 U 1
31 0 U 11
32 0 U 31
33 0 U 32
34 0 U 33
35 1 U 34
36 1 U 3
37 0 U 36
38 0 U 37
39 1 U 38
40 0 L 1
41 0 U 37
42 0 U 41
43 0 U 42
44 0 U 43
45 0 L 36
46 1 U 0
47 0 U 46
48 0 U 22
49 1 L 16
50 1 U 35
51 0 U 50
52 0 U 51
53 1 U 52
54 0 U 53
55 1 L 49
56 1 U 25
57 1 U 56
58 1 U 57
59 0 U 36
60 0 U -1
61 1 U 60
62 1 U 37
63 0 U 62
64 1 U 63
65 0 L 46
66 0 L 40
67 0 U 66
68 1 U 3
69 0 U 68
70 1 L 19
71 0 U 70
72 1 U 71
73 1 U 72
74 0 U 73
75 1 U 74
76 1 U 18
77 0 U 76
78 0 U 77
79 0 U 44
80 1 U 12
81 0 U 80
82 0 L 3
83 1 U 23
84 0 U 83
85 0 L 59
86 1 U 85
87 1 U 86
88 1 U 87
89 0 L 62
90 0 U 12
91 0 L 20
92 1 U 91
93 0 U 92
94 1 U 31
95 1 L 33
96 1 U 3
97 0 L 68
98 0 U 87
99 0 U 98
100
0 0 U -1
1 1 U 0
2 1 U 1
3 0 L 0
4 0 U 3
5 1 U 0
6 0 U 1
7 0 U 6
8 0 U 7
9 1 L 3
10 1 U -1
11 1 U 10
12 1 U 1
13 1 U 12
14 0 U 13
15 1 U 14
16 0 U 15
17 0 U 16
18 0 U 17
19 0 L 6
20 1 U 3
21 1 L 20
22 0 U 7
23 0 U 17
24 0 U 23
25 1 U 24
26 0 U 25
27 0 U 26
28 0 L 15
29 1 L 8
30 1 U 1
31 0 U 11
32 0 U 31
33 0 U 32
34 0 U 33
35 1 U 34
36 1 U 3
37 0 L 20
38 0 U 37
39 1 U 38
40 0 L 19
41 0 U 37
42 0 U 41
43 0 U 42
44 1 L 27
45 0 L 36
46 1 U 0
47 0 U 46
48 0 U 47
49 1 L 16
50 1 U 35
51 0 U 50
52 0 U 51
53 1 U 52
54 0 U 53
55 1 L 49
56 1 U 25
57 1 U 56
58 1 U 57
59 0 U 36
60 1 U 42
61 1 U 21
62 1 U 37
63 0 U 62
64 1 U 63
65 0 L 46
66 0 L 40
67 0 U 66
68 1 U 3
69 0 U 68
70 1 U -1
71 0 U 70
72 1 U 71
73 1 U 72
74 0 U 73
75 1 U 74
76 1 U 18
77 0 U 76
78 0 U 77
79 1 L 35
80 1 U 12
81 0 U 80
82 0 U 81
83 1 U 23
84 0 U 83
85 0 L 59
86 1 U 85
87 0 L 69
88 1 U 87
89 0 L 37
90 0 U 12
91 0 L 20
92 1 U 91
93 0 U 92
94 1 U 31
95 1 L 33
96 1 U 3
97 0 L 68
98 0 L 50
99 0 U 98
100
0 0 U -1
1 1 U 0
2 1 U 1
3 0 U 2
4 0 U 3
5 1 U 0
6 1 U 5
7 0 U 6
8 0 L 1
9 1 L 3
10 1 U -1
11 1 U 10
12 1 U 1
13 1 U 12
14 0 U 13
15 1 U 14
16 0 U 15
17 0 U 16
18 0 U 17
19 0 U 18
20 0 U -1
21 1 U 20
22 0 U 7
23 1 L 11
24 0 U 23
25 1 U 24
26 0 U 25
27 0 U 26
28 0 L 15
29 1 L 8
30 1 L 23
31 0 U 11
32 0 U 31
33 0 U 32
34 1 L 0
35 1 U 34
36 1 U 3
37 0 U 36
38 0 U 37
39 1 U 38
40 0 L 1
41 0 U 37
42 0 U 41
43 0 U 42
44 0 U 43
45 0 L 36
46 1 U 0
47 0 U 46
48 0 U 47
49 1 L 16
50 1 U 35
51 0 U 50
52 0 L 36
53 1 U 37
54 0 U 53
55 1 L 49
56 1 U 25
57 1 U 56
58 1 U 57
59 0 U 36
60 0 L 58
61 1 U 60
62 1 U 37
63 0 U 62
64 1 U 63
65 0 L 46
66 0 L 40
67 0 U 66
68 1 U 3
69 0 U 68
70 1 U -1
71 0 U 70
72 1 U 71
73 1 U 72
74 0 U 73
75 1 U 74
76 1 U 18
77 0 U 76
78 0 U 77
79 0 U 78
80 1 U 12
81 0 U 80
82 0 U 81
83 1 U 23
84 0 U 83
85 0 L 59
86 1 U 85
87 1 U 86
88 1 U 87
89 0 U 16
90 0 U 44
91 0 L 20
92 1 U 20
93 0 U 92
94 1 U 31
95 1 L 33
96 1 U 3
97 0 L 68
98 0 L 50
99 0 U 98
100
0 0 U -1
1 1 U 0
2 1 U 1
3 0 U 2
4 0 U 3
5 0 L 2
6 1 U 5
7 0 U 6
8 0 U 7
9 1 L 3
10 1 U -1
11 1 U 10
12 1 U 1
13 1 U 12
14 0 U 13
15 0 L 6
16 0 U 15
17 0 U 16
18 0 U 2
19 0 U 18
20 0 U -1
21 1 U 20
22 0 U 7
23 1 L 11
24 0 U 23
25 1 U 24
26 0 U 25
27 0 U 26
28 0 L 15
29 1 L 8
30 1 U 1
31 0 U 11
32 0 U 31
33 0 U 32
34 0 U 33
35 1 U 34
36 1 U 3
37 0 U 36
38 0 U 37
39 1 U 38
40 0 L 1
41 0 U 37
42 0 U 41
43 0 U 42
44 0 U 43
45 0 L 36
46 1 U 0
47 0 U 46
48 0 U 47
49 1 L 16
50 1 U -1
51 0 U 50
52 1 L 1
53 1 U 52
54 0 U 53
55 1 L 49
56 1 U 25
57 1 U 56
58 1 U 53
59 0 U 36
60 0 U -1
61 1 U 60
62 1 U 37
63 0 U 62
64 1 U 63
65 0 L 46
66 0 L 40
67 0 U 66
68 1 U 3
69 0 U 68
70 1 U -1
71 0 U 70
72 1 U 71
73 1 U 72
74 0 U 73
75 1 U 74
76 1 U 18
77 0 U 76
78 0 U 77
79 1 U 61
80 1 U 12
81 0 U 54
82 0 U 81
83 1 U 23
84 0 U 83
85 0 L 59
86 1 U 85
87 0 L 8
88 1 U 87
89 0 L 62
90 0 U 12
91 0 L 20
92 1 U 91
93 0 U 92
94 1 U 31
95 1 L 33
96 1 U 3
97 0 L 68
98 0 L 50
99 0 U 98
100
0 0 U -1
1 1 U 0
2 1 U 1
3 0 U 2
4 0 U 3
5 1 U 0
6 1 U 5
7 0 U 6
8 0 U 7
9 0 U 3
10 1 U -1
11 1 U 10
12 1 U 1
13 1 U 12
14 0 U 13
15 1 U 14
16 0 U 15
17 0 U 16
18 0 U 17
19 0 U 18
20 0 U -1
21 1 U 20
22 0 U 7
23 1 L 11
24 0 U 23
25 1 U 17
26 0 U 25
27 0 U 26
28 1 L 2
29 1 L 8
30 1 U 1
31 0 U 11
32 0 U 31
33 0 L 24
34 0 U 33
35 1 U 34
36 1 U 0
37 0 U 36
38 0 U 37
39 1 U 38
40 0 L 1
41 0 U 37
42 0 U 41
43 0 U 42
44 0 U 43
45 1 U 35
46 1 U 0
47 0 U 46
48 1 L 1
49 1 L 16
50 1 U 35
51 0 U 50
52 0 U 51
53 1 U 52
54 0 U 53
55 1 L 49
56 1 U 25
57 1 U 56
58 1 U 57
59 0 U 36
60 0 U -1
61 1 U 60
62 1 U 37
63 0 U 62
64 1 U 63
65 0 L 46
66 0 L 26
67 1 U 4
68 1 U 3
69 0 U 43
70 1 U -1
71 0 U 70
72 1 U 71
73 1 U 72
74 0 U 73
75 1 U 74
76 1 U 18
77 0 U 76
78 0 U 77
79 0 U 78
80 1 U 12
81 1 U 68
82 0 U 81
83 1 U 23
84 0 U 83
85 1 U 26
86 1 U 85
87 1 U 86
88 0 U 5
89 0 U 29
90 0 U 12
91 0 L 20
92 1 U 91
93 0 U 92
94 1 U 31
95 1 L 33
96 1 U 3
97 0 L 68
98 0 L 50
99 0 U 98
100
0 0 U -1
1 1 U 0
2 1 U 1
3 0 U 2
4 0 U 3
5 1 U 0
6 1 U 5
7 0 U 6
8 0 U 7
9 1 L 3
10 1 U -1
11 1 U 10
12 1 U 1
13 1 U 12
14 0 U 13
15 1 U 14
16 0 U 15
17 0 U 16
18 0 U 11
19 0 L 14
20 0 U -1
21 1 U 20
22 0 U 7
23 1 L 11
24 0 U 23
25 1 U 24
26 0 U 25
27 0 U 26
28 0 L 15
29 1 L 8
30 1 U 1
31 0 U 11
32 0 U 31
33 0 U 32
34 0 U 33
35 1 U 34
36 1 U 3
37 0 U 36
38 0 U 37
39 1 U 38
40 0 L 1
41 0 U 37
42 0 U 41
43 0 U 42
44 0 U 43
45 0 L 36
46 1 U 0
47 1 L 1
48 0 U 47
49 1 L 16
50 1 U 35
51 0 U 50
52 0 U 51
53 1 U 52
54 1 U 46
55 1 L 49
56 1 U 25
57 1 U 56
58 1 U 57
59 0 U 36
60 0 U -1
61 1 U 60
62 1 U 37
63 0 L 49
64 1 U 63
65 0 L 46
66 0 L 40
67 0 U 66
68 1 U 3
69 0 U 68
70 1 U -1
71 0 U 70
72 1 U 71
73 1 U 72
74 0 U 73
75 1 U 74
76 1 U 18
77 0 U 76
78 0 U 77
79 1 U 57
80 1 U 12
81 0 L 12
82 0 U 81
83 1 U 23
84 0 U 83
85 0 L 59
86 1 U 85
87 1 U 86
88 1 U 87
89 0 L 62
90 0 U 12
91 0 L 73
92 1 U 91
93 0 U 92
94 1 U 93
95 1 L 33
96 1 U 3
97 0 L 68
98 0 L 50
99 0 U 98
100
0 0 U -1
1 1 U 0
2 0 U 0
3 0 U 2
4 0 U 3
5 1 U 0
6 1 U 5
7 0 U 6
8 0 U 3
9 1 L 3
10 1 U -1
11 1 U 10
12 1 U 1
13 1 U 12
14 0 U 13
15 1 U 14
16 0 U 15
17 0 U 16
18 0 U 17
19 0 U 18
20 0 U -1
21 1 U 20
22 0 U 7
23 1 L 11
24 0 U 23
25 1 U 24
26 0 U 25
27 0 U 26
28 0 L 15
29 1 L 8
30 1 U 1
31 0 U 11
32 0 U 31
33 0 U 32
34 0 U 33
35 1 U 34
36 1 U 3
37 0 U 36
38 0 U 37
39 1 U 38
40 0 L 1
41 0 U 37
42 0 U 41
43 1 L 9
44 1 U 6
45 0 L 36
46 1 U 0
47 0 U 46
48 0 U 47
49 1 L 16
50 1 U 35
51 0 U 50
52 0 U 51
53 1 U 52
54 0 U 53
55 1 L 49
56 1 U 25
57 1 U 56
58 1 U 57
59 0 U 36
60 0 U 39
61 1 U 60
62 1 U 37
63 0 U 62
64 1 U -1
65 0 L 46
66 0 L 40
67 0 U 66
68 1 U 3
69 0 U 68
70 1 U -1
71 0 U 70
72 1 U 71
73 1 U 72
74 0 U 73
75 1 U 74
76 1 L 58
77 0 U 76
78 0 U 77
79 0 U 78
80 1 U 12
81 0 U 80
82 0 U 81
83 1 U 23
84 0 U 83
85 0 L 59
86 1 U 85
87 1 U 86
88 1 U 87
89 1 U 14
90 0 U 12
91 0 L 20
92 1 U 91
93 0 U 92
94 1 U 31
95 1 L 33
96 1 U 3
97 0 L 68
98 0 L 50
99 0 U 98
100
0 0 U -1
1 1 U 0
2 1 U 1
3 0 U 2
4 0 L 2
5 1 U 0
6 1 U 5
7 0 U 6
8 1 L 4
9 1 L 3
10 1 U -1
11 1 U 10
12 1 U 1
13 1 U 12
14 0 U 13
15 1 U 14
16 1 L 14
17 0 U 16
18 0 U 17
19 0 U 18
20 1 L 5
21 1 U 20
22 0 U 7
23 1 L 11
24 0 U 23
25 1 U 24
26 0 U 25
27 0 U 26
28 0 L 15
29 1 L 8
30 1 U 1
31 0 U 11
32 0 U 31
33 0 U 32
34 0 U 33
35 1 U 34
36 1 U 3
37 0 U 36
38 0 U 37
39 1 U 38
40 0 L 1
41 0 U 37
42 0 U 21
43 0 U 42
44 0 U 43
45 0 L 36
46 1 U 0
47 0 U 46
48 0 U 47
49 1 L 16
50 1 U 35
51 0 U 50
52 0 L 13
53 1 L 39
54 0 U 53
55 1 L 49
56 1 U 25
57 1 U 56
58 1 U 57
59 0 U 36
60 0 U -1
61 1 U 60
62 1 U 37
63 0 U 62
64 1 U 63
65 0 L 46
66 0 L 40
67 0 U 66
68 1 U 3
69 0 U 68
70 1 U -1
71 0 U 70
72 1 U 71
73 1 U 72
74 0 U 73
75 1 U 74
76 1 U 18
77 0 U 76
78 0 L 36
79 0 U 78
80 1 U 12
81 0 U 80
82 0 U 81
83 0 L 48
84 0 U 83
85 0 L 59
86 1 U 85
87 0 L 35
88 1 U 87
89 0 L 62
90 0 U 12
91 0 L 20
92 1 U 91
93 0 U 92
94 1 U 31
95 1 L 33
96 1 U 3
97 0 L 68
98 0 U 37
99 0 U 98
100
0 0 U -1
1 1 U 0
2 1 U 1
3 0 U 2
4 0 U 3
5 1 U 0
6 1 U 5
7 0 U 6
8 0 U 7
9 1 L 3
10 1 U -1
11 1 U 10
12 1 U 1
13 0 L 4
14 0 U 13
15 1 U 14
16 0 U 15
17 0 U 16
18 0 U 17
19 0 U 18
20 0 L 15
21 1 U 20
22 0 U 7
23 1 L 11
24 0 U 23
25 1 U 24
26 0 U 25
27 0 U 26
28 0 L 15
29 1 L 8
30 1 U 17
31 0 U 11
32 0 U 31
33 0 U 32
34 0 U 33
35 1 U 34
36 1 U 3
37 0 U 36
38 0 U 37
39 1 U 38
40 0 L 1
41 0 U 37
42 0 U 41
43 0 U 42
44 0 U 43
45 0 L 36
46 1 U 0
47 0 U 46
48 0 U 47
49 1 L 16
50 1 U 35
51 0 U 50
52 0 U 51
53 1 U 52
54 0 U 53
55 1 L 49
56 1 U 25
57 1 U 56
58 1 U 57
59 0 U 36
60 0 U -1
61 1 U 60
62 1 U 37
63 0 U 62
64 1 U 63
65 1 L 32
66 0 L 40
67 0 U 66
68 1 U 3
69 0 U 68
70 1 L 61
71 0 U 70
72 1 U 71
73 1 U 72
74 0 U 73
75 1 U 74
76 1 U 18
77 0 U 76
78 0 U 77
79 0 U 78
80 0 L 4
81 0 U 80
82 0 U 81
83 1 U 23
84 0 U 83
85 0 L 59
86 1 U 85
87 1 U 86
88 0 U 12
89 0 L 62
90 0 U 12
91 0 L 20
92 1 U 91
93 0 U 92
94 1 U 31
95 1 L 33
96 1 U 3
97 0 L 68
98 0 L 50
99 0 U 98
100
0 0 U -1
1 1 U 0
2 1 U 1
3 0 L 2
4 0 U 3
5 1 U 0
6 0 U 0
7 0 U 6
8 0 U 7
9 1 L 3
10 1 U -1
11 1 U 10
12 1 U 1
13 1 L 0
14 0 U 13
15 1 U 14
16 1 L 15
17 0 U 16
18 0 U 17
19 0 U 18
20 0 U -1
21 1 U 20
22 0 U 7
23 1 L 11
24 0 U 23
25 1 U 24
26 0 U 25
27 0 U 26
28 0 L 15
29 1 L 8
30 1 U 1
31 0 U 11
32 1 L 3
33 0 U 32
34 0 U 33
35 1 U 34
36 1 U 3
37 0 U 36
38 0 U 37
39 1 U 38
40 0 L 1
41 0 U 37
42 0 U 41
43 1 U 14
44 0 U 43
45 0 L 36
46 1 U 0
47 0 U 46
48 0 U 47
49 1 L 16
50 1 U 35
51 0 U 50
52 0 U 51
53 1 U 52
54 0 U 53
55 1 L 49
56 1 U 25
57 0 L 8
58 1 U 57
59 0 U 36
60 1 U 10
61 1 U 60
62 1 U 37
63 0 U 62
64 1 U 63
65 0 L 46
66 0 L 40
67 0 U 66
68 1 U 3
69 0 U 68
70 1 U -1
71 0 L 25
72 1 U 71
73 1 U 72
74 0 U 73
75 1 U 0
76 1 U 18
77 0 U 76
78 1 U 75
79 0 U 78
80 1 U 12
81 0 U 80
82 0 U 81
83 1 U 23
84 0 U 83
85 0 L 59
86 1 U 85
87 0 L 71
88 1 U 87
89 1 L 18
90 0 U 12
91 0 L 20
92 1 U 91
93 0 U 92
94 1 U 31
95 1 L 33
96 1 U 3
97 0 L 68
98 0 L 50
99 0 U 98
100
0 0 U -1
1 1 U 0
2 1 U 1
3 0 U 2
4 0 U 3
5 1 U 0
6 1 U 5
7 0 U 6
8 0 L 7
9 1 L 3
10 1 U -1
11 1 U 10
12 1 U 1
13 1 U 12
14 0 U 13
15 1 U 14
16 0 U 15
17 0 U 16
18 0 U 17
19 0 U 10
20 0 U -1
21 1 U 20
22 0 U 7
23 1 L 11
24 0 U 23
25 1 U 24
26 0 U 25
27 0 U 26
28 0 L 15
29 1 L 8
30 1 U 1
31 0 U 11
32 0 U 31
33 0 U 32
34 0 U 33
35 1 U 34
36 1 U 3
37 0 U 36
38 0 U 37
39 1 U 38
40 0 L 1
41 0 U 37
42 0 U 41
43 0 U 42
44 0 U 16
45 0 L 36
46 1 U 0
47 0 U 46
48 0 U 47
49 1 L 16
50 1 U 35
51 0 U 50
52 0 U 51
53 1 U 52
54 0 U 53
55 1 L 49
56 0 L 46
57 1 U 56
58 1 U 57
59 0 L 20
60 0 U -1
61 1 U 60
62 1 U 37
63 0 U 62
64 1 U 63
65 1 U 19
66 0 L 40
67 0 U 66
68 1 U 3
69 0 U 68
70 1 U -1
71 0 U 70
72 1 U 71
73 1 U 72
74 0 U 73
75 1 U 74
76 1 U 18
77 0 U 76
78 0 U 77
79 0 U 78
80 1 U 12
81 0 U 80
82 0 U 81
83 1 U 23
84 0 U 83
85 0 L 59
86 1 U 85
87 1 U 86
88 1 U 87
89 0 L 62
90 0 U 12
91 0 L 20
92 1 U 91
93 0 U 92
94 1 U 31
95 1 L 33
96 1 U 3
97 1 U 15
98 0 L 50
99 0 U 98
100
0 0 U -1
1 1 U 0
2 1 U 1
3 0 U 2
4 0 U 3
5 1 U 0
6 1 U 5
7 0 U 6
8 0 U 7
9 1 L 3
10 1 U -1
11 1 U 10
12 1 U 1
13 1 U 12
14 0 U 13
15 1 U 14
16 0 U 15
17 0 U 16
18 0 U 17
19 0 U 18
20 0 U -1
21 1 U 20
22 0 U 7
23 1 L 11
24 0 U 23
25 1 U 13
26 1 U 1
27 0 U 26
28 1 U 5
29 1 L 8
30 1 U 1
31 1 L 18
32 0 U 31
33 1 L 23
34 0 U 33
35 1 U 34
36 1 U 3
37 0 U 36
38 0 U 37
39 1 U 38
40 0 L 1
41 0 U 37
42 0 U 41
43 0 U 42
44 0 U 43
45 0 L 36
46 1 U 0
47 0 U 46
48 0 U 47
49 1 L 16
50 1 U 35
51 0 U 50
52 0 U 51
53 1 U 52
54 0 U 53
55 1 L 49
56 1 U 25
57 1 U 56
58 1 U 57
59 0 U 36
60 0 U -1
61 1 U 60
62 1 U 37
63 0 U 62
64 1 U 63
65 0 L 46
66 0 L 40
67 0 U 66
68 1 U 3
69 1 U 64
70 1 U -1
71 0 U 70
72 1 U 71
73 1 U 72
74 0 U 73
75 1 U 74
76 1 U 18
77 0 U 76
78 0 U 77
79 0 U 78
80 0 L 26
81 1 U 33
82 0 U 81
83 1 U 23
84 0 U 83
85 0 L 59
86 1 U 85
87 1 U 86
88 1 U 87
89 0 L 62
90 0 U 12
91 0 L 20
92 1 U 91
93 0 U 92
94 1 U 31
95 1 L 33
96 1 U 3
97 0 L 68
98 0 L 50
99 0 U 36
100
0 0 U -1
1 1 U 0
2 1 U 1
3 0 U 2
4 0 U 3
5 1 U 0
6 1 U 5
7 0 U 6
8 0 U 7
9 1 L 3
10 1 U -1
11 1 U 10
12 1 U 1
13 1 U 12
14 0 U 13
15 1 U 14
16 0 U 15
17 0 U 16
18 0 U 17
19 0 U 18
20 0 U -1
21 1 L 14
22 0 U 7
23 1 L 11
24 0 U 23
25 1 U 24
26 0 U 25
27 0 U 26
28 0 L 15
29 1 L 8
30 1 U 1
31 0 U 11
32 0 U 31
33 1 L 11
34 0 U 33
35 1 U 34
36 1 U 3
37 0 U 36
38 0 U 37
39 1 U 38
40 0 L 1
41 0 U 37
42 0 U 30
43 0 U 42
44 0 U 43
45 0 U 33
46 1 U 0
47 0 L 0
48 0 U 47
49 1 L 16
50 1 U 35
51 0 U 29
52 0 U 51
53 1 U 52
54 0 U 53
55 1 L 49
56 0 L 1
57 1 U 56
58 1 U 57
59 0 U 36
60 0 U 55
61 1 U 60
62 1 U 37
63 0 U 62
64 1 U 63
65 0 L 46
66 0 L 40
67 0 U 66
68 1 U 3
69 0 U 68
70 1 U -1
71 0 U 70
72 1 U 71
73 1 U 72
74 0 U 73
75 1 U 74
76 1 U 18
77 0 U 76
78 0 U 77
79 0 U 78
80 1 U 12
81 0 U 80
82 0 U 81
83 1 U 19
84 0 U 83
85 0 L 59
86 1 U 85
87 1 L 23
88 1 U 87
89 0 L 62
90 1 U 57
91 0 L 20
92 1 U 91
93 0 U 92
94 1 U 31
95 1 L 33
96 1 U 3
97 0 L 68
98 0 L 50
99 0 U 98
100
0 1 L -1
1 1 U 0
2 1 U 1
3 0 U 2
4 0 U 3
5 0 L 2
6 1 U 5
7 0 U 6
8 0 U 7
9 1 L 3
10 1 U -1
11 1 U 1
12 1 U 1
13 1 U 12
14 0 U 13
15 1 U 14
16 0 U 15
17 0 U 16
18 0 U 17
19 0 U 18
20 0 U -1
21 1 U 20
22 0 U 7
23 1 L 11
24 0 U 23
25 1 U 24
26 0 U 25
27 0 U 26
28 0 L -1
29 1 L 8
30 1 U 1
31 0 U 11
32 0 U 31
33 0 U 32
34 0 U 33
35 1 U 34
36 1 U 3
37 0 U 36
38 0 U 37
39 1 U 38
40 0 L 1
41 1 L 16
42 0 U 41
43 0 U 42
44 0 U 43
45 0 L 36
46 1 U 0
47 0 U 46
48 1 L 23
49 1 L 16
50 1 U 35
51 0 U 50
52 0 U 51
53 1 U 52
54 0 U 53
55 1 L 49
56 1 U 25
57 1 U 56
58 1 U 57
59 0 U 36
60 0 U -1
61 1 U 60
62 1 U 37
63 0 U 62
64 0 L 55
65 0 L 46
66 0 L 40
67 1 U 66
68 1 U 3
69 0 U 68
70 1 L 2
71 0 U 70
72 1 U 71
73 1 U 72
74 1 L 28
75 1 U 74
76 1 U 18
77 0 U 76
78 0 U 77
79 0 U 78
80 1 U 12
81 0 U 80
82 0 U 81
83 1 U 23
84 0 U 83
85 0 L 63
86 1 U 85
87 1 U 86
88 1 U 87
89 0 L 62
90 0 U 12
91 0 L 20
92 1 U 91
93 0 U 92
94 1 U 31
95 1 L 33
96 1 U 3
97 0 L 68
98 0 L 50
99 0 U 98
100
0 1 L -1
1 1 U 0
2 1 U 1
3 0 U 2
4 0 U 3
5 1 U 0
6 1 U 5
7 0 U 6
8 0 U 7
9 1 L 3
10 1 U -1
11 0 L 9
12 1 U 1
13 1 U 12
14 0 U 13
15 1 U 14
16 0 U 15
17 0 U 16
18 0 U 8
19 0 U 18
20 0 U -1
21 1 U 20
22 0 U 7
23 1 L 11
24 0 U 23
25 1 U 24
26 0 U 25
27 1 L 3
28 1 U 26
29 1 L 8
30 1 U 1
31 0 U 11
32 0 U 31
33 0 U 32
34 0 U 33
35 1 U 34
36 1 U 3
37 1 U 25
38 0 U 16
39 1 U 3
40 0 L 1
41 0 U 37
42 0 U 41
43 0 U 42
44 0 U 43
45 0 L 36
46 1 U 0
47 0 U 46
48 0 U 47
49 1 L 16
50 1 U 12
51 0 U 50
52 0 U 51
53 1 U 52
54 0 U 53
55 1 L 49
56 1 U 25
57 1 U 56
58 1 U 57
59 0 U 36
60 0 U -1
61 1 U 60
62 1 U 37
63 0 U 62
64 1 U 63
65 0 L 46
66 0 L 44
67 0 U 66
68 1 U 3
69 0 L 12
70 1 L 53
71 0 U 70
72 1 U 71
73 1 L 42
74 0 U 73
75 1 U 74
76 1 U 18
77 0 U 76
78 0 U 51
79 0 U 42
80 1 U 12
81 0 U 80
82 0 U 81
83 1 U 23
84 0 U 83
85 0 L 59
86 0 U 65
87 1 U 86
88 1 U 87
89 0 L 62
90 0 U 12
91 0 L 20
92 1 U 91
93 0 U 92
94 1 U 31
95 1 L 33
96 1 U 3
97 0 L 68
98 0 L 50
99 0 U 98
100
0 0 U -1
1 1 U 0
2 1 U 1
3 0 L 0
4 0 U 3
5 1 U 0
6 1 U 5
7 0 U 6
8 0 U 7
9 1 L 3
10 1 U -1
11 1 U 10
12 1 U 1
13 1 L 10
14 0 U 13
15 1 U 14
16 0 U 15
17 0 U 16
18 0 U 17
19 0 U 18
20 0 U -1
21 1 U 20
22 0 U 7
23 1 L 11
24 0 U 23
25 1 U 24
26 0 U 25
27 0 U 6
28 0 L 15
29 1 L 8
30 1 U 1
31 0 U 11
32 0 U 31
33 0 U 32
34 0 U 33
35 1 U 34
36 1 U 33
37 0 U 36
38 0 U 37
39 1 U 38
40 1 U 7
41 0 U 37
42 0 U 41
43 0 U 42
44 0 U 43
45 0 L 36
46 1 U 0
47 0 U 46
48 0 U 47
49 0 U 15
50 1 U 35
51 0 U 50
52 0 L 20
53 1 L 15
54 0 U 53
55 1 L 49
56 1 U 25
57 1 U 56
58 1 U 57
59 0 U 36
60 0 U -1
61 1 U 60
62 1 U 37
63 0 U 62
64 1 U 63
65 0 L 46
66 0 L 40
67 0 U 66
68 1 U 3
69 0 U 68
70 1 U -1
71 0 U 70
72 1 U 71
73 1 U 72
74 0 U 73
75 1 U 74
76 0 L 42
77 0 U 76
78 0 U 77
79 0 U 78
80 1 U 12
81 0 U 80
82 0 U 81
83 1 U 23
84 0 U 83
85 0 L 59
86 1 U 85
87 1 U 86
88 1 U 87
89 0 L 62
90 0 U 12
91 0 L 20
92 1 U 91
93 0 U 92
94 1 U 31
95 1 L 33
96 1 U 3
97 0 L 68
98 0 L 50
99 0 U 98
100
0 0 U -1
1 1 U 0
2 1 U 1
3 0 U 2
4 0 U 3
5 1 U 0
6 1 U 5
7 0 U 6
8 0 U 7
9 1 L 3
10 1 U -1
11 1 U 10
12 1 U 1
13 1 U 12
14 0 U 13
15 1 U 14
16 0 U 15
17 0 U 16
18 0 U 17
19 0 U 18
20 0 U -1
21 1 U 15
22 0 U 7
23 1 L 11
24 0 U 23
25 1 U 24
26 0 U 25
27 0 U 26
28 0 L 15
29 1 L 8
30 1 U 1
31 0 L 21
32 0 U 31
33 0 U 32
34 0 U 33
35 1 U 34
36 1 U 3
37 0 U 36
38 0 U 37
39 1 U 38
40 0 L 1
41 0 U 37
42 0 U 41
43 0 U 42
44 0 U 43
45 0 L 36
46 1 U 0
47 0 U 46
48 0 U 47
49 1 L 16
50 0 U 35
51 0 L 40
52 0 U 51
53 1 U 52
54 0 U 53
55 1 L 49
56 1 U 25
57 1 U 56
58 1 U 57
59 0 U 36
60 0 U -1
61 1 U 60
62 1 U 37
63 0 U 62
64 1 U 63
65 0 L 46
66 0 L 40
67 0 U 66
68 1 U 3
69 0 U 68
70 0 L 34
71 0 U 70
72 1 U 71
73 1 U 72
74 0 U 73
75 1 U 74
76 1 U 18
77 0 U 76
78 0 U 77
79 0 U 78
80 1 U 12
81 0 U 80
82 0 U 81
83 1 U 23
84 0 U 83
85 1 L 23
86 1 U 85
87 1 U 86
88 1 U 87
89 0 L 62
90 0 U 12
91 0 L 20
92 1 U 91
93 0 U 92
94 1 U 31
95 1 L 33
96 1 U 3
97 0 L 68
98 0 L 50
99 0 U 98
100
0 0 U -1
1 1 U 0
2 1 U 1
3 0 U 2
4 0 U 3
5 1 U 0
6 1 U 5
7 0 U 6
8 1 L 3
9 1 U 2
10 1 U 9
11 1 U 10
12 1 U 1
13 1 U 12
14 0 U 13
15 1 U 14
16 0 U 15
17 0 U 16
18 0 U 17
19 0 U 18
20 0 U -1
21 1 U 20
22 0 U 7
23 1 L 11
24 0 U 23
25 1 U 24
26 0 U 25
27 0 U 26
28 0 L 15
29 1 L 8
30 1 U 1
31 0 U 11
32 0 U 31
33 0 U 32
34 0 U -1
35 1 U 34
36 1 U 3
37 0 U 36
38 0 U 37
39 1 U 38
40 0 L 1
41 0 U 37
42 0 U 41
43 0 U 42
44 0 U 43
45 0 L 36
46 1 U 0
47 0 U 46
48 0 U 47
49 1 L 16
50 1 U 35
51 0 U 50
52 0 U 51
53 1 U 52
54 0 U 53
55 1 L 49
56 1 U 25
57 1 U 56
58 1 U 57
59 0 U 36
60 0 U -1
61 1 U 60
62 1 U 37
63 0 U 62
64 1 U 63
65 0 L 46
66 0 L 40
67 0 U 66
68 1 L 42
69 0 U 68
70 1 U -1
71 0 U 70
72 1 U 71
73 1 U 72
74 0 U 73
75 1 U 74
76 1 U 18
77 0 U 76
78 0 U 77
79 0 U 78
80 1 U 12
81 0 U 80
82 1 U 14
83 1 U 73
84 0 U 83
85 0 L 59
86 1 U 85
87 1 U 86
88 1 U 87
89 0 L 62
90 1 U 10
91 0 L 20
92 1 U 78
93 0 U 92
94 1 U 31
95 1 L 33
96 1 U 3
97 0 L 68
98 0 L 50
99 0 U 98
100
0 0 U -1
1 1 U 0
2 1 U 1
3 0 U 2
4 0 U 3
5 1 U 0
6 1 U 5
7 0 U 6
8 0 U 7
9 1 L 3
10 1 U -1
11 1 U 10
12 1 U 1
13 1 U 12
14 0 U 13
15 1 U 14
16 0 U 15
17 0 U 16
18 0 U 17
19 0 U 18
20 0 U 8
21 1 U 20
22 1 U -1
23 1 L 11
24 0 U 23
25 1 U 24
26 0 L 4
27 0 U 26
28 0 L 15
29 1 L 8
30 1 U 1
31 0 U 11
32 0 U 31
33 0 U 32
34 0 U 33
35 1 U 34
36 1 U 3
37 0 U 36
38 0 U 37
39 1 U 38
40 0 L 1
41 0 U 37
42 0 U 41
43 0 L 15
44 1 U 6
45 0 L 36
46 1 U 0
47 0 U 46
48 0 U 47
49 1 L 16
50 1 L 42
51 0 U 50
52 1 U 36
53 1 U 52
54 0 U 53
55 1 L 49
56 1 U 25
57 1 U 56
58 1 U 57
59 1 U 49
60 0 U -1
61 1 U 60
62 1 U 37
63 0 U 62
64 1 U 63
65 0 L 46
66 0 U 4
67 1 L 64
68 1 U 3
69 0 U 68
70 1 U -1
71 0 U 70
72 1 U 71
73 1 U 72
74 0 U 73
75 1 U 74
76 1 U 62
77 0 U 76
78 0 U 77
79 0 U 78
80 1 U 77
81 0 U 80
82 0 U 81
83 1 U 23
84 0 U 83
85 0 L 59
86 1 U 85
87 1 U 86
88 1 U 87
89 0 L 30
90 0 U 12
91 0 L 20
92 1 U 91
93 0 U 92
94 1 U 31
95 1 L 33
96 1 U 3
97 0 L 68
98 0 L 50
99 0 U 98
100
0 0 U -1
1 1 U 0
2 1 U 1
3 0 U 2
4 0 U 3
5 1 U -1
6 1 U 5
7 0 U 6
8 0 U 7
9 1 L 3
10 1 U -1
11 1 U 10
12 0 L 6
13 1 U 12
14 0 U 13
15 1 U 14
16 0 L -1
17 0 U 16
18 0 U 17
19 0 U 18
20 0 U -1
21 1 U 20
22 0 L 4
23 1 L 11
24 0 U 23
25 1 U 24
26 0 U 25
27 0 U 26
28 0 L 15
29 1 L 8
30 1 U 1
31 0 U 11
32 0 U 31
33 0 U 32
34 0 U 33
35 1 U 34
36 1 U 3
37 0 U 36
38 0 U 37
39 1 U 38
40 0 L 1
41 0 U 37
42 0 U 41
43 0 U 41
44 0 U 43
45 0 L 36
46 1 U 0
47 0 U 46
48 1 L 11
49 1 L 16
50 1 U 35
51 0 U 50
52 0 U 51
53 1 U 52
54 0 U 53
55 1 L 49
56 1 U 25
57 1 L 45
58 1 U 57
59 0 U 36
60 0 U -1
61 1 U 60
62 1 U 37
63 0 U 62
64 1 U 63
65 0 L 46
66 0 L 40
67 0 U 66
68 1 U 3
69 0 U 68
70 1 U -1
71 0 U 70
72 1 U 71
73 1 U 72
74 0 U 73
75 1 U 74
76 1 U 18
77 0 U 76
78 0 U 77
79 0 U 78
80 1 U 12
81 0 U 80
82 0 L 40
83 1 U 23
84 0 U 83
85 1 U 20
86 1 U 85
87 1 U 86
88 1 U 87
89 1 U 26
90 0 U 12
91 0 L 20
92 1 U 91
93 0 U 92
94 1 U 31
95 1 L 33
96 1 U 3
97 0 L 68
98 0 L 50
99 0 U 98
100
0 0 U -1
1 1 U 0
2 1 U 1
3 0 U 2
4 0 U 3
5 1 U 0
6 1 U 5
7 0 U 6
8 0 U 7
9 1 L 3
10 1 U -1
11 1 U 10
12 1 U 1
13 0 L 4
14 0 U 13
15 0 L 9
16 0 U 15
17 0 U 16
18 0 U 17
19 0 U 18
20 0 U -1
21 1 U 20
22 0 U 7
23 1 L 11
24 0 U 23
25 1 U 16
26 0 U 25
27 0 U 26
28 0 L 15
29 1 L 8
30 1 U 1
31 0 U 11
32 0 L 17
33 0 U 32
34 0 U 33
35 1 U 34
36 1 U 3
37 0 U 36
38 0 U 37
39 1 U 38
40 0 L 1
41 0 U 37
42 0 U 41
43 0 U 42
44 0 U 43
45 0 L 36
46 1 U 0
47 0 U 46
48 0 U 47
49 1 L 16
50 1 U 35
51 0 U 50
52 0 U 51
53 1 U 52
54 0 U 53
55 1 L 49
56 1 U 25
57 1 U 56
58 1 U 57
59 0 U 48
60 0 U -1
61 1 U 60
62 1 U 37
63 0 U 62
64 1 U 63
65 0 L 46
66 0 U 28
67 0 U 66
68 1 U 3
69 0 U 68
70 1 U 58
71 0 U 70
72 1 U 71
73 1 U 72
74 0 U 73
75 1 U 74
76 1 U 18
77 0 U 76
78 0 U 77
79 0 U 78
80 1 U 12
81 0 U 80
82 0 U 81
83 1 U 23
84 0 U 83
85 0 L 59
86 1 U 85
87 1 U 86
88 1 U 87
89 0 L 62
90 0 U 12
91 0 U 52
92 1 U 91
93 1 L 9
94 1 U 31
95 1 L 33
96 1 U 3
97 0 L 68
98 0 L 50
99 0 U 98
100
0 0 U -1
1 1 U 0
2 1 U 1
3 0 U 2
4 0 U 3
5 1 U 0
6 1 U 5
7 0 U 6
8 0 U 7
9 1 L 3
10 1 U -1
11 1 U 10
12 1 U 1
13 1 U 12
14 0 U 13
15 1 U 14
16 0 U 15
17 0 U 16
18 0 U 17
19 0 U 18
20 0 U -1
21 1 U 20
22 0 U 7
23 1 L 11
24 0 U 23
25 1 U 24
26 0 U 25
27 0 U 26
28 0 L 12
29 1 L 8
30 1 U 1
31 0 U 11
32 0 U 31
33 0 U 32
34 0 U 33
35 0 L -1
36 1 U 3
37 0 U 36
38 0 U 37
39 1 U 38
40 0 L 1
41 0 U 37
42 0 U 41
43 0 U 42
44 0 U 43
45 0 L 36
46 1 U 0
47 0 U 46
48 0 U 47
49 0 L 21
50 1 U 35
51 0 U 50
52 0 U 51
53 1 L 24
54 0 U 53
55 1 L 49
56 1 U 25
57 1 U 56
58 1 U 57
59 0 U 36
60 0 U -1
61 1 U 60
62 1 U 37
63 0 U 62
64 1 U 63
65 1 U 43
66 0 L 40
67 0 U 66
68 1 U 3
69 0 U 68
70 1 U -1
71 0 U 70
72 1 U 71
73 1 U 72
74 0 U 73
75 1 U 74
76 1 U 18
77 0 U 76
78 0 U 77
79 0 U 78
80 1 U 12
81 0 U 80
82 0 U 81
83 1 U 23
84 0 U 83
85 0 L 59
86 1 U 85
87 1 U 86
88 1 U 87
89 0 L 62
90 0 U 12
91 0 L 20
92 1 U 91
93 0 U 92
94 1 U 31
95 0 L 47
96 1 U 3
97 0 L 68
98 0 L 50
99 0 U 98
100
0 0 U -1
1 1 U 0
2 1 U 1
3 0 U 2
4 0 U 3
5 1 U 0
6 1 U 5
7 0 U 6
8 0 U 7
9 1 L 3
10 1 U -1
11 1 U 10
12 1 U 1
13 1 U 12
14 0 U 13
15 1 U 14
16 0 U 15
17 0 U -1
18 0 U 17
19 0 U 18
20 0 U -1
21 1 U 20
22 0 U 7
23 1 L 11
24 0 U 23
25 1 U 24
26 0 U 25
27 0 U 26
28 0 L 15
29 1 L 8
30 1 L 21
31 0 U 11
32 0 U 31
33 0 U 32
34 0 U 33
35 1 U 34
36 1 U 3
37 0 U 36
38 0 U 37
39 1 U 38
40 0 L 1
41 0 U 37
42 0 U 41
43 0 U 42
44 0 U 43
45 0 L 36
46 1 U 0
47 0 U 46
48 1 U 34
49 1 L 16
50 0 U 21
51 0 U 50
52 0 U 51
53 1 U 52
54 0 U 53
55 1 L 49
56 1 U 25
57 1 U 56
58 1 U 57
59 0 U 36
60 0 U -1
61 0 L 52
62 1 U 37
63 1 U 36
64 1 U 63
65 0 L 46
66 0 L 40
67 0 U 66
68 1 U 3
69 0 U 68
70 0 L 47
71 0 U 70
72 1 U 71
73 0 U 51
74 0 U 73
75 1 U 74
76 1 U 18
77 0 U 76
78 0 U 77
79 0 U 78
80 1 U 12
81 0 U 80
82 0 U 81
83 1 U 23
84 0 U 19
85 0 L 59
86 0 U 30
87 1 U 86
88 1 U 87
89 0 L 62
90 0 U 12
91 0 L 20
92 1 U 91
93 0 U 92
94 1 U 31
95 1 L 33
96 1 U 3
97 1 L 92
98 0 L 50
99 0 U 98
100
0 0 U -1
1 1 U 0
2 0 U 0
3 0 U 2
4 0 U 3
5 1 U 0
6 1 U 5
7 0 U 6
8 0 U 7
9 1 L 3
10 1 U -1
11 1 U 10
12 1 U 1
13 1 U 12
14 0 U 13
15 1 U 14
16 0 U 15
17 1 L 0
18 0 U 17
19 0 U 18
20 0 U -1
21 0 U 8
22 0 U 7
23 1 L 11
24 0 U 23
25 1 U 24
26 0 U 25
27 0 U 26
28 0 L 15
29 1 L 8
30 1 U 1
31 1 U 21
32 0 U 31
33 0 U 32
34 0 U 33
35 1 U 7
36 1 U 3
37 0 U 36
38 0 U 37
39 1 U 38
40 0 L 1
41 0 U 37
42 0 U 41
43 0 U 42
44 0 L 30
45 0 L 36
46 1 U 0
47 0 U 46
48 0 U 47
49 1 L 16
50 1 U 35
51 0 U 50
52 0 U 51
53 1 U 52
54 0 U 53
55 1 L 49
56 1 U 25
57 1 U 56
58 1 U 57
59 0 U 36
60 0 U -1
61 1 U 60
62 1 U 37
63 0 U 62
64 1 U 63
65 0 L 47
66 0 L 40
67 0 U 66
68 1 U 3
69 0 U 68
70 1 U -1
71 0 U 70
72 1 U 71
73 1 U 72
74 0 U 73
75 1 U 74
76 1 U 18
77 0 U 76
78 1 L 21
79 0 U 78
80 1 U 12
81 0 U 80
82 0 U 81
83 1 L 65
84 0 U 83
85 0 L 59
86 1 U 85
87 0 U 28
88 1 U 87
89 0 L 62
90 0 U 12
91 0 L 20
92 1 U 91
93 0 U 92
94 1 L 33
95 1 L 33
96 1 U 3
97 0 L 68
98 0 U 44
99 0 U 98
100
0 0 U -1
1 1 U 0
2 0 U 0
3 0 U 2
4 0 U 3
5 1 U 0
6 1 U 5
7 0 U 6
8 0 U 7
9 1 L 3
10 1 U -1
11 1 U 10
12 1 U 1
13 1 U 12
14 0 U 13
15 1 U -1
16 1 L 2
17 1 L 7
18 0 U 17
19 0 U 18
20 1 L 0
21 1 U 20
22 0 U 7
23 1 L 11
24 1 U 13
25 1 U 24
26 0 U 25
27 0 U 26
28 0 L 24
29 1 L 8
30 1 U 1
31 0 U 11
32 0 U 31
33 1 U 3
34 0 U 33
35 1 U 34
36 1 U 3
37 0 U 36
38 0 U 37
39 1 U 38
40 0 L 1
41 0 U 37
42 0 U 41
43 0 U 42
44 0 U 43
45 0 L 36
46 1 U 0
47 0 U 46
48 0 U 47
49 1 L 16
50 1 U 35
51 0 U 50
52 0 L 2
53 1 U 52
54 0 U 53
55 1 L 49
56 1 U 25
57 1 U 56
58 1 U 57
59 0 U 36
60 0 U -1
61 1 U 60
62 1 U 37
63 0 U 62
64 1 U 63
65 1 L 41
66 0 L 40
67 0 U 66
68 1 U 3
69 0 U 68
70 1 U -1
71 0 U 70
72 1 U 67
73 1 U 72
74 0 U 73
75 1 U 74
76 1 U 18
77 0 U 76
78 0 U 77
79 0 L 37
80 1 U 12
81 0 U 80
82 0 U 81
83 1 U 23
84 0 U 83
85 0 L 59
86 1 U 85
87 1 U 86
88 0 U 30
89 0 L 62
90 1 U 42
91 0 L 59
92 1 U 91
93 0 U 92
94 1 U 31
95 1 L 33
96 1 U 3
97 0 L 68
98 0 L 50
99 1 L 77
100
0 0 U -1
1 1 U 0
2 1 U 1
3 0 U 2
4 0 U 3
5 1 U 0
6 1 U 5
7 0 U 6
8 0 U 7
9 1 L 3
10 1 U -1
11 1 U 10
12 1 U 1
13 1 U 12
14 0 U 13
15 1 U 14
16 0 U 15
17 0 U 16
18 0 U 17
19 0 U 18
20 0 U -1
21 1 U 20
22 0 U 7
23 1 L 11
24 0 U 23
25 1 U 24
26 0 U 25
27 0 U 26
28 0 L 15
29 1 L 8
30 1 U 1
31 0 U 11
32 0 U 31
33 0 U 32
34 0 U 33
35 1 U 34
36 1 U 3
37 0 U 36
38 0 U 37
39 1 U 38
40 0 L 1
41 0 U 37
42 0 U 41
43 0 U 42
44 0 U 43
45 0 L 36
46 1 U 0
47 0 U 46
48 0 U 47
49 0 U -1
50 1 U 35
51 0 U 50
52 0 U 44
53 1 U 52
54 0 U 53
55 1 L 49
56 1 U 25
57 1 U 56
58 1 U 57
59 0 U 36
60 0 U -1
61 1 U 60
62 1 U 37
63 0 U 62
64 1 L 20
65 0 L 46
66 0 L 40
67 0 U 66
68 1 U 3
69 0 U 68
70 1 L 47
71 0 U 70
72 0 U 20
73 1 U 72
74 1 U 19
75 1 U 74
76 1 U 18
77 0 U 76
78 0 U 77
79 0 U 78
80 1 U 12
81 1 U 35
82 0 U 81
83 1 U 23
84 0 U 83
85 0 L 55
86 1 U 85
87 1 U 86
88 1 U 87
89 0 L 62
90 0 U 12
91 0 U 11
92 1 U 91
93 0 U 92
94 1 U 31
95 1 L 33
96 1 U 3
97 0 L 68
98 0 L 50
99 0 U 98
100
0 0 U -1
1 1 L 0
2 1 U 1
3 0 U 2
4 0 U 3
5 1 U 0
6 1 U 5
7 0 U 6
8 0 U 7
9 1 L 3
10 1 U -1
11 1 U 10
12 1 U 1
13 1 U 12
14 0 U 13
15 1 U 14
16 0 U 15
17 0 U 16
18 0 U 17
19 0 U 18
20 1 L 17
21 1 U 20
22 0 U 7
23 1 U 1
24 0 U 23
25 1 U 24
26 0 U 25
27 0 U 26
28 0 L 15
29 1 L 8
30 1 U 1
31 0 U 11
32 0 U 14
33 0 U 32
34 0 U 33
35 1 U 34
36 1 U 11
37 0 U 36
38 0 U 37
39 1 U 38
40 0 L 1
41 0 U 37
42 0 U 41
43 0 U 42
44 0 U 43
45 0 L 36
46 1 U 0
47 0 U 46
48 0 U 47
49 1 L 16
50 1 U 35
51 0 U 50
52 0 U 51
53 1 U 52
54 0 U 53
55 1 L 49
56 1 U 25
57 1 U 56
58 1 U 57
59 0 U 36
60 0 U -1
61 1 U 60
62 1 U 37
63 0 U 62
64 0 U 8
65 0 L 46
66 1 U 1
67 0 U 66
68 1 U 3
69 0 U 68
70 1 U -1
71 0 U 70
72 1 L 14
73 1 U 27
74 0 U 73
75 1 U 74
76 1 U 18
77 0 U 76
78 0 U 77
79 0 U 78
80 1 U 12
81 0 U 80
82 0 U 81
83 1 U 23
84 0 U 83
85 0 L 59
86 1 U 85
87 1 U 86
88 1 U 87
89 0 L 62
90 0 U 12
91 0 L 20
92 1 U 91
93 0 U 92
94 1 U 31
95 1 L 33
96 1 U 3
97 0 L 68
98 0 L 50
99 0 U 98
100
0 0 L -1
1 1 U 0
2 1 U 1
3 0 U 2
4 0 U 3
5 1 U 0
6 1 U 5
7 1 L 0
8 0 U 7
9 1 L 3
10 1 U -1
11 1 U 10
12 1 U 1
13 1 U 12
14 0 U 13
15 1 U 14
16 0 U 15
17 1 L 10
18 0 U 17
19 0 U 18
20 0 U -1
21 1 U 20
22 0 L 3
23 1 L 11
24 0 U 23
25 1 U 24
26 0 U 25
27 0 U 26
28 0 L 26
29 1 L 8
30 1 U 1
31 0 U 11
32 0 U 31
33 0 U 32
34 0 U 33
35 1 U 34
36 1 U 3
37 0 U 36
38 0 U 37
39 1 U 38
40 0 L 1
41 0 U 37
42 0 U 41
43 0 U 42
44 0 U 43
45 0 L 36
46 1 U 0
47 1 U 32
48 0 U 47
49 1 L 16
50 1 U 35
51 0 U 50
52 0 U 51
53 1 U 52
54 0 U 53
55 1 L 49
56 1 U 25
57 1 U 56
58 1 U 57
59 0 U 36
60 0 U -1
61 1 U 60
62 1 L 27
63 0 U 62
64 1 U 63
65 0 L 46
66 0 L 40
67 0 U 66
68 1 U 3
69 0 U 68
70 1 U -1
71 0 U 70
72 1 U 71
73 1 U 72
74 0 U 73
75 1 U 74
76 1 U 18
77 0 U 76
78 0 U 77
79 0 U 78
80 1 U 12
81 0 U 80
82 0 U 81
83 1 U 23
84 0 U 83
85 0 L 59
86 1 U 85
87 1 U 86
88 1 U 87
89 0 U 66
90 0 U 12
91 0 L 20
92 1 U 91
93 0 U 92
94 1 U 31
95 1 L 33
96 1 U 3
97 0 L 68
98 0 L 50
99 0 U 98
100
0 0 U -1
1 1 U 0
2 1 U 0
3 0 U 2
4 0 U 3
5 1 U 0
6 1 U 5
7 0 U 6
8 0 U 7
9 1 L 3
10 1 U -1
11 1 U 10
12 1 U 1
13 1 U 12
14 0 U 13
15 1 U 14
16 0 U 15
17 0 U 16
18 0 U 17
19 0 U 18
20 0 U -1
21 1 U 20
22 0 U 7
23 1 L 11
24 0 U 23
25 1 U 24
26 0 U 25
27 0 U 26
28 0 L 15
29 1 L 8
30 1 U 1
31 0 U 11
32 0 U 31
33 1 U 20
34 0 U 33
35 1 U 34
36 1 U 3
37 0 U 36
38 0 U 37
39 1 L 29
40 0 L 1
41 0 U 37
42 0 U 41
43 0 U 42
44 1 U 17
45 0 L 36
46 1 U 0
47 0 U 46
48 1 U 37
49 1 L 16
50 1 U 35
51 0 U 50
52 0 U 51
53 1 U 52
54 0 U 53
55 1 L 49
56 0 U 6
57 1 U 56
58 1 U 57
59 0 U 36
60 0 U -1
61 1 U 60
62 0 L 12
63 0 U 62
64 1 U 63
65 0 L 46
66 0 L 40
67 1 L 15
68 1 U 3
69 0 U 68
70 1 U -1
71 0 U 70
72 1 U 71
73 0 U 63
74 0 U 73
75 1 U 74
76 1 U 18
77 0 U 76
78 0 U 77
79 0 U 78
80 1 U 12
81 0 U 80
82 0 U 81
83 1 U 23
84 0 U 83
85 0 L 59
86 1 U 85
87 1 U 86
88 1 U 87
89 0 L 62
90 0 U 12
91 0 L 20
92 1 U 91
93 0 U 92
94 1 U 31
95 1 L 33
96 1 U 3
97 0 L 68
98 0 L 50
99 0 U 98
100
0 1 L -1
1 1 U 0
2 1 U 1
3 0 U 2
4 0 U 3
5 1 U 0
6 1 U 5
7 0 U 6
8 0 U 7
9 1 L 3
10 1 U -1
11 1 U 9
12 1 U 1
13 1 U 12
14 0 U 13
15 1 U 14
16 0 U 15
17 0 U 16
18 0 U 17
19 0 U 18
20 0 U -1
21 1 L 18
22 0 U 7
23 1 L 11
24 0 U 23
25 1 U 24
26 0 U 25
27 0 U 26
28 0 L 0
29 1 L 8
30 1 U 1
31 0 U 11
32 0 U 31
33 0 U 32
34 0 U 33
35 1 U 34
36 1 U 3
37 0 U 36
38 0 U 37
39 1 U 38
40 0 L 1
41 0 U 37
42 0 U 41
43 0 U 42
44 0 U 43
45 0 L 36
46 1 U 0
47 0 U 30
48 0 U 38
49 1 L 16
50 1 U 35
51 0 U 50
52 0 U 51
53 1 U 52
54 0 U 53
55 0 L 1
56 1 U 25
57 1 U 56
58 1 U 57
59 0 U 36
60 0 U -1
61 1 U 60
62 1 U 37
63 0 U 62
64 1 U 63
65 1 U 33
66 0 L 40
67 0 U 66
68 1 U 3
69 0 U 68
70 1 U -1
71 0 U 70
72 1 U 71
73 1 U 72
74 0 U 73
75 1 U 74
76 1 U 3
77 0 U 76
78 0 U 77
79 0 U 78
80 1 U 12
81 0 U 80
82 0 U 81
83 1 U 23
84 0 U 83
85 0 L 51
86 1 L 63
87 1 U 86
88 1 U 87
89 0 L 62
90 0 U 12
91 0 L 68
92 1 U 91
93 0 U 92
94 1 U 31
95 1 L 33
96 1 U 3
97 0 L 59
98 0 U 24
99 0 U 98
100
0 1 L -1
1 1 U 0
2 1 U 1
3 0 U 2
4 0 U 3
5 0 L 0
6 1 U 5
7 0 U 6
8 0 U 7
9 1 L 3
10 1 U -1
11 1 U 9
12 1 U 1
13 1 U 12
14 0 U 13
15 1 U 14
16 0 U 15
17 0 U 16
18 0 U 17
19 0 U 18
20 0 U -1
21 1 L 14
22 0 U 7
23 1 L 11
24 0 U 23
25 1 U 24
26 1 U 15
27 0 U 26
28 0 L 0
29 1 L 8
30 1 U 1
31 0 U 11
32 0 U 31
33 0 U 32
34 0 U 33
35 1 L 18
36 0 U 7
37 0 U 36
38 0 U 37
39 1 U 38
40 0 L 1
41 1 L 25
42 0 U 41
43 0 U 42
44 0 U 43
45 0 L 36
46 1 U 0
47 0 U 30
48 0 U 38
49 1 L 16
50 1 U 35
51 0 U 50
52 1 U 1
53 1 U 52
54 0 U 53
55 0 L 1
56 1 U 25
57 1 U 56
58 0 U 35
59 0 U 36
60 0 U -1
61 1 U 60
62 0 U 21
63 0 U 62
64 1 U 63
65 1 U 33
66 0 L 40
67 0 U 66
68 1 U 33
69 0 U 68
70 1 U -1
71 0 U 70
72 1 U 71
73 1 U 72
74 0 U 73
75 1 U 74
76 1 U 3
77 0 U 76
78 0 U 77
79 0 U 78
80 1 U 12
81 0 U 80
82 0 U 81
83 1 U 23
84 0 U 83
85 0 L 51
86 1 L 63
87 1 U 86
88 1 U 87
89 1 L 64
90 0 U 12
91 0 L 68
92 1 U 91
93 0 U 92
94 1 U 31
95 1 L 33
96 1 U 3
97 0 L 59
98 0 U 24
99 0 U 98
100
0 1 L -1
1 1 U 0
2 1 U 1
3 0 U 2
4 0 U 3
5 1 U 0
6 1 U 5
7 0 U 6
8 0 U 7
9 1 L 3
10 1 U -1
11 1 U 9
12 1 U 1
13 1 U 12
14 0 U 10
15 1 U 14
16 0 U 15
17 1 L 16
18 0 U 17
19 0 U 18
20 0 U -1
21 1 L 18
22 0 U 7
23 1 L 11
24 0 U 23
25 1 U 24
26 0 U 25
27 0 U 17
28 0 L 0
29 1 L 8
30 1 U 1
31 0 U 11
32 0 U 31
33 0 U 32
34 0 U 33
35 1 U 34
36 1 U 3
37 0 U 36
38 0 U 37
39 1 U 38
40 0 L 1
41 0 U 37
42 0 U 41
43 0 U 42
44 0 U 43
45 0 L 36
46 1 U 0
47 0 U 30
48 0 U 38
49 1 L 16
50 1 U 35
51 0 U 23
52 0 U 51
53 1 U 52
54 0 U 53
55 0 L 1
56 1 U 25
57 1 U 22
58 1 U 57
59 0 U 36
60 0 U -1
61 1 U 60
62 1 U 37
63 0 U 62
64 1 U 63
65 1 U 33
66 0 L 40
67 0 U 66
68 1 U 3
69 0 U 68
70 1 U -1
71 0 U 70
72 1 U 71
73 1 U 72
74 0 U 73
75 1 U 74
76 1 U 3
77 0 U 76
78 0 U 77
79 0 L 25
80 1 U 12
81 0 U 80
82 0 U 81
83 1 U 23
84 0 U 83
85 0 L 51
86 1 L 63
87 1 U 86
88 1 U 87
89 1 L 67
90 0 U 12
91 0 L 38
92 1 U 91
93 1 L 7
94 1 U 31
95 1 L 33
96 1 U 3
97 0 L 59
98 0 U 96
99 0 U 98
100
0 1 L -1
1 1 U 0
2 1 U 1
3 0 U 2
4 1 U 2
5 0 L 3
6 1 U 5
7 0 U 6
8 0 U 7
9 1 L 3
10 1 U 6
11 1 U 9
12 1 U 1
13 1 U 12
14 0 U 13
15 1 U 14
16 0 U 15
17 1 U 3
18 0 U 17
19 0 U 18
20 0 U -1
21 1 L 18
22 1 U 7
23 1 L 11
24 0 U 23
25 1 U 24
26 0 U 25
27 0 U 26
28 0 L 0
29 1 L 8
30 1 U 1
31 0 U 11
32 0 U 31
33 1 U 4
34 0 U 33
35 1 U 34
36 1 U 3
37 0 U 36
38 0 U 37
39 1 U 38
40 0 L 1
41 0 U 37
42 0 U 41
43 0 U 42
44 0 U 43
45 0 L 36
46 1 U 0
47 0 U 30
48 0 U 38
49 1 L 16
50 1 U 35
51 0 U 50
52 0 U 51
53 1 U 52
54 0 U 53
55 0 L 1
56 1 U 25
57 1 U 56
58 1 U 5
59 0 U 36
60 0 U -1
61 1 U 60
62 1 U 1
63 0 U 62
64 1 U 63
65 1 U 33
66 0 L 40
67 0 U 66
68 1 U 3
69 0 U 68
70 0 L 9
71 0 U 70
72 1 U 71
73 1 U 72
74 0 U 73
75 1 U 74
76 1 U 3
77 0 U 76
78 0 U 77
79 0 U 78
80 1 U 12
81 1 U 29
82 1 U 26
83 1 U 23
84 0 U 83
85 0 L 51
86 1 L 63
87 1 U 86
88 1 L 29
89 0 L 62
90 0 U 12
91 0 L 68
92 1 U 91
93 0 U 92
94 1 U 31
95 1 L 33
96 1 U 3
97 0 L 59
98 0 U 24
99 0 U 98
100
0 0 L -1
1 1 U 0
2 1 U 1
3 0 U 2
4 0 U 3
5 1 L 0
6 1 U 5
7 0 U 6
8 0 U 5
9 1 L 3
10 1 U -1
11 1 U 9
12 1 U 1
13 1 U 12
14 0 U 13
15 1 U 14
16 0 U 15
17 0 U 16
18 0 U 17
19 0 U 18
20 0 U -1
21 1 L 18
22 0 U 7
23 1 U 1
24 0 U 23
25 1 U 24
26 0 U 25
27 0 U 26
28 0 L 0
29 1 L 8
30 1 U 1
31 0 U 11
32 0 L 12
33 0 U 32
34 0 U 33
35 1 U 34
36 1 U 3
37 0 U 36
38 0 U 37
39 1 U 38
40 0 L 1
41 0 U 37
42 0 U 41
43 0 U 42
44 0 U 43
45 0 L 36
46 1 U 0
47 0 U 30
48 0 U 38
49 1 L 16
50 0 U 33
51 0 U 50
52 0 U 51
53 1 U 52
54 0 U 12
55 0 L 1
56 1 U 25
57 1 U 56
58 1 U 57
59 0 U 36
60 0 U -1
61 1 U 60
62 1 U 37
63 0 L 44
64 1 U 63
65 1 U 33
66 0 L 40
67 0 U 66
68 1 U 3
69 0 U 68
70 1 U -1
71 0 U 70
72 1 U 71
73 1 U 72
74 0 U 73
75 1 U 74
76 1 U 3
77 0 U 76
78 0 U 77
79 0 U 78
80 1 U 12
81 0 U 80
82 0 U 81
83 1 U 23
84 0 L 58
85 0 L 51
86 0 L 52
87 1 L 69
88 1 U 87
89 0 L 62
90 0 U 12
91 0 L 17
92 1 U 91
93 0 U 92
94 1 U 81
95 1 L 33
96 1 U 3
97 0 L 59
98 0 U 55
99 1 L 15
100
0 1 L -1
1 1 U 0
2 1 U 1
3 0 U 2
4 0 U 3
5 1 L 0
6 1 L 3
7 0 U 6
8 0 U 7
9 1 L 3
10 1 U -1
11 1 U 9
12 1 U 1
13 0 L 4
14 0 U 13
15 1 U 14
16 0 U 15
17 0 U 16
18 0 U 17
19 0 U 18
20 0 U -1
21 0 L 2
22 0 U 7
23 1 L 11
24 0 U 23
25 1 U 24
26 0 U 25
27 0 U 26
28 0 L 0
29 1 L 8
30 1 L 18
31 0 U 11
32 1 U -1
33 0 U 32
34 0 U 33
35 1 U 34
36 1 U 3
37 0 U 36
38 0 U 37
39 1 U 38
40 0 L 1
41 0 U 37
42 0 U 41
43 0 U 42
44 0 U 43
45 0 L 36
46 1 U 0
47 0 U 30
48 0 U 38
49 1 L 16
50 0 L 38
51 0 U 50
52 0 U 8
53 1 U 52
54 0 U 53
55 0 L 1
56 1 U 1
57 1 U 56
58 1 U 57
59 0 U 36
60 0 U -1
61 1 U 60
62 1 U 37
63 0 U 62
64 1 U 63
65 1 U 33
66 0 L 40
67 0 U 66
68 0 U 55
69 0 U 68
70 1 U -1
71 0 U 70
72 1 U 71
73 1 U 72
74 0 U 73
75 1 U 74
76 1 U 3
77 0 U 29
78 0 U 77
79 0 U 78
80 1 U 12
81 0 U 80
82 0 U 81
83 0 L 75
84 0 U 83
85 1 U 1
86 1 L 63
87 1 U 86
88 1 U 87
89 0 L 62
90 0 L 9
91 1 U 47
92 1 L 60
93 0 U 92
94 1 U 31
95 1 L 33
96 1 U 3
97 0 L 59
98 0 U 24
99 0 U 98
100
0 1 L -1
1 1 U 0
2 1 U 1
3 0 U 2
4 0 U 3
5 1 U 0
6 1 U 5
7 0 U 6
8 0 U 7
9 1 L 3
10 1 U -1
11 1 U 9
12 1 U 1
13 1 U 12
14 0 U 13
15 1 U -1
16 0 U 15
17 0 U 16
18 0 U 17
19 0 U 18
20 0 U -1
21 1 L 18
22 0 U 7
23 1 L 11
24 1 U 20
25 1 U 24
26 0 L 17
27 0 U 26
28 0 L 0
29 1 L 8
30 1 U 1
31 0 U 11
32 1 U 2
33 0 U 32
34 0 U 33
35 1 U 34
36 1 U 3
37 0 U 36
38 0 U 37
39 1 U 38
40 0 L 1
41 0 U 37
42 0 U 14
43 0 U 42
44 0 U 43
45 0 L 36
46 1 U 0
47 0 U 30
48 0 U 38
49 1 L 16
50 1 U 35
51 0 U 50
52 0 U 51
53 1 U 52
54 0 U 53
55 0 U 30
56 1 U 25
57 1 U 56
58 0 L 1
59 0 U 36
60 0 U -1
61 1 U 60
62 1 U 37
63 0 U 62
64 1 U 63
65 1 U 33
66 0 L 40
67 0 U 66
68 1 U 3
69 0 U 68
70 1 U -1
71 0 U 70
72 1 U 71
73 1 U 72
74 0 U 73
75 1 U 74
76 1 U 3
77 0 U 76
78 0 U 77
79 1 L 50
80 1 U 12
81 0 U 80
82 0 U 81
83 1 U 23
84 0 U 83
85 0 L 51
86 1 L 63
87 1 U 86
88 1 U 87
89 0 L 62
90 0 U 12
91 0 L 68
92 1 U 91
93 0 U 92
94 1 U 31
95 1 L 33
96 1 U 3
97 0 L 79
98 0 U 24
99 0 U 98
100
0 1 L -1
1 1 U 0
2 1 U 1
3 0 U 2
4 0 U 3
5 1 U 0
6 1 U 5
7 0 U 6
8 0 U 7
9 1 L 3
10 1 U -1
11 1 U 9
12 1 U 1
13 1 U 12
14 0 U 13
15 1 U 14
16 0 U 15
17 0 U 16
18 0 U 17
19 0 U 18
20 0 U -1
21 1 L 18
22 0 U 7
23 1 L 11
24 0 U 23
25 1 U 24
26 0 U 25
27 0 L 0
28 0 L 0
29 1 L 8
30 1 U 1
31 0 U 11
32 0 U 31
33 0 U 32
34 0 U 33
35 1 U 34
36 1 U 3
37 0 U 36
38 0 U 37
39 1 U 38
40 0 L 1
41 0 U 37
42 0 U 41
43 0 U 42
44 0 U 43
45 0 L 36
46 1 U 0
47 0 U 30
48 0 U 38
49 1 L 16
50 1 U 35
51 0 U 50
52 0 U 51
53 1 U 52
54 0 U 53
55 0 L 1
56 1 L 31
57 1 U 56
58 1 U 57
59 0 U 36
60 0 U -1
61 1 U 60
62 1 U 37
63 0 U 62
64 1 U 63
65 1 U 33
66 0 L 40
67 0 U 66
68 1 U 3
69 0 U 68
70 1 U -1
71 0 U 23
72 1 U 71
73 1 U 72
74 0 U 73
75 1 U 74
76 0 U 10
77 1 U 46
78 0 U 77
79 0 U 78
80 1 U 12
81 0 U 80
82 0 U 81
83 1 U 23
84 0 U 83
85 0 L 51
86 1 L 63
87 1 U 86
88 1 U 87
89 1 L 65
90 0 U 12
91 0 L 68
92 0 L 22
93 0 U 92
94 1 U 31
95 1 L 33
96 1 U 3
97 0 L 59
98 0 U 24
99 0 U 98
100
0 1 L -1
1 1 U 0
2 1 U 1
3 0 U 2
4 0 U 3
5 1 U 0
6 1 U 5
7 0 U 6
8 0 U 2
9 1 L 3
10 1 U 7
11 1 U 9
12 1 U 1
13 1 U 12
14 0 U 13
15 1 U 14
16 0 U 15
17 0 U 16
18 0 U 17
19 0 U 18
20 0 U -1
21 1 L 18
22 0 U 7
23 1 L 11
24 0 U 23
25 1 U 24
26 0 U 25
27 0 U 26
28 0 L 0
29 1 L 8
30 1 U 1
31 1 U 21
32 0 U 31
33 0 U 32
34 0 U 33
35 1 U 34
36 1 U 3
37 0 U 36
38 0 U 37
39 0 U 9
40 0 L 1
41 0 U 37
42 0 U 41
43 0 U 42
44 0 U 43
45 0 L 36
46 1 U 0
47 0 U 30
48 0 U 38
49 1 L 16
50 1 U 35
51 0 U 50
52 0 U 51
53 1 U 52
54 0 U 53
55 0 L 1
56 1 U 25
57 0 U 38
58 1 U 57
59 0 U 36
60 0 U -1
61 1 U 9
62 1 U 37
63 0 U 62
64 1 U 63
65 1 U 33
66 0 L 40
67 0 U 66
68 1 U 3
69 1 U 16
70 0 L 31
71 0 U 17
72 1 U 71
73 1 U 72
74 0 U 73
75 1 U 74
76 1 U 3
77 0 U 76
78 0 U 77
79 0 U 78
80 1 U 12
81 0 U 80
82 0 U 81
83 0 L 32
84 0 U 83
85 0 L 51
86 1 L 63
87 1 U 86
88 1 U 87
89 0 L 62
90 0 U 12
91 0 L 68
92 1 U 91
93 0 U 92
94 1 U 31
95 1 L 33
96 0 U 71
97 0 L 59
98 0 U 24
99 0 U 98
100
0 1 L -1
1 1 U 0
2 1 U 1
3 0 U 2
4 0 U 3
5 1 U 0
6 1 U 5
7 0 U 6
8 0 U 7
9 1 L 3
10 1 U -1
11 1 U 9
12 1 U 1
13 1 U 2
14 0 U 13
15 1 U 14
16 0 U 15
17 0 U 16
18 0 U 17
19 0 U 18
20 0 U -1
21 1 L 18
22 0 U 7
23 1 L 11
24 0 U 23
25 0 U 4
26 0 U 25
27 0 U 26
28 0 L 0
29 1 L 8
30 1 U 1
31 0 U 11
32 0 U 31
33 0 U 32
34 0 U 33
35 1 U 29
36 1 U 3
37 0 U 36
38 0 U 37
39 1 U 38
40 0 L 1
41 0 U 37
42 0 U 41
43 0 U 42
44 0 U 43
45 0 L 36
46 1 U 0
47 0 U 30
48 0 U 38
49 1 L 18
50 1 U 35
51 0 U 50
52 0 U 51
53 1 U 52
54 0 U 23
55 0 L 1
56 1 U 25
57 1 U 56
58 1 U 57
59 0 U 36
60 0 U -1
61 1 U 60
62 1 U 37
63 1 U 18
64 1 L 11
65 1 U 2
66 0 L 40
67 0 U 66
68 1 U 3
69 0 L 28
70 1 U 9
71 0 U 70
72 1 U 71
73 1 U 72
74 0 U 12
75 1 U 74
76 1 U 3
77 0 U 76
78 0 U 77
79 0 U 78
80 1 U 12
81 0 U 80
82 0 U 81
83 1 U 23
84 0 U 83
85 0 L 51
86 1 L 63
87 1 U 86
88 1 U 87
89 1 U 75
90 0 U 51
91 0 L 68
92 1 U 91
93 0 U 92
94 1 U 31
95 0 L 10
96 1 U 3
97 0 L 59
98 0 U 24
99 1 L 65
100
0 1 L -1
1 1 U 0
2 1 U 1
3 0 U 2
4 0 U 3
5 1 U 0
6 1 U 5
7 0 U 6
8 0 U 7
9 1 L 3
10 1 U -1
11 1 U 9
12 1 U 1
13 1 U 12
14 0 U 13
15 1 U 14
16 0 U 15
17 0 U 6
18 0 U 17
19 0 U 18
20 0 L 0
21 1 L 18
22 0 U 7
23 1 L 11
24 0 U 23
25 1 U 24
26 0 U 25
27 0 U 26
28 0 L 0
29 1 L 8
30 1 U 1
31 0 U 11
32 0 U 7
33 0 U 32
34 0 U 33
35 1 U 34
36 1 U 3
37 0 U 36
38 0 U 37
39 1 U 38
40 0 L 1
41 0 U 37
42 0 U 41
43 0 U 42
44 0 U 43
45 0 L 36
46 1 U 0
47 0 U 30
48 0 U 38
49 1 L 16
50 1 U 35
51 0 U 50
52 0 U 51
53 1 U 52
54 0 U 53
55 0 L 1
56 0 U 39
57 1 U 56
58 1 U 57
59 0 U 36
60 0 U -1
61 1 U 8
62 1 U 37
63 0 U 62
64 1 U 63
65 1 U 33
66 0 L 40
67 0 U 66
68 1 U 3
69 0 U 68
70 1 U -1
71 0 U 70
72 1 U 71
73 1 U 72
74 0 U 73
75 1 U 74
76 1 U 3
77 0 U 76
78 0 U 77
79 0 U 78
80 1 U 12
81 0 U 80
82 0 U 81
83 1 U 23
84 0 U 83
85 0 L 51
86 1 L 63
87 1 U 86
88 1 U 87
89 0 L 62
90 0 U 12
91 0 U 79
92 1 U 91
93 0 U 92
94 1 U 31
95 1 L 33
96 1 U 3
97 0 L 59
98 0 U 24
99 0 U 98
100
0 1 L -1
1 1 U 0
2 1 U 1
3 0 U 2
4 0 U 3
5 1 U 0
6 1 U 5
7 0 U 6
8 0 U 7
9 1 L 3
10 1 U -1
11 1 U 9
12 1 U 1
13 1 U 12
14 0 U 13
15 1 U 14
16 0 U 15
17 0 U 16
18 0 U 17
19 0 U 18
20 0 U -1
21 1 L 18
22 0 U 7
23 1 L 11
24 0 U 23
25 1 U 24
26 0 U 25
27 0 U 26
28 0 L 0
29 1 L 8
30 0 U 12
31 0 U 11
32 0 U 31
33 0 U 32
34 0 L 14
35 1 U 34
36 1 L 3
37 0 U 36
38 0 U 37
39 1 U 38
40 0 L 1
41 0 U 37
42 0 U 41
43 0 U 42
44 0 U 43
45 0 L 36
46 1 U 0
47 0 U 30
48 0 U 38
49 1 L 16
50 1 U 35
51 0 U 50
52 0 U 51
53 1 U 52
54 0 U 53
55 0 L 1
56 1 U 25
57 1 U 56
58 1 U 53
59 0 L 22
60 0 U -1
61 1 U 60
62 1 U 37
63 0 L 53
64 1 U 63
65 1 U 33
66 0 L 40
67 0 U 66
68 1 U 3
69 0 U 68
70 1 U -1
71 0 U 70
72 1 U 71
73 1 U 72
74 0 U 73
75 1 U 74
76 1 U 3
77 0 L 42
78 0 U 77
79 0 U 78
80 1 U 12
81 0 U 80
82 0 U 77
83 1 U 23
84 0 U 83
85 0 L 51
86 1 L 63
87 1 U 86
88 1 U 87
89 0 L 62
90 0 U 12
91 0 L 68
92 1 U 91
93 0 U 92
94 1 U 31
95 1 L 33
96 1 U 35
97 0 L 59
98 0 U 24
99 0 U 98
100
0 1 L -1
1 1 U 0
2 1 U 1
3 0 U 2
4 1 L 3
5 1 U 0
6 1 U 5
7 0 U 6
8 0 U 7
9 1 L 3
10 1 U -1
11 0 L 9
12 1 U 1
13 1 U 12
14 0 U 13
15 1 U 14
16 0 U 15
17 0 L 1
18 0 U 17
19 0 U 18
20 0 U -1
21 1 L 18
22 0 U 7
23 1 L 11
24 0 U 23
25 1 U 24
26 0 U 25
27 0 U 26
28 0 L 0
29 1 L 8
30 1 U 1
31 0 U 11
32 0 U 31
33 0 U 32
34 0 U 33
35 1 U 34
36 1 U 3
37 0 U 36
38 0 U 37
39 1 U 38
40 0 L 1
41 0 U 37
42 0 U 41
43 0 U 42
44 0 U 43
45 0 L 36
46 0 L 1
47 0 U 30
48 0 U 38
49 1 L 16
50 1 U 35
51 1 U 20
52 0 U 51
53 1 U 52
54 0 U 53
55 0 L 1
56 1 U 25
57 1 U 56
58 1 U 57
59 0 U 36
60 0 U -1
61 1 U 60
62 1 U 37
63 0 U 62
64 1 U 63
65 1 U 33
66 0 L 40
67 0 U 66
68 1 U 3
69 0 L 53
70 1 U 47
71 0 U 70
72 1 U 71
73 1 U 72
74 0 U 73
75 1 U 74
76 1 U 3
77 0 U 76
78 0 U 77
79 0 U 78
80 1 U 12
81 0 U 80
82 0 U 81
83 1 U 23
84 0 U 83
85 0 L 51
86 1 L 63
87 1 U 86
88 1 U 87
89 0 L 62
90 0 U 53
91 0 L 68
92 1 U 91
93 0 U 92
94 1 U 31
95 1 L 33
96 1 U 3
97 0 L 59
98 0 U 24
99 0 U 98
