62
0 1 U -1
1 0 U 0
2 1 U 1
3 1 U 2
4 1 U 3
5 1 U 4
6 0 U 5
7 0 U -1
8 0 U 7
9 0 U 8
10 1 U 9
11 1 U 10
12 0 U 11
13 1 U 12
14 0 U -1
15 0 U 14
16 0 U 15
17 0 U 16
18 1 U 17
19 0 U 18
20 0 U 19
21 1 U -1
22 0 U 21
23 0 U 22
24 0 U 23
25 1 U 24
26 1 U 25
27 1 U 26
28 0 U -1
29 0 U 28
30 0 U 29
31 0 U 30
32 1 U 31
33 1 U 32
34 0 U 33
35 0 U -1
36 0 U 35
37 1 U 36
38 0 U 37
39 1 U 38
40 1 U 39
41 1 U 40
42 0 U -1
43 1 U 42
44 1 U 43
45 0 U 44
46 1 U 45
47 1 U 46
48 1 U 47
49 0 U -1
50 0 U 49
51 1 U 50
52 1 U 51
53 1 U 52
54 1 U 53
55 0 U 54
56 1 U -1
57 1 U 56
58 0 U 57
59 1 U 58
60 0 U 59
61 1 U 60
62
0 1 U -1
1 0 U 0
2 1 U 1
3 1 U 2
4 1 U 3
5 1 U 4
6 0 U 5
7 0 U -1
8 0 U 7
9 0 U 8
10 1 U 9
11 1 U 10
12 0 U 11
13 1 U 12
14 0 U -1
15 0 U 11
16 0 U 15
17 0 U 16
18 1 U 17
19 0 U 18
20 0 U 19
21 1 U -1
22 0 U 21
23 0 U 22
24 0 U 23
25 1 U 24
26 1 U 25
27 1 U 25
28 0 U -1
29 0 L 9
30 0 U 14
31 0 U 30
32 1 U 31
33 1 U 32
34 0 U 33
35 0 U -1
36 0 U 35
37 1 U 36
38 0 U 37
39 1 U 38
40 1 U 39
41 1 U 40
42 0 U -1
43 1 U 42
44 1 U 43
45 0 U 44
46 1 U 45
47 0 U 11
48 1 U 47
49 1 L 7
50 0 U 49
51 1 U 50
52 1 U 51
53 1 U 52
54 1 U 53
55 0 U 54
56 1 U -1
57 1 U 56
58 0 U 57
59 1 U 58
60 0 U 59
61 1 U 60
62
0 1 U -1
1 0 U 0
2 1 U 1
3 1 U 2
4 1 U 3
5 1 U 4
6 0 U 5
7 0 U -1
8 0 U 7
9 0 U 8
10 1 U 9
11 1 U 10
12 0 U 11
13 1 U 12
14 0 U -1
15 0 U 14
16 0 U 15
17 0 U 16
18 1 U 17
19 0 U 18
20 0 L 8
21 1 U -1
22 0 U 21
23 0 U 22
24 0 U 23
25 1 U 24
26 1 U 25
27 1 U 26
28 0 U -1
29 0 U 28
30 0 U 29
31 0 U 30
32 1 U 31
33 1 U 32
34 0 U 33
35 0 U -1
36 0 U 35
37 1 U 36
38 0 U 37
39 1 U 38
40 1 U 39
41 1 U 40
42 0 U -1
43 1 U 42
44 1 U 43
45 0 U 44
46 1 U 45
47 1 U 46
48 1 U 47
49 0 U -1
50 0 U 49
51 1 U 50
52 0 L 8
53 1 U 52
54 1 U 53
55 0 U 54
56 1 U -1
57 1 U 56
58 0 U 57
59 0 U 26
60 0 U 59
61 1 U 60
62
0 1 U -1
1 1 L -1
2 1 U 1
3 1 U 2
4 1 U 3
5 1 U 4
6 0 U 5
7 0 U -1
8 0 U 7
9 1 U 5
10 1 U 9
11 1 U 10
12 0 U 11
13 1 U 12
14 0 U -1
15 0 U 14
16 0 L 14
17 0 U 16
18 1 U 17
19 0 U 18
20 0 U 19
21 1 U -1
22 0 U 21
23 0 U 22
24 0 U 23
25 1 U 24
26 1 U 25
27 1 U 26
28 0 L -1
29 0 U 28
30 0 U 29
31 0 U 30
32 0 L 27
33 1 U 32
34 0 U 33
35 0 U -1
36 0 U 35
37 1 U 36
38 0 U 37
39 1 U 38
40 1 U 39
41 1 U 40
42 0 U -1
43 1 U 26
44 1 U 43
45 0 U 44
46 1 U 45
47 1 U 46
48 1 U 47
49 0 U -1
50 1 L 49
51 1 U 50
52 1 U 51
53 1 U 52
54 1 U 53
55 0 U 54
56 1 U 47
57 1 U 56
58 0 U 57
59 1 U 58
60 0 U 59
61 1 U 60
62
0 1 U -1
1 0 U 0
2 1 L 1
3 1 U 2
4 1 U 3
5 1 U 4
6 0 U 5
7 0 U 2
8 0 U 7
9 0 U 8
10 1 U 9
11 1 U 10
12 0 U 11
13 1 U 12
14 0 U -1
15 0 U 14
16 0 U 15
17 0 U 16
18 1 U 17
19 0 U 18
20 0 U 19
21 1 U -1
22 0 L 14
23 0 U 22
24 0 U 23
25 1 U 24
26 1 U 25
27 1 U 26
28 0 U -1
29 0 U 28
30 0 U 29
31 0 U 30
32 1 U 31
33 1 U 32
34 0 U 33
35 0 L 21
36 0 U 35
37 1 U 36
38 0 U 37
39 1 U 38
40 1 U 39
41 1 U 40
42 0 U -1
43 1 U 42
44 1 U 43
45 0 U 44
46 1 U 45
47 1 U 46
48 1 U 47
49 0 U -1
50 0 U 49
51 1 U 50
52 1 U 51
53 1 U 52
54 0 U 23
55 0 U 54
56 1 U -1
57 1 U 56
58 0 U 57
59 1 U 58
60 0 U 59
61 1 U 60
62
0 1 U -1
1 0 U 0
2 1 U 1
3 0 L 1
4 1 U 3
5 1 U 4
6 0 U 5
7 0 U -1
8 0 U 7
9 0 U 8
10 1 U 9
11 1 U 10
12 0 U 11
13 1 U 12
14 0 U -1
15 0 U 14
16 0 U 15
17 0 U 16
18 1 U 7
19 0 U 18
20 0 U 19
21 1 U -1
22 0 U 21
23 0 U 22
24 0 U 23
25 1 U 24
26 1 U 25
27 1 U 26
28 1 U 22
29 0 U 28
30 0 U 29
31 0 U 30
32 1 U 31
33 1 U 32
34 0 U 33
35 0 U -1
36 0 U 35
37 1 U 36
38 0 U 37
39 1 U 38
40 1 U 39
41 1 U 40
42 0 U -1
43 1 U 42
44 1 U 43
45 0 U 44
46 1 U 45
47 1 U 35
48 1 U 47
49 0 U -1
50 0 U 49
51 0 L 32
52 1 U 51
53 1 U 52
54 1 U 53
55 0 U 54
56 1 U -1
57 1 U 56
58 0 U 57
59 1 U 58
60 0 U 59
61 1 U 60
62
0 1 U -1
1 0 U 0
2 1 U 1
3 0 L 1
4 1 U 3
5 1 U 4
6 0 L 0
7 0 U -1
8 0 U 7
9 0 U 7
10 1 U 9
11 1 U 10
12 0 U 11
13 1 U 12
14 0 U -1
15 0 U 14
16 0 U 15
17 0 U 16
18 1 U 7
19 0 U 18
20 0 U 19
21 1 U -1
22 0 U 21
23 0 U 22
24 0 U 23
25 1 U 24
26 1 U 25
27 1 U 26
28 1 U 22
29 0 U 28
30 0 U 29
31 0 U 30
32 1 U 31
33 1 U 32
34 0 U 33
35 0 U -1
36 0 U 35
37 1 U 36
38 0 U 37
39 1 U 38
40 1 U 39
41 1 U 40
42 0 U -1
43 1 U 42
44 1 U 43
45 0 U 44
46 1 U 45
47 1 U 35
48 1 U 47
49 0 U -1
50 0 U 49
51 0 L 32
52 1 U 51
53 1 U 52
54 1 U 53
55 0 U 54
56 0 L 8
57 1 U 56
58 0 U 57
59 1 U 58
60 0 L 33
61 1 U 60
62
0 1 U -1
1 0 U 0
2 1 U 1
3 0 U -1
4 1 U 3
5 1 U 4
6 0 U 5
7 0 U -1
8 1 L 7
9 1 L 4
10 1 U 9
11 1 U 10
12 0 U 8
13 1 U 12
14 0 U -1
15 0 U 14
16 0 U 15
17 0 U 16
18 1 U 7
19 0 U 18
20 0 U 19
21 1 U -1
22 0 U 21
23 0 U 22
24 0 U 23
25 1 U 24
26 1 U 25
27 1 L 17
28 1 U 22
29 0 U 28
30 0 U 29
31 0 U 30
32 1 U 31
33 1 U 32
34 0 U 33
35 0 U -1
36 0 U 35
37 1 L 8
38 0 U 37
39 1 U 38
40 1 U 39
41 1 U 40
42 0 U -1
43 1 U 42
44 1 U 43
45 0 U 44
46 1 U 45
47 1 U 35
48 1 U 47
49 0 U -1
50 0 U 49
51 0 L 32
52 1 U 51
53 1 U 52
54 1 U 53
55 0 U 54
56 1 U -1
57 1 U 56
58 0 U 57
59 1 U 58
60 0 U 59
61 1 U 60
62
0 1 U -1
1 1 L 0
2 1 U 1
3 0 L 1
4 1 U 3
5 1 U 4
6 0 U 5
7 0 U -1
8 0 U 7
9 0 U 8
10 1 U 9
11 1 U 10
12 0 U 11
13 1 U 12
14 0 U -1
15 1 L 8
16 0 U 15
17 1 L 16
18 1 L 6
19 1 U 15
20 0 U 19
21 1 U -1
22 0 U 21
23 0 U 22
24 0 U 23
25 1 U 24
26 1 U 25
27 1 U 4
28 1 U 22
29 0 U 28
30 0 U 29
31 1 U 30
32 1 U 31
33 1 U 32
34 0 U 33
35 0 U -1
36 1 U 12
37 1 U 36
38 0 U 37
39 1 U 0
40 1 U 39
41 1 U 40
42 0 L 2
43 1 U 42
44 1 L 11
45 1 L 26
46 1 U 45
47 1 L 21
48 1 U 47
49 0 U -1
50 0 U 49
51 0 L 32
52 1 U 51
53 1 U 52
54 1 U 53
55 1 U 52
56 1 U -1
57 1 U 50
58 0 U 57
59 1 U 58
60 0 L 25
61 1 U 60
62
0 1 U -1
1 0 U 0
2 1 U 1
3 0 L 1
4 1 U 3
5 1 U 4
6 0 U 5
7 0 U -1
8 0 U 7
9 0 U 8
10 1 U 9
11 1 U 10
12 0 U 11
13 1 U 12
14 0 U -1
15 0 U 14
16 0 U 15
17 0 U 16
18 1 U 7
19 0 U 18
20 0 L 2
21 1 U -1
22 0 U 21
23 0 U 22
24 0 U 23
25 1 U 24
26 1 U 25
27 1 U 26
28 1 U 22
29 0 U 28
30 0 U 29
31 0 U 30
32 1 U 31
33 1 U 32
34 0 U 33
35 0 U 1
36 0 U 35
37 1 U 36
38 0 U 37
39 1 U 38
40 1 U 6
41 1 U 40
42 0 U -1
43 1 U 42
44 1 U 43
45 0 U 44
46 1 U 45
47 1 U 35
48 1 U 47
49 0 U -1
50 1 L 34
51 0 U 34
52 1 U 51
53 1 U 52
54 1 U 53
55 0 U 54
56 1 U -1
57 1 U 56
58 0 U 57
59 1 U 58
60 0 U 59
61 1 U 60
62
0 1 U -1
1 0 U 0
2 1 U 1
3 0 L 1
4 1 U 3
5 1 U 4
6 0 U 5
7 0 U -1
8 0 U 7
9 0 U 8
10 1 U 9
11 1 U 10
12 1 L 6
13 1 U 12
14 0 U -1
15 0 U 14
16 0 U 15
17 0 U 16
18 1 U 7
19 0 U 18
20 0 U 19
21 1 U -1
22 1 U 20
23 0 U 22
24 0 U 23
25 1 U 24
26 1 U 25
27 1 U 26
28 1 U 22
29 0 U 28
30 0 U 29
31 0 U 30
32 1 U 31
33 1 U 32
34 0 U 33
35 0 U -1
36 0 U 35
37 1 U 36
38 0 U 37
39 1 U 38
40 1 U 39
41 1 U 40
42 0 U -1
43 1 U 42
44 1 U 43
45 0 U 44
46 1 U 45
47 1 U 35
48 1 U 47
49 0 U -1
50 0 U 49
51 0 L 32
52 1 U 51
53 1 U 28
54 1 U 53
55 0 U 54
56 1 U -1
57 1 U 56
58 0 U 57
59 1 U 58
60 0 U 59
61 1 U 60
62
0 1 U -1
1 0 U 0
2 1 U 1
3 1 U 1
4 1 U 3
5 1 U 4
6 0 U 5
7 1 U 2
8 0 U 7
9 0 U 8
10 1 U 9
11 1 U 10
12 0 U 11
13 1 U 12
14 1 L 10
15 0 U 14
16 0 U 15
17 0 U 16
18 1 U 7
19 0 U 18
20 0 U 19
21 1 U -1
22 0 U 21
23 0 U 22
24 0 U 23
25 1 U 24
26 1 U 25
27 1 U 26
28 1 U 22
29 0 U 28
30 0 U 29
31 0 U 30
32 1 U 31
33 1 U 32
34 1 U 1
35 0 U -1
36 0 U 35
37 1 U 36
38 0 U 37
39 0 L 36
40 1 U 39
41 1 U 40
42 0 U -1
43 1 U 42
44 1 U 43
45 0 U 44
46 1 U 45
47 1 U 35
48 1 U 47
49 0 U -1
50 0 U 49
51 0 U 20
52 1 U 51
53 1 U 52
54 1 U 53
55 0 U 54
56 1 U -1
57 1 U 56
58 1 L 54
59 1 U 58
60 0 U 59
61 1 U 60
62
0 1 U -1
1 0 U 0
2 1 U 1
3 0 L 1
4 1 U 3
5 1 U 4
6 0 U 5
7 0 U -1
8 0 U 7
9 0 U 8
10 1 U 9
11 1 U -1
12 0 U 11
13 1 U 12
14 0 U -1
15 0 U 14
16 0 U 15
17 0 U 16
18 1 U 7
19 0 U 18
20 0 U 19
21 1 U -1
22 0 U 21
23 0 U 22
24 0 U 23
25 1 U 24
26 1 U 25
27 1 U 26
28 1 U 22
29 0 U 28
30 0 U 29
31 0 U 30
32 1 U 31
33 1 L 28
34 0 U 33
35 0 U 34
36 1 U 1
37 1 U 36
38 1 L 12
39 1 U 38
40 1 U 39
41 1 U 40
42 0 U -1
43 1 U 42
44 1 U 43
45 0 U 44
46 1 U 45
47 1 U 35
48 1 U 47
49 0 U -1
50 0 U 49
51 0 L 32
52 1 U 51
53 1 U 52
54 1 U 53
55 0 U 54
56 1 U -1
57 1 U 56
58 0 U 57
59 1 U 58
60 0 U 59
61 1 U 60
62
0 1 U -1
1 0 U 0
2 1 U 1
3 0 L 1
4 1 U 3
5 1 U 4
6 0 U 5
7 0 U -1
8 0 U 7
9 0 U 8
10 1 U 9
11 1 U 10
12 0 U 11
13 1 U 12
14 0 U -1
15 0 U 14
16 0 U 15
17 0 U 16
18 1 U 7
19 0 U 18
20 0 U 19
21 1 U -1
22 0 U 21
23 0 U 22
24 1 L 23
25 1 U 10
26 1 U 25
27 1 U 26
28 1 U 22
29 0 U 28
30 0 U 29
31 0 U 30
32 1 U 31
33 0 U 22
34 0 U 33
35 0 U -1
36 0 U 35
37 1 U 36
38 0 U 37
39 1 U 30
40 1 U 39
41 1 U 40
42 1 L 19
43 1 U 42
44 1 U 43
45 0 U 44
46 1 U 45
47 1 U 33
48 1 U 47
49 0 U -1
50 0 U 49
51 0 L 32
52 1 U 51
53 1 U 52
54 1 U 53
55 0 U 54
56 1 U -1
57 1 U 56
58 0 U 57
59 0 U 44
60 0 U 59
61 1 U 60
62
0 1 U -1
1 0 U 0
2 1 U 1
3 0 L 1
4 1 U 3
5 1 U 4
6 0 L 4
7 0 U -1
8 0 U 7
9 0 U 8
10 1 U 9
11 1 U 10
12 0 U 11
13 1 U 12
14 0 U -1
15 0 U 14
16 0 U 15
17 0 U 16
18 1 U 7
19 0 U 18
20 0 U 14
21 1 U -1
22 0 U 21
23 0 U 22
24 0 U 23
25 1 L 8
26 1 U 25
27 1 U 26
28 1 U 22
29 0 U 28
30 0 U 29
31 0 U 30
32 1 U 31
33 1 U 32
34 0 U 33
35 1 L 16
36 0 U 35
37 0 U 10
38 0 U 37
39 1 U 38
40 1 U 39
41 1 U 40
42 0 U -1
43 1 U 42
44 1 U 43
45 0 U 44
46 1 U 45
47 1 U 13
48 1 U 47
49 0 U -1
50 0 U 49
51 0 L 32
52 1 U 51
53 1 U 39
54 1 U 53
55 0 U 54
56 1 U -1
57 1 U 56
58 0 U 57
59 1 U 58
60 0 U 59
61 1 U 60
62
0 1 U -1
1 0 U 0
2 1 U 1
3 0 L 1
4 1 U 3
5 1 U 4
6 0 U 5
7 0 U -1
8 0 U 7
9 0 U 8
10 1 U 9
11 1 U 10
12 0 U 11
13 1 U 12
14 1 U 7
15 0 U 14
16 0 U 15
17 0 U 16
18 1 U 7
19 0 U 18
20 1 L 2
21 1 U -1
22 0 U 21
23 0 U 22
24 0 U 23
25 1 U 24
26 1 U 25
27 1 U 26
28 1 U 22
29 0 U 28
30 0 L 16
31 0 U 30
32 1 U 31
33 1 U 32
34 0 U 33
35 0 U -1
36 0 U 35
37 1 U 36
38 0 U 37
39 1 U 38
40 1 U 39
41 1 U 40
42 0 U -1
43 1 U 42
44 1 U 43
45 0 U 44
46 1 U 45
47 1 U 35
48 1 U 47
49 0 U -1
50 0 U 49
51 0 U 33
52 1 U 51
53 1 U 52
54 1 U 53
55 0 U 54
56 1 U -1
57 1 U 56
58 0 U 57
59 1 U 58
60 0 L 30
61 0 L 58
62
0 1 U -1
1 0 U 0
2 1 U 1
3 0 L 1
4 1 U 3
5 1 U 4
6 0 U 5
7 0 U -1
8 1 U 2
9 0 U 8
10 1 U 9
11 1 U 10
12 0 U 11
13 1 U 12
14 0 U -1
15 0 U 14
16 0 U 15
17 0 U 16
18 1 U 7
19 0 U 18
20 0 U 19
21 1 U -1
22 0 U 21
23 0 U 22
24 0 U 23
25 1 U 24
26 1 U 25
27 1 U 26
28 1 U 22
29 0 U 28
30 0 U 29
31 0 U 30
32 1 U 31
33 1 U 32
34 0 U 33
35 0 U -1
36 0 L 16
37 1 U 36
38 0 U 37
39 0 U 32
40 1 U 39
41 1 U 40
42 0 U -1
43 1 U 42
44 1 U 43
45 0 U 44
46 1 U 45
47 1 U 35
48 1 U 47
49 0 U -1
50 0 U 49
51 0 L 32
52 1 U 51
53 1 U 52
54 1 U 53
55 0 U 54
56 1 U -1
57 1 U 56
58 0 U 57
59 1 U 58
60 0 U 59
61 1 U 60
62
0 1 U -1
1 0 U 0
2 1 U 1
3 0 L 1
4 0 L 0
5 1 U 4
6 0 U 5
7 0 U -1
8 0 U 7
9 0 U 8
10 1 U 9
11 1 U 10
12 0 U 11
13 1 U 12
14 0 U -1
15 0 U 14
16 0 U 15
17 0 U 16
18 1 U 7
19 0 U 18
20 0 U 19
21 1 U -1
22 1 L 10
23 0 U 22
24 0 U 23
25 1 U 24
26 1 U 25
27 1 U 26
28 1 U 22
29 0 U 28
30 0 U 29
31 0 U 30
32 1 U 31
33 1 U 32
34 0 U 33
35 0 U -1
36 0 U 35
37 1 L 17
38 0 U 37
39 0 L 26
40 1 U 39
41 1 U 40
42 0 U -1
43 1 U 42
44 1 U 43
45 0 U 44
46 1 U 45
47 1 U 35
48 1 U 47
49 0 U -1
50 0 U 49
51 0 L 32
52 1 U 51
53 0 L 42
54 1 U 53
55 0 U 54
56 1 U -1
57 1 U 56
58 0 U 57
59 1 U 58
60 0 U 59
61 1 U 60
62
0 1 U -1
1 0 U 0
2 1 U 1
3 0 L 1
4 1 U 3
5 1 U 4
6 0 U 5
7 0 U -1
8 0 U 7
9 0 U 8
10 1 U 9
11 1 U 10
12 0 U 11
13 1 U 12
14 0 U -1
15 0 U 14
16 1 U 7
17 0 U 16
18 1 U 7
19 0 U 18
20 0 U 19
21 1 U -1
22 0 U 21
23 1 L 17
24 0 U 23
25 1 U 24
26 1 U 25
27 1 U 26
28 1 U 22
29 0 U 28
30 0 U 29
31 1 L 26
32 1 U 31
33 1 U 32
34 0 U 33
35 0 U -1
36 0 U 35
37 1 U 36
38 0 U 37
39 1 U 38
40 1 U 39
41 1 U 40
42 0 U -1
43 1 U 42
44 1 U 43
45 0 U 44
46 1 U 45
47 1 U 35
48 1 U 47
49 0 U -1
50 0 U 49
51 0 L 32
52 1 U 51
53 1 U 52
54 1 U 53
55 0 L 23
56 1 U -1
57 1 U 56
58 0 U 57
59 1 U 58
60 1 L 39
61 0 L 37
62
0 1 U -1
1 0 U 0
2 1 U 1
3 0 L 1
4 1 U 3
5 1 U 4
6 0 U 5
7 0 U -1
8 0 U 7
9 0 U 8
10 1 U 9
11 1 U 10
12 0 U 11
13 0 L 3
14 0 L 2
15 0 L 11
16 0 U 15
17 0 U 16
18 1 U 7
19 0 U 18
20 0 U 19
21 1 U -1
22 0 U 21
23 0 U 22
24 0 U 23
25 1 U 24
26 1 U 25
27 1 U 26
28 1 U 22
29 0 U 28
30 0 U 29
31 0 U 30
32 1 U 31
33 1 U 32
34 0 U 33
35 1 L 26
36 0 U 35
37 1 U 36
38 0 U 37
39 1 U 38
40 1 U 39
41 1 U 40
42 0 U -1
43 1 U 42
44 1 L 11
45 0 U 44
46 1 U 45
47 1 U 35
48 1 U 47
49 0 U -1
50 0 U 49
51 0 L 32
52 1 U 51
53 1 U 52
54 1 U 53
55 0 U 54
56 1 U -1
57 1 U 56
58 0 U 57
59 1 U 58
60 0 U 59
61 1 U 60
62
0 1 U -1
1 1 L 0
2 1 U 1
3 0 L 1
4 1 U 3
5 1 U 4
6 0 U 5
7 0 U -1
8 0 U 7
9 1 L 8
10 1 U 9
11 1 U 10
12 0 U 11
13 1 L 8
14 0 L 2
15 0 L 11
16 0 U 15
17 0 U 16
18 1 U 7
19 0 U 18
20 0 U 19
21 1 U -1
22 0 U 21
23 0 U 22
24 0 U 23
25 1 U 24
26 1 U 25
27 1 U 26
28 1 U 22
29 0 U 28
30 0 U 29
31 0 U 30
32 1 U 31
33 1 U 32
34 0 U 33
35 1 L 26
36 0 U 35
37 1 U 36
38 0 U 37
39 1 U 38
40 1 U 39
41 1 U 40
42 0 U -1
43 1 U 42
44 1 L 11
45 0 U 44
46 1 U 45
47 0 L 43
48 1 U 47
49 0 U -1
50 0 U 49
51 0 L 32
52 1 U 51
53 1 U 52
54 1 U 53
55 0 U 54
56 0 U 0
57 1 U 56
58 0 U 57
59 1 U 58
60 0 U 59
61 1 U 60
62
0 1 U -1
1 0 U 0
2 1 U 1
3 0 L 1
4 1 U 3
5 1 U 4
6 0 U 5
7 0 U -1
8 0 U 7
9 0 U 8
10 1 U 9
11 1 U 10
12 0 U 11
13 0 L 3
14 0 L 2
15 0 L 11
16 0 U 15
17 0 U 16
18 1 U 7
19 0 U 18
20 0 U 19
21 1 U -1
22 0 U 21
23 0 L 19
24 0 U 23
25 1 U 24
26 0 U 24
27 1 U 26
28 1 U 22
29 0 U 28
30 0 L 1
31 0 U 30
32 1 U 31
33 1 U 32
34 0 U 33
35 1 L 26
36 0 U 35
37 1 U 36
38 0 U 23
39 0 L 14
40 1 U 39
41 1 U 40
42 0 U -1
43 1 U 42
44 1 L 11
45 0 U 44
46 1 U 45
47 1 U 35
48 1 U 47
49 0 U -1
50 0 U 49
51 0 L 32
52 1 U 51
53 1 U 52
54 1 L 9
55 0 U 54
56 1 U -1
57 1 U 56
58 0 U 57
59 1 U 58
60 0 U 59
61 1 U 60
62
0 1 U -1
1 0 U 0
2 1 U 1
3 0 L 1
4 1 U 3
5 1 U 4
6 0 U 5
7 0 U -1
8 0 U 7
9 0 U 8
10 1 U 9
11 1 U 10
12 0 U 11
13 1 L 9
14 0 L 2
15 0 L 11
16 0 U 15
17 0 U 16
18 1 U 7
19 0 U 18
20 0 U 19
21 1 U -1
22 0 U 21
23 0 U 22
24 0 U 23
25 1 U 24
26 1 U 25
27 1 U 26
28 1 U 22
29 0 U 28
30 0 U 29
31 0 U 30
32 1 U 31
33 1 U 3
34 0 U 33
35 1 L 26
36 0 U 35
37 1 U 36
38 0 U 37
39 1 U 38
40 1 U 39
41 1 U 40
42 0 U -1
43 1 U 42
44 1 L 11
45 0 U 44
46 1 U 45
47 1 U 35
48 1 U 47
49 0 U -1
50 0 U 49
51 0 L 32
52 1 U 51
53 1 U 52
54 1 U 0
55 0 U 54
56 1 U -1
57 1 U 56
58 0 U 57
59 1 U 58
60 1 U 42
61 1 U 60
62
0 1 U -1
1 0 U 0
2 1 U 1
3 0 L 1
4 1 U 3
5 1 U 4
6 0 U 5
7 0 U -1
8 0 U 7
9 0 U 8
10 0 U 3
11 1 U 10
12 0 U 11
13 0 L 3
14 0 L 2
15 0 L 11
16 0 U 15
17 0 U 16
18 1 U 7
19 0 U 18
20 0 U 19
21 1 U -1
22 0 U 21
23 0 U 22
24 0 U 23
25 1 L 18
26 1 U 25
27 1 U 26
28 1 U 22
29 0 U 28
30 0 L 20
31 0 U 30
32 1 U 31
33 1 U 32
34 0 U 33
35 1 L 26
36 0 U 35
37 1 U 36
38 0 U 37
39 1 U 38
40 1 U 39
41 1 U 40
42 0 U -1
43 1 U 42
44 1 L 11
45 0 U 44
46 1 U 45
47 1 U 35
48 1 U 47
49 0 U -1
50 0 U 49
51 0 L 32
52 1 U 51
53 1 U 52
54 1 U 53
55 0 U 54
56 1 U -1
57 1 U 56
58 0 U 57
59 1 U 58
60 0 U 59
61 1 U 60
62
0 1 U -1
1 0 U 0
2 1 U 1
3 0 L 1
4 1 U 3
5 1 U 4
6 0 U 5
7 0 U -1
8 0 U 7
9 0 U 8
10 1 U 9
11 1 U 10
12 0 U 11
13 0 L 3
14 0 L 2
15 0 L 11
16 0 U 15
17 0 U 16
18 1 U 7
19 0 U 18
20 0 U 19
21 1 L 9
22 1 U 9
23 0 U 22
24 0 U 23
25 1 U 24
26 1 U 25
27 1 U 26
28 1 U 22
29 0 U 28
30 0 U 29
31 0 U 30
32 1 U 15
33 1 U 32
34 0 U 33
35 1 L 20
36 1 L 8
37 1 U 36
38 0 U 37
39 1 U 38
40 1 U 39
41 1 U 40
42 0 U -1
43 1 U 42
44 1 L 11
45 0 U 44
46 1 U 45
47 1 U 35
48 1 U 47
49 0 U -1
50 0 U 49
51 0 L 32
52 1 U 51
53 1 U 52
54 0 L -1
55 0 U 54
56 1 U -1
57 1 U 56
58 0 U 18
59 1 U 58
60 0 U 59
61 1 U 60
62
0 1 U -1
1 0 U 0
2 0 U 1
3 0 L 1
4 1 U -1
5 0 L 4
6 0 U 5
7 0 U -1
8 0 U 7
9 0 U 8
10 1 U 9
11 1 U 10
12 0 U 11
13 0 L 3
14 0 L 2
15 0 L 11
16 0 U 15
17 0 U 16
18 1 U 7
19 0 U 18
20 0 U 19
21 1 U -1
22 0 U 21
23 1 U 9
24 0 U 23
25 1 U 24
26 1 U 25
27 1 U 26
28 1 U 22
29 0 U 28
30 0 U 29
31 0 U 30
32 1 U 31
33 1 U 32
34 0 U 33
35 1 L 26
36 0 U 35
37 1 U 36
38 0 U 37
39 1 U 38
40 1 U 39
41 1 U 40
42 0 U -1
43 1 U 42
44 1 L 11
45 0 U 44
46 1 U 45
47 1 U 35
48 1 L 40
49 0 U -1
50 0 U 49
51 0 L 32
52 1 U 51
53 1 L 24
54 1 U 53
55 0 U 54
56 1 U -1
57 1 U 56
58 0 U 57
59 1 U 58
60 0 U 59
61 1 U 60
62
0 1 U -1
1 0 U 0
2 1 U 1
3 0 L 1
4 1 U 3
5 1 U 4
6 1 U 4
7 0 U -1
8 0 U 7
9 0 U 8
10 1 U 9
11 1 U 10
12 1 U 1
13 0 L 3
14 0 L 2
15 0 L 11
16 0 U 15
17 0 U 16
18 1 U 7
19 0 U 18
20 0 U 19
21 1 U -1
22 0 U 21
23 0 U 22
24 0 U 23
25 0 U 11
26 1 U 25
27 1 U 26
28 1 U 22
29 0 U 28
30 0 U 29
31 0 U 30
32 1 U 31
33 1 U 32
34 0 U 21
35 1 L 26
36 0 U 35
37 1 U 36
38 0 U 37
39 1 U 38
40 1 U 39
41 1 U 40
42 0 U -1
43 1 U 42
44 1 L 11
45 0 U 44
46 1 U 45
47 1 U 35
48 1 U 47
49 0 U -1
50 0 U 49
51 0 L 32
52 1 U 51
53 1 U 52
54 1 U 53
55 0 U 54
56 1 U -1
57 1 L 38
58 0 U 57
59 1 U 58
60 0 U 59
61 1 U 60
62
0 1 U -1
1 0 U 0
2 1 U 1
3 0 L 1
4 1 U 3
5 1 U 4
6 0 U 5
7 0 U -1
8 0 U 7
9 0 U 8
10 1 U 9
11 1 U 10
12 0 U 11
13 0 L 3
14 0 L 2
15 0 L 11
16 0 U 15
17 0 U 16
18 1 U 7
19 0 U 18
20 0 U 19
21 1 U -1
22 0 U 21
23 0 U 22
24 0 U 23
25 1 U 24
26 1 U 10
27 1 U 26
28 1 U 22
29 0 U 28
30 0 U 29
31 0 U 30
32 1 L 21
33 0 U 19
34 0 L 21
35 1 L 26
36 0 U 35
37 1 U 36
38 0 U 37
39 1 U 38
40 1 U 39
41 1 U 40
42 0 U -1
43 1 U 42
44 1 L 11
45 0 U 44
46 1 U 45
47 1 U 35
48 0 U 19
49 0 U -1
50 0 U 49
51 0 L 32
52 1 U 51
53 1 U 52
54 1 U 2
55 0 U 54
56 1 U -1
57 1 U 56
58 0 U 57
59 1 U 58
60 0 U 59
61 1 U 60
62
0 1 U -1
1 0 U 0
2 1 U 1
3 0 L 1
4 0 L 3
5 1 U 4
6 0 U 5
7 0 U -1
8 0 U 7
9 0 U 8
10 1 U 9
11 1 U 10
12 0 U 11
13 0 L 3
14 0 L 2
15 0 L 11
16 0 U 0
17 0 U 16
18 1 U 7
19 1 L 18
20 0 U 19
21 1 U -1
22 0 U 21
23 0 U 22
24 0 U 23
25 0 L 2
26 1 U 25
27 1 U 26
28 1 U 22
29 0 U 28
30 0 U 29
31 0 U 30
32 1 U 31
33 1 U 32
34 0 U 33
35 1 L 26
36 0 U 35
37 1 U 36
38 0 L 29
39 1 U 38
40 1 U 39
41 1 U 40
42 0 U -1
43 1 U 42
44 1 L 11
45 0 U 44
46 1 U 45
47 1 U 35
48 1 U 47
49 0 U -1
50 0 U 49
51 0 L 32
52 1 U 51
53 1 U 52
54 1 U 53
55 0 U 54
56 1 U -1
57 1 U 56
58 0 U 57
59 1 U 58
60 0 U 59
61 1 U 60
62
0 1 U -1
1 0 U 0
2 1 U 1
3 0 L 1
4 1 U 3
5 1 U 4
6 0 U 5
7 0 U -1
8 0 U 7
9 1 U -1
10 1 U 9
11 1 U 10
12 0 U 11
13 1 U 7
14 0 L 2
15 0 L 11
16 0 U 15
17 0 U 16
18 1 U 7
19 0 U 18
20 0 U 19
21 1 U -1
22 0 U 21
23 0 U 22
24 0 U 23
25 1 U 24
26 1 U 25
27 1 U 26
28 1 U 22
29 0 U 28
30 0 U 29
31 0 U 30
32 1 U 31
33 1 U 32
34 0 U 33
35 1 L 26
36 0 U 35
37 1 U 36
38 0 U 37
39 1 U 38
40 1 L 15
41 1 U 40
42 0 U -1
43 1 U 42
44 0 U 13
45 1 L 2
46 1 U 45
47 1 U 35
48 1 U 47
49 0 U -1
50 0 U 49
51 0 L 32
52 1 U 51
53 1 U 52
54 1 U 53
55 0 U 54
56 1 U -1
57 1 U 56
58 0 U 57
59 1 U 14
60 0 U 59
61 0 U 36
62
0 1 U -1
1 0 U 0
2 1 U 1
3 0 L 1
4 1 U 3
5 1 U 4
6 0 U 5
7 0 U -1
8 0 U 7
9 0 U 8
10 1 U 9
11 0 L 9
12 0 U 11
13 0 L 3
14 0 L -1
15 0 L 11
16 0 U 15
17 0 U 16
18 1 U 7
19 0 U 18
20 0 U 19
21 1 U -1
22 0 U 21
23 0 U 22
24 0 U 23
25 1 U 24
26 1 U 25
27 0 L 4
28 1 U 22
29 0 U 28
30 0 U 27
31 1 L 15
32 1 U 31
33 1 U 32
34 0 U 33
35 1 L 26
36 0 U 35
37 1 U 36
38 1 L 20
39 1 U 38
40 1 U 39
41 1 U 40
42 0 U -1
43 0 U 4
44 1 L 11
45 0 U 44
46 0 L 4
47 1 U 35
48 1 U 47
49 1 U 1
50 0 U 49
51 0 L 32
52 1 U 51
53 1 U 52
54 1 U 53
55 0 U 54
56 1 U -1
57 1 U 56
58 0 U 57
59 1 U 58
60 0 U 59
61 1 U 60
62
0 0 L -1
1 0 U 0
2 1 U 1
3 0 L 1
4 1 U 3
5 1 U 4
6 0 U 5
7 0 U -1
8 0 U 7
9 0 U 8
10 1 U 9
11 1 U 10
12 0 U 11
13 1 L 12
14 0 L 2
15 0 L 11
16 0 U 15
17 0 U 16
18 1 L 13
19 1 L 0
20 0 U 19
21 1 U -1
22 0 U 21
23 0 U 22
24 0 U 23
25 1 U 24
26 1 U 25
27 1 U 26
28 1 U 22
29 0 U 28
30 0 U 29
31 0 U 30
32 1 U 31
33 1 U 32
34 0 U 33
35 1 L 26
36 0 U 35
37 1 U 36
38 0 U 37
39 1 U 38
40 1 U 39
41 1 U 40
42 0 U -1
43 1 U 42
44 1 L 11
45 0 U 44
46 1 U 45
47 0 L 41
48 1 U 47
49 0 U -1
50 0 U 49
51 0 L 32
52 1 U 51
53 1 U 52
54 1 U 53
55 0 U 54
56 1 U -1
57 1 U 56
58 0 U 57
59 1 L 33
60 0 U 59
61 1 U 60
62
0 0 L -1
1 0 U 0
2 1 U 1
3 0 L 1
4 1 U 3
5 1 U 4
6 0 U 5
7 1 L 3
8 0 U 7
9 0 U 8
10 1 U 9
11 1 U 10
12 0 U 11
13 0 L 3
14 0 L 2
15 0 L 11
16 0 U 15
17 0 U 16
18 1 U 7
19 0 U 18
20 0 U 19
21 1 U -1
22 0 U 21
23 0 U 22
24 0 U 23
25 1 U 24
26 1 U 25
27 1 U 26
28 1 U 22
29 0 U 28
30 1 U 18
31 0 U 30
32 1 U 31
33 1 U 32
34 0 U 33
35 1 L 26
36 0 U 35
37 1 U 36
38 0 U 37
39 1 U 38
40 1 U 39
41 1 U 40
42 0 U -1
43 1 U 42
44 1 L 11
45 0 U 44
46 1 U 45
47 1 U 35
48 1 U 47
49 0 U -1
50 0 U 49
51 0 L 32
52 1 U 51
53 1 U 52
54 1 U 53
55 0 U 54
56 1 U -1
57 1 U 56
58 0 U 57
59 1 U 58
60 0 U 59
61 1 U 60
62
0 1 U -1
1 0 U 0
2 1 U 1
3 0 L 1
4 1 U 3
5 1 U 4
6 0 U 5
7 0 U -1
8 0 U 7
9 0 U 8
10 1 U 9
11 1 U 10
12 0 U 11
13 0 L 3
14 0 L 2
15 0 L 11
16 0 U 15
17 0 U 16
18 1 U 7
19 0 U 18
20 0 U 19
21 1 U -1
22 0 U 21
23 0 U 22
24 0 U 23
25 0 L 11
26 1 U 25
27 1 U 26
28 1 U 22
29 0 U 28
30 0 U 29
31 0 U 30
32 1 L 17
33 1 U 32
34 0 U 33
35 1 L 26
36 0 U 35
37 1 U 36
38 0 U 37
39 1 U 38
40 1 U 39
41 1 U 40
42 0 U -1
43 1 U 42
44 1 L 11
45 0 U 44
46 1 U 45
47 1 U 35
48 0 L 0
49 0 U -1
50 1 U 30
51 0 L 32
52 1 U 51
53 1 U 52
54 1 U 53
55 0 U 54
56 1 U -1
57 1 U 56
58 1 L -1
59 1 U 58
60 0 U 59
61 1 U 60
62
0 1 U -1
1 0 U 0
2 1 U 1
3 0 L 1
4 1 U 3
5 1 U 4
6 0 U 5
7 1 U 5
8 0 U 7
9 1 L 0
10 1 U 9
11 1 U 10
12 0 U 11
13 1 L 9
14 0 L 2
15 0 L 11
16 0 U 15
17 0 U 16
18 1 U 7
19 0 U 18
20 0 U 19
21 1 U -1
22 0 U 21
23 0 U 22
24 0 U 23
25 1 U 24
26 1 L 5
27 1 U 26
28 1 U 22
29 0 U 28
30 0 U 29
31 0 U 30
32 1 L 22
33 1 U 32
34 0 U 33
35 1 L 26
36 0 U 35
37 1 U 36
38 0 U 37
39 1 U 38
40 1 U 39
41 1 U 40
42 0 U 27
43 1 U 42
44 1 L 11
45 0 U 44
46 1 L 29
47 1 U 35
48 1 U 47
49 1 U 13
50 0 U 49
51 0 L 32
52 1 U 51
53 1 U 52
54 1 U 53
55 1 L 13
56 1 U -1
57 1 U 56
58 0 U 57
59 1 U 58
60 0 U 24
61 1 U 60
62
0 1 U -1
1 0 U 0
2 1 U 1
3 0 L 1
4 1 U 3
5 1 U 4
6 0 U 5
7 0 U -1
8 0 U 7
9 0 U 8
10 1 U 9
11 0 L 8
12 0 U 11
13 0 L 3
14 0 L 2
15 0 L 11
16 0 U 15
17 0 U 16
18 1 U 7
19 0 U 18
20 0 U 19
21 1 U -1
22 1 L 4
23 0 U 22
24 0 U 23
25 1 U 24
26 1 U 25
27 1 U 26
28 1 U 22
29 1 U 13
30 0 U 29
31 0 U 30
32 1 U 31
33 1 U 32
34 0 U 33
35 1 L 26
36 0 U 35
37 1 U 36
38 1 U 22
39 0 U 14
40 1 U 39
41 1 U 40
42 0 U 28
43 1 U 42
44 1 L 11
45 0 U 44
46 1 U 45
47 1 U 35
48 1 U 47
49 0 U -1
50 0 U 49
51 0 L 32
52 1 U 51
53 0 U 52
54 1 U 53
55 1 U 13
56 1 U -1
57 1 U 56
58 0 U 57
59 1 U 58
60 0 U 59
61 1 U 60
62
0 1 U -1
1 0 U 0
2 1 U 1
3 0 L 1
4 1 U -1
5 1 U 4
6 0 U 5
7 0 U -1
8 0 U 7
9 0 U 8
10 1 U 9
11 1 U 10
12 0 U 11
13 0 L 3
14 0 L 2
15 0 L 11
16 0 U 15
17 0 L 7
18 1 U 7
19 0 U 18
20 0 U 19
21 1 U -1
22 0 U 21
23 0 U 22
24 0 U 23
25 0 U 9
26 1 L 21
27 1 U 26
28 1 U 22
29 0 U 28
30 0 U 29
31 0 U 30
32 1 U 31
33 1 U 32
34 0 U 33
35 1 L 26
36 0 U 35
37 1 U 0
38 0 U 37
39 1 U 38
40 1 U 39
41 1 U 40
42 0 U -1
43 1 U 42
44 1 L 11
45 0 U 44
46 1 U 45
47 1 U 35
48 1 U 47
49 0 U -1
50 0 U 9
51 0 U 38
52 1 U 51
53 1 U 52
54 1 U 53
55 0 U 54
56 0 L 43
57 1 U 56
58 0 U 57
59 1 U 58
60 0 L 40
61 1 U 60
62
0 1 U -1
1 0 L -1
2 1 U 1
3 0 L 1
4 1 U 3
5 1 U 4
6 0 U 5
7 0 U -1
8 0 U 7
9 0 U 6
10 1 U 9
11 1 U 10
12 0 U 11
13 0 L 3
14 0 L 2
15 0 L 11
16 0 U 15
17 0 U 16
18 1 U 7
19 0 U 18
20 0 U 19
21 1 U -1
22 0 U 21
23 0 L 19
24 0 U 23
25 1 U 24
26 1 U 25
27 1 U 26
28 1 U 22
29 0 U 28
30 0 U 29
31 0 U 30
32 1 U 31
33 1 U 18
34 0 U 33
35 1 L 26
36 0 U 35
37 1 U 8
38 1 U 11
39 1 U 38
40 1 U 39
41 1 U 40
42 0 L 3
43 0 L -1
44 1 L 11
45 0 L 38
46 1 U 45
47 1 U 30
48 1 U 47
49 0 U -1
50 0 U 49
51 0 L 32
52 1 U 51
53 1 U 52
54 1 U 28
55 0 U 54
56 1 U -1
57 1 U 56
58 0 U 57
59 0 L 15
60 0 U 59
61 1 U 60
62
0 1 U -1
1 0 U 0
2 1 U 1
3 0 L 1
4 1 U 3
5 1 U 4
6 0 U 5
7 0 U -1
8 0 U 7
9 0 U 8
10 0 L -1
11 1 U 10
12 0 U 11
13 0 L 3
14 0 L 2
15 0 L 11
16 0 U 15
17 0 U 4
18 1 U 7
19 0 L -1
20 1 L 11
21 1 U -1
22 0 U 21
23 0 L 14
24 0 U 23
25 1 U 24
26 1 U 25
27 1 U 26
28 1 U 22
29 0 U 28
30 0 U 29
31 1 U 23
32 1 U 31
33 1 U 32
34 0 U 33
35 1 L 26
36 0 U 35
37 1 U 36
38 0 U 37
39 1 U 38
40 1 U 39
41 1 U 21
42 0 U -1
43 1 U 42
44 1 L 11
45 0 U 44
46 1 U 45
47 1 U 35
48 1 U 47
49 0 U -1
50 0 U 49
51 0 L 32
52 1 U 51
53 1 U 52
54 0 L 8
55 0 U 54
56 1 L 43
57 1 U 56
58 0 U 57
59 1 U 58
60 0 U 59
61 1 U 60
62
0 1 U -1
1 0 U 0
2 1 U 1
3 1 U 0
4 1 U 3
5 1 U 4
6 0 U 5
7 0 U -1
8 0 U 7
9 0 U 8
10 1 U 9
11 1 U 10
12 0 U 11
13 0 L 3
14 0 L 2
15 0 L 11
16 0 U 15
17 0 U 16
18 1 U 7
19 0 U 18
20 0 U 19
21 1 U -1
22 0 U 21
23 1 L 4
24 0 U 23
25 1 U 24
26 1 U 25
27 1 U 26
28 1 U 22
29 0 U 28
30 0 U 29
31 0 U 30
32 1 U 31
33 1 U 32
34 0 U 33
35 0 L 3
36 0 U 35
37 1 U 36
38 1 L 2
39 1 U 38
40 1 U 7
41 1 U 40
42 0 U -1
43 1 U 42
44 1 L 11
45 0 U 44
46 1 U 45
47 1 U 35
48 1 U 47
49 1 U 2
50 0 U 49
51 0 L 32
52 1 U 51
53 1 U 52
54 1 U 53
55 0 U 54
56 1 U 40
57 1 U 6
58 0 U 57
59 1 U 58
60 0 U 59
61 1 U 60
62
0 1 U -1
1 0 U 0
2 1 U 1
3 0 L 1
4 1 U 3
5 1 U 4
6 0 U 5
7 0 U -1
8 0 U 7
9 0 U 8
10 1 U 9
11 1 U 10
12 0 U 11
13 0 L 12
14 0 L 2
15 0 L 11
16 0 U 15
17 0 U 16
18 1 U 7
19 0 U 18
20 0 U 19
21 1 U -1
22 0 U 21
23 0 U 22
24 0 U 23
25 1 U 24
26 1 U 25
27 1 U 26
28 1 U 22
29 0 U 28
30 0 U 29
31 0 U 30
32 1 U 13
33 1 U 32
34 0 U 33
35 1 L 26
36 0 U 35
37 1 U 29
38 0 U 37
39 1 U 38
40 1 U 39
41 1 U 40
42 0 U -1
43 1 U 42
44 1 L 31
45 0 U 44
46 1 U 45
47 1 U 35
48 1 U 47
49 0 U -1
50 0 U 49
51 0 L 32
52 1 U 51
53 1 U 52
54 1 U 53
55 0 U 54
56 1 U -1
57 1 U 56
58 0 U 57
59 1 U 58
60 0 U 59
61 1 U 60
62
0 0 L -1
1 0 U 0
2 1 U 1
3 0 L 1
4 1 U 3
5 1 U 4
6 0 U 5
7 0 U -1
8 0 U 7
9 0 U 8
10 1 U 9
11 1 U 10
12 0 U 11
13 0 L 3
14 0 L 2
15 0 L 11
16 1 U 13
17 0 U 16
18 1 U 7
19 0 U 18
20 0 U 19
21 1 U -1
22 0 U 21
23 0 U 22
24 0 U 23
25 1 U 24
26 1 U 25
27 1 U 26
28 1 U 22
29 0 U 28
30 0 U 29
31 0 U 30
32 1 U 31
33 1 U 32
34 0 U 33
35 1 L 26
36 0 U 35
37 1 U 36
38 0 U 37
39 1 U 38
40 1 U 39
41 1 U 40
42 0 U -1
43 1 U 42
44 1 L 11
45 0 U 26
46 1 U 45
47 1 U 35
48 1 U 47
49 0 L 33
50 0 U 49
51 0 L 32
52 1 U 51
53 1 U 52
54 0 U 14
55 0 U 54
56 1 U -1
57 1 U 56
58 0 U 57
59 1 U 58
60 0 U 59
61 1 U 60
62
0 1 U -1
1 0 U 0
2 1 U 1
3 0 U -1
4 1 U 3
5 1 U 4
6 0 U 5
7 0 U -1
8 0 U 7
9 0 U 8
10 1 U 9
11 1 U 10
12 0 U 11
13 0 L 3
14 0 L 10
15 0 L 11
16 0 U 15
17 0 U 16
18 1 U 7
19 0 U 18
20 0 U 19
21 1 U -1
22 0 U 21
23 0 U 22
24 0 U 23
25 1 U 24
26 1 U 25
27 1 U 26
28 1 U 22
29 0 U 28
30 0 U 29
31 0 U 30
32 1 U 31
33 1 U 32
34 0 U 33
35 1 L 26
36 0 U 35
37 1 U 36
38 0 U 37
39 1 U 38
40 1 U 39
41 1 U 40
42 0 U -1
43 1 U 42
44 1 L 11
45 0 U 44
46 1 U 45
47 1 U 35
48 1 U 47
49 0 U -1
50 0 U 49
51 0 L 32
52 1 U 51
53 1 U 52
54 1 U 53
55 1 L 47
56 1 U -1
57 1 U 56
58 0 U 57
59 1 U 58
60 0 U 59
61 0 L 33
62
0 0 L -1
1 1 U -1
2 1 U 1
3 0 L 1
4 1 U 3
5 1 U 4
6 0 U 5
7 0 U -1
8 0 U 7
9 0 U 8
10 1 U 9
11 1 U 10
12 0 U 11
13 0 L 3
14 0 L 2
15 0 L 11
16 0 U 15
17 0 U 16
18 1 U 7
19 0 U 18
20 0 U 19
21 1 L 13
22 0 U 21
23 0 U 22
24 0 U 23
25 1 U 24
26 1 U 25
27 1 U 26
28 1 U 22
29 0 U 28
30 0 U 29
31 0 U 30
32 1 U 31
33 1 U 32
34 0 U 33
35 1 L 26
36 0 U 35
37 1 U 36
38 0 U 37
39 1 U 38
40 0 U 15
41 1 U 40
42 0 U -1
43 0 L 28
44 1 L 11
45 0 U 44
46 1 U 45
47 1 U 35
48 1 U 47
49 0 U -1
50 0 U 49
51 0 L 32
52 1 U 51
53 1 U 52
54 1 U 53
55 0 U 54
56 1 U -1
57 1 U 56
58 0 U 57
59 1 U 58
60 0 U 59
61 1 U 60
62
0 1 U -1
1 0 U 0
2 1 U 1
3 1 U 2
4 1 U 3
5 1 U 4
6 0 U 5
7 0 U -1
8 0 U 7
9 0 U 8
10 1 U 9
11 1 U 10
12 0 U 11
13 0 L 3
14 0 L 2
15 0 L 11
16 0 U 15
17 0 U 16
18 1 U 7
19 0 U 18
20 0 U 19
21 1 U -1
22 0 U 21
23 0 U 22
24 0 U 23
25 1 U 24
26 1 U 25
27 0 L 12
28 1 U 22
29 0 U 28
30 1 L 11
31 0 U 30
32 1 U 31
33 1 U 32
34 0 U 33
35 1 L 26
36 0 U 35
37 1 U 36
38 0 U 37
39 1 U 38
40 1 U 39
41 1 U 40
42 0 U -1
43 1 U 42
44 1 L 11
45 0 U 44
46 1 U 37
47 1 U 35
48 1 U 47
49 0 U -1
50 1 U 18
51 0 L 32
52 1 U 51
53 1 U 52
54 1 U 53
55 0 U 54
56 1 U -1
57 1 U 56
58 0 U 57
59 1 U 58
60 0 U 59
61 1 L 16
62
0 1 U -1
1 0 U 0
2 1 U 1
3 0 L 1
4 1 U 3
5 1 U 4
6 0 U 5
7 0 U -1
8 1 U -1
9 0 U 8
10 1 U 9
11 0 L 6
12 0 U 11
13 0 L 3
14 0 L 2
15 0 L 11
16 0 U 7
17 0 U 16
18 1 U 7
19 0 U 18
20 0 U 19
21 1 U -1
22 0 U 21
23 0 U 22
24 0 U 23
25 0 L 8
26 1 U 25
27 1 U 26
28 1 U 22
29 0 U 28
30 0 U 29
31 0 U 30
32 1 U 31
33 1 U 32
34 0 U 33
35 1 L 26
36 0 U 35
37 1 U 36
38 0 U 37
39 1 U 38
40 1 U 39
41 1 U 40
42 0 U -1
43 1 U 42
44 1 L 11
45 0 U 44
46 1 U 45
47 1 U 35
48 1 U 47
49 0 U -1
50 0 U 49
51 0 L 32
52 1 U 51
53 1 U 52
54 1 U 53
55 0 U 54
56 1 U -1
57 1 U 56
58 0 U 57
59 1 U 58
60 0 U 59
61 1 U 60
62
0 1 U -1
1 0 U 0
2 1 U 1
3 0 L 1
4 1 U 3
5 1 U 4
6 0 U 5
7 0 U -1
8 0 U 7
9 0 U 8
10 1 U 9
11 0 U 9
12 0 U 11
13 0 L 3
14 0 L 2
15 0 L 11
16 0 U 15
17 0 U 16
18 1 U 7
19 0 U 18
20 1 U 18
21 1 U -1
22 0 U 21
23 0 L 8
24 0 U 23
25 1 U 24
26 1 U 25
27 1 U 26
28 1 U 22
29 0 U 28
30 0 U 29
31 0 U 30
32 0 U 29
33 1 U 32
34 0 U 33
35 1 L 26
36 0 U 35
37 1 U 36
38 0 U 37
39 1 U 38
40 1 U 3
41 1 U 40
42 0 U -1
43 1 U 42
44 1 L 11
45 0 U 44
46 1 U 45
47 1 U 35
48 1 U 47
49 0 L 8
50 0 U 49
51 0 L 32
52 1 U 51
53 1 U 52
54 1 U 53
55 0 U 54
56 1 U -1
57 1 L 28
58 1 U 53
59 1 U 58
60 0 U 28
61 1 U 60
62
0 1 L -1
1 0 U 0
2 1 U 1
3 0 L 1
4 1 U 3
5 1 U 4
6 0 U 0
7 0 U -1
8 0 U 7
9 0 U 8
10 1 U 9
11 1 U 10
12 0 U 11
13 0 L 3
14 1 U 9
15 0 L 11
16 0 U 15
17 0 U 16
18 1 U 7
19 0 U 18
20 0 U 19
21 0 L 1
22 0 U 21
23 1 L 6
24 1 L 10
25 1 U 24
26 1 U 25
27 1 U 26
28 1 U 22
29 0 U 28
30 0 U 29
31 0 U 30
32 1 U 31
33 1 U 32
34 0 U 33
35 1 L 26
36 0 U 35
37 1 U 36
38 0 U 37
39 1 U 38
40 1 U 39
41 1 U 40
42 0 U -1
43 1 U 7
44 1 L 11
45 0 U 44
46 1 U 45
47 1 U 35
48 1 U 47
49 0 U -1
50 0 U 49
51 0 L 32
52 1 U 51
53 1 U 52
54 1 U 53
55 0 L 42
56 1 U -1
57 1 U 56
58 0 U 57
59 1 U 58
60 0 U 59
61 1 U 60
62
0 1 U -1
1 0 U 0
2 1 U 1
3 0 L 1
4 1 U 3
5 1 U 4
6 0 U 5
7 0 U -1
8 0 U 7
9 0 U 8
10 1 U 9
11 0 L 9
12 0 U 11
13 0 L 3
14 0 L 2
15 0 U 5
16 0 U 5
17 0 U 16
18 1 U 7
19 0 U 18
20 0 U 19
21 1 U -1
22 0 U 21
23 0 U 22
24 0 U 23
25 1 U 24
26 1 U 25
27 1 U 26
28 1 U 22
29 0 U 28
30 0 U 29
31 0 U 30
32 1 U 31
33 1 U 32
34 0 U 33
35 1 L 26
36 0 U 35
37 1 U 36
38 0 U 37
39 1 U 38
40 1 U 39
41 1 U 40
42 0 U -1
43 1 U 42
44 0 L 37
45 0 U 44
46 1 U 45
47 1 U 28
48 1 U 47
49 0 U -1
50 0 U 49
51 0 L 32
52 1 L 29
53 1 U 52
54 1 U 53
55 0 U 54
56 1 U -1
57 1 U 56
58 0 U 57
59 1 U 58
60 0 U 59
61 1 U 60
62
0 1 U -1
1 0 U 0
2 1 U 1
3 0 L 1
4 1 U 3
5 1 U 4
6 0 U 5
7 0 U -1
8 0 U 7
9 0 U 8
10 1 U 9
11 1 U 10
12 0 U 11
13 0 L 3
14 0 L 2
15 0 L 11
16 0 U 15
17 1 U 16
18 1 L 11
19 0 U 18
20 0 U 19
21 1 U -1
22 0 U 21
23 0 U 22
24 0 U 23
25 1 U 24
26 1 U 25
27 1 U 26
28 1 U 22
29 0 U 3
30 0 U 29
31 0 U 30
32 1 U 31
33 1 U 32
34 0 U 33
35 1 L 26
36 0 U 35
37 1 U 36
38 0 U 37
39 1 U 38
40 1 U 39
41 1 U 40
42 1 U 28
43 1 U 42
44 1 L 11
45 0 U 44
46 1 U 45
47 1 U 35
48 1 U 47
49 0 U -1
50 0 U 49
51 0 L 32
52 1 U 51
53 1 U 52
54 1 U 53
55 0 U 54
56 1 U -1
57 1 U 56
58 0 U 57
59 1 U 58
60 0 U 59
61 1 U 60
62
0 1 U -1
1 0 U 0
2 1 U 1
3 1 U 0
4 1 U 3
5 1 U 4
6 0 U 5
7 0 U -1
8 0 U 7
9 0 L 0
10 1 U 9
11 1 U 10
12 0 U 11
13 0 L 3
14 0 L 2
15 0 L 11
16 0 U 15
17 0 U 16
18 1 U 7
19 0 U 18
20 0 U 19
21 1 U -1
22 0 U 21
23 0 U 22
24 0 U 23
25 1 U 24
26 1 U 25
27 1 U 26
28 1 U 22
29 0 U 28
30 0 U 29
31 0 U 30
32 1 U 31
33 1 U 32
34 0 U 33
35 1 L 26
36 0 L 1
37 1 U 36
38 0 U 37
39 0 U 16
40 1 U 39
41 1 U 40
42 0 U -1
43 1 U 42
44 1 L 11
45 1 U 42
46 1 U 45
47 1 U 22
48 0 U 4
49 1 L 23
50 0 U 49
51 0 L 32
52 1 U 51
53 1 U 52
54 1 U 53
55 0 U 26
56 1 U -1
57 1 U 56
58 0 U 57
59 1 U 58
60 0 U 59
61 1 U 60
62
0 1 U -1
1 0 U 0
2 1 U 1
3 0 L 1
4 1 U 3
5 1 U 4
6 0 U 5
7 0 U -1
8 0 U 7
9 0 U 8
10 1 U 9
11 1 U 10
12 0 U 11
13 0 L 3
14 0 L 2
15 0 L 11
16 0 U 15
17 0 U 16
18 1 U 7
19 0 U 18
20 0 U 19
21 1 U -1
22 0 U 21
23 0 U 22
24 0 U 23
25 1 U 24
26 1 U 25
27 1 U 26
28 1 U 22
29 0 U 28
30 0 U 29
31 0 U 30
32 1 U 31
33 1 U 32
34 0 U 33
35 1 L 26
36 0 U 35
37 1 U 36
38 0 U 37
39 1 U 38
40 1 U 39
41 1 U 40
42 0 U -1
43 1 U 42
44 1 L 11
45 0 U 44
46 1 U 45
47 1 U 35
48 1 U 47
49 0 U -1
50 0 U 49
51 0 L 32
52 1 U 51
53 1 U 52
54 1 U 53
55 0 U 54
56 1 U -1
57 1 L -1
58 0 U 57
59 1 U 58
60 0 U 59
61 1 U 60
62
0 1 U -1
1 0 U 0
2 1 U 1
3 0 L 1
4 1 U 3
5 1 U 4
6 0 L 4
7 0 U -1
8 0 U 7
9 0 U 8
10 1 L 3
11 1 U 10
12 0 L 9
13 0 L 3
14 0 L 2
15 0 L 11
16 0 U 15
17 0 U 16
18 1 U 7
19 0 U 18
20 0 U 19
21 1 U -1
22 0 U 21
23 0 U 22
24 0 U 23
25 1 L 7
26 1 U 25
27 1 U 26
28 0 L 0
29 0 U 28
30 0 U 29
31 0 U 30
32 1 U 31
33 1 U 32
34 0 U 33
35 1 U 34
36 0 U 35
37 1 U 36
38 0 U 37
39 0 L 21
40 1 U 39
41 1 U 40
42 0 U -1
43 1 U 42
44 1 L 11
45 0 U 44
46 1 U 25
47 1 U 7
48 1 U 47
49 0 U -1
50 0 U 49
51 0 L 32
52 1 U 51
53 1 U 52
54 1 U 53
55 0 U 54
56 1 U -1
57 1 U 56
58 0 U 57
59 1 L 34
60 0 U 59
61 1 U 60
62
0 1 U -1
1 0 U 0
2 1 U 1
3 0 L 2
4 1 U 3
5 1 U 4
6 0 U 5
7 0 U -1
8 0 U 7
9 0 U 8
10 1 U 9
11 1 U 10
12 0 U 11
13 0 L 3
14 0 L 2
15 0 L 11
16 0 U 15
17 0 U 16
18 1 U 7
19 0 U 18
20 0 U 19
21 1 U -1
22 0 U 21
23 0 U 22
24 0 U 23
25 1 U 24
26 1 U 25
27 1 U 26
28 1 U 22
29 0 U 28
30 0 U 29
31 0 U 30
32 1 U 31
33 1 U 32
34 0 U 33
35 1 L 26
36 0 U 35
37 1 U 36
38 0 U 37
39 1 U 38
40 1 U 39
41 1 L 31
42 0 U -1
43 1 U 42
44 1 L 11
45 0 U 44
46 1 U 45
47 1 U 40
48 1 U 47
49 0 U -1
50 0 U 49
51 0 L 32
52 1 U 51
53 1 U 52
54 1 L 28
55 0 U 54
56 1 U -1
57 1 U 56
58 0 U 57
59 1 U 58
60 0 U 59
61 1 U 60
62
0 1 U -1
1 0 U 0
2 1 U 1
3 0 L 1
4 1 U 3
5 1 U 4
6 0 U 5
7 0 U -1
8 0 U 7
9 0 L 8
10 1 U 9
11 1 U 10
12 0 U 11
13 0 L 3
14 0 L 2
15 1 U 8
16 0 U 15
17 1 L 3
18 1 U 7
19 0 U 18
20 0 U 19
21 1 U -1
22 0 U 21
23 0 U 22
24 1 U 13
25 1 U 24
26 1 U 25
27 1 U 26
28 0 L 27
29 0 U 28
30 0 U 29
31 0 U 30
32 1 U 31
33 1 U 32
34 0 U 33
35 1 L 26
36 0 U 35
37 1 U 36
38 0 U 37
39 1 U 38
40 1 U 39
41 1 U 40
42 0 U -1
43 1 U 42
44 1 L 11
45 0 U 44
46 1 U 45
47 1 U 35
48 1 U 47
49 0 U -1
50 0 U 49
51 0 L 32
52 1 U 51
53 1 U 52
54 1 U 53
55 0 U 54
56 1 U -1
57 1 U 56
58 0 U 57
59 1 U 58
60 0 U 59
61 1 U 60
62
0 1 U -1
1 0 U 0
2 1 U 1
3 0 L 1
4 0 L 1
5 1 U 4
6 0 U 5
7 1 U 6
8 0 U 7
9 0 U 8
10 1 U 9
11 1 U 10
12 0 U 11
13 0 L 3
14 0 L 2
15 1 U 10
16 0 U 15
17 0 U 16
18 1 L 16
19 1 U 18
20 0 U 19
21 1 U -1
22 0 U 21
23 0 U 22
24 0 U 23
25 0 L 16
26 1 U 25
27 1 U 26
28 1 U 22
29 0 U 28
30 0 U 29
31 0 U 30
32 1 U 16
33 1 U 32
34 0 U 33
35 1 L 26
36 0 U 35
37 1 U 36
38 0 U 37
39 1 U 38
40 1 U 39
41 1 U 40
42 0 U -1
43 1 U 42
44 1 L 11
45 0 U 44
46 1 U 45
47 1 U 35
48 1 U 47
49 0 U -1
50 0 U 49
51 0 L 32
52 1 U 51
53 1 U 52
54 1 U 53
55 0 U 54
56 1 U -1
57 1 U 56
58 0 U 57
59 1 U 58
60 0 U 59
61 1 U 60
62
0 1 U -1
1 0 U 0
2 1 U 1
3 0 L 1
4 0 L 1
5 1 U 4
6 0 U 5
7 0 U -1
8 0 U 7
9 0 U 8
10 1 U 9
11 1 U 10
12 0 U 11
13 0 L 3
14 0 L 2
15 0 L 11
16 0 U 15
17 0 U 16
18 1 U 7
19 0 U 18
20 0 U 19
21 1 U -1
22 0 U 21
23 0 U 22
24 0 U 23
25 1 U 24
26 1 U 25
27 1 U 26
28 1 L 3
29 1 L 8
30 0 U 29
31 0 U 30
32 1 U 31
33 1 U 32
34 0 U 33
35 1 L 26
36 0 U 35
37 1 U 36
38 0 U 37
39 1 U 38
40 1 U 39
41 1 U 40
42 0 U -1
43 1 L 25
44 1 L 11
45 0 U 44
46 1 U 45
47 1 U 35
48 1 U 47
49 0 U -1
50 0 U 49
51 0 L 32
52 1 U 51
53 1 U 52
54 1 U 53
55 0 U 54
56 1 U -1
57 1 U 56
58 0 U 57
59 1 U 58
60 0 U 59
61 1 U 60
62
0 1 U -1
1 0 U 0
2 1 U 1
3 0 L 1
4 1 U 3
5 0 L 0
6 0 U 5
7 0 U -1
8 0 U 7
9 0 U 8
10 1 U 9
11 1 U 10
12 0 U 11
13 0 L 3
14 0 L 2
15 0 L 11
16 0 U 15
17 0 U 16
18 0 U 16
19 0 U 18
20 0 U 19
21 1 U -1
22 0 U 21
23 0 U 22
24 0 U 23
25 1 U 24
26 1 U 1
27 1 U 26
28 1 U 22
29 0 U 28
30 1 L 14
31 0 U 30
32 1 U 31
33 1 U 32
34 0 U 33
35 1 L 26
36 1 U 13
37 1 U 36
38 0 U 37
39 1 U 38
40 1 U 39
41 1 U 40
42 0 U -1
43 1 U 42
44 1 L 11
45 0 U 44
46 1 U 45
47 1 U 35
48 1 U 38
49 0 U -1
50 0 U 49
51 0 L 32
52 1 U 51
53 1 U 52
54 1 U 53
55 0 U 54
56 1 U -1
57 1 U 56
58 0 U 57
59 1 U 58
60 0 U 59
61 1 U 60
62
0 1 U -1
1 0 U 0
2 0 L 0
3 0 L 1
4 1 U 3
5 1 U 4
6 0 U 5
7 0 U -1
8 0 U 7
9 0 U 8
10 1 U 9
11 1 U 10
12 0 U 11
13 0 L 3
14 0 L 2
15 0 L 11
16 0 U 15
17 0 U 16
18 1 U 7
19 0 U 18
20 0 U 19
21 1 U -1
22 1 L 3
23 0 U 22
24 0 U 23
25 1 U 24
26 1 U 25
27 1 U 26
28 1 U 22
29 0 U 28
30 0 U 29
31 0 U 30
32 1 U 31
33 1 U 32
34 0 U 33
35 1 L 26
36 0 U 35
37 1 U 36
38 0 U 37
39 1 U 38
40 1 U 39
41 1 U 40
42 0 U -1
43 1 U 42
44 1 L 11
45 0 U 44
46 1 U 45
47 1 U 35
48 1 U 47
49 0 U 15
50 0 U 49
51 1 L 37
52 1 U 51
53 1 U 52
54 1 U 53
55 0 L 14
56 0 L 42
57 1 U 56
58 0 U 57
59 1 U 58
60 0 U 59
61 1 U 60
62
0 1 U -1
1 0 U 0
2 0 U 1
3 0 L 1
4 1 U 3
5 1 U 4
6 0 U 5
7 0 U -1
8 0 U 7
9 0 U 8
10 1 U 9
11 1 U 10
12 0 U 11
13 0 L 3
14 0 L 2
15 0 L 11
16 0 U 15
17 0 U 16
18 1 U 7
19 0 U 18
20 0 U 19
21 1 U -1
22 0 U 21
23 0 U 22
24 0 U 23
25 1 U 24
26 1 U 25
27 1 U 26
28 1 U 22
29 0 U 28
30 0 U 29
31 0 U 30
32 1 U 31
33 1 L 29
34 0 U 33
35 1 L 26
36 0 U 35
37 1 U 36
38 0 U 37
39 1 U 38
40 1 U 39
41 1 U 40
42 0 U 21
43 1 U 42
44 1 L 11
45 0 U 44
46 1 U 45
47 1 U 35
48 1 U 47
49 0 U -1
50 0 U 49
51 0 L 32
52 1 U 51
53 1 U 52
54 1 U 53
55 0 U 54
56 1 L 17
57 1 U 43
58 0 U 57
59 1 U 58
60 0 U 59
61 1 U 60
62
0 0 L -1
1 0 U 0
2 1 U 1
3 0 L 1
4 1 U 3
5 1 U 4
6 0 U 5
7 0 U -1
8 0 U 7
9 0 U 8
10 1 U 9
11 1 U 10
12 0 U 11
13 0 L 3
14 1 L 9
15 0 L 11
16 0 U 15
17 0 U 16
18 1 U 7
19 0 U 18
20 0 U 19
21 1 U -1
22 0 U 21
23 0 U 22
24 0 U 13
25 1 U 24
26 1 U 25
27 1 U 26
28 1 U 22
29 0 U 28
30 0 U 29
31 0 U 30
32 1 U 31
33 1 U 32
34 0 U 33
35 1 L 26
36 0 U 35
37 1 U 36
38 0 U 37
39 1 U 38
40 1 U 39
41 1 U 40
42 0 U -1
43 1 U 42
44 1 L 11
45 0 U 44
46 1 U 45
47 1 U 35
48 1 U 47
49 0 U -1
50 0 U 49
51 0 L 32
52 1 U 51
53 1 U 52
54 1 U 53
55 0 U 54
56 1 U -1
57 1 U 56
58 0 U 57
59 1 U 58
60 0 U 59
61 1 U 60
62
0 1 U -1
1 0 U 0
2 1 U 1
3 0 L 1
4 0 L 1
5 1 U 4
6 0 U 5
7 0 U -1
8 0 U 7
9 0 U 8
10 1 U 9
11 1 U 10
12 0 L 9
13 0 L 3
14 0 L 2
15 0 L 11
16 0 U 15
17 0 U 16
18 1 U 7
19 0 U 18
20 0 U 19
21 1 U -1
22 0 U 21
23 0 U 22
24 0 U 23
25 1 U 24
26 1 U 25
27 1 U 26
28 1 U 22
29 0 U 28
30 0 U 29
31 0 U 30
32 1 U 31
33 1 U 32
34 0 U 33
35 1 L 26
36 0 U 35
37 1 U 36
38 0 U 37
39 1 U 38
40 1 U 39
41 1 U 40
42 0 U -1
43 1 U 42
44 1 L 11
45 0 U 44
46 1 U 45
47 1 U 35
48 1 U 47
49 0 U -1
50 0 U 49
51 0 L 32
52 1 U 51
53 1 U 52
54 1 U 53
55 0 U 54
56 1 U -1
57 1 U 56
58 0 U 57
59 1 U 58
60 0 U 59
61 1 U 60
62
0 1 U -1
1 0 U 0
2 1 U 1
3 0 L 1
4 1 U 3
5 1 U 4
6 0 U 5
7 0 U 2
8 0 U 7
9 0 U 8
10 1 U 9
11 1 U -1
12 0 U 11
13 0 L 3
14 0 L 2
15 0 L 11
16 0 U 15
17 0 U 16
18 0 L 0
19 0 U 18
20 0 U 19
21 1 U -1
22 0 U 21
23 0 U 22
24 0 U 23
25 1 U 24
26 1 L 12
27 1 U 26
28 1 U 22
29 0 U 28
30 0 U 29
31 0 U 30
32 1 U 31
33 1 U 32
34 1 L 16
35 1 L 26
36 0 U 35
37 1 U 36
38 0 U 37
39 1 L 12
40 1 U 39
41 1 U 40
42 0 U 14
43 1 U 42
44 1 L 11
45 1 U 17
46 1 U 45
47 1 U 35
48 1 U 47
49 0 U -1
50 0 U 49
51 0 L 32
52 1 U 51
53 1 U 52
54 1 U 53
55 0 U 54
56 1 U -1
57 1 U 56
58 0 U 57
59 1 U 58
60 0 U 59
61 1 U 60
62
0 1 L -1
1 0 U 0
2 1 U 1
3 0 L 1
4 1 U 3
5 1 U 4
6 0 U 5
7 0 U -1
8 0 U 7
9 0 U 8
10 1 U 9
11 1 U 10
12 0 U 11
13 0 L 3
14 0 L 2
15 0 L 11
16 0 U 15
17 0 U 16
18 1 U 7
19 0 U 18
20 0 U 19
21 1 U -1
22 0 U 21
23 0 U 22
24 0 U 23
25 1 U 16
26 1 U 25
27 1 U 26
28 1 U 22
29 0 U 28
30 0 U 29
31 0 U 30
32 1 U 31
33 1 U 32
34 1 U 12
35 1 L 26
36 0 L 5
37 1 U 36
38 0 U 16
39 1 U 38
40 1 U 39
41 1 U 40
42 0 U -1
43 1 U 42
44 1 L 11
45 0 U 44
46 1 U 45
47 1 U 37
48 1 U 47
49 0 U -1
50 0 U 49
51 0 L 32
52 1 U 51
53 0 U 6
54 1 U 53
55 0 U 54
56 1 U -1
57 1 U 56
58 0 U 57
59 1 U 58
60 0 U 59
61 1 U 60
62
0 1 U -1
1 0 U 0
2 0 U 1
3 0 L 1
4 1 U 3
5 1 U 4
6 0 U 5
7 1 L 4
8 0 U 7
9 0 U 5
10 1 U 9
11 1 U 10
12 0 U 11
13 0 L 3
14 0 L 2
15 1 U 12
16 0 U 15
17 0 U 16
18 1 U 7
19 0 U 18
20 0 U 19
21 1 U -1
22 0 U 21
23 0 U 22
24 0 U 23
25 1 U 24
26 1 U 25
27 1 U 26
28 1 U 22
29 0 U 28
30 0 U 29
31 0 U 30
32 1 U 31
33 1 U 32
34 0 U 33
35 1 L 26
36 0 U 35
37 1 U 36
38 0 U 37
39 1 U 38
40 1 U 39
41 1 U 40
42 1 L 3
43 1 U 42
44 1 L 11
45 0 U 44
46 1 U 45
47 1 U 35
48 1 U 47
49 0 U -1
50 0 U 49
51 0 L 32
52 1 U 51
53 1 U 52
54 1 U 53
55 1 U 1
56 1 U -1
57 1 U 56
58 1 U 26
59 1 U 58
60 1 U 4
61 1 U 60
62
0 1 U -1
1 0 U 0
2 1 U 1
3 0 L 1
4 1 U 3
5 1 U 4
6 0 U 5
7 0 U -1
8 0 U 7
9 0 U 8
10 1 U 9
11 1 U 10
12 0 U 11
13 0 L 3
14 0 L 2
15 0 L 11
16 0 L 11
17 0 U 16
18 1 U 7
19 0 U 18
20 0 U 9
21 1 U -1
22 0 U 21
23 0 U 22
24 0 U 23
25 1 U 24
26 1 U 25
27 1 U 6
28 1 U 22
29 0 U 28
30 0 U 29
31 0 U 30
32 1 U 31
33 1 U 32
34 0 U 33
35 0 L 22
36 0 U 35
37 1 U 36
38 0 U 37
39 0 U 21
40 1 U 39
41 1 U 40
42 0 U -1
43 0 L 28
44 1 L 11
45 0 U 44
46 1 U 45
47 1 U 44
48 1 U 47
49 0 U -1
50 0 U 49
51 0 L 32
52 1 U 51
53 1 U 52
54 1 U 53
55 0 U 54
56 1 U -1
57 1 U 56
58 0 U 57
59 1 U 58
60 0 U 59
61 0 U 26
62
0 1 U -1
1 0 U 0
2 1 U 1
3 0 L 1
4 1 U 3
5 1 U 4
6 0 U 5
7 0 U -1
8 0 U 7
9 0 U 8
10 1 U 9
11 1 U 10
12 0 U 11
13 0 L 3
14 0 L 2
15 0 L 11
16 0 U 15
17 0 U 16
18 1 U 7
19 0 L 13
20 0 U 19
21 1 U -1
22 0 U 21
23 0 U 22
24 1 L 7
25 1 U 24
26 1 U 25
27 1 U 26
28 1 U 22
29 0 U 28
30 0 U 29
31 0 U 30
32 1 U 31
33 1 U 32
34 0 U 33
35 1 L 26
36 0 U 35
37 1 U 36
38 0 U 37
39 1 U 25
40 1 U 39
41 1 U 40
42 0 L 24
43 1 U 42
44 1 L 11
45 0 U 44
46 1 U 45
47 1 U 35
48 1 U 47
49 0 U -1
50 0 U 49
51 0 L 32
52 1 U 51
53 1 U 52
54 1 U 53
55 0 U 54
56 1 U -1
57 1 U 56
58 0 U 57
59 1 U 58
60 0 U 59
61 1 U 60
62
0 1 U -1
1 0 U 0
2 1 L 1
3 0 L 1
4 1 U 3
5 1 U 4
6 0 U 5
7 0 U -1
8 0 U 7
9 0 U 8
10 1 U 9
11 1 U 10
12 1 U 1
13 0 L 3
14 0 L 2
15 0 L 11
16 0 U 15
17 0 U 16
18 1 U 7
19 0 U 18
20 0 U 19
21 1 U -1
22 0 U 21
23 0 U 22
24 0 U 20
25 1 U 24
26 0 L 15
27 1 U 26
28 1 U 22
29 0 U 28
30 0 U 29
31 0 U 30
32 1 U 31
33 1 U 32
34 0 U 33
35 1 L 26
36 0 U 35
37 1 U 36
38 0 U 37
39 1 U 38
40 0 U 4
41 1 U 40
42 0 U -1
43 1 U 42
44 1 L 11
45 0 U 44
46 1 U 45
47 1 U 35
48 0 U 15
49 0 U -1
50 0 U 49
51 0 L 32
52 1 U 51
53 1 U 52
54 1 U 53
55 0 U 54
56 1 U -1
57 1 U 56
58 0 U 57
59 1 U 58
60 0 U 59
61 0 L 40
62
0 1 U -1
1 0 U 0
2 1 U 1
3 0 L 1
4 1 U 3
5 1 U 4
6 0 U 5
7 1 L 6
8 0 U 7
9 0 U 8
10 1 U 9
11 1 U 10
12 0 U 11
13 0 L 3
14 0 L 2
15 0 L 11
16 0 U 15
17 1 L 11
18 1 U 7
19 0 U 18
20 1 L 11
21 1 U -1
22 0 U 21
23 0 U 22
24 0 U 23
25 1 U 24
26 1 U 25
27 1 U 26
28 1 U 22
29 0 U 28
30 0 U 29
31 0 U 30
32 0 L 4
33 1 U 32
34 0 U 33
35 1 L 26
36 0 U 35
37 1 U 36
38 0 U 37
39 1 U 38
40 1 U 10
41 1 U 40
42 0 U -1
43 1 U 42
44 1 L 11
45 0 L 26
46 1 U 45
47 1 U 35
48 1 U 47
49 0 U 38
50 0 U 49
51 0 L 32
52 1 U 51
53 1 U 52
54 1 U 53
55 0 U 54
56 1 L 2
57 1 U 56
58 0 U 57
59 1 U 58
60 0 U 42
61 1 U 37
62
0 1 U -1
1 0 U 0
2 1 U 1
3 0 L 1
4 0 L 3
5 1 U 4
6 0 U 5
7 0 U -1
8 0 U 7
9 0 U 8
10 1 U 9
11 1 U 10
12 0 U 11
13 0 L 3
14 0 L 2
15 0 L 11
16 0 U 15
17 0 U 16
18 1 U 7
19 0 U 18
20 0 U 19
21 1 U -1
22 0 U 21
23 0 U 22
24 0 U 23
25 1 U 24
26 1 U 25
27 1 U 26
28 1 U 22
29 0 U 28
30 0 U 29
31 0 U 30
32 1 L 17
33 1 U 32
34 1 U 32
35 1 L 26
36 0 U 35
37 1 U 36
38 0 U 37
39 1 U 38
40 1 U 20
41 1 U 32
42 0 L 30
43 1 U 42
44 1 L 11
45 0 U 44
46 1 U 45
47 1 U 12
48 1 U 47
49 0 U -1
50 0 U 49
51 0 L 32
52 1 U 51
53 1 U 52
54 1 U 53
55 0 U 54
56 1 U -1
57 1 U 56
58 0 U 57
59 1 U 58
60 0 U 59
61 0 L 12
62
0 1 U -1
1 0 U 0
2 1 U 1
3 0 L 1
4 1 U 3
5 1 U 4
6 1 U 5
7 0 U -1
8 0 U 7
9 1 L 2
10 1 U 9
11 1 U 10
12 0 U 11
13 0 L 3
14 0 L 2
15 0 L 11
16 0 U 15
17 1 L 13
18 1 U 7
19 0 U 18
20 0 U 19
21 1 U -1
22 0 U 21
23 0 U 22
24 0 U 23
25 0 U 17
26 1 U 25
27 1 U 26
28 1 U 22
29 0 U 28
30 0 U 29
31 0 U 30
32 1 U 31
33 1 U 32
34 0 U 33
35 1 L 26
36 0 U 35
37 1 U 36
38 0 U 37
39 1 U 38
40 1 U 39
41 1 U 40
42 0 U -1
43 1 U 42
44 1 L 11
45 0 U 44
46 1 U 45
47 1 U 35
48 1 U 47
49 0 U -1
50 0 U 49
51 0 L 32
52 1 U 51
53 1 U 52
54 1 U 53
55 0 U 54
56 1 U -1
57 1 U 56
58 0 U 57
59 1 U 58
60 0 U 59
61 1 L 39
62
0 1 U -1
1 0 U 0
2 1 U 1
3 0 L 1
4 1 U 3
5 1 U 4
6 0 U 5
7 0 U -1
8 0 U 7
9 0 U 8
10 1 U 9
11 1 U 10
12 0 U 11
13 0 L 3
14 0 U 7
15 0 L 11
16 0 U 15
17 0 U 16
18 1 U 7
19 0 U 18
20 0 U 19
21 1 U -1
22 0 U 21
23 0 U 22
24 0 U 23
25 1 U 24
26 1 U 25
27 1 U 26
28 1 U 22
29 0 U 28
30 0 U 29
31 1 L 28
32 1 U 31
33 1 U 32
34 0 U 33
35 1 L 26
36 0 U 35
37 1 U 36
38 0 U 37
39 1 U 38
40 1 U 39
41 1 U 40
42 0 U -1
43 1 U 40
44 1 L 11
45 0 L 44
46 1 U 45
47 1 U 35
48 1 U 47
49 0 U -1
50 0 U 49
51 0 L 32
52 1 U 51
53 1 U 52
54 1 U 53
55 0 U 54
56 1 U -1
57 1 U 56
58 0 U 0
59 1 U 58
60 0 U 59
61 1 U 60
62
0 1 U -1
1 0 U 0
2 1 U 1
3 0 L 1
4 1 U 3
5 1 U 4
6 0 L 2
7 0 U -1
8 0 U 7
9 0 U 8
10 1 U 9
11 0 U -1
12 0 U 11
13 0 L 3
14 0 L 2
15 1 L 0
16 0 U 15
17 0 U 16
18 1 U 7
19 0 U 18
20 0 U 19
21 1 U 15
22 0 U 21
23 0 U 22
24 0 U 23
25 1 U 24
26 1 U 25
27 1 U 26
28 1 U 22
29 0 U 28
30 0 U 29
31 0 U 30
32 0 L 1
33 1 U 32
34 0 U 33
35 1 L 26
36 0 U 35
37 1 U 36
38 0 U 37
39 1 U 38
40 1 U 39
41 1 U 40
42 0 U -1
43 1 U 13
44 0 L 24
45 0 U 44
46 1 L 33
47 1 U 35
48 1 U 47
49 0 U -1
50 0 U 49
51 0 L 32
52 1 U 51
53 1 U 52
54 1 U 53
55 0 U 54
56 1 U -1
57 1 U 56
58 0 U 57
59 1 U 58
60 1 L 50
61 1 U 60
62
0 1 U -1
1 0 U 0
2 1 U 1
3 0 L 1
4 1 U 3
5 1 U 4
6 0 U -1
7 0 U -1
8 0 U 7
9 0 U 8
10 1 U 9
11 0 L 6
12 0 U 11
13 0 L 3
14 0 L 2
15 0 L 11
16 0 U 15
17 0 U 16
18 1 U 7
19 0 U 18
20 0 U 19
21 1 U -1
22 0 U 21
23 0 U 22
24 0 U 23
25 1 U 24
26 1 U 25
27 1 U 26
28 1 U 22
29 0 U 28
30 0 U 29
31 0 U 30
32 1 U 31
33 1 U 32
34 0 U 33
35 1 L 26
36 0 U 35
37 1 U 36
38 0 U 37
39 1 U 38
40 1 U 39
41 1 U 40
42 0 U -1
43 1 U 42
44 1 L 11
45 0 U 44
46 1 U 45
47 1 U 35
48 1 U 47
49 0 L 39
50 1 L 18
51 0 L 32
52 1 U 51
53 1 U 52
54 1 U 53
55 0 U 54
56 1 U -1
57 1 U 56
58 0 U 57
59 1 U 58
60 0 U 59
61 1 U 60
62
0 1 U -1
1 0 U 0
2 1 U 1
3 0 L 1
4 1 U 3
5 1 U 4
6 0 U 5
7 0 U -1
8 0 L 2
9 0 U 8
10 1 U 9
11 1 U 10
12 0 U 11
13 0 L 3
14 0 L 2
15 0 L 11
16 0 U 15
17 0 U 16
18 1 U 7
19 0 U 18
20 0 U 19
21 1 U 10
22 0 U 21
23 0 U 10
24 1 U 13
25 1 U 24
26 1 U 25
27 1 U 26
28 1 U 22
29 0 U 28
30 0 L -1
31 0 U 30
32 1 U 31
33 1 U 32
34 1 U 8
35 1 L 26
36 0 U 35
37 1 U 36
38 0 U 37
39 1 U 38
40 1 U 39
41 1 U 40
42 0 U -1
43 1 U 42
44 1 L 11
45 0 U 44
46 1 U 45
47 0 U 33
48 1 U 47
49 0 U -1
50 0 U 49
51 0 L 32
52 1 U 51
53 1 U 52
54 1 U 53
55 0 U 54
56 1 U -1
57 1 U 56
58 0 U 57
59 1 U 58
60 0 U 59
61 1 U 60
62
0 1 U -1
1 0 U 0
2 1 U 1
3 0 L 1
4 1 U 3
5 1 U 1
6 1 U 0
7 0 U -1
8 0 U 7
9 0 U 8
10 1 U 9
11 1 U 10
12 0 U 11
13 0 L 3
14 1 U 10
15 0 L 11
16 0 U 15
17 0 L 15
18 1 U 7
19 0 U 18
20 0 U 19
21 1 U -1
22 0 U 21
23 0 U 22
24 1 U 2
25 1 U 24
26 1 U 25
27 1 U 26
28 1 U 22
29 0 U 28
30 1 U 26
31 0 U 30
32 1 U 31
33 1 U 32
34 0 U 33
35 1 U 31
36 0 U 35
37 1 U 36
38 0 U 37
39 1 U 38
40 1 U 39
41 0 L 16
42 0 U 26
43 1 U 42
44 1 L 11
45 0 U 44
46 1 U 45
47 1 U 35
48 1 U 47
49 0 U -1
50 0 U 49
51 0 L 32
52 1 U 51
53 1 U 52
54 1 U 53
55 0 U 54
56 1 U -1
57 1 U 56
58 0 U 57
59 1 U 58
60 0 U 59
61 1 U 60
62
0 1 U -1
1 0 U 0
2 1 U 1
3 1 U -1
4 1 U 3
5 0 U 2
6 0 U 5
7 0 U -1
8 0 U 7
9 1 U 6
10 1 U 9
11 1 U 10
12 0 U 11
13 0 L 3
14 0 L 2
15 0 L 11
16 0 U 15
17 0 U 16
18 1 U 7
19 0 U 18
20 0 U 19
21 1 U -1
22 0 U 21
23 0 U 22
24 0 U 23
25 1 U 24
26 1 U 25
27 1 U 26
28 1 U 22
29 0 L 15
30 0 U 29
31 0 U 30
32 1 U 31
33 1 U 32
34 0 U 33
35 1 L 26
36 0 U 35
37 1 U 36
38 0 U 37
39 1 U 38
40 1 U 39
41 1 U 40
42 0 U -1
43 1 U 42
44 1 L 11
45 0 U 44
46 1 U 45
47 1 U 35
48 1 U 47
49 0 U -1
50 0 U 49
51 0 L 32
52 1 U 51
53 1 U 52
54 1 U 53
55 0 U 54
56 1 U -1
57 1 U 56
58 0 U 57
59 1 U 58
60 0 U 59
61 1 U 60
62
0 1 U -1
1 0 U 0
2 1 U 1
3 0 L 1
4 1 U 3
5 1 U 4
6 0 U 5
7 0 U -1
8 0 U 7
9 0 U 8
10 1 U 9
11 1 U 10
12 0 U 11
13 0 U 1
14 0 L 2
15 0 L 11
16 0 U 15
17 0 U 16
18 1 U 7
19 0 U 18
20 0 U 19
21 1 U -1
22 0 U 21
23 0 U 22
24 0 U 23
25 1 U 24
26 1 U 25
27 0 U 18
28 1 U 22
29 0 U 28
30 0 U 29
31 0 U 30
32 1 U 31
33 1 U 32
34 0 U 33
35 1 L 26
36 0 U 35
37 1 U 36
38 0 U 37
39 1 U 38
40 1 U 39
41 1 U 40
42 0 U -1
43 1 U 42
44 1 U 25
45 0 U 44
46 1 U 45
47 1 U 35
48 1 U 47
49 0 U -1
50 1 L 2
51 0 L 32
52 1 U 51
53 1 U 52
54 1 U 53
55 0 U 54
56 1 U -1
57 1 U 56
58 0 U 57
59 1 U 58
60 0 U 59
61 1 U 60
62
0 1 U -1
1 0 U 0
2 1 U 1
3 0 L 1
4 1 U 3
5 1 U 4
6 0 U 5
7 0 U -1
8 0 U 7
9 0 U 8
10 1 U 9
11 1 U 10
12 0 L 3
13 0 L 3
14 0 L 2
15 0 L 11
16 0 U 15
17 0 U 16
18 1 U 7
19 0 U 14
20 0 U 19
21 1 U -1
22 0 U 21
23 0 U 16
24 0 U 23
25 1 U 13
26 1 U 25
27 1 U 26
28 1 U 22
29 0 U 28
30 0 U 29
31 0 U 30
32 1 U 31
33 1 L 20
34 0 U 33
35 1 L 26
36 0 U 35
37 1 U 36
38 0 U 37
39 1 U 38
40 1 U 39
41 1 U 40
42 0 U -1
43 1 U 42
44 1 U 36
45 0 U 44
46 1 U 45
47 1 U 35
48 1 U 47
49 0 U -1
50 0 U 49
51 0 L 32
52 1 U 51
53 1 U 52
54 1 U 53
55 0 U 54
56 0 L 32
57 1 U 56
58 0 U 57
59 1 U 58
60 0 U 59
61 1 U 60
62
0 1 U -1
1 0 U 0
2 1 U 1
3 0 L 1
4 1 U 3
5 0 U -1
6 0 U 5
7 0 U -1
8 0 U 7
9 1 U 6
10 1 U 9
11 1 U 10
12 0 L 3
13 0 L 3
14 0 L 2
15 0 U 6
16 0 U 15
17 0 U 16
18 1 U 7
19 0 U 14
20 0 U 19
21 0 U 3
22 0 U 21
23 0 U 16
24 0 U 23
25 0 L 20
26 1 L 12
27 1 U 26
28 1 U 22
29 0 U 28
30 0 U 29
31 0 U 14
32 1 U 31
33 1 L 19
34 0 U 33
35 1 L 26
36 0 U 16
37 1 U 36
38 0 U 37
39 0 L 6
40 1 U 39
41 1 U 40
42 0 U -1
43 1 U 42
44 1 U 36
45 0 U 44
46 1 U 45
47 1 U 35
48 1 U 47
49 0 U -1
50 0 U 49
51 1 L 3
52 1 U 51
53 1 U 52
54 1 U 53
55 1 U 1
56 0 L 32
57 1 U 5
58 0 U 57
59 1 U 58
60 0 U 59
61 1 U 60
62
0 1 U -1
1 0 U 0
2 1 U 1
3 0 L 1
4 1 U 3
5 1 U 4
6 0 U 5
7 0 U -1
8 0 U 7
9 0 U 8
10 1 U 9
11 1 U 10
12 0 L 3
13 0 L 3
14 0 L 2
15 0 U 3
16 0 U 15
17 0 U 16
18 1 U 7
19 0 U 14
20 0 U 19
21 1 U -1
22 0 U 21
23 0 U 16
24 0 L 23
25 1 U 13
26 1 U 25
27 1 U 26
28 1 U 22
29 0 U 28
30 0 U 29
31 0 U 30
32 1 U 31
33 1 U 7
34 1 U 21
35 1 L 26
36 0 L 3
37 1 U 36
38 0 U 37
39 1 U 38
40 1 U 39
41 1 U 40
42 0 U -1
43 1 U 42
44 1 U 36
45 0 U 44
46 1 U 45
47 0 U 1
48 1 U 47
49 0 U -1
50 0 U 49
51 0 L 32
52 1 U 51
53 1 U 52
54 1 U 53
55 0 U 54
56 0 L 32
57 1 U 56
58 0 U 57
59 1 U 58
60 0 U 59
61 1 U 60
62
0 1 U -1
1 0 U 0
2 1 U 1
3 0 L 1
4 1 U 3
5 1 U 4
6 0 U 5
7 0 U -1
8 0 U 7
9 0 U 8
10 1 U 9
11 1 U 10
12 0 L 3
13 0 L 3
14 0 L 2
15 0 L 11
16 0 U 15
17 0 U 16
18 1 U 7
19 0 U 14
20 0 U 19
21 0 U 11
22 0 U 21
23 0 U 16
24 0 U 23
25 1 U 13
26 1 U 25
27 0 U 7
28 1 U 22
29 0 U 28
30 0 U 29
31 0 U 30
32 1 U 31
33 1 L 20
34 0 U 33
35 1 L 26
36 0 U 35
37 1 U 36
38 0 L 1
39 1 U 38
40 1 U 39
41 1 U 40
42 0 U -1
43 1 L 1
44 1 U 36
45 0 U 44
46 1 U 45
47 1 U 35
48 1 U 47
49 0 U -1
50 0 U 49
51 0 L 32
52 1 U 51
53 1 U 52
54 0 L 35
55 0 U 14
56 0 U 16
57 1 U 56
58 0 U 57
59 1 U 58
60 0 U 59
61 1 U 60
62
0 1 U -1
1 0 U 0
2 1 U 1
3 0 L 1
4 1 U 3
5 1 U 4
6 0 U 5
7 0 U 6
8 0 U 7
9 0 U 8
10 1 U 9
11 1 U 10
12 0 L 3
13 0 L 3
14 0 L 2
15 0 L 11
16 0 U 15
17 0 U 5
18 0 U 13
19 0 U 14
20 0 U 19
21 1 U -1
22 0 U 21
23 0 U 16
24 0 U 23
25 1 U 13
26 1 U 25
27 1 U 26
28 1 U 22
29 0 U -1
30 0 U 29
31 0 U 30
32 1 U 31
33 1 L 20
34 0 U 33
35 1 L 26
36 0 U 35
37 1 U 36
38 0 U 37
39 1 U 38
40 1 U 39
41 1 U 40
42 1 U 29
43 0 U 25
44 1 U 36
45 0 U 44
46 0 U 18
47 1 U 31
48 1 U 47
49 0 U -1
50 0 U 49
51 0 L 32
52 1 U 51
53 1 U 52
54 1 U 53
55 0 U 54
56 1 L 4
57 1 U 56
58 1 L 52
59 1 U 58
60 0 U 59
61 1 U 60
62
0 1 U -1
1 0 U 0
2 1 U 1
3 0 L 1
4 1 U 3
5 1 U 4
6 0 U 5
7 0 U -1
8 0 U 7
9 0 U 8
10 1 U 9
11 1 U 10
12 0 L 3
13 0 L 3
14 0 L 2
15 0 L 2
16 0 U 15
17 0 U 16
18 1 U 7
19 0 U 5
20 0 U 19
21 1 U -1
22 0 U 21
23 1 L 11
24 0 U 23
25 1 U 13
26 1 U 25
27 1 U 26
28 1 U 22
29 0 U 28
30 0 U 29
31 0 U 30
32 1 U 31
33 1 L 20
34 0 U 33
35 1 L 26
36 0 U 35
37 1 U 36
38 0 U 37
39 1 U 38
40 1 U 39
41 1 U 40
42 0 U -1
43 1 U 42
44 1 U 36
45 0 U 44
46 1 U 45
47 1 U 35
48 1 U 47
49 0 U -1
50 0 U 49
51 0 L 32
52 1 U 51
53 1 U 52
54 1 U 53
55 0 L 33
56 0 L 32
57 1 U 56
58 1 L 1
59 1 U 58
60 0 U 59
61 1 U 60
62
0 1 U -1
1 0 U 0
2 0 L 1
3 0 L 1
4 1 U 3
5 0 U 4
6 0 U 5
7 0 U -1
8 0 U 7
9 0 U 8
10 1 U 9
11 1 U 10
12 0 L 3
13 0 L 3
14 0 L 2
15 0 L 11
16 0 U 15
17 0 U 16
18 1 U 7
19 0 U 14
20 0 U 19
21 1 U -1
22 0 U 21
23 0 U 16
24 0 U 23
25 1 U 13
26 1 U 25
27 1 U 26
28 1 U 27
29 1 U 3
30 0 U 29
31 1 L 8
32 1 U 31
33 0 L 28
34 0 U 33
35 1 L 26
36 0 U 35
37 1 U 36
38 0 U 37
39 1 L 16
40 1 U 39
41 1 U 40
42 0 U -1
43 1 U 42
44 1 U 36
45 0 U 44
46 1 U 45
47 1 U 35
48 1 U 47
49 0 U -1
50 0 U 49
51 0 L 36
52 1 U 51
53 1 U 52
54 1 U 53
55 1 U 34
56 0 L 32
57 1 U 56
58 0 U 57
59 1 U 58
60 0 U 59
61 1 U 60
62
0 1 U -1
1 0 U 0
2 1 U 1
3 0 L 1
4 1 U 3
5 1 U 4
6 1 L -1
7 0 U -1
8 0 U 7
9 0 U 8
10 1 U 9
11 1 U 10
12 0 L 3
13 0 L 3
14 0 L 2
15 0 L 11
16 1 U 14
17 1 L 14
18 1 U 7
19 0 U 14
20 0 U 19
21 1 U 13
22 0 U 21
23 0 U 16
24 0 U 23
25 1 U 13
26 1 U 25
27 1 U 26
28 1 U 8
29 0 U 16
30 0 U 29
31 0 U 30
32 1 U 31
33 1 L 20
34 1 U 2
35 1 L 26
36 0 U 35
37 1 U 36
38 0 U 37
39 1 U 38
40 1 U 39
41 1 U 40
42 0 U -1
43 1 U 42
44 1 U 36
45 0 U 44
46 1 U 45
47 1 U 35
48 1 U 47
49 0 U -1
50 1 L 6
51 0 L 1
52 1 U 51
53 1 U 52
54 1 U 53
55 0 U 54
56 0 L 32
57 1 U 56
58 0 U 57
59 1 U 58
60 0 U 59
61 1 U 60
62
0 1 U -1
1 0 U 0
2 1 U 1
3 0 L 1
4 1 U 3
5 1 U 4
6 0 U 5
7 0 U -1
8 0 U 7
9 1 L 3
10 1 U 9
11 1 U 10
12 0 U 3
13 0 L 3
14 0 L 2
15 0 L 11
16 1 L -1
17 0 U 16
18 1 U 7
19 0 U 14
20 0 L 14
21 1 U -1
22 1 U 12
23 0 U 16
24 0 U 23
25 1 U 13
26 1 U 25
27 1 U 26
28 1 U 22
29 0 U 28
30 0 U 29
31 0 U 30
32 1 U 31
33 1 L 20
34 0 U 33
35 1 L 26
36 0 U 35
37 1 U 36
38 0 U 37
39 1 U 38
40 1 U 39
41 1 U 40
42 0 U -1
43 1 U 42
44 1 U 36
45 0 U 44
46 1 U 45
47 1 U 35
48 1 U 47
49 0 U -1
50 0 U 49
51 0 L 32
52 1 U 51
53 1 U 52
54 1 U 43
55 0 U 54
56 0 L 32
57 1 U 56
58 0 U 57
59 1 U 58
60 0 U 59
61 1 U 60
62
0 1 U -1
1 0 U 0
2 1 U 1
3 0 L 1
4 1 U 3
5 1 U 4
6 0 U 5
7 1 L 5
8 0 U 7
9 0 U 8
10 1 U 9
11 1 U 10
12 1 L 1
13 0 L 3
14 0 L 2
15 0 L 11
16 0 U 15
17 0 U 16
18 1 U 7
19 0 U 14
20 0 U 19
21 1 U -1
22 0 U 21
23 1 L 13
24 0 U 20
25 1 U 13
26 1 U 25
27 1 U 26
28 1 U 16
29 0 U 28
30 0 U 29
31 0 U 30
32 1 U 31
33 1 L 20
34 0 U 33
35 1 L 26
36 0 U 35
37 1 U 36
38 0 U 37
39 1 U 38
40 1 L 33
41 1 U 40
42 0 U -1
43 1 U 42
44 1 U 36
45 0 U 44
46 1 U 45
47 1 U 35
48 1 U 47
49 0 U -1
50 0 U 49
51 0 L 32
52 1 U 51
53 1 U 52
54 1 U 53
55 0 U 54
56 0 L 32
57 1 U 56
58 0 U 57
59 1 U 58
60 0 U 59
61 1 U 60
62
0 1 U -1
1 0 U 0
2 1 U 1
3 0 L 1
4 1 U 3
5 1 U 4
6 0 U 5
7 0 U -1
8 0 U 7
9 0 U 8
10 1 U 9
11 1 U 10
12 0 L 3
13 0 L 3
14 0 L 2
15 0 L 11
16 0 U 15
17 0 U 10
18 1 U 7
19 0 U 14
20 0 U 19
21 1 U -1
22 0 U 21
23 0 U 16
24 0 U 23
25 1 U 13
26 1 U 25
27 0 L 17
28 1 U 22
29 0 U 28
30 0 U 29
31 0 U 30
32 1 U 31
33 1 L 20
34 0 U 33
35 0 U 4
36 0 U 35
37 1 U 36
38 0 U 37
39 1 U 38
40 1 U 39
41 1 U 40
42 0 U -1
43 1 U 42
44 1 U 36
45 0 U 44
46 1 U 45
47 1 U 35
48 1 U 47
49 0 U -1
50 0 U 49
51 0 L 32
52 1 U 51
53 1 L 37
54 1 U 53
55 0 U 54
56 0 L 32
57 1 U 56
58 0 U 57
59 1 L 41
60 0 U 59
61 1 U 60
62
0 1 U -1
1 0 U 0
2 1 U 1
3 0 L 1
4 1 U 3
5 1 U 4
6 0 U 5
7 0 U -1
8 0 U 7
9 0 U 8
10 1 U 9
11 1 U 10
12 0 L 3
13 0 L 3
14 0 L 2
15 0 L 11
16 0 U 15
17 0 U 16
18 1 U 7
19 0 U 14
20 0 U 19
21 1 U -1
22 0 U 21
23 0 U 16
24 0 U 23
25 1 U 13
26 1 U 25
27 1 U 11
28 1 U 22
29 0 U 28
30 0 U 29
31 0 U 30
32 0 U 21
33 1 L 20
34 0 U 33
35 1 L 26
36 0 U 35
37 1 U 36
38 0 U 37
39 1 U 38
40 1 U 39
41 1 U 40
42 0 U -1
43 1 U 42
44 1 U 36
45 0 U 44
46 1 U 45
47 1 U 35
48 1 U 47
49 0 U -1
50 0 U 49
51 0 L 32
52 1 U 51
53 1 U 52
54 1 U 53
55 0 U 54
56 0 L 32
57 1 U 56
58 1 L 52
59 1 U 58
60 0 U 59
61 1 U 60
62
0 0 L -1
1 0 U 0
2 0 L 0
3 0 L 1
4 1 U 3
5 1 U 4
6 0 U 5
7 0 U -1
8 0 U 7
9 0 U 8
10 1 U 9
11 1 U 10
12 0 L 3
13 0 L 3
14 0 L 2
15 0 L 11
16 0 U 15
17 1 L 1
18 1 U 7
19 0 U 14
20 0 U 19
21 1 U -1
22 0 U 21
23 0 U 16
24 0 U 23
25 1 L 6
26 1 U 25
27 1 U 26
28 1 U 22
29 0 U 28
30 0 L 25
31 0 U 30
32 1 U 31
33 1 L 20
34 0 U 33
35 1 L 26
36 0 U 35
37 1 L 36
38 0 U 37
39 1 U 38
40 1 U 39
41 0 L 1
42 0 U -1
43 1 U 42
44 1 U 36
45 0 U 44
46 1 U 45
47 1 U 35
48 1 U 47
49 0 U -1
50 0 U 49
51 0 L 32
52 1 U 51
53 1 U 52
54 0 U 31
55 0 U 54
56 0 L 32
57 1 U 56
58 1 U 18
59 1 U 58
60 0 U 59
61 1 U 60
62
0 1 U -1
1 0 U 0
2 1 U 1
3 0 L 1
4 1 U 3
5 1 U 4
6 0 U 5
7 0 U -1
8 0 U 7
9 0 U 8
10 1 U 9
11 1 U 10
12 0 L 3
13 0 L 3
14 0 L 2
15 0 L 11
16 0 U 15
17 0 U 16
18 1 U 7
19 0 U 14
20 0 U 19
21 1 U -1
22 1 U 0
23 0 U 16
24 0 U 23
25 1 U 13
26 1 L 20
27 1 U 26
28 1 U 22
29 0 U 28
30 0 L 21
31 0 U 30
32 1 U 31
33 1 L 20
34 0 U 33
35 1 L 26
36 0 U 35
37 1 L 33
38 0 U 37
39 1 U 38
40 1 U 39
41 1 U 40
42 0 U -1
43 1 U 42
44 1 U 36
45 0 U 44
46 1 U 45
47 1 U 35
48 1 U 47
49 0 U -1
50 0 U 49
51 0 L 32
52 1 U 51
53 1 U 52
54 1 U 53
55 0 U 54
56 0 L 32
57 1 U 56
58 1 U 52
59 1 U 58
60 0 U 59
61 1 U 60
62
0 1 U -1
1 0 U 0
2 1 U 1
3 0 L 1
4 1 U 3
5 1 U 4
6 0 U 5
7 0 U -1
8 0 U 7
9 0 U 8
10 1 U 9
11 1 U 10
12 0 L 3
13 0 L 3
14 1 U 8
15 0 L 11
16 0 U 15
17 0 U 16
18 1 U 7
19 0 U 14
20 0 U 19
21 1 U 12
22 0 U 21
23 0 U 16
24 0 L 8
25 1 U 13
26 1 U 25
27 1 U 26
28 1 U 22
29 0 U 28
30 0 U 29
31 0 U 30
32 1 U 31
33 1 L 20
34 0 U 33
35 1 L 26
36 0 U 35
37 1 U 36
38 0 U 37
39 1 U 38
40 1 U 39
41 1 U 40
42 0 U -1
43 1 U 42
44 1 U 36
45 0 U 44
46 1 U 41
47 1 U 35
48 1 U 47
49 0 U -1
50 0 U 49
51 0 U 49
52 1 U 51
53 1 U 52
54 1 U 53
55 0 U 54
56 0 L 32
57 1 U 56
58 0 U 57
59 1 U 58
60 0 U 59
61 1 U 60
62
0 1 U -1
1 1 L -1
2 0 U 0
3 0 L 1
4 1 U 3
5 1 U 4
6 0 U 5
7 0 U -1
8 0 U 7
9 0 U 8
10 1 U 9
11 1 U 10
12 0 L 3
13 0 L 3
14 1 L 6
15 1 L 4
16 0 U 15
17 0 U 16
18 1 U 7
19 0 L 17
20 0 U 19
21 1 U -1
22 0 U 21
23 0 U 16
24 0 U 23
25 1 U 13
26 1 U 25
27 1 L 24
28 1 U 22
29 0 U 28
30 0 U 29
31 0 U 30
32 1 U 31
33 1 L 20
34 0 U 33
35 1 L 26
36 0 U 35
37 1 U 36
38 0 L 36
39 1 U 38
40 1 U 39
41 1 U 40
42 0 U -1
43 1 U 42
44 1 U 36
45 0 U 44
46 1 U 45
47 1 U 35
48 1 U 47
49 0 U -1
50 0 U 49
51 0 L 32
52 1 U 51
53 1 U 52
54 1 U 53
55 1 U 25
56 0 L 32
57 1 L 49
58 0 U 57
59 1 U 58
60 0 U 59
61 1 U 60
62
0 1 U -1
1 0 U 0
2 1 U 1
3 0 L 1
4 1 U 3
5 1 U 4
6 0 U 5
7 0 U -1
8 0 U 7
9 0 L 5
10 1 U 9
11 1 U 10
12 0 L 3
13 0 L 3
14 0 L 2
15 0 L 11
16 1 L 2
17 0 U 16
18 1 U 7
19 0 U 14
20 0 U 19
21 1 U -1
22 0 U 21
23 0 U 16
24 0 U 23
25 1 U 13
26 1 U 25
27 1 U 26
28 1 U 22
29 0 U 28
30 0 U 29
31 0 U 30
32 1 U 31
33 1 L 20
34 0 U 33
35 1 L 26
36 1 L 23
37 1 U 36
38 0 U 37
39 1 U 38
40 1 U 39
41 1 U 40
42 0 U -1
43 1 U 42
44 1 U 36
45 0 U 44
46 1 U 45
47 1 U 35
48 1 U 47
49 0 U -1
50 0 U 49
51 0 L 32
52 1 U 51
53 1 U 52
54 1 U 50
55 0 U 54
56 0 L 32
57 1 U 56
58 0 U 57
59 1 U 58
60 0 U 59
61 1 U 60
62
0 1 U -1
1 1 L 0
2 1 U 1
3 0 U 1
4 1 U 3
5 1 U 4
6 0 U 5
7 0 U -1
8 0 U 7
9 0 U 8
10 1 U 9
11 1 U 10
12 0 L 3
13 0 L 3
14 0 L 2
15 0 L 11
16 0 U 15
17 0 U 16
18 1 U 7
19 0 U 14
20 0 U 19
21 1 U -1
22 0 U 21
23 0 U 16
24 0 L 14
25 1 U 13
26 1 U 25
27 1 U 4
28 1 U 22
29 0 U 28
30 0 U 29
31 0 U 30
32 1 U 31
33 1 L 20
34 0 U 33
35 1 L 26
36 0 U 35
37 1 U 36
38 0 U 37
39 1 U 38
40 1 U 39
41 1 U 40
42 0 U -1
43 1 U 42
44 1 U 36
45 0 U 44
46 1 U 45
47 1 U 35
48 1 U 47
49 0 U -1
50 0 U 49
51 0 L 32
52 1 U 51
53 1 U 52
54 1 U 53
55 0 U 54
56 0 L 32
57 1 U 56
58 0 U 57
59 1 U 58
60 0 U 59
61 1 U 60
62
0 1 U -1
1 1 L -1
2 1 L -1
3 0 L 1
4 1 U 3
5 1 U 4
6 0 U 5
7 0 U -1
8 0 U 7
9 0 U 8
10 1 U 9
11 1 U 10
12 0 L 3
13 0 L 3
14 0 L 2
15 0 L 11
16 0 U 15
17 0 U 16
18 1 U 7
19 0 U 14
20 0 U 19
21 0 L 6
22 0 U 21
23 0 U 16
24 0 U 23
25 1 U 13
26 1 U 25
27 1 U 26
28 1 U 22
29 0 U 28
30 0 U 29
31 0 U 30
32 1 U 7
33 1 L 20
34 0 U 33
35 1 L 26
36 0 U 35
37 1 U 36
38 0 U 37
39 1 U 38
40 1 U 39
41 1 U 40
42 0 U -1
43 1 L 4
44 1 U 36
45 0 U 44
46 1 U 45
47 1 U 35
48 1 U 47
49 0 U -1
50 0 U 49
51 0 L 32
52 1 U 51
53 1 U 52
54 1 U 53
55 0 U 54
56 0 L 32
57 1 U 56
58 0 U 57
59 1 U 58
60 0 U 59
61 1 U 60
62
0 1 U -1
1 0 U 0
2 1 U 1
3 0 L 1
4 1 U 3
5 1 U 4
6 0 U 5
7 0 U -1
8 0 U 7
9 0 U 8
10 1 U 9
11 1 U 10
12 0 L 3
13 0 L 3
14 0 L -1
15 0 L 11
16 0 U 15
17 0 U 16
18 1 U 7
19 0 U 14
20 0 U 19
21 0 L 12
22 0 U 21
23 0 U 16
24 0 U 23
25 1 U 13
26 1 U 25
27 1 U 26
28 1 U 22
29 0 U 28
30 0 U 29
31 0 U 30
32 1 U 31
33 1 L 20
34 0 U 33
35 1 L 26
36 0 U 35
37 0 U 23
38 0 U 37
39 1 U 38
40 1 U 39
41 1 U 40
42 0 U -1
43 1 U 42
44 1 U 36
45 0 U 44
46 1 U 45
47 1 U 35
48 1 U 47
49 0 U -1
50 0 U 49
51 0 L 32
52 1 U 51
53 1 U 52
54 1 U 53
55 0 U 54
56 0 L 32
57 1 U 56
58 0 U 57
59 1 U 58
60 0 U 59
61 1 U 60
62
0 1 U -1
1 0 U 0
2 1 U 1
3 0 L 1
4 1 U 3
5 1 U 4
6 0 U 5
7 0 U -1
8 0 U 7
9 0 U 8
10 1 U 9
11 1 U 10
12 0 L 3
13 0 L 3
14 0 L 2
15 0 L 11
16 0 U 15
17 0 U 16
18 1 U 7
19 0 U 14
20 0 U 19
21 1 U -1
22 0 U 21
23 0 U 16
24 0 U 23
25 1 U 13
26 1 U 25
27 1 U 26
28 1 U 22
29 0 U 28
30 0 U 29
31 0 U 28
32 1 U 31
33 1 L 20
34 0 U 33
35 1 L 26
36 0 U 35
37 1 U 36
38 0 U 37
39 1 U 38
40 1 U 39
41 1 U 40
42 0 U -1
43 1 U 42
44 1 U 36
45 1 L 7
46 1 U 45
47 1 U 35
48 1 U 47
49 0 U -1
50 0 U 49
51 0 L 32
52 1 U 51
53 1 U 52
54 1 L 1
55 0 U 54
56 0 L 18
57 0 U 40
58 0 U 57
59 1 U 58
60 1 U 9
61 1 U 60
62
0 0 U -1
1 0 U 0
2 1 U 1
3 0 L 1
4 1 U 3
5 1 U 4
6 0 U 5
7 0 U -1
8 0 U 7
9 0 U 8
10 1 U 9
11 1 U 10
12 0 L 2
13 0 L 3
14 0 L 2
15 0 L 11
16 0 U 15
17 0 U 16
18 0 L 12
19 0 U 14
20 0 U 19
21 1 L 18
22 0 U 21
23 0 U 16
24 0 U 23
25 1 U 13
26 1 U 25
27 1 U 26
28 1 U 22
29 0 U 28
30 0 U 29
31 0 U 30
32 1 U 17
33 1 L 20
34 0 U 33
35 1 L 26
36 0 U 35
37 1 U 36
38 0 U 37
39 1 U 38
40 1 U 39
41 1 U 40
42 0 U -1
43 1 U 42
44 1 U 36
45 0 U 44
46 1 U 45
47 1 U 35
48 1 U 47
49 0 U -1
50 0 U 49
51 0 L 32
52 1 U 51
53 1 U 52
54 1 U 53
55 0 U 27
56 1 L 29
57 1 U 56
58 0 U 57
59 1 U 58
60 0 U 59
61 1 U 60
62
0 1 U -1
1 0 U 0
2 1 U 1
3 0 L 1
4 1 U 3
5 1 U 4
6 0 U 5
7 0 U -1
8 0 U 7
9 0 U 8
10 1 U 9
11 1 U 6
12 0 L 3
13 0 L 3
14 0 L 2
15 0 L 11
16 0 U 15
17 0 U 16
18 1 U 7
19 0 U 14
20 0 U 19
21 1 U -1
22 0 U 21
23 0 U 16
24 0 U 23
25 1 U 13
26 0 U 10
27 1 U 26
28 1 U 22
29 0 U 28
30 0 U 29
31 0 U 30
32 1 U 31
33 1 L 30
34 0 U 33
35 1 L 26
36 0 U 35
37 1 U 36
38 0 U 37
39 1 U 38
40 1 U 39
41 0 U 37
42 0 U 21
43 1 U 42
44 1 U 36
45 0 U 44
46 1 U 45
47 1 U 35
48 1 U 47
49 0 U -1
50 0 U 49
51 0 L 32
52 1 U 51
53 1 U 52
54 0 L 48
55 0 U 37
56 0 L 32
57 1 U 56
58 0 U 57
59 1 U 58
60 0 U 59
61 1 U 60
62
0 1 U -1
1 0 U 0
2 1 U 1
3 0 L 1
4 1 U 3
5 1 U 4
6 0 U 5
7 0 U -1
8 0 U 7
9 0 U 8
10 0 L 2
11 1 U 10
12 0 L 3
13 0 L 3
14 0 L 2
15 0 L 11
16 0 U 15
17 0 U 16
18 1 U 7
19 0 U 14
20 0 U 19
21 1 U -1
22 1 L 21
23 0 U 16
24 0 U 23
25 1 U 13
26 1 U 25
27 1 U 26
28 1 U 22
29 0 U 28
30 0 U 29
31 0 U 30
32 1 U 31
33 1 L 20
34 0 U 33
35 1 L 26
36 0 U 35
37 1 U 36
38 0 U 37
39 1 U 38
40 1 U 39
41 1 U 40
42 0 U -1
43 1 U 42
44 1 U 36
45 0 U 44
46 1 U 45
47 1 U 35
48 1 U 47
49 0 U -1
50 1 L 28
51 0 L 32
52 1 U 51
53 1 U 52
54 1 U 53
55 0 U 54
56 0 L 32
57 1 U 56
58 0 U 57
59 1 U 58
60 1 L 19
61 1 U 60
62
0 1 U -1
1 0 U 0
2 1 U 1
3 0 L 1
4 1 U 3
5 1 U 4
6 0 U 5
7 0 L 5
8 0 U 7
9 0 U 8
10 1 U 9
11 1 U 10
12 0 L 3
13 0 L 3
14 0 L 2
15 0 L 11
16 0 U 15
17 0 U 16
18 1 U 7
19 0 U 14
20 0 U 19
21 1 U -1
22 0 U 21
23 0 U 16
24 0 U 23
25 1 U 13
26 0 L 9
27 1 U 26
28 1 U 22
29 0 U 28
30 0 U 29
31 0 U 30
32 1 U 31
33 1 L 20
34 0 U 33
35 1 L 26
36 0 U 35
37 1 U 36
38 0 U 37
39 1 U 38
40 1 U 39
41 1 U 40
42 0 U -1
43 1 U 42
44 0 U 34
45 0 U 44
46 1 U 45
47 1 U 35
48 1 U 47
49 0 U -1
50 0 U 49
51 0 L 32
52 1 U 51
53 1 U 52
54 1 U 53
55 0 U 54
56 0 L 32
57 1 U 56
58 0 U 57
59 1 U 58
60 0 U 59
61 1 U 60
62
0 1 U -1
1 0 U 0
2 1 U 1
3 0 L 1
4 1 U 3
5 1 U 4
6 0 U 5
7 0 L -1
8 0 U 7
9 1 L 7
10 1 L 9
11 1 U 10
12 0 L 3
13 0 L 3
14 0 L 2
15 0 L 11
16 1 U 3
17 0 U 16
18 1 U 7
19 0 U 14
20 0 L 3
21 1 U -1
22 0 U 21
23 0 U 18
24 0 U 23
25 1 U 13
26 1 U 25
27 1 U 26
28 1 U 22
29 0 U 28
30 0 L 24
31 0 U 30
32 1 U 31
33 1 L 20
34 0 U 33
35 1 L 26
36 0 U 35
37 1 U 36
38 0 U 37
39 1 U 38
40 0 U 2
41 1 U 40
42 0 U -1
43 1 U 42
44 1 U 36
45 0 U 44
46 1 U 45
47 1 U 35
48 1 U 47
49 0 U -1
50 0 U 49
51 0 L 32
52 1 U 51
53 1 U 52
54 1 U 53
55 0 U 54
56 0 L 32
57 1 U 56
58 0 U 57
59 1 U 58
60 0 U 59
61 1 U 60
62
0 1 U -1
1 0 U 0
2 1 U 1
3 1 U 1
4 1 U 3
5 1 U 4
6 0 U 5
7 0 U -1
8 0 U 7
9 0 U 8
10 1 U 9
11 1 U 10
12 0 L 3
13 0 L 3
14 0 L 2
15 0 L 11
16 0 U 15
17 0 U 16
18 1 U 7
19 1 L 12
20 0 U 19
21 1 U -1
22 0 U 21
23 0 U 16
24 0 U 1
25 1 U 13
26 1 U 25
27 1 U 26
28 1 U 22
29 0 U 28
30 0 U 29
31 0 U 30
32 1 U 31
33 1 L 20
34 0 U 33
35 1 L 26
36 0 U 35
37 1 U 36
38 0 U 37
39 1 U 38
40 1 U 39
41 1 U 40
42 0 U -1
43 1 U 42
44 1 U 36
45 0 U 44
46 1 U 45
47 1 U 35
48 1 U 47
49 0 U -1
50 0 U 49
51 0 L 32
52 1 U 51
53 1 U 45
54 1 U 53
55 0 U 54
56 0 L 32
57 1 U 56
58 0 L 55
59 1 U 58
60 0 U 59
61 1 U 60
62
0 1 U -1
1 1 L -1
2 1 U 1
3 0 L 1
4 1 U 3
5 1 U 0
6 0 U 5
7 0 U -1
8 0 U 7
9 0 U 8
10 1 U 9
11 1 U 10
12 0 L 3
13 1 U 11
14 0 L 2
15 0 U 11
16 0 U 15
17 0 U 16
18 1 U 7
19 0 U 14
20 0 U 19
21 1 U -1
22 0 L 4
23 0 U 16
24 0 U 23
25 1 U 13
26 1 U 25
27 1 U 26
28 1 U 22
29 0 U 28
30 0 U 29
31 0 U 30
32 1 U 31
33 1 L 20
34 0 U 33
35 1 L 26
36 0 U 35
37 1 U 36
38 0 U 37
39 1 U 38
40 1 U 39
41 1 U 40
42 0 U 10
43 1 U 42
44 1 U 36
45 0 U 44
46 1 U 45
47 1 U 35
48 1 U 47
49 0 U -1
50 0 U 49
51 0 L 32
52 1 U 51
53 1 U 52
54 1 U 53
55 0 U 54
56 0 L 32
57 1 U 56
58 0 U 57
59 1 U 58
60 0 U 59
61 1 U 60
62
0 1 U -1
1 0 U 0
2 1 U 1
3 0 L 1
4 1 U 3
5 1 U 4
6 0 U 5
7 0 U -1
8 0 U 7
9 0 U 8
10 1 U 9
11 1 U 10
12 0 L 3
13 0 L 3
14 0 L 2
15 0 L 11
16 1 L 15
17 0 U 16
18 1 U 7
19 0 U 14
20 0 U 19
21 1 U -1
22 0 U 21
23 0 U 16
24 0 U 23
25 1 U 13
26 1 U 25
27 1 U 26
28 1 U 22
29 0 U 28
30 0 U 29
31 0 U 30
32 1 U 31
33 1 L 20
34 0 U 33
35 1 L 26
36 0 U 35
37 0 L 7
38 0 U 37
39 1 U 38
40 1 U 39
41 1 U 40
42 0 U -1
43 1 L 10
44 1 U 36
45 0 U 44
46 1 U 45
47 1 U 35
48 1 U 47
49 0 U -1
50 0 U 49
51 0 L 32
52 1 U 51
53 1 U 52
54 1 U 53
55 0 U 54
56 0 L 32
57 1 U 56
58 0 U 57
59 1 U 58
60 0 U 59
61 1 U 60
62
0 1 U -1
1 0 U 0
2 1 U 1
3 0 L 1
4 1 U 3
5 1 U 4
6 1 L 1
7 0 U -1
8 0 U 7
9 0 U 8
10 1 U 9
11 1 U 10
12 0 L 3
13 0 L 3
14 0 L 2
15 0 L 6
16 0 U 15
17 0 U 16
18 1 U 7
19 0 U 14
20 0 U 19
21 1 U -1
22 0 U 21
23 0 U 16
24 0 U 23
25 1 U 13
26 1 U 25
27 1 U 26
28 1 U 22
29 0 U 28
30 0 U 29
31 0 U 30
32 1 U 31
33 1 U 2
34 0 U 33
35 1 L 26
36 0 U 35
37 1 U 36
38 0 L -1
39 1 U 38
40 1 U 39
41 1 U 40
42 0 U -1
43 1 U 42
44 1 U 36
45 0 U 44
46 1 U 45
47 1 U 35
48 1 U 47
49 0 U -1
50 0 U 49
51 0 L 32
52 0 L 23
53 1 U 52
54 1 U 53
55 0 U 54
56 0 L 32
57 0 U 11
58 0 U 57
59 1 U 58
60 0 U 59
61 1 U 60
62
0 1 U -1
1 0 U 0
2 1 U 1
3 0 L 1
4 1 U 3
5 1 U 4
6 0 U 5
7 0 U -1
8 0 U 7
9 0 U 8
10 1 U 9
11 1 U 10
12 0 L 3
13 0 L 3
14 0 L 2
15 0 L 11
16 0 U 15
17 0 U 16
18 1 U 7
19 0 U 14
20 0 U 19
21 1 U -1
22 0 U 21
23 0 U 16
24 0 U 23
25 1 U 13
26 1 U 25
27 1 U 26
28 1 U 22
29 0 U 28
30 0 U 29
31 0 U 30
32 1 U 31
33 1 U 9
34 0 U 33
35 1 L 26
36 0 U 35
37 1 U 36
38 0 U 37
39 1 U 5
40 1 U 39
41 1 U 40
42 0 U -1
43 1 U 42
44 1 U 36
45 0 U 44
46 1 U 45
47 1 U 35
48 1 U 47
49 0 U -1
50 0 U 49
51 0 L 32
52 1 U 51
53 1 U 52
54 1 U 53
55 0 U 54
56 0 L 32
57 1 U 56
58 0 U 57
59 1 U 58
60 0 U 59
61 1 U 60
62
0 0 L -1
1 0 U 0
2 1 U 1
3 0 L 1
4 1 U 3
5 1 U 4
6 0 U 5
7 0 U -1
8 0 U 7
9 0 U 8
10 1 U 9
11 1 U 10
12 0 L 3
13 0 L 3
14 0 L 2
15 0 L 11
16 0 L 13
17 0 U 16
18 1 U 7
19 0 U 14
20 0 U 19
21 1 U -1
22 0 U 21
23 0 U 16
24 0 L 7
25 1 U 13
26 1 U 25
27 1 U 26
28 1 U 22
29 0 U 28
30 0 U 29
31 0 U 30
32 1 U 31
33 1 L 20
34 0 U 33
35 1 L 26
36 0 U 35
37 1 U 36
38 0 U 37
39 1 U 38
40 1 U 39
41 1 L 31
42 0 U -1
43 1 U 42
44 1 U 36
45 0 U 44
46 1 U 45
47 1 U 35
48 1 U 47
49 0 U -1
50 0 U 49
51 0 L 32
52 1 U 51
53 1 U 52
54 1 U 53
55 0 U 54
56 0 L 32
57 1 L 0
58 0 U 57
59 1 U 58
60 0 U 59
61 1 U 60
62
0 1 U -1
1 0 U 0
2 0 U 0
3 0 L 1
4 1 U 3
5 1 U 4
6 1 U 2
7 0 U -1
8 0 U 7
9 0 U 8
10 1 U 9
11 1 U 10
12 0 L 3
13 1 U 5
14 0 L 2
15 0 L 11
16 0 U 15
17 0 U 16
18 1 U 7
19 0 U 14
20 0 U 12
21 0 U 11
22 0 U 21
23 0 U 16
24 0 U 23
25 1 U 13
26 1 U 25
27 1 U 26
28 1 U 22
29 0 U 28
30 0 U 29
31 0 U 30
32 1 U 31
33 0 U 30
34 0 U 33
35 1 L 26
36 0 U 35
37 1 U 36
38 0 U 36
39 1 U 38
40 1 U 39
41 1 U 40
42 0 U -1
43 1 U 42
44 1 U 36
45 0 U 44
46 1 U 45
47 1 U 35
48 1 U 47
49 0 U -1
50 0 U 49
51 0 L 32
52 1 U 51
53 1 U 52
54 1 U 53
55 0 U 54
56 0 L 32
57 1 U 56
58 0 U 57
59 0 L 24
60 0 U 59
61 1 U 60
62
0 1 U -1
1 0 U 0
2 1 U 1
3 0 L 1
4 0 U 1
5 1 U 4
6 0 U 5
7 0 L 0
8 0 U 7
9 0 U 8
10 1 U 9
11 1 U 10
12 0 L 3
13 0 L 3
14 0 L 2
15 0 L 11
16 0 U 15
17 0 U 16
18 1 U 7
19 0 U 14
20 0 U 19
21 1 U -1
22 0 U 21
23 0 U 16
24 0 U 23
25 1 U 13
26 1 U 0
27 1 U 26
28 1 U 22
29 0 U 28
30 0 U 29
31 0 U 30
32 0 L 12
33 1 L 20
34 0 U 33
35 1 L 26
36 0 U 35
37 1 U 36
38 0 U 37
39 1 U 38
40 1 U 39
41 1 L 9
42 0 U -1
43 1 U 42
44 1 U 36
45 0 U 44
46 1 U 45
47 1 U 35
48 1 U 47
49 0 U 3
50 0 U 49
51 0 L 32
52 1 U 51
53 1 U 52
54 1 U 53
55 0 U 54
56 0 L 32
57 1 L 46
58 0 U 57
59 1 U 58
60 0 U 59
61 1 U 60
62
0 1 U -1
1 0 U 0
2 1 U 1
3 0 L 1
4 1 U 3
5 1 U 4
6 0 U 5
7 0 U -1
8 0 U 7
9 0 U 8
10 1 U 9
11 1 U 10
12 0 L 3
13 0 L 3
14 0 L 2
15 0 L 11
16 0 U 7
17 0 U 16
18 1 U 7
19 0 U 14
20 0 U 19
21 1 U -1
22 0 U 21
23 0 U 16
24 0 U 23
25 1 U 13
26 1 U 25
27 1 U 26
28 1 U 22
29 0 U 28
30 0 U 29
31 0 U 30
32 1 U 31
33 1 L 20
34 0 U 33
35 1 L 26
36 0 U 35
37 1 U 36
38 0 U 37
39 1 U 38
40 1 U 8
41 1 U 40
42 1 U 20
43 1 U 42
44 1 L 12
45 0 U 44
46 1 U 45
47 1 U 35
48 1 U 47
49 0 U -1
50 0 U 49
51 0 L 32
52 1 L 19
53 1 U 52
54 1 U 53
55 0 U 54
56 0 L 32
57 1 U 56
58 0 U 57
59 1 L 19
60 0 U 59
61 1 U 60
62
0 1 U -1
1 0 U 0
2 1 U 1
3 0 L -1
4 1 U 3
5 1 U 4
6 0 U 5
7 1 U 6
8 0 U 7
9 0 U 8
10 1 U 9
11 1 U 10
12 0 L 3
13 0 L 3
14 0 L 2
15 1 U 3
16 0 U 15
17 0 U 16
18 1 U 7
19 0 U 14
20 0 U 19
21 1 U -1
22 0 U 21
23 0 U 16
24 0 U 23
25 1 U 13
26 1 U 25
27 1 U 26
28 1 U 22
29 0 U 28
30 0 U 29
31 0 U 30
32 0 L 15
33 1 L 20
34 0 U 33
35 1 L 26
36 0 U 35
37 1 U 36
38 0 U 37
39 1 L 20
40 1 U 39
41 1 U 40
42 0 U -1
43 1 U 42
44 1 U 36
45 0 U 44
46 1 U 45
47 1 U 35
48 1 U 47
49 0 U -1
50 0 U 21
51 0 L 32
52 1 U 51
53 1 U 52
54 1 U 53
55 0 U 54
56 0 L 32
57 1 U 56
58 0 U 57
59 1 U 58
60 0 U 59
61 1 U 60
62
0 1 U -1
1 0 U 0
2 1 U 1
3 0 L 1
4 1 U 3
5 1 U 4
6 0 U 5
7 0 U -1
8 0 U 7
9 0 U 8
10 1 U 9
11 1 U 10
12 0 L 3
13 0 L 3
14 0 L 2
15 0 L 11
16 1 U 4
17 0 U 16
18 1 U 7
19 0 U 14
20 0 U 19
21 1 U -1
22 0 U 21
23 0 U 16
24 0 U 23
25 1 U 13
26 1 U 25
27 1 U 26
28 1 U 22
29 0 U 28
30 0 U 29
31 0 U 30
32 1 U 31
33 1 L 20
34 0 U 33
35 1 L 26
36 0 U 35
37 1 U 36
38 0 U 37
39 1 U 38
40 1 U 39
41 1 U 40
42 0 U -1
43 1 U 42
44 1 U 36
45 0 U 44
46 1 U 45
47 1 U 35
48 1 U 47
49 0 U -1
50 0 U 49
51 0 L 32
52 1 U 51
53 1 U 52
54 1 U 53
55 0 U 54
56 0 L 32
57 1 U 56
58 0 U 57
59 1 U 58
60 0 U 59
61 1 U 60
62
0 1 U -1
1 1 U -1
2 1 U 1
3 0 L 1
4 1 U 3
5 1 U 4
6 0 U 5
7 0 U -1
8 0 U 7
9 0 U 8
10 1 U 9
11 1 U 10
12 0 L 3
13 0 L 3
14 0 L 2
15 0 L 11
16 0 U 15
17 0 U 6
18 0 L 11
19 0 U 12
20 0 U 19
21 1 U -1
22 0 U 21
23 0 U 16
24 0 U 23
25 1 U 13
26 1 U 25
27 1 U 26
28 1 U 22
29 0 U 28
30 0 U 29
31 0 L 24
32 1 U 31
33 1 L 20
34 0 U 33
35 1 L 26
36 1 L 0
37 1 U 36
38 0 U 37
39 1 U 38
40 1 U 39
41 1 U 40
42 0 U -1
43 1 U 42
44 1 U 36
45 0 U 44
46 1 U 45
47 1 U 35
48 1 U 47
49 0 U -1
50 0 U 21
51 0 L 32
52 1 U 51
53 1 U 52
54 1 U 53
55 0 U 54
56 0 L 32
57 1 U 56
58 0 U 57
59 1 U 58
60 0 U 59
61 1 U 60
62
0 1 U -1
1 0 U 0
2 1 U 1
3 0 L 1
4 1 U 3
5 1 U 4
6 0 U 5
7 1 U -1
8 0 U 7
9 0 U 8
10 1 U 9
11 1 U 10
12 0 L 3
13 0 L 3
14 0 L 2
15 0 L 11
16 0 U 15
17 0 U 16
18 1 L 3
19 0 U 14
20 0 U 19
21 1 U -1
22 0 U 21
23 0 U 16
24 0 U 23
25 1 U 13
26 0 U 20
27 1 U 26
28 1 U 22
29 0 U 28
30 0 U 29
31 0 U 30
32 1 U 10
33 1 L 20
34 0 U 33
35 1 L 26
36 0 U 35
37 1 U 36
38 0 U 37
39 1 U 38
40 1 U 39
41 1 U 40
42 1 U 3
43 1 U 42
44 1 U 36
45 0 U 44
46 1 U 11
47 1 U 35
48 0 U 9
49 0 U -1
50 0 U 49
51 1 U 21
52 1 U 51
53 1 U 52
54 1 U 53
55 0 U 54
56 1 L 37
57 1 U 56
58 0 U 57
59 1 U 58
60 0 U 59
61 1 U 60
62
0 1 U -1
1 0 U 0
2 1 U 1
3 0 L 1
4 1 U -1
5 1 U 4
6 0 U 5
7 0 U -1
8 0 U 7
9 0 U 8
10 1 U 9
11 1 U 10
12 0 L 1
13 0 L 3
14 0 L 2
15 1 U 3
16 0 U 15
17 0 U 16
18 1 U 7
19 0 U 11
20 0 U 17
21 1 U -1
22 0 U 21
23 0 U 16
24 0 U 23
25 1 U 13
26 1 U 25
27 1 U 26
28 1 U 22
29 0 U 28
30 0 U 29
31 0 U 30
32 1 U 31
33 1 L 20
34 0 U 28
35 1 L 26
36 0 U 35
37 1 U 36
38 0 U 37
39 1 U 38
40 1 U 39
41 1 U 40
42 0 U -1
43 1 U 42
44 1 U 36
45 0 U 44
46 1 U 45
47 1 U 35
48 1 U 47
49 0 U -1
50 0 U 49
51 0 L 32
52 1 U 51
53 1 U 52
54 1 U 53
55 0 U 54
56 0 L 32
57 1 L 26
58 1 L 17
59 1 U 58
60 0 U 59
61 1 U 60
62
0 1 U -1
1 0 U 0
2 1 U 1
3 0 L 1
4 1 U 3
5 1 L 0
6 0 U 5
7 0 U -1
8 0 U 7
9 0 U 8
10 1 U 9
11 1 U 10
12 0 L 3
13 0 L 3
14 0 L 2
15 0 L 11
16 0 U 15
17 0 U 16
18 1 U 7
19 0 U 14
20 0 U 19
21 1 U -1
22 0 U 21
23 0 U 16
24 0 U 23
25 1 U 13
26 1 U 25
27 1 U 26
28 1 U 22
29 0 L 6
30 0 U 29
31 0 U 30
32 1 U 31
33 1 L 20
34 0 U 33
35 1 L 26
36 0 U 35
37 1 U 36
38 1 L 3
39 1 U 38
40 1 U 10
41 1 U 40
42 0 U -1
43 1 U 42
44 1 U 36
45 0 U 44
46 1 U 45
47 1 U 35
48 1 U 47
49 0 U -1
50 0 U 49
51 0 L 32
52 1 U 51
53 1 U 52
54 1 U 53
55 0 U 54
56 0 L 32
57 1 U 56
58 0 U 57
59 1 U 58
60 0 U 59
61 1 U 60
62
0 1 U -1
1 0 U 0
2 1 U 1
3 0 L 1
4 1 U 3
5 1 U 4
6 0 U 5
7 0 U -1
8 0 U 7
9 0 U 8
10 1 U 9
11 0 U -1
12 0 L 3
13 0 L 3
14 0 L 2
15 0 L 11
16 0 U 15
17 0 U 16
18 1 U 6
19 0 U 14
20 0 U 19
21 1 U -1
22 1 U 7
23 0 U 12
24 0 U 23
25 1 U 13
26 1 U 25
27 1 U 26
28 1 U 22
29 0 U 28
30 0 U 29
31 0 U 30
32 1 U 31
33 1 L 20
34 0 U 33
35 1 L 26
36 0 U 35
37 1 L 16
38 0 U 37
39 1 U 38
40 0 L 16
41 1 U 40
42 0 U -1
43 1 U 42
44 1 U 36
45 0 U 44
46 1 U 45
47 1 U 35
48 1 U 47
49 0 U -1
50 1 U 16
51 0 U 32
52 0 L 31
53 1 U 52
54 1 U 53
55 0 U 54
56 0 L 32
57 1 U 56
58 0 U 57
59 1 U 58
60 0 U 59
61 1 U 60
62
0 1 U -1
1 0 U 0
2 1 U 1
3 0 L 1
4 1 U 3
5 1 U 4
6 1 U 2
7 0 U -1
8 0 U 7
9 0 U 8
10 0 L 5
11 1 U 10
12 0 L 3
13 0 L 3
14 0 L 2
15 0 L 11
16 0 U 15
17 0 U 16
18 1 U 7
19 0 L 3
20 0 U 19
21 1 U -1
22 0 U 21
23 0 U 16
24 0 U 23
25 1 U 13
26 1 L 15
27 1 U 26
28 1 U 22
29 0 U 28
30 0 U 29
31 0 U 30
32 1 U 31
33 1 L 20
34 0 U 33
35 1 L 26
36 0 U 35
37 1 U 36
38 0 U 37
39 1 U 38
40 1 U 39
41 1 U 40
42 0 U -1
43 1 U 42
44 1 U 36
45 0 U 44
46 1 U 45
47 1 U 35
48 0 L 19
49 0 U -1
50 1 U 39
51 0 L 32
52 1 U 51
53 1 U 52
54 1 U 53
55 0 U 54
56 0 L 32
57 1 U 56
58 0 U 57
59 1 U 58
60 0 U 59
61 1 U 60
62
0 1 U -1
1 0 U 0
2 1 U 1
3 1 U -1
4 1 U 3
5 1 U 4
6 0 U 5
7 0 U -1
8 0 U 7
9 1 L 3
10 1 U 9
11 1 U 10
12 0 L 3
13 0 L 3
14 0 L 2
15 0 U 8
16 0 U 15
17 0 U 16
18 0 L 14
19 0 U 14
20 0 U 19
21 1 U -1
22 0 U 21
23 0 U 16
24 0 U 23
25 1 U 13
26 1 U 25
27 1 L 25
28 1 U 22
29 0 L 0
30 0 U 29
31 0 U 30
32 1 U 31
33 0 L 27
34 0 U 33
35 1 L 26
36 0 U 35
37 1 U 36
38 0 U 37
39 1 U 38
40 1 U 39
41 1 U 40
42 1 U 37
43 1 U 42
44 0 U 5
45 0 U 44
46 1 U 45
47 1 U 35
48 1 U 47
49 0 U -1
50 0 U 49
51 0 L 32
52 1 U 51
53 1 U 52
54 1 U 53
55 0 U 54
56 0 L 32
57 1 U 56
58 0 U 57
59 0 L 52
60 0 U 59
61 1 U 60
62
0 1 U -1
1 0 U 0
2 1 U 1
3 0 L 1
4 1 U 3
5 1 U 4
6 0 U 5
7 0 U -1
8 0 U 7
9 0 U 8
10 1 U 9
11 1 U 10
12 0 L 3
13 0 L 3
14 0 L 2
15 0 L 11
16 0 U 15
17 0 U 16
18 1 U 7
19 0 U 14
20 0 U 19
21 1 U -1
22 1 L 16
23 0 U 16
24 0 L 12
25 1 U 13
26 0 U 7
27 1 U 26
28 1 U 22
29 0 U 28
30 0 U 29
31 0 U 30
32 1 U 31
33 1 L 20
34 0 U 33
35 1 U 31
36 0 U 35
37 1 U 36
38 0 U 37
39 1 U 38
40 1 U 39
41 1 U 40
42 0 U -1
43 1 U 42
44 1 U 36
45 0 U 44
46 1 U 45
47 1 U 35
48 1 U 47
49 0 U -1
50 0 U 49
51 0 L 32
52 1 U 51
53 1 U 52
54 1 U 53
55 0 U 54
56 0 L 32
57 1 U 56
58 0 U 57
59 1 U 58
60 0 U 59
61 1 U 60
62
0 1 U -1
1 0 U 0
2 1 U 1
3 0 L 1
4 1 U 3
5 1 U 4
6 0 U 5
7 0 U -1
8 0 U 7
9 0 U 8
10 1 U 9
11 1 U 10
12 0 L 9
13 0 L 3
14 0 L 2
15 0 L 11
16 0 U 15
17 0 U 16
18 1 U 7
19 0 U 14
20 0 U 19
21 1 U -1
22 0 U 21
23 0 U 16
24 0 U 23
25 1 U 13
26 1 U 25
27 1 U 26
28 0 U 4
29 0 U 28
30 0 U 29
31 1 L 2
32 1 U 31
33 1 L 20
34 0 U 33
35 1 L 26
36 0 U 35
37 0 L 1
38 0 U 37
39 1 U 38
40 1 U 39
41 1 U 40
42 0 U -1
43 1 U 42
44 1 U 36
45 0 U 44
46 1 U 45
47 1 U 35
48 1 U 47
49 0 U -1
50 0 U 49
51 0 L 32
52 1 U 51
53 1 U 5
54 0 U 41
55 0 U 54
56 0 L 32
57 1 U 56
58 0 U 57
59 1 U 58
60 0 U 59
61 1 U 60
62
0 1 U -1
1 0 U 0
2 1 U 1
3 0 L 1
4 1 U 3
5 1 U 4
6 1 U -1
7 0 L -1
8 1 U 4
9 0 U 8
10 1 U 9
11 1 U 10
12 0 L 3
13 0 L 3
14 0 L 2
15 0 L 11
16 0 U 15
17 0 U 16
18 1 U 7
19 0 L 17
20 0 U 19
21 1 U -1
22 0 U 21
23 0 U 16
24 0 U 23
25 1 U 13
26 0 U 23
27 1 U 26
28 1 L 16
29 0 U 28
30 0 U 29
31 1 L 19
32 1 U 31
33 1 L 20
34 0 U 33
35 1 U 28
36 0 U 35
37 1 U 36
38 0 U 37
39 1 U 38
40 1 U 39
41 1 U 40
42 0 U -1
43 1 U 42
44 1 U 36
45 0 U 44
46 1 U 45
47 1 U 35
48 1 U 47
49 0 U -1
50 0 U 49
51 0 U 0
52 1 U 51
53 1 U 52
54 1 U 53
55 0 U 54
56 0 L 32
57 1 U 56
58 0 U 57
59 1 U 58
60 0 U 59
61 1 U 60
62
0 1 U -1
1 0 U 0
2 1 U 1
3 0 L 1
4 1 U 3
5 1 U 4
6 0 L 5
7 0 U -1
8 0 U 7
9 0 U 8
10 1 U 9
11 1 U 10
12 0 L 3
13 1 L 12
14 0 L 2
15 0 L 11
16 0 U 15
17 0 U 16
18 1 U 7
19 0 U 14
20 0 U 19
21 1 U -1
22 0 U 21
23 0 U 16
24 0 U 23
25 1 U 13
26 1 U 25
27 1 U 26
28 0 L 12
29 0 U 28
30 0 U 29
31 0 U 30
32 1 U 31
33 1 L 20
34 0 U 33
35 1 L 26
36 0 U 35
37 1 U 36
38 0 U 37
39 1 U 38
40 1 U 39
41 1 U 40
42 0 U -1
43 0 U -1
44 1 L 37
45 0 U 44
46 1 U 45
47 1 U 35
48 1 U 47
49 0 U -1
50 0 U 49
51 0 L 32
52 1 U 51
53 1 U 52
54 1 U 53
55 0 U 54
56 0 L 32
57 1 U 4
58 0 U 57
59 1 U 58
60 1 L 42
61 1 U 60
62
0 1 U -1
1 0 U 0
2 1 U 1
3 0 L 1
4 1 U 3
5 1 U 4
6 1 U -1
7 0 U -1
8 0 U 7
9 0 U 8
10 1 U 9
11 1 U 10
12 0 L 3
13 0 L 3
14 0 L 2
15 0 L 11
16 1 U 3
17 1 L -1
18 1 U 7
19 1 L 18
20 0 U 7
21 1 U -1
22 0 U 21
23 0 U 16
24 0 U 23
25 1 U 13
26 1 U 25
27 1 U 26
28 1 L 27
29 0 U 28
30 0 U 21
31 0 U 30
32 1 U 31
33 1 L 20
34 0 U 33
35 1 L 26
36 0 U 35
37 1 U 36
38 0 U 37
39 1 U 38
40 1 U 39
41 1 U 40
42 0 U -1
43 1 U 42
44 1 U 36
45 0 U 44
46 1 U 45
47 1 U 35
48 1 U 47
49 0 U -1
50 0 U 49
51 0 L 32
52 1 U 51
53 1 U 52
54 1 U 53
55 0 L 48
56 0 L 32
57 1 U 56
58 0 U 57
59 1 U 58
60 0 U 29
61 1 U 60
62
0 1 U -1
1 0 U 0
2 1 U 1
3 0 L 1
4 1 U 3
5 1 U 4
6 0 U 5
7 1 U 2
8 1 U 1
9 0 U 8
10 1 U 9
11 1 U 10
12 0 L 3
13 0 L 3
14 0 L 2
15 0 L 11
16 0 U 15
17 0 U 16
18 1 U 7
19 0 U 14
20 0 U 19
21 1 L 5
22 0 U 21
23 0 U 16
24 0 U 23
25 0 L 14
26 1 U 25
27 1 U 26
28 1 U 22
29 0 U 28
30 0 U 29
31 0 U 30
32 1 U 31
33 1 L 20
34 0 L 14
35 0 L 17
36 0 U 35
37 1 U 36
38 0 U 37
39 1 U 38
40 1 U 39
41 0 L 30
42 0 U -1
43 1 U 42
44 1 L 12
45 1 U 44
46 1 U 45
47 1 U 35
48 1 U 47
49 0 U -1
50 0 U 49
51 0 L 32
52 1 U 51
53 1 U 52
54 1 U 53
55 0 U 54
56 0 L 32
57 1 U 56
58 0 U 57
59 0 U 40
60 0 U 59
61 1 U 60
62
0 1 U -1
1 0 U 0
2 1 U 1
3 0 L 1
4 1 U 3
5 1 U 4
6 0 U 5
7 0 U -1
8 0 U 7
9 0 U 8
10 1 U 9
11 1 U 10
12 0 L 3
13 0 L 3
14 0 L 2
15 0 L 11
16 0 U 15
17 0 U 16
18 1 U 7
19 0 U 14
20 0 U 19
21 1 U -1
22 0 U 21
23 0 U 16
24 0 U 23
25 1 U 13
26 1 U 25
27 1 U 26
28 1 U 22
29 0 U 28
30 0 U 29
31 0 U 30
32 1 U 31
33 1 L 20
34 0 U 33
35 1 L 26
36 0 U 35
37 1 U 36
38 0 U 37
39 1 U 38
40 1 U 39
41 1 U 40
42 0 U -1
43 1 U 42
44 0 L 13
45 0 L 6
46 1 L 18
47 1 U 35
48 1 U 47
49 0 L 0
50 0 U 49
51 0 L 32
52 0 L 3
53 1 U 52
54 1 U 53
55 0 U 25
56 0 L 32
57 1 U 56
58 0 U 57
59 1 U 58
60 0 U 59
61 1 U 46
62
0 1 U -1
1 0 U 0
2 1 U 1
3 0 L 1
4 1 U 3
5 1 U 4
6 0 U 5
7 0 U -1
8 0 L 6
9 0 U 8
10 1 U 9
11 1 U 10
12 0 L 3
13 0 L 3
14 0 L 2
15 0 U 10
16 0 U 15
17 0 U 16
18 1 U 14
19 0 U 14
20 0 U 19
21 1 U -1
22 0 U 21
23 0 U 16
24 0 U 23
25 1 U 13
26 1 U 25
27 1 U 26
28 1 U 22
29 0 U 28
30 0 U 29
31 0 U 30
32 1 U 31
33 1 L 20
34 0 U 33
35 0 U 23
36 0 U 35
37 1 U 36
38 0 U 37
39 1 U 38
40 1 L 11
41 1 U 40
42 1 U 12
43 1 U 42
44 1 U 36
45 0 U 44
46 1 U 45
47 1 U 35
48 1 U 47
49 0 U -1
50 0 U 49
51 1 L 36
52 1 U 51
53 1 L 52
54 1 U 53
55 0 U 54
56 0 L 32
57 1 U 56
58 0 U 57
59 1 U 58
60 0 U 59
61 1 U 60
62
0 1 U -1
1 0 U 0
2 1 U 1
3 0 L 1
4 1 U 3
5 1 U 4
6 0 U 5
7 0 U -1
8 0 U 7
9 0 U 8
10 1 U 9
11 1 U 10
12 0 L 3
13 0 L 3
14 0 L 2
15 0 L 11
16 0 U 15
17 0 U 16
18 1 U 7
19 0 U 14
20 0 U 19
21 1 L 12
22 0 U 21
23 0 L 10
24 0 U 23
25 1 U 13
26 1 U 25
27 1 U 26
28 1 U 22
29 0 U 28
30 0 U 29
31 0 U 30
32 1 U 31
33 1 L 20
34 0 U 33
35 1 L 26
36 0 U 35
37 1 U 36
38 0 U 37
39 1 U 38
40 1 U 39
41 1 U 40
42 0 U -1
43 1 U 42
44 1 U 36
45 0 U 44
46 1 U 45
47 1 U 35
48 1 U 47
49 0 U -1
50 0 U 49
51 0 L 32
52 1 L 36
53 1 U 52
54 1 U 53
55 1 U 53
56 0 L 32
57 1 U 56
58 0 U 57
59 1 U 58
60 0 U 59
61 1 U 60
62
0 1 U -1
1 0 U 0
2 1 U 1
3 0 L 1
4 1 U 3
5 1 U 4
6 0 U 5
7 0 U -1
8 0 U 7
9 0 U 8
10 1 L 6
11 1 U 10
12 0 L 3
13 0 L 3
14 0 L 2
15 0 L 11
16 0 U 15
17 0 U 16
18 1 U 7
19 0 U 14
20 0 U 19
21 1 L -1
22 0 U 21
23 0 U 16
24 0 U 23
25 1 U 13
26 1 U 25
27 0 U 22
28 1 U 22
29 0 U 28
30 0 U 29
31 0 U 30
32 1 U 31
33 0 U 0
34 0 U 33
35 1 L 3
36 0 U 2
37 1 U 36
38 0 U 37
39 1 U 38
40 1 U 39
41 1 U 40
42 0 U -1
43 1 U 42
44 1 U 36
45 0 U 44
46 1 U 45
47 1 U 35
48 1 U 47
49 0 U -1
50 0 U 49
51 0 L 32
52 1 U 51
53 0 L 40
54 1 U 53
55 0 U 54
56 0 L 32
57 1 L 26
58 0 U 57
59 1 U 58
60 0 U 59
61 1 U 60
62
0 1 U -1
1 0 U 0
2 1 L -1
3 1 L -1
4 0 L 3
5 0 L 3
6 1 L 1
7 0 U -1
8 0 U 7
9 0 U 8
10 1 U 9
11 1 U 10
12 0 L 3
13 0 L 3
14 0 L 2
15 0 L 11
16 0 U 7
17 0 U 16
18 1 U 7
19 0 U 14
20 0 U 19
21 1 U -1
22 0 U 21
23 0 U 16
24 0 U 23
25 1 U 13
26 1 U 25
27 1 U 26
28 1 U 22
29 0 L 0
30 1 L 25
31 0 U 30
32 1 U 31
33 1 U 14
34 0 L 20
35 1 L 26
36 0 U 35
37 1 U 36
38 0 U 37
39 1 U 38
40 1 U 39
41 1 U 40
42 0 U -1
43 1 L 32
44 1 U 36
45 0 U 44
46 1 U 45
47 1 U 35
48 1 U 47
49 0 U -1
50 0 U 49
51 0 L 32
52 1 U 51
53 1 U 52
54 1 U 53
55 0 U 54
56 0 L 32
57 1 U 56
58 0 U 57
59 1 U 58
60 0 U 59
61 1 U 60
62
0 1 U -1
1 0 U 0
2 1 U 1
3 0 L 1
4 1 U 3
5 1 U 4
6 0 U 5
7 0 U -1
8 0 U 7
9 0 U 8
10 1 U 9
11 1 U 10
12 0 L 3
13 0 L 3
14 0 L 2
15 0 L 11
16 0 U 15
17 0 U 16
18 1 U 7
19 0 U 14
20 0 U 19
21 1 U -1
22 0 U 21
23 0 U 16
24 0 U 23
25 0 L 8
26 0 L 6
27 1 U 26
28 1 U 22
29 0 U 28
30 1 U 24
31 0 U 30
32 1 U 31
33 1 L 20
34 0 U 33
35 1 L 20
36 0 L 12
37 1 U 36
38 0 U 37
39 1 U 38
40 1 U 39
41 1 U 40
42 0 U -1
43 1 U 42
44 1 U 36
45 0 U 44
46 1 U 45
47 1 U 35
48 1 U 47
49 0 U -1
50 0 U 49
51 0 L 32
52 1 U 51
53 1 U 52
54 1 U 53
55 1 L 14
56 0 L 32
57 0 U 48
58 0 U 57
59 1 U 58
60 0 L 22
61 1 U 60
62
0 1 U -1
1 0 U 0
2 1 U 1
3 0 L 1
4 1 U 3
5 1 U 4
6 0 U 5
7 0 U -1
8 0 U 7
9 0 U 8
10 1 U 9
11 1 U 10
12 0 L 3
13 0 L 3
14 0 L 2
15 0 L 11
16 0 U 15
17 0 U 16
18 1 U 7
19 0 U 14
20 0 U 19
21 1 U -1
22 1 L 2
23 0 U 16
24 0 U 22
25 1 U 13
26 1 U 25
27 1 U 26
28 1 U 22
29 0 U 28
30 0 U 12
31 0 U 23
32 1 U 31
33 1 L 20
34 1 L 26
35 0 L 32
36 0 U 35
37 1 U 36
38 0 U 37
39 1 U 38
40 1 U 39
41 1 U 40
42 0 U -1
43 1 U 42
44 0 L 43
45 0 U 44
46 1 U 45
47 1 U 35
48 1 U 47
49 0 U -1
50 0 U 49
51 0 L 32
52 1 U 51
53 1 U 52
54 1 U 53
55 0 U 54
56 0 L 32
57 1 U 56
58 0 U 57
59 1 U 58
60 0 U 59
61 1 U 60
62
0 1 U -1
1 0 U 0
2 1 U 1
3 0 L 1
4 1 U 3
5 1 U 4
6 0 U 5
7 0 U -1
8 0 U 7
9 0 U 8
10 1 U 9
11 1 U 10
12 0 L 11
13 0 L 3
14 0 L 2
15 1 U 13
16 0 U 15
17 0 U 16
18 1 U 7
19 0 U 14
20 0 U 19
21 1 U -1
22 0 U 21
23 0 U 16
24 0 U 23
25 1 U 13
26 1 U 25
27 1 U 26
28 1 U 22
29 0 U 28
30 1 L 22
31 1 U 1
32 1 U 31
33 1 L 20
34 0 U 33
35 1 L 26
36 0 U 35
37 1 U 36
38 0 U 37
39 1 U 38
40 1 U 39
41 0 U 24
42 0 U -1
43 1 U 42
44 1 U 36
45 0 U 44
46 1 U 45
47 1 U 35
48 1 U 47
49 1 L 38
50 0 U 49
51 0 L 32
52 1 U 51
53 1 U 52
54 1 U 53
55 0 U 54
56 0 L 32
57 1 U 56
58 0 U 57
59 0 U 46
60 0 U 59
61 1 U 60
62
0 0 U -1
1 0 U 0
2 1 U 1
3 0 L 1
4 1 U 3
5 1 U 4
6 0 U 5
7 0 U -1
8 0 U 7
9 1 U 0
10 0 U 5
11 1 U 10
12 0 L 3
13 0 L 3
14 0 L 2
15 0 L 11
16 0 U 15
17 0 U 16
18 1 U 7
19 1 U 10
20 0 U 19
21 1 L 7
22 0 U 21
23 0 U 16
24 0 U 23
25 1 U 13
26 1 U 25
27 0 U 19
28 1 U 22
29 0 U 22
30 0 U 29
31 0 U 30
32 1 U 31
33 1 L 20
34 0 U 33
35 1 L 26
36 0 U 35
37 1 U 36
38 0 U 37
39 1 U 38
40 1 U 39
41 1 U 16
42 0 U -1
43 1 U 42
44 1 U 36
45 0 U 44
46 1 U 45
47 1 U 35
48 1 U 47
49 0 U -1
50 0 U 49
51 0 L 32
52 1 U 51
53 1 U 52
54 1 U 53
55 0 U 54
56 0 L 32
57 1 U 56
58 0 U 57
59 0 L 53
60 0 U 59
61 1 U 60
62
0 1 U -1
1 0 U 0
2 1 U 1
3 0 L 1
4 1 U 3
5 1 U 4
6 0 U 5
7 0 L 3
8 1 L 6
9 0 U 8
10 1 U 9
11 1 U 10
12 0 L 3
13 0 L 3
14 0 L 2
15 0 L 11
16 0 U 15
17 0 U 16
18 1 U 7
19 0 U 14
20 0 U 19
21 1 U -1
22 0 U 21
23 0 U 16
24 0 U 23
25 0 U 11
26 1 U 25
27 1 U 26
28 1 U 22
29 0 U 28
30 0 U 29
31 0 U 30
32 1 U 31
33 1 L 20
34 0 U 33
35 1 L 26
36 0 U 35
37 0 L 16
38 0 U 37
39 1 U 38
40 1 U 39
41 1 U 40
42 0 U -1
43 1 U 42
44 1 U 36
45 0 L 0
46 1 U 45
47 1 U 35
48 0 L 16
49 0 U -1
50 0 U 49
51 0 L 32
52 1 U 51
53 1 U 52
54 1 U 53
55 0 U 54
56 0 L 32
57 1 U 56
58 0 U 57
59 1 U 58
60 0 U 59
61 1 U 60
62
0 1 U -1
1 0 U 0
2 1 U 1
3 0 L 1
4 1 U 3
5 1 U 4
6 0 U 5
7 0 U -1
8 0 U 7
9 0 U 8
10 1 U 9
11 1 U 10
12 0 L 3
13 0 U 0
14 0 L 2
15 0 L 11
16 0 U 15
17 0 U 16
18 1 U 7
19 0 U 14
20 0 U 19
21 1 U -1
22 0 U 21
23 0 U 16
24 0 U 23
25 1 U 13
26 1 L 17
27 1 U 26
28 1 U 22
29 0 U 28
30 0 U 29
31 0 U 30
32 1 U 31
33 0 U 4
34 0 U 33
35 1 L 26
36 0 U 35
37 1 U 36
38 0 U 37
39 1 U 38
40 1 U 39
41 1 U 40
42 0 U -1
43 1 U 42
44 1 U 36
45 0 U 44
46 1 U 45
47 1 U 35
48 1 U 47
49 0 U -1
50 0 U 49
51 0 L 32
52 1 L 1
53 1 U 52
54 1 U 53
55 0 U 54
56 0 L 32
57 1 U 56
58 0 U 57
59 1 U 58
60 0 U 59
61 1 U 60
62
0 1 U -1
1 0 U 0
2 1 U 1
3 0 L 1
4 1 U 3
5 1 U 4
6 1 U 4
7 0 U -1
8 0 U 7
9 1 U 2
10 1 U 9
11 1 U 10
12 0 L 3
13 0 L 3
14 0 L 2
15 0 L 11
16 0 U 15
17 0 U 16
18 1 U 7
19 0 U 14
20 0 U 19
21 1 U -1
22 0 U 21
23 0 U 16
24 0 U 23
25 1 U 13
26 1 U 25
27 1 U 26
28 1 U 22
29 0 U 28
30 0 U 29
31 0 U 30
32 1 U 31
33 0 U 19
34 0 U 33
35 1 L 26
36 0 U 25
37 1 U 36
38 0 U 37
39 1 U 38
40 1 U 39
41 1 U 40
42 0 U -1
43 1 U 42
44 1 U 36
45 0 U 44
46 1 U 45
47 1 U 35
48 1 U 47
49 0 U -1
50 0 U 49
51 0 L 32
52 1 U 51
53 1 U 52
54 1 U 53
55 0 U 54
56 0 L 32
57 1 U 56
58 0 U 57
59 1 U 58
60 0 U 59
61 1 U 60
