51
0 1 U -1
1 0 U 0
2 1 U 1
3 1 U 2
4 0 U 3
5 0 U 4
6 0 U 5
7 0 U -1
8 1 U 7
9 0 U 8
10 1 U 9
11 1 U 10
12 0 U 11
13 1 U 12
14 1 U -1
15 0 U 14
16 0 U 15
17 0 U 16
18 1 U 17
19 0 U 18
20 0 U 19
21 0 U -1
22 1 U 21
23 0 U 22
24 0 U 23
25 1 U 24
26 0 U 25
27 1 U 26
28 0 U -1
29 1 U 28
30 1 U 29
31 0 U 30
32 1 U 31
33 0 U 32
34 0 U 33
35 1 U -1
36 1 U 35
37 0 U 36
38 0 U 37
39 0 U 38
40 1 U 39
41 1 U 40
42 0 U -1
43 1 U 42
44 1 U 43
45 1 U 44
46 0 U 45
47 1 U 46
48 1 U 47
49 0 U -1
50 0 U 49
51
0 1 U -1
1 0 U 0
2 1 U 1
3 1 U 2
4 0 U 3
5 0 U 4
6 0 U 5
7 0 U -1
8 1 U 7
9 0 U 8
10 1 U 9
11 1 U 10
12 0 U 11
13 1 U 12
14 1 U -1
15 0 U 14
16 0 U 15
17 0 U 16
18 1 U 17
19 0 U 18
20 0 U 19
21 0 U -1
22 1 U 21
23 0 U 22
24 0 U 23
25 1 U 24
26 0 U 25
27 1 U 26
28 0 U -1
29 1 U 28
30 1 U 29
31 0 U 30
32 1 U 31
33 0 U 32
34 0 U 33
35 1 U -1
36 1 U 35
37 0 U 36
38 0 U 37
39 0 U 38
40 1 U 39
41 1 L 7
42 0 U -1
43 0 L 36
44 1 L 2
45 1 U 44
46 0 U 45
47 1 U 46
48 1 U 47
49 0 U -1
50 1 U 0
51
0 0 L -1
1 0 U 0
2 1 U 1
3 1 U 2
4 0 U 3
5 0 U 4
6 0 U 5
7 0 U -1
8 1 U 7
9 0 U 8
10 1 U 9
11 1 U 10
12 1 U -1
13 1 U 12
14 0 L 6
15 0 U 14
16 0 U 15
17 0 U 16
18 1 U 17
19 0 U 18
20 0 U 19
21 0 U -1
22 1 U 21
23 0 U 22
24 0 U 23
25 1 U 24
26 0 U 25
27 1 U 26
28 0 U -1
29 1 L 13
30 1 U 29
31 0 U 30
32 1 U 31
33 0 U 32
34 0 U 33
35 1 U -1
36 1 L 7
37 0 U 36
38 0 U 37
39 0 U 38
40 1 U 39
41 1 U 40
42 0 U -1
43 1 U 42
44 1 U 43
45 1 U 44
46 0 U 45
47 1 U 46
48 1 U 47
49 0 U -1
50 0 U 49
51
0 1 L -1
1 0 U 0
2 1 U 1
3 1 U 2
4 0 U 3
5 0 U 4
6 0 U 5
7 0 U -1
8 1 U 7
9 0 U 8
10 0 U 5
11 1 U 10
12 0 U 11
13 1 U 12
14 1 U -1
15 0 U 14
16 0 U 15
17 0 U 16
18 1 U 17
19 0 U 18
20 0 U 19
21 0 U -1
22 1 U 21
23 0 U 22
24 0 U 23
25 1 U 24
26 0 U 25
27 1 U 26
28 0 U -1
29 1 U 28
30 1 U 29
31 0 U 30
32 1 U 31
33 0 U 32
34 1 U 23
35 1 U -1
36 1 U 35
37 0 U 36
38 0 U 37
39 0 U 38
40 1 U 39
41 1 U 40
42 0 U -1
43 1 U 42
44 1 U 43
45 1 U 44
46 0 U 45
47 1 U 46
48 1 U 47
49 0 U -1
50 0 U 49
51
0 1 U -1
1 0 U 0
2 0 U 0
3 1 U 2
4 0 U 3
5 0 U 4
6 0 U 5
7 0 U -1
8 1 U 7
9 1 L 7
10 1 U 9
11 1 U 10
12 0 U 11
13 1 U 12
14 1 U -1
15 0 U 14
16 0 U 15
17 1 L 4
18 1 U 17
19 0 U 18
20 0 U 19
21 0 U -1
22 1 U 21
23 0 L 14
24 0 U 23
25 1 U 24
26 0 U 25
27 1 U 26
28 1 U 21
29 1 U 28
30 1 U 29
31 0 U 30
32 1 U 31
33 0 U 32
34 0 U 33
35 1 U -1
36 1 U 35
37 0 U 36
38 0 U 37
39 0 U 38
40 1 U 39
41 1 U 40
42 0 U -1
43 1 U 42
44 1 U 43
45 1 U 44
46 0 U 45
47 1 L 7
48 1 U 47
49 0 U -1
50 0 L 4
51
0 1 U -1
1 0 U 0
2 1 U 1
3 1 U 2
4 0 U 3
5 0 U 4
6 0 U 5
7 0 U -1
8 1 U 7
9 0 U 8
10 1 U 9
11 1 U 10
12 0 U 11
13 1 U 12
14 1 U -1
15 0 U 14
16 0 U 15
17 0 U 16
18 1 U 17
19 0 U 18
20 0 U 19
21 0 U -1
22 1 U 21
23 0 U 22
24 0 U 23
25 1 U 24
26 1 U 4
27 1 U 26
28 0 L 19
29 1 U 28
30 1 U 29
31 0 U 30
32 1 U 31
33 0 U 32
34 0 U 33
35 1 U -1
36 1 U 35
37 0 U 36
38 0 U 37
39 0 U 38
40 1 U 39
41 1 U 40
42 0 U -1
43 0 L 25
44 1 U 43
45 1 U 44
46 0 U 45
47 1 U 46
48 1 U 47
49 0 U -1
50 0 U 49
51
0 1 U -1
1 0 U 0
2 0 L -1
3 1 L 0
4 0 U 3
5 0 U 4
6 0 U 5
7 0 U -1
8 1 U 7
9 0 U 8
10 1 U 9
11 1 U 10
12 0 U 11
13 1 U 12
14 1 U -1
15 0 U 14
16 0 U 15
17 0 U 16
18 1 U 17
19 0 U 18
20 0 U 19
21 0 U 11
22 1 U 21
23 0 U 22
24 1 L 21
25 1 U 24
26 0 U 25
27 1 U 26
28 0 L 11
29 1 U 28
30 1 U 29
31 0 U 30
32 1 U 31
33 0 U 32
34 1 L 26
35 1 U -1
36 1 U 35
37 0 U 36
38 0 U 37
39 0 U 38
40 1 U 39
41 1 U 40
42 0 U -1
43 1 U 42
44 1 U 43
45 1 U 44
46 0 U 45
47 1 U 46
48 1 U 47
49 0 U -1
50 0 U 49
51
0 1 U -1
1 0 U 0
2 1 U 1
3 1 U 0
4 0 U 3
5 0 U 4
6 0 U 5
7 0 U -1
8 1 U 7
9 0 U 8
10 1 U 9
11 1 U 10
12 0 U 11
13 1 U 12
14 1 U -1
15 0 U 14
16 0 U 15
17 0 U 16
18 1 U 17
19 0 U 18
20 0 U 19
21 0 U -1
22 1 U 21
23 0 U 22
24 0 U 23
25 1 U 24
26 0 U 25
27 1 U 26
28 0 U -1
29 1 U 28
30 1 U 29
31 0 U 30
32 1 U 31
33 0 U 32
34 0 U 33
35 1 U -1
36 1 U 35
37 0 U 36
38 0 U 37
39 0 U 38
40 1 U 39
41 1 U 40
42 0 U -1
43 1 U 42
44 1 U 43
45 1 U 44
46 0 U 45
47 1 U 46
48 0 U 38
49 0 U -1
50 0 U 49
51
0 1 U -1
1 0 U 0
2 1 U 1
3 1 U 2
4 0 U 3
5 0 U 4
6 0 U 5
7 0 U -1
8 1 U 7
9 0 U 8
10 1 L 8
11 1 U 10
12 0 U 11
13 1 U 12
14 1 U -1
15 0 U 14
16 0 U 15
17 0 U 16
18 1 U 17
19 0 U 18
20 0 U 19
21 0 U -1
22 1 U 21
23 0 U 22
24 0 U 23
25 0 U 9
26 0 U 25
27 1 U 26
28 0 U -1
29 1 U 28
30 1 U 29
31 0 U 30
32 1 U 31
33 0 U 32
34 0 U 33
35 1 U -1
36 1 U 35
37 0 U 36
38 0 U 37
39 0 L 30
40 1 U 39
41 1 U 40
42 0 U -1
43 1 U 42
44 1 U 43
45 1 U 44
46 0 U 45
47 1 U 46
48 1 U 47
49 0 U -1
50 0 U 49
51
0 1 U -1
1 0 U 0
2 1 U 1
3 1 U 2
4 0 U 3
5 0 U 4
6 0 U 5
7 1 U 4
8 1 U 7
9 1 L 6
10 1 U 9
11 1 U 6
12 0 U 11
13 1 U 12
14 1 U -1
15 0 U 14
16 0 U 15
17 0 U 16
18 1 U 17
19 0 U 18
20 0 U 19
21 0 U -1
22 1 U 21
23 0 U 22
24 0 U 5
25 1 U 24
26 1 L 8
27 0 L 8
28 0 U -1
29 1 U 28
30 1 U 29
31 0 U 30
32 1 U 31
33 0 U 0
34 0 L 27
35 1 U -1
36 1 U 35
37 0 U 12
38 0 U 37
39 0 U 38
40 1 U 39
41 1 U 40
42 0 U -1
43 1 U 42
44 1 U 43
45 1 U 44
46 0 U 45
47 1 U 46
48 1 U 47
49 0 U -1
50 0 U 49
51
0 1 U -1
1 0 U 0
2 1 U 1
3 1 U 2
4 0 U 3
5 0 U 4
6 0 U 5
7 0 U -1
8 1 U 7
9 0 U 8
10 1 U 9
11 1 U 10
12 0 U 11
13 1 U 12
14 1 U -1
15 0 U 14
16 0 U 15
17 0 U 16
18 1 U 17
19 0 U 18
20 0 U 19
21 0 U -1
22 1 U 21
23 0 L 13
24 0 U 23
25 1 U 24
26 0 U 25
27 1 U 26
28 0 U -1
29 1 U 28
30 1 U 29
31 0 U 30
32 1 U 31
33 0 U 32
34 0 U 33
35 1 U -1
36 1 U 35
37 0 U 36
38 0 U 37
39 0 U 38
40 1 U 39
41 1 U 40
42 0 U -1
43 1 U 42
44 1 U 43
45 1 U 44
46 0 U 45
47 0 U 16
48 1 L 43
49 0 U -1
50 0 U 49
51
0 0 L -1
1 0 U 0
2 1 U 1
3 1 U 2
4 0 L -1
5 0 U 4
6 0 U 5
7 0 U -1
8 1 U 7
9 0 U 8
10 1 U 9
11 1 U 10
12 0 U 11
13 1 U 12
14 1 U -1
15 0 U 14
16 0 U 15
17 0 U 16
18 1 U 17
19 0 U 18
20 0 U 19
21 0 U -1
22 1 U 21
23 0 U 22
24 0 U 23
25 1 U 24
26 0 U 25
27 1 U 26
28 0 U -1
29 1 U 28
30 1 U 29
31 0 U 30
32 1 U 31
33 0 U 32
34 1 L 27
35 1 U -1
36 1 U 35
37 0 U 36
38 0 U 37
39 0 U 38
40 1 U 39
41 1 U 40
42 0 U -1
43 1 U 42
44 1 U 43
45 1 U 44
46 0 U 45
47 1 U 46
48 1 U 47
49 0 U -1
50 0 U 49
51
0 1 U -1
1 1 L 0
2 1 U 1
3 1 U 2
4 0 U 3
5 0 U 4
6 0 U 5
7 0 U -1
8 1 U 7
9 0 U 8
10 1 U 9
11 1 U 10
12 0 U 11
13 1 U 12
14 1 U -1
15 0 U 14
16 0 U 15
17 0 U 16
18 1 U 17
19 0 U 18
20 0 U 19
21 1 U 7
22 1 U 21
23 0 U 22
24 0 U 23
25 1 U 24
26 0 U 16
27 1 U 26
28 0 U -1
29 1 U 28
30 1 U 29
31 0 U 30
32 1 U 31
33 0 U 32
34 0 U 33
35 1 U -1
36 1 U 35
37 0 L 35
38 0 U 37
39 0 U 38
40 1 U 39
41 1 U 40
42 0 U -1
43 1 U 42
44 1 U 43
45 1 U 44
46 0 U 45
47 1 U 46
48 1 U 47
49 0 U -1
50 0 U 49
51
0 1 U -1
1 0 U 0
2 1 U 1
3 1 U 2
4 0 U 3
5 0 U 4
6 0 U 5
7 0 U -1
8 1 U 7
9 0 U 8
10 1 U 9
11 1 U 10
12 0 U 11
13 0 L 7
14 1 U -1
15 0 U 14
16 0 U 15
17 0 U 16
18 1 U 17
19 0 U 18
20 0 U 19
21 0 U -1
22 1 U 21
23 0 U 22
24 0 U 23
25 1 U 24
26 0 U 25
27 1 U 26
28 0 U -1
29 1 U 28
30 1 U 29
31 0 U 30
32 1 U 31
33 0 U 32
34 0 U 33
35 1 U -1
36 1 U 35
37 0 U 36
38 0 U 37
39 0 L 17
40 1 U 39
41 1 U 40
42 0 U -1
43 1 U 42
44 1 U 43
45 1 U 44
46 0 U 45
47 1 U 46
48 1 U 47
49 0 U -1
50 0 U 49
51
0 1 U -1
1 0 U 0
2 1 U 1
3 1 U 2
4 0 U 3
5 0 U 4
6 0 U 5
7 1 L 6
8 1 U 7
9 0 U 8
10 1 U 9
11 1 U 10
12 0 U 11
13 0 L 6
14 1 U -1
15 0 U 14
16 0 U 15
17 0 U 16
18 1 U 17
19 0 U 18
20 0 U 19
21 0 U -1
22 1 U 21
23 0 U 22
24 0 U 23
25 1 U 24
26 0 U 25
27 1 U 26
28 0 L 8
29 1 U 28
30 1 U 29
31 0 U 30
32 1 U 31
33 0 U 32
34 0 U 33
35 1 L 25
36 1 U 35
37 0 U 36
38 0 L 32
39 0 U 38
40 1 L 29
41 0 L 27
42 0 U -1
43 1 U 42
44 1 U 2
45 1 U 44
46 0 U 45
47 1 U 46
48 1 U 47
49 0 U -1
50 0 U 49
51
0 1 U -1
1 0 U 0
2 0 L 0
3 1 U 2
4 0 U 3
5 0 U 4
6 0 L 2
7 0 U -1
8 1 U 7
9 0 U 8
10 1 U 9
11 1 U 10
12 0 U 11
13 1 U 12
14 1 U -1
15 0 U 14
16 0 U 15
17 0 U 16
18 1 U 17
19 0 U 18
20 0 U 19
21 0 U -1
22 1 U 21
23 0 U 22
24 0 U 23
25 1 U 24
26 0 U 25
27 1 U 26
28 0 U -1
29 1 U 28
30 0 L 3
31 0 U 30
32 1 U 31
33 0 U 32
34 0 U 33
35 1 L 29
36 1 U 35
37 0 U 36
38 0 U 37
39 0 U 38
40 1 U 39
41 0 U 8
42 0 U -1
43 1 U 42
44 1 U 43
45 0 U 11
46 0 U 45
47 1 U 46
48 1 U 47
49 0 U -1
50 0 U 49
51
0 1 U -1
1 0 U 0
2 1 U 1
3 1 U 2
4 0 U 3
5 0 U 4
6 0 U 5
7 0 U -1
8 1 U 7
9 0 U 8
10 1 U 9
11 1 U 10
12 0 U 11
13 1 U 12
14 1 U -1
15 0 U 14
16 0 U 15
17 0 U 15
18 1 U 17
19 0 U 18
20 0 U 19
21 0 U -1
22 1 U 21
23 0 U 22
24 0 U 23
25 1 U 24
26 0 U 25
27 1 U 26
28 0 U -1
29 1 U 28
30 1 U 29
31 1 L 22
32 1 U 31
33 0 U 32
34 0 U 33
35 1 U -1
36 1 U 35
37 0 U 36
38 0 U 37
39 0 U 38
40 0 U 25
41 1 U 40
42 0 U -1
43 1 U 42
44 1 U 43
45 0 L 27
46 0 U 45
47 1 U 46
48 1 U 47
49 0 U -1
50 0 U 49
51
0 0 L -1
1 0 U 0
2 1 U 1
3 1 U 2
4 0 U 3
5 0 U 4
6 0 U 5
7 0 U -1
8 1 U 7
9 0 U 8
10 1 U 9
11 1 U 10
12 0 U 11
13 1 U 12
14 1 U -1
15 0 U 14
16 0 U 15
17 0 U 16
18 1 U 17
19 0 U 18
20 0 U 19
21 1 U 18
22 1 U 21
23 0 U 22
24 1 U 20
25 1 U 24
26 0 U 25
27 1 U 26
28 0 U -1
29 1 U 28
30 1 U 29
31 0 L 2
32 1 U 31
33 0 U 32
34 0 U 33
35 1 U 26
36 1 U 35
37 0 U 36
38 0 U 37
39 0 U 38
40 1 U 39
41 1 U 40
42 0 U -1
43 1 U 42
44 1 L 1
45 1 U 44
46 0 U 45
47 1 U 46
48 1 U 33
49 0 U -1
50 0 U 49
51
0 1 U -1
1 0 U 0
2 1 U 1
3 1 U 2
4 0 U 3
5 0 U 4
6 0 U 5
7 0 U -1
8 1 U 7
9 0 U 8
10 1 U 9
11 0 U 0
12 0 U 11
13 1 U 12
14 1 U -1
15 0 U 14
16 0 U 15
17 0 U 16
18 1 U 17
19 0 U 18
20 0 U 19
21 0 U -1
22 1 U 21
23 1 L 22
24 0 U 23
25 1 U 24
26 0 U 25
27 1 U 26
28 0 U -1
29 1 U 28
30 1 U 29
31 0 U 30
32 1 U 31
33 0 U 32
34 0 U 33
35 1 U -1
36 1 U 35
37 0 U 27
38 0 U 37
39 0 U 38
40 1 U 39
41 1 U 40
42 0 U -1
43 1 U 42
44 1 L 0
45 1 U 44
46 0 U 45
47 1 U 46
48 1 U 47
49 0 U -1
50 0 U 49
51
0 1 U -1
1 0 U 0
2 1 U 1
3 1 U 2
4 0 U 3
5 0 U 4
6 0 U 5
7 0 U -1
8 1 U 7
9 0 U 8
10 0 U 9
11 0 U 0
12 0 U 11
13 1 U 12
14 1 U -1
15 0 L -1
16 0 U 15
17 1 L 3
18 1 U 17
19 0 U 18
20 0 U 19
21 0 U -1
22 1 U 21
23 1 L 22
24 0 U 23
25 1 U 24
26 0 U 25
27 1 U 26
28 0 U -1
29 1 U 28
30 1 U 29
31 0 U 30
32 1 U 31
33 0 U 32
34 0 U 33
35 1 U -1
36 1 U 35
37 0 U 27
38 0 U 37
39 0 U 38
40 1 L 11
41 1 U 40
42 0 U -1
43 1 U 42
44 1 L 0
45 1 U 44
46 0 U 45
47 1 U 46
48 1 U 47
49 0 U -1
50 0 U 49
51
0 1 U -1
1 0 U 0
2 1 U 1
3 1 U 2
4 0 U 3
5 0 U 4
6 0 U 5
7 1 L 2
8 1 U 7
9 0 U 8
10 0 U 9
11 0 U 0
12 0 U 11
13 1 U 12
14 1 U -1
15 0 L -1
16 0 U 15
17 1 L -1
18 1 U 17
19 0 U 18
20 0 U 19
21 0 U -1
22 0 U 16
23 1 L 22
24 0 U 23
25 1 U 24
26 0 U 25
27 1 U 26
28 0 U -1
29 1 U 28
30 1 U 29
31 0 U 30
32 1 L 2
33 0 U 32
34 0 U 33
35 1 U -1
36 1 U 35
37 0 U 27
38 0 U 37
39 0 U 38
40 1 L 11
41 1 U 40
42 0 U -1
43 1 L 42
44 1 L 0
45 1 U 44
46 0 U 45
47 0 U 19
48 1 U 47
49 0 U -1
50 0 U 49
51
0 1 U -1
1 0 U 0
2 1 U 1
3 1 U 2
4 0 U 3
5 1 U 1
6 0 U 5
7 0 L 4
8 1 U 7
9 1 L 1
10 0 U 9
11 0 U 0
12 0 U 11
13 1 U 8
14 1 U -1
15 1 U 6
16 0 U 15
17 1 L 3
18 1 U 17
19 0 L 2
20 0 U 19
21 0 U 7
22 1 U 21
23 0 L 18
24 0 U 23
25 1 U 24
26 0 U 25
27 1 U 26
28 0 U -1
29 1 U 28
30 1 U 29
31 0 U 30
32 1 U 31
33 0 U 11
34 0 U 33
35 1 U -1
36 1 U 35
37 1 L 28
38 0 U 37
39 0 U 38
40 1 L 11
41 1 U 40
42 0 U -1
43 1 U 42
44 1 L 0
45 1 U 44
46 0 U 45
47 1 U 46
48 1 U 47
49 0 U -1
50 0 U 49
51
0 1 U -1
1 0 U 0
2 1 U 1
3 1 U 2
4 0 U 3
5 0 U -1
6 0 U 5
7 0 U -1
8 1 U 7
9 0 U 8
10 0 U 9
11 0 U 0
12 0 U 11
13 1 U 12
14 1 U -1
15 0 L -1
16 0 U 15
17 1 L 3
18 1 L 14
19 0 U 18
20 0 U 19
21 0 U -1
22 1 U 21
23 1 L 22
24 0 U 23
25 1 U 24
26 0 U 25
27 1 U 26
28 1 L 3
29 1 U 28
30 1 U 29
31 0 U 30
32 1 U 31
33 0 U 32
34 0 U 33
35 1 U -1
36 1 U 35
37 0 U 27
38 0 U 37
39 0 U 38
40 1 L 11
41 1 U 40
42 0 U -1
43 1 U 42
44 1 L 0
45 1 U 44
46 0 U 45
47 1 U 46
48 1 U 47
49 0 U -1
50 0 U 49
51
0 1 U -1
1 0 U 0
2 1 U 1
3 1 U 2
4 0 U 3
5 0 U 4
6 0 U 5
7 0 U -1
8 1 U 7
9 0 U 8
10 0 U 9
11 0 U 0
12 0 U 11
13 1 U 12
14 1 U -1
15 0 L -1
16 0 U 15
17 1 L 3
18 1 U 17
19 0 U 18
20 0 U 19
21 0 U -1
22 1 U 21
23 1 L 22
24 0 U 23
25 1 L 6
26 0 U 25
27 1 U 26
28 0 U -1
29 1 U 28
30 1 U 29
31 0 U 30
32 1 U 31
33 0 U 32
34 0 U 33
35 1 U -1
36 1 U 35
37 0 U 27
38 0 U 37
39 0 U 38
40 1 L 11
41 1 U 40
42 0 U -1
43 1 U 42
44 1 L 0
45 1 U 44
46 0 U 45
47 1 U 46
48 1 U 47
49 0 U -1
50 0 U 49
51
0 1 U -1
1 0 U 0
2 1 U 1
3 1 U 2
4 0 U 3
5 0 U 4
6 0 U 5
7 0 U -1
8 1 U 7
9 1 L 5
10 0 L 4
11 0 U 3
12 0 U 11
13 1 U 12
14 1 U -1
15 0 L -1
16 0 U 15
17 1 L 3
18 0 L 4
19 0 U 18
20 0 L 1
21 0 U -1
22 1 U 21
23 1 L 22
24 0 U 23
25 1 U 24
26 0 L 15
27 1 U 26
28 0 U -1
29 1 U 28
30 1 U 29
31 0 U 30
32 1 U 31
33 0 U 32
34 0 U 33
35 1 U -1
36 1 U 35
37 0 U 27
38 0 U 37
39 0 U 38
40 1 L 11
41 1 U 40
42 0 U -1
43 1 U 42
44 1 L 0
45 1 U 44
46 0 U 45
47 1 U 46
48 1 U 47
49 0 U -1
50 1 U 36
51
0 1 U -1
1 0 U 0
2 1 U 1
3 1 U 2
4 0 U 3
5 0 L 2
6 0 U 5
7 0 U -1
8 1 U 7
9 0 L 8
10 0 L 4
11 0 U 3
12 0 U 11
13 1 U 12
14 1 U -1
15 0 L -1
16 0 U 15
17 1 L 3
18 0 L 4
19 0 U 18
20 0 L 1
21 0 U -1
22 1 U 21
23 1 L 22
24 0 U 23
25 1 U 24
26 0 L 15
27 1 U 26
28 0 U -1
29 1 U 28
30 1 U 29
31 0 U 30
32 1 U 31
33 0 U 32
34 0 U 33
35 0 U 31
36 1 U 35
37 0 U 27
38 1 L 7
39 0 U 38
40 1 L 11
41 0 L 26
42 0 U -1
43 1 U 42
44 1 U 10
45 1 U 44
46 0 U 45
47 1 U 46
48 1 U 47
49 0 L 32
50 1 U 36
51
0 1 U -1
1 0 U 0
2 1 U 1
3 0 U -1
4 0 U 3
5 0 U 4
6 0 U 5
7 0 U -1
8 0 U 1
9 1 L 5
10 1 U 1
11 1 U 4
12 0 U 11
13 0 L -1
14 1 U -1
15 0 L -1
16 0 U 15
17 1 L 4
18 0 L 4
19 0 U 18
20 0 L 1
21 0 U -1
22 1 U 21
23 1 L 22
24 0 U 23
25 1 U 24
26 0 L 15
27 1 U 26
28 0 U -1
29 1 U 28
30 1 U 29
31 0 U 30
32 1 U 31
33 0 U 32
34 0 U 33
35 1 U -1
36 1 U 35
37 0 U 27
38 0 U 37
39 1 L 33
40 1 L 11
41 1 U 40
42 0 U -1
43 1 U 42
44 0 U 25
45 1 U 44
46 0 U 45
47 0 U 23
48 1 U 47
49 0 U -1
50 1 U 36
51
0 1 U -1
1 0 U 0
2 1 U 1
3 1 U 2
4 0 U 3
5 0 U 4
6 0 U 2
7 0 U -1
8 1 L -1
9 1 L 5
10 0 L 4
11 0 U 3
12 0 U 11
13 1 U 12
14 1 U -1
15 0 L -1
16 0 U 15
17 0 U 0
18 0 L 4
19 0 U 18
20 0 L 1
21 0 U -1
22 1 U 21
23 1 L 22
24 0 U 23
25 1 U 24
26 0 L 15
27 1 L 5
28 0 L 12
29 1 U 28
30 1 U 29
31 0 U 30
32 1 U 31
33 0 U 32
34 0 U 33
35 1 U -1
36 1 L 12
37 1 U 28
38 0 U 37
39 1 L 38
40 1 L 11
41 1 U 40
42 0 U -1
43 1 U 42
44 1 L 0
45 1 U 44
46 0 U 45
47 1 U 46
48 1 U 47
49 0 U -1
50 1 U 36
51
0 1 U -1
1 0 U 0
2 1 L 0
3 1 U 1
4 0 U 3
5 0 U 4
6 0 U 5
7 0 U -1
8 1 U 7
9 1 L 5
10 0 L 4
11 0 U 3
12 0 U 11
13 1 U 12
14 1 U -1
15 0 L -1
16 0 U 15
17 1 L 3
18 0 L 4
19 0 U 18
20 0 L 1
21 0 U -1
22 1 U 21
23 1 L 22
24 0 U 23
25 1 L 17
26 0 L 15
27 1 U 26
28 0 U -1
29 1 U 28
30 1 U 29
31 0 U 30
32 1 U 31
33 0 U 32
34 0 U 33
35 0 L 30
36 1 U 35
37 0 U 27
38 0 U 37
39 0 U 38
40 1 L 11
41 1 U 40
42 0 U -1
43 1 U 42
44 1 L 0
45 1 U 44
46 0 U 45
47 1 L 43
48 1 U 47
49 0 U -1
50 1 U 36
51
0 1 U -1
1 0 U 0
2 1 U 1
3 1 U 2
4 0 U 3
5 0 U 4
6 0 U 5
7 0 U -1
8 1 U 7
9 1 U 2
10 0 L 4
11 0 U 3
12 1 L -1
13 1 U 12
14 1 U -1
15 0 L -1
16 1 L -1
17 1 L 3
18 0 L 4
19 0 U 18
20 0 L 1
21 0 U -1
22 1 U 21
23 1 L 22
24 0 U 23
25 1 U 24
26 0 L 15
27 1 U 26
28 0 U -1
29 1 U 28
30 1 U 29
31 0 U 30
32 1 U 31
33 0 U 32
34 0 U 33
35 1 U -1
36 1 U 35
37 1 U 14
38 0 U 37
39 0 U 16
40 1 L 11
41 1 U 40
42 0 U -1
43 1 U 42
44 1 L 0
45 1 U 44
46 0 U 45
47 1 U 46
48 1 U 47
49 0 U -1
50 1 U 36
51
0 1 U -1
1 0 U 0
2 1 U 1
3 1 U 2
4 0 U 3
5 0 U 4
6 0 U 5
7 0 U -1
8 1 U 7
9 1 L 5
10 0 U 5
11 0 L 3
12 0 U 11
13 1 U 12
14 1 U -1
15 0 L -1
16 0 U 15
17 1 L 3
18 0 L 4
19 0 U 18
20 0 L 1
21 0 U -1
22 1 U 21
23 1 L 22
24 0 U 23
25 1 U 24
26 0 L 14
27 1 U 26
28 0 U -1
29 1 U 28
30 1 U 29
31 0 U 30
32 1 U 31
33 0 U 32
34 0 U 33
35 1 U -1
36 1 U 35
37 0 U 27
38 0 U 37
39 0 U 38
40 1 L 11
41 1 U 40
42 0 U -1
43 1 U 42
44 1 L 0
45 1 U 44
46 0 U 45
47 1 U 46
48 1 U 47
49 0 U -1
50 1 U 36
51
0 1 U -1
1 0 U 0
2 0 U 1
3 1 U 2
4 1 L 2
5 0 U 4
6 0 U 5
7 0 U -1
8 1 U 5
9 1 L 5
10 0 L 4
11 0 U 3
12 0 U 11
13 1 U 12
14 1 U -1
15 0 L -1
16 0 U 15
17 1 L 3
18 0 L 4
19 0 U 18
20 0 U -1
21 0 U -1
22 1 U 21
23 1 L 22
24 0 U 23
25 1 U 24
26 0 L 15
27 1 U 26
28 0 U -1
29 1 U 28
30 0 L 5
31 0 L 0
32 1 U 31
33 0 U 32
34 0 U 33
35 1 L 32
36 1 U 35
37 0 U 27
38 0 U 37
39 0 U 38
40 1 L 11
41 1 U 40
42 0 U -1
43 1 U 42
44 1 L 0
45 1 U 44
46 0 U 45
47 1 U 21
48 1 U 47
49 0 U -1
50 1 U 36
51
0 1 U -1
1 0 U 0
2 1 U 1
3 1 U 2
4 0 U 3
5 0 L 1
6 0 U 5
7 0 U -1
8 1 U 7
9 1 L 5
10 0 L 4
11 0 U 3
12 0 U 11
13 1 U 12
14 0 L 10
15 0 U 3
16 0 U 15
17 1 L 3
18 0 L 4
19 1 L 2
20 0 L 1
21 0 U -1
22 1 U 21
23 1 L 22
24 0 U 23
25 1 U 24
26 0 L 15
27 1 U 26
28 0 U -1
29 1 U 28
30 1 U 29
31 0 U 30
32 1 U 31
33 0 U 32
34 0 U 33
35 1 U -1
36 1 U 35
37 0 U 27
38 0 U 37
39 0 U 38
40 1 L 11
41 1 U 40
42 0 U -1
43 1 U 42
44 1 L 0
45 1 U 44
46 0 U 45
47 0 U 23
48 1 U 47
49 0 U -1
50 1 U 36
51
0 1 U -1
1 0 U 0
2 1 U 1
3 1 U 2
4 0 U 3
5 0 U 4
6 0 U 5
7 0 U -1
8 1 U 7
9 1 L 5
10 0 L 4
11 0 U 3
12 0 U 11
13 1 U 9
14 1 U -1
15 0 L -1
16 0 U 15
17 1 L 3
18 1 L 5
19 0 U 18
20 0 L 1
21 0 U -1
22 1 U 21
23 1 L 22
24 0 U 23
25 1 U 24
26 0 L 15
27 0 U 17
28 0 U -1
29 1 U 28
30 1 U 29
31 0 U 30
32 1 U 31
33 0 U 32
34 0 U 33
35 1 U -1
36 1 U 35
37 0 U 27
38 0 U 37
39 0 U 38
40 1 L 11
41 1 U 40
42 0 U -1
43 1 U 42
44 1 L 0
45 1 U 44
46 0 U 45
47 1 U 46
48 1 U 47
49 0 U -1
50 1 U 36
