76
0 0 U -1
1 0 U 0
2 1 U 1
3 0 U 2
4 0 U 3
5 1 U 4
6 0 U 5
7 0 U 6
8 0 U -1
9 0 U 8
10 0 U 9
11 0 U 10
12 1 U 11
13 1 U 12
14 0 U 13
15 1 U 14
16 1 U -1
17 0 U 16
18 1 U 17
19 0 U 18
20 1 U 19
21 1 U 20
22 0 U 21
23 1 U 22
24 0 U -1
25 0 U 24
26 1 U 25
27 0 U 26
28 0 U 27
29 0 U 28
30 1 U 29
31 0 U 30
32 0 U -1
33 0 U 32
34 0 U 33
35 1 U 34
36 0 U 35
37 0 U 36
38 0 U 37
39 1 U 38
40 0 U -1
41 0 U 40
42 0 U 41
43 0 U 42
44 0 U 43
45 0 U 44
46 1 U 45
47 0 U 46
48 0 U -1
49 0 U 48
50 1 U 49
51 0 U 50
52 0 U 51
53 1 U 52
54 1 U 53
55 1 U 54
56 1 U -1
57 1 U 56
58 0 U 57
59 1 U 58
60 0 U 59
61 0 U 60
62 0 U 61
63 0 U 62
64 1 U -1
65 1 U 64
66 0 U 65
67 0 U 66
68 1 U 67
69 0 U 68
70 0 U 69
71 1 U 70
72 0 U -1
73 1 U 72
74 0 U 73
75 0 U 74
76
0 0 U -1
1 0 U 0
2 1 U 1
3 0 U 2
4 0 U 3
5 1 U 4
6 0 U 5
7 0 U 6
8 0 U -1
9 0 U 8
10 0 U 9
11 0 U 10
12 1 U 11
13 1 U 12
14 0 U 13
15 1 U 14
16 1 U -1
17 0 U 16
18 1 U 17
19 0 U 18
20 1 U 19
21 1 U 20
22 0 U 21
23 1 U 22
24 0 U -1
25 0 U 24
26 1 U 25
27 1 L 0
28 0 U 27
29 0 U 28
30 1 U 29
31 0 U 30
32 0 U -1
33 0 U 32
34 0 U 33
35 1 U 34
36 0 U 35
37 0 U 36
38 0 U 37
39 1 U 38
40 0 U -1
41 0 U 40
42 0 U 41
43 0 U 42
44 0 U 43
45 0 L 1
46 1 U 45
47 0 L 42
48 0 U -1
49 0 U 48
50 1 U 49
51 0 U 50
52 0 U 51
53 1 U 52
54 1 U 20
55 1 U 54
56 1 U -1
57 1 U 56
58 0 U 57
59 1 U 58
60 0 U 13
61 0 U 60
62 0 U 61
63 0 U 62
64 1 U -1
65 1 U 64
66 0 U 65
67 0 U 66
68 0 U 11
69 0 U 68
70 0 U 69
71 1 U 70
72 0 U -1
73 0 L 27
74 0 U 73
75 0 U 74
76
0 0 U -1
1 0 U 0
2 1 U 1
3 0 U 2
4 0 U 3
5 1 U 4
6 0 U 5
7 0 U 6
8 0 U 6
9 1 L 3
10 0 U 9
11 0 U 10
12 1 U 11
13 1 U 12
14 1 L 1
15 1 U 14
16 0 L -1
17 0 U 16
18 1 U 17
19 0 U 18
20 1 U 19
21 1 U 20
22 0 U 21
23 1 U 22
24 0 U -1
25 0 U 24
26 1 U 25
27 1 U 6
28 0 U 27
29 0 U 28
30 1 U 29
31 0 U 30
32 1 U 5
33 0 U 32
34 0 U 33
35 1 U 34
36 0 U 35
37 0 U 36
38 1 U 10
39 1 U 38
40 0 U -1
41 0 U 40
42 0 U 41
43 0 U 42
44 0 U 43
45 0 U 44
46 1 U 45
47 0 U 46
48 0 U -1
49 1 U 46
50 0 L 28
51 0 U 50
52 0 U 51
53 1 U 52
54 1 U 53
55 1 U 54
56 1 U -1
57 1 U 56
58 1 L 16
59 1 U 58
60 0 U 59
61 0 U 60
62 0 U 61
63 0 U 62
64 1 U -1
65 1 U 64
66 0 U 65
67 0 U 66
68 1 U 67
69 0 U 68
70 0 U 69
71 1 U 70
72 0 U -1
73 1 U 72
74 0 U 73
75 1 L 19
76
0 0 U -1
1 0 U 0
2 1 U 1
3 0 U 2
4 0 U 3
5 1 U 4
6 0 U 5
7 0 U 6
8 0 U 6
9 1 L 3
10 0 U 9
11 0 U 10
12 1 U 11
13 1 U 12
14 1 L 1
15 1 U 14
16 0 L -1
17 0 U 16
18 1 U 17
19 1 U 1
20 1 U 19
21 0 L 20
22 0 U 21
23 1 U 22
24 0 U -1
25 0 U 24
26 1 U 25
27 1 U 6
28 0 U 27
29 0 U 28
30 1 U 29
31 0 U 30
32 1 U 5
33 0 U 32
34 0 U 33
35 1 U 34
36 0 U 35
37 0 U 36
38 1 U 10
39 1 U 38
40 0 U -1
41 0 U 40
42 0 U 41
43 0 L 21
44 0 L 7
45 0 U 44
46 1 U 45
47 1 L 16
48 0 U -1
49 1 U 46
50 1 L 38
51 0 U 50
52 0 U 51
53 1 U 52
54 1 U 53
55 1 U 54
56 1 U -1
57 1 U 56
58 1 L 16
59 1 U 58
60 0 U 59
61 0 U 60
62 0 U 61
63 0 U 62
64 1 U -1
65 1 U 64
66 1 L 54
67 0 U 66
68 1 U 67
69 0 U 68
70 0 U 69
71 1 U 70
72 0 U -1
73 1 U 72
74 0 U 64
75 1 L 19
76
0 0 U -1
1 1 U 0
2 1 U 1
3 0 U 2
4 0 U 3
5 0 U 3
6 0 U 5
7 1 U 4
8 0 U 6
9 1 L 5
10 0 U 9
11 0 U 10
12 1 U 11
13 1 U 12
14 1 L 1
15 1 U 14
16 0 L -1
17 0 U 16
18 1 U 17
19 0 U 18
20 1 U 19
21 1 U 20
22 0 U 21
23 1 U 22
24 0 U -1
25 0 U 24
26 1 U 25
27 1 U 6
28 0 U 27
29 0 U 28
30 1 U 29
31 0 U 30
32 1 U 5
33 0 L 12
34 0 U 33
35 1 U 34
36 1 U 10
37 0 U 36
38 1 U 10
39 1 U 38
40 0 U -1
41 0 U 40
42 0 U 41
43 0 U 42
44 0 L 28
45 0 U 44
46 0 L 23
47 0 U 46
48 0 U -1
49 1 U 46
50 0 L 28
51 0 U 50
52 0 U 51
53 1 U 52
54 0 L 46
55 1 U 54
56 1 U -1
57 1 U 56
58 1 L 16
59 1 U 58
60 0 U 59
61 0 U 60
62 0 U 61
63 0 U 62
64 1 U -1
65 1 U 64
66 0 U 65
67 0 U 66
68 1 U 67
69 0 U 68
70 0 U 69
71 1 U 70
72 0 U -1
73 1 U 72
74 0 U 73
75 1 L 19
76
0 0 L -1
1 0 U 0
2 1 U 1
3 0 U 2
4 0 U 3
5 1 U 4
6 0 U 5
7 0 U 6
8 0 U 6
9 1 L 3
10 0 U 3
11 0 U 10
12 1 U 11
13 1 U 12
14 0 U 2
15 0 U 8
16 0 L -1
17 0 U 16
18 1 U 17
19 0 U 18
20 1 U 19
21 0 U 15
22 0 U 21
23 1 U 22
24 0 U -1
25 0 U 24
26 1 U 25
27 1 U 6
28 0 U 2
29 1 L 25
30 1 U 29
31 0 U 30
32 1 U 5
33 0 U 32
34 0 U 33
35 1 U 34
36 0 U 35
37 0 U 36
38 1 U 10
39 1 U 38
40 0 U -1
41 0 U 40
42 0 U 41
43 0 U 42
44 0 U 43
45 0 U 44
46 1 U 45
47 1 U 34
48 0 U -1
49 1 U 46
50 0 L 28
51 0 U 50
52 0 U 51
53 1 U 52
54 1 U 53
55 1 U 54
56 1 U -1
57 1 L 32
58 1 U 4
59 1 L 13
60 0 U 59
61 0 U 60
62 0 U 61
63 0 U 62
64 1 U -1
65 1 U 64
66 0 U 65
67 0 U 66
68 1 U 67
69 0 U 68
70 0 U 69
71 1 U 70
72 0 U 27
73 1 U 72
74 0 U 73
75 1 L 19
76
0 0 U -1
1 0 U 0
2 1 U 1
3 1 U -1
4 0 U 3
5 1 U 4
6 0 U 5
7 0 U 6
8 0 U 6
9 1 L 3
10 0 U 9
11 0 U 10
12 1 U 11
13 1 U 4
14 1 L 1
15 1 U 14
16 0 L 15
17 0 U 16
18 1 U 17
19 0 U 18
20 1 U 19
21 1 U 20
22 0 U 21
23 1 U 3
24 0 U -1
25 0 U 24
26 1 U 25
27 0 U 21
28 0 U 27
29 0 U 28
30 1 U 29
31 0 U 30
32 1 U 5
33 0 U 28
34 0 U 33
35 1 U 34
36 0 U 35
37 0 U 36
38 1 U 10
39 1 U 38
40 0 U -1
41 0 U 40
42 0 U 41
43 0 U 42
44 0 U 43
45 0 U 44
46 1 U 45
47 0 U 46
48 0 U -1
49 1 U 46
50 0 L 28
51 0 U 50
52 0 U 51
53 1 U 52
54 1 U 53
55 1 U 54
56 1 U -1
57 1 U 56
58 1 L 16
59 1 U 58
60 0 U 59
61 0 U 60
62 0 L 14
63 0 U 62
64 0 U 11
65 1 U 64
66 0 L 25
67 0 U 66
68 1 U 67
69 0 U 68
70 0 U 34
71 1 L 19
72 0 U -1
73 1 U 72
74 0 U 73
75 1 L 19
76
0 0 U -1
1 0 U 0
2 1 U 1
3 0 U 2
4 0 U 3
5 1 U 4
6 0 U 5
7 0 U 6
8 0 U 6
9 1 L 3
10 0 U 9
11 0 U 10
12 1 U 11
13 1 U 12
14 1 L 1
15 1 L 3
16 0 L -1
17 0 U 16
18 0 L 12
19 0 U 18
20 1 U 19
21 1 U 20
22 0 U 21
23 0 L 18
24 0 U -1
25 0 U 24
26 0 U 17
27 1 U 6
28 0 U 27
29 0 U 28
30 1 U 29
31 0 U 30
32 1 U 5
33 0 U 32
34 0 U 33
35 1 U 34
36 0 U 35
37 0 U 36
38 1 U 10
39 1 U 38
40 0 U 28
41 0 U 40
42 0 U 41
43 0 U 42
44 0 U 43
45 0 U 44
46 1 U 45
47 0 U 46
48 0 U -1
49 1 U 46
50 0 L 28
51 0 U 50
52 0 U 51
53 1 U 52
54 1 U 53
55 1 U 54
56 1 U -1
57 1 U 56
58 1 L 16
59 1 U 58
60 0 U 59
61 0 U 60
62 0 U 61
63 0 U 62
64 1 U -1
65 1 U 64
66 0 U 65
67 0 U 66
68 1 U 67
69 0 U 47
70 0 L 11
71 1 U 70
72 0 U -1
73 1 U 72
74 0 U 73
75 1 L 19
76
0 0 U -1
1 0 U 0
2 1 U 1
3 0 U 2
4 0 U 3
5 1 U 4
6 0 U 5
7 0 U 6
8 0 U 6
9 1 L 3
10 0 U 9
11 0 U 10
12 1 U 11
13 1 U 12
14 1 L 1
15 0 L 9
16 0 L -1
17 0 U 16
18 1 U 17
19 0 U 18
20 1 U 19
21 1 U 20
22 0 U 21
23 1 U 22
24 0 U -1
25 0 U 24
26 1 U 25
27 1 U 6
28 0 U 27
29 0 U 28
30 1 U 29
31 0 U 30
32 1 U 5
33 1 L 5
34 0 U 33
35 1 U 34
36 0 U 35
37 0 U 36
38 1 U 10
39 1 U 38
40 1 L 26
41 0 U 40
42 0 U 41
43 0 U 42
44 0 U 43
45 0 U 44
46 1 U 45
47 0 U 46
48 0 U -1
49 1 U 46
50 0 L 28
51 0 U 50
52 0 U 51
53 1 U 52
54 1 U 53
55 1 U 54
56 1 U -1
57 1 U 56
58 1 L 16
59 1 U 58
60 0 L 48
61 0 U 60
62 0 U 61
63 0 U 62
64 1 U -1
65 1 U 43
66 0 U 65
67 0 U 66
68 1 U 67
69 0 U 68
70 0 U 41
71 1 U 70
72 0 U -1
73 1 U 72
74 0 U 73
75 1 L 19
76
0 1 L -1
1 0 U -1
2 1 U 1
3 0 U 2
4 0 U 3
5 1 U -1
6 0 U 5
7 1 U 3
8 0 U 6
9 1 L 3
10 0 U 9
11 0 U 10
12 1 U 11
13 1 U 12
14 1 L 1
15 0 U -1
16 0 L -1
17 0 U 16
18 1 U 17
19 0 U 18
20 1 U 8
21 1 U 20
22 0 U 21
23 1 U 22
24 0 U -1
25 0 U 24
26 1 U 25
27 1 U 6
28 0 U 27
29 0 U 28
30 1 U 29
31 0 U 30
32 1 U 5
33 0 U 32
34 0 U 33
35 1 U 34
36 0 U 35
37 0 U 1
38 1 U 10
39 1 U 38
40 0 U -1
41 0 U 40
42 0 U 41
43 0 U 42
44 0 U 43
45 0 U 44
46 0 U 8
47 0 U 46
48 0 U -1
49 1 U 46
50 0 L 28
51 0 L 21
52 0 U 51
53 1 U 52
54 1 U 53
55 1 U 54
56 1 U -1
57 1 U 56
58 1 L 16
59 1 U 58
60 0 U 59
61 0 U 60
62 0 U 61
63 1 U 16
64 1 U -1
65 1 U 64
66 0 U 65
67 0 U 66
68 1 U 67
69 0 U 68
70 0 U 69
71 1 U 70
72 0 U -1
73 1 U 72
74 0 U 73
75 1 L 19
76
0 1 L -1
1 0 U -1
2 1 U 1
3 0 U 2
4 0 U 3
5 1 U -1
6 0 U 5
7 1 U 3
8 0 U 6
9 1 L 3
10 0 U 9
11 1 L 6
12 1 U 11
13 1 U 12
14 1 L 1
15 0 U -1
16 0 L -1
17 0 U 16
18 1 U 17
19 0 U 18
20 1 U 8
21 1 U 20
22 0 U 21
23 0 L 17
24 0 U -1
25 0 U 24
26 1 U 25
27 1 U 6
28 0 U 27
29 0 U 28
30 1 U 29
31 0 U 30
32 1 U 5
33 0 U 32
34 0 U 33
35 1 U 34
36 0 U 35
37 0 U 1
38 0 L 11
39 1 U 38
40 0 U -1
41 0 U 40
42 0 U 41
43 0 U 42
44 0 U 43
45 0 U 26
46 0 U 8
47 0 U 46
48 0 U 13
49 1 U 46
50 0 L 28
51 0 L 21
52 0 U 51
53 1 U 52
54 1 U 53
55 1 U 54
56 1 U -1
57 1 U 56
58 1 L 16
59 1 U 58
60 0 U 59
61 0 U 60
62 0 U 61
63 1 U 16
64 1 U -1
65 1 U 64
66 0 U 65
67 0 U 66
68 1 U 67
69 0 U 68
70 0 U 69
71 1 U 70
72 0 U -1
73 1 U 72
74 0 U 73
75 1 L 19
76
0 1 L -1
1 0 U -1
2 1 U 1
3 0 U 2
4 0 U 3
5 1 U -1
6 0 U 5
7 1 U 3
8 0 U 6
9 1 L 3
10 0 U 9
11 0 U 10
12 1 U 11
13 1 U 12
14 1 L 1
15 0 U -1
16 0 L -1
17 0 U 16
18 1 U 17
19 0 U 18
20 1 U 8
21 1 U 20
22 0 U 21
23 1 U 22
24 0 U -1
25 0 U 24
26 1 U 25
27 1 U 6
28 0 U 27
29 0 U 28
30 1 U 29
31 0 U 30
32 1 U 5
33 0 U 32
34 0 U 33
35 1 U 34
36 0 U 35
37 1 U 14
38 1 U 10
39 1 U 38
40 0 U -1
41 0 U 40
42 0 U 41
43 0 U 42
44 0 U 43
45 0 U 44
46 0 U 8
47 0 U 46
48 0 U -1
49 1 U 46
50 0 L 28
51 0 L 21
52 0 U 51
53 1 U 52
54 1 U 53
55 1 U 54
56 1 U -1
57 1 U 56
58 1 L 16
59 1 U 58
60 0 U 59
61 0 U 60
62 0 U 61
63 1 U 16
64 1 U -1
65 1 U 64
66 0 U 65
67 0 U 66
68 1 U 67
69 0 U 68
70 0 U 69
71 1 U 70
72 0 U -1
73 1 U 72
74 0 U 73
75 1 L 19
76
0 1 L -1
1 0 U -1
2 1 U 1
3 0 U 2
4 0 U 3
5 1 U -1
6 0 U 5
7 1 U 3
8 0 U 6
9 1 L 3
10 0 U 9
11 0 U 10
12 1 U 11
13 1 U 12
14 1 L 1
15 0 U -1
16 0 L -1
17 0 U 16
18 1 U 17
19 0 U 18
20 1 U 8
21 1 U 20
22 0 U 2
23 1 U 0
24 0 U -1
25 0 U 24
26 1 U 25
27 1 U 6
28 0 U 27
29 0 U 28
30 1 U 29
31 0 U 30
32 1 U 5
33 0 U 32
34 0 U 33
35 1 U 16
36 0 U 35
37 0 U 21
38 1 U 10
39 1 U 38
40 0 U -1
41 0 L 12
42 0 U 41
43 0 U 42
44 0 L 35
45 0 U 44
46 0 U 8
47 1 L 38
48 0 U -1
49 1 U 46
50 0 L 28
51 1 L 8
52 0 U 51
53 1 U 52
54 1 U 53
55 1 U 54
56 1 U -1
57 1 U 56
58 1 L 16
59 1 U 58
60 0 U 59
61 0 U 60
62 0 U 61
63 1 U 16
64 1 U -1
65 1 U 64
66 0 L 12
67 0 U 66
68 1 L 14
69 0 U 68
70 0 U 69
71 1 U 70
72 0 U -1
73 1 U 72
74 0 U 37
75 1 L 19
76
0 1 L -1
1 1 L -1
2 1 U 1
3 0 U 2
4 0 U 3
5 0 L 3
6 1 L 4
7 1 U 3
8 0 U 6
9 1 L 3
10 0 U 9
11 1 L 7
12 1 U 11
13 0 L 7
14 1 L 1
15 0 U -1
16 1 U 10
17 0 U 16
18 1 U 17
19 0 U 18
20 1 U 8
21 1 U 20
22 0 U 17
23 1 U 0
24 0 U -1
25 0 U 24
26 1 U 25
27 1 U 6
28 0 U 27
29 0 U 28
30 1 U 27
31 0 U 30
32 1 U 5
33 0 U 32
34 0 L 27
35 1 U 16
36 0 U 35
37 0 U 21
38 1 U 10
39 1 U 38
40 0 U -1
41 0 L 12
42 0 U 41
43 0 U 31
44 0 L 35
45 0 U 44
46 0 U 8
47 1 L 38
48 0 U -1
49 1 U 46
50 0 L 28
51 1 L 8
52 0 U 51
53 1 L 7
54 1 U 53
55 1 U 54
56 1 U -1
57 1 U 19
58 1 L 16
59 1 U 5
60 0 U 59
61 0 U 60
62 0 U 61
63 1 U 16
64 0 L 31
65 1 U 64
66 0 L 12
67 0 U 66
68 1 L 14
69 0 U 68
70 0 U 69
71 1 U 70
72 0 U -1
73 1 U 72
74 0 U 37
75 1 L 19
76
0 1 L -1
1 0 U -1
2 1 U 1
3 0 L 1
4 0 U 3
5 1 U -1
6 1 L 1
7 1 U 3
8 0 U 6
9 1 L 3
10 0 U 9
11 0 U 10
12 1 U 11
13 1 U 12
14 1 L 1
15 0 U 14
16 0 L -1
17 0 U 16
18 1 U 17
19 0 U 18
20 1 U 8
21 1 U 20
22 1 L 7
23 1 U 0
24 0 U -1
25 0 U 24
26 1 U 25
27 1 U 6
28 0 U 27
29 0 U 28
30 1 U 29
31 0 U 30
32 1 U 5
33 1 L 16
34 0 U 33
35 1 U 16
36 0 U 35
37 0 U 21
38 1 U 10
39 1 U 38
40 0 U 10
41 0 L 12
42 0 U 41
43 0 U 42
44 0 L 35
45 0 L 8
46 0 U 8
47 1 L 38
48 0 U -1
49 1 U 46
50 0 L 28
51 1 U 24
52 0 U 51
53 1 U 52
54 1 U 53
55 1 U 54
56 1 U -1
57 1 U 26
58 0 L 10
59 1 U 58
60 0 U 59
61 0 U 60
62 0 U 61
63 1 U 16
64 1 U -1
65 1 U 64
66 0 L 12
67 0 U 66
68 0 U 30
69 0 L 15
70 0 U 69
71 1 U 70
72 0 U -1
73 1 U 72
74 0 L 52
75 1 L 19
76
0 1 L -1
1 0 U -1
2 1 U 1
3 0 U 2
4 0 L 0
5 1 U 1
6 0 U 5
7 1 U 3
8 0 U 6
9 1 L 3
10 0 U 9
11 0 U 10
12 0 U 11
13 1 U 12
14 1 L 1
15 0 U -1
16 0 L -1
17 0 U 16
18 1 U 17
19 0 U 18
20 1 U 8
21 1 U 20
22 0 U 2
23 1 L 16
24 0 U -1
25 0 U 24
26 1 U 25
27 1 U 6
28 0 U 27
29 0 U 28
30 1 U 29
31 0 U 30
32 1 U 5
33 0 U 32
34 0 U 33
35 0 U 0
36 1 U 26
37 0 U 21
38 1 U 10
39 1 U 38
40 0 U -1
41 0 L 12
42 0 U 41
43 0 U 42
44 0 L 35
45 0 U 44
46 0 U 8
47 1 L 38
48 1 U 1
49 1 U 46
50 0 L 28
51 1 L 8
52 0 U 51
53 1 U 52
54 1 U 53
55 1 U 54
56 1 U -1
57 1 U 56
58 0 L 13
59 1 U 58
60 0 U 59
61 0 U 60
62 0 U 61
63 1 U 16
64 1 U -1
65 0 U 35
66 0 L 12
67 0 U 66
68 1 L 14
69 0 U 68
70 0 U 69
71 1 U 70
72 0 L 68
73 1 U 72
74 0 U 37
75 1 L 19
76
0 1 L -1
1 0 U -1
2 1 U 1
3 0 U 2
4 0 U 3
5 1 U -1
6 0 U 5
7 1 U 3
8 0 U 6
9 1 L 3
10 0 U 9
11 0 U 10
12 1 U 11
13 1 U 12
14 1 L 1
15 0 U -1
16 0 L -1
17 0 U 16
18 1 U 17
19 0 U 18
20 1 U 8
21 1 U 20
22 0 U 2
23 1 U 0
24 0 U 22
25 0 U 24
26 1 U 25
27 1 U 6
28 0 U 27
29 0 U 28
30 1 U 29
31 0 U 30
32 1 U 5
33 0 U 32
34 0 U 33
35 1 U 16
36 0 U 35
37 0 L 9
38 1 U 10
39 1 U 38
40 0 U -1
41 0 L 12
42 0 U 41
43 0 U 42
44 1 L 32
45 1 U 6
46 0 U 8
47 1 L 38
48 0 U -1
49 1 U 46
50 0 L 28
51 1 L 8
52 0 U 51
53 1 U 52
54 0 L 30
55 1 U 54
56 1 U -1
57 1 U 56
58 1 L 16
59 1 U 58
60 0 U 59
61 0 U 60
62 0 U 61
63 1 U 16
64 1 U -1
65 1 U 64
66 0 L 12
67 0 U 66
68 1 L 14
69 0 U 68
70 0 U 69
71 1 U 70
72 0 U -1
73 1 U 72
74 0 U 37
75 1 L 19
76
0 1 L -1
1 0 U -1
2 1 U 1
3 0 U 2
4 0 U 3
5 0 U 3
6 0 U 5
7 1 U 3
8 0 U 6
9 1 L 3
10 0 U 9
11 0 U 10
12 1 U 11
13 0 U 11
14 1 L 1
15 0 U -1
16 0 L 1
17 0 U 16
18 1 U 17
19 0 U 18
20 0 L 11
21 1 U 20
22 0 U 2
23 0 L 20
24 0 U 22
25 0 U 24
26 1 U 25
27 1 U 6
28 0 U 27
29 0 U 28
30 1 U 29
31 0 U 30
32 1 U 5
33 0 U 32
34 0 U 33
35 1 U 16
36 0 U 35
37 0 L 9
38 1 U 10
39 1 U 38
40 0 U -1
41 0 L 12
42 0 L 15
43 0 U 42
44 1 L 32
45 1 U 6
46 0 U 8
47 1 L 38
48 0 U -1
49 1 U 46
50 0 L 28
51 1 L 8
52 0 U 14
53 1 U 52
54 1 L 3
55 1 U 54
56 1 U -1
57 1 U 56
58 1 L 16
59 1 U 58
60 0 U 59
61 0 U 60
62 0 U 61
63 1 U 16
64 1 U -1
65 1 U 64
66 0 L 12
67 1 U 35
68 1 L 14
69 0 U 68
70 0 U 69
71 0 U 43
72 0 U -1
73 1 U 72
74 0 U 37
75 1 L 19
76
0 1 L -1
1 0 U -1
2 1 U 1
3 0 U 2
4 0 U 0
5 1 U -1
6 0 U 5
7 1 U 3
8 1 U 7
9 1 L 3
10 0 U 9
11 0 U 10
12 1 U 11
13 1 U 12
14 0 U 10
15 0 U -1
16 0 L -1
17 0 U 16
18 1 U 17
19 0 U 18
20 1 U 8
21 1 U 20
22 0 U 2
23 1 U 0
24 0 U 22
25 0 U 24
26 1 U 25
27 1 U 6
28 0 U 27
29 0 U 28
30 1 U 29
31 0 U 30
32 0 U 22
33 1 L 32
34 0 U 33
35 1 U 16
36 1 L 32
37 0 L 9
38 0 U 6
39 0 U 22
40 0 U -1
41 0 L 12
42 0 U 41
43 0 U 42
44 1 L 32
45 1 U 6
46 0 U 8
47 1 L 38
48 0 U -1
49 1 U 46
50 0 L 28
51 0 L 11
52 0 U 51
53 1 U 52
54 0 L 30
55 1 U 54
56 1 U -1
57 1 U 56
58 1 L 16
59 1 U 58
60 0 U 59
61 0 U 60
62 0 U 61
63 1 U 16
64 1 U -1
65 1 U 64
66 0 L 12
67 0 U 66
68 1 L 14
69 0 U 68
70 0 U 69
71 1 L 12
72 0 U -1
73 1 U 72
74 0 U 37
75 1 L 19
76
0 1 L -1
1 0 U -1
2 1 L 0
3 0 U 2
4 0 U 0
5 1 U -1
6 0 U 5
7 1 L 4
8 1 U 7
9 1 L -1
10 0 U 9
11 0 U 10
12 1 U 11
13 1 U 12
14 0 U 10
15 0 U -1
16 0 L -1
17 0 U 16
18 1 L 4
19 0 U 18
20 0 U 4
21 1 U 20
22 0 U 2
23 1 U 0
24 0 U 22
25 0 U 24
26 1 U 25
27 1 U 6
28 0 U 27
29 0 U 28
30 1 U 29
31 0 U 30
32 0 U 22
33 1 L 32
34 0 U 33
35 1 U 16
36 1 L 32
37 0 L 9
38 0 U 6
39 0 U 22
40 0 U -1
41 0 L 39
42 0 U 41
43 0 U 42
44 1 L 32
45 1 U 6
46 0 U 8
47 1 L 38
48 0 U -1
49 1 U 46
50 0 L 28
51 0 L 11
52 1 L 31
53 1 U 52
54 0 L 30
55 1 U 54
56 1 U -1
57 1 U 56
58 1 L 16
59 1 U 58
60 0 U 59
61 0 U 60
62 0 U 61
63 1 U 16
64 1 U -1
65 1 U 64
66 0 L 12
67 0 U 66
68 1 L 14
69 0 U 68
70 0 U 69
71 1 U 51
72 0 U -1
73 1 U 72
74 0 U 37
75 1 L 19
76
0 1 L -1
1 0 U -1
2 1 U 1
3 0 U 2
4 0 U 0
5 1 U -1
6 0 U 5
7 1 U 3
8 1 U 7
9 1 L 3
10 0 U 9
11 0 U 10
12 1 U 11
13 1 U 10
14 0 U 10
15 0 U -1
16 0 L -1
17 0 U 16
18 1 U 17
19 0 U 18
20 1 U 8
21 0 L 14
22 0 U 2
23 1 U 0
24 0 U 22
25 0 U 24
26 1 U 25
27 1 U 6
28 0 U 27
29 0 U 9
30 1 U 29
31 0 U 30
32 0 U 22
33 1 L 32
34 1 U 31
35 1 U 21
36 1 L 32
37 0 L 9
38 0 U 6
39 0 U 22
40 0 U -1
41 0 L 12
42 0 U 41
43 0 U 42
44 1 L 32
45 1 U 6
46 0 U 8
47 1 L 38
48 0 U -1
49 1 U 46
50 1 U 36
51 0 L 11
52 0 U 51
53 1 U 52
54 0 L 30
55 1 U 54
56 0 L 46
57 1 U 56
58 1 L 16
59 1 U 58
60 0 U 59
61 0 U 60
62 0 U 61
63 1 U 16
64 1 U -1
65 1 U 64
66 0 L 12
67 0 U 66
68 1 L 14
69 0 U 68
70 0 U 69
71 1 L 12
72 1 L 37
73 1 U 72
74 0 U 37
75 1 L 19
76
0 1 U -1
1 0 U 0
2 1 U 1
3 0 U 2
4 0 U 0
5 1 U -1
6 0 U 5
7 1 U 3
8 1 U 7
9 1 L 3
10 0 U 9
11 0 U 10
12 1 U 11
13 1 U 12
14 1 U -1
15 0 U -1
16 0 L -1
17 0 U 16
18 1 U 17
19 1 U 7
20 1 U 8
21 1 U 20
22 0 U 2
23 1 U 0
24 0 U 22
25 0 U 24
26 1 U 25
27 1 U 6
28 0 L 10
29 0 L 28
30 1 U 29
31 0 U 30
32 0 U 22
33 1 L 32
34 0 U 33
35 1 U 16
36 1 L 32
37 0 L 9
38 0 U 6
39 0 U 22
40 0 U -1
41 0 L 12
42 0 U 41
43 0 U 42
44 1 L 32
45 1 U 6
46 0 U 8
47 1 L 38
48 0 U -1
49 1 U 46
50 0 L 28
51 0 L 11
52 0 U 51
53 1 U 52
54 0 L 30
55 1 U 54
56 1 U -1
57 1 U 56
58 1 L 16
59 1 U 58
60 0 U 59
61 0 U 60
62 0 U 61
63 1 U 16
64 1 U -1
65 1 U 37
66 0 L 12
67 0 U 66
68 1 L 14
69 0 L 15
70 0 U 69
71 0 U 70
72 0 U -1
73 1 U 72
74 0 U 37
75 1 L 19
76
0 1 L -1
1 0 U -1
2 1 U 1
3 0 U 2
4 0 U 0
5 1 U -1
6 0 U 5
7 1 U 3
8 1 U 7
9 1 L 3
10 0 U 7
11 1 U 9
12 1 U 11
13 1 U 12
14 1 L 8
15 0 U -1
16 0 L -1
17 0 U 16
18 1 U 17
19 0 U 18
20 1 U 8
21 1 U 20
22 0 U 2
23 1 U 0
24 0 U 22
25 0 U 24
26 1 U 25
27 1 U 6
28 0 U 27
29 0 U 28
30 1 U 29
31 0 U 30
32 0 U 22
33 1 L 32
34 0 U 33
35 1 U 16
36 1 L 32
37 0 L 9
38 0 U 6
39 0 U 22
40 0 U -1
41 0 L 21
42 0 U 41
43 0 U 42
44 1 L 32
45 0 U 15
46 0 U 20
47 1 L 38
48 0 U -1
49 1 U 46
50 0 L 28
51 0 L 11
52 0 U 51
53 1 U 52
54 0 L 30
55 1 U 54
56 1 U -1
57 1 U 56
58 1 L 16
59 1 U 58
60 0 U 59
61 0 U 60
62 0 U 61
63 1 L 35
64 1 U -1
65 0 U 38
66 0 L 12
67 0 U 66
68 1 L 14
69 0 U 68
70 0 U 69
71 1 L 12
72 0 U -1
73 1 U 72
74 0 U 37
75 1 L 19
76
0 1 L -1
1 0 U -1
2 1 U 1
3 0 U 2
4 0 U 0
5 1 U -1
6 0 U 5
7 1 U 3
8 1 U 7
9 1 L 3
10 1 U 1
11 0 U 10
12 1 U 11
13 1 U 12
14 0 U 10
15 0 U -1
16 0 L -1
17 0 U 8
18 0 L 16
19 0 U 18
20 1 U 8
21 1 U 20
22 0 L 8
23 1 U 0
24 0 U 22
25 0 U 24
26 1 U 25
27 0 L 10
28 0 U 27
29 0 U 28
30 1 U 29
31 0 U 30
32 1 L 5
33 1 L 32
34 0 U 33
35 1 U 16
36 1 L 32
37 0 L 9
38 0 U 6
39 0 U 22
40 0 U -1
41 0 L 12
42 0 U 41
43 0 U 42
44 1 L 32
45 1 U 6
46 0 U 22
47 1 L 38
48 0 U -1
49 0 U 25
50 0 L 48
51 0 L 11
52 1 L 10
53 1 U 52
54 0 L 42
55 1 U 54
56 1 U -1
57 1 U 56
58 1 L 16
59 1 U 58
60 0 U 59
61 0 U 59
62 0 U 61
63 1 U 16
64 1 U -1
65 1 U 64
66 0 L 12
67 0 U 66
68 1 L 14
69 0 U 68
70 0 U 69
71 0 L 39
72 0 U -1
73 1 U 72
74 0 U 37
75 1 L 10
76
0 1 L -1
1 0 U -1
2 1 U 1
3 0 U 2
4 0 U 0
5 1 U -1
6 0 U 5
7 0 U 6
8 1 U 7
9 1 L 3
10 0 U 9
11 0 U 10
12 1 U 11
13 1 U 12
14 0 U 10
15 0 U -1
16 0 L -1
17 0 U 16
18 1 U 17
19 0 U 1
20 1 U 8
21 1 U 20
22 0 L 7
23 1 U 0
24 0 U 22
25 0 U 24
26 1 U 25
27 0 L 25
28 0 U 27
29 0 U 28
30 1 U 29
31 0 U 30
32 0 U 22
33 1 L 32
34 0 U 33
35 1 U 16
36 1 L 32
37 0 L 9
38 0 U 6
39 0 U 22
40 0 U -1
41 0 L 12
42 0 U 41
43 0 U 42
44 1 L 32
45 1 U 34
46 0 U 8
47 1 L 38
48 0 U -1
49 1 U 46
50 0 L 28
51 0 L 11
52 0 U 51
53 1 U 52
54 0 L 30
55 1 U 54
56 1 U -1
57 1 U 56
58 1 L 16
59 1 U 58
60 0 U 59
61 0 U 60
62 0 U 61
63 1 U 16
64 1 U -1
65 1 U 64
66 0 L 12
67 0 U 66
68 0 L 63
69 0 L 31
70 1 U 63
71 1 L 12
72 0 U -1
73 1 U 72
74 0 U 37
75 1 L 19
76
0 1 L -1
1 0 U -1
2 1 U 1
3 0 U 2
4 0 U 0
5 1 U -1
6 0 U 5
7 1 U 3
8 1 U 7
9 1 L 3
10 0 U 9
11 0 U 10
12 1 U 11
13 1 U 12
14 0 U 10
15 0 U -1
16 0 L -1
17 0 U 16
18 0 U 1
19 0 L 10
20 1 U 8
21 1 L 20
22 0 U 2
23 1 U 0
24 0 U 22
25 0 U 24
26 1 U 25
27 1 U 6
28 0 U 27
29 0 U 28
30 1 U 29
31 0 U 30
32 1 U 16
33 1 L 32
34 0 U 33
35 1 U 16
36 1 L 32
37 0 L 9
38 1 L 1
39 0 U 22
40 0 U -1
41 0 L 12
42 0 U 41
43 0 U 42
44 1 L 32
45 1 U 6
46 0 U 8
47 1 L 38
48 0 U -1
49 1 U 46
50 0 L 28
51 0 L 11
52 0 U 51
53 1 U 52
54 1 L 1
55 1 U 54
56 1 U -1
57 1 U 56
58 1 L 16
59 1 U 58
60 0 U 59
61 0 U 60
62 0 U 61
63 1 U 41
64 1 U 59
65 1 U 64
66 0 L 12
67 0 U 66
68 1 L 14
69 0 U 68
70 0 U 69
71 0 U 22
72 0 U -1
73 1 U 72
74 0 U 37
75 0 L 42
76
0 1 L -1
1 0 U -1
2 1 U 1
3 0 U 2
4 0 U 0
5 1 U -1
6 0 U 5
7 1 U 3
8 1 U 7
9 1 L 3
10 0 U 9
11 0 U 10
12 1 U 11
13 1 U 12
14 0 U 10
15 0 U -1
16 0 L -1
17 0 U 16
18 1 U 17
19 0 U 18
20 1 U 8
21 1 U 20
22 0 U 2
23 1 U 0
24 0 U 22
25 0 U 24
26 1 U 25
27 1 U 6
28 0 U 27
29 0 U 28
30 1 U 29
31 0 U 30
32 0 U 22
33 1 L 32
34 0 U 33
35 1 U 16
36 1 L 32
37 0 L 9
38 0 U 6
39 0 U 22
40 0 L 26
41 0 L 12
42 0 U 41
43 0 U 42
44 1 L 32
45 1 U 6
46 0 U 8
47 1 L 38
48 0 U -1
49 1 U 46
50 0 L 31
51 0 L 11
52 0 U 51
53 1 L 51
54 0 L 30
55 1 U 54
56 1 U -1
57 1 U 56
58 0 L 51
59 0 L 0
60 0 U 59
61 0 U 60
62 0 U 61
63 1 U 16
64 1 U -1
65 1 U 64
66 0 L 12
67 0 U 66
68 1 L 14
69 0 U 68
70 0 U 69
71 1 L 12
72 0 U -1
73 1 U 72
74 0 U 37
75 1 L 19
76
0 1 L -1
1 0 U -1
2 1 U 1
3 0 U 2
4 0 U 0
5 1 U -1
6 0 U 5
7 1 U 3
8 1 U 7
9 1 L 3
10 0 U 9
11 0 U 10
12 1 U 11
13 1 U 2
14 0 U 10
15 0 U -1
16 0 L -1
17 0 U 16
18 1 U 17
19 0 U 18
20 1 U 8
21 1 U 20
22 0 U 13
23 0 U 21
24 0 U 22
25 0 U 24
26 1 L 23
27 1 U 6
28 0 U 27
29 0 U 28
30 1 U 29
31 0 U 30
32 0 U 22
33 1 L 32
34 1 L 16
35 1 U 16
36 1 L 32
37 0 L 9
38 0 U 6
39 0 U 22
40 0 U -1
41 0 L 12
42 0 U 41
43 0 U 42
44 1 L 32
45 1 U 6
46 0 L 14
47 1 L 38
48 0 U -1
49 1 U 46
50 0 L 28
51 0 L 11
52 0 U 51
53 1 U 52
54 0 L 30
55 1 U 54
56 1 U -1
57 1 U 56
58 1 L 16
59 1 U 58
60 0 U 59
61 0 U 3
62 0 U 61
63 1 U 16
64 0 U 48
65 1 U 64
66 0 L 12
67 0 U 66
68 1 L 14
69 0 U 68
70 0 L 9
71 1 L 12
72 1 U 67
73 1 U 72
74 0 U 37
75 1 L 19
76
0 1 L -1
1 0 U -1
2 1 U 1
3 0 U 2
4 0 U 0
5 1 U -1
6 0 U 5
7 1 U 3
8 0 U 5
9 1 L 3
10 0 U 9
11 0 U 10
12 1 U 11
13 1 U 12
14 0 U 10
15 0 U -1
16 0 L -1
17 0 U 16
18 1 U 10
19 0 U 18
20 1 U 8
21 1 U 20
22 1 L -1
23 1 U 0
24 0 U 20
25 0 U 24
26 1 U 25
27 1 U 6
28 0 U 27
29 1 L 0
30 1 U 29
31 0 U 30
32 0 U 22
33 1 L 32
34 0 U 33
35 1 U 16
36 1 L 32
37 0 L 9
38 0 U 6
39 0 U 22
40 1 U 2
41 0 L 22
42 0 U 41
43 0 U 42
44 1 L 32
45 1 L 11
46 0 U 8
47 1 L 38
48 0 U -1
49 1 U 46
50 0 L 28
51 0 L 11
52 0 U 51
53 1 U 52
54 0 L 30
55 1 U 54
56 1 U -1
57 1 U 56
58 1 L 16
59 1 U 58
60 0 U 59
61 0 U 60
62 0 U 61
63 1 U 16
64 1 U -1
65 1 U 64
66 0 L 12
67 1 U 60
68 1 L 14
69 0 U 68
70 0 U 69
71 1 L 12
72 1 L 42
73 1 U 72
74 0 U 37
75 1 L 19
76
0 1 L -1
1 0 U -1
2 1 U 1
3 0 U 2
4 0 U 0
5 1 U -1
6 0 U 5
7 1 U 3
8 1 U 7
9 1 L 3
10 0 U 9
11 0 U 10
12 1 U 11
13 1 U 12
14 0 U 10
15 0 U -1
16 0 L -1
17 0 U 16
18 1 U 17
19 0 U 18
20 1 U 8
21 1 U 20
22 0 U 2
23 1 U 0
24 0 U 22
25 0 U 24
26 1 U 25
27 1 U 6
28 0 U 27
29 0 U 28
30 1 U 29
31 0 U 30
32 0 U 22
33 0 U 16
34 0 U 33
35 1 U 16
36 1 L 32
37 0 L 9
38 0 U 6
39 0 U 22
40 0 U -1
41 0 L 12
42 0 U 41
43 0 U 42
44 1 L 32
45 1 U 6
46 0 U 8
47 1 L 38
48 0 U -1
49 1 U 46
50 0 L 28
51 0 L 11
52 0 U 51
53 0 U 38
54 0 L 30
55 1 U 54
56 1 U -1
57 1 U 56
58 1 L 16
59 1 U 58
60 0 U 59
61 0 U 17
62 0 U 61
63 1 U 16
64 1 U -1
65 1 U 64
66 0 L 12
67 0 U 66
68 1 L 14
69 0 U 68
70 0 U 69
71 1 L 12
72 0 U -1
73 1 U 72
74 0 U 37
75 1 L 19
76
0 0 L -1
1 1 L -1
2 1 U 1
3 0 U 2
4 0 U 0
5 1 U -1
6 0 U 5
7 1 U 3
8 1 U 7
9 1 L 3
10 0 U 9
11 0 U 10
12 1 U 11
13 1 U 12
14 0 U 10
15 0 U -1
16 1 U 15
17 0 U 16
18 1 U 17
19 0 U 18
20 1 U 8
21 1 U 20
22 0 U 2
23 1 U 0
24 0 U 22
25 0 U 24
26 1 U 25
27 0 L 24
28 0 U 27
29 0 U 28
30 1 U 29
31 0 U 30
32 0 U 22
33 1 L 32
34 1 L 22
35 1 U 16
36 1 L 32
37 0 L 9
38 0 U 6
39 0 U 22
40 0 U -1
41 0 L 12
42 0 U 41
43 0 U 30
44 1 L 32
45 1 U 6
46 0 U 8
47 1 L 38
48 0 U -1
49 1 U 46
50 0 L 28
51 0 L 11
52 0 U 51
53 1 U 52
54 0 L 30
55 1 U 54
56 1 U -1
57 1 U 56
58 1 L 16
59 1 U 58
60 0 U 59
61 0 U 60
62 0 L 54
63 1 U 16
64 1 U -1
65 0 L 14
66 0 L 12
67 0 U 66
68 1 L 14
69 0 U 68
70 0 U 69
71 1 L 12
72 0 U -1
73 1 L 47
74 0 U 37
75 1 L 19
76
0 1 L -1
1 0 U -1
2 1 U 1
3 0 U 2
4 0 U 0
5 1 U -1
6 1 U 1
7 1 U 3
8 1 U 7
9 1 L 3
10 0 U 9
11 0 U 10
12 1 U 11
13 1 U 12
14 1 U -1
15 0 U -1
16 0 L -1
17 0 U 16
18 1 U 17
19 0 U 18
20 1 U 8
21 1 U 20
22 0 U 2
23 0 L 15
24 0 U 22
25 0 U 24
26 1 U 25
27 1 U 6
28 0 U 27
29 1 L 22
30 0 L 6
31 0 U 30
32 0 U 22
33 1 L 32
34 0 L -1
35 1 U 16
36 1 L 32
37 0 L 9
38 0 U 6
39 0 U 22
40 0 U -1
41 0 L 12
42 0 U 41
43 0 U 42
44 1 L 32
45 1 U 6
46 0 U 8
47 1 U 15
48 0 U -1
49 1 U 46
50 0 U 22
51 0 L 11
52 0 U 51
53 1 U 52
54 0 L 30
55 1 U 54
56 1 U -1
57 1 U 56
58 1 L 16
59 1 U 58
60 0 U 59
61 0 U 60
62 0 U 61
63 1 U 16
64 1 U -1
65 1 U 34
66 0 L 12
67 0 U 66
68 1 L 14
69 0 U 68
70 0 U 69
71 1 L 12
72 0 U -1
73 1 U 29
74 0 U 37
75 1 L 19
76
0 1 L -1
1 0 U -1
2 1 U 1
3 0 U 2
4 0 U 0
5 1 U -1
6 0 U 5
7 1 U 3
8 1 U 7
9 1 L 3
10 0 U 9
11 0 U 10
12 1 U 11
13 1 U 12
14 0 U 10
15 0 U -1
16 0 L -1
17 0 L 4
18 1 U 17
19 0 U 18
20 1 U 8
21 1 U 20
22 0 U 2
23 1 U 0
24 0 U 22
25 0 U 24
26 1 U 25
27 1 U 6
28 0 U 27
29 0 U 28
30 1 U 29
31 0 U 30
32 0 U 22
33 1 L 32
34 0 U 33
35 1 U 16
36 1 L 32
37 0 L 9
38 0 U 6
39 0 U 22
40 0 U -1
41 0 L 22
42 0 U 41
43 0 U 42
44 1 L 32
45 1 U 6
46 0 L 32
47 1 L 20
48 0 U -1
49 1 L 31
50 0 L 28
51 0 L 11
52 0 U 51
53 1 U 52
54 0 L 30
55 1 U 54
56 1 L 53
57 1 U 56
58 1 L 16
59 1 U 58
60 0 U 59
61 0 U 60
62 0 U 61
63 1 U 16
64 1 U -1
65 1 U 64
66 0 L 12
67 0 U 66
68 1 L 14
69 0 U 68
70 0 U 69
71 0 U 29
72 0 U -1
73 1 U 72
74 0 U 37
75 1 L 19
76
0 1 L -1
1 0 U -1
2 0 U -1
3 0 U 2
4 0 U 0
5 1 U -1
6 0 U 5
7 1 U 3
8 1 U 7
9 1 L 3
10 0 U 9
11 0 U 10
12 1 U 11
13 0 U 6
14 0 U 10
15 0 U -1
16 0 L -1
17 0 U 16
18 1 U 17
19 0 U 18
20 1 U 8
21 1 U 20
22 0 U 2
23 1 U 0
24 0 U 22
25 0 U 24
26 1 U 25
27 1 U 6
28 0 U 27
29 0 U 28
30 1 U 29
31 0 U 30
32 0 U 22
33 1 L 32
34 1 L -1
35 0 U 26
36 1 L 19
37 0 L 9
38 0 U 6
39 0 U 22
40 0 U -1
41 0 L 12
42 0 U 41
43 0 U 42
44 1 L 32
45 1 U 6
46 0 U 8
47 1 L 38
48 0 U -1
49 1 U 46
50 0 L 28
51 0 L 11
52 0 U 51
53 1 U 52
54 0 L 30
55 1 U 54
56 1 U -1
57 1 U 56
58 1 L 16
59 1 U 58
60 0 U 59
61 0 U 60
62 0 U 61
63 1 U 16
64 1 U -1
65 0 U 25
66 0 L 12
67 0 U 66
68 0 L 54
69 0 U 68
70 0 U 69
71 1 L 12
72 0 U -1
73 1 U 72
74 0 U 37
75 1 L 19
76
0 1 L -1
1 0 L 0
2 1 U 1
3 0 U 2
4 0 U 0
5 1 U -1
6 0 U -1
7 1 U 3
8 1 U 7
9 0 U 7
10 0 U 9
11 0 U 10
12 1 U 11
13 1 L 8
14 0 U 10
15 0 U -1
16 0 L -1
17 1 U 0
18 1 U 17
19 0 U 18
20 0 L 11
21 0 L 0
22 0 U 2
23 1 U 0
24 1 L 2
25 0 U 24
26 1 U 25
27 1 U 6
28 0 U 27
29 0 U 28
30 1 U 29
31 0 U 30
32 0 U 22
33 1 L 32
34 0 U 33
35 1 U 16
36 1 L 32
37 0 L 9
38 0 L 37
39 0 U 22
40 0 U -1
41 0 L 12
42 0 U 41
43 0 U 42
44 1 L 32
45 1 U 6
46 0 U 8
47 1 L 38
48 0 U -1
49 1 U 46
50 0 L 28
51 0 L 11
52 1 L 21
53 1 U 52
54 0 L 30
55 1 U 54
56 1 U -1
57 1 U 56
58 1 L 16
59 1 U 58
60 0 U 59
61 0 U 60
62 0 U 61
63 1 U 16
64 1 U -1
65 0 U 34
66 0 L 12
67 0 U 66
68 1 L 14
69 0 U 68
70 0 U 69
71 1 L 12
72 0 U -1
73 1 U 72
74 0 U 37
75 1 L 19
76
0 1 L -1
1 1 U -1
2 1 U 1
3 0 U 2
4 0 U 0
5 1 U -1
6 0 U 5
7 1 U 3
8 1 U 7
9 1 L 3
10 0 U 9
11 0 U 10
12 1 U 11
13 1 U 12
14 0 U 10
15 0 U -1
16 0 L -1
17 0 U 16
18 1 U 17
19 0 U 18
20 1 U 8
21 1 U 20
22 0 U 2
23 1 U 0
24 0 U 22
25 0 U 24
26 1 L 9
27 1 U 6
28 0 U 27
29 0 U 28
30 1 U 29
31 0 U 30
32 0 U 22
33 1 L 32
34 0 U 33
35 1 U 16
36 1 L 32
37 0 L 9
38 0 U 6
39 0 U 22
40 0 U -1
41 0 L 12
42 0 U 41
43 0 U 42
44 1 L 3
45 1 U 6
46 0 U 8
47 1 L 38
48 0 U -1
49 1 U 46
50 0 L 28
51 0 L 11
52 0 U 51
53 1 U 52
54 0 L 30
55 1 U 54
56 1 U -1
57 1 U 56
58 1 L 16
59 1 U 58
60 0 U 59
61 0 U 60
62 0 U 61
63 1 U 16
64 1 U -1
65 1 U 64
66 0 L 12
67 0 U 66
68 1 L 14
69 0 U 68
70 0 U 69
71 1 L 12
72 0 U -1
73 1 U 72
74 0 U 37
75 1 L 9
76
0 0 L -1
1 0 U -1
2 1 U 1
3 0 U 2
4 0 U 0
5 1 U -1
6 0 U 5
7 1 U 3
8 1 U 7
9 1 L 3
10 0 U 9
11 0 U 10
12 1 U 11
13 1 U 12
14 0 U 10
15 0 U -1
16 0 L -1
17 0 U 16
18 1 U 17
19 0 U 18
20 1 U 8
21 1 U 20
22 0 U 2
23 1 U 0
24 0 U 22
25 0 U 24
26 1 U 25
27 1 U 6
28 0 U 12
29 0 U 28
30 1 U 29
31 0 U 30
32 0 U 22
33 1 L 32
34 0 U 33
35 1 U 16
36 1 L 32
37 0 L 6
38 0 U 6
39 0 U 22
40 0 L 25
41 0 L 12
42 0 U 41
43 0 U 42
44 1 L 32
45 1 U 6
46 0 U 8
47 1 L 38
48 0 U -1
49 1 U 46
50 0 L 28
51 0 L 11
52 0 U 51
53 1 U 52
54 0 L 30
55 1 U 54
56 1 U -1
57 1 U 56
58 1 L 16
59 1 U 58
60 0 U 59
61 0 U 60
62 0 U 36
63 1 U 16
64 1 U -1
65 1 U 64
66 0 L 12
67 0 U 66
68 1 L 14
69 0 U 68
70 0 U 69
71 1 L 12
72 0 U -1
73 1 U 72
74 1 L 53
75 1 L 19
76
0 1 L -1
1 0 U -1
2 1 U 1
3 0 U 2
4 0 U 0
5 1 U -1
6 0 U 5
7 1 U 3
8 1 U 7
9 1 L 3
10 0 U 9
11 0 U 10
12 1 U 11
13 1 U 12
14 0 U 10
15 0 U 4
16 0 L -1
17 0 U 16
18 1 U 17
19 0 U 18
20 1 U 8
21 1 U 20
22 0 U 2
23 1 U 0
24 0 U 22
25 0 U 24
26 1 U 25
27 1 U 6
28 0 U 27
29 0 U 28
30 1 U 29
31 0 U 30
32 0 U 22
33 1 L 32
34 0 U 33
35 1 U 16
36 1 L 32
37 0 L 9
38 0 U 6
39 0 U 22
40 0 U -1
41 0 L 12
42 0 U 41
43 0 U 42
44 1 L 32
45 1 U 6
46 0 U 8
47 1 L 38
48 0 U -1
49 1 U 46
50 0 L 28
51 0 L 11
52 1 U 29
53 1 U 52
54 0 L 30
55 1 U 54
56 1 U -1
57 1 U 56
58 1 U 55
59 1 U 58
60 0 U 59
61 0 L 60
62 0 U 61
63 1 U 16
64 1 U -1
65 1 U 64
66 0 L 12
67 0 U 66
68 1 L 14
69 0 U 68
70 0 U 69
71 1 L 12
72 0 U -1
73 1 U 72
74 0 U 37
75 1 L 19
76
0 1 L -1
1 0 U -1
2 1 U 1
3 0 U 2
4 0 L 0
5 1 U -1
6 0 U 5
7 1 U 3
8 1 U 7
9 1 L 3
10 1 L 4
11 0 U 10
12 1 U 11
13 1 U 12
14 0 U 10
15 0 U -1
16 0 L -1
17 0 U 16
18 1 U 17
19 0 U 18
20 1 U 8
21 1 U 20
22 0 U 2
23 1 U 0
24 0 U 22
25 0 U 24
26 1 U 25
27 1 U 6
28 0 U 27
29 0 U 28
30 1 U 29
31 0 U 30
32 0 U 22
33 1 L 32
34 1 L 8
35 1 U 16
36 1 L 32
37 0 L 9
38 0 U 6
39 0 U 22
40 0 U -1
41 0 L 12
42 0 U 41
43 0 U 42
44 1 L 32
45 1 U 6
46 0 U 8
47 1 L 29
48 0 U -1
49 1 U 46
50 0 L 28
51 0 L 11
52 0 U 51
53 1 U 52
54 0 L 30
55 1 U 54
56 1 U -1
57 1 U 56
58 1 L 16
59 1 U 58
60 0 U 59
61 0 U 60
62 1 U 12
63 1 U 16
64 1 U -1
65 1 U 64
66 0 L 12
67 0 U 66
68 1 L 14
69 1 L 58
70 0 U 69
71 1 L 12
72 0 U -1
73 1 U 72
74 0 U 37
75 0 L 30
76
0 1 L -1
1 0 U -1
2 1 U 1
3 0 U 2
4 0 U 0
5 1 U -1
6 0 U 5
7 1 U 3
8 1 U 7
9 1 L 3
10 0 U 9
11 0 U 10
12 1 U 11
13 1 U 12
14 0 U 13
15 0 U -1
16 0 L -1
17 0 L 3
18 1 U 17
19 0 U 18
20 1 U 8
21 1 U 20
22 0 U 2
23 1 U 0
24 0 U 22
25 0 U 24
26 1 U 25
27 1 U 6
28 0 U 27
29 0 U 28
30 1 U 29
31 0 U 30
32 0 U 22
33 1 L 32
34 0 U 33
35 1 U 16
36 1 L 32
37 0 L 9
38 0 U 6
39 0 U 22
40 0 U -1
41 0 L 12
42 0 U 41
43 0 U 42
44 1 L 32
45 1 U 6
46 0 U 8
47 1 L 38
48 0 L 12
49 1 U 46
50 0 L 28
51 0 L 11
52 0 U 51
53 1 U 52
54 0 U 5
55 1 U 54
56 1 U -1
57 1 U 56
58 1 L 16
59 1 U 58
60 0 U 59
61 0 U 60
62 0 U 61
63 1 U 16
64 1 U -1
65 1 U 64
66 0 L 12
67 0 U 66
68 1 L 14
69 0 U 68
70 0 U 69
71 1 L 12
72 0 U -1
73 1 L 24
74 0 U 37
75 1 L 19
76
0 1 L -1
1 1 U 0
2 1 U 1
3 0 U 2
4 0 U 0
5 1 U -1
6 0 U 5
7 1 U 3
8 1 U 7
9 1 L 3
10 0 U 9
11 0 U 10
12 1 U 11
13 1 U 12
14 0 U 10
15 0 U -1
16 0 L 0
17 0 U 16
18 1 U 17
19 0 U 18
20 1 L 3
21 1 U 20
22 0 U 2
23 1 U 0
24 0 U 22
25 0 U 24
26 1 U 6
27 1 U 6
28 0 U 27
29 0 U 28
30 1 U 29
31 0 U 30
32 0 U 22
33 1 L 32
34 0 U 33
35 1 U 16
36 1 L 32
37 0 L 9
38 0 L 13
39 0 U 22
40 0 U -1
41 0 L 12
42 0 U 41
43 0 U 42
44 1 L 32
45 1 U 6
46 0 U 8
47 1 L 38
48 0 U -1
49 1 U 46
50 0 L 28
51 0 L 11
52 0 U 51
53 1 U 52
54 0 L 30
55 1 U 54
56 1 U -1
57 1 U 56
58 1 L 16
59 1 U 58
60 0 U 59
61 0 U 60
62 0 U 5
63 1 U 16
64 0 U 21
65 0 U 31
66 0 L 12
67 1 U 65
68 1 L 14
69 0 U 68
70 0 U 69
71 1 L 12
72 0 L -1
73 1 U 72
74 0 L 21
75 1 U 51
76
0 1 L -1
1 0 U -1
2 0 U -1
3 0 U 2
4 0 U 0
5 1 U -1
6 0 U 5
7 1 U 3
8 1 U 7
9 1 L 3
10 0 U 9
11 1 L 3
12 1 U 11
13 1 U 12
14 0 U 10
15 0 U -1
16 0 L -1
17 0 U 16
18 1 U 17
19 0 U 18
20 1 U 8
21 1 U 20
22 0 U 2
23 1 U 0
24 0 U 22
25 0 U 24
26 1 U 25
27 1 U 6
28 0 U 27
29 0 U 28
30 1 U 29
31 0 U 30
32 1 L 9
33 1 L 32
34 0 U 33
35 1 U 16
36 1 L 32
37 0 L 9
38 0 U 6
39 0 U 22
40 0 U -1
41 0 L 12
42 0 U 41
43 0 U 42
44 1 L 32
45 1 U 6
46 1 U 2
47 1 L 38
48 0 U -1
49 1 L 26
50 0 L 28
51 0 L 11
52 0 U 51
53 1 U 52
54 0 L 30
55 1 U 54
56 1 U -1
57 1 U 56
58 1 L 16
59 1 U 58
60 0 U 59
61 0 U 60
62 0 U 61
63 1 U 16
64 1 U -1
65 0 L 13
66 0 L 12
67 0 U 66
68 1 L 14
69 0 U 68
70 0 U 69
71 1 L 12
72 0 U -1
73 1 U 72
74 0 U 37
75 1 L 53
