90
0 1 U -1
1 0 U 0
2 0 U 1
3 1 U 2
4 1 U 3
5 0 U 4
6 0 U 5
7 0 U 6
8 0 U 7
9 0 U -1
10 1 U 9
11 0 U 10
12 1 U 11
13 0 U 12
14 1 U 13
15 0 U 14
16 0 U 15
17 1 U 16
18 0 U -1
19 1 U 18
20 0 U 19
21 1 U 20
22 0 U 21
23 1 U 22
24 1 U 23
25 1 U 24
26 1 U 25
27 0 U -1
28 1 U 27
29 1 U 28
30 1 U 29
31 0 U 30
32 0 U 31
33 0 U 32
34 1 U 33
35 1 U 34
36 1 U -1
37 0 U 36
38 1 U 37
39 0 U 38
40 1 U 39
41 0 U 40
42 1 U 41
43 0 U 42
44 0 U 43
45 1 U -1
46 1 U 45
47 0 U 46
48 1 U 47
49 1 U 48
50 0 U 49
51 0 U 50
52 1 U 51
53 1 U 52
54 0 U -1
55 0 U 54
56 0 U 55
57 0 U 56
58 0 U 57
59 1 U 58
60 1 U 59
61 0 U 60
62 1 U 61
63 0 U -1
64 0 U 63
65 1 U 64
66 1 U 65
67 0 U 66
68 1 U 67
69 0 U 68
70 1 U 69
71 0 U 70
72 0 U -1
73 0 U 72
74 1 U 73
75 0 U 74
76 0 U 75
77 1 U 76
78 0 U 77
79 1 U 78
80 1 U 79
81 1 U -1
82 0 U 81
83 0 U 82
84 0 U 83
85 1 U 84
86 0 U 85
87 1 U 86
88 0 U 87
89 0 U 88
90
0 1 U -1
1 0 U 0
2 0 U 1
3 1 U 2
4 1 U 3
5 0 U 4
6 0 U 5
7 0 U 6
8 0 U 7
9 0 U -1
10 1 U 9
11 0 U 10
12 1 U 11
13 0 U 12
14 1 U 13
15 0 U 14
16 0 U 15
17 1 U 16
18 0 U -1
19 1 U 18
20 0 U 19
21 1 U 20
22 0 U 21
23 1 U 22
24 1 U 23
25 1 U 24
26 1 U 25
27 0 U -1
28 1 U 27
29 1 U 28
30 1 U 29
31 0 U 30
32 0 L 4
33 0 U 32
34 1 U 33
35 1 L 9
36 1 U -1
37 0 U 36
38 1 U 37
39 0 U 38
40 1 U 39
41 0 U 40
42 0 U 5
43 0 U 42
44 0 U 43
45 1 U -1
46 1 U 45
47 0 U 46
48 1 U 47
49 1 U 48
50 0 U 49
51 0 U 50
52 0 U 9
53 1 L 1
54 0 U -1
55 0 U 54
56 0 U 55
57 0 U 56
58 0 U 57
59 1 U 58
60 1 L 50
61 1 U 32
62 1 U 61
63 0 U -1
64 0 U 63
65 1 U 64
66 1 U 65
67 0 U 66
68 1 U 67
69 0 U 68
70 1 U 69
71 0 U 70
72 0 U -1
73 0 U 72
74 1 U 73
75 0 U 74
76 0 U 75
77 0 U 38
78 0 U 77
79 1 U 78
80 1 U 79
81 1 U -1
82 0 U 81
83 0 U 82
84 0 U 83
85 1 U 59
86 0 U 85
87 1 U 86
88 0 U 87
89 0 U 88
90
0 1 U -1
1 0 U 0
2 0 U 1
3 1 U 2
4 1 U 3
5 0 U 4
6 0 U 5
7 1 U 0
8 0 U 7
9 0 U -1
10 1 U 9
11 0 U 10
12 1 U 11
13 0 U 12
14 1 U 13
15 0 U 14
16 0 U 7
17 1 U 16
18 0 U -1
19 1 U 18
20 0 U 19
21 1 U 20
22 0 U 21
23 1 U 22
24 1 U 23
25 1 U 24
26 1 U 25
27 0 U -1
28 1 U 27
29 1 U 28
30 1 U 29
31 0 U 30
32 0 L 4
33 0 U 32
34 1 U 33
35 1 L 9
36 1 U -1
37 0 U 36
38 1 U 37
39 1 U 3
40 1 U 39
41 0 U 40
42 0 U 5
43 0 U 42
44 0 U 43
45 1 U -1
46 1 U 45
47 0 U 46
48 1 U 47
49 1 U 48
50 0 U 49
51 0 U 50
52 0 U 9
53 0 L 29
54 0 U -1
55 0 U 54
56 0 U 55
57 0 U 56
58 0 U 57
59 1 U 58
60 1 L 50
61 1 U 32
62 1 U 61
63 0 U -1
64 0 U 63
65 1 U 64
66 1 U 65
67 0 U 66
68 1 U 67
69 0 U 68
70 1 U 69
71 0 U 70
72 0 U -1
73 0 U 72
74 1 U 73
75 0 U 74
76 0 U 75
77 0 U 38
78 0 U 77
79 1 U 19
80 0 U 70
81 1 U -1
82 0 U 81
83 0 U 82
84 0 U 83
85 1 U 59
86 0 U 85
87 1 U 86
88 0 U 87
89 0 U 88
90
0 1 U -1
1 0 U 0
2 0 U 1
3 1 U 2
4 1 U 3
5 0 U 4
6 1 U 3
7 0 U 6
8 0 U 7
9 0 U -1
10 1 U 9
11 0 U 10
12 1 U 11
13 0 U 12
14 1 U 13
15 0 U 14
16 0 U 15
17 1 U 16
18 0 U -1
19 1 U 18
20 0 U 19
21 1 U 20
22 0 U 21
23 1 U 22
24 1 U 23
25 1 U 24
26 1 U 25
27 1 U 17
28 1 U 27
29 0 U 25
30 1 U 29
31 0 U 30
32 0 L 4
33 0 U 32
34 1 U 33
35 1 L 9
36 1 U -1
37 0 L 23
38 1 U 37
39 0 U 38
40 1 U 39
41 0 U 40
42 0 U 5
43 0 U 42
44 0 U 43
45 1 U -1
46 1 U 45
47 1 L 0
48 1 U 47
49 1 U 48
50 0 U 49
51 0 U 50
52 0 U 9
53 1 L 1
54 0 U -1
55 0 U 54
56 0 U 55
57 0 U 56
58 0 U 57
59 1 U 58
60 1 L 50
61 1 U 32
62 1 U 61
63 1 U 4
64 0 L 42
65 1 U 64
66 1 U 65
67 0 U 59
68 1 U 67
69 0 U 68
70 1 U 69
71 0 U 70
72 0 U -1
73 0 U 72
74 1 U 73
75 0 U 74
76 0 U 75
77 0 L 23
78 0 U 77
79 1 U 78
80 1 U 79
81 1 U -1
82 0 U 81
83 0 U 82
84 0 U 83
85 1 U 59
86 0 U 85
87 1 U 17
88 0 U 87
89 0 U 88
90
0 1 U -1
1 0 U 0
2 0 U 1
3 1 U 2
4 0 L -1
5 0 U 4
6 1 U 3
7 0 U 6
8 0 U 7
9 0 U 0
10 1 U 9
11 0 U 10
12 1 U 11
13 0 U 12
14 1 U 13
15 0 U 14
16 0 U 15
17 1 U 16
18 0 U -1
19 1 U 18
20 0 U 19
21 1 U 20
22 0 U 21
23 1 U 22
24 1 U 23
25 1 U 24
26 1 U 25
27 0 U -1
28 1 U 27
29 1 U 28
30 1 U 29
31 0 U 30
32 0 L 4
33 0 U 32
34 1 U 33
35 0 L 25
36 1 U -1
37 0 U 36
38 1 U 37
39 0 U 38
40 1 U 39
41 1 L 27
42 0 U 5
43 0 U 42
44 0 U 43
45 1 U -1
46 1 U 9
47 0 U 46
48 1 U 47
49 1 U 48
50 0 U 49
51 0 U 50
52 0 U 9
53 0 U 8
54 1 U 27
55 0 U 54
56 0 U 55
57 0 U 56
58 0 U 57
59 1 U 58
60 1 L 50
61 1 U 32
62 1 U 61
63 0 U -1
64 0 U 63
65 1 U 64
66 1 U 65
67 0 U 66
68 0 L 45
69 0 U 68
70 1 U 69
71 0 U 70
72 0 U -1
73 0 U 72
74 1 U 73
75 0 U 74
76 0 U 75
77 0 U 38
78 0 U 77
79 1 U 78
80 1 U 79
81 1 U -1
82 0 L 40
83 0 U 82
84 0 U 83
85 1 U 59
86 0 U 85
87 1 U 86
88 0 U 87
89 1 L 11
90
0 1 U -1
1 0 U 0
2 0 U 1
3 1 U 2
4 1 L 1
5 0 U 4
6 0 U 5
7 0 U 6
8 0 U 7
9 0 U -1
10 1 U 9
11 0 U 10
12 1 U 11
13 0 U 12
14 1 U 13
15 0 U 14
16 0 U 15
17 1 U 16
18 0 U -1
19 1 U 18
20 0 U 19
21 0 L 16
22 0 U 21
23 1 U 22
24 1 U 23
25 1 U 24
26 1 U 25
27 0 U -1
28 1 U 27
29 1 U 28
30 1 U 29
31 0 U 30
32 0 L 4
33 0 U 32
34 1 L 0
35 1 L 9
36 1 U -1
37 0 U 36
38 1 U 37
39 0 U 38
40 1 U 39
41 0 U -1
42 0 U 5
43 0 U 42
44 0 U 43
45 1 U -1
46 1 U 45
47 0 U 46
48 1 U 47
49 1 U 48
50 0 U 49
51 0 U 50
52 0 U 9
53 1 L 1
54 0 U -1
55 0 U 54
56 0 U 55
57 0 U 56
58 0 U 57
59 1 U 58
60 1 L 50
61 1 U 32
62 1 U 61
63 0 U -1
64 0 U 63
65 0 U -1
66 1 U 65
67 0 U 66
68 1 U 67
69 1 L 17
70 1 U 69
71 0 U 70
72 0 U -1
73 0 U 72
74 1 U 73
75 0 U 74
76 0 U 75
77 1 U 72
78 0 U 77
79 1 U 78
80 1 U 79
81 1 U -1
82 0 U 81
83 0 U 82
84 0 U 83
85 1 U 59
86 0 U 85
87 1 U 86
88 0 U 87
89 0 U 88
90
0 1 U -1
1 0 U 0
2 0 U 1
3 1 U 2
4 1 L 1
5 0 U 4
6 1 L 1
7 0 U 6
8 0 U 1
9 0 U -1
10 1 U 9
11 0 U 10
12 1 U 11
13 0 U 12
14 1 U 13
15 0 U 14
16 0 U 15
17 1 U 16
18 0 U -1
19 1 U 18
20 0 U 19
21 0 L 16
22 0 U 21
23 1 U 22
24 1 U 23
25 1 U 24
26 1 U 25
27 0 U -1
28 1 U 27
29 0 L 9
30 1 U 29
31 0 U 30
32 0 L 4
33 0 U 32
34 1 L 0
35 1 L 9
36 1 U -1
37 0 U 36
38 1 U 37
39 0 U 38
40 1 U 39
41 0 U -1
42 0 U 5
43 0 U 42
44 0 U 43
45 1 U -1
46 1 U 45
47 0 U 46
48 0 U 39
49 0 L 30
50 0 U 49
51 0 U 50
52 0 U 9
53 1 L 1
54 0 U -1
55 0 U 54
56 0 U 55
57 0 U 56
58 0 U 57
59 1 U 58
60 1 L 50
61 0 L 17
62 1 U 61
63 0 U -1
64 0 U 63
65 0 U -1
66 1 U 65
67 0 U 66
68 1 U 67
69 1 L 17
70 1 U 69
71 0 U 70
72 0 U -1
73 0 U 72
74 1 U 73
75 0 U 74
76 0 U 75
77 1 U 72
78 0 U 77
79 1 U 78
80 1 U 79
81 1 U -1
82 0 U 81
83 0 U 82
84 0 U 83
85 1 U 59
86 0 U 85
87 1 U 86
88 0 U 87
89 0 U 88
90
0 1 U -1
1 0 U 0
2 0 U 1
3 0 U -1
4 1 L 1
5 0 U 4
6 0 U 5
7 0 U 6
8 0 U 7
9 0 U -1
10 1 U 9
11 0 U 10
12 0 L 10
13 0 U 12
14 0 U 4
15 0 U 14
16 1 U 10
17 1 U 16
18 0 U -1
19 1 U 18
20 0 L 8
21 0 L 16
22 0 U 21
23 1 U 22
24 1 U 23
25 1 U 24
26 1 U 25
27 0 U -1
28 1 U 27
29 1 U 28
30 1 U 29
31 0 U 30
32 0 L 4
33 0 U 32
34 1 L 0
35 1 L 9
36 0 U 34
37 0 U 36
38 1 U 37
39 0 U 38
40 1 U 39
41 0 U -1
42 0 U 5
43 0 U 42
44 0 U 43
45 1 U -1
46 1 U 45
47 0 U 46
48 1 U 47
49 1 U 48
50 0 U 49
51 0 U 50
52 0 U 9
53 1 L 1
54 0 U -1
55 0 L 15
56 0 U 55
57 0 U 56
58 0 U 57
59 1 U 58
60 1 L 50
61 1 L 56
62 1 U 61
63 0 U -1
64 0 U 63
65 1 L 7
66 1 U 10
67 0 U 8
68 1 U 67
69 0 L 37
70 1 U 69
71 0 U 70
72 1 U 71
73 0 U 72
74 1 U 73
75 0 U 74
76 0 U 75
77 1 U 72
78 0 U 77
79 1 U 78
80 0 L 1
81 1 U -1
82 0 U 81
83 0 U 82
84 0 U 83
85 1 U 59
86 0 U 85
87 1 U 86
88 0 U 87
89 0 U 88
90
0 1 U -1
1 0 U 0
2 0 U 1
3 1 U 2
4 1 L 1
5 0 U 4
6 0 U 5
7 0 U 6
8 0 U 7
9 0 U -1
10 1 U 9
11 0 U 10
12 1 U 11
13 0 U 12
14 0 U 6
15 0 U 14
16 0 U 15
17 1 U 16
18 1 L 12
19 1 U 18
20 0 U 19
21 0 L 16
22 0 U 21
23 1 U 22
24 1 U 23
25 1 U 1
26 1 U 25
27 0 U -1
28 1 U 27
29 0 L 25
30 1 U 29
31 0 U 30
32 0 L 4
33 0 U 32
34 1 L 0
35 1 L 9
36 1 L 30
37 0 U 36
38 1 U 37
39 0 U 38
40 1 U 39
41 0 U -1
42 0 U 5
43 0 L 35
44 0 U 43
45 1 U -1
46 1 U 45
47 0 U 46
48 1 U 47
49 1 L 15
50 1 L 6
51 0 U 50
52 0 U 9
53 0 L 0
54 0 U -1
55 0 U 54
56 0 U 55
57 0 U 56
58 0 U 57
59 1 U 58
60 1 L 50
61 1 U 32
62 1 U 61
63 0 U -1
64 0 U 63
65 0 U -1
66 1 U 65
67 0 U 66
68 1 U 67
69 1 L 17
70 1 U 69
71 0 U 70
72 0 U -1
73 0 U 72
74 1 U 27
75 1 U 4
76 0 U 75
77 1 U 72
78 0 U 77
79 1 U 78
80 1 U 79
81 1 U -1
82 0 U 81
83 0 U 82
84 0 U 83
85 1 U 59
86 0 U 85
87 1 U 86
88 0 U 87
89 0 U 88
90
0 1 U -1
1 0 U 0
2 0 U 1
3 1 U 2
4 1 L 1
5 0 U 4
6 0 L 5
7 0 U 6
8 0 U 7
9 0 U -1
10 1 U 9
11 0 U 10
12 1 U 11
13 0 U 12
14 1 U 13
15 0 U 14
16 0 U 15
17 0 U 5
18 0 U -1
19 1 U 18
20 0 U 19
21 0 L 16
22 0 U 21
23 1 U 22
24 1 U 23
25 1 U 24
26 1 U 25
27 0 U -1
28 1 L -1
29 1 U 28
30 1 U 29
31 0 U 30
32 0 L 4
33 0 U 32
34 1 L 0
35 1 U 23
36 1 U -1
37 0 U 36
38 1 U 37
39 0 U 38
40 1 U 39
41 0 U -1
42 0 U 5
43 0 U 42
44 0 U 43
45 1 U -1
46 1 U 45
47 0 U 46
48 1 U 47
49 1 U 48
50 0 U 49
51 0 U 50
52 0 U 9
53 1 L 1
54 0 U 6
55 0 U 54
56 0 U 55
57 0 U 56
58 0 U 57
59 1 U 58
60 1 L 50
61 0 U 43
62 1 U 61
63 0 U -1
64 0 U 63
65 0 U -1
66 1 U 65
67 0 U 66
68 1 U 67
69 0 U 58
70 1 U 69
71 0 U 70
72 0 U -1
73 0 U 72
74 1 U 73
75 0 U 74
76 0 U 75
77 1 U 72
78 0 U 77
79 1 U 78
80 1 U 79
81 1 U -1
82 0 U 81
83 0 U 82
84 0 U 83
85 0 U 60
86 0 U 85
87 1 U 86
88 0 U 87
89 0 U 88
90
0 1 L -1
1 0 U 0
2 0 U 0
3 1 U 2
4 1 L 1
5 0 U 4
6 0 U 5
7 0 U 6
8 0 L -1
9 0 U -1
10 1 U 9
11 0 U 10
12 1 U 11
13 0 U 12
14 1 U 13
15 0 U 14
16 0 U 15
17 1 U 16
18 1 U -1
19 1 U 18
20 0 U 19
21 0 L 16
22 0 U 21
23 1 U 22
24 1 U 23
25 1 U 24
26 1 U 25
27 0 U -1
28 1 U 27
29 1 U 28
30 1 U 29
31 0 U 30
32 0 L 4
33 0 U 32
34 1 L 0
35 1 L 9
36 1 U -1
37 0 L 22
38 1 U 37
39 0 U 38
40 1 U 39
41 1 L 7
42 0 U 5
43 0 U 42
44 0 U 43
45 1 U -1
46 1 U 45
47 0 U 46
48 1 U 47
49 1 U 48
50 0 U 49
51 0 L 40
52 0 U 9
53 1 L 1
54 0 U -1
55 0 U 54
56 0 U 55
57 0 U 56
58 0 U 57
59 0 U 14
60 1 U 32
61 1 U 32
62 1 U 61
63 0 U -1
64 0 U 63
65 0 U -1
66 0 L 37
67 0 U 66
68 1 U 67
69 1 L 17
70 1 U 69
71 1 L 21
72 0 U -1
73 0 U 72
74 1 U 73
75 0 U 74
76 0 U 75
77 1 U 72
78 0 U 77
79 1 U 78
80 1 U 79
81 1 U -1
82 0 U 81
83 0 U 82
84 0 U 32
85 1 U 59
86 0 U 85
87 1 U 86
88 0 U 87
89 0 U 88
90
0 0 U -1
1 0 U 0
2 0 U 1
3 1 U 2
4 1 L 1
5 1 L -1
6 0 U 5
7 0 U 6
8 0 L -1
9 1 L -1
10 0 U 7
11 0 L 2
12 1 U 7
13 0 U 12
14 1 U 13
15 0 U 14
16 0 U 15
17 1 U 16
18 1 U -1
19 1 U 18
20 0 L 2
21 0 L 16
22 0 U 21
23 1 U 22
24 1 U 23
25 1 U 24
26 1 L 22
27 0 U -1
28 1 U 27
29 1 U 28
30 1 U 29
31 0 U 30
32 0 L 4
33 0 U 32
34 1 L 0
35 1 L 9
36 1 U -1
37 0 L 22
38 1 U 37
39 0 U 38
40 1 U 39
41 1 L 7
42 0 U 5
43 0 U 42
44 0 U 43
45 1 U -1
46 1 U 45
47 0 U 46
48 1 U 47
49 1 U 48
50 0 U 49
51 0 U 16
52 0 U 9
53 1 L 1
54 0 U -1
55 0 U 54
56 0 U 55
57 1 U 45
58 0 U 57
59 0 U 14
60 1 U 32
61 1 U 32
62 0 U 23
63 0 U -1
64 0 U 54
65 0 U -1
66 0 L 37
67 0 U 66
68 1 U 67
69 1 L 17
70 1 U 69
71 1 L 21
72 0 U -1
73 0 U 72
74 1 U 73
75 0 U 74
76 0 U 75
77 1 U 72
78 0 U 77
79 1 U 78
80 1 U 79
81 1 U -1
82 0 U 81
83 0 U 82
84 0 U 32
85 1 U 59
86 0 U 85
87 1 U 86
88 0 U 87
89 0 U 88
90
0 0 U -1
1 0 U 0
2 0 U 1
3 1 U 2
4 1 L 1
5 1 L -1
6 0 U 5
7 0 U 6
8 0 L -1
9 1 L -1
10 0 U 7
11 0 L 2
12 0 U 10
13 0 U 12
14 1 U 13
15 0 U 14
16 0 U 15
17 0 L 4
18 1 U -1
19 0 L 16
20 0 L 2
21 0 L 16
22 0 U 21
23 1 U 22
24 1 U 23
25 1 U 24
26 0 U 18
27 0 U -1
28 1 U 27
29 1 U 28
30 1 U 29
31 0 U 30
32 0 L 4
33 0 U 32
34 1 L 32
35 1 L 9
36 1 U -1
37 0 L 22
38 1 U 37
39 0 U 38
40 1 U 39
41 1 L 19
42 0 U 5
43 0 U 42
44 0 U 43
45 1 U -1
46 1 U 45
47 0 U 46
48 1 U 47
49 1 U 48
50 0 U 49
51 0 U 16
52 0 U 9
53 1 L 1
54 0 U -1
55 0 U 54
56 0 U 55
57 1 U 45
58 0 U 57
59 0 U 14
60 1 U 32
61 1 U 32
62 0 U 23
63 0 U -1
64 0 U 54
65 0 U -1
66 1 U 65
67 0 U 66
68 1 U 67
69 1 L 17
70 1 U 69
71 1 L 21
72 0 U -1
73 0 U 72
74 1 U 73
75 0 U 74
76 0 U 75
77 1 U 72
78 0 U 77
79 1 U 78
80 1 U 79
81 1 U -1
82 0 U 81
83 0 U 82
84 0 U 32
85 1 U 59
86 0 U 85
87 1 L 9
88 0 U 87
89 0 U 88
90
0 0 U -1
1 0 U 0
2 0 U 1
3 1 U 2
4 1 L 1
5 0 L 3
6 0 U 5
7 0 U 6
8 0 L -1
9 1 L -1
10 0 U 3
11 0 L 2
12 1 U 7
13 0 U 12
14 1 U 13
15 0 U 14
16 0 U 15
17 1 U 16
18 1 U -1
19 1 U 18
20 0 L 2
21 0 L 16
22 0 U 21
23 1 U 22
24 1 U 23
25 1 U 24
26 1 L 22
27 0 U -1
28 1 U 27
29 1 U 28
30 1 U 29
31 0 U 30
32 0 L 4
33 0 U 32
34 1 L 0
35 1 L 9
36 0 L 28
37 0 U 8
38 1 U 37
39 0 U 38
40 1 U 39
41 1 L 7
42 0 U 5
43 0 U 42
44 0 U 43
45 0 U 33
46 1 U 45
47 0 U 46
48 1 U 47
49 0 L 47
50 0 U 49
51 0 U 16
52 0 U 9
53 1 L 1
54 0 U -1
55 0 U 54
56 0 U 55
57 1 U 45
58 0 U 57
59 0 U 14
60 1 U 32
61 1 U 32
62 0 U 23
63 0 U -1
64 0 U 54
65 0 U -1
66 0 L 37
67 0 U 66
68 1 U 67
69 1 L 17
70 1 U 69
71 1 L 21
72 0 U -1
73 0 U 72
74 1 U 73
75 0 U 74
76 0 U 75
77 1 U 72
78 1 L 16
79 1 U 78
80 1 U 55
81 1 U 76
82 0 U 81
83 0 U 82
84 0 U 32
85 1 U 59
86 0 U 85
87 0 L 7
88 0 U 87
89 0 U 88
90
0 1 U -1
1 0 U 0
2 0 U 1
3 1 U 2
4 1 L 1
5 1 L -1
6 0 U 5
7 0 U 6
8 0 L -1
9 1 L -1
10 0 U 7
11 0 L 2
12 1 U 7
13 0 U 12
14 1 U 13
15 0 U 14
16 0 U 15
17 1 U 16
18 1 U -1
19 1 U 18
20 0 L 2
21 0 L 16
22 1 L 14
23 1 U 22
24 1 U 23
25 1 U 24
26 0 U 23
27 0 U -1
28 1 U 27
29 1 U 28
30 1 U 29
31 0 U 30
32 1 L 14
33 0 U 32
34 1 L 0
35 1 L 9
36 0 U 4
37 0 L 22
38 1 U 37
39 0 U 38
40 1 U 35
41 1 L 7
42 0 U 5
43 0 U 42
44 0 U 43
45 1 U -1
46 1 U 45
47 0 U 46
48 1 U 47
49 1 U 48
50 0 U 49
51 0 U 16
52 0 U 9
53 1 L 1
54 1 L 20
55 0 U 54
56 0 U 55
57 1 U 45
58 0 U 57
59 0 U 24
60 1 U 32
61 1 U 32
62 0 U 23
63 0 U -1
64 0 U 54
65 0 U -1
66 0 U 57
67 0 U 66
68 1 U 67
69 1 L 17
70 1 U 69
71 1 L 21
72 0 U -1
73 0 U 72
74 1 U 73
75 0 U 74
76 0 U 75
77 0 L 64
78 0 U 77
79 1 U 78
80 1 U 79
81 1 U -1
82 0 U 81
83 1 U 47
84 0 U 32
85 1 U 59
86 0 U 85
87 1 U 86
88 0 U 87
89 0 U 88
90
0 1 L -1
1 0 U 0
2 0 U 1
3 1 U 2
4 1 L 1
5 1 L -1
6 0 U 5
7 0 U 6
8 0 L -1
9 1 U 3
10 0 U 7
11 0 L 2
12 1 U 7
13 0 U 12
14 0 U 2
15 0 U 14
16 0 U 15
17 1 U 16
18 1 U -1
19 1 L 17
20 0 L 2
21 0 L 16
22 0 U 4
23 1 U 22
24 1 U 23
25 1 U 24
26 1 L 22
27 0 U -1
28 1 U 27
29 1 U 28
30 1 U 29
31 1 L 26
32 0 L 4
33 0 U 32
34 1 L 0
35 1 L 9
36 1 U -1
37 0 L 22
38 1 U 37
39 0 U 38
40 1 U 39
41 1 L 7
42 0 U 5
43 0 U 42
44 0 U 43
45 1 U -1
46 1 U 45
47 0 U 46
48 1 U 47
49 1 U 48
50 0 U 49
51 0 U 16
52 0 U 9
53 1 L 1
54 0 U -1
55 0 U 54
56 0 U 55
57 1 U 45
58 0 U 57
59 0 U 14
60 1 U 32
61 1 U 32
62 0 U 23
63 0 U -1
64 0 U 54
65 0 U -1
66 0 L 37
67 0 U 66
68 1 U 67
69 1 L 17
70 0 U 17
71 1 L 21
72 0 U -1
73 0 U 72
74 1 U 73
75 0 U 74
76 1 L 56
77 1 U 71
78 0 U 77
79 1 U 78
80 1 U 79
81 1 U -1
82 0 U 81
83 0 U 82
84 0 U 32
85 1 U 59
86 0 U 85
87 1 U 86
88 0 U 87
89 0 U 88
90
0 0 U -1
1 0 U 0
2 0 U 1
3 1 U 2
4 1 L 1
5 1 L -1
6 0 U 5
7 0 U 6
8 0 L -1
9 1 L -1
10 0 U 7
11 0 L 2
12 1 U 7
13 0 U 12
14 1 U 13
15 0 U 14
16 0 U 15
17 1 L 16
18 1 U -1
19 1 U 18
20 1 U 3
21 0 L 16
22 0 U 21
23 1 L 5
24 1 U 23
25 1 U 20
26 1 L 22
27 1 U 21
28 1 U 27
29 1 U 28
30 1 U 29
31 0 U 30
32 0 L 4
33 0 U 32
34 1 L 28
35 1 L 9
36 1 U -1
37 0 L 22
38 1 U 37
39 1 L 9
40 1 U 39
41 1 L 7
42 0 U 5
43 0 U 42
44 0 U 21
45 1 U -1
46 0 L 0
47 0 U 46
48 1 U 47
49 1 U 48
50 0 U 49
51 1 U 21
52 0 U 9
53 1 U 11
54 0 U -1
55 0 U 54
56 0 U 55
57 1 U 45
58 0 U 57
59 0 U 14
60 1 U 32
61 1 U 32
62 0 U 23
63 0 U -1
64 0 U 54
65 0 U -1
66 0 L 37
67 1 U 19
68 1 U 67
69 1 L 17
70 1 U 69
71 1 L 15
72 0 U -1
73 0 U 72
74 1 U 73
75 0 U 74
76 0 U 75
77 1 U 72
78 0 U 77
79 1 U 78
80 0 U 73
81 1 U -1
82 0 U 81
83 0 L 43
84 0 U 32
85 0 L 2
86 0 U 85
87 1 U 86
88 0 U 87
89 0 U 88
90
0 1 L -1
1 0 U 0
2 0 U 1
3 1 U 2
4 1 L 1
5 1 L -1
6 0 U 5
7 0 U 6
8 0 L -1
9 1 L -1
10 0 U 7
11 0 L 2
12 1 U 7
13 0 U 12
14 1 U 13
15 0 L 9
16 0 U 15
17 1 U 16
18 1 U -1
19 1 U 18
20 0 L 2
21 0 L 16
22 0 U 21
23 1 U 22
24 1 U 23
25 1 U 24
26 1 L 22
27 0 U -1
28 1 U 27
29 1 U 28
30 1 U 29
31 0 U 30
32 0 L 4
33 0 U 32
34 1 L 0
35 1 L 9
36 1 L 26
37 1 U 9
38 1 U 37
39 0 U 38
40 1 U 39
41 1 L 7
42 0 U 5
43 0 U 42
44 0 U 43
45 1 U -1
46 1 L 11
47 0 U 46
48 1 U 47
49 1 U 48
50 0 U 49
51 0 U 16
52 0 U 9
53 1 L 1
54 0 U -1
55 0 U 54
56 0 U 55
57 1 U 45
58 0 U 57
59 0 U 14
60 1 U 8
61 1 U 32
62 0 U 23
63 0 U 31
64 0 U 54
65 0 U -1
66 1 L 4
67 1 L 39
68 1 U 67
69 1 L 17
70 1 U 69
71 1 L 21
72 0 U -1
73 0 U 72
74 1 U 73
75 0 U 74
76 0 U 75
77 0 U 66
78 0 U 77
79 1 U 78
80 1 U 79
81 1 U -1
82 0 U 81
83 0 U 82
84 0 U 66
85 1 U 59
86 0 U 85
87 1 U 86
88 0 U 87
89 0 U 88
90
0 0 U -1
1 0 U 0
2 0 U 1
3 1 U 2
4 1 U 2
5 1 L -1
6 1 L 4
7 0 U 6
8 0 L -1
9 1 L -1
10 0 U 7
11 0 L 2
12 1 U 7
13 0 U 12
14 1 U 13
15 1 U 12
16 0 U 15
17 1 U 16
18 1 U -1
19 1 U 18
20 0 L 2
21 0 L 16
22 0 U 21
23 1 U 22
24 1 U 23
25 1 U 24
26 1 L 22
27 0 U -1
28 1 U 27
29 1 U 28
30 1 U 29
31 0 U 30
32 0 L 4
33 0 U 32
34 1 L 0
35 1 L 9
36 1 U -1
37 0 L 22
38 1 U 37
39 0 U 38
40 1 U 39
41 1 L 7
42 0 U 5
43 0 U 42
44 1 L 23
45 1 U -1
46 1 U 45
47 0 U 46
48 1 U 47
49 1 U 48
50 0 U 49
51 0 U 16
52 0 U 9
53 1 L 1
54 0 U -1
55 0 U 16
56 1 L 27
57 1 U 45
58 0 U 57
59 0 U 14
60 1 U 32
61 1 U 32
62 0 U 23
63 0 U -1
64 0 U 54
65 0 U -1
66 0 L 37
67 0 U 66
68 1 U 67
69 1 L 17
70 1 U 69
71 1 L 21
72 0 U -1
73 0 U 72
74 1 U 73
75 0 U 74
76 0 U 75
77 1 U 72
78 0 U 77
79 1 U 78
80 1 U 79
81 1 U -1
82 0 U 81
83 0 L 8
84 0 U 16
85 1 U 59
86 0 U 85
87 1 U 86
88 0 U 87
89 0 U 88
90
0 0 U -1
1 0 U 0
2 0 U 1
3 1 U 2
4 1 L 1
5 1 L 2
6 0 U 5
7 0 U 6
8 0 L -1
9 1 L -1
10 0 U 7
11 0 L 2
12 1 U 7
13 0 U 12
14 1 U 13
15 0 U 5
16 0 U 15
17 1 U 16
18 1 U -1
19 1 U 18
20 0 L 2
21 0 L 16
22 0 U 21
23 1 U 22
24 1 U 23
25 1 U 24
26 1 L 22
27 0 U -1
28 1 U 27
29 1 U 28
30 1 U 29
31 0 U 30
32 0 L 4
33 0 U 32
34 1 L 0
35 1 L 9
36 1 U -1
37 0 L 1
38 1 U 37
39 0 U 38
40 1 U 39
41 1 L 7
42 0 U 5
43 0 U 42
44 0 U 43
45 1 U -1
46 1 U 45
47 0 U 46
48 1 U 47
49 1 U 48
50 0 U 49
51 0 U 16
52 0 U 9
53 1 L 1
54 0 U -1
55 0 U 54
56 0 U 55
57 1 U 45
58 0 U 57
59 0 U 6
60 1 L 42
61 1 U 32
62 0 U 23
63 0 U -1
64 0 U 54
65 0 U -1
66 0 L 37
67 0 L 0
68 1 U 67
69 1 L 17
70 1 U 69
71 1 L 21
72 0 U -1
73 0 U 72
74 1 U 73
75 0 U 74
76 0 U 75
77 1 U 72
78 0 U 77
79 1 U 78
80 1 U 79
81 1 U -1
82 0 U 81
83 0 U 82
84 0 U 32
85 1 U 59
86 0 U 85
87 1 U 86
88 0 U 87
89 0 U 88
90
0 1 L -1
1 0 U 0
2 0 U 1
3 1 U 2
4 1 L 1
5 1 L -1
6 0 U 5
7 0 U 6
8 0 L -1
9 1 L -1
10 0 U 7
11 0 U 9
12 1 U 7
13 0 U 12
14 1 U 13
15 0 U 14
16 0 U 15
17 1 U 16
18 1 U -1
19 1 U 18
20 0 L 2
21 0 L 16
22 0 U 21
23 1 U 22
24 1 U 23
25 1 U 24
26 1 L 22
27 0 U -1
28 1 U 27
29 1 U 28
30 1 U 11
31 0 U 30
32 0 L 4
33 0 U 32
34 0 L 0
35 0 L 7
36 1 U -1
37 0 L 22
38 0 U 23
39 0 U 38
40 1 U 39
41 1 L 7
42 0 U 5
43 0 U 42
44 0 U 43
45 1 U -1
46 1 U 45
47 0 U 46
48 1 U 47
49 1 U 48
50 0 U 49
51 0 U 16
52 0 U 9
53 1 L 1
54 0 U -1
55 0 U 54
56 0 U 55
57 1 U 45
58 0 U 57
59 0 U 14
60 1 U 32
61 1 U 32
62 0 U 23
63 0 U -1
64 0 U 54
65 0 U -1
66 0 L 37
67 0 U 66
68 1 U 67
69 1 L 17
70 0 U 30
71 1 L 21
72 0 U -1
73 0 U 72
74 1 U 73
75 0 U 74
76 0 U 75
77 1 U 72
78 0 U 77
79 1 U 78
80 1 L 13
81 1 U -1
82 0 U 81
83 0 U 82
84 0 U 32
85 1 L 1
86 0 U 85
87 1 U 86
88 0 U 87
89 0 U 88
90
0 0 U -1
1 0 L 0
2 0 U 1
3 1 U 2
4 1 L 1
5 1 L -1
6 0 U 5
7 0 L 2
8 0 L 1
9 1 L -1
10 0 L 6
11 0 L 2
12 1 U 7
13 0 U 12
14 1 U 13
15 0 U 14
16 0 U 15
17 1 U 16
18 1 U -1
19 1 U 18
20 0 L 2
21 0 L 12
22 0 U 9
23 1 U 22
24 1 U 23
25 1 U 24
26 0 L 15
27 0 U -1
28 1 U 27
29 0 U 1
30 1 U 29
31 0 U 30
32 0 L 4
33 0 U 32
34 1 L 0
35 1 L 9
36 1 U -1
37 0 L 22
38 1 U 37
39 0 U 38
40 1 L 11
41 0 L 36
42 0 U 5
43 0 U 42
44 0 U 43
45 1 U -1
46 1 U 18
47 0 U 46
48 1 U 47
49 1 U 48
50 0 U 49
51 1 L 15
52 0 U 9
53 1 L 1
54 1 L 37
55 0 U 54
56 0 L 7
57 1 U 45
58 0 U 57
59 0 U 14
60 1 U 32
61 1 U 32
62 0 U 23
63 0 U -1
64 0 U 53
65 0 U -1
66 0 L 37
67 0 U 66
68 1 U 67
69 1 L 17
70 1 U 69
71 1 L 21
72 0 U -1
73 0 U 72
74 1 U 73
75 0 U 74
76 0 U 75
77 1 U 72
78 0 U 34
79 0 L 76
80 1 U 79
81 1 U -1
82 0 U 81
83 0 U 82
84 1 U 10
85 0 L 41
86 0 U 85
87 1 U 86
88 0 U 87
89 0 U 88
90
0 0 U -1
1 0 U 0
2 0 U 1
3 1 U 2
4 1 L 1
5 1 L -1
6 0 U 5
7 0 U 6
8 0 L -1
9 1 L -1
10 0 U 7
11 0 L 2
12 1 U 7
13 0 U 12
14 1 U 8
15 0 U 14
16 0 U 15
17 1 U 16
18 1 U -1
19 1 U 18
20 0 L 2
21 0 L 16
22 0 U 21
23 1 U 0
24 1 U 23
25 1 U 24
26 1 L 22
27 0 U -1
28 1 U 27
29 1 U 28
30 1 U 29
31 0 U 30
32 1 U 19
33 0 U 32
34 1 L 0
35 1 L 9
36 1 U -1
37 0 L 22
38 1 U 37
39 0 U 38
40 1 U 39
41 1 L 7
42 0 U 5
43 0 U 42
44 0 U 43
45 1 U -1
46 1 U 45
47 0 U 46
48 1 U 47
49 1 U 48
50 0 U 49
51 1 U 21
52 0 U 9
53 1 U 6
54 0 U -1
55 0 U 54
56 0 U 55
57 1 U 45
58 0 U 57
59 0 U 14
60 1 U 32
61 1 U 32
62 0 U 23
63 0 U -1
64 0 U 54
65 0 U -1
66 0 L 37
67 0 U 66
68 1 U 67
69 1 L 17
70 1 U 69
71 1 L 21
72 1 U 17
73 0 U 72
74 1 U 73
75 0 U 74
76 0 U 75
77 1 U 72
78 0 U 77
79 1 U 78
80 1 U 79
81 1 U -1
82 0 U 81
83 0 U 82
84 0 U 32
85 1 U 59
86 0 U 85
87 1 U 86
88 0 U 87
89 0 U 88
90
0 0 U -1
1 0 U 0
2 0 U 1
3 1 U 2
4 1 L 1
5 1 L -1
6 0 U 5
7 0 U 6
8 0 L -1
9 1 L -1
10 0 U 7
11 0 L 2
12 1 U 7
13 0 U 12
14 1 U 13
15 0 U 14
16 0 U 15
17 1 L 15
18 1 U -1
19 1 U 4
20 0 L 2
21 0 L 3
22 0 U 21
23 1 U 22
24 1 U 23
25 1 U 24
26 1 L 22
27 0 U -1
28 1 U 27
29 1 U 28
30 1 U 29
31 0 U 30
32 0 L 26
33 0 U 32
34 0 L 27
35 1 L 9
36 1 U -1
37 0 L 22
38 1 U 37
39 0 U 38
40 1 L 2
41 1 L 7
42 1 L 10
43 0 U 42
44 0 U 43
45 1 U -1
46 1 U 45
47 0 U 46
48 1 U 47
49 1 U 48
50 0 U 49
51 0 U 16
52 0 U 9
53 1 L 1
54 0 U -1
55 0 U 54
56 0 U 55
57 1 U 45
58 0 L 7
59 0 U 14
60 1 U 32
61 1 U 32
62 0 U 23
63 0 U -1
64 0 U 54
65 0 U -1
66 0 L 37
67 0 U 66
68 1 U 67
69 1 L 17
70 1 U 69
71 1 L 17
72 0 U -1
73 0 U 72
74 1 U 73
75 0 U 74
76 0 U 22
77 1 U 72
78 0 U 77
79 0 L 65
80 1 U 36
81 1 U -1
82 0 U 81
83 0 U 82
84 0 U 32
85 1 U 70
86 0 U 85
87 1 U 86
88 0 U 87
89 0 U 88
90
0 0 U -1
1 0 U 0
2 0 U 1
3 1 U 2
4 0 U -1
5 1 L -1
6 0 U 5
7 0 U 6
8 0 L -1
9 0 L 2
10 0 U 7
11 0 L 2
12 1 U 7
13 0 U 12
14 1 U 13
15 0 U 14
16 0 U 15
17 1 U 16
18 0 U 6
19 1 U 18
20 0 L 2
21 0 L 16
22 0 U 21
23 1 U 22
24 1 U 23
25 1 U 24
26 1 L 22
27 0 U -1
28 1 U 27
29 1 U 28
30 1 U 29
31 0 U 30
32 0 L 4
33 0 U 32
34 1 L 0
35 0 U 27
36 1 U -1
37 0 L 22
38 1 U 37
39 1 U 4
40 1 U 39
41 1 L 7
42 0 U 5
43 0 U 15
44 0 U 43
45 1 U -1
46 1 U 45
47 0 U 46
48 1 U 47
49 1 U 48
50 0 U 49
51 0 U 16
52 0 U 9
53 1 L 1
54 0 U -1
55 0 U 54
56 0 U 55
57 1 U 45
58 0 U 57
59 0 U 14
60 1 U 32
61 1 U 32
62 0 U 23
63 0 U -1
64 0 U 54
65 0 U -1
66 0 L 37
67 0 U 66
68 0 L 26
69 1 L 17
70 1 U 69
71 1 L 21
72 0 U -1
73 1 L 36
74 1 U 73
75 1 U 28
76 0 U 75
77 1 U 72
78 0 U 77
79 1 U 78
80 0 L 18
81 1 U -1
82 0 U 81
83 0 U 82
84 0 U 32
85 1 U 59
86 0 U 85
87 1 U 86
88 0 U 87
89 0 U 88
90
0 0 U -1
1 0 U 0
2 0 U 1
3 1 U 2
4 1 L 1
5 1 L -1
6 0 U 5
7 0 U 6
8 0 L -1
9 1 L -1
10 0 U 7
11 0 L 2
12 1 L 1
13 0 U 12
14 1 U 13
15 0 U 14
16 0 U 15
17 0 U 2
18 1 U -1
19 1 U 18
20 0 L 2
21 0 L 16
22 0 U 21
23 1 U 22
24 1 U 23
25 1 U 24
26 1 L 22
27 0 U -1
28 1 U 27
29 1 U 28
30 1 U 29
31 0 U 30
32 0 L 4
33 1 L 10
34 1 L 0
35 1 L 9
36 1 U -1
37 0 L 22
38 1 U 37
39 0 L 17
40 1 U 39
41 1 L 7
42 0 U 5
43 0 U 42
44 0 U 43
45 1 U -1
46 1 U 45
47 0 U 46
48 1 U 47
49 1 U 48
50 0 U 49
51 0 U 16
52 0 U 9
53 0 U 37
54 0 U -1
55 0 U 54
56 0 U 55
57 1 U 45
58 0 U 57
59 0 U 14
60 1 U 32
61 1 U 32
62 0 U 23
63 0 U -1
64 1 L 55
65 0 U -1
66 0 U 28
67 0 U 66
68 1 U 67
69 1 L 17
70 0 U 26
71 1 L 21
72 0 U -1
73 0 U 72
74 1 U 73
75 0 U 14
76 0 U 27
77 1 U 72
78 0 U 77
79 1 U 78
80 1 U 79
81 1 U -1
82 0 U 81
83 0 U 82
84 0 U 32
85 0 U 19
86 0 U 85
87 1 U 86
88 0 U 87
89 0 U 88
90
0 1 U -1
1 0 U 0
2 0 U 1
3 1 U 2
4 1 L 1
5 1 L -1
6 0 U 5
7 0 U 6
8 0 U 7
9 1 L -1
10 0 U 7
11 0 L 2
12 1 L 1
13 0 U 12
14 1 U 13
15 0 U 14
16 0 U 15
17 0 U 2
18 1 U -1
19 1 U 18
20 0 L 2
21 0 L 16
22 0 U 21
23 1 U 22
24 1 U 23
25 1 U 24
26 1 L 22
27 0 U -1
28 1 U 27
29 1 L 27
30 1 U 29
31 0 U 30
32 0 L 4
33 1 L 10
34 1 L 0
35 1 L 9
36 1 U -1
37 0 L 21
38 1 U 37
39 0 L 17
40 1 L 3
41 1 L 7
42 0 U 5
43 0 U 42
44 0 U 43
45 1 U -1
46 1 U 45
47 0 U 46
48 1 U 47
49 1 U 48
50 0 U 49
51 0 U 16
52 0 U 9
53 0 U 37
54 0 U -1
55 1 U 37
56 0 U 55
57 1 U 45
58 0 U 57
59 0 U 14
60 1 U 32
61 1 U 32
62 0 U 23
63 0 U -1
64 1 L 55
65 0 U -1
66 0 U 28
67 0 U 66
68 1 U 67
69 1 L 17
70 0 U 26
71 1 L 21
72 0 U -1
73 0 U 72
74 1 U 73
75 0 U 14
76 0 U 27
77 1 U 72
78 0 U 77
79 1 U 78
80 1 U 79
81 1 U -1
82 0 U 81
83 0 U 82
84 0 U 32
85 0 U 19
86 0 U 85
87 1 U 86
88 0 U 87
89 0 U 88
90
0 0 U -1
1 0 U 0
2 0 U 1
3 1 U 2
4 1 L 1
5 1 L -1
6 0 U 5
7 0 U 6
8 0 L -1
9 1 L -1
10 0 U 7
11 0 L 2
12 1 L 1
13 0 U 12
14 1 U 13
15 0 U 14
16 0 U 15
17 0 U 2
18 1 U -1
19 1 U 18
20 0 L 2
21 0 L 13
22 0 U 21
23 1 U 22
24 1 U 23
25 1 U 24
26 1 L 22
27 0 U -1
28 0 U 26
29 1 U 28
30 1 U 27
31 0 U 30
32 0 L 4
33 1 L 10
34 1 L 0
35 1 L 9
36 1 U -1
37 0 L 22
38 1 U 37
39 0 L 17
40 1 U 39
41 1 L 7
42 0 U 5
43 1 L 19
44 0 U 43
45 1 U -1
46 1 U 45
47 0 L 3
48 1 U 47
49 1 U 48
50 0 U 49
51 0 U 16
52 0 U 9
53 0 U 37
54 0 U -1
55 0 U 54
56 1 U 15
57 1 U 45
58 0 U 57
59 0 U 14
60 1 U 32
61 1 U 32
62 0 U 23
63 0 U -1
64 1 L 55
65 0 U -1
66 0 U 28
67 0 U 66
68 1 U 67
69 1 L 17
70 0 U 10
71 1 L 21
72 0 U -1
73 0 U 72
74 1 U 73
75 0 U 14
76 0 U 27
77 1 U 72
78 0 U 77
79 1 L 62
80 1 U 79
81 1 U -1
82 0 U 81
83 0 U 82
84 0 U 32
85 0 U 19
86 1 L 9
87 1 U 53
88 0 U 87
89 0 U 88
90
0 0 U -1
1 0 U 0
2 0 U 1
3 0 L -1
4 1 L 1
5 1 L -1
6 0 U 5
7 0 U 6
8 0 L -1
9 1 L -1
10 0 U 7
11 0 L 2
12 1 L 1
13 0 U 12
14 1 U 13
15 0 U 14
16 0 U 15
17 0 U 2
18 1 U -1
19 1 U 18
20 0 L 2
21 0 L 16
22 1 L 6
23 1 U 22
24 1 U 23
25 1 U 24
26 1 L 22
27 0 U -1
28 1 U 27
29 1 U 28
30 1 U 1
31 0 U 30
32 0 L 4
33 1 L 10
34 1 L 0
35 1 L 9
36 1 U -1
37 0 L 22
38 1 U 37
39 0 L 17
40 1 U 39
41 1 L 7
42 0 L -1
43 0 U 42
44 0 U 43
45 1 U -1
46 1 U 45
47 1 L 25
48 1 U 47
49 1 U 48
50 0 U 49
51 0 U 16
52 0 U 9
53 0 U 37
54 0 U 47
55 0 U 54
56 0 U 55
57 1 U 45
58 0 U 57
59 0 U 14
60 1 U 32
61 1 U 32
62 0 U 23
63 0 U -1
64 1 L 55
65 0 U -1
66 0 U 28
67 0 U 66
68 1 U 67
69 1 L 17
70 0 U 26
71 1 L 21
72 0 U -1
73 1 L 46
74 1 U 73
75 0 U 14
76 0 U 27
77 1 U 72
78 0 U 77
79 1 U 78
80 1 U 79
81 1 U -1
82 0 U 81
83 0 U 82
84 0 U 32
85 0 U 19
86 0 U 85
87 1 U 86
88 0 U 87
89 0 U 88
90
0 1 L -1
1 0 U 0
2 0 U 1
3 1 U 2
4 1 L 1
5 1 L -1
6 0 U 5
7 0 U 6
8 0 U 3
9 1 L -1
10 0 U 7
11 0 L 2
12 1 L 1
13 0 U 12
14 1 U 13
15 0 U 14
16 0 U 15
17 1 L 6
18 0 L -1
19 1 U 18
20 0 L 2
21 0 L 16
22 1 L 3
23 1 U 22
24 1 U 23
25 1 U 24
26 1 L 22
27 0 U -1
28 1 U 27
29 1 U 28
30 1 U 29
31 0 U 30
32 0 L 4
33 1 L 10
34 1 L 0
35 1 L 9
36 1 U -1
37 0 L 22
38 1 U 37
39 1 U 29
40 1 U 39
41 1 L 7
42 0 U 5
43 0 U 42
44 0 U 43
45 1 U -1
46 1 U 45
47 0 U 46
48 1 U 47
49 0 L 32
50 0 U 49
51 0 U 16
52 0 U 9
53 0 U 37
54 0 U -1
55 0 U 54
56 0 U 55
57 1 U 45
58 0 U 57
59 0 U 14
60 1 U 32
61 1 U 32
62 0 U 23
63 0 U -1
64 1 L 55
65 0 U -1
66 0 U 28
67 0 U 66
68 1 U 67
69 1 L 17
70 0 U 26
71 0 L 30
72 0 U -1
73 0 U 72
74 1 U 73
75 0 U 14
76 0 U 27
77 1 U 72
78 0 U 77
79 1 U 78
80 1 U 79
81 1 U -1
82 1 U 0
83 0 U 82
84 0 U 32
85 0 U 19
86 0 U 85
87 1 U 86
88 0 U 87
89 0 U 88
90
0 0 U -1
1 0 U 0
2 0 U 1
3 1 U 2
4 1 L 1
5 1 L -1
6 0 U 5
7 0 U 6
8 0 L -1
9 1 L -1
10 0 U 7
11 0 L 2
12 1 L 1
13 0 U 12
14 1 U 13
15 0 U 14
16 0 U 15
17 0 U 2
18 1 U -1
19 1 U 7
20 0 L 2
21 0 L 16
22 0 U 21
23 1 U 22
24 1 U 23
25 1 U 24
26 1 L 22
27 0 U -1
28 1 U 27
29 1 U 28
30 1 U 29
31 0 U 30
32 0 L 4
33 1 L 22
34 1 L 0
35 1 L 9
36 0 L 9
37 0 L 22
38 1 U 37
39 0 L 17
40 1 U 39
41 1 L 7
42 0 U 5
43 0 U 42
44 0 U 43
45 1 U -1
46 1 U 45
47 0 U 46
48 0 L 41
49 1 U 48
50 0 U 49
51 0 U 16
52 0 U 9
53 0 U 37
54 0 U -1
55 0 U 54
56 0 U 55
57 1 U 45
58 0 U 57
59 0 U 14
60 1 U 32
61 1 U 32
62 0 U 23
63 0 U -1
64 1 L 55
65 0 U -1
66 0 U 28
67 0 U 66
68 1 U 67
69 1 L 17
70 0 U 26
71 1 L 21
72 0 U -1
73 0 U 72
74 1 U 73
75 0 U 14
76 0 U 27
77 1 U 72
78 0 U 77
79 1 L -1
80 0 L -1
81 1 U -1
82 0 U 81
83 0 U 82
84 0 U 32
85 0 U 19
86 0 U 85
87 0 U 80
88 0 U 87
89 0 U 88
90
0 0 U -1
1 0 U 0
2 0 U 1
3 1 U 2
4 1 L 1
5 1 L -1
6 0 U 5
7 0 U 6
8 0 L -1
9 1 L -1
10 0 U 7
11 0 L 2
12 1 L 1
13 0 U 12
14 1 U 13
15 0 U 14
16 0 U 15
17 0 U 2
18 1 U -1
19 1 U 18
20 0 L 2
21 0 L 16
22 0 U 21
23 1 U 22
24 0 L 4
25 1 U 24
26 1 U 13
27 0 L 2
28 1 U 17
29 1 U 28
30 1 U 29
31 0 U 30
32 0 L 4
33 1 L 10
34 1 L 31
35 1 L 9
36 0 L 30
37 0 L 22
38 1 U 37
39 0 L 17
40 1 U 39
41 1 L 7
42 0 U 5
43 0 U 42
44 0 U 43
45 0 L 30
46 1 L 1
47 0 U 46
48 1 U 47
49 1 U 48
50 0 U 49
51 0 U 16
52 0 U 9
53 0 U 37
54 0 U -1
55 0 U 54
56 0 U 55
57 1 U 45
58 0 U 57
59 0 U 14
60 1 U 32
61 1 U 32
62 0 U 23
63 0 U -1
64 1 L 55
65 0 U -1
66 0 U 28
67 0 L 10
68 1 U 67
69 1 U 67
70 0 U 26
71 1 L 21
72 0 U -1
73 0 U 72
74 1 U 73
75 0 U 14
76 0 U 27
77 1 U 72
78 0 U 77
79 1 U 78
80 1 U 79
81 1 U -1
82 0 U 81
83 0 U 82
84 0 U 32
85 0 U 19
86 0 U 85
87 1 L 75
88 0 U 87
89 0 U 88
90
0 1 L -1
1 0 U 0
2 0 L 0
3 1 U 2
4 1 L 1
5 1 L -1
6 0 U 5
7 0 U 6
8 0 L -1
9 1 L -1
10 0 U 7
11 0 L 2
12 1 L 1
13 0 U 2
14 1 U 13
15 0 U 14
16 0 U 15
17 0 U 2
18 0 U 0
19 1 L 1
20 0 L 2
21 0 L 16
22 0 U 21
23 1 U 22
24 1 U 23
25 1 U 24
26 1 L 22
27 0 U -1
28 0 L 12
29 1 U 28
30 1 U 29
31 0 U 30
32 0 L 4
33 1 L 10
34 1 L 0
35 1 L 9
36 1 U -1
37 0 L 22
38 1 U 37
39 0 L 17
40 1 U 39
41 1 L 7
42 0 U 5
43 0 U 42
44 0 U 43
45 1 U -1
46 1 U 45
47 0 U 46
48 1 U 47
49 1 U 48
50 0 U 49
51 0 U 16
52 0 U 9
53 0 U 37
54 0 U -1
55 0 U 54
56 0 U 55
57 1 U 45
58 0 U 57
59 0 U 14
60 1 U 32
61 1 U 32
62 0 U 23
63 1 L 16
64 1 L 55
65 0 U -1
66 0 U 28
67 0 U 66
68 1 U 67
69 1 L 17
70 0 U 26
71 1 L 3
72 0 U -1
73 0 U 72
74 1 U 73
75 0 U 14
76 0 U 27
77 1 U 72
78 1 L 20
79 1 U 78
80 1 U 79
81 1 U -1
82 0 U 81
83 0 U 82
84 0 U 32
85 0 L 58
86 0 U 85
87 1 U 86
88 0 U 87
89 0 U 88
90
0 0 U -1
1 0 U 0
2 0 U 1
3 1 U 2
4 1 L 1
5 1 U 3
6 0 U 5
7 0 U 6
8 0 L -1
9 1 L -1
10 0 U 7
11 0 L 2
12 1 L 1
13 0 U 12
14 1 U 13
15 0 U 14
16 0 U 15
17 0 U 2
18 1 U -1
19 1 U 18
20 0 L 2
21 1 U 9
22 0 U 21
23 1 U 22
24 1 U 23
25 1 U 24
26 1 L 22
27 0 U -1
28 1 U 27
29 1 U 28
30 1 U 29
31 0 L 4
32 0 L 4
33 1 L 10
34 1 L 0
35 0 U 1
36 1 U -1
37 0 L 22
38 1 L 9
39 0 L 17
40 1 U 39
41 1 L 7
42 0 U 5
43 0 U 42
44 0 U 43
45 1 U -1
46 1 U 45
47 0 U 46
48 1 U 47
49 1 U 48
50 0 U 49
51 0 L 43
52 0 U 9
53 0 U 37
54 0 U -1
55 0 U 54
56 1 L 3
57 1 U 45
58 0 U 57
59 0 U 14
60 1 U 32
61 1 U 32
62 0 U 23
63 0 U -1
64 1 L 55
65 0 U -1
66 0 U 28
67 0 U 66
68 1 U 67
69 1 L 17
70 0 U 26
71 1 L 21
72 0 U -1
73 0 U 72
74 1 U 73
75 0 U 14
76 0 U 27
77 1 U 72
78 0 U 77
79 1 U 78
80 1 U 79
81 1 U -1
82 0 U 81
83 0 U 82
84 0 U 32
85 0 U 19
86 0 U 85
87 1 U 86
88 0 U 87
89 0 U 88
90
0 0 U -1
1 1 U -1
2 0 U 1
3 1 U 2
4 1 L 1
5 1 L -1
6 0 U 5
7 0 U 6
8 0 L -1
9 1 L 3
10 0 U 7
11 0 L 2
12 1 L 1
13 0 U 12
14 0 U 13
15 0 U 14
16 0 U 15
17 0 U 2
18 1 U -1
19 1 U 18
20 0 L 2
21 1 U 14
22 0 U 21
23 1 U 22
24 1 U 23
25 1 L 12
26 1 U 22
27 0 U -1
28 1 U 27
29 1 U 28
30 1 U 29
31 0 U 30
32 0 L 4
33 0 L 15
34 1 L 0
35 1 L 9
36 1 U -1
37 0 L 22
38 1 U 37
39 0 L 17
40 1 U 39
41 1 L 7
42 0 U 5
43 0 U 42
44 0 U 43
45 1 U -1
46 1 U 45
47 0 U 46
48 1 U 47
49 0 L 12
50 0 U 49
51 0 U 16
52 0 U 9
53 0 U 37
54 0 U -1
55 0 U 54
56 0 U 55
57 1 U 45
58 0 U 57
59 1 U 3
60 1 U 32
61 1 U 32
62 0 U 23
63 0 U -1
64 1 L 55
65 0 U -1
66 0 U 28
67 0 U 66
68 1 U 67
69 0 U 30
70 0 U 26
71 1 L 21
72 0 U -1
73 1 L 55
74 1 U 73
75 0 U 14
76 0 U 27
77 0 L 6
78 0 U 77
79 1 U 78
80 1 U 79
81 1 U -1
82 0 L 27
83 1 L 43
84 0 U 32
85 1 L 80
86 0 U 85
87 1 U 86
88 0 U 87
89 0 U 88
90
0 0 U -1
1 0 U 0
2 0 U 1
3 1 U 2
4 1 L 1
5 1 L -1
6 0 U 5
7 0 U 6
8 0 L -1
9 1 L -1
10 0 U 7
11 0 L 2
12 1 L 1
13 0 U 12
14 0 L 2
15 0 U 14
16 0 U 15
17 0 U 2
18 0 U 0
19 0 U 0
20 0 L 2
21 0 L 16
22 0 U 21
23 1 U 22
24 1 U 23
25 1 U 24
26 1 L 22
27 0 U -1
28 1 U 27
29 1 U 28
30 1 U 29
31 0 U 30
32 0 L 4
33 1 L 10
34 1 L 0
35 1 L 9
36 1 U -1
37 0 L 22
38 1 U 37
39 0 L 17
40 1 U 39
41 1 L 7
42 0 U 5
43 0 U 42
44 0 U 43
45 1 U -1
46 1 U 45
47 0 U 46
48 1 U 47
49 1 U 48
50 0 U 49
51 0 U 16
52 0 U 9
53 1 L 49
54 0 L 39
55 0 U 54
56 0 U 55
57 1 U 45
58 0 U 57
59 0 U 14
60 1 U 32
61 1 U 32
62 0 U 52
63 0 U -1
64 1 L 55
65 0 U -1
66 0 U 28
67 0 U 66
68 1 U 67
69 0 U 8
70 0 U 26
71 1 L 21
72 0 U -1
73 0 U 72
74 1 U 73
75 0 U 14
76 0 U 27
77 1 U 72
78 0 U 77
79 1 U 78
80 1 U 79
81 1 U -1
82 0 U 81
83 0 U 82
84 0 U 32
85 0 U 19
86 0 U 85
87 0 L 13
88 0 U 87
89 0 U 88
90
0 0 U -1
1 0 U 0
2 0 U 1
3 1 U 2
4 1 L 1
5 1 L -1
6 0 U 5
7 0 U 6
8 0 L -1
9 1 L -1
10 0 U 7
11 0 L 2
12 1 L 1
13 0 U 12
14 1 U 13
15 0 U 14
16 1 U 8
17 0 U 2
18 1 U -1
19 1 U 18
20 0 L 2
21 0 L 18
22 0 U 21
23 1 U 22
24 1 U 23
25 1 U 24
26 1 L 22
27 0 U -1
28 0 U 18
29 1 U 28
30 1 U 29
31 0 U 30
32 0 L 4
33 1 L 10
34 1 L 0
35 1 L 9
36 1 U -1
37 0 L 22
38 1 U 37
39 1 L 7
40 1 U 39
41 1 L 7
42 0 U 5
43 0 U 42
44 0 U 43
45 1 U -1
46 1 U 45
47 0 U 46
48 1 U 47
49 1 L 30
50 0 U 49
51 1 L 22
52 0 U 9
53 0 U 37
54 0 U -1
55 0 U 54
56 0 U 34
57 1 U 45
58 0 U 57
59 0 U 14
60 1 U 32
61 1 U 32
62 0 U 23
63 0 U -1
64 1 L 55
65 0 U -1
66 0 U 28
67 0 U 66
68 1 U 67
69 1 L 17
70 0 U 26
71 1 L 21
72 0 U -1
73 0 U 72
74 1 U 73
75 0 U 14
76 0 L 2
77 1 U 72
78 0 U 77
79 1 U 78
80 1 U 79
81 1 U -1
82 1 L 21
83 0 U 82
84 0 U 32
85 0 U 19
86 0 U 85
87 1 U 86
88 0 U 87
89 0 U 88
90
0 0 U -1
1 0 U 0
2 0 U 1
3 1 U 2
4 1 L -1
5 1 L -1
6 0 U 5
7 0 U 6
8 0 L -1
9 1 L -1
10 0 U 7
11 0 L 2
12 1 L 1
13 0 U 12
14 1 U 13
15 0 U 14
16 0 U 15
17 0 U 2
18 1 U -1
19 1 U 18
20 0 L 2
21 0 L 16
22 0 U 21
23 1 U 22
24 1 U 23
25 1 U 24
26 1 L 8
27 0 U -1
28 1 U 27
29 1 U 28
30 1 U 29
31 0 U 30
32 0 L 4
33 1 L 10
34 0 U 0
35 1 L 9
36 1 U -1
37 1 L 35
38 1 U 37
39 0 L 17
40 1 U 39
41 1 L 7
42 0 U 5
43 0 U 42
44 0 U 43
45 1 U -1
46 1 U 45
47 0 U 46
48 1 U 47
49 1 U 48
50 0 U 49
51 0 U 16
52 0 U 9
53 1 L 28
54 0 U -1
55 0 U 54
56 0 U 55
57 1 U 45
58 0 U 21
59 0 U 14
60 1 U 32
61 1 U 32
62 0 U 23
63 0 U -1
64 1 L 55
65 0 L 26
66 0 U 28
67 0 U 66
68 1 L 65
69 1 L 17
70 0 U 26
71 1 L 21
72 0 U -1
73 0 U 72
74 1 U 73
75 0 U 14
76 1 L 8
77 1 U 72
78 0 U 77
79 0 L 39
80 1 U 79
81 1 U -1
82 0 U 81
83 0 U 82
84 0 U 32
85 0 U 19
86 0 U 85
87 1 U 86
88 0 U 87
89 0 U 88
90
0 0 U -1
1 0 U 0
2 0 U 1
3 1 U 2
4 1 L 1
5 1 L -1
6 0 U 5
7 1 L 6
8 0 L -1
9 1 L -1
10 0 U 7
11 0 L 2
12 1 L 1
13 0 U 12
14 1 U 13
15 0 U 14
16 0 U 15
17 0 U 2
18 1 U -1
19 1 U 18
20 0 L 2
21 0 L 16
22 0 U 21
23 1 U 22
24 1 U 23
25 1 U 24
26 1 L 22
27 0 U -1
28 1 U 27
29 1 U 28
30 1 U 29
31 0 U 30
32 0 L 4
33 1 L 10
34 1 L 0
35 1 L 9
36 1 U -1
37 0 L 22
38 1 U 37
39 0 L 17
40 1 U 39
41 0 U 6
42 0 U 5
43 0 U 42
44 0 U 43
45 1 U -1
46 1 U 45
47 0 U 46
48 1 U 47
49 1 U 48
50 0 U 49
51 0 U 16
52 0 U 9
53 0 U 37
54 0 U -1
55 0 U 54
56 0 U 55
57 1 U 45
58 0 U 57
59 1 U 7
60 1 U 32
61 1 U 32
62 0 U 23
63 0 U -1
64 1 L 55
65 0 U -1
66 0 U 28
67 0 U 66
68 1 L 11
69 1 L 17
70 0 U 9
71 1 L 21
72 0 U -1
73 0 U 72
74 1 U 73
75 0 U 14
76 0 U 27
77 1 U 72
78 0 U 77
79 1 U 78
80 1 U 79
81 1 U -1
82 0 U 81
83 0 U 82
84 0 U 32
85 0 U 19
86 0 L 66
87 1 U 86
88 0 U 87
89 0 U 88
90
0 0 U -1
1 0 U 0
2 0 U 1
3 1 U 2
4 1 L 1
5 1 L -1
6 0 U 5
7 0 U 6
8 0 L -1
9 1 L -1
10 0 U 7
11 0 L 2
12 1 L 1
13 0 U 12
14 1 U 13
15 0 U 14
16 0 U 15
17 0 U 2
18 1 U -1
19 1 U 18
20 0 L 2
21 0 L 16
22 0 U 21
23 1 U 22
24 1 U 23
25 1 U 24
26 1 L 22
27 0 U -1
28 0 U 18
29 1 U 28
30 1 U 29
31 0 U 30
32 0 L 4
33 1 L 10
34 0 L 10
35 1 L 9
36 1 U -1
37 0 L 22
38 1 U 37
39 0 L 17
40 0 L 29
41 1 L 7
42 0 U 5
43 0 U 42
44 0 U 43
45 1 U -1
46 1 U 45
47 0 U 46
48 0 U 5
49 1 U 48
50 0 U 49
51 0 U 16
52 0 U 9
53 0 U 37
54 0 U -1
55 0 U 54
56 0 U 55
57 1 U 45
58 0 U 57
59 0 U 14
60 1 U 32
61 1 U 32
62 0 U 23
63 0 U -1
64 1 L 55
65 0 U -1
66 0 U 28
67 0 U 66
68 0 L 1
69 1 L 17
70 0 U 26
71 1 L 21
72 0 U -1
73 0 U 72
74 1 U 73
75 0 U 14
76 0 U 27
77 1 U 14
78 0 U 77
79 1 U 78
80 1 U 79
81 1 U -1
82 0 U 81
83 0 U 82
84 0 U 32
85 0 U 19
86 0 U 85
87 1 U 86
88 0 U 87
89 0 U 88
90
0 0 U -1
1 1 L -1
2 0 U 1
3 1 U 2
4 1 L 1
5 1 L -1
6 0 L 1
7 0 U 6
8 0 L -1
9 1 L -1
10 0 U 7
11 0 L 2
12 1 L 1
13 0 U 12
14 1 U 13
15 0 U 14
16 0 U 15
17 0 U 2
18 1 U -1
19 1 U 18
20 0 L 2
21 0 L 16
22 0 U 21
23 1 U 22
24 1 U 23
25 1 U 24
26 1 L 22
27 0 U -1
28 1 U 27
29 1 U 28
30 1 U 29
31 0 U 30
32 0 L 4
33 1 L 10
34 1 L 0
35 1 L 9
36 1 U -1
37 0 L 22
38 1 U 37
39 0 U 2
40 1 U 39
41 1 L 7
42 0 U 5
43 0 U 42
44 0 U 43
45 1 U -1
46 1 U 45
47 0 U 46
48 1 U 47
49 1 U 48
50 0 U 49
51 0 U 16
52 0 U 9
53 0 U 37
54 0 U -1
55 0 U 54
56 0 U 55
57 0 L 2
58 0 U 57
59 0 U 14
60 1 U 32
61 1 U 32
62 0 U 23
63 0 U -1
64 1 L 55
65 0 U -1
66 0 U 28
67 0 U 66
68 1 U 67
69 1 L 17
70 0 U 26
71 1 L 21
72 0 U -1
73 0 U 72
74 1 U 73
75 0 U 14
76 0 U 27
77 1 U 72
78 0 U 77
79 1 U 78
80 1 U 79
81 1 U -1
82 0 U 81
83 0 U 82
84 0 U 32
85 0 U 19
86 0 U 85
87 1 U 86
88 0 U 26
89 0 U 88
90
0 0 U -1
1 0 U 0
2 0 U 1
3 1 U 2
4 1 L 1
5 1 L -1
6 0 U 5
7 0 U 6
8 0 L -1
9 1 L -1
10 0 U 7
11 1 L 1
12 1 L 1
13 0 U 12
14 1 U 13
15 0 U 14
16 0 U 15
17 0 U 2
18 1 U -1
19 1 U 18
20 0 L 2
21 0 L 16
22 0 U 21
23 1 U 22
24 1 U 23
25 1 L 20
26 1 L 22
27 0 U -1
28 1 L 24
29 1 U 28
30 1 U 29
31 0 U 30
32 0 L 4
33 1 L 10
34 1 L 0
35 1 L 9
36 1 U -1
37 0 L 22
38 1 U 37
39 0 L 17
40 1 U 39
41 0 U 28
42 0 U 5
43 0 U 2
44 0 U 43
45 1 L 22
46 1 U 45
47 0 U 46
48 1 U 47
49 1 U 48
50 0 U 49
51 0 U 16
52 0 U 9
53 0 U 37
54 0 U -1
55 0 L 46
56 0 U 55
57 1 U 45
58 0 U 57
59 0 U 14
60 1 U 32
61 1 U 32
62 0 U 23
63 1 U 18
64 1 U 12
65 0 U -1
66 0 U 28
67 0 U 66
68 1 U 67
69 1 L 17
70 0 U 26
71 1 L 21
72 1 U 14
73 0 U 72
74 1 U 37
75 0 U 14
76 0 U 27
77 1 U 72
78 0 U 77
79 1 U 78
80 1 U 79
81 1 U -1
82 0 U 81
83 0 U 82
84 0 U 32
85 0 U 19
86 0 U 85
87 0 L 34
88 0 U 87
89 0 U 88
90
0 0 U -1
1 0 U 0
2 0 U 1
3 1 U 2
4 1 L 1
5 0 U 1
6 0 U 5
7 0 U 6
8 0 L -1
9 1 L -1
10 0 U 7
11 0 L 2
12 1 L 1
13 0 U 12
14 1 U 13
15 0 U 14
16 0 U 15
17 0 U 2
18 1 U -1
19 1 U 18
20 0 L 2
21 0 L 16
22 0 U 21
23 1 U 22
24 1 U 23
25 1 U 24
26 1 L 22
27 0 U -1
28 1 U 27
29 1 U 28
30 1 U 29
31 0 U 30
32 0 L 4
33 1 L 10
34 1 L 0
35 1 L 9
36 1 U -1
37 0 L 22
38 1 U 37
39 0 L 17
40 1 U 39
41 1 L 7
42 0 U 5
43 0 U 42
44 0 U 43
45 1 U -1
46 1 U 45
47 0 U 46
48 0 U 19
49 1 U 48
50 0 U 49
51 0 U 16
52 0 U 9
53 0 U 37
54 0 U -1
55 0 U 54
56 0 U 55
57 1 U 45
58 0 U 57
59 0 U 14
60 1 U 32
61 1 U 32
62 0 U 23
63 0 U -1
64 1 L 55
65 0 U -1
66 0 U 28
67 0 U 66
68 1 U 67
69 1 L 47
70 1 L 59
71 1 L 21
72 0 U -1
73 1 U 66
74 1 U 73
75 0 U 14
76 0 U 27
77 1 U 72
78 0 U 77
79 1 U 78
80 1 U 79
81 1 U -1
82 0 U 81
83 0 U 82
84 0 U 32
85 0 U 19
86 0 U 85
87 1 U 86
88 0 U 87
89 0 U 88
90
0 0 U -1
1 1 U -1
2 1 U -1
3 1 U 2
4 1 L 1
5 1 L -1
6 0 U 5
7 0 U 6
8 0 L -1
9 1 L -1
10 0 U 7
11 0 L 2
12 1 L 1
13 0 U 12
14 1 U 13
15 0 U 14
16 0 U 15
17 0 U 2
18 1 U -1
19 1 U 18
20 1 L 19
21 0 L 16
22 0 U 21
23 1 U 22
24 1 U 23
25 1 U 24
26 1 L 22
27 1 L 13
28 1 U 27
29 1 U 28
30 1 U 29
31 0 U 30
32 0 L 4
33 1 L 10
34 1 L 0
35 1 L 9
36 1 U -1
37 0 L 22
38 1 U 37
39 0 L 17
40 1 U 39
41 1 L 7
42 0 U 5
43 0 U 42
44 0 U 43
45 1 U -1
46 0 L 32
47 0 U 46
48 1 U 47
49 0 L -1
50 0 U 49
51 0 U 16
52 0 L 17
53 1 U 41
54 0 U -1
55 0 U 54
56 0 U 55
57 1 U 45
58 0 U 57
59 1 U 17
60 1 U 32
61 1 L 1
62 0 U 23
63 0 U -1
64 1 L 55
65 0 U -1
66 0 U 28
67 0 U 66
68 1 U 67
69 1 L 17
70 0 U 26
71 1 L 21
72 0 U -1
73 0 U 72
74 1 U 73
75 0 U 58
76 0 L 30
77 1 U 72
78 0 U 77
79 1 U 78
80 1 U 79
81 1 U -1
82 0 U 81
83 0 U 82
84 0 U 32
85 0 U 19
86 0 U 85
87 1 U 86
88 0 U 87
89 0 U 88
90
0 0 U -1
1 0 U 0
2 0 U 1
3 1 U 2
4 1 L 1
5 1 L -1
6 0 U 5
7 1 L 5
8 0 L -1
9 1 L -1
10 0 U 7
11 1 U 6
12 1 L 1
13 0 U 12
14 1 U 13
15 0 U 14
16 0 U 15
17 0 U 2
18 1 U -1
19 1 U 18
20 0 L 2
21 0 L 16
22 0 U 21
23 1 U 22
24 1 U 23
25 1 U 24
26 1 L 22
27 0 U -1
28 1 U 27
29 1 U 28
30 1 U 29
31 0 U 30
32 0 L 4
33 1 L 10
34 1 L 0
35 1 L 9
36 1 U -1
37 0 L 22
38 0 L 7
39 0 L 17
40 1 U 39
41 1 L 7
42 0 U 5
43 0 U 42
44 0 U 43
45 1 U -1
46 1 U 45
47 0 U 46
48 1 U 17
49 1 U 48
50 0 L 19
51 0 U 16
52 0 U 9
53 0 U 37
54 0 U -1
55 0 U 54
56 0 U 55
57 1 U 45
58 0 U 57
59 0 U 14
60 1 U 32
61 1 U 32
62 0 U 23
63 0 U -1
64 1 L 55
65 0 U -1
66 0 U 28
67 0 U 66
68 1 U 67
69 1 L 17
70 1 L 43
71 1 L 21
72 1 U 42
73 0 U 72
74 1 U 73
75 0 U 14
76 0 U 27
77 1 U 72
78 0 U 77
79 1 U 78
80 1 U 79
81 1 U -1
82 1 L 6
83 0 U 82
84 0 U 32
85 0 U 19
86 0 U 85
87 1 U 86
88 1 L 8
89 0 U 88
90
0 0 U -1
1 0 U 0
2 0 U 1
3 1 U 2
4 1 L 1
5 1 L -1
6 0 U 5
7 0 U 0
8 0 L -1
9 1 L -1
10 0 U 7
11 0 L 2
12 1 L 1
13 0 U 12
14 1 U 10
15 0 U 14
16 0 U 15
17 0 U 2
18 1 U -1
19 1 U 18
20 0 L 2
21 0 L 16
22 0 U 21
23 1 U 22
24 1 U 23
25 1 U 24
26 1 L 22
27 0 U -1
28 1 U 27
29 1 U 28
30 1 U 29
31 1 L 3
32 0 L 4
33 0 U 26
34 1 L 0
35 1 L 9
36 1 U -1
37 0 L 22
38 1 U 37
39 0 L 17
40 1 U 39
41 1 L 7
42 0 U 5
43 0 U 42
44 1 L 38
45 1 U -1
46 1 U 45
47 1 L 44
48 1 U 47
49 1 U 48
50 0 U 49
51 0 U 16
52 0 U 9
53 0 U 37
54 0 L 4
55 0 U 54
56 0 U 55
57 1 L 40
58 0 U 57
59 0 U 14
60 1 U 32
61 1 U 32
62 0 U 23
63 0 U -1
64 1 L 55
65 0 U -1
66 0 U 28
67 0 L 53
68 1 U 67
69 1 L 17
70 0 L 1
71 1 L 21
72 0 U -1
73 0 U 72
74 1 U 73
75 0 U 14
76 0 U 27
77 1 U 72
78 0 U 77
79 1 U 78
80 1 U 79
81 0 L 73
82 0 U -1
83 0 U 82
84 0 U 32
85 0 U 34
86 0 U 85
87 1 U 86
88 0 U 87
89 0 U 88
90
0 0 U -1
1 0 U 0
2 1 L 1
3 1 U 2
4 1 L 1
5 1 L -1
6 0 U 5
7 0 U 6
8 0 L -1
9 1 L -1
10 0 U 7
11 0 L 2
12 1 L 1
13 0 U 12
14 1 U 13
15 0 L 11
16 0 U 15
17 0 U 2
18 1 U -1
19 1 U 18
20 0 L 2
21 0 L 16
22 0 U 21
23 1 U 22
24 1 U 23
25 1 U 24
26 1 U 5
27 0 U -1
28 1 U 27
29 1 U 28
30 1 U 29
31 0 U 30
32 0 L 4
33 1 L 10
34 1 L 0
35 1 L 9
36 1 U -1
37 0 L 22
38 1 U 37
39 0 L 17
40 1 U 39
41 1 L 7
42 0 U 5
43 0 U 42
44 0 U 43
45 1 U -1
46 1 U 45
47 0 U 46
48 1 U 47
49 1 U 48
50 1 L 13
51 0 U 16
52 0 U 9
53 0 U 37
54 0 U -1
55 0 U 54
56 0 U 55
57 1 U 45
58 0 U 57
59 0 U 14
60 1 U 32
61 1 U 32
62 0 U 50
63 0 U -1
64 1 L 55
65 0 U -1
66 0 U 28
67 0 U 66
68 1 U 42
69 1 L 17
70 0 U 26
71 1 L 21
72 0 U -1
73 0 L 68
74 1 U 73
75 0 U 14
76 0 U 27
77 1 U 72
78 1 L 71
79 1 U 78
80 1 U 79
81 1 U -1
82 0 U 81
83 0 U 82
84 0 U 32
85 0 U 19
86 0 U 85
87 1 U 86
88 0 U 87
89 0 U 88
90
0 0 U -1
1 0 U 0
2 0 U 1
3 1 U 2
4 1 L 1
5 1 L -1
6 0 U 5
7 0 U 6
8 0 L -1
9 1 L -1
10 0 U 7
11 0 L 2
12 1 L 1
13 0 U 12
14 1 U 13
15 0 U 14
16 0 U 15
17 0 U 2
18 1 U -1
19 1 U 18
20 1 U 1
21 0 L 16
22 1 L 15
23 1 U 22
24 1 U 23
25 1 U 24
26 1 L 12
27 0 U -1
28 1 U 27
29 1 U 12
30 1 U 29
31 0 U 30
32 0 L 4
33 1 L 10
34 1 U 22
35 1 L 9
36 1 U -1
37 0 L 22
38 1 U 37
39 0 L 17
40 1 U 39
41 1 L 7
42 0 U 5
43 0 U 42
44 1 L 29
45 1 U -1
46 0 U 24
47 0 U 46
48 1 U 47
49 1 U 48
50 0 U 49
51 0 U 16
52 0 U 39
53 0 U 37
54 0 U -1
55 0 U 54
56 0 U 55
57 1 U 45
58 0 U 57
59 0 U 14
60 1 U 32
61 1 U 32
62 0 U 23
63 0 U -1
64 1 L 55
65 0 U -1
66 0 U 28
67 0 U 66
68 1 U 67
69 1 L 17
70 0 U 26
71 1 L 21
72 0 U -1
73 0 U 72
74 1 U 73
75 0 U 14
76 0 U 27
77 1 U 72
78 0 U 77
79 1 U 78
80 1 U 79
81 1 U -1
82 0 U 81
83 0 U 82
84 0 U 32
85 0 U 19
86 0 U 85
87 1 U 86
88 0 U 87
89 0 U 88
90
0 0 U -1
1 0 L -1
2 0 U 1
3 1 U 2
4 1 L 1
5 1 L -1
6 0 U 5
7 0 U 6
8 1 L 0
9 1 L -1
10 0 U 7
11 0 L 2
12 1 L 1
13 0 U 12
14 1 U 13
15 0 U 14
16 0 U 15
17 0 U 2
18 1 U -1
19 1 U 18
20 0 L 2
21 0 L 16
22 0 U 21
23 1 U 22
24 1 U 23
25 1 U 24
26 1 L 22
27 0 U -1
28 1 U 27
29 1 U 28
30 1 U 29
31 0 U 30
32 0 L 4
33 1 L 10
34 0 L 21
35 1 L 9
36 1 U -1
37 0 L 22
38 1 U 37
39 0 L 17
40 1 U 33
41 1 L 7
42 0 U 5
43 0 U 42
44 0 U 43
45 1 U -1
46 1 U 17
47 0 U 46
48 1 U 47
49 1 U 48
50 0 U 49
51 0 U 16
52 0 U 9
53 0 U 37
54 0 U -1
55 0 U 54
56 0 U 55
57 1 U 45
58 0 U 57
59 0 U 14
60 1 U 32
61 1 U 32
62 1 U 26
63 0 U -1
64 1 L 55
65 0 U -1
66 0 U 28
67 0 U 66
68 1 U 67
69 1 L 17
70 0 U 26
71 1 L 21
72 0 U -1
73 0 U 72
74 1 U 73
75 0 U 14
76 0 U 27
77 1 U 72
78 0 U 77
79 1 U 78
80 1 U 79
81 1 U -1
82 0 U 81
83 0 U 82
84 0 U 32
85 0 U 19
86 0 U 85
87 1 U 86
88 0 U 87
89 0 U 88
90
0 1 U -1
1 0 U 0
2 0 U 1
3 1 L 1
4 1 L 3
5 1 L -1
6 0 L 1
7 0 U 6
8 0 L -1
9 1 L -1
10 0 U 7
11 0 L 2
12 1 L 1
13 0 U 12
14 1 U 13
15 0 U 14
16 0 U 15
17 0 U 2
18 1 U -1
19 1 U 18
20 0 L 2
21 0 L 16
22 0 U 21
23 1 U 22
24 1 U 23
25 1 U 24
26 1 L 22
27 0 U -1
28 1 U 27
29 1 U 28
30 1 U 29
31 0 U 30
32 0 L 4
33 1 L 10
34 1 L 0
35 1 L 9
36 1 U -1
37 0 L 22
38 1 U 37
39 0 L 17
40 0 L 36
41 1 L 7
42 1 U 22
43 0 U 42
44 0 U 43
45 1 U -1
46 1 U 45
47 1 L 26
48 1 U 47
49 0 L 3
50 1 L 21
51 0 U 16
52 0 U 9
53 0 U 37
54 0 U -1
55 0 U 54
56 0 U 22
57 1 U 45
58 0 L 51
59 0 U 14
60 1 U 32
61 1 U 32
62 0 U 23
63 0 U -1
64 1 L 55
65 0 U -1
66 0 U 28
67 0 U 66
68 1 U 67
69 1 L 17
70 0 U 26
71 1 L 21
72 0 U -1
73 0 U 72
74 1 U 73
75 0 U 14
76 0 U 27
77 1 U 72
78 0 U 77
79 1 U 78
80 1 U 79
81 1 U -1
82 0 U 81
83 0 U 82
84 0 U 32
85 0 U 19
86 0 U 67
87 1 U 86
88 0 L 77
89 0 U 88
90
0 0 U -1
1 0 U 0
2 0 U 1
3 1 U 2
4 1 L 1
5 1 L -1
6 0 U 5
7 0 U 6
8 0 L -1
9 1 L -1
10 0 U 7
11 0 L 2
12 1 L 1
13 0 U 12
14 1 U 13
15 0 U 14
16 0 U 15
17 0 U 2
18 1 U -1
19 1 U 18
20 0 L 2
21 0 L 16
22 0 U 21
23 1 U 22
24 1 U 23
25 1 U 24
26 1 L 22
27 0 U 9
28 1 U 27
29 1 U 28
30 1 U 29
31 0 U 30
32 1 L 17
33 1 L 10
34 1 L 0
35 1 L 9
36 1 U -1
37 0 L 22
38 1 U 37
39 0 L 17
40 1 U 39
41 1 L 7
42 0 U 5
43 0 U 42
44 0 U 43
45 1 U -1
46 1 U 45
47 0 U 46
48 1 U 47
49 1 U 48
50 0 U 49
51 0 U 16
52 0 U 9
53 0 U 37
54 0 U -1
55 0 U 54
56 0 U 55
57 1 L 16
58 0 U 57
59 0 U 14
60 1 U 32
61 1 U 32
62 0 U 23
63 0 U -1
64 1 L 55
65 0 U -1
66 0 U 28
67 0 U 66
68 1 U 67
69 1 L 17
70 0 U 26
71 1 L 21
72 0 U -1
73 0 U 72
74 1 L 20
75 0 U 14
76 0 U 27
77 1 U 72
78 0 U 77
79 1 U 78
80 0 L 1
81 1 U -1
82 0 U 81
83 0 U 82
84 0 U 32
85 0 U 19
86 0 U 85
87 1 U 86
88 0 U 87
89 0 U 88
90
0 0 U -1
1 0 U 0
2 0 U 1
3 1 U 2
4 1 L 1
5 1 L -1
6 0 U 5
7 0 U 6
8 0 L -1
9 1 L -1
10 0 U 7
11 0 L 2
12 1 L 1
13 0 U 12
14 1 U 5
15 0 U 14
16 0 L 6
17 0 U 2
18 1 U -1
19 1 U 18
20 0 L 2
21 0 L 16
22 0 U 21
23 1 U 22
24 1 U 23
25 1 U 24
26 1 L 22
27 0 U -1
28 1 U 27
29 0 U 5
30 1 U 29
31 1 U 18
32 0 L 4
33 1 L 10
34 1 L 0
35 0 L 10
36 1 U -1
37 0 L 22
38 1 U 37
39 0 L 17
40 1 U 39
41 1 L 7
42 0 U 5
43 0 U 42
44 0 U 43
45 1 U -1
46 1 U 45
47 1 U 13
48 1 U 47
49 1 U 48
50 0 U 49
51 1 L 4
52 0 U 9
53 0 U 37
54 0 U -1
55 0 U 54
56 0 U 55
57 1 U 45
58 0 U 57
59 0 U 14
60 1 U 32
61 1 U 32
62 0 U 23
63 1 U 26
64 1 L 55
65 0 U -1
66 0 U 28
67 0 U 66
68 1 U 67
69 1 L 17
70 0 U 26
71 1 L 21
72 0 U -1
73 0 U 72
74 1 U 73
75 0 U 14
76 0 U 27
77 1 U 72
78 0 U 77
79 0 L 5
80 1 U 79
81 1 U -1
82 1 L 39
83 0 U 82
84 0 U 32
85 0 U 19
86 0 U 85
87 1 U 86
88 0 U 87
89 0 U 88
90
0 0 U -1
1 0 U 0
2 0 U 0
3 1 U 2
4 1 L 0
5 1 L 1
6 0 U 5
7 0 U 6
8 0 L -1
9 1 L -1
10 0 U 7
11 0 L 2
12 1 L 1
13 0 U 12
14 1 U 13
15 0 U 14
16 0 U 15
17 0 U 2
18 1 U -1
19 1 U 18
20 0 L 2
21 0 L 16
22 0 U 21
23 1 U 22
24 1 U 23
25 1 U 24
26 1 L 22
27 0 U -1
28 1 U 27
29 1 U 28
30 1 U 29
31 0 U 8
32 0 L 4
33 1 L 10
34 1 L 0
35 1 L 9
36 1 U -1
37 0 L 22
38 1 U 37
39 0 L 17
40 0 L 2
41 1 L 7
42 0 U 5
43 1 L 29
44 0 U 43
45 1 U -1
46 1 U 45
47 0 U 46
48 1 U 47
49 1 U 48
50 0 U 49
51 0 U 16
52 0 U 9
53 0 U 37
54 0 L 43
55 0 U 54
56 0 U 55
57 1 U 45
58 0 U 57
59 0 U 14
60 1 L 5
61 1 U 32
62 0 U 23
63 0 U -1
64 1 L 55
65 0 U -1
66 0 U 28
67 0 L 45
68 1 U 67
69 1 L 17
70 0 U 26
71 1 L 21
72 0 U -1
73 0 U 72
74 1 U 73
75 0 U 14
76 0 U 27
77 1 U 72
78 0 U 77
79 1 U 78
80 1 U 79
81 1 U -1
82 0 U 81
83 0 U 82
84 0 U 32
85 0 U 19
86 0 U 85
87 1 U 86
88 0 U 87
89 0 U 88
90
0 0 U -1
1 0 U 0
2 0 U 1
3 1 U 2
4 1 L 1
5 1 L -1
6 0 U 5
7 0 U 6
8 0 L -1
9 1 L -1
10 0 U 7
11 0 L 2
12 1 L 1
13 0 U 12
14 1 U 13
15 0 U 14
16 0 U 15
17 1 L 15
18 1 U -1
19 1 U 18
20 0 L 2
21 0 L 16
22 0 U 21
23 1 U 22
24 1 U 23
25 1 U 24
26 1 L 22
27 0 U -1
28 1 U 27
29 1 U 28
30 1 U 29
31 0 U 30
32 0 L 4
33 1 L 10
34 1 L 0
35 1 L 9
36 0 L 18
37 0 L 22
38 1 U 37
39 0 L 17
40 1 U 39
41 1 L 7
42 0 U 5
43 0 U 42
44 0 U 43
45 1 U -1
46 0 U 41
47 0 U 46
48 1 U 47
49 1 U 48
50 0 U 49
51 0 U 16
52 0 U 9
53 0 U 37
54 1 U 14
55 0 L 16
56 0 U 55
57 1 U 45
58 1 L 28
59 0 U 14
60 1 U 32
61 1 U 32
62 0 U 23
63 0 U -1
64 1 L 55
65 0 U -1
66 0 U 36
67 0 U 66
68 0 U 2
69 1 L 17
70 0 U 26
71 1 L 21
72 0 U -1
73 1 L 11
74 1 U 73
75 0 U 14
76 0 U 27
77 1 U 72
78 0 U 77
79 1 U 78
80 0 L 30
81 1 U -1
82 0 U 81
83 0 U 82
84 0 U 32
85 0 U 19
86 0 U 85
87 1 U 86
88 0 U 87
89 0 U 88
90
0 0 U -1
1 0 U 0
2 0 U 1
3 1 U 2
4 1 L 1
5 1 L -1
6 1 L 5
7 0 U 6
8 0 L -1
9 1 L -1
10 0 U 7
11 0 L 2
12 1 L 1
13 0 L 8
14 1 U 13
15 0 U 14
16 0 U 15
17 0 U 2
18 1 U -1
19 1 U 18
20 0 L 2
21 0 L 16
22 0 U 21
23 1 U 22
24 1 U 23
25 1 U 24
26 1 L 22
27 0 U -1
28 1 U 27
29 1 U 28
30 1 U 29
31 0 U 30
32 0 L 4
33 1 L 10
34 1 U 3
35 1 L 9
36 1 U -1
37 0 L 22
38 1 U 37
39 0 L 17
40 1 U 39
41 1 L 7
42 0 U 5
43 0 U 42
44 0 U 43
45 1 U -1
46 1 U 45
47 0 U 46
48 1 U 47
49 1 U 48
50 0 U 49
51 0 U 16
52 0 U 9
53 0 U 37
54 0 U -1
55 0 U 54
56 0 U 55
57 1 U 45
58 0 U 57
59 0 U 14
60 1 U 32
61 1 U 41
62 0 U 23
63 0 U -1
64 1 L 55
65 0 U -1
66 0 U 28
67 0 U 66
68 1 U 67
69 1 L 18
70 0 U 26
71 1 L 21
72 0 U -1
73 0 U 72
74 1 U 73
75 0 U 14
76 0 U 27
77 1 U 72
78 0 U 77
79 1 U 78
80 0 U 34
81 1 U -1
82 0 U 81
83 0 U 82
84 0 U 32
85 0 U 19
86 0 U 85
87 1 U 86
88 0 U 87
89 0 U 88
90
0 0 U -1
1 0 U 0
2 0 U 1
3 1 U 2
4 1 L 1
5 1 L -1
6 0 U 5
7 0 U 6
8 1 U 4
9 1 L -1
10 0 U 7
11 0 L 2
12 1 L 1
13 0 U 12
14 1 U 13
15 0 L 8
16 1 L 0
17 0 U 2
18 1 U -1
19 1 U 18
20 0 L 2
21 0 L 16
22 0 U 21
23 1 U 22
24 1 U 23
25 1 U 24
26 1 L 22
27 0 U -1
28 1 U 27
29 1 U 28
30 1 U 29
31 0 U 30
32 0 L 4
33 1 L 10
34 1 L 0
35 1 L 9
36 1 U -1
37 0 L 16
38 1 U 37
39 0 L 17
40 1 U 39
41 1 L 7
42 0 U 5
43 0 U 42
44 0 U 43
45 1 U -1
46 1 U 45
47 0 U 46
48 1 U 47
49 1 U 48
50 0 U 49
51 0 U 16
52 0 U 9
53 0 U 37
54 0 U -1
55 0 U 54
56 0 U 55
57 1 U 45
58 0 U 57
59 0 U 14
60 1 U 32
61 1 U 32
62 0 U 23
63 0 U -1
64 1 L 55
65 0 U -1
66 0 L 17
67 0 U 66
68 1 U 67
69 1 L 17
70 0 U 26
71 1 L 21
72 0 U -1
73 0 U 72
74 1 U 73
75 0 U 14
76 0 U 27
77 1 U 72
78 0 U 77
79 1 U 78
80 1 U 79
81 1 U -1
82 0 U 81
83 0 U 82
84 0 U 32
85 0 U 19
86 0 U 85
87 1 U 86
88 0 U 87
89 0 L 29
90
0 0 U -1
1 0 U 0
2 0 U 1
3 1 U 2
4 1 L 1
5 1 L -1
6 0 U 5
7 0 U 6
8 0 L -1
9 1 L -1
10 0 L 4
11 0 L 7
12 1 L 1
13 0 U 12
14 1 U 13
15 0 U 14
16 0 U 15
17 0 U 2
18 1 U -1
19 0 L 17
20 0 L 2
21 0 L 16
22 0 U 21
23 1 U 22
24 1 U 23
25 1 U 24
26 1 L 22
27 0 U -1
28 1 U 27
29 1 U 28
30 0 U -1
31 0 U 30
32 0 L 4
33 1 L 10
34 0 L 32
35 1 L 9
36 1 U -1
37 0 L 22
38 0 U 7
39 0 L 17
40 1 U 39
41 1 L 7
42 0 U 5
43 1 L 1
44 0 U 43
45 1 U 4
46 1 U 45
47 0 U 46
48 1 U 47
49 1 U 48
50 0 U 49
51 0 U 16
52 0 L 5
53 0 U 37
54 0 U -1
55 0 U 54
56 0 U 55
57 1 U 45
58 0 U 57
59 0 U 14
60 1 U 32
61 1 U 32
62 0 U 23
63 0 U -1
64 1 L 55
65 0 U -1
66 0 U 28
67 0 U 66
68 1 U 67
69 1 L 17
70 0 U 26
71 1 L 21
72 0 L 41
73 0 U 72
74 1 U 73
75 0 U 14
76 0 U 27
77 1 U 72
78 0 U 77
79 1 U 78
80 1 U 64
81 1 U -1
82 0 U 81
83 0 U 82
84 0 U 32
85 0 U 19
86 0 U 85
87 1 U 86
88 0 U 87
89 0 U 88
90
0 0 U -1
1 0 U 0
2 0 U 1
3 1 U 2
4 1 L 1
5 1 L -1
6 0 U 5
7 0 U 6
8 0 L 7
9 1 L -1
10 0 U 7
11 1 U 9
12 1 L 1
13 0 U 12
14 1 U 13
15 0 U 14
16 0 U 15
17 0 U 2
18 1 U -1
19 1 U 18
20 0 L 2
21 0 L 16
22 0 U 21
23 1 U 22
24 1 U 23
25 1 U 24
26 1 L 22
27 0 U -1
28 1 U 27
29 1 U 28
30 0 L 25
31 0 U 30
32 0 L 4
33 1 L 10
34 1 L 0
35 1 L 9
36 1 U -1
37 0 L 22
38 1 U 37
39 0 L 17
40 1 U 39
41 1 L 7
42 0 U 5
43 0 U 42
44 0 U 43
45 1 U -1
46 1 U 45
47 0 U 46
48 0 U 11
49 1 U 48
50 0 U 49
51 0 U 16
52 0 U 9
53 0 U 37
54 0 U -1
55 0 U 54
56 0 U 55
57 1 U 45
58 0 U 57
59 0 U 14
60 1 U 32
61 1 U 32
62 0 L 0
63 1 L 56
64 1 L 55
65 0 U -1
66 0 U 28
67 0 U 66
68 1 U 67
69 1 L 17
70 0 U 26
71 1 L 21
72 0 U 33
73 0 U 72
74 1 U 73
75 0 U 14
76 0 U 27
77 0 L 72
78 0 U 77
79 1 U 78
80 1 U 79
81 1 U -1
82 0 L 81
83 0 U 82
84 0 U 32
85 0 U 19
86 0 L 16
87 1 U 86
88 0 U 87
89 0 U 88
90
0 0 U -1
1 0 U 0
2 0 U 1
3 1 U 2
4 1 L 1
5 1 L -1
6 0 U 5
7 0 U 6
8 0 L -1
9 1 L -1
10 0 U 7
11 0 L 2
12 1 L 1
13 0 L 8
14 1 U 13
15 0 U 14
16 0 U 15
17 0 U 2
18 1 U -1
19 1 U 18
20 0 L 2
21 0 L 16
22 0 U 21
23 1 U 22
24 1 U 23
25 1 U 24
26 1 L 22
27 0 U -1
28 1 U 27
29 0 L 8
30 1 U 29
31 0 U 30
32 0 L 4
33 1 L 10
34 1 L 0
35 1 L 9
36 1 U -1
37 0 L 22
38 1 U 37
39 0 L 17
40 1 U 39
41 1 L 7
42 0 U 5
43 0 U 42
44 0 U 43
45 1 U -1
46 1 U 45
47 0 U 46
48 1 U 47
49 1 U 48
50 0 U 49
51 0 U 16
52 0 U 9
53 1 L 50
54 0 U -1
55 0 U 54
56 0 U 55
57 1 U 45
58 0 U 57
59 0 U 14
60 1 U 32
61 1 U 32
62 0 U 23
63 0 U -1
64 0 U 35
65 0 U -1
66 0 U 28
67 0 U 66
68 1 U 67
69 1 L 17
70 0 U 26
71 1 L 21
72 0 U -1
73 0 U 72
74 1 U 73
75 0 U 14
76 0 U 27
77 1 U 72
78 0 U 77
79 1 U 14
80 1 U 79
81 1 U -1
82 0 U 81
83 0 U 82
84 0 U 32
85 0 U 19
86 0 U 85
87 1 U 86
88 0 U 87
89 0 U 88
90
0 0 L -1
1 0 U 0
2 0 U 1
3 1 U 2
4 1 L 1
5 1 L -1
6 0 U 5
7 0 U 6
8 0 L -1
9 1 L -1
10 0 U 7
11 0 L 2
12 1 L 1
13 0 U 12
14 1 U 13
15 0 U 14
16 0 U 15
17 0 U 2
18 1 U -1
19 1 U 10
20 0 L 2
21 0 L 16
22 0 U 21
23 1 U 22
24 1 U 23
25 1 U 24
26 1 L 22
27 1 L 0
28 1 U 27
29 1 U 28
30 1 U 29
31 0 U 30
32 0 L 4
33 1 L 10
34 1 L 0
35 1 L 9
36 1 U -1
37 0 L 22
38 1 U 37
39 0 L 17
40 1 U 39
41 1 L 7
42 0 U 5
43 0 U 42
44 0 U 43
45 0 U 37
46 1 U 45
47 0 U 46
48 1 U 47
49 1 U 48
50 0 U 49
51 0 U 16
52 0 U 9
53 0 U 37
54 0 U -1
55 0 U -1
56 0 U 55
57 1 U 45
58 0 U 57
59 0 U 14
60 1 U 32
61 1 U 32
62 0 U 23
63 0 U -1
64 1 L 45
65 0 U 30
66 0 U 28
67 0 U 66
68 1 U 67
69 1 L 17
70 0 U 26
71 1 L 21
72 0 U -1
73 0 U 72
74 1 U 73
75 0 U 14
76 0 U 27
77 1 U 72
78 0 U 77
79 1 L 34
80 1 U 79
81 1 U -1
82 0 U 81
83 0 U 82
84 0 U 32
85 0 U 19
86 0 U 85
87 1 U 86
88 0 U 87
89 0 U 88
90
0 0 U -1
1 0 U 0
2 0 U 1
3 1 U 2
4 1 L 1
5 1 L -1
6 0 U 5
7 0 U 6
8 0 L -1
9 1 L 2
10 0 U 7
11 0 L 2
12 1 U -1
13 1 U 9
14 1 U 13
15 1 L 3
16 0 U 15
17 0 L 16
18 1 U -1
19 1 U 18
20 0 L 2
21 0 L 16
22 0 U 21
23 1 U 22
24 1 U 23
25 1 U 24
26 1 L 22
27 0 U -1
28 1 U 27
29 1 U 28
30 1 U 29
31 0 U 30
32 0 U 27
33 1 L 10
34 1 L 0
35 1 L 9
36 1 U -1
37 0 L 22
38 1 U 37
39 0 U 38
40 1 U 39
41 1 L 7
42 0 U 5
43 0 U 42
44 0 L 35
45 1 U -1
46 1 U 45
47 0 U 46
48 1 U 47
49 1 U 48
50 0 U 49
51 0 U 16
52 0 U 9
53 0 U 37
54 0 U -1
55 0 U 54
56 0 U 55
57 1 U 45
58 0 U 57
59 0 U 14
60 1 U 32
61 1 U 32
62 0 U 23
63 0 U 6
64 1 L 55
65 0 U -1
66 0 U 28
67 0 U 66
68 1 U 67
69 1 L 17
70 0 L 22
71 1 L 21
72 0 U -1
73 0 U 72
74 1 U 73
75 1 L 61
76 0 U 27
77 1 U 72
78 0 U 77
79 1 U 78
80 0 L 21
81 1 U -1
82 0 U 81
83 0 U 82
84 1 L 18
85 0 U 19
86 0 U 85
87 1 U 86
88 0 U 87
89 0 U 88
90
0 0 U -1
1 0 U 0
2 0 U 1
3 1 U 2
4 1 L 1
5 1 L -1
6 0 U 5
7 0 U 6
8 0 L -1
9 1 L -1
10 0 U 7
11 0 L 2
12 1 U 11
13 0 U 12
14 1 U 13
15 0 U 13
16 0 U 15
17 0 U 2
18 1 U 0
19 1 U 18
20 0 L 2
21 0 L 16
22 0 U 21
23 1 U 22
24 1 U 23
25 1 U 24
26 1 L 22
27 0 L 10
28 1 U 27
29 1 U 28
30 1 U 29
31 0 U 30
32 1 U 30
33 1 L 10
34 1 L 0
35 1 L 9
36 1 U -1
37 0 L 15
38 1 U 37
39 0 L 17
40 1 U 39
41 1 L 7
42 0 U 5
43 0 U 42
44 0 U 43
45 1 U -1
46 1 U 45
47 0 U 46
48 1 U 47
49 1 U 48
50 0 U 49
51 0 U 16
52 0 U 9
53 0 U 37
54 0 U -1
55 0 U 54
56 0 U 55
57 0 U 22
58 0 U 57
59 0 U 14
60 1 U 32
61 1 U 32
62 0 U 23
63 0 U -1
64 1 L 55
65 0 U -1
66 0 U 28
67 0 U 66
68 0 L 60
69 1 L 17
70 0 U 26
71 1 L 21
72 0 U -1
73 0 U 72
74 1 U 73
75 0 U 14
76 0 U 27
77 1 U 72
78 0 U 77
79 1 U 78
80 1 U 79
81 1 U -1
82 0 U 81
83 0 U 82
84 0 U 32
85 0 U 19
86 0 U 85
87 1 U 86
88 1 U 50
89 0 U 88
90
0 0 U -1
1 0 U 0
2 0 U 0
3 1 U 2
4 1 L 1
5 0 U 2
6 0 U 5
7 0 U 6
8 0 L -1
9 1 L -1
10 0 U 7
11 0 L 2
12 1 L 1
13 0 U 12
14 1 U 13
15 0 U 8
16 0 U 15
17 0 U 2
18 1 U -1
19 1 U 18
20 0 L 2
21 0 L 16
22 0 U 21
23 1 L 20
24 1 U 23
25 1 U 24
26 1 L 22
27 0 U -1
28 1 U 27
29 1 U 28
30 1 U 29
31 0 U 30
32 0 L 4
33 1 L 10
34 1 L 11
35 1 L 9
36 1 U 17
37 0 L 22
38 1 U 37
39 0 U 1
40 1 U 39
41 1 L 10
42 1 U 3
43 0 U 42
44 0 U 43
45 1 U -1
46 1 U 45
47 0 U 46
48 1 U 47
49 1 U 48
50 0 U 49
51 0 U 16
52 0 U 9
53 0 U 37
54 0 U -1
55 0 U 54
56 0 U 55
57 1 U 45
58 0 U 57
59 0 U 14
60 1 U 32
61 1 U 32
62 0 U 23
63 0 U -1
64 1 L 55
65 0 U -1
66 0 U 28
67 0 U 66
68 0 U 20
69 1 L 17
70 0 U 26
71 1 L 21
72 0 U -1
73 1 U 72
74 0 U 27
75 0 U 14
76 0 U 27
77 1 U 66
78 0 U 77
79 1 U 78
80 1 U 79
81 1 U -1
82 0 U 81
83 0 U 82
84 1 U 16
85 0 U 19
86 0 U 85
87 1 L 35
88 0 U 87
89 0 U 88
90
0 0 U -1
1 0 U 0
2 0 U 1
3 0 U 2
4 1 L 1
5 1 L -1
6 0 U 5
7 0 U 6
8 0 L -1
9 1 L -1
10 0 U 7
11 0 L 2
12 1 L 1
13 0 U 12
14 1 L 1
15 0 U 14
16 0 U 15
17 0 U 2
18 1 U -1
19 1 U 18
20 0 L 2
21 0 L 16
22 0 U 21
23 1 U 22
24 1 U 23
25 1 U 24
26 1 L 22
27 0 U -1
28 1 U 27
29 1 L 23
30 1 L 19
31 0 U 30
32 0 L 4
33 1 L 10
34 1 L 0
35 0 U 9
36 1 U -1
37 0 L 22
38 1 U 37
39 0 L 17
40 0 U 38
41 1 L 7
42 0 U 5
43 0 U 42
44 1 U 29
45 1 U -1
46 1 U 45
47 0 U 46
48 1 U 47
49 1 U 48
50 0 U 49
51 0 U 16
52 0 U 9
53 0 U 37
54 1 U 34
55 0 U 54
56 0 U 55
57 1 U 45
58 0 U 57
59 0 U 14
60 1 U 32
61 1 U 32
62 0 U 23
63 0 U -1
64 1 L 55
65 1 U 1
66 0 U 28
67 0 U 66
68 1 U 67
69 1 L 17
70 0 U 26
71 1 L 21
72 0 U -1
73 0 U 72
74 1 U 73
75 0 U 14
76 0 U 27
77 1 U 72
78 0 U 77
79 1 U 78
80 1 U 79
81 1 U -1
82 0 U 81
83 0 U 82
84 0 U 32
85 0 U 19
86 0 U 85
87 1 U 86
88 0 U 87
89 0 U 88
90
0 0 U -1
1 0 U 0
2 0 U 1
3 1 U 2
4 1 L 1
5 1 L -1
6 0 U 5
7 1 U 0
8 0 L -1
9 0 L 3
10 0 U 7
11 0 L 2
12 1 L 1
13 0 U 12
14 1 U 13
15 0 U 14
16 0 U 15
17 0 U 2
18 1 U -1
19 1 U 18
20 0 L 2
21 0 L 16
22 0 U 21
23 1 U 22
24 1 U 23
25 1 U 24
26 1 U 21
27 0 U -1
28 1 U 27
29 1 U 28
30 1 U 29
31 0 U 30
32 0 U 17
33 1 L 10
34 1 L 0
35 1 L 9
36 0 U 8
37 0 L 22
38 1 U 37
39 0 L 17
40 1 U 39
41 1 L 7
42 0 U 5
43 1 U 41
44 0 U 43
45 0 U -1
46 1 U 45
47 0 U 46
48 1 U 47
49 1 U 48
50 0 U 49
51 0 U 16
52 0 U 9
53 0 U 37
54 0 U -1
55 0 U 54
56 0 U 55
57 1 U 45
58 0 U 57
59 0 U 14
60 1 U 32
61 1 U 32
62 0 U 23
63 0 U -1
64 1 L 55
65 0 U -1
66 1 U 44
67 0 U 66
68 1 U 11
69 1 L 17
70 0 U 26
71 1 L -1
72 0 U -1
73 0 U 72
74 1 U 73
75 0 U 14
76 0 U 27
77 0 U 74
78 0 U 77
79 1 U 78
80 1 U 79
81 1 U -1
82 0 U 81
83 0 U 82
84 0 U 32
85 1 U 41
86 0 U 85
87 1 U 86
88 0 U 87
89 0 U 88
90
0 0 U -1
1 1 U 0
2 0 U 1
3 1 U 2
4 1 L 1
5 1 L -1
6 0 U 5
7 0 U 6
8 0 L -1
9 1 L -1
10 0 U 7
11 0 L 2
12 1 L 1
13 0 U 12
14 1 U 13
15 0 U 14
16 0 U 15
17 0 U 2
18 1 U 1
19 1 U 18
20 0 L 2
21 0 L 16
22 0 U 21
23 1 U 22
24 1 U 23
25 1 U 24
26 1 L 22
27 0 U -1
28 1 U 27
29 1 U 28
30 1 L 12
31 0 U 30
32 0 L 4
33 1 L 10
34 1 L 0
35 1 L 9
36 1 U -1
37 0 L 22
38 1 U 37
39 0 L 17
40 1 U 39
41 1 L 7
42 0 U 5
43 0 U 42
44 0 U 43
45 1 U -1
46 1 U 45
47 0 U 46
48 1 U 14
49 1 U 48
50 0 U 49
51 0 U 16
52 0 U 9
53 0 U 37
54 0 U -1
55 0 U 54
56 0 U 55
57 1 U 45
58 0 U 57
59 0 U 14
60 1 U 32
61 1 U 32
62 0 U 23
63 0 U -1
64 1 L 55
65 0 U -1
66 0 U 28
67 0 U 66
68 1 U 67
69 1 L 17
70 0 U 26
71 1 L 21
72 0 U -1
73 0 U 72
74 1 L 60
75 0 U 14
76 0 U 27
77 1 U 72
78 0 U 77
79 1 U 78
80 1 U 79
81 1 U -1
82 0 U 81
83 0 U 82
84 0 U 32
85 0 U 19
86 0 U 85
87 1 U 86
88 0 U 87
89 0 U 64
90
0 0 U -1
1 0 U 0
2 1 U 0
3 1 U 2
4 0 L 0
5 1 L -1
6 0 U 5
7 0 U 6
8 0 L -1
9 1 L -1
10 0 U 7
11 0 L 2
12 1 L 1
13 0 U 12
14 1 U 13
15 0 U 14
16 0 U 15
17 0 U 2
18 1 U -1
19 1 U 18
20 0 L 2
21 0 U 10
22 0 U 21
23 1 L 16
24 1 U 23
25 1 U 24
26 1 L 22
27 0 U -1
28 1 U 27
29 1 U 28
30 1 U 29
31 0 U 30
32 0 L 4
33 1 U 23
34 1 L 0
35 1 L 9
36 1 U -1
37 0 L 22
38 1 U 37
39 0 L 17
40 1 U 39
41 1 L 7
42 0 U 5
43 0 U 42
44 0 U 43
45 1 U -1
46 1 U 45
47 0 U 46
48 1 U 47
49 1 U 48
50 0 U 49
51 0 U 16
52 0 U 9
53 0 U 37
54 0 U -1
55 0 U 54
56 0 U 55
57 1 U 45
58 0 U 57
59 0 U 14
60 1 U 32
61 1 U 32
62 0 U 23
63 0 U -1
64 1 L 55
65 0 U -1
66 0 U 28
67 1 U 61
68 1 U 67
69 1 L 17
70 0 U 26
71 1 L 21
72 0 U -1
73 0 U 72
74 1 U 73
75 0 U 14
76 0 U 27
77 1 U 72
78 0 U 77
79 1 U 78
80 1 U 79
81 1 U 45
82 0 U 81
83 0 U 82
84 0 U 32
85 0 U 19
86 1 U 25
87 1 U 86
88 0 U 87
89 0 U 88
90
0 0 U -1
1 0 U 0
2 0 U 1
3 1 U 2
4 1 L 1
5 1 L -1
6 0 U 5
7 0 U 6
8 1 L 1
9 1 L -1
10 0 U 7
11 0 L 2
12 1 L 1
13 0 U 12
14 1 U 13
15 0 U 14
16 0 U 15
17 0 U 2
18 1 U -1
19 1 U 18
20 0 L 2
21 0 L 16
22 0 U 21
23 1 U 22
24 1 U 23
25 1 U 24
26 1 L 22
27 0 U -1
28 1 U 27
29 0 U 22
30 1 U 29
31 0 U 30
32 0 L 4
33 1 L 10
34 1 L 0
35 1 L 9
36 1 L 24
37 0 L 22
38 1 U 37
39 0 L 17
40 1 U 39
41 1 L 7
42 0 U 5
43 0 U 42
44 0 U 43
45 1 U -1
46 1 U 45
47 0 U 46
48 1 U 47
49 1 U 48
50 0 U 49
51 0 U 16
52 0 U 9
53 1 L 16
54 0 U -1
55 0 U 54
56 0 U 55
57 1 U 45
58 0 U 57
59 0 U 14
60 1 U 32
61 1 U 32
62 0 U 23
63 0 U -1
64 1 L 55
65 1 U -1
66 0 U 28
67 0 U 66
68 1 U 67
69 1 L 17
70 0 U 26
71 1 L 21
72 0 L 65
73 1 U 41
74 0 U 9
75 0 U 14
76 0 U 27
77 1 U 72
78 0 U 77
79 1 U 78
80 1 U 79
81 1 U -1
82 0 U 81
83 0 U 82
84 0 U 32
85 0 U 19
86 0 L 68
87 1 U 86
88 0 U 87
89 0 U 88
90
0 0 U -1
1 0 U 0
2 0 U 1
3 1 U 2
4 1 L 1
5 1 L -1
6 0 U 5
7 0 U 6
8 0 L -1
9 1 L -1
10 0 U 7
11 0 L 2
12 1 L 1
13 0 U 12
14 0 L 6
15 0 U 14
16 1 U 11
17 0 U 2
18 1 U -1
19 1 U 18
20 0 L 2
21 0 L 16
22 0 U 21
23 1 U 9
24 1 U 23
25 1 U 24
26 1 L 22
27 0 U -1
28 1 U 27
29 0 U 26
30 1 U 29
31 0 U 30
32 0 L 4
33 1 L 10
34 1 L 0
35 1 L 9
36 1 U -1
37 0 L 22
38 1 U 37
39 0 L 17
40 1 U 39
41 1 L 7
42 0 U 5
43 0 U 42
44 0 U 43
45 1 U -1
46 1 U 45
47 1 L 40
48 1 U 47
49 1 U 48
50 0 U 49
51 0 U 16
52 0 U 9
53 0 U 12
54 0 U -1
55 0 U 51
56 0 U 55
57 1 U 45
58 0 U 57
59 0 U 14
60 1 U 32
61 1 U 32
62 0 U 23
63 0 U -1
64 1 L 55
65 0 U -1
66 0 U 28
67 1 U 53
68 1 U 67
69 1 L 17
70 0 U 26
71 1 L 21
72 0 U -1
73 0 U 72
74 1 U 73
75 0 U 14
76 0 U 27
77 1 U 72
78 1 U 73
79 1 U 78
80 1 U 79
81 1 U -1
82 0 U 81
83 0 L 13
84 0 U 32
85 0 U 19
86 0 U 85
87 1 U 86
88 0 U 87
89 0 U 88
90
0 0 U -1
1 1 L 0
2 0 U 1
3 1 U 2
4 1 L 1
5 1 L -1
6 0 U 5
7 0 U 6
8 1 L 3
9 1 L -1
10 0 U 7
11 0 L 2
12 1 L 1
13 0 U 12
14 1 U 13
15 0 U 14
16 0 U 15
17 0 U 2
18 1 U -1
19 1 U 18
20 0 L 2
21 0 L 16
22 0 U 21
23 1 U 22
24 1 U 23
25 1 U 24
26 1 L 22
27 0 U 3
28 1 U 27
29 1 U 28
30 1 U 29
31 0 U 30
32 0 L 4
33 1 L 10
34 1 L 0
35 1 L 9
36 1 U -1
37 0 L 22
38 1 U 37
39 0 L 21
40 1 U 39
41 1 L 7
42 0 U 5
43 0 U 42
44 0 U 43
45 1 U -1
46 1 U 45
47 0 U 46
48 1 U 47
49 1 U 48
50 0 U 49
51 0 U 16
52 0 U 9
53 0 U 10
54 0 U -1
55 0 U 54
56 0 U 55
57 1 U 45
58 0 U 57
59 0 U 14
60 1 U 32
61 1 U 32
62 0 U 23
63 0 U -1
64 1 L 55
65 0 U -1
66 0 U 28
67 0 U 66
68 1 U 67
69 1 L 60
70 0 U 26
71 1 L 21
72 0 U -1
73 0 U 72
74 1 U 73
75 0 L 68
76 0 U 27
77 1 U 72
78 0 U 77
79 1 U 78
80 1 U 79
81 1 U -1
82 0 U 81
83 0 U 82
84 0 U 32
85 0 U 19
86 0 U 85
87 1 U 86
88 0 U 87
89 0 U 88
90
0 0 U -1
1 0 U 0
2 0 U 1
3 1 U 2
4 1 L 1
5 1 L -1
6 0 U 5
7 0 U 6
8 0 L -1
9 1 L -1
10 0 U 7
11 1 U 9
12 1 L 1
13 0 U 12
14 1 U 13
15 0 U 14
16 0 U 15
17 0 U 2
18 1 U -1
19 1 U 18
20 0 L 2
21 0 L 16
22 0 U 21
23 1 U 22
24 1 L 21
25 1 U 24
26 1 L 2
27 0 U -1
28 1 U 27
29 1 U 28
30 1 U 29
31 0 U 30
32 0 L 4
33 1 L 10
34 1 L 0
35 1 L 9
36 1 U -1
37 0 L 22
38 0 L 3
39 0 L 17
40 1 U 39
41 1 L 7
42 0 U 5
43 0 U 42
44 0 U 43
45 1 U -1
46 1 U 45
47 0 U 46
48 1 U 47
49 1 U 48
50 0 U 49
51 0 U 16
52 0 U 9
53 0 U 37
54 0 U -1
55 0 U 54
56 1 U 40
57 1 U 45
58 0 U 57
59 0 U 14
60 1 U 32
61 1 U 32
62 0 U 23
63 0 U -1
64 1 L 55
65 0 U -1
66 0 U 28
67 1 U 47
68 1 U 67
69 1 L 17
70 0 U 26
71 1 L 21
72 1 L 34
73 0 U 72
74 1 U 73
75 0 U 14
76 0 U 27
77 1 U 72
78 0 U 77
79 1 U 78
80 1 U 79
81 1 U -1
82 0 U 81
83 0 U 82
84 0 U 32
85 0 U 19
86 1 L 31
87 1 U 86
88 0 U 87
89 0 U 88
90
0 0 U -1
1 0 U 0
2 0 U 1
3 1 U 2
4 1 L 1
5 1 L -1
6 0 U 5
7 0 U 6
8 0 L -1
9 1 L -1
10 0 U 7
11 0 U 3
12 1 L 1
13 0 U 12
14 1 U 13
15 0 U 14
16 0 U 15
17 0 U 2
18 0 L 5
19 1 U 18
20 0 L 2
21 0 L 16
22 0 U 21
23 1 U 22
24 1 U 23
25 0 U 15
26 1 L 22
27 0 U -1
28 1 U 27
29 1 U 28
30 1 U 29
31 0 U 30
32 0 L 4
33 1 L 10
34 1 L 0
35 1 L 9
36 1 U -1
37 0 U 1
38 1 U 37
39 0 L 17
40 1 L 39
41 0 L 0
42 0 U 5
43 0 U 42
44 0 U 43
45 1 U -1
46 1 U 45
47 0 U 46
48 1 U 47
49 1 U 48
50 0 U 49
51 0 U 16
52 0 U 9
53 0 U 37
54 0 U -1
55 0 U 54
56 0 U 55
57 0 L 51
58 0 U 57
59 0 U 14
60 1 U 32
61 1 U 32
62 0 U 43
63 0 U -1
64 1 L 55
65 0 U -1
66 0 U 28
67 0 U 66
68 1 U 67
69 1 L 17
70 0 U 26
71 1 L 21
72 0 U -1
73 0 U 72
74 1 U 73
75 0 U 14
76 0 U 27
77 1 U 72
78 0 L 29
79 1 U 78
80 1 U 79
81 1 U -1
82 0 U 81
83 0 U 82
84 0 U 32
85 0 U 19
86 0 U 85
87 1 U 86
88 0 U 87
89 0 U 88
90
0 0 U -1
1 0 U 0
2 0 U 1
3 1 U 2
4 1 L 1
5 1 L -1
6 0 U 5
7 0 U 6
8 0 L -1
9 1 L -1
10 0 U 7
11 0 L 2
12 0 U 0
13 0 U 12
14 1 U 13
15 0 U 14
16 0 U 15
17 0 U 2
18 1 U -1
19 1 U 18
20 0 L 2
21 0 L 16
22 0 U 21
23 1 U 22
24 1 U 23
25 1 U 24
26 1 U 15
27 0 U -1
28 1 U 27
29 1 U 28
30 1 U 29
31 0 U 30
32 0 L 4
33 1 L 10
34 1 L 0
35 1 L 9
36 1 U -1
37 0 L 22
38 1 U 37
39 0 L 17
40 1 L 3
41 1 L 7
42 0 U 5
43 0 U 42
44 0 U 43
45 1 U -1
46 1 U 45
47 0 U 46
48 1 U 47
49 1 U 48
50 0 U 49
51 0 U 16
52 0 U 9
53 1 U 21
54 0 U -1
55 0 U 54
56 0 U 55
57 1 U 45
58 0 U 57
59 0 U 14
60 1 U 19
61 1 U 32
62 0 U 23
63 0 U -1
64 1 L 55
65 0 U -1
66 0 U 28
67 0 U 66
68 1 U 67
69 1 L 17
70 0 U 26
71 0 L 57
72 0 U -1
73 0 U 72
74 1 U 73
75 0 U 14
76 0 U 27
77 1 U 72
78 0 U 77
79 1 U 78
80 1 U 79
81 1 U -1
82 0 U 81
83 0 U 82
84 0 U 32
85 0 U 19
86 0 U 85
87 1 U 86
88 0 U 87
89 0 U 88
90
0 0 U -1
1 0 U 0
2 0 U 1
3 1 U 2
4 1 L 1
5 1 L -1
6 0 U 5
7 0 U 6
8 0 L -1
9 1 L -1
10 0 U 7
11 0 L 2
12 1 L 1
13 0 U 12
14 1 U 13
15 1 U 5
16 0 U 15
17 0 U 2
18 1 U -1
19 1 U 18
20 0 L 19
21 0 L 16
22 0 U 21
23 1 U 22
24 1 U 23
25 1 U 24
26 1 L 22
27 0 U -1
28 1 U 27
29 1 U 28
30 1 U 29
31 0 U 30
32 0 L 4
33 1 L 10
34 1 L 0
35 1 L 9
36 1 U -1
37 1 L 21
38 1 U 37
39 0 L 17
40 0 U 2
41 1 L 7
42 0 U 5
43 0 U 42
44 0 U 43
45 1 U -1
46 1 U 45
47 0 U 46
48 1 U 47
49 1 U 48
50 0 U 49
51 0 U 16
52 0 U 9
53 0 U 37
54 0 U -1
55 0 U 54
56 0 U 55
57 1 U 45
58 1 U 42
59 0 U 14
60 1 U 32
61 1 U 32
62 0 U 23
63 0 U -1
64 1 L 55
65 0 U -1
66 0 U 28
67 0 U 66
68 1 L 1
69 1 L 17
70 0 U 26
71 1 L 21
72 0 U -1
73 0 U 72
74 1 U 73
75 0 L 0
76 0 U 27
77 1 U 72
78 0 U 77
79 1 U 78
80 1 U 79
81 1 U -1
82 1 U 75
83 1 U 20
84 1 L 0
85 0 U 19
86 0 U 85
87 1 U 86
88 0 U 87
89 0 U 88
90
0 0 U -1
1 0 U 0
2 0 U 1
3 1 U 2
4 1 L 1
5 1 L -1
6 0 U 5
7 0 U 6
8 0 L -1
9 1 L -1
10 0 U 7
11 0 L 2
12 1 L 1
13 0 U 9
14 1 U 13
15 0 U 14
16 0 U 15
17 0 U 2
18 1 L 0
19 1 U 18
20 0 L 2
21 0 L 16
22 0 U 21
23 1 U 22
24 1 U 23
25 1 U 24
26 1 L 22
27 0 U -1
28 1 U 27
29 1 U 28
30 1 U 29
31 0 U 30
32 0 L 4
33 0 U 27
34 1 L 0
35 1 L 9
36 1 U -1
37 0 L 22
38 1 U 37
39 0 L 17
40 1 L 35
41 1 L 7
42 0 U 5
43 0 U 42
44 0 U 43
45 1 U -1
46 1 U 45
47 0 U 46
48 1 U 47
49 1 U 48
50 1 U 11
51 0 U 16
52 0 U 9
53 0 U 37
54 0 U -1
55 0 U 54
56 0 U 55
57 1 U 45
58 0 U 57
59 0 U 14
60 0 L 2
61 1 U 32
62 0 U 23
63 0 U -1
64 1 L 55
65 0 L -1
66 0 U 28
67 0 U 66
68 1 U 67
69 1 L 17
70 0 U 26
71 1 L 21
72 0 U -1
73 1 L 12
74 1 U 73
75 0 U 14
76 0 U 27
77 1 U 72
78 0 U 77
79 1 U 78
80 1 U 79
81 1 U -1
82 0 U 81
83 0 U 82
84 0 U 32
85 0 U 19
86 0 U 85
87 0 L 42
88 0 U 87
89 0 U 88
90
0 0 U -1
1 0 U 0
2 0 U 1
3 1 U 2
4 1 L 1
5 1 L -1
6 0 U 5
7 0 U 6
8 1 L 2
9 1 L -1
10 1 U 6
11 0 L 2
12 1 L 1
13 0 U 12
14 1 U 13
15 0 U 14
16 0 U 15
17 0 U 2
18 1 U -1
19 1 U 18
20 0 L 2
21 0 L 16
22 0 U 21
23 1 U 22
24 1 U 23
25 1 U 24
26 1 L 22
27 0 U -1
28 1 U 27
29 1 U 28
30 1 U 29
31 0 U 30
32 0 L 4
33 1 L 10
34 1 L 0
35 1 L 9
36 1 U -1
37 0 L 22
38 1 U 37
39 1 L 36
40 1 U 39
41 1 L 7
42 0 U 5
43 0 U 42
44 0 U 43
45 1 U -1
46 1 U 45
47 0 U 46
48 0 L 12
49 1 U 48
50 0 U 49
51 0 U 16
52 0 U 9
53 0 U 37
54 0 U -1
55 0 U 54
56 0 U 55
57 1 U 45
58 0 U 57
59 0 U 14
60 1 U 32
61 1 U 32
62 0 U 23
63 0 U -1
64 1 L 55
65 0 U -1
66 0 U 28
67 0 U 66
68 1 U 67
69 1 L 17
70 0 U 26
71 1 L 21
72 0 U -1
73 0 U 72
74 1 U 73
75 0 U 14
76 0 U 27
77 1 U 72
78 0 U 77
79 1 U 78
80 1 U 79
81 1 U -1
82 0 U 81
83 0 U 82
84 0 U 32
85 0 U 19
86 0 U 85
87 1 U 86
88 0 U 87
89 0 U 88
90
0 0 U -1
1 0 U 0
2 0 U 1
3 1 U 2
4 0 L 1
5 1 L -1
6 0 U 0
7 0 U 6
8 0 L -1
9 1 L -1
10 0 U 7
11 0 L 2
12 1 L 1
13 0 U 12
14 0 L 11
15 0 U 14
16 0 U 15
17 0 U 2
18 1 U -1
19 1 U 18
20 0 L 2
21 0 L 16
22 0 U 21
23 1 U 22
24 1 U 23
25 1 U 24
26 1 L 22
27 0 U -1
28 1 U 27
29 1 U 28
30 1 U 29
31 0 U 30
32 0 L 4
33 1 L 10
34 1 L 0
35 1 L 9
36 1 U -1
37 0 L 22
38 1 U 37
39 0 L 17
40 1 U 39
41 1 L 7
42 0 U 5
43 0 U 42
44 0 U 43
45 1 U -1
46 1 U 45
47 0 U 46
48 1 U 47
49 1 U 48
50 0 U 49
51 0 U 16
52 0 U 9
53 0 U 37
54 0 U -1
55 0 U 54
56 0 U 55
57 1 U 45
58 0 U 57
59 0 U 14
60 1 U 32
61 1 U 32
62 0 U 23
63 0 U -1
64 1 L 16
65 1 U 44
66 0 U 28
67 0 U 66
68 1 U 67
69 1 L 17
70 0 U 26
71 1 L 21
72 0 U -1
73 0 U 72
74 1 U 73
75 0 U 14
76 0 U 27
77 0 U 60
78 0 U 77
79 1 U 78
80 1 U 79
81 1 U -1
82 0 U 81
83 0 U 82
84 0 U 32
85 0 U 19
86 0 U 85
87 1 L 54
88 0 U 87
89 0 U 88
90
0 0 U -1
1 1 L 0
2 0 U 1
3 1 U 2
4 1 L 1
5 1 L -1
6 0 U 5
7 0 U 6
8 0 L -1
9 1 L -1
10 0 U 7
11 0 L 2
12 1 L 1
13 0 U 12
14 1 U 13
15 0 U 14
16 0 U 15
17 0 U 2
18 1 L 15
19 1 U 18
20 0 L 2
21 0 L 16
22 0 U 21
23 1 U 22
24 1 U 23
25 1 U 24
26 1 L 22
27 1 L -1
28 0 L 21
29 1 U 28
30 1 U 29
31 0 U 30
32 0 L 4
33 1 L 10
34 1 L 0
35 1 L 9
36 1 U -1
37 0 L 22
38 1 U 37
39 0 L 17
40 1 U 39
41 1 L 7
42 0 U 5
43 0 U 42
44 0 U 43
45 1 U -1
46 1 U 45
47 0 U 46
48 1 U 47
49 1 U 48
50 0 U 49
51 0 U 16
52 0 U 9
53 0 U 37
54 0 U 27
55 0 U 54
56 0 U 55
57 1 U 45
58 0 U 57
59 0 U 14
60 1 U 32
61 1 U 32
62 1 U 41
63 0 U -1
64 1 L 55
65 0 U 4
66 0 U 28
67 0 U 66
68 1 U 67
69 1 L 17
70 0 U 26
71 1 L 21
72 0 U -1
73 0 U 72
74 1 U 73
75 0 U 14
76 0 U 27
77 1 U 72
78 0 U 77
79 1 U 78
80 1 U 79
81 1 U -1
82 0 U 81
83 0 U 82
84 0 U 32
85 0 U 19
86 0 U 85
87 1 U 6
88 0 U 87
89 0 U 88
90
0 0 U -1
1 0 U 0
2 0 U 1
3 1 U 2
4 1 L 1
5 1 L -1
6 0 U 5
7 0 U 6
8 0 L -1
9 1 L -1
10 0 U 7
11 0 L 2
12 1 L 1
13 0 U 12
14 1 U 13
15 0 U 14
16 0 U 15
17 0 U 2
18 1 U -1
19 1 U 18
20 0 L 2
21 0 L 16
22 0 U 21
23 1 U 22
24 1 U 23
25 1 U 24
26 1 L 22
27 0 U -1
28 1 U 27
29 1 U 14
30 1 L 23
31 0 U 30
32 0 L 4
33 1 L 10
34 1 L 0
35 1 L 9
36 1 U -1
37 0 L 22
38 1 U 37
39 0 L 17
40 1 U 39
41 1 L 7
42 0 U 36
43 0 U 42
44 0 U 43
45 1 U -1
46 1 U 45
47 0 U 46
48 1 U 47
49 1 U 48
50 0 U 49
51 0 U 16
52 0 U 9
53 0 L 13
54 0 U -1
55 0 U 54
56 0 U 55
57 1 U 45
58 0 U 57
59 0 U 14
60 1 U 32
61 1 U 32
62 0 U 23
63 0 L 5
64 1 L 55
65 0 U -1
66 0 U 28
67 0 U 66
68 1 U 67
69 1 L 17
70 0 L 40
71 1 L 21
72 0 U -1
73 0 U 72
74 1 U 73
75 0 U 14
76 0 U 27
77 1 U 72
78 0 U 77
79 1 U 78
80 1 U 79
81 1 U -1
82 0 U 81
83 0 U 82
84 0 U 32
85 0 U 19
86 0 U 85
87 1 U 86
88 0 U 87
89 0 U 88
90
0 0 U -1
1 0 U 0
2 0 U 1
3 1 U 2
4 1 L 1
5 1 L -1
6 0 U 5
7 0 U 6
8 1 L 6
9 1 L -1
10 1 L 3
11 0 L 2
12 0 U 6
13 0 U 12
14 1 U 13
15 0 U 14
16 0 U 15
17 0 U 2
18 1 U -1
19 1 U 18
20 0 L 2
21 0 L 16
22 0 U 21
23 1 U 22
24 1 U 23
25 1 U 24
26 1 L 22
27 0 U -1
28 1 U 27
29 1 U 28
30 1 U 29
31 0 U 30
32 0 L 4
33 1 L 10
34 1 L 0
35 1 L 9
36 1 U -1
37 0 L 22
38 1 U 37
39 0 L 17
40 1 U 39
41 1 L 7
42 0 U 5
43 0 U 42
44 1 L 26
45 1 U -1
46 1 U 45
47 0 U 46
48 1 U 47
49 1 U 48
50 0 U 49
51 0 U 16
52 0 U 9
53 0 U 37
54 0 U -1
55 0 U 54
56 0 U 24
57 1 U 45
58 0 U 57
59 0 U 14
60 1 U 32
61 1 U 32
62 0 U 23
63 0 U -1
64 0 L 40
65 0 U -1
66 0 U 28
67 0 U 66
68 1 U 67
69 1 L 17
70 0 U 26
71 1 L 21
72 0 U -1
73 0 U 72
74 1 U 73
75 0 U 14
76 0 U 27
77 1 U 72
78 0 U 77
79 1 U 78
80 1 U 79
81 1 U -1
82 0 U 81
83 0 U 82
84 0 U 32
85 0 U 19
86 0 U 85
87 1 U 86
88 0 U 87
89 0 U 88
90
0 0 U -1
1 0 U 0
2 0 U 1
3 1 U 2
4 1 L 1
5 0 L 3
6 0 U 5
7 0 U 6
8 0 L -1
9 1 L -1
10 0 U 7
11 0 L 2
12 1 L 1
13 0 U 12
14 1 U 13
15 0 U 14
16 0 U 15
17 0 U 2
18 1 U -1
19 0 U 17
20 0 L 2
21 0 U 4
22 0 U 21
23 1 U 22
24 1 U 23
25 1 U 24
26 1 L 22
27 0 U -1
28 1 U 27
29 1 U 28
30 1 U 29
31 1 L 7
32 0 L 4
33 1 U 20
34 1 L 0
35 1 L 9
36 1 U -1
37 0 L 22
38 1 U 37
39 0 L 17
40 1 U 39
41 0 L 40
42 0 U 5
43 0 U 42
44 0 U 43
45 1 U -1
46 1 U 45
47 0 U 46
48 1 U 47
49 1 U 48
50 0 U 49
51 0 U 16
52 0 U 0
53 0 U 37
54 0 U -1
55 0 U 54
56 0 U 55
57 1 U 45
58 0 L 51
59 1 U 38
60 1 U 32
61 1 U 32
62 0 U 23
63 0 U -1
64 1 L 55
65 0 U -1
66 0 U 28
67 0 U 66
68 1 U 67
69 1 L 17
70 0 U 26
71 1 L 21
72 0 U -1
73 0 U 72
74 1 U 73
75 1 L 1
76 0 U 27
77 1 U 72
78 0 U 77
79 1 U 78
80 1 U 79
81 1 L 3
82 0 U 81
83 0 U 82
84 0 U 32
85 0 U 19
86 1 L 42
87 1 U 86
88 0 U 87
89 0 U 88
90
0 0 U -1
1 0 U 0
2 0 U 1
3 1 U 2
4 1 L 1
5 1 L -1
6 0 U 5
7 0 U 6
8 0 L -1
9 1 L -1
10 0 L 0
11 0 L 2
12 1 L 1
13 0 U 12
14 1 U 13
15 0 U 14
16 0 U 15
17 0 U 2
18 1 U -1
19 1 U 18
20 0 L 2
21 0 L 16
22 0 U 21
23 1 U 22
24 1 U 23
25 1 U 24
26 1 L 22
27 0 U -1
28 1 U 27
29 0 U 16
30 1 U 29
31 0 U 30
32 0 L 4
33 1 L 30
34 1 L 0
35 1 L 9
36 1 U -1
37 0 L 22
38 1 U 37
39 1 U 16
40 1 U 39
41 1 L 7
42 0 U 5
43 0 U 42
44 1 U -1
45 1 U -1
46 1 U 45
47 0 U 46
48 1 U 47
49 1 U 48
50 0 U 49
51 0 U 16
52 0 U 9
53 0 U 37
54 0 U 2
55 0 U 54
56 0 U 55
57 1 U 45
58 0 U 57
59 1 U 40
60 1 U 42
61 1 U 32
62 0 U 23
63 0 U -1
64 1 L 55
65 0 U -1
66 0 U 28
67 0 U 66
68 0 L 51
69 1 L 17
70 0 U 26
71 1 L 21
72 0 U -1
73 0 U 72
74 1 U 73
75 0 U 14
76 0 L 20
77 1 U 72
78 0 U 77
79 1 U 78
80 1 U 79
81 1 U -1
82 0 U 81
83 0 U 82
84 0 U 32
85 0 U 19
86 0 U 13
87 1 U 86
88 0 U 87
89 0 U 88
90
0 0 U -1
1 0 U 0
2 0 U 1
3 1 L -1
4 0 U -1
5 1 L -1
6 0 U 5
7 1 U 2
8 0 L -1
9 1 L 8
10 0 U 5
11 0 L 2
12 1 L 1
13 0 U 12
14 1 U 13
15 0 U 14
16 0 U 15
17 0 U 2
18 1 U -1
19 1 U 18
20 0 L 2
21 0 L 16
22 0 U 21
23 0 L -1
24 1 U 23
25 1 U 24
26 1 L 22
27 0 U -1
28 1 U 27
29 1 U 28
30 1 U 29
31 0 U 30
32 0 L 4
33 1 L 10
34 1 L 0
35 1 U 23
36 1 U -1
37 0 L 22
38 1 U 37
39 0 L 17
40 1 U 39
41 1 L 7
42 0 U 5
43 0 U 42
44 0 U 43
45 1 U -1
46 1 U 45
47 0 U 46
48 1 U 28
49 1 U 48
50 0 U 49
51 0 U 17
52 0 U 9
53 0 U 37
54 0 U -1
55 0 U 54
56 0 U 55
57 1 U 45
58 0 U 57
59 0 U 41
60 1 U 32
61 1 U 32
62 0 L 39
63 0 U -1
64 1 L 55
65 0 U -1
66 0 U 28
67 0 U 66
68 1 U 67
69 1 L 17
70 0 U 26
71 1 L 21
72 0 U -1
73 0 U 72
74 1 U 73
75 0 U 14
76 0 U 27
77 1 U 72
78 0 U 77
79 1 U 78
80 1 U 79
81 1 U -1
82 0 U 81
83 0 U 82
84 0 U 32
85 0 U 19
86 0 U 85
87 1 U 86
88 0 U 87
89 0 U 88
90
0 0 U -1
1 0 U 0
2 0 U 1
3 1 U 2
4 1 L 1
5 1 L 3
6 0 U 5
7 0 U 6
8 0 L -1
9 1 L -1
10 0 U 7
11 0 L 2
12 1 L 1
13 0 U 12
14 1 U 13
15 0 U 14
16 0 U 15
17 0 U 2
18 1 U -1
19 1 U 18
20 0 L 2
21 0 L 16
22 0 U 21
23 1 U 22
24 1 U 23
25 1 U 24
26 1 L 22
27 0 U -1
28 1 U 27
29 1 U 28
30 1 U 29
31 0 U 30
32 0 L 4
33 1 L 10
34 1 L 0
35 1 L 9
36 1 U -1
37 0 L 20
38 1 U 37
39 0 L 17
40 1 U 39
41 1 L 7
42 0 U 5
43 0 U 42
44 1 U 12
45 1 U -1
46 1 U 45
47 0 U 46
48 1 U 47
49 1 U 48
50 0 U 49
51 0 U 36
52 0 U 9
53 0 U 37
54 0 U -1
55 0 U 54
56 0 U 55
57 1 U 45
58 0 U 57
59 0 U 14
60 1 U 32
61 1 U 32
62 0 U 23
63 0 U -1
64 1 U 33
65 0 U -1
66 0 U 28
67 0 U 66
68 1 U 67
69 1 L 17
70 0 U 26
71 1 L 21
72 0 U -1
73 0 U 72
74 1 U 73
75 0 U 14
76 0 U 27
77 1 U 72
78 0 U 77
79 1 U 78
80 1 U 79
81 1 U -1
82 0 U 81
83 1 U 37
84 0 U 32
85 0 U 19
86 0 U 85
87 0 U 29
88 0 U 87
89 0 U 88
90
0 0 U -1
1 0 U 0
2 1 L 1
3 1 U 2
4 1 L 1
5 1 L -1
6 0 U 5
7 0 U 6
8 0 L -1
9 1 L -1
10 0 U 7
11 0 L 2
12 1 L 1
13 0 U 12
14 1 U 13
15 0 U 14
16 0 U 15
17 0 U 2
18 1 U -1
19 1 U 18
20 1 U 9
21 0 L 16
22 0 U 21
23 1 U 22
24 1 U 23
25 1 L 3
26 1 U 23
27 0 U -1
28 1 U 27
29 1 U 28
30 1 U 29
31 0 U 30
32 0 L 4
33 1 L 10
34 1 U 25
35 1 L 9
36 1 U -1
37 0 L 22
38 1 U 37
39 0 L 17
40 1 U 39
41 0 U 21
42 0 U 5
43 0 U 42
44 0 U 43
45 1 U -1
46 1 U 45
47 0 U 46
48 1 U 47
49 1 U 48
50 0 U 49
51 0 U 16
52 0 U 9
53 1 L 50
54 0 U -1
55 1 U 17
56 1 L 26
57 1 U 45
58 0 U 57
59 0 U 14
60 1 U 32
61 1 U 32
62 0 U 23
63 0 U -1
64 1 L 55
65 0 U -1
66 0 U 28
67 0 U 66
68 1 U 67
69 1 L 17
70 0 U 26
71 1 L 21
72 0 U -1
73 0 L 31
74 1 U 73
75 0 U 14
76 0 U 27
77 1 U 72
78 0 U 77
79 1 U 78
80 1 U 79
81 1 U -1
82 0 U 81
83 0 U 82
84 0 L 81
85 0 U 19
86 0 U 85
87 1 U 86
88 0 U 87
89 0 U 88
90
0 0 U -1
1 0 U 0
2 0 U 1
3 1 U 2
4 1 L 1
5 1 L -1
6 0 U 5
7 0 U 5
8 0 L -1
9 1 L -1
10 0 U 7
11 0 L 2
12 1 L 1
13 0 U 12
14 1 U 13
15 0 U 14
16 0 U 15
17 0 U 2
18 1 U -1
19 1 U 18
20 0 L 2
21 0 L 16
22 0 U 21
23 1 U 22
24 1 U 23
25 1 U 24
26 1 L 22
27 0 U -1
28 1 U 27
29 1 U 28
30 1 U 29
31 0 U 30
32 0 L 4
33 1 L 10
34 1 L 0
35 1 L 9
36 1 U -1
37 0 L 22
38 1 U 37
39 0 L 17
40 1 U 39
41 1 L 7
42 0 U 5
43 0 U 42
44 0 U 43
45 1 L 2
46 1 U 45
47 0 U 46
48 1 U 47
49 1 U 48
50 0 U 49
51 0 U 16
52 0 U 9
53 0 U 37
54 0 U -1
55 0 U 54
56 0 U 55
57 1 U 45
58 1 U 1
59 0 U 14
60 1 U 32
61 1 U 32
62 0 U 23
63 0 U -1
64 1 L 55
65 0 U -1
66 0 U 28
67 0 U 66
68 1 U 67
69 1 L 17
70 0 U 26
71 1 L 21
72 0 L 56
73 0 U 72
74 0 L 26
75 0 U 14
76 0 U 27
77 0 U 31
78 0 U 77
79 1 U 78
80 1 U 79
81 1 U -1
82 0 U 81
83 0 U 82
84 0 U 13
85 0 U 19
86 0 U 85
87 1 U 86
88 0 U 87
89 0 U 88
90
0 0 U -1
1 1 U 0
2 0 U 1
3 1 U 2
4 1 L 1
5 1 U 4
6 1 L 2
7 0 U 6
8 0 L -1
9 1 L -1
10 0 U 7
11 0 L 2
12 0 L 3
13 0 U 12
14 1 U -1
15 0 U 14
16 0 U 15
17 0 U 2
18 1 U -1
19 1 U 18
20 0 L 2
21 0 L 16
22 0 U 21
23 1 U 22
24 1 U 23
25 1 U 24
26 1 L 22
27 0 U -1
28 1 L 4
29 1 U 28
30 1 U 29
31 0 U 30
32 0 L 4
33 1 L 10
34 1 L 0
35 1 L 9
36 1 U -1
37 0 L 22
38 1 U 37
39 0 L 17
40 1 U 39
41 1 L 7
42 0 L 8
43 1 L 31
44 1 U 5
45 1 U -1
46 0 U 9
47 1 U 19
48 1 U 47
49 1 U 48
50 0 U 49
51 0 L 44
52 1 L 22
53 0 U 37
54 0 U -1
55 0 U 54
56 0 U 55
57 1 U 45
58 0 U 57
59 0 U 14
60 1 U 32
61 1 U 32
62 0 U 23
63 0 U -1
64 0 L 38
65 0 U -1
66 0 U 28
67 0 U 66
68 1 L 60
69 1 L 17
70 0 U 26
71 1 L 21
72 0 U -1
73 0 U 72
74 1 U 73
75 0 U 14
76 0 U 27
77 1 U 72
78 0 U 77
79 1 U 78
80 1 U 79
81 1 U -1
82 0 U 81
83 0 U 82
84 0 U 32
85 0 U 19
86 0 U 85
87 1 U 86
88 0 U 87
89 0 U 88
90
0 0 U -1
1 0 U -1
2 0 U 1
3 1 U 2
4 1 L 1
5 1 L -1
6 0 U 5
7 0 U 6
8 0 L -1
9 1 L -1
10 0 U 7
11 0 L 2
12 1 L 1
13 0 U 12
14 1 U 13
15 0 U 14
16 0 U 15
17 0 U 2
18 1 U -1
19 1 U 18
20 0 L 2
21 0 L 16
22 0 U 21
23 1 U 22
24 1 U 23
25 1 U 24
26 1 L 22
27 0 U -1
28 1 U 27
29 1 U 28
30 1 U 29
31 0 U 30
32 0 L 15
33 1 L 10
34 1 L 0
35 1 L 9
36 1 U -1
37 0 L 22
38 1 U 37
39 0 L 17
40 1 U 39
41 1 L 7
42 0 U 5
43 0 U 42
44 0 U 43
45 1 U -1
46 1 U 45
47 0 U 46
48 1 U 47
49 1 U 48
50 0 U 49
51 0 U 16
52 0 U 9
53 0 U 37
54 0 U -1
55 0 U 54
56 0 U 55
57 1 U 45
58 1 L 21
59 0 U 14
60 0 L 19
61 1 U 32
62 0 U 23
63 1 L 55
64 1 U 51
65 0 U -1
66 0 U 28
67 0 U 66
68 1 U 67
69 1 L 17
70 0 U 26
71 1 L 21
72 0 U -1
73 0 U 72
74 1 U 73
75 0 U 14
76 0 U 27
77 1 U 72
78 0 U 77
79 1 U 78
80 1 U 79
81 1 U -1
82 0 U 81
83 0 U 82
84 0 U 32
85 1 L 76
86 0 U 85
87 1 U 86
88 0 U 87
89 0 U 88
90
0 0 L -1
1 0 U 0
2 0 U 1
3 1 U 2
4 1 L 1
5 1 L -1
6 0 U 5
7 0 U 6
8 0 L -1
9 1 L -1
10 0 U 7
11 0 L 2
12 1 L 1
13 0 U 12
14 1 U 13
15 0 U 14
16 0 U 15
17 0 U 2
18 1 U -1
19 1 U 18
20 0 L 2
21 0 L 16
22 0 U 21
23 1 U 22
24 1 U 23
25 1 U 24
26 1 L 22
27 0 U -1
28 1 U 27
29 1 U 28
30 1 U 29
31 0 U 30
32 0 L 4
33 1 L 10
34 1 L 0
35 1 L 9
36 1 U -1
37 0 L 22
38 1 U 37
39 0 L 17
40 1 U 39
41 1 L 7
42 0 U 5
43 0 U 42
44 0 U 43
45 1 U -1
46 1 U 45
47 0 U 39
48 1 U 47
49 1 U 48
50 0 U 49
51 0 U 16
52 0 U 9
53 0 U 37
54 0 U -1
55 1 L 38
56 0 U 55
57 1 U 45
58 0 U 57
59 0 U 14
60 0 U 4
61 1 U 32
62 0 U 23
63 0 U -1
64 1 L 55
65 0 U -1
66 0 U 28
67 0 U 66
68 1 U 67
69 1 L 17
70 0 U 26
71 1 L 21
72 0 U -1
73 0 U 72
74 1 U 73
75 0 U 14
76 0 U 27
77 1 U 72
78 0 U 77
79 1 U 78
80 1 U 79
81 1 U -1
82 0 U 81
83 0 U 82
84 0 U 32
85 0 U 19
86 0 U 85
87 1 U 86
88 0 U 87
89 0 U 88
90
0 0 U -1
1 0 U 0
2 0 U 1
3 1 U 2
4 1 L 1
5 1 L -1
6 0 U 5
7 0 U 6
8 0 L -1
9 1 L -1
10 0 U 7
11 0 L 2
12 1 L 1
13 0 U 12
14 0 L 4
15 0 U 14
16 0 U 15
17 0 U 2
18 1 U 2
19 1 U 18
20 0 L 2
21 0 L 16
22 0 U 21
23 1 U 22
24 1 U 23
25 1 U 24
26 1 L 22
27 0 U -1
28 1 U 27
29 1 U 24
30 1 U 29
31 0 U 30
32 0 L 4
33 1 L 10
34 1 L 0
35 1 L 9
36 1 U -1
37 0 L 22
38 1 U 37
39 1 L 10
40 1 U 39
41 1 L 7
42 0 U 5
43 1 L 42
44 1 U 8
45 1 U -1
46 1 U 45
47 0 U 46
48 1 U 47
49 1 U 48
50 0 U 49
51 0 U 16
52 0 U 9
53 0 U 37
54 0 U -1
55 0 U 54
56 0 U 55
57 1 U 45
58 0 U 57
59 0 U 14
60 1 U 32
61 1 U 32
62 0 U 23
63 1 U 11
64 0 L 39
65 0 U -1
66 0 U 28
67 0 U 66
68 1 U 67
69 1 L 17
70 0 U 26
71 1 L 21
72 1 L 44
73 0 U 72
74 1 U 73
75 0 U 14
76 0 U 27
77 1 U 72
78 0 U 77
79 1 U 78
80 1 U 79
81 1 U -1
82 0 U 81
83 0 U 17
84 0 U 32
85 0 U 19
86 0 U 85
87 1 U 86
88 0 U 87
89 0 U 88
90
0 0 U -1
1 0 U 0
2 0 U 1
3 1 U 2
4 1 L 1
5 1 L -1
6 0 L 0
7 0 U 6
8 0 L -1
9 1 L -1
10 0 U 7
11 0 L 2
12 1 L 1
13 0 U 12
14 1 U 13
15 1 L 12
16 0 U 15
17 0 U 2
18 1 U -1
19 1 U 18
20 0 L 9
21 0 L 16
22 0 U 21
23 1 L 0
24 1 U 23
25 1 U 24
26 1 L 22
27 0 U -1
28 1 U 27
29 1 U 28
30 1 U 29
31 0 U 30
32 0 U 3
33 1 L 10
34 1 U 12
35 1 L 9
36 1 U -1
37 0 L 22
38 1 U 37
39 0 L 17
40 1 U 39
41 0 U 36
42 0 U 5
43 0 U 42
44 0 U 43
45 1 U -1
46 1 U 45
47 0 U 46
48 1 U 47
49 1 U 48
50 0 U 49
51 0 U 16
52 0 U 9
53 0 U 37
54 0 U -1
55 0 U 54
56 0 U 19
57 1 U 45
58 0 U 57
59 0 U 14
60 1 U 32
61 1 U 32
62 0 U 23
63 0 U -1
64 1 L 55
65 0 U -1
66 0 U 28
67 0 U 66
68 1 U 67
69 1 L 17
70 0 U 26
71 1 L 21
72 0 U -1
73 0 U 72
74 1 U 73
75 0 U 14
76 1 U 0
77 1 U 72
78 0 U 77
79 1 U 78
80 1 U 79
81 1 U -1
82 0 U 81
83 0 U 82
84 0 U 32
85 0 U 19
86 0 U 85
87 1 U 86
88 0 U 87
89 0 U 88
90
0 0 U -1
1 0 U 0
2 0 U 1
3 1 U 2
4 1 L 1
5 1 U 2
6 0 U 5
7 0 U 6
8 0 L -1
9 1 L -1
10 0 U 7
11 0 L 2
12 1 L 1
13 0 U 12
14 1 U 13
15 0 U 14
16 0 U 15
17 0 U 2
18 1 U -1
19 1 U 18
20 0 L 2
21 0 L 16
22 0 U 21
23 1 U 22
24 1 U 23
25 1 U 24
26 1 L 22
27 0 U -1
28 1 U 27
29 1 U 28
30 1 U 29
31 0 U 30
32 0 L 4
33 1 L 10
34 1 L 0
35 1 L 9
36 1 U -1
37 0 L 22
38 1 U 37
39 0 L 17
40 1 U 39
41 1 L 7
42 0 U 5
43 0 U 42
44 0 U 43
45 1 U -1
46 1 U 45
47 0 U 46
48 1 U 47
49 1 U 48
50 0 U 49
51 0 U 16
52 0 U 9
53 0 U 37
54 0 U -1
55 0 U 54
56 0 U 55
57 0 L 21
58 0 U 57
59 0 U 14
60 1 U 32
61 1 U 32
62 0 U 23
63 0 U -1
64 1 L 55
65 0 U -1
66 0 U 28
67 0 U 66
68 1 U 67
69 1 L 17
70 0 U 26
71 1 L 21
72 0 U -1
73 0 U 72
74 1 U 73
75 0 U 14
76 0 U 27
77 0 L 58
78 0 U 77
79 1 U 78
80 1 U 79
81 1 U -1
82 0 U 81
83 0 U 82
84 0 U 11
85 0 U 19
86 0 U 85
87 1 L 41
88 0 U 87
89 0 U 88
90
0 0 U -1
1 0 U 0
2 0 U 1
3 1 U 2
4 1 L 1
5 1 L -1
6 0 U 5
7 0 U 6
8 0 L -1
9 1 L -1
10 1 U 5
11 0 L 2
12 1 L 1
13 0 U 12
14 1 U 13
15 0 U 14
16 0 U 15
17 0 U 2
18 1 U -1
19 1 U 18
20 0 L 9
21 0 L 16
22 0 U 21
23 1 L 3
24 1 U 23
25 1 U 24
26 1 L 22
27 1 U 19
28 1 U 27
29 1 U 28
30 1 U 29
31 0 L 8
32 0 L 4
33 1 L 10
34 0 U 15
35 1 L 9
36 1 U -1
37 0 L 22
38 1 L 34
39 0 L 17
40 1 U 39
41 1 L 7
42 0 U 5
43 0 U 42
44 0 U 43
45 1 U -1
46 1 U 45
47 0 U 46
48 1 U 47
49 1 U 48
50 0 U 49
51 0 U 16
52 0 U 9
53 0 U 37
54 0 L 19
55 0 U 54
56 0 U 55
57 1 U 45
58 0 U 57
59 0 U 14
60 1 U 32
61 1 U 32
62 0 L 37
63 0 U -1
64 1 L 55
65 0 U -1
66 0 U 28
67 1 U 54
68 1 U 67
69 0 U 41
70 0 U 26
71 1 L 21
72 0 U -1
73 0 U 72
74 1 U 73
75 0 U 14
76 0 U 27
77 1 U 72
78 0 U 77
79 1 U 78
80 1 U 79
81 1 U -1
82 0 U 81
83 0 U 82
84 0 U 32
85 0 U 19
86 0 U 85
87 1 U 86
88 0 U 87
89 0 U 88
90
0 0 U -1
1 0 U 0
2 0 U 1
3 1 U 2
4 1 L 1
5 1 L -1
6 0 U 5
7 0 U 6
8 0 L -1
9 1 L -1
10 0 U 7
11 0 L 2
12 1 L 9
13 0 U 12
14 1 U 13
15 0 U 14
16 0 U 15
17 0 U 2
18 0 L 8
19 1 U 18
20 0 L 2
21 0 L 16
22 0 U 21
23 1 U 22
24 1 U 23
25 1 U 24
26 1 L 22
27 0 U -1
28 1 U 27
29 1 U 28
30 1 U 29
31 0 U 30
32 1 L 29
33 1 L 10
34 1 L 0
35 1 U 28
36 0 L 32
37 0 L 22
38 1 U 37
39 0 L 17
40 0 L 7
41 1 L 7
42 0 U 5
43 0 U 42
44 0 U 43
45 1 U -1
46 1 U 45
47 0 U 46
48 1 U 47
49 1 U 4
50 0 U 49
51 0 U 16
52 0 U 9
53 0 U 37
54 0 U -1
55 0 U 54
56 0 U 55
57 1 U 45
58 1 U 20
59 0 U 14
60 1 U 32
61 1 U 32
62 0 U 23
63 0 U -1
64 1 L 55
65 0 U -1
66 0 U 28
67 0 U 66
68 1 U 67
69 1 L 17
70 0 U 26
71 1 L 21
72 0 U -1
73 0 U 72
74 1 U 73
75 0 U 14
76 0 U 27
77 1 U 72
78 0 U 77
79 1 U 78
80 0 U 62
81 1 U -1
82 0 U 81
83 0 U 82
84 0 U 32
85 0 U 19
86 0 U 85
87 1 U 86
88 0 U 87
89 0 U 88
90
0 0 U -1
1 0 U 0
2 0 U 1
3 1 U 2
4 1 L 1
5 1 L -1
6 0 U 5
7 0 U 6
8 0 L -1
9 1 L -1
10 0 U 7
11 0 L 2
12 1 L 1
13 0 L 8
14 1 U 13
15 0 U 14
16 0 U 15
17 0 U 2
18 1 U -1
19 1 U 18
20 0 L 13
21 1 U 5
22 0 U 21
23 1 U 22
24 1 U 23
25 1 U 24
26 1 L 22
27 0 U -1
28 1 U 27
29 1 U 28
30 1 U 29
31 0 U 30
32 0 L 4
33 1 L 3
34 1 L 0
35 1 L 9
36 1 U -1
37 0 L 22
38 1 U 37
39 0 L 17
40 1 U 39
41 1 L 7
42 0 U 5
43 0 U 42
44 0 U 43
45 1 U -1
46 0 L 10
47 0 U 46
48 1 L 10
49 1 U 48
50 0 U 49
51 0 U 16
52 0 U 9
53 0 U 37
54 0 U -1
55 0 U 54
56 0 U 55
57 1 U 45
58 0 U 57
59 0 U 14
60 1 U 32
61 1 U 32
62 0 U 23
63 0 U -1
64 1 L 55
65 0 U -1
66 1 U 47
67 0 U 66
68 1 U 67
69 1 L 17
70 0 U 26
71 1 L 12
72 0 U -1
73 0 U 72
74 1 U 73
75 0 U 14
76 0 U 27
77 1 U 72
78 0 U 77
79 1 U 78
80 1 U 79
81 1 U -1
82 0 U 81
83 0 U 82
84 0 U 32
85 0 U 19
86 0 U 85
87 1 U 86
88 0 U 87
89 0 U 88
90
0 1 L -1
1 0 U 0
2 0 U 1
3 1 U 2
4 1 L 1
5 1 L -1
6 0 U 5
7 0 U 6
8 0 L -1
9 1 L -1
10 0 U 7
11 0 L 2
12 1 L 1
13 0 U 12
14 1 U 13
15 0 U 14
16 0 U 15
17 0 U 2
18 1 U 5
19 1 U 18
20 0 L 2
21 0 L 16
22 0 U 21
23 1 U 22
24 1 U 23
25 1 U 24
26 1 L 22
27 0 L 5
28 1 U 27
29 1 U 28
30 1 U 29
31 0 U 30
32 0 L 16
33 1 L 10
34 1 L 0
35 1 L 9
36 1 U -1
37 0 L 22
38 1 U 37
39 0 L 17
40 1 U 39
41 1 L 7
42 0 U 5
43 0 U 42
44 0 U 43
45 1 L 16
46 1 U 45
47 0 L 44
48 1 U 47
49 1 U 48
50 0 U 49
51 0 U 16
52 0 U 9
53 0 U 37
54 0 L 29
55 1 L 30
56 0 U 55
57 1 U 45
58 0 U 57
59 0 U 14
60 1 U 32
61 1 U 32
62 0 U 23
63 0 U 49
64 1 L 55
65 0 U -1
66 0 U 28
67 0 U 66
68 1 U 67
69 1 L 17
70 0 U 26
71 1 L 21
72 0 U -1
73 0 U 72
74 1 U 73
75 0 U 14
76 0 U 27
77 1 U 72
78 1 U 23
79 1 U 78
80 1 U 79
81 1 U -1
82 0 U 81
83 0 U 82
84 0 U 32
85 0 U 19
86 0 U 85
87 1 U 86
88 0 U 87
89 0 U 88
90
0 0 U -1
1 0 U 0
2 0 U 1
3 1 U 2
4 1 L 1
5 1 L -1
6 0 U 5
7 0 U 6
8 0 L -1
9 1 L -1
10 0 U 7
11 0 L 2
12 1 L 1
13 1 U 8
14 1 U 13
15 0 U 14
16 0 U 15
17 0 U 2
18 1 U -1
19 1 U 18
20 0 L 2
21 0 L 16
22 0 U 21
23 1 U 22
24 0 L 1
25 1 U 24
26 1 L 22
27 0 U -1
28 1 U 27
29 1 U 28
30 1 U 29
31 0 U 30
32 0 L 4
33 1 L 10
34 0 U 26
35 1 L 9
36 1 U -1
37 0 L 22
38 1 U 37
39 0 L 17
40 1 U 39
41 1 L 7
42 0 U 5
43 0 U 42
44 0 U 43
45 1 U -1
46 0 U 33
47 0 U 46
48 1 U 47
49 1 U 48
50 0 U 49
51 0 U 16
52 0 U 9
53 0 U 37
54 0 U -1
55 0 U 54
56 0 U 55
57 1 U 45
58 0 U 57
59 0 U 14
60 1 U 32
61 1 U 32
62 0 U 23
63 0 U -1
64 1 L 55
65 0 U -1
66 1 U 15
67 0 U 66
68 1 U 67
69 1 L 59
70 0 U 26
71 1 L 21
72 0 U -1
73 0 U 72
74 1 U 73
75 1 L 5
76 0 U 27
77 1 L 11
78 0 U 77
79 1 U 78
80 1 U 79
81 1 U -1
82 0 U 81
83 1 L 63
84 0 U 32
85 0 U 51
86 0 U 9
87 1 U 86
88 0 U 87
89 0 L 87
90
0 0 U -1
1 0 U 0
2 0 U 1
3 1 U 2
4 1 L 1
5 1 L -1
6 0 U 5
7 1 U 0
8 0 L -1
9 1 L -1
10 0 U 7
11 0 L 2
12 1 L 1
13 0 U 12
14 1 U 13
15 0 U 14
16 0 U 15
17 0 U 2
18 1 U -1
19 1 U 18
20 0 L 2
21 0 L 16
22 0 U 21
23 1 U 22
24 1 U 23
25 1 U 24
26 1 L 22
27 0 U -1
28 1 U 27
29 1 U 28
30 1 U 29
31 0 U 30
32 0 L 4
33 1 L 10
34 1 L 0
35 1 L 9
36 1 U -1
37 0 L 6
38 1 U 37
39 1 U 18
40 1 U 39
41 1 L 7
42 0 U 5
43 0 L 6
44 0 U 43
45 1 U -1
46 1 U 45
47 0 U 46
48 1 U 47
49 1 U 48
50 0 U 49
51 0 U 41
52 0 U 9
53 0 U 38
54 0 U -1
55 0 U 54
56 0 U 55
57 1 U 45
58 0 U 57
59 0 U 14
60 1 U 32
61 1 U 32
62 0 U 23
63 0 U -1
64 1 L 55
65 0 U -1
66 0 U 28
67 0 U 66
68 1 U 5
69 1 L 17
70 0 U 26
71 1 L 21
72 0 U -1
73 0 U 72
74 1 U 73
75 0 U 14
76 1 U 69
77 1 U 72
78 0 U 77
79 1 U 78
80 1 U 79
81 1 U -1
82 0 U 81
83 0 U 82
84 0 U 32
85 1 L 48
86 0 U 85
87 1 U 86
88 0 U 87
89 0 U 88
90
0 0 U -1
1 0 U 0
2 0 U 1
3 1 U 2
4 1 L 1
5 1 L -1
6 1 L -1
7 0 U 6
8 0 L -1
9 1 L -1
10 0 U 7
11 0 L 2
12 1 L 1
13 0 U 12
14 0 U 8
15 0 U 14
16 0 U 15
17 0 U 2
18 0 U 1
19 1 U 18
20 0 L 2
21 0 L 16
22 0 U 21
23 1 U 22
24 1 U 23
25 1 U 24
26 1 L 22
27 0 U -1
28 0 L 9
29 1 U 28
30 1 U 29
31 0 U 30
32 0 L 4
33 1 L 0
34 1 L 0
35 1 L 9
36 1 U -1
37 0 L 22
38 1 U 37
39 0 L 17
40 1 U 39
41 1 L 7
42 0 U 5
43 0 U 42
44 0 U 43
45 1 U -1
46 1 U 45
47 0 U 46
48 1 U 47
49 1 U 48
50 0 U 49
51 0 U 16
52 0 U 9
53 0 U 37
54 0 U -1
55 0 U 54
56 0 U 55
57 1 U 45
58 0 U 57
59 0 U 14
60 1 U 32
61 1 U 32
62 0 L 9
63 0 U -1
64 1 L 55
65 0 U -1
66 0 U 28
67 0 U 66
68 1 U 67
69 0 U 2
70 0 L 50
71 0 L 40
72 0 U -1
73 0 U 72
74 0 L 31
75 0 U 14
76 0 U 27
77 1 U 72
78 0 U 77
79 1 U 78
80 1 U 79
81 1 U -1
82 0 U 81
83 0 U 82
84 0 U 32
85 1 L 39
86 0 U 85
87 1 U 86
88 0 U 87
89 0 U 88
90
0 0 U -1
1 0 U 0
2 0 U 1
3 1 U 2
4 1 L 1
5 1 L -1
6 0 U 5
7 0 U 6
8 0 L -1
9 1 L -1
10 0 U 7
11 1 U -1
12 1 L 1
13 1 L 11
14 1 U 13
15 1 L 3
16 0 U 15
17 0 U 2
18 1 U -1
19 1 U 18
20 0 L 2
21 0 L 16
22 0 U 21
23 1 U 22
24 1 U 23
25 1 U 24
26 1 L 22
27 0 U -1
28 1 U 27
29 1 U 28
30 1 U 29
31 0 U 30
32 0 L 4
33 1 L 10
34 1 L 0
35 1 L 9
36 1 U -1
37 0 L 22
38 1 U 37
39 0 L 17
40 1 U 39
41 1 L 7
42 0 U 5
43 0 U 42
44 0 U 43
45 1 U -1
46 1 U 45
47 0 U 46
48 1 U 47
49 1 U 48
50 0 U 49
51 0 U 16
52 0 U 9
53 0 U 37
54 0 U -1
55 0 U 54
56 0 U 55
57 1 U 45
58 0 U 57
59 0 U 14
60 0 L 35
61 1 U 32
62 0 U 23
63 0 U -1
64 1 L 55
65 0 U -1
66 0 U 28
67 0 U 66
68 0 L 33
69 1 L 17
70 0 U 26
71 1 L 21
72 0 U -1
73 0 L 43
74 1 U 73
75 0 U 14
76 0 U 27
77 1 L 7
78 0 U 77
79 1 U 78
80 1 U 79
81 1 U -1
82 0 U 81
83 0 U 82
84 0 U 32
85 0 U 19
86 0 U 15
87 1 U 86
88 0 U 87
89 0 U 88
90
0 0 U -1
1 0 U 0
2 0 U 1
3 1 U 2
4 1 L 1
5 1 L -1
6 0 U 5
7 0 U 6
8 0 L -1
9 1 L -1
10 0 U 7
11 0 L 2
12 1 L 1
13 0 U 12
14 1 U 13
15 0 U 14
16 0 U 15
17 0 U 2
18 1 U -1
19 0 U 11
20 0 L 2
21 0 L 16
22 0 U 21
23 0 U 4
24 1 U 23
25 1 U 24
26 0 U 21
27 0 L 24
28 1 U 27
29 1 U 28
30 1 U 29
31 0 U 30
32 0 L 4
33 1 L 10
34 1 L 0
35 1 L 9
36 1 U -1
37 0 L 22
38 1 L 2
39 0 L 17
40 1 U 39
41 1 L 7
42 0 U 5
43 0 U 42
44 0 U 43
45 1 U -1
46 1 U 45
47 0 U 46
48 1 U 47
49 1 U 48
50 0 U 49
51 0 U 16
52 0 U 9
53 0 U 37
54 0 U -1
55 0 U 54
56 0 U 55
57 1 U 45
58 0 U 57
59 0 U 14
60 1 U 32
61 1 U 32
62 0 U 23
63 0 U -1
64 1 L 55
65 0 U -1
66 0 U 28
67 0 U 66
68 1 U 67
69 1 L 17
70 0 U 26
71 1 L 21
72 0 U -1
73 0 U 72
74 1 U 73
75 0 U 14
76 0 U 27
77 1 U 72
78 0 L 76
79 1 U 78
80 1 U 79
81 1 U -1
82 0 U 81
83 0 U 82
84 0 U 32
85 0 U 19
86 0 U 85
87 1 U 86
88 0 U 87
89 0 U 88
90
0 1 L -1
1 0 U 0
2 0 U -1
3 1 U 2
4 1 L 1
5 0 U 0
6 0 U 5
7 0 U 6
8 0 L 7
9 1 L -1
10 0 U 7
11 0 L 2
12 1 L 1
13 0 U 12
14 1 U 13
15 0 U 14
16 0 U 15
17 0 U 2
18 1 U -1
19 1 U 18
20 0 L -1
21 0 L 16
22 0 U 21
23 1 U 22
24 1 U 23
25 1 U 24
26 1 L 22
27 0 U -1
28 0 U 13
29 1 U 28
30 1 U 29
31 0 U 30
32 0 L 4
33 1 L 10
34 1 L 0
35 1 L 9
36 1 U -1
37 0 L 22
38 1 U 37
39 0 L 17
40 1 U 39
41 1 L 7
42 0 U 5
43 0 U 42
44 1 U 1
45 1 U -1
46 1 U 45
47 0 L 26
48 0 L 28
49 1 U 48
50 0 U 49
51 0 U 16
52 0 U 9
53 0 U 37
54 0 U 41
55 0 U 54
56 0 U 55
57 1 U 45
58 0 U 57
59 0 U 14
60 1 U 32
61 1 U 32
62 1 L 55
63 0 U -1
64 1 L 55
65 0 U -1
66 0 U 28
67 0 U 66
68 1 U 67
69 1 U 53
70 0 U 26
71 1 L 21
72 0 U -1
73 0 U 72
74 1 U 73
75 0 U 14
76 0 U 27
77 1 U 72
78 0 U 77
79 1 U 78
80 1 U 79
81 1 U -1
82 0 U 81
83 0 U 82
84 0 U 32
85 0 U 19
86 0 U 85
87 1 U 86
88 1 L 20
89 0 U 88
90
0 0 U -1
1 0 U 0
2 0 U 1
3 1 U 2
4 1 L 1
5 1 L -1
6 0 U 5
7 0 U 6
8 0 L -1
9 1 L -1
10 0 U 7
11 0 L 2
12 1 L 1
13 0 U 12
14 1 U 13
15 0 U 14
16 0 U 15
17 0 U 2
18 1 U -1
19 1 U 18
20 0 L 2
21 0 L 16
22 0 U 21
23 1 U 22
24 1 U 23
25 1 U 24
26 1 L 22
27 1 U 14
28 1 U 27
29 1 U 28
30 1 U 29
31 0 U 30
32 0 L 4
33 1 L 10
34 1 L 0
35 1 L 9
36 1 U -1
37 0 L 22
38 0 U 3
39 0 L 17
40 1 U 39
41 1 L 7
42 0 U 5
43 0 U 42
44 0 U 43
45 1 U -1
46 0 U 14
47 0 U 46
48 1 U 47
49 0 L 6
50 1 L 11
51 0 U 16
52 1 U 16
53 0 U 37
54 0 U -1
55 0 U 54
56 0 U 55
57 1 U 45
58 0 U 57
59 0 U 14
60 1 U 7
61 1 U 32
62 0 U 23
63 0 U 6
64 1 L 55
65 0 L 48
66 0 U 28
67 0 U 66
68 1 U 67
69 1 L 17
70 0 U 26
71 1 U 14
72 0 U -1
73 0 U 72
74 1 U 73
75 0 U 14
76 0 U 27
77 1 U 72
78 0 U 77
79 1 U 78
80 1 U 79
81 0 U 22
82 0 U 81
83 0 U 82
84 0 U 32
85 0 U 19
86 0 U 85
87 1 U 86
88 0 U 87
89 0 U 88
