37
0 0 U -1
1 1 U 0
2 1 U 1
3 1 U 2
4 0 U 3
5 1 U 4
6 0 U -1
7 1 U 6
8 0 U 7
9 0 U 8
10 1 U 9
11 0 U 10
12 0 U -1
13 1 U 12
14 0 U 13
15 0 U 14
16 1 U 15
17 0 U 16
18 0 U -1
19 1 U 18
20 1 U 19
21 0 U 20
22 1 U 21
23 1 U 22
24 0 U -1
25 1 U 24
26 1 U 25
27 1 U 26
28 1 U 27
29 0 U 28
30 0 U -1
31 1 U 30
32 1 U 31
33 1 U 32
34 0 U 33
35 0 U 34
36 0 U -1
37
0 0 U -1
1 1 U 0
2 1 U 1
3 1 U 2
4 0 U 3
5 1 U 4
6 0 U -1
7 1 U 6
8 0 U 7
9 0 U -1
10 1 U 9
11 0 U 10
12 0 U -1
13 1 U 12
14 0 U 13
15 0 U 14
16 1 U 15
17 0 U 16
18 0 U -1
19 1 U 18
20 0 U 11
21 0 U 20
22 1 U 21
23 1 U 22
24 0 U -1
25 1 U 24
26 1 U 25
27 1 U 26
28 0 L 26
29 0 U 28
30 0 U -1
31 1 U 30
32 1 U 31
33 0 U 29
34 0 U 33
35 0 U 34
36 1 L 21
37
0 0 L -1
1 1 U 0
2 1 U 0
3 1 U 2
4 0 U 3
5 1 U 4
6 0 U -1
7 1 U 6
8 0 U 7
9 0 U 8
10 1 U 9
11 0 U 10
12 1 U 9
13 1 U 12
14 0 U 13
15 0 U 0
16 1 U 6
17 0 U 16
18 0 U -1
19 1 U 18
20 1 U 19
21 0 U 20
22 1 U 21
23 1 U 22
24 0 U -1
25 1 U 24
26 1 U 25
27 1 U 26
28 1 U 27
29 0 U 28
30 0 U -1
31 1 U 30
32 1 U 31
33 1 U 32
34 0 U 33
35 0 U 34
36 0 U -1
37
0 1 L -1
1 1 U 0
2 1 U 1
3 1 U 2
4 1 U 3
5 1 U 4
6 0 U -1
7 0 L 1
8 0 U 7
9 0 U 8
10 1 U 9
11 0 U 10
12 0 U -1
13 1 U 12
14 0 U 13
15 0 U 14
16 1 U 15
17 0 U 16
18 0 U -1
19 1 U 18
20 1 U 19
21 0 U 20
22 1 U 21
23 1 U 22
24 0 U -1
25 1 U 24
26 1 U 25
27 1 U 26
28 1 U 27
29 0 U 28
30 0 U -1
31 1 U 30
32 1 U 31
33 0 L 0
34 0 U 33
35 0 U 34
36 0 U -1
37
0 0 U -1
1 1 U 0
2 1 U 1
3 1 U 2
4 0 U 3
5 1 U 4
6 0 U -1
7 1 U 6
8 0 U 7
9 0 L 3
10 1 U 9
11 0 U 10
12 0 U -1
13 1 U 12
14 0 U 13
15 0 U 14
16 1 L 8
17 0 U 16
18 0 U -1
19 1 U 18
20 1 L 0
21 0 U 20
22 1 U 21
23 0 U 19
24 0 U -1
25 1 U 24
26 1 U 25
27 1 U 26
28 1 U 27
29 0 U 28
30 0 U -1
31 1 U 30
32 1 U 31
33 1 U 32
34 0 L 18
35 0 U 34
36 0 U -1
37
0 0 U -1
1 1 U 0
2 1 U 1
3 1 U 2
4 0 U 3
5 1 U 2
6 0 U -1
7 1 U 6
8 0 U 7
9 0 U 0
10 1 U 1
11 0 U 10
12 0 U -1
13 1 U 12
14 0 U 13
15 1 L 9
16 1 U 15
17 0 U 16
18 0 U -1
19 1 U 18
20 1 U 19
21 0 U 20
22 1 U 21
23 1 U 22
24 0 U -1
25 1 U 24
26 1 U 25
27 1 U 26
28 1 U 27
29 0 U 28
30 0 L 0
31 1 U 7
32 1 U 31
33 1 U 32
34 0 U 33
35 0 U 34
36 0 U -1
37
0 0 U -1
1 1 U 0
2 1 U 1
3 1 U 2
4 0 U 3
5 1 U 4
6 1 L 3
7 1 U 6
8 0 U 7
9 0 U 8
10 1 U 3
11 0 U 10
12 0 U -1
13 1 U 12
14 0 U 13
15 0 U 14
16 1 U 9
17 1 L 9
18 0 U -1
19 1 U 18
20 1 U 19
21 0 U 20
22 1 U 21
23 1 U 22
24 0 U -1
25 1 U 24
26 1 U 25
27 1 U 26
28 1 U 27
29 0 U 28
30 0 U -1
31 1 U 30
32 1 U 31
33 1 U 32
34 0 U 33
35 0 U 34
36 1 L 21
37
0 0 U -1
1 1 U 0
2 1 U 1
3 1 U 2
4 0 U 3
5 1 U 4
6 0 U -1
7 1 U 6
8 0 U 7
9 0 U 8
10 1 U 9
11 0 U 10
12 0 U -1
13 1 U 12
14 0 U 13
15 0 U 14
16 1 U 15
17 0 U 16
18 0 U -1
19 1 U 18
20 1 U 12
21 0 U 20
22 1 U 21
23 1 U 22
24 0 U -1
25 1 U 24
26 1 U 25
27 1 U 26
28 1 U 27
29 0 U 28
30 0 U -1
31 1 L 11
32 1 U 31
33 1 U 32
34 0 U 33
35 0 U 34
36 0 U -1
37
0 0 U -1
1 1 U 0
2 1 U 1
3 1 U 2
4 0 U 3
5 1 U 4
6 0 U -1
7 1 U 6
8 0 U 7
9 0 U 8
10 1 U 9
11 0 U 10
12 0 U -1
13 1 U 12
14 0 U 13
15 0 U 14
16 1 U 15
17 0 U 16
18 0 U -1
19 1 U 18
20 1 U 19
21 0 U 20
22 1 U 5
23 1 U 22
24 0 U -1
25 1 U 24
26 1 U 25
27 1 U 26
28 1 U 27
29 0 U 28
30 0 U -1
31 1 U 30
32 1 U 31
33 1 U 32
34 0 U 33
35 0 U 34
36 0 U -1
37
0 0 U -1
1 0 U -1
2 1 U 1
3 1 U 2
4 0 U 3
5 1 U 4
6 0 U -1
7 1 U 6
8 0 U 7
9 1 L 7
10 1 U 9
11 0 U 10
12 0 U -1
13 1 U 12
14 0 U 13
15 0 U 14
16 1 U 15
17 0 U 16
18 0 U -1
19 1 U 18
20 1 U 19
21 0 U 20
22 1 U 21
23 1 U 22
24 1 L 14
25 1 U 24
26 1 U 25
27 1 U 26
28 0 L 21
29 0 U 28
30 0 U -1
31 1 U 30
32 1 U 31
33 1 U 32
34 0 U 33
35 0 U 34
36 0 U -1
37
0 0 U -1
1 1 U 0
2 1 U 1
3 1 U 2
4 0 U 3
5 1 U 4
6 0 U -1
7 1 U 6
8 0 U 7
9 0 U 8
10 1 U 9
11 0 U 10
12 0 U -1
13 1 U 12
14 0 U 13
15 0 U 14
16 1 U 15
17 0 U 16
18 0 U -1
19 1 U 18
20 1 U 19
21 0 U 20
22 1 U 21
23 1 U 22
24 0 U -1
25 1 U 24
26 1 U 19
27 1 U 26
28 1 U 27
29 0 U 28
30 0 U -1
31 1 U 30
32 1 U 31
33 1 U 32
34 0 U 33
35 1 U 34
36 0 U -1
37
0 0 U -1
1 1 U 0
2 1 U 1
3 1 U 2
4 0 U 3
5 1 U 4
6 0 L 3
7 1 U 6
8 0 U 7
9 0 U 8
10 1 U 9
11 0 U 10
12 0 U -1
13 1 U 12
14 0 U 13
15 0 U 14
16 1 U 15
17 0 U 16
18 0 U -1
19 1 U 18
20 1 U 19
21 0 U 20
22 1 U 21
23 1 U 22
24 0 U -1
25 1 U 23
26 1 U 25
27 1 U 26
28 1 U 27
29 1 U 27
30 0 U -1
31 1 U 30
32 0 U 14
33 1 U 32
34 0 U 33
35 0 U 34
36 0 L 34
37
0 0 U -1
1 1 U 0
2 1 U 1
3 1 U 2
4 0 U 3
5 1 U 4
6 0 U -1
7 1 U 6
8 0 U 7
9 0 U 8
10 1 U 9
11 1 L 9
12 0 U -1
13 1 U 12
14 0 U 13
15 0 U 14
16 1 U 15
17 0 U 16
18 1 U 0
19 1 U 18
20 0 U 11
21 0 U 20
22 1 U 21
23 0 U 1
24 0 U -1
25 1 L 8
26 1 U 25
27 1 U 26
28 1 U 27
29 0 U 28
30 0 U -1
31 0 U 0
32 1 U 31
33 1 U 32
34 0 L 6
35 0 U 34
36 0 U -1
37
0 0 U -1
1 1 U 0
2 1 U 1
3 1 U 2
4 0 U 3
5 1 U 4
6 0 U -1
7 1 U 6
8 0 U 7
9 0 U 8
10 1 U 9
11 0 U 10
12 0 U -1
13 1 U 12
14 0 U 13
15 0 U 14
16 1 U 15
17 0 U 16
18 0 U -1
19 1 U 18
20 1 U 19
21 0 U 20
22 1 U 21
23 1 U 22
24 0 U -1
25 1 U 24
26 0 U 14
27 1 U 6
28 1 U 27
29 0 U 28
30 0 U -1
31 1 U 30
32 1 U 31
33 0 L 8
34 0 U 33
35 0 U 34
36 0 U -1
37
0 0 U -1
1 1 U 0
2 1 U 1
3 1 U -1
4 0 U 3
5 1 U 4
6 0 U -1
7 0 U 2
8 0 U 7
9 0 U 8
10 1 U 9
11 0 U 10
12 0 U -1
13 1 U 12
14 0 U 13
15 0 U 14
16 1 U 15
17 0 U 16
18 0 U -1
19 1 U 18
20 1 U 19
21 0 U 20
22 1 U 21
23 1 U 22
24 0 U -1
25 1 U 24
26 1 U 25
27 1 U 26
28 1 U 27
29 0 U 28
30 0 U -1
31 1 U 30
32 1 U 31
33 1 U 32
34 1 U 31
35 0 U 34
36 0 U -1
37
0 0 U -1
1 1 U 0
2 1 U 1
3 1 U 2
4 0 U 3
5 1 U 4
6 0 U -1
7 1 U 6
8 0 U 7
9 0 U 8
10 1 U 9
11 0 U 10
12 0 U -1
13 1 U 12
14 0 U 5
15 0 U 14
16 1 U 15
17 0 U 16
18 0 U -1
19 1 U 18
20 1 U 19
21 0 U 20
22 1 U 21
23 1 U 22
24 0 U -1
25 1 U 24
26 1 U 25
27 1 U 26
28 1 U 27
29 0 U 28
30 0 U -1
31 0 L 2
32 1 U 31
33 1 U 32
34 0 U 33
35 0 U 18
36 0 U -1
37
0 0 U -1
1 1 U 0
2 1 U 1
3 1 U 2
4 0 U 3
5 1 U 4
6 0 U 0
7 1 U 6
8 0 U 7
9 0 U 8
10 1 U 9
11 0 U 10
12 0 U -1
13 1 U 12
14 0 U 5
15 0 U 14
16 1 U 15
17 0 U 16
18 1 U 6
19 1 U 18
20 1 U 19
21 1 L 2
22 0 U 4
23 1 U 22
24 0 U -1
25 1 U 24
26 1 U 25
27 1 U 26
28 1 U 27
29 0 U 28
30 0 U -1
31 0 L 2
32 1 U 31
33 1 U 32
34 0 U 33
35 0 U 18
36 0 U -1
37
0 0 U -1
1 1 U 0
2 1 U 1
3 1 U 2
4 0 U 3
5 1 U 4
6 0 U -1
7 1 U 6
8 0 U 7
9 0 U 8
10 1 U 9
11 0 U 10
12 0 U -1
13 1 U 12
14 1 L -1
15 0 U 14
16 1 U 15
17 0 U 16
18 0 U -1
19 1 U 18
20 1 U 19
21 0 U 20
22 1 U 21
23 1 U 22
24 0 U -1
25 1 U 24
26 1 U 25
27 1 U 26
28 1 U 12
29 0 U 28
30 0 U -1
31 0 L 2
32 1 U 31
33 1 U 32
34 0 U 33
35 1 U 34
36 0 U -1
37
0 0 U -1
1 1 U 0
2 1 U 1
3 1 U 2
4 0 U 3
5 1 U 4
6 0 U -1
7 1 U 6
8 0 U 7
9 0 U 5
10 1 U 9
11 0 U 10
12 0 U -1
13 1 U 12
14 0 U 5
15 0 U 14
16 1 U 15
17 0 U 16
18 0 U -1
19 1 U 18
20 1 U 19
21 0 U 20
22 1 U 21
23 1 U 22
24 0 U -1
25 1 U 24
26 1 U 25
27 1 U 26
28 1 U 27
29 0 U 28
30 0 U -1
31 0 L 2
32 1 U 31
33 0 L 10
34 0 U 33
35 0 U 18
36 0 U -1
37
0 0 U -1
1 1 U 0
2 1 U 1
3 1 U 2
4 0 U 3
5 1 U 4
6 0 U -1
7 1 U 6
8 0 U 7
9 0 U 8
10 1 U 9
11 0 U 10
12 0 U -1
13 1 U 12
14 0 U 5
15 0 U 14
16 1 U 15
17 1 L 1
18 0 U -1
19 1 U 18
20 1 L 9
21 0 U 10
22 1 U 21
23 1 U 6
24 0 U -1
25 1 U 24
26 1 U 25
27 1 U 26
28 1 U 27
29 0 U 28
30 0 U -1
31 1 U 16
32 1 U 31
33 1 U 32
34 0 U 33
35 0 U 18
36 0 U -1
37
0 0 U -1
1 1 U 0
2 0 L 1
3 1 U 2
4 0 U 3
5 1 U 4
6 0 U -1
7 1 U 6
8 0 U 7
9 0 U 8
10 1 U 9
11 0 U 10
12 0 U -1
13 1 U 12
14 0 L 9
15 0 U 14
16 0 U 13
17 1 L 1
18 0 U -1
19 1 U 18
20 1 L 9
21 0 U 10
22 0 L 15
23 1 U 6
24 0 U -1
25 1 U 24
26 1 U 25
27 1 U 26
28 1 U 27
29 0 U 28
30 1 L 2
31 1 U 16
32 1 U 26
33 1 U 31
34 0 U 33
35 0 U 18
36 1 U 29
37
0 0 U -1
1 1 U 0
2 1 U 1
3 1 U 2
4 0 U 3
5 1 U 4
6 0 U -1
7 1 U 6
8 0 U 7
9 0 U 8
10 1 U 9
11 0 U 10
12 0 U -1
13 1 U 12
14 0 U 5
15 0 U 14
16 1 U 15
17 1 L 1
18 0 U -1
19 1 U 18
20 0 L 19
21 0 U 10
22 1 U 21
23 1 U 6
24 0 U -1
25 1 U 24
26 1 U 25
27 1 U 26
28 1 U 27
29 0 U 28
30 0 U -1
31 1 U 16
32 1 U 31
33 0 L 20
34 0 U 33
35 0 U 18
36 0 U -1
37
0 0 U -1
1 1 U 0
2 1 U 1
3 1 U 2
4 0 U 3
5 1 U 4
6 0 U -1
7 1 L 0
8 0 U 7
9 0 U 8
10 1 U 9
11 0 U 10
12 0 U -1
13 1 U 12
14 0 U 5
15 0 U 14
16 1 U 15
17 1 L 1
18 0 U -1
19 1 U 18
20 1 L 9
21 0 U 10
22 1 U 21
23 1 U 6
24 0 U -1
25 1 U 24
26 1 U 7
27 1 U 26
28 1 U 27
29 0 U 28
30 0 U -1
31 0 U 18
32 1 U 31
33 1 U 32
34 0 U 33
35 0 U 18
36 0 U -1
37
0 0 U -1
1 1 U 0
2 1 U 1
3 1 L 1
4 0 U 3
5 1 U 4
6 0 U -1
7 1 U 1
8 0 U 7
9 0 U 8
10 1 U 9
11 0 U 10
12 0 L 2
13 1 U 12
14 0 U 5
15 0 U 14
16 1 U 15
17 1 L 1
18 0 U -1
19 1 U 18
20 1 L 9
21 0 U 10
22 1 U 21
23 1 U 6
24 0 U -1
25 1 U 24
26 1 U 25
27 0 L 11
28 1 U 27
29 0 U 28
30 0 U -1
31 1 U 16
32 1 U 31
33 1 U 10
34 1 U 24
35 0 U 18
36 0 U -1
37
0 0 U -1
1 1 L 0
2 1 U 1
3 1 U 2
4 0 U 3
5 1 U 4
6 0 U -1
7 1 U 6
8 0 U 7
9 0 U 8
10 1 U 9
11 0 U 10
12 0 U -1
13 1 U 12
14 0 U 5
15 0 U 14
16 1 U 15
17 0 U 15
18 0 U -1
19 1 U 18
20 0 L 13
21 0 L 6
22 1 U 0
23 1 U 6
24 0 U -1
25 1 U 24
26 1 U 25
27 1 U 26
28 1 U 27
29 0 U 28
30 1 L 29
31 1 U 16
32 1 U 31
33 1 U 32
34 1 U 15
35 0 U 18
36 0 U -1
37
0 0 U -1
1 1 U 0
2 1 U 1
3 1 U 2
4 0 U 3
5 1 U 4
6 0 U -1
7 1 U 6
8 0 U 7
9 0 U 8
10 1 U 9
11 0 U 10
12 0 U -1
13 1 U 12
14 0 U 5
15 0 U 14
16 1 U 15
17 1 L 1
18 1 U 3
19 1 U 18
20 1 L 9
21 0 U 10
22 0 U 5
23 1 U 6
24 0 U -1
25 1 U 24
26 1 U 25
27 1 U 26
28 1 U 27
29 0 U 28
30 0 U -1
31 1 U 16
32 1 U 31
33 1 U 32
34 0 U 33
35 0 U 18
36 0 U -1
37
0 0 U -1
1 0 L -1
2 1 U 1
3 1 U 2
4 0 U 3
5 1 U 4
6 0 U -1
7 0 L 0
8 0 U 7
9 0 U 8
10 1 U 9
11 0 U 10
12 0 U -1
13 1 U 12
14 0 U 5
15 0 U 14
16 1 U 15
17 1 L 1
18 0 U -1
19 1 U 18
20 1 L 9
21 1 L 20
22 0 U 1
23 1 U 6
24 0 U -1
25 1 U 24
26 1 U 25
27 1 U 26
28 1 U 27
29 0 U 28
30 0 U -1
31 1 U 16
32 1 U 31
33 1 U 32
34 0 U 33
35 0 U 18
36 0 U -1
37
0 0 U -1
1 1 U 0
2 1 U 1
3 1 U 2
4 0 U 3
5 1 U 4
6 0 U -1
7 1 U 6
8 0 U 7
9 0 U 8
10 1 U 9
11 0 U 10
12 0 U -1
13 1 U 12
14 0 U 5
15 0 L 11
16 1 U 15
17 1 L 1
18 0 U -1
19 1 U 18
20 1 L 9
21 0 U 10
22 1 U 21
23 1 U 6
24 0 U -1
25 1 U 24
26 1 U 25
27 1 U 26
28 1 U 27
29 0 U 28
30 0 U -1
31 0 L 6
32 1 U 31
33 1 U 32
34 0 U 33
35 0 L 23
36 0 U -1
37
0 0 U -1
1 1 U 0
2 1 U 1
3 0 U 0
4 0 U 3
5 1 U 4
6 0 U -1
7 1 U 6
8 0 U 7
9 0 U 8
10 1 U -1
11 0 U 10
12 0 U -1
13 1 U 12
14 0 U 5
15 0 U 14
16 1 U 15
17 1 L 1
18 0 U -1
19 0 L 11
20 1 L 9
21 0 U 10
22 1 U 21
23 1 U 6
24 0 U -1
25 1 U 24
26 1 U 25
27 1 U 26
28 1 U 27
29 0 U 28
30 0 U -1
31 1 U 16
32 1 U 31
33 1 L 31
34 0 U 33
35 0 U 18
36 0 U -1
37
0 0 L -1
1 1 U 0
2 1 U 1
3 1 U 2
4 0 U 3
5 1 U 4
6 0 U -1
7 1 U 6
8 0 U 1
9 0 U 8
10 1 U 9
11 0 U 10
12 0 L 9
13 1 U 12
14 0 U 5
15 0 U 14
16 1 U 15
17 1 L 1
18 0 U -1
19 1 U 18
20 1 L 9
21 0 U 10
22 1 U 21
23 1 U 6
24 1 U 18
25 1 L 20
26 1 U 25
27 1 U 26
28 1 L 6
29 0 U 28
30 0 U -1
31 1 U 16
32 1 U 31
33 1 U 32
34 0 U 33
35 0 U 18
36 0 U -1
37
0 0 L -1
1 1 U 0
2 1 U 1
3 1 U 2
4 0 U 3
5 0 U 3
6 0 U -1
7 1 U 6
8 0 U 1
9 0 U 8
10 1 U 9
11 0 U 10
12 0 L 9
13 0 L 8
14 0 U 5
15 0 U 14
16 1 U 15
17 1 L 1
18 0 L 16
19 1 U 18
20 1 L 9
21 0 U 10
22 1 U 21
23 1 U 6
24 1 U 18
25 1 L 20
26 1 U 25
27 1 U 26
28 1 L 6
29 0 U 28
30 0 U -1
31 1 U 16
32 1 U 31
33 1 U 32
34 0 U 33
35 0 U 18
36 0 L 34
37
0 0 L -1
1 1 U 0
2 1 U 1
3 1 U 2
4 0 U 3
5 1 U 4
6 0 U -1
7 1 U 6
8 0 U 1
9 0 U 8
10 1 U 9
11 1 U 8
12 0 L 9
13 1 U 12
14 0 U 5
15 0 U 14
16 1 U 15
17 1 L 1
18 0 U -1
19 1 U 18
20 1 L 15
21 0 U 10
22 1 U 21
23 1 U 6
24 1 U 10
25 1 L 20
26 1 U 25
27 1 U 26
28 1 L 6
29 0 U 28
30 0 U -1
31 1 U 16
32 1 U 31
33 1 U 19
34 0 U 33
35 0 U 18
36 0 U -1
37
0 0 L -1
1 1 U 0
2 1 L 0
3 1 U 2
4 0 U 3
5 1 U 4
6 0 U -1
7 1 U 6
8 0 L 4
9 1 L 8
10 1 U 9
11 0 U 10
12 0 L 9
13 1 U 12
14 0 U 5
15 1 U 8
16 1 U 15
17 1 L 1
18 0 U -1
19 1 U 18
20 1 L 19
21 0 U 10
22 1 U 21
23 1 U 6
24 1 U 18
25 1 L 20
26 0 U 4
27 1 U 26
28 1 L 6
29 0 U 28
30 0 U -1
31 1 U 16
32 1 U 31
33 1 U 32
34 0 U 33
35 0 U 18
36 1 L 8
37
0 0 L -1
1 1 U 0
2 1 U 1
3 1 U 2
4 0 U 3
5 1 U 4
6 0 U -1
7 1 U 6
8 0 U 1
9 0 L 2
10 1 U 9
11 0 U 10
12 0 L 9
13 1 U 12
14 0 U 5
15 0 U 14
16 1 U 15
17 1 L 1
18 0 U -1
19 1 U 18
20 1 L 9
21 0 U 10
22 1 U 21
23 1 U 6
24 0 L 1
25 1 L 20
26 1 L 4
27 1 U 26
28 1 L 6
29 0 U 28
30 1 L 16
31 1 U 16
32 1 U 31
33 1 U 32
34 0 U 33
35 0 U 18
36 0 U -1
37
0 0 L -1
1 1 U 0
2 1 U 1
3 1 U 2
4 1 U -1
5 1 U 4
6 0 U -1
7 1 U 6
8 0 U 1
9 0 U 8
10 1 U 9
11 0 U 10
12 0 L 9
13 1 U 12
14 0 U 5
15 0 U 14
16 1 U 15
17 1 L 1
18 0 U -1
19 1 U 18
20 1 L 9
21 0 U 10
22 1 U 21
23 1 U 6
24 1 L 9
25 1 L 20
26 1 U 25
27 1 U 26
28 1 L 6
29 0 U 28
30 0 U -1
31 1 U 16
32 1 U 31
33 1 U 32
34 0 U 33
35 0 U 18
36 0 U -1
37
0 0 L -1
1 1 L -1
2 1 U 1
3 1 U 2
4 1 U -1
5 1 U 4
6 0 U -1
7 1 U 6
8 0 U 1
9 0 U 8
10 1 U 9
11 0 U 10
12 0 L 9
13 1 U 12
14 0 U 5
15 0 U 14
16 1 U 15
17 1 L 1
18 1 U 6
19 1 U 18
20 1 L 9
21 0 U 10
22 1 U 21
23 1 U 6
24 1 L 1
25 1 L 20
26 1 U 25
27 1 U 26
28 1 L 6
29 0 U 28
30 0 U -1
31 1 L 1
32 1 U 31
33 1 U 32
34 0 U 33
35 0 U 18
36 0 U -1
37
0 0 L -1
1 0 U -1
2 1 U 1
3 1 U 2
4 0 U 1
5 1 U 4
6 0 U -1
7 1 U 6
8 0 U 1
9 0 U 8
10 1 U 9
11 0 U 10
12 0 U 5
13 1 U 12
14 0 U 5
15 0 U 14
16 1 U 15
17 1 L 1
18 0 U -1
19 1 U 18
20 1 L 9
21 0 U 10
22 1 U 21
23 1 U 6
24 1 L 9
25 1 L 20
26 1 U 25
27 1 U 26
28 1 L 6
29 0 U 28
30 0 U -1
31 1 U 16
32 1 U 9
33 1 U 32
34 0 U 33
35 0 U 18
36 0 U -1
37
0 0 L -1
1 0 U 0
2 1 U 1
3 1 U 2
4 1 U -1
5 1 U 4
6 0 U -1
7 1 U 3
8 0 U 1
9 0 U 8
10 1 U 9
11 0 U 10
12 0 L 9
13 1 U 12
14 0 U 5
15 0 U 14
16 0 L 6
17 1 L 1
18 0 U -1
19 1 U 18
20 1 L 9
21 0 U 10
22 1 U 21
23 1 U 6
24 1 L 9
25 1 L 20
26 1 U 25
27 1 U 26
28 1 L 6
29 0 U 28
30 0 U -1
31 1 U 16
32 0 L 15
33 1 U 32
34 0 L 9
35 0 L 0
36 0 U -1
37
0 0 L -1
1 1 U 0
2 1 U 1
3 1 U 2
4 1 U -1
5 1 U 4
6 0 U 2
7 1 U 6
8 0 U 1
9 0 U 8
10 1 U 9
11 0 U 10
12 0 L 9
13 1 U 12
14 0 U 5
15 0 U 14
16 1 U 15
17 1 L 1
18 0 U -1
19 1 U 18
20 1 L 9
21 0 U 10
22 1 U 21
23 1 U 6
24 1 L 16
25 1 L 20
26 1 U 25
27 0 L 0
28 1 L 6
29 0 U 28
30 0 U -1
31 1 U 16
32 1 U 31
33 1 U 32
34 0 U 33
35 0 U 18
36 0 U -1
37
0 0 L -1
1 1 U 0
2 1 U 1
3 1 U 2
4 1 U -1
5 0 L 4
6 0 U -1
7 1 U 6
8 0 U 1
9 1 U 0
10 1 U 9
11 0 U 10
12 0 L 7
13 1 U 12
14 0 U 5
15 0 U 14
16 1 U 15
17 1 L 1
18 0 U -1
19 1 U 18
20 1 L 9
21 0 U 10
22 1 U 21
23 1 U 6
24 1 L 9
25 1 L 20
26 1 U 25
27 1 U 26
28 1 L 6
29 0 U 28
30 0 U -1
31 1 U 16
32 1 U 31
33 1 U 32
34 0 U 33
35 0 U 18
36 0 L 0
37
0 0 L -1
1 1 U 0
2 1 U 1
3 1 U 2
4 1 U -1
5 1 U 4
6 0 U -1
7 1 L 5
8 0 U 1
9 0 U 8
10 0 L 1
11 0 U 10
12 0 L 9
13 1 U 12
14 1 L 10
15 0 U 14
16 1 U 15
17 1 L 1
18 0 U -1
19 1 U 18
20 1 L 9
21 0 U 10
22 1 U 21
23 1 U 6
24 1 L 9
25 1 L 20
26 1 U 25
27 1 L 12
28 1 L 6
29 1 U 22
30 0 U -1
31 1 U 16
32 1 U 31
33 1 U 32
34 0 U 33
35 0 U 18
36 0 U -1
37
0 1 U -1
1 1 U 0
2 1 U 1
3 1 U 2
4 1 U -1
5 1 U 4
6 0 U -1
7 1 U 6
8 0 U 1
9 0 U 8
10 1 U 9
11 0 U 10
12 0 L 9
13 1 U 12
14 1 U -1
15 0 U 14
16 1 L 7
17 1 L 1
18 1 L 4
19 1 U 18
20 1 L 9
21 0 U 10
22 1 U 21
23 1 U 6
24 1 L 9
25 1 U 13
26 1 U 25
27 1 U 26
28 1 L 6
29 0 U 28
30 0 U -1
31 1 U 16
32 1 U 31
33 1 U 32
34 0 U 33
35 0 U 18
36 0 U -1
37
0 0 L -1
1 1 U 0
2 0 U 0
3 1 U 2
4 1 U -1
5 0 L -1
6 0 L 1
7 1 U 6
8 0 U 1
9 0 U 8
10 1 U 9
11 0 U 10
12 0 L 9
13 0 L 3
14 0 U 5
15 0 U 14
16 1 U 15
17 1 L 1
18 0 U -1
19 1 U 18
20 1 L 9
21 0 U 10
22 1 U 21
23 1 U 6
24 1 L 9
25 1 L 20
26 1 L 23
27 1 U 26
28 1 L 6
29 0 U 28
30 0 U -1
31 1 U 16
32 1 L 29
33 1 U 32
34 0 U 33
35 0 U 18
36 0 U -1
37
0 0 L -1
1 1 U 0
2 1 U 1
3 1 U 2
4 1 U -1
5 1 U 4
6 0 U -1
7 1 U 6
8 0 U 1
9 0 U 8
10 0 L 7
11 0 U 10
12 0 L 2
13 1 U 12
14 0 U 5
15 0 U 14
16 1 U 15
17 1 L 1
18 0 U -1
19 1 U 18
20 1 L 9
21 0 U 10
22 1 U 21
23 1 U 6
24 1 L 9
25 1 L 20
26 1 U 25
27 1 U 26
28 1 L 6
29 0 U 28
30 0 U -1
31 1 U 16
32 1 U 31
33 1 U 32
34 0 U 33
35 0 U 18
36 0 U -1
37
0 0 L -1
1 1 U 0
2 1 U 1
3 1 U 2
4 1 U -1
5 1 U 4
6 0 U -1
7 1 U 6
8 0 U 1
9 0 U 8
10 1 U 9
11 0 U 10
12 0 L 9
13 1 U 12
14 0 U 5
15 0 U 14
16 1 U 15
17 1 L 1
18 0 U -1
19 1 U 18
20 1 L 9
21 0 U 10
22 1 U 21
23 1 U 6
24 1 L 9
25 1 L 20
26 1 U 25
27 1 U 26
28 1 L 6
29 0 U 28
30 0 U -1
31 1 U 16
32 1 U 31
33 1 U 32
34 0 U 33
35 0 U 18
36 0 U -1
