39
0 1 U -1
1 1 U 0
2 0 U 1
3 1 U 2
4 0 U 3
5 1 U 4
6 0 U -1
7 0 U 6
8 0 U 7
9 1 U 8
10 0 U 9
11 1 U 10
12 1 U -1
13 0 U 12
14 1 U 13
15 0 U 14
16 1 U 15
17 1 U 16
18 0 U -1
19 1 U 18
20 1 U 19
21 1 U 20
22 1 U 21
23 1 U 22
24 0 U -1
25 0 U 24
26 1 U 25
27 1 U 26
28 0 U 27
29 0 U 28
30 1 U -1
31 0 U 30
32 0 U 31
33 0 U 32
34 1 U 33
35 1 U 34
36 1 U -1
37 0 U 36
38 1 U 37
39
0 1 U -1
1 1 U 0
2 0 U 1
3 1 U 2
4 0 U 3
5 1 U 4
6 0 U -1
7 0 U 6
8 0 U 7
9 1 U 8
10 0 U 9
11 1 L 1
12 1 U -1
13 0 U 12
14 1 U 13
15 0 U 14
16 1 U 15
17 1 U 16
18 0 U -1
19 1 U 18
20 1 U 19
21 1 U 20
22 1 U 21
23 1 U 22
24 0 U -1
25 0 L 24
26 1 U 25
27 1 U 26
28 0 U 27
29 0 U 28
30 1 U -1
31 0 U 30
32 0 U 31
33 0 U 32
34 1 U 33
35 1 U 34
36 1 U 28
37 0 U 36
38 1 U 37
39
0 1 U -1
1 1 U 0
2 0 U 1
3 1 U 2
4 0 U 3
5 1 U 4
6 0 U -1
7 0 U 6
8 0 U 7
9 1 U 8
10 1 L 1
11 1 L 1
12 1 U -1
13 0 U 12
14 1 U 13
15 0 U 14
16 1 U 15
17 1 U 16
18 1 U 5
19 1 U 18
20 1 U 19
21 1 U 20
22 1 U 21
23 1 U 22
24 0 L 0
25 1 L 8
26 1 U 25
27 1 U 26
28 0 U 27
29 0 U 28
30 1 U -1
31 0 U 30
32 0 U 31
33 0 U 32
34 1 U 33
35 0 U 19
36 1 U 28
37 0 U 36
38 1 U 37
39
0 1 U -1
1 1 U 0
2 0 U 1
3 1 U 2
4 0 U 3
5 1 U 4
6 0 U -1
7 0 U 6
8 0 U 7
9 1 U 8
10 1 L 1
11 1 L 1
12 1 U -1
13 0 L -1
14 1 U 13
15 0 U 14
16 0 L 13
17 1 U 16
18 1 U 5
19 1 U 18
20 1 U 19
21 1 U 20
22 1 U 21
23 1 L 16
24 0 L 0
25 1 L 8
26 1 U 25
27 1 U 26
28 0 L 17
29 0 U 28
30 1 U -1
31 0 U 30
32 0 U 31
33 0 U 32
34 0 L -1
35 0 U 19
36 1 U 13
37 0 U 36
38 1 U 37
39
0 0 L -1
1 1 U 0
2 0 U 1
3 1 U 2
4 0 U 3
5 1 U 4
6 0 U -1
7 1 U 1
8 0 U 7
9 1 U 8
10 1 L 1
11 1 U 1
12 1 U -1
13 0 L -1
14 1 U 13
15 0 U 14
16 0 L 13
17 1 U 16
18 1 U 5
19 1 U 18
20 1 U 19
21 1 U 20
22 1 U 21
23 1 L 16
24 0 L 0
25 1 L 8
26 1 U 25
27 1 U 26
28 0 L 17
29 0 U 28
30 1 L 26
31 0 U 30
32 0 U 7
33 0 U 32
34 0 L -1
35 0 U 19
36 1 U 13
37 0 U 7
38 1 U 37
39
0 1 L -1
1 0 U -1
2 0 U 1
3 0 L -1
4 0 U 3
5 1 U 2
6 0 U -1
7 1 U 1
8 0 U 7
9 1 U 8
10 1 L 1
11 1 U 1
12 1 U -1
13 0 L -1
14 1 U 13
15 0 U 14
16 0 L 13
17 1 U 16
18 1 U 5
19 1 U 18
20 1 U 19
21 1 U 20
22 1 U 21
23 1 L 16
24 0 L 0
25 1 L 8
26 1 U 25
27 1 U 26
28 0 L 17
29 0 U 28
30 1 L 26
31 0 U 30
32 0 U 7
33 0 U 32
34 0 L -1
35 0 U 19
36 1 U 13
37 0 U 7
38 1 U 37
39
0 0 L -1
1 0 L -1
2 0 U 1
3 1 U 2
4 0 U 3
5 1 U 4
6 0 U -1
7 1 U 1
8 0 U 7
9 1 U 8
10 1 L 1
11 1 U 1
12 1 U -1
13 0 L -1
14 1 U 13
15 0 U 14
16 0 L 13
17 1 U 16
18 1 U 5
19 1 U 18
20 1 U 19
21 1 U 20
22 1 U 21
23 1 L 16
24 0 L 0
25 1 L 8
26 1 U 25
27 1 U 3
28 0 L 17
29 0 U 28
30 1 L 26
31 0 U 30
32 0 U 7
33 0 U 32
34 0 L -1
35 0 U 19
36 1 U 13
37 0 U 7
38 1 U 37
39
0 0 L -1
1 0 L 0
2 0 U 1
3 1 U 2
4 0 U 3
5 1 U 4
6 0 U -1
7 1 U 1
8 0 U 7
9 1 U 8
10 1 L 1
11 1 U 1
12 1 U -1
13 1 U 11
14 1 U 13
15 0 U 1
16 0 L 13
17 1 U 16
18 1 U 5
19 1 U 18
20 1 U 3
21 0 U 4
22 1 U 21
23 1 L 16
24 0 L 0
25 0 U 2
26 1 U 25
27 0 U 24
28 0 L 17
29 0 U 28
30 1 L 26
31 0 U 30
32 0 U 7
33 0 U 32
34 0 L -1
35 0 U 19
36 1 U 13
37 0 U 7
38 1 U 37
39
0 0 L -1
1 1 U 0
2 0 U 1
3 1 U 2
4 0 L -1
5 1 U 4
6 0 U -1
7 1 U 1
8 0 U 7
9 1 U 8
10 1 L 1
11 1 L 6
12 1 U -1
13 0 L -1
14 1 U 13
15 0 L 2
16 0 L 13
17 1 U 16
18 1 U 5
19 1 U 18
20 1 U 19
21 1 L 15
22 1 U 21
23 1 L 16
24 0 L 0
25 1 L 8
26 1 U 25
27 1 U 26
28 0 U 3
29 0 U 28
30 1 L 26
31 0 U 30
32 0 U 7
33 0 U 32
34 0 L -1
35 0 U 19
36 1 U 13
37 0 U 7
38 1 U 37
39
0 0 L -1
1 1 U 0
2 0 U 1
3 1 U 2
4 0 U 3
5 1 U 4
6 0 U -1
7 1 U 1
8 0 U 7
9 1 U 8
10 1 L 1
11 1 U 1
12 1 U -1
13 0 L -1
14 1 U 13
15 0 U 14
16 0 L 13
17 1 U 16
18 1 U 5
19 1 U 18
20 1 U 9
21 1 U 20
22 1 L 0
23 1 L 16
24 0 L 0
25 1 L 8
26 1 U 25
27 1 U 26
28 0 L 17
29 0 U 28
30 1 L 12
31 0 U 30
32 0 U 7
33 0 U 32
34 0 L -1
35 0 U 19
36 1 U 13
37 0 U 16
38 1 U 37
39
0 0 L -1
1 1 U 0
2 0 U 1
3 1 U 2
4 0 U 3
5 1 U 4
6 0 U -1
7 1 U 1
8 0 U 7
9 1 U 8
10 1 L 1
11 1 U 1
12 1 U -1
13 0 L -1
14 1 U 13
15 0 U 14
16 0 L 13
17 1 U 16
18 1 U 5
19 1 U 18
20 1 U 19
21 1 U 20
22 1 U 21
23 1 L 16
24 0 L 0
25 0 L 1
26 1 U 25
27 0 L 16
28 0 L 17
29 0 U 28
30 1 L 26
31 1 U 16
32 0 U 7
33 0 U 32
34 0 L -1
35 0 U 19
36 1 U 13
37 0 U 7
38 1 U 37
39
0 0 L -1
1 1 U 0
2 0 U 1
3 1 U 2
4 0 U 1
5 1 U 4
6 0 U -1
7 1 U 1
8 0 U 7
9 1 U 8
10 1 L 1
11 1 U 1
12 1 U -1
13 1 U 4
14 1 U 13
15 0 U 14
16 0 L 13
17 1 U 12
18 1 U 5
19 1 U 18
20 1 U 19
21 0 U 13
22 1 U 21
23 1 L 16
24 0 L 0
25 1 L 8
26 1 U 25
27 1 U 26
28 0 L 17
29 0 U 28
30 1 L 26
31 0 U 30
32 0 U 7
33 0 U 32
34 0 L -1
35 0 U 19
36 1 U 13
37 0 U 7
38 1 U 37
39
0 0 L -1
1 1 U 0
2 0 U 1
3 1 U 2
4 1 L 3
5 1 U 4
6 0 U -1
7 1 U 1
8 0 U 7
9 1 U 8
10 1 L 1
11 1 U 1
12 1 U -1
13 0 L -1
14 1 U 13
15 0 L 13
16 0 L 13
17 1 U 16
18 1 U 5
19 1 U 18
20 1 U 19
21 1 U 20
22 1 U 21
23 1 L 16
24 0 L 0
25 1 L 8
26 1 U 25
27 1 L 6
28 0 L 17
29 0 U 28
30 1 L 26
31 0 L 2
32 0 U 7
33 0 U 32
34 0 L -1
35 0 U 19
36 0 U 30
37 0 U 7
38 1 U 37
39
0 0 L -1
1 1 U 0
2 0 U 1
3 0 U 1
4 0 U 3
5 1 U 4
6 0 U -1
7 1 U 1
8 0 U 7
9 1 U 8
10 1 L 1
11 1 U 1
12 1 U -1
13 0 L -1
14 1 U 13
15 0 U 14
16 0 L 13
17 1 U 16
18 1 U 5
19 1 U 18
20 1 U 19
21 1 U 20
22 1 L 2
23 1 L 16
24 0 L 0
25 1 L 8
26 1 L 12
27 1 U 26
28 0 L 17
29 0 U 28
30 1 L 26
31 0 U 30
32 0 U 7
33 0 U 32
34 0 L -1
35 0 U 19
36 1 U 13
37 0 U 7
38 1 U 37
39
0 0 L -1
1 1 U 0
2 0 U 1
3 1 U 2
4 0 U 3
5 1 U 4
6 1 U -1
7 1 U 1
8 0 U 7
9 1 U 8
10 1 L 1
11 1 U 1
12 1 U -1
13 0 L -1
14 1 U 13
15 0 U 14
16 0 L 13
17 1 U 16
18 1 U 5
19 1 U 18
20 0 L 13
21 1 U 20
22 1 U 21
23 1 L 16
24 1 L 21
25 1 L 8
26 1 U 25
27 1 U 26
28 0 L 17
29 0 U 28
30 1 L 26
31 0 U 30
32 0 U 7
33 0 U 32
34 0 L -1
35 0 U 19
36 1 U 13
37 0 U 7
38 1 U 37
39
0 0 L -1
1 0 L -1
2 0 U 1
3 1 U 2
4 0 U 3
5 1 U 4
6 0 U -1
7 1 U 1
8 0 U 6
9 1 U 8
10 1 L 1
11 1 U 1
12 1 U -1
13 0 L -1
14 1 U 13
15 0 U 14
16 0 L 13
17 1 U 16
18 1 U 5
19 1 U 18
20 0 U 13
21 1 U 20
22 1 U 21
23 1 L 16
24 0 L 0
25 1 L 8
26 0 L 14
27 1 U 26
28 0 L 17
29 0 U 28
30 1 L 26
31 0 U 30
32 1 U 6
33 0 U 32
34 0 L -1
35 0 U 19
36 1 U 13
37 0 U 7
38 1 U 37
39
0 0 L -1
1 0 L -1
2 0 U 1
3 1 U 2
4 0 U 3
5 1 U 4
6 0 U -1
7 1 U 1
8 0 U 6
9 1 U 8
10 1 L 1
11 1 U 1
12 1 U -1
13 0 L -1
14 1 U 13
15 0 U 14
16 0 L 13
17 1 U 16
18 0 U 17
19 1 U 18
20 0 U 13
21 1 U 20
22 1 U 21
23 1 L 16
24 0 L 0
25 1 L 8
26 0 L 14
27 1 U 26
28 0 L 17
29 0 U 28
30 1 L 26
31 1 L 5
32 1 U 6
33 0 U 32
34 0 L -1
35 0 U 19
36 1 U 13
37 0 U 7
38 1 L 23
39
0 0 L -1
1 0 L -1
2 0 U 1
3 1 U 2
4 0 U 3
5 0 L -1
6 0 U -1
7 1 U 1
8 0 U 6
9 1 U 8
10 1 L 1
11 1 U 1
12 1 U -1
13 0 L -1
14 1 U 13
15 0 U 14
16 0 L 13
17 1 U 16
18 1 U 5
19 1 U 18
20 0 U 13
21 1 U 20
22 1 U 21
23 1 L 16
24 0 L 0
25 1 L 8
26 0 L 14
27 1 U 26
28 0 L 17
29 1 L 6
30 1 L 26
31 0 U 30
32 1 U 6
33 0 U 32
34 0 L -1
35 0 U 19
36 1 U 13
37 0 U 7
38 1 U 37
39
0 0 L -1
1 0 L -1
2 0 U 1
3 1 U 2
4 0 U 3
5 1 U 4
6 0 U -1
7 1 U 1
8 0 U 6
9 1 U 8
10 1 L 1
11 1 U 1
12 1 U -1
13 0 L -1
14 1 L 0
15 0 U 14
16 0 L 13
17 1 U 16
18 1 U 5
19 1 U 18
20 0 U 13
21 1 U 20
22 1 U 21
23 1 L 16
24 0 L 0
25 1 L 8
26 0 L 14
27 1 U 26
28 0 L 17
29 0 U 28
30 1 L 26
31 0 U 30
32 1 U 6
33 0 U 32
34 0 L -1
35 0 U 19
36 1 U 13
37 0 U 7
38 1 U 37
39
0 0 L -1
1 0 L -1
2 0 U 1
3 0 L 0
4 0 U 3
5 1 U 4
6 0 U -1
7 1 U 1
8 0 U 6
9 1 U 8
10 1 L 1
11 0 L 8
12 1 U -1
13 0 L -1
14 1 U 13
15 0 U 14
16 0 L 13
17 1 U 16
18 0 U 13
19 1 U 18
20 0 U 13
21 1 U 20
22 1 U 21
23 1 L 16
24 0 L 0
25 0 L 21
26 0 L 14
27 1 U 26
28 0 L 17
29 0 U 28
30 1 L 26
31 0 U 30
32 1 U 6
33 0 U 32
34 0 L -1
35 0 U 19
36 0 L 35
37 0 U 7
38 1 U 37
39
0 0 L -1
1 0 L -1
2 0 U 1
3 1 U 2
4 0 U 3
5 1 U 4
6 0 U -1
7 1 U 1
8 0 U 6
9 1 L 2
10 1 L 1
11 1 U 1
12 1 U -1
13 0 L 1
14 1 U 13
15 0 U 14
16 0 L 13
17 1 U 16
18 1 U 5
19 1 U 18
20 0 U 13
21 1 U 20
22 1 U 21
23 1 L 16
24 1 L 6
25 1 L 8
26 0 L 14
27 1 U 26
28 0 L 17
29 0 L 28
30 1 L 26
31 0 U 30
32 1 U 6
33 0 U 32
34 0 L -1
35 0 U 19
36 1 U 13
37 0 U 7
38 1 U 37
39
0 0 L -1
1 0 L -1
2 0 U 1
3 1 U 2
4 0 U 3
5 1 U 4
6 0 U -1
7 1 U 1
8 0 U 6
9 1 U 8
10 1 L 1
11 1 U 1
12 1 U -1
13 1 L 3
14 1 U 13
15 0 U 14
16 0 L 13
17 1 U 16
18 1 U 5
19 1 U 18
20 0 U 13
21 1 U 20
22 1 U 21
23 1 L 16
24 0 L 0
25 1 L 8
26 0 L 14
27 1 U 26
28 0 L 17
29 0 U 28
30 1 L 26
31 0 U 3
32 1 U 6
33 0 U 32
34 0 L -1
35 0 U 19
36 1 U 13
37 0 U 7
38 1 U 37
39
0 0 L -1
1 0 L -1
2 1 L 1
3 1 U 2
4 1 L 0
5 1 U 4
6 0 U -1
7 1 U 1
8 0 U 6
9 1 U 8
10 1 L 1
11 1 U 1
12 1 U -1
13 0 U 11
14 1 U 13
15 0 U 14
16 0 L 13
17 1 U 16
18 1 U 17
19 1 U 18
20 0 U 13
21 1 U 20
22 1 U 21
23 0 L 20
24 0 L 0
25 1 L 8
26 0 L 14
27 1 U 26
28 0 L 17
29 0 L 16
30 1 L 26
31 0 U 30
32 1 U 6
33 0 U 32
34 0 L -1
35 0 U 19
36 1 U 13
37 0 U 7
38 1 U 37
39
0 0 L -1
1 0 L -1
2 0 U 1
3 1 U 2
4 0 U 3
5 1 L 4
6 0 U -1
7 1 U 1
8 0 U 6
9 0 U 7
10 1 L 1
11 1 U 1
12 0 U 1
13 0 L -1
14 1 U 13
15 0 U 14
16 0 L 13
17 1 U 16
18 1 U 5
19 1 U 18
20 0 U 13
21 1 U 20
22 1 U 21
23 1 L 16
24 0 L 0
25 1 L 7
26 0 L 14
27 1 U 26
28 0 L 17
29 0 U 28
30 1 L 26
31 0 U 30
32 1 U 6
33 0 U 32
34 0 L -1
35 0 U 19
36 1 U 13
37 0 U 7
38 1 U 37
39
0 0 L -1
1 0 L -1
2 0 U 1
3 1 U 2
4 0 U 3
5 1 U 4
6 0 U -1
7 1 U 1
8 0 U 6
9 1 U 8
10 1 L 1
11 1 U 1
12 1 U -1
13 0 L -1
14 1 U 13
15 0 U 14
16 0 L 13
17 1 U 16
18 1 U 5
19 1 U 18
20 0 U 13
21 1 U 20
22 1 U 21
23 1 L 16
24 0 L 0
25 1 U 15
26 0 L 14
27 1 U 26
28 0 L 17
29 0 U 28
30 1 L 26
31 0 U 30
32 1 U 6
33 0 U 32
34 0 L -1
35 0 U 19
36 1 U 13
37 0 U 7
38 1 U 37
39
0 0 L -1
1 0 L -1
2 0 U 1
3 1 U 2
4 0 U 3
5 1 U 4
6 0 U -1
7 1 U 1
8 0 U 6
9 1 U 8
10 1 L 1
11 1 U 1
12 1 U -1
13 0 L -1
14 1 U 13
15 0 U 14
16 0 L 13
17 1 U 16
18 1 U 5
19 1 U 18
20 0 U 13
21 1 U 20
22 1 U 21
23 1 L 16
24 0 L 0
25 1 L 8
26 0 L 14
27 1 U 26
28 0 L 17
29 0 U 28
30 1 L 26
31 0 U 30
32 1 U 6
33 0 U 32
34 0 L -1
35 0 U 19
36 1 U 13
37 0 U 7
38 1 L 28
39
0 0 L -1
1 0 L -1
2 1 L 1
3 1 U 2
4 0 U 3
5 1 U 4
6 0 U -1
7 1 U 1
8 0 U 6
9 1 U 8
10 1 L 1
11 1 U 1
12 1 U -1
13 0 L -1
14 1 U 13
15 0 U 14
16 0 L 13
17 0 U 8
18 1 U 5
19 1 U 18
20 0 U 13
21 1 U 20
22 1 U 21
23 1 L 16
24 0 L 15
25 1 U 16
26 0 L 14
27 0 U 9
28 0 L 17
29 0 U 28
30 1 L 7
31 0 U 30
32 1 U 6
33 0 U 32
34 0 L -1
35 0 U 19
36 1 U 13
37 0 U 7
38 1 L 28
39
0 0 L -1
1 0 L -1
2 0 U 1
3 1 U 2
4 0 U 3
5 1 U 4
6 0 U -1
7 1 U 1
8 0 U 6
9 1 U 8
10 1 L 1
11 1 L 10
12 1 U -1
13 0 L -1
14 1 U 13
15 0 U 14
16 0 L 13
17 1 U 16
18 0 L 17
19 1 U 18
20 0 U 13
21 1 U 20
22 1 U 21
23 1 L 16
24 0 L 0
25 1 L 8
26 0 L 14
27 1 U 26
28 0 L 17
29 0 U 28
30 1 L 26
31 0 U 30
32 1 U 6
33 0 U 32
34 0 L -1
35 0 U 19
36 1 U 13
37 0 U 7
38 1 L 28
39
0 0 L -1
1 0 L -1
2 0 U 1
3 1 U 2
4 0 U 3
5 1 U 4
6 0 U -1
7 1 U 1
8 0 U 6
9 1 U 8
10 1 L 1
11 1 U 1
12 1 U -1
13 0 L -1
14 1 U 13
15 0 U 14
16 0 L 4
17 1 U 16
18 1 U 5
19 1 U 18
20 0 U 13
21 1 U 20
22 1 U 21
23 1 L 16
24 0 L 2
25 1 L 8
26 0 L 14
27 1 U 26
28 0 L 17
29 0 U 28
30 1 L 26
31 0 U 30
32 1 U 6
33 0 U 32
34 0 L -1
35 0 U 19
36 1 L 33
37 0 U 34
38 1 L 28
39
0 0 L -1
1 0 L -1
2 0 L 1
3 1 U 2
4 0 U 3
5 1 L 2
6 0 U -1
7 1 U 1
8 0 U 6
9 1 U 8
10 1 L 1
11 1 U 1
12 1 U -1
13 0 L -1
14 1 U 13
15 0 U 14
16 0 L 13
17 1 U 16
18 1 U 5
19 1 U 18
20 0 U 13
21 1 U 20
22 1 U 21
23 1 L 16
24 0 L 0
25 1 L 8
26 0 L 14
27 1 U 26
28 1 U 6
29 0 U 28
30 1 L 26
31 0 U 30
32 1 U 7
33 1 U 30
34 0 L -1
35 0 U 19
36 1 U 13
37 1 U 8
38 1 L 28
39
0 0 L -1
1 0 L -1
2 0 L 0
3 1 U 2
4 0 U 3
5 1 U 4
6 0 U -1
7 1 U 1
8 0 U 6
9 1 U 8
10 0 U 0
11 1 U 1
12 1 U -1
13 0 L -1
14 1 U 8
15 1 U 0
16 0 L 13
17 1 U 16
18 1 U 5
19 1 U 18
20 0 U 13
21 1 U 20
22 1 U 21
23 1 L 16
24 0 L 0
25 1 L 23
26 0 L 14
27 1 U 26
28 0 U 7
29 1 L 2
30 1 U 23
31 0 U 30
32 1 U 6
33 0 U 32
34 0 L -1
35 0 U 19
36 1 U 13
37 0 U 7
38 0 U 26
39
0 0 L -1
1 0 L -1
2 0 U 1
3 1 U 2
4 0 U 3
5 1 U 4
6 0 U -1
7 1 U 1
8 0 U 6
9 1 U 8
10 1 L 1
11 1 U 1
12 1 U -1
13 0 L -1
14 1 U 13
15 0 U 14
16 0 L 13
17 1 U 16
18 1 U 5
19 1 U 18
20 0 U 13
21 1 U 20
22 1 U 21
23 1 L 17
24 1 U 21
25 1 L 8
26 0 L 14
27 1 U 26
28 0 L 17
29 0 U 28
30 1 L 26
31 0 U 30
32 1 U 6
33 0 U 32
34 0 L -1
35 0 U 19
36 1 U 13
37 0 U 7
38 1 L 28
39
0 0 L -1
1 0 L -1
2 0 U 1
3 1 U 2
4 0 U 3
5 1 U 4
6 0 U -1
7 1 U 1
8 0 U 4
9 1 U 8
10 1 L 1
11 1 U 1
12 1 U -1
13 0 L -1
14 1 U 13
15 0 U 3
16 0 L 13
17 1 U 16
18 1 U 5
19 0 U 8
20 0 U 12
21 1 U 20
22 1 U 21
23 1 L 16
24 0 L 0
25 1 L 14
26 0 L 14
27 1 U 26
28 1 U 25
29 0 U 28
30 1 L 26
31 0 U 30
32 1 U 6
33 0 U 32
34 0 L -1
35 0 U 19
36 1 U 13
37 0 U 7
38 1 L 28
39
0 0 L -1
1 0 L -1
2 0 U 1
3 1 U 2
4 0 U 3
5 1 U 4
6 0 U -1
7 1 U 1
8 0 U 6
9 1 U 8
10 1 L 1
11 1 U 1
12 1 U -1
13 0 L -1
14 1 U 13
15 0 U 14
16 0 L 13
17 1 U 16
18 1 U 5
19 1 U 18
20 0 U 13
21 1 U 20
22 1 U 21
23 1 L 16
24 0 L 0
25 1 L 8
26 0 L 14
27 1 U 26
28 0 U 18
29 0 U 28
30 1 L 26
31 0 U 30
32 1 U 6
33 0 U 32
34 0 L -1
35 0 U 19
36 1 U 13
37 0 U 7
38 1 L 28
39
0 0 L -1
1 0 L -1
2 0 U 1
3 1 U 2
4 0 U 3
5 1 U 4
6 1 U 3
7 1 U 1
8 0 U 6
9 1 U 8
10 1 L 1
11 1 U 1
12 1 U -1
13 0 L -1
14 0 L 1
15 0 U 14
16 0 L 13
17 1 U 16
18 1 U 5
19 1 U 18
20 0 U 13
21 1 U 20
22 1 U 21
23 1 L 16
24 0 L 0
25 1 L 8
26 0 L 14
27 1 U 26
28 0 L 17
29 0 U 28
30 1 L 26
31 0 U 30
32 1 U 6
33 0 U 32
34 0 L -1
35 0 U 19
36 1 U 13
37 0 U 7
38 1 L 7
39
0 0 L -1
1 0 L -1
2 0 U 1
3 1 U 2
4 0 U 3
5 1 U 4
6 0 U -1
7 1 U 1
8 0 U 6
9 1 U 8
10 1 L 1
11 0 U 7
12 1 U -1
13 0 L -1
14 1 U 13
15 0 U 14
16 0 L 13
17 1 U 16
18 1 U 5
19 1 U 18
20 0 U 13
21 1 U 20
22 1 U 21
23 1 L 16
24 0 L 0
25 0 U 18
26 0 L 14
27 1 U 26
28 1 U 15
29 0 U 28
30 0 U 4
31 0 U 30
32 1 U 6
33 0 U 32
34 0 L -1
35 0 U 19
36 1 U 13
37 0 U 35
38 1 L 28
39
0 0 L -1
1 0 L -1
2 0 U 1
3 0 L 0
4 0 U 3
5 1 U -1
6 0 U -1
7 1 U 1
8 0 U 6
9 1 U 8
10 1 L 1
11 1 L 1
12 1 U -1
13 0 L -1
14 1 U 13
15 0 U 14
16 1 U -1
17 1 U 16
18 1 U 5
19 1 U 18
20 0 U 13
21 1 U 20
22 1 U 21
23 1 L 16
24 0 L 3
25 1 L 8
26 0 U 12
27 1 U 21
28 0 L 17
29 0 U 28
30 1 L 26
31 0 U 30
32 1 U 6
33 0 U 32
34 0 L -1
35 0 U 19
36 1 U 13
37 0 U 7
38 1 L 28
39
0 1 U -1
1 0 L -1
2 1 L 1
3 1 U 2
4 0 U 3
5 1 U 4
6 0 U -1
7 1 L -1
8 0 U 6
9 1 U 8
10 0 L 7
11 1 U 1
12 1 U -1
13 0 L 12
14 1 L 0
15 0 U -1
16 0 L 13
17 1 U 16
18 1 U 5
19 1 U 10
20 1 L 15
21 1 U 20
22 1 U 21
23 1 L 16
24 0 L 0
25 1 L 8
26 0 L 14
27 1 U 26
28 0 L 17
29 0 U 28
30 1 L 26
31 0 U 30
32 1 U 6
33 0 U 16
34 0 L -1
35 0 U 19
36 1 U 13
37 0 U 7
38 1 L 28
39
0 0 L -1
1 0 L -1
2 0 U 1
3 0 L 1
4 0 U 3
5 1 U 4
6 0 U 3
7 1 U 1
8 0 U 6
9 1 U 8
10 1 L 1
11 1 U 1
12 1 U -1
13 0 L -1
14 1 U 13
15 0 U 14
16 0 L 13
17 1 U 16
18 1 U 5
19 1 U 18
20 0 U 13
21 1 L 19
22 1 U 21
23 1 L 16
24 0 L 0
25 1 U 12
26 0 L 14
27 1 U 26
28 0 L 17
29 1 U 23
30 1 L 26
31 0 U 30
32 1 U 6
33 0 U 32
34 0 L -1
35 0 U 19
36 1 U 13
37 0 U 7
38 1 L 28
39
0 0 L -1
1 0 L -1
2 0 U 1
3 1 U 2
4 0 U 3
5 1 U 4
6 0 U -1
7 1 U 1
8 0 U 6
9 1 U 8
10 1 L 1
11 1 U 1
12 1 U 2
13 0 L -1
14 1 U 13
15 0 U 14
16 0 L 13
17 1 U 16
18 0 U -1
19 1 U 18
20 0 U 13
21 1 U 20
22 1 L 15
23 1 L 16
24 0 L 0
25 1 L 8
26 0 L 14
27 1 U 26
28 0 L 7
29 0 U 28
30 1 L 26
31 0 U 30
32 1 U 6
33 0 U 32
34 1 U 17
35 0 U 19
36 1 U 13
37 0 U 7
38 1 L 28
39
0 0 L -1
1 0 L -1
2 0 U 1
3 1 U 2
4 1 L -1
5 1 U 4
6 0 U -1
7 1 U 1
8 0 U 6
9 1 U 8
10 1 L 1
11 1 U 1
12 1 U -1
13 0 L -1
14 1 U 13
15 0 U 14
16 0 L 13
17 1 U 16
18 1 U 5
19 1 L 16
20 0 U 13
21 1 U 20
22 1 U 21
23 1 L 16
24 0 L 0
25 1 L 8
26 0 L 14
27 1 U 26
28 0 L 17
29 0 U 28
30 1 L 26
31 0 U 30
32 1 U 6
33 0 U 32
34 0 L -1
35 0 U 19
36 1 L 5
37 0 U 7
38 1 L 28
39
0 0 L -1
1 0 L -1
2 0 U 1
3 1 U 2
4 0 U 3
5 1 U 4
6 0 U 4
7 1 U 1
8 0 U 6
9 1 U 8
10 1 L 1
11 1 U 1
12 1 U -1
13 0 L -1
14 1 U 13
15 0 U 14
16 0 L 13
17 1 U 16
18 1 U 5
19 1 U 18
20 0 U 13
21 1 L 6
22 1 U 21
23 1 L 16
24 0 L 0
25 1 L 8
26 0 L 14
27 1 U 26
28 0 L 17
29 0 U 28
30 1 L 26
31 0 U 30
32 1 U 6
33 0 U 32
34 1 L 33
35 0 U 19
36 1 U 13
37 0 U 7
38 1 L 28
39
0 0 L -1
1 0 L -1
2 0 L -1
3 1 U 2
4 0 U 3
5 1 U 0
6 0 U -1
7 0 U 2
8 0 U 6
9 1 U 8
10 1 L 1
11 1 U 1
12 0 U 3
13 0 L -1
14 1 U 9
15 0 U 13
16 0 L 13
17 1 U 16
18 1 U 5
19 1 U 18
20 0 U 13
21 1 U 20
22 1 U 21
23 1 L 16
24 0 L 0
25 1 L 8
26 0 L 14
27 1 U 26
28 0 L 17
29 0 U 28
30 0 U 22
31 0 U 30
32 1 U 6
33 0 U 32
34 0 L -1
35 0 U 19
36 1 U 13
37 0 U 7
38 1 L 28
39
0 0 L -1
1 0 U -1
2 0 U 1
3 1 U 2
4 0 U 3
5 1 U 4
6 0 U -1
7 1 U 1
8 0 U 6
9 1 U 8
10 1 L 1
11 1 U 1
12 1 U -1
13 0 L -1
14 1 U 13
15 0 U 14
16 0 L 13
17 1 L 12
18 1 U 5
19 1 U 18
20 0 U 13
21 1 U 20
22 1 U 21
23 1 L 18
24 0 L 0
25 1 L 8
26 0 L 12
27 1 U 26
28 0 L 17
29 0 U 28
30 1 L 9
31 0 U 30
32 1 U 6
33 0 U 32
34 0 L -1
35 0 U 19
36 1 U 13
37 0 U 7
38 1 L 28
39
0 0 L -1
1 0 L -1
2 0 U 1
3 1 U 2
4 1 U 3
5 1 U 4
6 0 U -1
7 1 U 1
8 0 U 6
9 1 L 4
10 1 L 1
11 1 L 1
12 1 U -1
13 0 L -1
14 1 U 13
15 0 U 14
16 1 U -1
17 1 U 16
18 1 U 5
19 1 U 18
20 0 U 13
21 1 U 20
22 1 U 21
23 1 L 16
24 0 L 0
25 1 L 8
26 0 L 14
27 1 U 26
28 0 L 17
29 0 U 28
30 1 U 21
31 0 U 30
32 1 U 6
33 0 U 32
34 0 L -1
35 0 U 19
36 1 U 13
37 0 U 7
38 1 L 28
39
0 0 L -1
1 0 L -1
2 0 U 1
3 1 U 2
4 0 U 3
5 1 U 3
6 0 U -1
7 0 L 2
8 0 U 6
9 1 U 8
10 1 L 1
11 1 U 1
12 1 U -1
13 0 L 5
14 1 U 13
15 0 U 14
16 0 L 13
17 1 U 16
18 1 U 5
19 1 U 18
20 0 U 13
21 1 U 20
22 1 U 21
23 1 L 16
24 0 L 0
25 1 L 8
26 0 L 14
27 0 L 21
28 0 L 17
29 0 U 28
30 1 L 26
31 0 U 30
32 0 L 25
33 0 U 32
34 0 L 20
35 0 U 19
36 1 U 13
37 0 U 7
38 1 L 28
39
0 0 L -1
1 0 L -1
2 0 U 1
3 1 U 2
4 0 U 3
5 1 U 2
6 0 U -1
7 1 U 1
8 0 U 6
9 1 U 8
10 1 L 1
11 0 L 1
12 1 U -1
13 1 U 2
14 1 U 13
15 0 U 14
16 0 L 13
17 1 U 16
18 1 U 5
19 1 U 18
20 0 U 13
21 1 U 20
22 1 L 15
23 1 L 16
24 0 L 0
25 1 L 8
26 0 L 14
27 1 U 26
28 0 L 17
29 0 U 28
30 1 L 26
31 0 U 30
32 1 U 6
33 0 U 32
34 0 L -1
35 0 U 19
36 1 U 13
37 0 U 7
38 1 L 28
39
0 0 L -1
1 1 L -1
2 0 U 1
3 0 U 2
4 0 U 3
5 1 U 4
6 0 U -1
7 1 U 1
8 0 U 6
9 1 U 8
10 1 L 1
11 1 U 1
12 1 U -1
13 0 L -1
14 1 U 13
15 0 U 14
16 0 L 13
17 1 U 16
18 1 U 5
19 1 U 18
20 0 U 13
21 1 U 20
22 1 U 21
23 1 L 16
24 0 L 0
25 1 L 8
26 0 L 14
27 1 U 23
28 0 L 17
29 0 U 28
30 0 L 27
31 0 U 30
32 1 U 6
33 0 U 32
34 0 L -1
35 0 U 19
36 1 U 13
37 0 U 7
38 1 L 28
39
0 0 L -1
1 0 L -1
2 0 U 1
3 1 U 2
4 0 U 3
5 1 U 4
6 0 U -1
7 1 U 1
8 0 U 6
9 1 U 8
10 1 L 1
11 1 U 1
12 1 U -1
13 0 L -1
14 1 U 13
15 1 L 8
16 0 L 13
17 1 U 16
18 1 U 5
19 1 U 18
20 0 L 14
21 1 U 20
22 1 U 21
23 1 L 16
24 0 L 0
25 1 L 8
26 1 U 10
27 1 U 26
28 0 L 17
29 0 U 28
30 1 L 26
31 0 U 30
32 1 U 6
33 0 U 32
34 0 L -1
35 0 U 14
36 1 U 13
37 0 U 0
38 1 L 28
39
0 0 L -1
1 0 L -1
2 0 U 1
3 1 U 2
4 0 U 3
5 1 U 4
6 0 U -1
7 1 U 1
8 0 U 6
9 1 U 8
10 1 L 1
11 1 U 1
12 1 U -1
13 0 L -1
14 1 U 13
15 0 U 14
16 0 L 13
17 1 U 16
18 1 U 5
19 1 U 18
20 0 U 13
21 1 U 20
22 1 U 21
23 1 L 16
24 0 L 0
25 1 L 8
26 0 L 14
27 0 U 22
28 0 L 17
29 0 U 28
30 1 L 28
31 0 U 30
32 1 U 6
33 1 U 4
34 0 L -1
35 0 U 30
36 1 U 13
37 0 U 7
38 1 L 28
39
0 0 L -1
1 0 L -1
2 0 U 1
3 1 U 2
4 0 U 3
5 1 U 4
6 0 U -1
7 1 U 1
8 0 U 6
9 1 U 8
10 1 L 1
11 1 U 1
12 0 L 7
13 0 L -1
14 1 U 13
15 0 U 14
16 0 L 13
17 0 U 8
18 1 U 5
19 1 U 18
20 0 U 13
21 1 U 20
22 1 U 21
23 1 L 16
24 0 L 0
25 1 L 8
26 0 L 14
27 1 U 26
28 0 L 17
29 0 U 28
30 1 L 26
31 0 U 30
32 1 U 6
33 0 U 32
34 1 L 12
35 0 U 19
36 1 U 13
37 0 U 7
38 1 L 28
39
0 0 L -1
1 0 L -1
2 0 U 1
3 1 U 2
4 0 U 3
5 1 U 4
6 0 U -1
7 0 L 4
8 0 U 6
9 1 U 8
10 1 L 1
11 1 U 1
12 1 U -1
13 0 L -1
14 1 U 13
15 0 U 0
16 0 L 13
17 1 U 16
18 1 U 5
19 1 U 18
20 0 U 13
21 1 U 20
22 1 U 21
23 1 L 16
24 0 L 0
25 1 L 8
26 0 L 14
27 1 U 26
28 0 U 26
29 0 U 28
30 1 L 26
31 0 U 30
32 1 U 6
33 0 U 32
34 0 L -1
35 0 U 19
36 1 U 13
37 0 U 7
38 1 L 28
39
0 0 L -1
1 0 L -1
2 0 U 1
3 1 U 2
4 0 U 3
5 1 U -1
6 0 U -1
7 1 U 1
8 0 U 6
9 1 U 8
10 1 L 1
11 1 U 1
12 1 U -1
13 0 L -1
14 1 U 13
15 0 U 14
16 0 L 13
17 0 L 1
18 1 U 5
19 1 U 18
20 0 U 13
21 1 U 20
22 1 U 21
23 1 L 16
24 0 L 0
25 1 L 8
26 0 L 14
27 1 U 26
28 0 L 17
29 0 U 28
30 0 U 21
31 0 U 30
32 1 U 6
33 0 U 32
34 0 L -1
35 0 U 19
36 1 U 13
37 0 U 7
38 1 L 28
39
0 0 L -1
1 0 L -1
2 0 U 1
3 1 U 2
4 0 U 3
5 1 U 4
6 1 L 4
7 1 U 1
8 1 L 0
9 1 U 8
10 1 U 2
11 0 L 8
12 0 L -1
13 0 L -1
14 1 L 10
15 0 U 14
16 0 L 13
17 1 U 16
18 0 U 0
19 1 U 18
20 0 U 13
21 1 U 20
22 1 U 21
23 1 L 16
24 0 L 0
25 1 L 8
26 0 L 14
27 1 U 26
28 0 L 17
29 0 U 28
30 1 L 26
31 0 U 30
32 1 U 6
33 0 U 32
34 0 L -1
35 0 U 19
36 0 L 10
37 0 U 7
38 1 L 28
39
0 0 L -1
1 0 L -1
2 0 U 1
3 1 U 2
4 0 U 3
5 1 U 4
6 1 L -1
7 1 U 1
8 1 L 6
9 1 U 8
10 1 L 1
11 1 U 1
12 1 U -1
13 0 L -1
14 1 U 13
15 0 U 14
16 0 L 13
17 1 U 16
18 1 U 5
19 1 U 18
20 0 U 13
21 1 L 5
22 1 U 21
23 1 L 16
24 0 L 0
25 1 L 7
26 0 L 14
27 1 U 26
28 0 L 17
29 0 U 28
30 1 L 26
31 0 U 30
32 1 U 6
33 0 U 32
34 0 L -1
35 0 U 19
36 1 L 18
37 0 U 6
38 1 L 28
39
0 0 L -1
1 0 L -1
2 0 U 1
3 1 U 2
4 0 U 2
5 1 U 4
6 0 L 1
7 0 L 6
8 0 U 6
9 1 U 8
10 1 L 1
11 1 U 1
12 1 U -1
13 1 L 0
14 1 U 13
15 0 U 14
16 0 L 13
17 1 U 16
18 1 U 5
19 1 U 18
20 0 U 13
21 1 U 20
22 1 U 21
23 1 L 16
24 0 L 0
25 0 U 17
26 0 L 14
27 1 L 11
28 1 U 22
29 0 U 28
30 1 L 26
31 0 U 30
32 1 U 6
33 0 U 32
34 0 L 24
35 0 U 19
36 1 U 13
37 0 U 7
38 1 L 28
39
0 0 L -1
1 0 L -1
2 0 U 1
3 1 U 2
4 0 U 3
5 1 U 4
6 0 U -1
7 1 U 1
8 0 U 6
9 1 U 8
10 1 L 1
11 1 U 1
12 1 U -1
13 0 L -1
14 1 U 13
15 0 U 14
16 0 L 13
17 1 U 16
18 1 U 4
19 1 U 18
20 0 U 13
21 1 U 20
22 1 U 21
23 1 L 16
24 0 L 0
25 1 L 8
26 0 L 14
27 1 U 26
28 1 L 23
29 0 U 28
30 1 L 26
31 0 U 30
32 1 U 6
33 0 U 32
34 1 L 1
35 0 U 19
36 1 U 13
37 0 U 7
38 1 L 28
39
0 0 L -1
1 0 L -1
2 1 L 0
3 1 U 2
4 0 U 3
5 1 U 4
6 0 U -1
7 1 U 1
8 0 U 6
9 1 U 8
10 0 U 5
11 1 U 1
12 1 U -1
13 0 L -1
14 1 U 13
15 1 L 13
16 1 L 7
17 1 U 16
18 1 U 5
19 1 U 18
20 0 U 13
21 1 U 20
22 1 U 21
23 1 L 16
24 0 L 0
25 1 L 8
26 1 U 3
27 1 U 26
28 0 L 17
29 0 U 28
30 1 L 26
31 1 L 16
32 1 U 6
33 0 U 32
34 1 U 31
35 0 U 19
36 1 U 13
37 0 U 7
38 1 L 28
39
0 0 L -1
1 0 L -1
2 0 U 1
3 1 U 2
4 0 U 3
5 1 U 4
6 0 U -1
7 1 U 1
8 0 U 6
9 1 U 8
10 1 L 1
11 1 U 1
12 1 U -1
13 0 L -1
14 1 U 13
15 0 U 14
16 0 L 13
17 1 U 16
18 1 U 5
19 1 U 18
20 0 U 13
21 1 U 20
22 1 U 21
23 1 L 16
24 0 L 0
25 1 L 8
26 0 L 14
27 1 U 26
28 0 L 17
29 0 U 28
30 1 L 26
31 0 U 30
32 1 L 13
33 0 U 32
34 0 L -1
35 0 U 19
36 1 U 13
37 0 U 7
38 1 L 28
