76
0 0 U -1
1 0 U 0
2 1 U 1
3 1 U 2
4 0 U 3
5 1 U 4
6 1 U 5
7 0 U 6
8 1 U -1
9 0 U 8
10 1 U 9
11 1 U 10
12 0 U 11
13 1 U 12
14 1 U 13
15 1 U 14
16 1 U -1
17 1 U 16
18 0 U 17
19 1 U 18
20 0 U 19
21 0 U 20
22 0 U 21
23 0 U 22
24 0 U -1
25 1 U 24
26 0 U 25
27 0 U 26
28 1 U 27
29 0 U 28
30 0 U 29
31 1 U 30
32 0 U -1
33 0 U 32
34 0 U 33
35 1 U 34
36 1 U 35
37 0 U 36
38 0 U 37
39 1 U 38
40 1 U -1
41 0 U 40
42 1 U 41
43 1 U 42
44 1 U 43
45 1 U 44
46 0 U 45
47 1 U 46
48 1 U -1
49 1 U 48
50 0 U 49
51 0 U 50
52 0 U 51
53 1 U 52
54 0 U 53
55 1 U 54
56 1 U -1
57 0 U 56
58 1 U 57
59 1 U 58
60 1 U 59
61 1 U 60
62 0 U 61
63 1 U 62
64 1 U -1
65 0 U 64
66 0 U 65
67 0 U 66
68 0 U 67
69 1 U 68
70 1 U 69
71 1 U 70
72 0 U -1
73 1 U 72
74 0 U 73
75 1 U 74
76
0 0 U -1
1 0 U 0
2 1 U 1
3 1 U 2
4 0 U 3
5 1 U 0
6 1 U 5
7 0 U 6
8 1 U -1
9 0 U 8
10 1 U 9
11 1 U 10
12 0 U 5
13 1 U 12
14 1 U 13
15 1 U 14
16 1 U -1
17 1 U 10
18 0 U 17
19 1 U 18
20 0 U 19
21 0 U 20
22 0 U 21
23 0 U 22
24 0 U 14
25 1 U 24
26 0 U 25
27 0 U 26
28 1 U 27
29 0 L 10
30 0 U 29
31 1 U 30
32 0 U -1
33 0 U 32
34 0 U 33
35 1 U 34
36 1 U 35
37 0 U 36
38 0 U 37
39 0 L 31
40 1 U -1
41 0 U 40
42 1 U 41
43 1 U 42
44 1 U 43
45 1 U 44
46 0 U 45
47 1 U 46
48 1 U -1
49 1 U 48
50 0 U 49
51 0 U 50
52 0 U 51
53 1 U 52
54 0 U 53
55 1 U 54
56 1 U -1
57 0 U 56
58 1 U 57
59 1 U 58
60 1 U 59
61 1 U 60
62 1 U 53
63 1 U 62
64 1 U -1
65 0 U 64
66 0 U 65
67 0 U 66
68 0 U 67
69 1 U 68
70 1 U 27
71 1 U 70
72 0 U -1
73 1 U 72
74 0 U 73
75 1 U 74
76
0 0 U -1
1 0 U 0
2 1 U 1
3 1 U 2
4 0 U 3
5 1 U 4
6 0 U 1
7 0 U 6
8 1 U -1
9 0 U 8
10 1 U 9
11 1 U 10
12 0 U 11
13 1 U 12
14 1 U 13
15 1 U 14
16 1 U -1
17 1 U 16
18 0 U 17
19 1 U 18
20 0 U 19
21 0 U 20
22 0 U 21
23 0 U 22
24 0 U -1
25 1 U 24
26 0 U 25
27 0 U -1
28 1 U 27
29 0 U 28
30 0 U 29
31 1 U 30
32 0 U 16
33 0 U 32
34 0 U 33
35 1 U 34
36 1 U 35
37 0 U 36
38 0 U 37
39 0 L 38
40 0 U 23
41 0 U 32
42 1 U 41
43 1 U 32
44 1 U 43
45 1 U 44
46 0 U 45
47 1 U 46
48 1 U 46
49 1 U 48
50 0 U 49
51 1 L 44
52 0 U 51
53 1 U 52
54 1 L 7
55 1 U 54
56 1 U -1
57 0 U 56
58 0 L 36
59 1 U 58
60 1 U 59
61 1 U 60
62 0 U 61
63 1 U 62
64 1 U -1
65 0 U 64
66 0 U 65
67 0 U 66
68 0 U 67
69 1 U 68
70 1 U 69
71 1 U 70
72 0 U -1
73 1 U 72
74 0 U 73
75 1 U 74
76
0 0 U -1
1 1 L -1
2 1 U 1
3 1 U 2
4 0 U 3
5 1 U 2
6 1 U 5
7 0 U 6
8 0 U 5
9 0 U 8
10 1 U 9
11 1 U 10
12 0 U 11
13 1 U 12
14 1 U 13
15 1 U 14
16 1 U -1
17 1 U 16
18 0 U 17
19 1 U 18
20 0 U 19
21 0 U 20
22 0 U 21
23 0 U 22
24 0 U -1
25 1 U 24
26 0 U 25
27 0 U 26
28 1 U 27
29 0 U 28
30 0 U 29
31 1 U 30
32 0 L 22
33 0 U 32
34 1 L 16
35 1 U 34
36 1 U 35
37 0 U 36
38 0 U 37
39 1 U 38
40 1 U -1
41 0 U 40
42 1 U 41
43 1 U 7
44 1 U 43
45 1 U 44
46 0 U 45
47 1 U 46
48 1 U -1
49 1 U 48
50 1 L 0
51 0 U 50
52 0 U 51
53 1 U 52
54 0 U 53
55 1 U 54
56 1 U -1
57 1 L 25
58 0 L 47
59 1 U 58
60 1 U 59
61 1 U 60
62 1 U 44
63 1 U 62
64 1 U -1
65 0 U 64
66 0 U 65
67 1 L 29
68 0 U 67
69 1 U 68
70 1 U 69
71 0 L 2
72 0 U -1
73 1 U 72
74 0 U 73
75 1 U 74
76
0 0 U -1
1 1 L -1
2 1 U 1
3 1 U 2
4 0 U 3
5 1 U 2
6 1 U 5
7 0 U 6
8 1 L 4
9 0 U 8
10 1 U 9
11 1 U 10
12 0 U 11
13 1 U 12
14 1 U 13
15 1 U 14
16 1 U -1
17 1 U 16
18 0 U 17
19 1 U 18
20 0 U 19
21 0 U 20
22 0 U 21
23 0 U 22
24 0 U -1
25 1 U 24
26 0 U 25
27 0 U 26
28 1 U 27
29 0 U 28
30 0 U 29
31 1 U 30
32 0 L 22
33 0 U 9
34 1 U 3
35 1 U 34
36 1 U 35
37 0 U 36
38 0 U 37
39 1 U 38
40 1 U -1
41 0 U 40
42 1 U 41
43 1 U 7
44 1 U 43
45 1 U 44
46 0 U 45
47 1 U 46
48 1 U -1
49 1 U 48
50 1 L 0
51 0 U 50
52 0 U 51
53 1 U 52
54 0 U 43
55 1 U 54
56 1 U -1
57 1 L 25
58 0 L 47
59 1 U 58
60 1 U 59
61 1 U 60
62 1 U 44
63 1 U 62
64 1 U -1
65 0 U 64
66 0 U 65
67 1 L 29
68 0 U 67
69 1 U 68
70 1 U 69
71 0 L 2
72 0 L 68
73 0 L 36
74 0 U 73
75 1 U 74
76
0 0 U -1
1 1 L -1
2 1 U 1
3 1 U 2
4 0 U 3
5 1 U 2
6 1 U 5
7 1 L 0
8 0 U 5
9 0 U 8
10 1 U 9
11 1 U 10
12 0 U 11
13 1 U 12
14 1 U 8
15 1 U 14
16 1 U -1
17 1 U 16
18 0 U 17
19 1 U 18
20 0 U 19
21 0 L 17
22 0 U 21
23 0 L 16
24 0 U -1
25 1 U 24
26 0 U 25
27 0 U 26
28 1 U 27
29 0 U 28
30 0 U 29
31 1 U 30
32 0 L 22
33 0 U 32
34 1 L 16
35 1 U 34
36 1 U 35
37 0 U 36
38 0 U 37
39 1 U 38
40 1 U -1
41 0 U 40
42 1 U 41
43 1 U 7
44 1 U 43
45 1 U 44
46 0 U 45
47 1 U 46
48 1 U -1
49 1 U 48
50 1 L 0
51 0 U 50
52 0 U 51
53 1 U 52
54 0 U 53
55 1 U 54
56 1 U -1
57 1 L 25
58 0 L 47
59 1 U 58
60 1 U 59
61 1 U 60
62 1 U 44
63 1 U 62
64 1 U -1
65 1 U 53
66 0 U 65
67 1 L 29
68 0 U 67
69 1 U 68
70 1 U 69
71 0 L 2
72 0 U -1
73 1 U 72
74 0 L 56
75 1 L 4
76
0 0 U -1
1 1 L -1
2 1 L 1
3 1 U 2
4 0 U 3
5 1 U 2
6 1 U 5
7 0 U 6
8 0 U 5
9 0 U 8
10 1 L 1
11 1 U 10
12 0 U 11
13 1 U 12
14 1 U 13
15 0 U 10
16 1 U -1
17 1 U 16
18 0 U 17
19 1 U 18
20 0 U 19
21 0 U 20
22 0 U 21
23 0 U 22
24 0 U -1
25 1 U 24
26 0 U 25
27 0 U 26
28 1 U 27
29 0 U 28
30 0 U 29
31 1 U 30
32 0 L 22
33 0 U 32
34 1 L 16
35 1 U 34
36 1 U 35
37 0 U 36
38 0 U 37
39 1 U 38
40 1 U -1
41 0 U 40
42 1 U 41
43 1 U 7
44 1 U 43
45 1 U 44
46 0 U 45
47 1 U 46
48 1 U -1
49 1 U 48
50 1 L 0
51 0 U 50
52 0 U 51
53 1 U 52
54 0 U 53
55 1 U 54
56 1 U -1
57 1 L 25
58 0 L 47
59 1 U 58
60 1 U 59
61 1 U 60
62 0 U 35
63 1 L 21
64 1 U -1
65 1 L 56
66 0 U 65
67 1 L 29
68 1 U 39
69 1 U 68
70 1 U 69
71 0 L 2
72 0 U 41
73 1 U 72
74 0 L 39
75 1 U 74
76
0 0 U -1
1 1 L -1
2 1 U 1
3 1 U 2
4 0 U 3
5 1 L 4
6 1 L 0
7 0 U 6
8 0 U 5
9 0 U 8
10 1 U 9
11 1 U 10
12 0 U 11
13 1 U 12
14 1 U 13
15 1 U 14
16 1 U -1
17 1 U 16
18 0 U 16
19 1 U 18
20 0 U 19
21 0 U 20
22 0 U 21
23 0 U 22
24 0 U -1
25 1 U 24
26 0 U 25
27 0 U 23
28 1 L 25
29 0 U 28
30 0 U 29
31 1 U 30
32 0 L 22
33 0 U 32
34 1 L 16
35 1 U 34
36 1 U 35
37 0 U 36
38 0 U 37
39 1 U 38
40 1 U -1
41 0 U 40
42 1 U 41
43 1 U 7
44 1 U 43
45 1 U 44
46 0 U 45
47 1 U 46
48 1 U -1
49 1 U 48
50 1 L 0
51 0 U 50
52 0 U 51
53 0 U 23
54 0 U 53
55 1 U 54
56 1 U -1
57 1 L 25
58 0 L 47
59 1 U 58
60 1 U 59
61 1 U 60
62 1 U 44
63 1 U 62
64 1 U -1
65 1 L 29
66 0 U 65
67 0 U 9
68 0 U 67
69 1 U 68
70 1 U 69
71 0 L 2
72 0 U -1
73 1 U 72
74 0 U 73
75 1 U 74
76
0 0 U -1
1 1 L -1
2 1 U 1
3 1 U 2
4 0 U 3
5 1 U 2
6 1 U 5
7 0 U 6
8 0 U 5
9 0 U 8
10 1 U 9
11 1 U 10
12 0 U 11
13 1 U 12
14 1 U 13
15 1 U 14
16 0 L 13
17 1 U 16
18 0 U 17
19 1 U 18
20 0 U 19
21 0 U 20
22 0 U 21
23 0 U 22
24 0 U -1
25 1 U 24
26 0 U 25
27 0 U 26
28 1 U 27
29 0 U 28
30 1 L 3
31 1 U 30
32 0 L 22
33 0 U 32
34 1 L 16
35 1 U 34
36 1 U 35
37 0 U 36
38 0 U 37
39 1 U 38
40 1 U -1
41 0 U 40
42 1 U 41
43 1 U 7
44 1 U 43
45 1 U 44
46 0 U 45
47 1 U 46
48 1 U -1
49 1 U 48
50 1 L 0
51 1 L 6
52 0 U 51
53 1 U 52
54 0 U 53
55 1 U 54
56 1 U -1
57 1 L 25
58 0 L 47
59 1 U 41
60 1 U 59
61 1 U 60
62 1 U 44
63 1 U 62
64 1 U -1
65 0 U 64
66 0 U 65
67 1 L 29
68 0 U 67
69 1 U 68
70 1 U 69
71 0 L 27
72 0 U -1
73 1 U 72
74 0 U 73
75 0 U 35
76
0 0 U -1
1 1 L -1
2 1 U 1
3 1 U 2
4 0 U 3
5 1 L 1
6 1 U 5
7 0 U 6
8 0 U 5
9 0 U 8
10 1 U 9
11 1 U 10
12 0 U 11
13 1 U 12
14 1 U 13
15 1 U 14
16 0 L 1
17 1 U 16
18 0 U 15
19 1 U 18
20 0 U 19
21 0 U 20
22 1 U 17
23 0 U 22
24 0 U -1
25 1 U 24
26 0 U 25
27 0 L 10
28 1 U 27
29 0 U 28
30 0 U 29
31 1 U 30
32 0 L 22
33 0 U 23
34 1 L 16
35 1 U 34
36 1 U 35
37 0 U 36
38 0 U 37
39 1 U 38
40 1 U -1
41 0 L 15
42 1 U 41
43 1 U 7
44 1 U 43
45 1 U 44
46 0 U 15
47 1 U 46
48 1 U -1
49 1 U 48
50 0 L 28
51 0 U 50
52 0 U 51
53 1 U 52
54 0 U 53
55 1 U 54
56 1 U -1
57 0 U 27
58 0 L 47
59 1 U 58
60 1 U 59
61 1 U 60
62 0 U 57
63 1 U 28
64 1 U -1
65 0 U 64
66 0 U 65
67 1 L 29
68 0 U 67
69 1 U 68
70 1 U 69
71 0 L 2
72 0 U -1
73 1 U 72
74 1 L 9
75 1 U 74
76
0 0 U -1
1 1 L -1
2 1 U 1
3 1 U 2
4 0 U 3
5 1 L 1
6 1 U 5
7 0 U 6
8 0 U 5
9 0 U 8
10 1 U 9
11 1 U 10
12 0 U 11
13 1 U 12
14 1 U 13
15 1 U 14
16 0 L 1
17 1 U 16
18 0 U 15
19 1 U 18
20 1 U 4
21 0 U 20
22 1 U 17
23 0 U 22
24 0 U -1
25 1 U 24
26 0 U 25
27 0 L 10
28 1 U 27
29 0 U 28
30 1 U 8
31 0 U 2
32 0 L 22
33 0 U 23
34 1 L 16
35 1 U 34
36 1 U 35
37 0 U 36
38 0 U 1
39 0 U 26
40 1 U 2
41 0 L 15
42 1 U 41
43 1 U 7
44 1 U 43
45 1 U 44
46 0 U 15
47 1 U 46
48 1 U -1
49 1 U 48
50 0 L 28
51 0 U 50
52 0 U 51
53 1 U 52
54 0 U 53
55 1 U 54
56 1 U -1
57 0 U 27
58 0 L 47
59 1 U 58
60 1 U 59
61 1 U 60
62 0 U 57
63 1 U 28
64 1 U -1
65 0 U 64
66 0 U 65
67 1 L 29
68 0 U 67
69 1 U 68
70 1 U 69
71 0 L 2
72 0 U -1
73 1 U 72
74 1 L 9
75 1 U 74
76
0 0 U -1
1 1 L -1
2 1 U 1
3 1 U 2
4 0 U 3
5 1 L 1
6 1 U 5
7 0 U 6
8 1 L 6
9 0 U 8
10 1 U 9
11 0 U 5
12 0 U 11
13 1 U 12
14 1 U 13
15 1 U 14
16 1 U 1
17 1 U 16
18 0 U 15
19 1 U 18
20 0 U 19
21 0 U 20
22 1 U 17
23 0 U 22
24 0 U -1
25 1 U 2
26 0 U 25
27 0 L 10
28 1 U 27
29 0 U 28
30 0 U 29
31 0 U 5
32 0 L 22
33 0 U 23
34 1 L 16
35 1 U 34
36 0 L 31
37 1 U -1
38 0 U 37
39 1 U 38
40 1 U -1
41 0 L 15
42 1 U 41
43 1 U 7
44 1 U 43
45 1 U 44
46 0 U 15
47 1 U 46
48 1 U -1
49 1 L 28
50 0 L 28
51 0 U 50
52 0 U 51
53 1 U 52
54 0 U 53
55 1 U 54
56 0 L 39
57 0 U 27
58 0 L 47
59 1 U 58
60 1 U 59
61 1 U 60
62 0 U 57
63 1 U 28
64 1 U -1
65 0 U 64
66 0 U 65
67 1 L 29
68 0 U 67
69 1 U 68
70 1 U 69
71 0 L 2
72 0 U -1
73 1 U 72
74 0 L 62
75 1 U 74
76
0 0 U -1
1 1 L -1
2 1 U 1
3 1 U 2
4 0 U 3
5 0 L 1
6 1 U 5
7 0 U 6
8 0 U 5
9 0 U 8
10 0 L 0
11 1 U 10
12 0 U 11
13 1 U 12
14 0 U 1
15 1 U 14
16 0 L 1
17 1 U 16
18 0 U 15
19 1 U 18
20 0 U 19
21 0 U 20
22 1 U 17
23 0 L 2
24 0 U -1
25 0 L 22
26 0 U 25
27 0 L 10
28 1 U 27
29 0 U 28
30 0 U 29
31 0 U 25
32 0 L 22
33 0 U 23
34 1 L 16
35 1 U 34
36 1 U 35
37 0 U 36
38 1 L 22
39 1 U 38
40 1 U -1
41 0 L 15
42 0 U 35
43 1 U 7
44 1 U 43
45 0 U 27
46 0 U 15
47 1 U 46
48 1 U -1
49 1 U 48
50 0 L 28
51 0 U 50
52 0 U 51
53 1 U 52
54 0 U 53
55 1 U 54
56 1 U -1
57 0 U 27
58 0 L 47
59 1 U 58
60 1 U 59
61 1 U 31
62 0 U 57
63 1 U 28
64 1 U -1
65 0 U 64
66 0 U 65
67 1 L 29
68 0 U 67
69 1 U 68
70 1 U 69
71 0 L 2
72 0 U -1
73 1 L 45
74 1 L 9
75 1 U 30
76
0 0 U -1
1 1 L -1
2 1 U 1
3 1 U 2
4 0 U 3
5 1 L 1
6 1 U 5
7 0 U 6
8 0 U 5
9 0 U 8
10 1 U 9
11 1 U 10
12 0 U 11
13 1 U 12
14 1 U 13
15 1 U 14
16 0 L 1
17 1 U 16
18 0 U 15
19 1 U 18
20 0 U 19
21 0 U 20
22 1 U 17
23 0 U 22
24 0 U -1
25 1 U 24
26 0 U 11
27 0 L 10
28 1 U 27
29 0 U 28
30 0 U 29
31 1 U 30
32 0 L 22
33 0 U 23
34 1 L 16
35 1 U 34
36 1 U 35
37 0 U 36
38 0 U 37
39 1 U 38
40 1 U -1
41 1 L 0
42 0 L 12
43 1 U 7
44 1 U 43
45 1 U 44
46 0 U 15
47 1 U 46
48 1 U -1
49 1 U 48
50 0 L 28
51 0 U 50
52 0 U 51
53 1 U 52
54 0 U 53
55 1 U 54
56 1 U -1
57 0 U 27
58 0 L 47
59 1 U 58
60 1 U 59
61 1 U 60
62 0 U 57
63 1 U 28
64 1 U -1
65 0 U 64
66 0 U 65
67 1 L 29
68 0 U 67
69 1 U 68
70 1 L 32
71 0 L 2
72 0 U 22
73 0 U 44
74 1 L 9
75 1 U 74
76
0 0 U -1
1 1 L -1
2 1 U 1
3 1 U 2
4 0 U 3
5 1 L 1
6 1 U 5
7 0 U 6
8 0 U 5
9 0 U 8
10 1 U 9
11 1 U 10
12 0 U 11
13 1 U 12
14 0 L 3
15 1 U 14
16 0 L 1
17 1 U 16
18 0 U 15
19 1 U 18
20 0 U 19
21 0 U 20
22 1 U 17
23 0 U 22
24 0 U -1
25 0 U 8
26 0 U 25
27 0 L 10
28 1 U 27
29 1 U 21
30 0 U 29
31 1 U 30
32 0 L 22
33 0 U 23
34 1 L 16
35 1 U 34
36 1 U 35
37 1 L 24
38 0 U 37
39 1 U 38
40 1 U -1
41 0 L 15
42 1 U 41
43 1 U 7
44 1 U 43
45 1 U 44
46 0 U 15
47 1 U 46
48 1 U -1
49 1 U 48
50 1 L 33
51 0 U 50
52 1 U 22
53 1 U 52
54 0 U 53
55 1 U 54
56 1 U -1
57 0 U 27
58 0 L 47
59 1 U 58
60 1 U 59
61 1 U 60
62 1 U 12
63 1 U 28
64 1 U -1
65 0 U 0
66 0 U 65
67 1 L 29
68 0 U 67
69 1 U 68
70 1 U 45
71 0 L 2
72 0 U -1
73 1 U 72
74 1 L 9
75 1 U 74
76
0 0 U -1
1 1 L -1
2 1 U 1
3 1 U 2
4 0 U 3
5 1 L 1
6 1 U 5
7 0 U 6
8 0 U 5
9 0 U 8
10 1 U 9
11 1 U 10
12 0 U 11
13 1 U 12
14 1 U 13
15 1 U 14
16 0 L 1
17 1 U 16
18 1 L 0
19 1 U 18
20 0 U 19
21 0 U 20
22 1 L 2
23 0 U 22
24 0 U -1
25 1 U 24
26 0 U 25
27 0 L 10
28 1 U 27
29 0 U 28
30 0 U 29
31 1 U 30
32 0 L 22
33 0 U 23
34 1 U 1
35 0 U 1
36 1 U 35
37 0 U 36
38 0 U 37
39 1 U 38
40 1 U -1
41 0 L 15
42 1 U 41
43 1 U 7
44 0 U 21
45 1 U 44
46 0 L 1
47 0 U 5
48 1 U -1
49 1 L 3
50 0 L 28
51 0 U 50
52 1 U 50
53 1 U 52
54 0 U 53
55 1 U 54
56 1 U -1
57 0 U 27
58 0 L 47
59 1 U 58
60 1 U 59
61 0 L 58
62 1 L 45
63 1 U 28
64 1 U -1
65 0 U 64
66 0 U 65
67 1 L 29
68 0 U 67
69 1 U 68
70 1 U 69
71 0 L 2
72 0 U -1
73 1 U 72
74 1 L 9
75 1 U 74
76
0 0 L -1
1 1 L -1
2 1 U -1
3 1 L -1
4 0 U 3
5 1 L 1
6 1 U 5
7 0 U 6
8 0 U 5
9 0 U 8
10 0 L 6
11 1 U 10
12 0 U 11
13 1 U 12
14 1 U 5
15 1 U 14
16 1 U 2
17 1 U 16
18 0 U 15
19 1 U 18
20 0 U 19
21 0 U 20
22 1 U 17
23 0 U 22
24 0 U -1
25 1 U 24
26 1 U 22
27 0 L 10
28 1 U 27
29 0 U 28
30 0 U 29
31 1 U 30
32 0 L 7
33 0 U 23
34 0 U 26
35 1 U 34
36 1 U 35
37 0 U 36
38 0 U 37
39 1 L 16
40 1 U -1
41 0 L 15
42 1 U 41
43 1 L 24
44 1 U 43
45 1 U 44
46 0 U 15
47 1 U 46
48 0 U 18
49 1 U 48
50 0 L 28
51 0 U 50
52 0 U 51
53 1 U 37
54 0 U 53
55 1 U 54
56 1 U -1
57 0 U 27
58 0 L 47
59 1 U 58
60 1 U 59
61 1 U 60
62 0 U 57
63 1 U 28
64 1 U -1
65 1 U 63
66 1 U 27
67 1 L 29
68 0 U 67
69 1 U 68
70 1 U 69
71 0 L 2
72 0 U -1
73 0 L 66
74 1 L 9
75 1 U 74
76
0 0 U -1
1 1 L -1
2 1 U 1
3 1 U 2
4 0 U 3
5 1 L 1
6 1 U 5
7 0 U 6
8 0 U 5
9 0 L 8
10 1 U 9
11 1 U 10
12 0 U 11
13 1 U 12
14 1 U 13
15 1 U 14
16 0 L 1
17 1 U 16
18 0 U 15
19 1 U 18
20 0 U 19
21 0 U 20
22 1 U 17
23 0 U 22
24 0 U -1
25 1 U 24
26 0 U 25
27 0 L 10
28 1 U 27
29 0 U 28
30 0 U 29
31 1 U 30
32 1 L 31
33 0 U 23
34 1 L 16
35 1 U 34
36 1 U 15
37 0 U 36
38 0 U 37
39 1 U 13
40 1 U -1
41 0 L 15
42 1 U 41
43 1 U 7
44 1 U 43
45 1 U 44
46 0 U 15
47 1 U 46
48 1 U -1
49 1 U 48
50 0 L 28
51 0 U 50
52 0 U 51
53 1 U 52
54 0 U 53
55 1 U 54
56 1 U 17
57 0 U 27
58 0 L 47
59 1 U 58
60 1 U 59
61 1 U 60
62 1 U 43
63 1 U 28
64 1 U -1
65 0 U 64
66 0 U 65
67 1 L 29
68 0 U 67
69 1 U 68
70 1 U 69
71 0 L 2
72 0 U -1
73 1 U 72
74 1 L 9
75 1 U 74
76
0 0 U -1
1 1 L -1
2 1 U 1
3 0 L -1
4 0 U 3
5 1 L 1
6 1 U 5
7 0 U 6
8 1 U 7
9 0 U 8
10 1 U 9
11 1 U 10
12 0 U 11
13 1 U 12
14 1 U 13
15 1 U 14
16 0 L 1
17 0 L 14
18 0 U 15
19 1 U 18
20 0 U 19
21 0 U 20
22 1 U 17
23 0 U 22
24 0 U -1
25 1 U 24
26 0 U 25
27 0 L 10
28 1 U 27
29 0 U 28
30 0 U 29
31 1 U 30
32 0 L 22
33 1 U 15
34 1 L 16
35 1 U 34
36 1 U 35
37 0 L 9
38 0 U 37
39 1 L 8
40 1 U -1
41 0 L 15
42 1 U 41
43 1 U 7
44 1 U 43
45 1 U 44
46 0 U 15
47 1 U 46
48 1 U -1
49 1 U 48
50 0 L 28
51 0 U 50
52 0 U 51
53 1 L 40
54 0 U 53
55 1 U 54
56 1 U -1
57 0 U 27
58 0 L 47
59 1 U 58
60 1 U 59
61 1 U 60
62 0 U 57
63 1 U 28
64 1 U -1
65 0 U 64
66 0 U 65
67 1 L 29
68 0 U 67
69 1 U 68
70 1 U 69
71 1 U 41
72 0 U -1
73 1 U 72
74 1 L 9
75 1 U 74
76
0 0 L -1
1 1 L -1
2 1 U 1
3 1 U 2
4 0 U 3
5 1 L 1
6 1 L 4
7 0 U 6
8 0 U 5
9 0 U 8
10 1 U 9
11 1 U 10
12 0 U 11
13 1 U 12
14 1 U 13
15 1 U 14
16 0 L 1
17 0 U 8
18 0 U 15
19 1 U 18
20 0 U 19
21 0 U 20
22 0 U 12
23 0 U 22
24 0 U -1
25 1 U 24
26 0 U 25
27 0 L 10
28 1 U 27
29 0 U 28
30 0 U 29
31 1 U 30
32 0 L 22
33 0 U 23
34 1 L 16
35 1 L 6
36 1 U 35
37 0 U 36
38 0 U 37
39 0 U 7
40 1 U -1
41 0 L 15
42 1 U 41
43 1 U 7
44 1 U 43
45 1 U 44
46 0 U 15
47 1 U 46
48 1 U -1
49 1 U 48
50 0 L 28
51 0 U 50
52 0 U 51
53 1 U 52
54 0 U 53
55 1 U 54
56 1 U -1
57 0 U 27
58 0 L 47
59 1 U 58
60 1 U 59
61 1 U 60
62 0 U 57
63 1 U 28
64 1 U -1
65 1 U 23
66 1 U 31
67 1 L 29
68 0 U 67
69 1 U 68
70 1 U 69
71 0 U 59
72 0 L 36
73 1 U 72
74 1 L 9
75 1 U 74
76
0 0 U -1
1 1 L -1
2 1 U 1
3 1 U 2
4 0 U 3
5 1 L 1
6 1 U 5
7 0 U 6
8 1 U 1
9 0 U 8
10 1 U 9
11 1 U 10
12 0 U 11
13 1 U 12
14 1 U 13
15 1 U 14
16 1 U 10
17 1 U 16
18 0 U 15
19 1 U 18
20 0 U 19
21 0 U 20
22 1 U 17
23 0 U 22
24 0 U -1
25 1 U 24
26 1 U 11
27 0 L 10
28 1 U 27
29 0 U 10
30 0 U 29
31 1 U 30
32 0 L 22
33 0 U 23
34 1 L 16
35 1 U 34
36 1 U 35
37 0 U 36
38 0 U 37
39 1 U 38
40 1 U -1
41 0 L 15
42 1 U 41
43 1 U 7
44 1 U 43
45 1 U 44
46 0 U 15
47 1 U 46
48 1 U -1
49 1 U 27
50 1 L 27
51 0 L 40
52 0 U 51
53 1 L 36
54 0 U 53
55 1 U 54
56 1 U -1
57 0 U 27
58 0 L 47
59 1 U 58
60 1 U 59
61 1 U 60
62 0 U 57
63 1 U 28
64 1 U -1
65 0 U 64
66 0 U 65
67 1 L 29
68 0 U 67
69 1 U 68
70 0 L 9
71 0 L 2
72 0 U -1
73 1 U 72
74 1 L 9
75 1 U 74
76
0 0 U -1
1 1 L -1
2 1 U 1
3 1 U 2
4 0 U 3
5 1 L 1
6 1 U 5
7 0 U 6
8 0 U 5
9 0 U 8
10 1 U 9
11 1 U 10
12 0 L 7
13 1 U 12
14 1 U 13
15 1 U 14
16 0 L 1
17 1 U 16
18 0 U 15
19 1 U 18
20 0 U 19
21 0 U 20
22 1 U 17
23 0 U 22
24 0 U -1
25 1 U 24
26 0 U 25
27 0 L 10
28 1 U 5
29 0 U 28
30 0 U 29
31 1 U 30
32 1 L 20
33 0 U 23
34 1 L 16
35 1 U 34
36 1 L 32
37 0 U 36
38 0 U 37
39 0 L 16
40 1 U 35
41 0 L 15
42 1 U 38
43 1 U 7
44 1 U 43
45 1 U 44
46 0 U 15
47 1 U 46
48 1 U -1
49 1 U 48
50 1 L 40
51 0 U 50
52 0 U 51
53 1 U 52
54 0 U 53
55 1 U 54
56 1 U -1
57 0 U 27
58 0 L 47
59 1 U 58
60 1 U 59
61 1 U 60
62 0 U 57
63 1 U 28
64 1 U -1
65 0 U 64
66 0 U 65
67 1 L 29
68 0 U 14
69 1 U 68
70 1 U 69
71 0 L 16
72 0 U -1
73 1 U 72
74 1 L 9
75 1 U 74
76
0 0 U -1
1 1 L -1
2 1 U 1
3 1 U 2
4 0 U 3
5 1 L 1
6 1 U 5
7 0 U 6
8 0 U 5
9 1 U 2
10 1 U 9
11 1 U 10
12 0 U 11
13 1 U 12
14 1 U 13
15 1 U 14
16 0 L 1
17 1 U 16
18 0 U 15
19 1 U 18
20 0 U 19
21 0 U 20
22 1 U 17
23 0 U 22
24 0 U -1
25 1 U 24
26 0 U 25
27 0 L 10
28 1 U 27
29 0 U 28
30 0 U 29
31 1 U 30
32 0 L 22
33 0 U 23
34 1 L 16
35 1 U 34
36 1 U 35
37 0 U 36
38 0 U 37
39 0 U 30
40 1 U -1
41 0 L 15
42 1 U 41
43 1 U 7
44 1 U 43
45 0 L 14
46 0 U 32
47 1 U 46
48 0 L 35
49 1 U 48
50 1 L 46
51 0 U 5
52 0 U 51
53 1 U 52
54 0 L 36
55 1 U 54
56 1 L 33
57 0 U 27
58 0 L 47
59 1 U 58
60 1 L 5
61 1 U 60
62 0 U 57
63 1 U 28
64 1 U -1
65 0 U 64
66 0 U 65
67 1 L 8
68 0 U 67
69 1 U 68
70 1 U 69
71 1 L 10
72 0 U -1
73 1 U 72
74 0 U 52
75 1 U 74
76
0 0 U -1
1 1 L -1
2 1 U 1
3 1 U 2
4 0 U 3
5 1 L 1
6 1 U 5
7 0 U 6
8 0 U 5
9 0 U 8
10 1 U 9
11 1 U 10
12 0 U 11
13 1 U 12
14 1 U 13
15 1 U 14
16 0 L 1
17 1 U 16
18 0 U 15
19 1 U 18
20 0 U 19
21 0 U 20
22 1 U 17
23 0 U 22
24 0 U -1
25 1 U 24
26 0 U 25
27 0 L 10
28 1 U 27
29 0 U 28
30 0 U 29
31 1 U 30
32 0 L 8
33 0 U 23
34 1 L 16
35 1 U 34
36 1 U 35
37 0 U 36
38 0 U 37
39 1 U 38
40 1 U -1
41 0 U 21
42 1 L 18
43 1 U 7
44 1 U 43
45 1 U 44
46 0 U 15
47 1 U 46
48 1 U -1
49 1 U 48
50 0 L 28
51 0 U 50
52 0 U 51
53 1 U 52
54 0 U 53
55 1 U 54
56 1 U -1
57 1 U 3
58 0 L 47
59 1 U 3
60 1 U 59
61 1 U 60
62 0 U 57
63 1 U 28
64 1 U -1
65 0 U 64
66 0 U 65
67 0 L 51
68 0 U 53
69 1 U 68
70 1 U 69
71 0 L 2
72 0 U -1
73 0 U 28
74 0 L 37
75 1 U 74
76
0 1 U -1
1 1 L -1
2 1 U 1
3 1 U 2
4 0 U 3
5 1 L 1
6 1 U 5
7 0 U 6
8 0 U 5
9 0 U 8
10 1 U 9
11 1 U 10
12 0 U 11
13 1 L 4
14 1 U 13
15 1 U 14
16 1 L 5
17 1 U 0
18 0 U 15
19 1 U 18
20 0 L 9
21 0 U 20
22 1 U 17
23 0 U 22
24 0 U -1
25 1 U 24
26 0 U 25
27 0 L 10
28 1 U 27
29 0 U 28
30 0 U 29
31 1 U 30
32 0 L 22
33 0 U 23
34 1 L 16
35 0 U 13
36 1 U 35
37 0 U 36
38 0 U 37
39 1 U 38
40 1 U -1
41 0 L 15
42 1 U 41
43 1 U 7
44 1 U 43
45 1 U 44
46 0 U 15
47 1 U 46
48 1 U -1
49 1 U 48
50 0 L 28
51 0 U 50
52 0 U 51
53 1 U 52
54 1 L 6
55 1 U 54
56 1 U -1
57 0 U 27
58 0 L 47
59 1 U 58
60 1 U 59
61 1 U 60
62 0 U 57
63 1 U 24
64 1 U -1
65 0 U 64
66 0 U 12
67 1 L 29
68 0 U 67
69 1 U 68
70 1 U 69
71 0 L 2
72 0 U -1
73 1 U 72
74 1 L 9
75 1 U 74
76
0 0 U -1
1 1 L -1
2 1 U 1
3 1 U 2
4 0 U 3
5 1 L 1
6 1 U 5
7 0 U 6
8 1 U 4
9 0 U 8
10 1 U 9
11 1 U 10
12 0 U 11
13 1 U 12
14 1 U 13
15 1 U 14
16 0 L 1
17 1 U 16
18 0 U 15
19 1 U 18
20 0 U 19
21 0 U 20
22 1 U 17
23 0 U 22
24 0 U -1
25 1 U 24
26 0 U 25
27 0 L 10
28 1 U 27
29 0 L 5
30 0 U 29
31 1 U 30
32 0 L 22
33 0 U 23
34 0 U 32
35 1 U 34
36 1 U 35
37 0 U 36
38 0 U 37
39 1 U 38
40 1 U -1
41 0 L 15
42 1 U 41
43 1 U 7
44 1 U 43
45 1 U 44
46 0 U 15
47 1 U 46
48 1 U -1
49 1 U 48
50 0 L 28
51 0 U 50
52 0 U 51
53 1 U 52
54 0 U 53
55 1 U 54
56 1 U -1
57 0 U 27
58 0 L 47
59 1 U 58
60 1 U 59
61 1 U 60
62 0 U 57
63 1 U 28
64 1 U -1
65 0 U 64
66 0 U 65
67 1 L 29
68 1 L 6
69 1 L 0
70 1 U 69
71 0 L 2
72 0 U -1
73 1 U 72
74 1 L 9
75 1 U 74
76
0 0 U -1
1 1 L -1
2 1 U 1
3 1 U 2
4 0 U 3
5 1 L 1
6 1 U 5
7 0 U 6
8 1 L -1
9 0 U 8
10 1 U 9
11 1 U 10
12 0 U 11
13 1 U 12
14 1 U 13
15 1 U 14
16 0 L 1
17 1 U 16
18 0 U 15
19 1 U 18
20 0 U 19
21 0 U 20
22 1 U 17
23 0 U 22
24 0 U -1
25 1 U 7
26 0 U 25
27 1 L 9
28 1 U 27
29 0 U 28
30 0 U 29
31 0 L 28
32 0 L 22
33 0 U 23
34 1 L 16
35 1 U 34
36 1 U 35
37 0 U 36
38 0 U 37
39 1 U 38
40 1 U -1
41 0 L 15
42 1 U 41
43 1 U 7
44 1 U 43
45 1 U 44
46 0 U -1
47 1 U 46
48 1 U -1
49 1 U 48
50 0 L 28
51 1 U 24
52 0 U 51
53 1 U 49
54 0 U 53
55 1 U 54
56 1 U -1
57 0 U 27
58 0 L 47
59 1 U 58
60 1 U 59
61 1 U 60
62 0 U 57
63 1 U 28
64 1 U -1
65 0 U 64
66 0 U 65
67 1 L 29
68 0 U 67
69 1 U 68
70 1 U 69
71 0 L 2
72 0 U -1
73 1 U 72
74 1 L 9
75 1 U 74
76
0 0 U -1
1 1 L -1
2 0 L 1
3 1 U 2
4 0 U 3
5 1 L 1
6 1 L 3
7 0 U 6
8 0 U 5
9 0 U 8
10 1 U 9
11 0 L 4
12 1 L 7
13 1 U 12
14 1 U 13
15 1 U 14
16 0 L 1
17 1 U 16
18 0 U 15
19 1 U 18
20 0 U 19
21 0 U 20
22 1 U 17
23 0 U 22
24 0 U -1
25 1 U 24
26 0 U 25
27 0 L 10
28 1 U 27
29 0 U 28
30 0 U 29
31 1 U 30
32 0 L 22
33 0 U 23
34 1 L 11
35 1 U 34
36 1 U 35
37 0 U 36
38 1 L 31
39 1 U 38
40 1 U -1
41 0 L 15
42 1 U 41
43 1 U 7
44 1 U 43
45 1 U 29
46 0 U 15
47 1 U 46
48 1 U -1
49 0 U 1
50 0 L 28
51 0 U 50
52 0 U 51
53 1 U 52
54 0 U 53
55 1 U 54
56 1 U -1
57 0 U 27
58 0 L 47
59 1 U 58
60 1 U 59
61 0 L 6
62 0 U 57
63 1 U 28
64 1 U -1
65 0 U 64
66 0 L 11
67 1 L 29
68 0 U 67
69 1 U 68
70 1 U 69
71 0 L 2
72 0 U -1
73 1 U 72
74 1 L 9
75 1 L 52
76
0 1 U -1
1 1 L -1
2 1 U 1
3 1 U 2
4 0 U 3
5 1 L 1
6 1 U 5
7 0 U 6
8 0 U 5
9 1 L 0
10 1 U 9
11 1 U 10
12 0 U 11
13 1 U 12
14 1 U 13
15 1 U 14
16 0 L 9
17 1 U 16
18 0 U 15
19 1 U 18
20 0 U 19
21 0 U 20
22 1 L 17
23 0 U 22
24 0 U -1
25 1 L 19
26 0 U 25
27 0 L 10
28 1 U 5
29 0 U 28
30 0 U 29
31 1 U 30
32 0 L 22
33 0 U 23
34 1 L 16
35 1 U 34
36 0 U 3
37 0 U 36
38 0 U 37
39 1 U 38
40 1 U -1
41 0 L 15
42 0 L 40
43 0 L 8
44 1 U 43
45 1 U 44
46 0 U 15
47 1 U 46
48 1 U -1
49 1 U 48
50 0 L 28
51 0 U 50
52 0 U 51
53 1 U 52
54 0 U 53
55 1 U 54
56 1 U -1
57 0 U 27
58 0 L 47
59 1 U 58
60 0 U 52
61 1 U 60
62 0 U 57
63 1 U 28
64 0 L 21
65 0 U 64
66 0 U 65
67 1 L 29
68 0 U 67
69 1 U 68
70 1 U 69
71 0 L 2
72 0 U -1
73 1 U 72
74 1 L 9
75 1 U 74
76
0 0 L -1
1 1 L -1
2 1 U 1
3 1 U 2
4 0 U 3
5 1 L 1
6 1 U 5
7 0 U 6
8 0 U 5
9 0 L 8
10 1 U 9
11 1 U 10
12 0 U 11
13 1 U 12
14 1 U 13
15 1 U 14
16 1 U 11
17 1 U 16
18 0 U 15
19 1 U 18
20 0 U 19
21 0 U 20
22 1 U 17
23 0 U 22
24 1 U 9
25 1 L 21
26 0 U 25
27 0 L 10
28 1 U 27
29 0 U 28
30 0 U 29
31 1 U 30
32 0 L 22
33 0 U 23
34 1 L 16
35 1 U 34
36 1 U 35
37 0 U 36
38 0 U 37
39 1 U 38
40 1 U -1
41 0 L 15
42 1 U 41
43 1 U 7
44 0 U 33
45 1 U 44
46 0 U 15
47 1 U 46
48 1 U -1
49 1 U 48
50 0 L 28
51 0 U 50
52 0 U 51
53 1 U 52
54 0 U 53
55 1 U 54
56 0 L 39
57 0 U 27
58 0 U 12
59 1 U 58
60 1 U 59
61 1 U 60
62 0 U 57
63 0 L 6
64 1 U -1
65 0 U 64
66 1 U 65
67 1 L 29
68 0 U 67
69 1 U 68
70 1 U 69
71 0 L 2
72 0 U -1
73 1 U 72
74 1 L 9
75 1 U 74
76
0 0 L -1
1 1 L -1
2 1 U 1
3 1 U 2
4 1 L 3
5 1 L 1
6 1 U 5
7 0 U 6
8 0 U 5
9 0 L 8
10 1 U 9
11 1 U 10
12 0 U 11
13 1 U 12
14 1 U 13
15 1 U 14
16 0 L 6
17 1 U 16
18 0 U 15
19 1 U 18
20 0 U 19
21 0 U 20
22 1 U 17
23 0 L 19
24 1 U 9
25 1 L 21
26 0 U 25
27 0 L 10
28 1 U 1
29 0 U 28
30 0 U 29
31 1 U 30
32 0 L 22
33 0 U 23
34 1 L 16
35 1 U 34
36 1 U 35
37 0 U 36
38 0 U 37
39 1 U 38
40 1 U -1
41 0 L 15
42 1 U 41
43 1 U 7
44 1 U 36
45 1 U 44
46 1 L 1
47 1 U 46
48 1 U -1
49 1 U 48
50 0 L 21
51 0 U 50
52 0 U 51
53 1 U 52
54 0 U 53
55 1 U 9
56 0 L 39
57 0 U 27
58 0 U 12
59 1 U 58
60 1 U 59
61 1 U 60
62 0 U 57
63 0 L 6
64 1 U -1
65 0 U 64
66 1 U 65
67 1 L 29
68 0 U 67
69 1 U 68
70 1 U 69
71 0 L 2
72 0 U -1
73 1 U 52
74 1 L 9
75 1 U 74
76
0 0 L -1
1 1 L -1
2 0 L 1
3 1 L 0
4 0 U 3
5 1 L 1
6 1 U 5
7 0 U 6
8 0 U 5
9 0 L 8
10 1 U 9
11 1 U 10
12 0 U 11
13 1 U 12
14 1 U 13
15 1 U 14
16 1 U 11
17 0 L 8
18 0 U 15
19 1 U 18
20 0 U 19
21 0 U 20
22 0 U -1
23 1 U -1
24 1 U 9
25 1 L 21
26 0 U 25
27 0 L 10
28 1 U 27
29 0 U 28
30 1 U 1
31 1 U 30
32 0 L 22
33 0 U 23
34 1 L 16
35 1 U 34
36 1 U 35
37 0 U 36
38 0 U 37
39 1 U 38
40 1 U -1
41 0 L 15
42 1 L 18
43 1 U 7
44 0 U 33
45 1 U 44
46 0 U 15
47 1 U 46
48 1 U -1
49 1 U 48
50 0 L 28
51 0 U 50
52 0 U 51
53 1 U 52
54 0 U 53
55 1 U 54
56 0 L 39
57 0 U 27
58 0 U 12
59 1 U 11
60 1 U 59
61 1 U 60
62 0 U 57
63 0 L 6
64 1 U -1
65 0 L 49
66 1 U 65
67 1 L 29
68 0 U 67
69 1 U 68
70 1 U 69
71 0 L 2
72 0 U -1
73 1 U 72
74 1 L 9
75 1 U 74
76
0 0 L -1
1 1 L -1
2 1 U 1
3 1 U 2
4 0 U 3
5 1 U 3
6 1 U 5
7 0 U 6
8 1 L 0
9 0 L 8
10 1 U 9
11 1 U 10
12 0 U 11
13 1 U 12
14 1 U 13
15 1 U 14
16 1 U 11
17 1 U 16
18 0 U 11
19 1 U 18
20 0 U 19
21 0 U 20
22 1 U 17
23 0 U 22
24 1 U 9
25 1 L 21
26 0 U 25
27 0 L 10
28 1 U 27
29 0 U 28
30 0 U 29
31 1 U 30
32 0 L 22
33 0 U 23
34 1 L 16
35 1 U 34
36 1 U 35
37 0 U 36
38 0 U 37
39 1 U 38
40 1 U -1
41 0 L 16
42 1 U 41
43 1 U 7
44 0 U 33
45 1 U 44
46 0 U 15
47 1 U 46
48 1 U -1
49 1 U 48
50 0 L 28
51 0 U 50
52 0 U 51
53 1 U 52
54 0 U 53
55 1 U 54
56 0 L 39
57 0 U 27
58 1 L 3
59 0 U 40
60 1 U 59
61 1 U 60
62 0 U 57
63 0 L 6
64 1 U -1
65 0 U 64
66 1 U 65
67 1 L 29
68 0 U 67
69 1 U 68
70 1 U 69
71 0 L 2
72 0 U -1
73 1 U -1
74 1 L 9
75 1 U 74
76
0 0 L -1
1 1 L -1
2 1 U 1
3 1 U 2
4 0 U 3
5 1 L 1
6 1 U 5
7 0 U 6
8 0 U 5
9 0 L 8
10 1 U 9
11 1 U 10
12 0 U 11
13 1 U 12
14 1 U 13
15 1 U 14
16 0 U 11
17 1 U 16
18 0 U 15
19 1 U 18
20 0 U 19
21 0 U 20
22 1 U 17
23 0 U 22
24 0 L 10
25 1 L 21
26 0 U 25
27 0 L 10
28 1 U 27
29 0 U 28
30 0 U 29
31 0 U 20
32 0 L 22
33 0 L 0
34 1 L 16
35 1 U 34
36 1 L 16
37 0 U 36
38 0 U 37
39 1 U 38
40 1 U -1
41 0 L 15
42 1 U 41
43 1 U 7
44 0 U 33
45 1 U 44
46 0 U 15
47 1 U 46
48 1 U -1
49 1 U 48
50 0 L 28
51 0 U 50
52 0 U 51
53 1 U 52
54 0 U 53
55 1 U 54
56 0 L 39
57 0 U 27
58 0 U 12
59 1 U 58
60 1 U 59
61 1 U 41
62 0 U 57
63 0 L 6
64 1 U -1
65 0 U 64
66 1 U 65
67 1 L 29
68 0 U 67
69 1 U 68
70 1 U 69
71 1 L 0
72 0 U -1
73 1 U 10
74 1 L 9
75 1 U 74
76
0 0 L -1
1 1 L -1
2 1 U 1
3 1 U 2
4 0 U 3
5 1 L 1
6 1 U 5
7 0 U 6
8 0 U 5
9 0 L 8
10 1 U 9
11 1 U 10
12 0 U 11
13 1 U 12
14 1 U 13
15 1 U 14
16 1 U 11
17 1 U 16
18 1 L 16
19 1 U 18
20 0 U 19
21 0 U 20
22 0 U 14
23 0 U 22
24 1 U 9
25 1 L 21
26 0 U 25
27 0 L 10
28 1 U 27
29 0 U 28
30 0 U 29
31 1 U 30
32 1 U 21
33 0 U 23
34 1 L 16
35 1 U 34
36 1 U 35
37 0 U 36
38 0 U 37
39 1 U 38
40 1 U -1
41 0 L 15
42 1 U 41
43 1 U 7
44 0 L 4
45 1 U 44
46 0 U 15
47 1 U 46
48 1 U 22
49 1 U 48
50 0 L 28
51 0 U 50
52 0 U 51
53 1 U 52
54 0 U 53
55 1 U 54
56 0 L 39
57 1 U 40
58 0 U 12
59 1 U 58
60 1 U 59
61 1 U 60
62 0 U 57
63 1 L 47
64 1 U -1
65 0 U 64
66 1 U 65
67 1 L 29
68 0 U 67
69 1 U 68
70 1 U 69
71 0 L 2
72 0 U -1
73 1 U 72
74 1 L 9
75 1 U 74
76
0 0 L -1
1 0 U -1
2 1 U 1
3 1 U 2
4 0 U 3
5 1 L 1
6 1 U 5
7 0 U 6
8 0 U 5
9 0 L 8
10 1 U 9
11 1 U 10
12 0 U 11
13 1 U 12
14 1 U 13
15 1 U 14
16 0 L 5
17 1 U 16
18 0 U 15
19 1 U 18
20 0 U 19
21 0 U 20
22 1 U 17
23 0 U 22
24 1 U 9
25 0 L 0
26 0 U 25
27 0 L 10
28 1 U 27
29 0 U 28
30 0 U 29
31 1 U 30
32 0 L 22
33 0 U 23
34 1 L 3
35 1 U 34
36 1 U 35
37 0 U 36
38 0 U 37
39 1 U 38
40 1 U -1
41 0 L 15
42 1 U 41
43 1 U 7
44 1 L 6
45 1 U 44
46 0 U 15
47 1 U 46
48 1 U -1
49 1 U 48
50 0 L 28
51 0 U 25
52 0 U 51
53 1 U 52
54 0 U 53
55 1 U 54
56 0 L 39
57 0 U 27
58 0 U 12
59 1 U 58
60 1 U 59
61 1 U 60
62 0 U 57
63 0 L 6
64 1 U -1
65 0 L 20
66 1 U 65
67 1 L 29
68 0 U 67
69 1 U 68
70 1 U 69
71 1 L 7
72 0 U -1
73 1 U 72
74 1 L 9
75 1 U 74
76
0 0 L -1
1 1 L -1
2 1 U 1
3 1 U 2
4 0 U 3
5 1 L 1
6 1 U 2
7 0 U 6
8 0 U 5
9 0 L 8
10 1 U 9
11 1 U 10
12 0 U 11
13 1 U 12
14 1 U 13
15 0 U 2
16 1 U 11
17 1 U 16
18 0 U 15
19 1 U 18
20 0 U 19
21 0 U 20
22 1 U 17
23 0 U 22
24 1 U 9
25 1 U 13
26 0 U 25
27 0 L 10
28 1 U 27
29 0 U 28
30 0 U 29
31 1 U 30
32 0 L 22
33 0 U 23
34 1 L 16
35 1 U 34
36 1 U 35
37 0 U 36
38 0 U 37
39 0 U 15
40 1 U -1
41 0 L 15
42 1 U 41
43 1 U 7
44 0 U 33
45 1 U 8
46 0 U 15
47 1 U 46
48 1 U -1
49 1 U 48
50 0 L 28
51 0 U 50
52 0 U 51
53 1 U 52
54 0 U 10
55 1 U 40
56 0 L 39
57 1 U 52
58 0 U 12
59 1 U 58
60 1 U 59
61 1 U 60
62 0 U 57
63 0 L 6
64 1 U -1
65 0 U 64
66 0 U 10
67 1 L 29
68 0 U 67
69 1 U 68
70 1 U 69
71 0 L 2
72 0 U -1
73 1 U 72
74 1 L 9
75 1 U 74
76
0 0 L -1
1 1 L -1
2 1 U 1
3 1 U 2
4 0 U 3
5 0 L -1
6 1 U 5
7 0 U 6
8 0 U 5
9 0 L 8
10 1 U 9
11 1 U 10
12 0 U 11
13 1 U 12
14 1 U 13
15 1 U 14
16 1 U 11
17 1 U 16
18 0 U 15
19 1 U 18
20 1 U 14
21 0 U 20
22 1 U 17
23 0 U 22
24 1 U 9
25 1 L 21
26 0 U 25
27 0 L 10
28 1 U 27
29 0 U 28
30 0 U 29
31 1 U 30
32 0 L 22
33 0 U 23
34 1 U 0
35 1 U 34
36 1 U 35
37 0 L 36
38 0 U 37
39 1 U 38
40 1 U -1
41 0 L 32
42 0 L 20
43 1 U 7
44 0 U 33
45 1 U 44
46 0 U 15
47 1 U 46
48 1 U -1
49 1 U 48
50 0 L 28
51 0 U 50
52 0 U 51
53 1 U 52
54 0 U 53
55 1 U 54
56 0 L 39
57 0 U 27
58 0 U 12
59 1 L 34
60 1 U 59
61 1 U 60
62 0 U 57
63 0 L 6
64 1 U -1
65 0 U 64
66 1 U 65
67 1 L 29
68 0 U 67
69 1 U 68
70 1 U 69
71 0 L 2
72 0 U -1
73 1 U 72
74 1 L 9
75 1 U 74
76
0 0 L -1
1 1 L -1
2 1 U 1
3 1 U 2
4 0 U 3
5 1 L 1
6 1 U 5
7 0 U 6
8 0 U 5
9 1 U 8
10 1 U 9
11 1 U 10
12 0 U 11
13 1 U 12
14 1 U 13
15 1 U 14
16 1 U 11
17 1 U 16
18 0 U 15
19 1 U 18
20 0 U 19
21 1 L 14
22 1 U 17
23 0 U 22
24 0 L 12
25 1 L 21
26 0 U 25
27 1 L 20
28 1 U 27
29 0 U 28
30 0 U 29
31 0 L 26
32 0 L 22
33 0 U 23
34 1 U 2
35 0 L 32
36 1 U 35
37 0 U 36
38 1 L 35
39 1 U 38
40 1 U -1
41 0 L 15
42 1 U 41
43 0 L 1
44 0 U 33
45 1 U 44
46 0 U 15
47 1 U 46
48 0 L 38
49 1 U 48
50 0 L 28
51 0 U 50
52 0 U 51
53 1 U 52
54 0 U 53
55 1 U 54
56 0 U 28
57 0 U 27
58 0 U 12
59 1 U 58
60 1 U 59
61 1 U 60
62 0 U 57
63 0 L 6
64 1 U -1
65 0 U 64
66 1 U 65
67 1 L 29
68 0 U 67
69 1 U 68
70 1 U 69
71 0 L 2
72 0 U -1
73 1 U 72
74 1 L 9
75 1 U 74
76
0 0 L -1
1 1 L -1
2 1 U 1
3 1 U 2
4 0 U 3
5 1 L 1
6 1 U 5
7 0 U 6
8 0 U 6
9 0 L 8
10 1 U 9
11 1 U 10
12 0 U 11
13 1 U 12
14 1 U 13
15 1 U 14
16 1 U 11
17 1 U 16
18 0 U 15
19 1 U 18
20 0 U 19
21 0 U 20
22 1 U 17
23 0 U 22
24 0 L 8
25 1 L 21
26 0 U 25
27 0 L 10
28 1 U 27
29 1 U 19
30 0 L 1
31 1 U 30
32 0 L 22
33 0 U 23
34 1 L 16
35 1 U 34
36 1 U 35
37 0 U 36
38 0 U 37
39 1 U 38
40 1 U -1
41 0 L 15
42 1 U 41
43 1 U 7
44 0 U 33
45 1 U 44
46 0 U 15
47 1 U 46
48 1 U -1
49 1 U 48
50 0 L 28
51 0 U 50
52 0 U 51
53 1 U 52
54 0 U 53
55 1 U 54
56 0 L 39
57 0 U 27
58 0 U 12
59 1 U 2
60 1 U 59
61 1 U 60
62 0 U 57
63 0 L 6
64 1 U -1
65 0 U 64
66 1 U 65
67 1 L 29
68 0 U 67
69 1 U 68
70 1 U 69
71 0 L 2
72 0 U -1
73 1 U 72
74 1 L 9
75 1 U 74
76
0 0 L -1
1 0 U -1
2 1 U 1
3 1 U 2
4 0 U 3
5 1 L 1
6 0 U 2
7 0 U 6
8 0 U 5
9 0 L 8
10 1 U 9
11 1 U 10
12 0 U 2
13 0 L 9
14 1 U 13
15 1 U 14
16 1 U 11
17 1 U 16
18 0 U 15
19 1 U 18
20 0 U 19
21 0 U 20
22 1 U 17
23 0 U 22
24 1 U 9
25 1 L 21
26 0 U 25
27 0 L 10
28 1 U 27
29 0 U 28
30 0 U 29
31 1 U 30
32 0 L 22
33 0 U 23
34 1 L 16
35 1 U 0
36 1 U 33
37 0 U 36
38 0 U 37
39 1 U 38
40 1 U -1
41 0 L 15
42 1 U 41
43 1 U 7
44 0 U 33
45 0 L 27
46 0 U 15
47 1 U 46
48 0 L 17
49 1 U 48
50 0 L 28
51 1 U 41
52 0 U 51
53 1 U 52
54 1 U 10
55 1 U 54
56 0 L 39
57 0 U 27
58 0 U 12
59 0 L 9
60 1 U 59
61 1 U 60
62 0 U 57
63 0 L 6
64 1 U -1
65 0 U 64
66 1 U 65
67 1 L 29
68 0 U 67
69 1 U 68
70 1 U 69
71 0 L 2
72 0 U -1
73 0 L 57
74 1 L 9
75 1 U 74
76
0 1 L -1
1 1 L -1
2 1 U 1
3 1 U 2
4 0 U 3
5 1 L 0
6 1 U 5
7 0 U 6
8 0 U 5
9 0 L 8
10 1 U 9
11 1 U 10
12 0 U 11
13 1 U 12
14 1 U 13
15 1 U 14
16 1 U 11
17 1 U 16
18 0 U 15
19 1 U 18
20 0 U 19
21 0 U 20
22 1 U 17
23 0 U 22
24 1 U 9
25 1 L 21
26 0 U 25
27 0 L 10
28 1 U 27
29 0 U 28
30 0 U 29
31 1 U 30
32 0 L 22
33 0 U 23
34 1 L 16
35 1 L 26
36 1 U 35
37 0 U 36
38 0 U 37
39 1 U 38
40 1 U -1
41 0 L 15
42 1 U 41
43 1 U 7
44 0 U 33
45 1 U 44
46 0 U 15
47 1 U 46
48 1 U -1
49 1 U 48
50 0 U 48
51 0 U 50
52 0 U 51
53 1 U 52
54 0 U 53
55 1 U 54
56 0 L 39
57 0 U 27
58 0 U 12
59 1 U 58
60 1 U 59
61 1 U 60
62 0 U 57
63 0 L 6
64 1 U -1
65 0 U 64
66 1 U 65
67 1 L 29
68 0 U 67
69 1 U 68
70 1 U 69
71 0 L 2
72 0 U -1
73 1 L 47
74 1 L 9
75 1 U 74
76
0 0 L -1
1 1 L -1
2 1 L -1
3 1 U 2
4 0 U 3
5 1 L 1
6 1 U 5
7 0 U 6
8 0 U 5
9 0 L 8
10 1 U 9
11 0 U 5
12 1 L 5
13 0 U 5
14 1 U 13
15 1 U 14
16 1 U 11
17 1 U 16
18 0 U 15
19 1 U 18
20 0 U 19
21 0 U 20
22 1 U 17
23 0 U 22
24 1 U 9
25 1 L 21
26 0 U 25
27 0 L 10
28 1 U 27
29 0 U 28
30 1 L 2
31 0 U 14
32 1 U 11
33 0 U 23
34 1 L 16
35 1 U 34
36 1 U 35
37 0 U 36
38 0 U 37
39 1 U 38
40 0 L 38
41 0 L 15
42 1 U 41
43 0 L 36
44 0 U 33
45 1 U 44
46 0 U 15
47 1 L 9
48 1 U -1
49 1 U 48
50 0 L 28
51 0 U 50
52 0 U 51
53 1 U 52
54 0 U 53
55 1 U 54
56 0 L 39
57 0 U 27
58 0 U 12
59 1 U 58
60 1 U 59
61 1 U 60
62 0 U 57
63 0 L 6
64 1 U -1
65 0 U 64
66 1 U 38
67 1 L 29
68 0 U 67
69 1 U 68
70 1 U 69
71 0 L 2
72 0 U -1
73 1 U 72
74 1 L 9
75 1 U 74
76
0 0 L -1
1 1 L -1
2 1 L -1
3 1 U 2
4 0 U 3
5 0 L 4
6 1 U 5
7 0 U 6
8 0 U 5
9 0 L 8
10 1 U 9
11 0 U 5
12 1 L 5
13 0 U 5
14 1 U 13
15 1 U 14
16 1 U 11
17 1 U 16
18 0 U 15
19 1 U 18
20 0 U 19
21 0 U 20
22 1 U 17
23 0 U 22
24 1 U 9
25 1 L 21
26 0 L -1
27 0 L 10
28 1 U 27
29 0 U 28
30 0 U 20
31 0 U 14
32 1 U 11
33 0 U 23
34 1 L 16
35 1 U 34
36 1 U 35
37 0 U 36
38 0 U 37
39 1 U 38
40 0 L 38
41 0 L 15
42 1 U 41
43 0 L 36
44 0 U 33
45 1 U 44
46 1 U 7
47 1 L 9
48 1 U -1
49 1 U 48
50 0 L 28
51 0 U 50
52 0 U 51
53 1 U 52
54 0 U 53
55 1 U 54
56 0 L 39
57 0 U 27
58 0 U 12
59 1 U 58
60 1 U 59
61 1 U 60
62 0 U 57
63 0 L 6
64 1 U -1
65 0 U 64
66 1 U 38
67 1 L 29
68 0 U 67
69 1 U 68
70 1 U 69
71 0 L 2
72 0 U -1
73 1 U 72
74 1 L 9
75 1 U 74
76
0 0 L -1
1 0 L 0
2 0 U -1
3 1 U 2
4 0 U 3
5 1 L 1
6 1 U 5
7 0 U -1
8 0 U 5
9 0 L 8
10 1 U 9
11 0 U 5
12 1 L 5
13 0 U 5
14 1 U 13
15 0 U 7
16 1 U 11
17 1 U 16
18 0 U 15
19 1 U 18
20 0 U 19
21 0 U 20
22 1 U 17
23 0 U 22
24 1 U 9
25 1 L 21
26 0 U 25
27 0 L 10
28 1 U 27
29 0 U 28
30 1 L 2
31 0 U 14
32 1 U 11
33 0 U 23
34 1 L 16
35 1 U 34
36 1 U 35
37 0 U 36
38 0 U 37
39 1 U 38
40 0 L 38
41 1 U 27
42 1 U 41
43 0 L 36
44 0 U 33
45 1 U 44
46 0 U 15
47 1 L 9
48 1 U -1
49 1 U 48
50 0 L 28
51 0 U 50
52 1 U 1
53 1 U 19
54 0 U 53
55 1 U 54
56 0 L 39
57 0 U 27
58 0 U 12
59 1 U 58
60 1 U 59
61 1 U 60
62 0 U 57
63 0 L 6
64 1 U -1
65 0 U 64
66 1 U 38
67 1 L 29
68 0 U 67
69 1 U 68
70 1 U 69
71 0 L 2
72 0 U -1
73 1 U 72
74 1 L 9
75 1 U 55
76
0 0 L -1
1 1 L -1
2 1 L -1
3 1 U 2
4 0 U 3
5 1 L 1
6 1 U 5
7 1 U 1
8 0 U 5
9 0 L 8
10 1 U 7
11 0 U 5
12 1 L 5
13 0 U 5
14 1 U 13
15 1 U 14
16 1 U 11
17 1 U 16
18 0 U 15
19 1 U 18
20 0 U 19
21 0 U 20
22 1 U 17
23 0 U 22
24 1 U 9
25 1 U 21
26 0 U 25
27 0 L 10
28 1 U 27
29 1 U 10
30 1 L 2
31 0 U 14
32 1 U 11
33 0 U 23
34 1 L 16
35 1 U 34
36 1 U 35
37 0 U 36
38 0 U 37
39 1 U 38
40 0 L 38
41 1 L 35
42 1 U 41
43 1 U 40
44 0 U 33
45 1 U 44
46 0 U 15
47 1 L 9
48 1 U -1
49 1 U 48
50 0 L 28
51 0 U 50
52 0 U 24
53 0 L 31
54 0 U 53
55 1 U 54
56 0 L 39
57 0 U 27
58 0 U 12
59 1 U 58
60 1 U 59
61 1 L 27
62 0 U 57
63 0 L 6
64 1 U -1
65 0 U 64
66 1 U 38
67 1 L 29
68 0 U 67
69 1 U 68
70 1 U 69
71 0 L 2
72 0 U -1
73 1 U 72
74 1 L 9
75 1 U 74
76
0 0 L -1
1 1 L -1
2 0 U 0
3 1 U 2
4 0 U 3
5 1 L 1
6 1 U 5
7 0 U 6
8 0 U 5
9 0 L 8
10 1 U 9
11 0 U 5
12 1 L 5
13 1 U -1
14 1 U 13
15 1 U 14
16 1 U 11
17 1 U 16
18 0 U 15
19 1 U 18
20 1 U 3
21 0 U -1
22 1 U 17
23 0 U 22
24 1 U 9
25 1 L 21
26 0 U 25
27 0 L 10
28 1 U 27
29 0 U 28
30 1 L 2
31 0 U 26
32 1 U 11
33 0 U 23
34 1 L 16
35 1 L 5
36 1 U 35
37 0 U 36
38 0 U 37
39 1 U 38
40 0 L 38
41 0 L 15
42 0 L 32
43 0 L 36
44 0 U 7
45 1 U 44
46 0 U 15
47 1 L 9
48 1 L 26
49 1 U 48
50 0 L 28
51 0 U 50
52 0 U 51
53 1 U 52
54 0 U 53
55 1 U 54
56 0 L 39
57 0 U 40
58 0 U 12
59 1 U 58
60 0 U 18
61 1 U 60
62 0 L 22
63 1 U 18
64 1 U -1
65 0 U 64
66 1 U 38
67 1 L 29
68 0 U 67
69 1 U 68
70 1 U 69
71 0 L 2
72 0 U -1
73 1 U 72
74 0 L 58
75 1 U 74
76
0 0 L -1
1 1 L -1
2 1 L -1
3 1 U 2
4 0 U 3
5 1 L 1
6 1 U 5
7 0 U 6
8 0 U 5
9 0 L 8
10 1 U 9
11 0 U 5
12 1 L 5
13 0 U 5
14 1 U 13
15 1 U 14
16 1 U 11
17 1 U 16
18 0 U 15
19 1 U 18
20 0 U 19
21 0 U 20
22 1 U 17
23 0 U 22
24 1 U 9
25 1 L 21
26 0 U 25
27 0 L 10
28 1 U 27
29 0 U 28
30 1 L 2
31 0 U 14
32 1 U 11
33 0 U 23
34 1 L 16
35 1 U 34
36 1 L 21
37 0 U 36
38 0 U 37
39 1 U 38
40 0 L 38
41 0 L 15
42 1 U 41
43 0 L 36
44 0 U 33
45 1 U 44
46 0 U 15
47 1 L 9
48 1 U -1
49 1 U 2
50 0 U 45
51 0 U 50
52 0 U 51
53 1 U 52
54 0 U 53
55 1 U 54
56 0 L 39
57 0 U 27
58 0 U 12
59 1 L 18
60 1 U 59
61 1 U 60
62 0 U 57
63 0 U 20
64 1 U -1
65 0 U 64
66 1 U 38
67 1 L 29
68 0 U 67
69 1 U 0
70 1 U -1
71 0 L 2
72 0 U -1
73 1 U 72
74 1 L 9
75 1 U 74
76
0 0 L -1
1 1 L -1
2 0 L 0
3 1 U 2
4 0 U 3
5 1 L 1
6 1 U 5
7 0 U 6
8 1 L 7
9 0 L 8
10 1 U 9
11 0 U 5
12 1 L 5
13 0 U 5
14 1 U 13
15 1 U 14
16 1 U 11
17 1 U 16
18 0 U 15
19 0 L 18
20 0 U 19
21 0 U 20
22 1 U 17
23 1 L 9
24 1 U 9
25 1 L 21
26 0 U 25
27 0 L 10
28 1 U 27
29 0 U 28
30 1 L 2
31 0 U 14
32 1 U 11
33 0 U 23
34 1 L 16
35 1 U 34
36 1 L 22
37 0 U 36
38 0 U 37
39 1 U 38
40 0 L 38
41 0 L 15
42 1 U 41
43 0 L 36
44 0 U 33
45 1 U 44
46 0 U 15
47 1 L 9
48 1 U -1
49 1 U 48
50 0 L 28
51 0 U 50
52 0 U 51
53 1 U 52
54 0 U 53
55 1 U 54
56 0 L 39
57 0 U 27
58 0 U 27
59 1 U 58
60 1 U 59
61 1 U 60
62 0 U 57
63 0 L 6
64 1 U -1
65 0 U 64
66 1 U 38
67 1 L 29
68 0 U 67
69 1 U 68
70 1 U 69
71 0 L 2
72 0 U -1
73 1 U 72
74 1 L 9
75 1 U 74
76
0 1 U -1
1 0 U -1
2 1 L -1
3 1 U 2
4 0 U 3
5 0 U 3
6 1 U 5
7 0 U 6
8 0 U 5
9 0 L 8
10 1 U 9
11 0 U 5
12 1 L 5
13 0 U 5
14 1 U 13
15 1 U 14
16 1 U 11
17 1 U 16
18 0 U 15
19 1 U 18
20 0 U 19
21 0 U 20
22 1 U 17
23 0 U 22
24 1 U 9
25 1 L 21
26 0 U 25
27 0 L 10
28 1 U 27
29 1 U 23
30 1 L 2
31 0 U 14
32 1 U 11
33 0 U 23
34 1 L 16
35 0 L 16
36 1 U 35
37 0 U 36
38 0 U 37
39 1 U 38
40 0 L 38
41 0 L 15
42 1 U 41
43 0 L 36
44 0 U 33
45 0 L 38
46 0 U 15
47 1 L 9
48 1 U -1
49 1 U 48
50 0 U 17
51 0 U 50
52 0 U 51
53 1 U 52
54 0 U 53
55 1 U 54
56 0 L 39
57 0 U 27
58 0 U 12
59 1 U 58
60 1 U 59
61 1 U 60
62 0 U 57
63 0 L 6
64 1 U -1
65 1 L 22
66 1 U 38
67 1 L 29
68 0 U 67
69 1 U 68
70 1 U 69
71 0 L 2
72 1 L 15
73 1 U 72
74 1 L 9
75 1 U 74
76
0 0 L -1
1 1 L -1
2 1 L -1
3 1 U 2
4 0 U 3
5 1 L 1
6 1 U 5
7 0 U 6
8 0 U 5
9 0 L 8
10 1 U 9
11 0 U 5
12 1 L 5
13 0 U 5
14 1 U 13
15 1 U 14
16 1 U 11
17 1 U 16
18 0 U 15
19 1 U 18
20 0 U 19
21 0 U 20
22 1 U 17
23 0 U 22
24 1 U 9
25 1 L 21
26 0 U 25
27 0 L 10
28 1 U 27
29 0 U 28
30 1 L 2
31 0 U 14
32 1 U 11
33 0 U 23
34 1 L 16
35 1 U 34
36 1 U 35
37 0 U 36
38 0 U 37
39 1 U 38
40 0 U 31
41 0 L 15
42 1 U 41
43 0 L 36
44 0 U 33
45 1 U 44
46 0 U 15
47 0 L 44
48 1 U -1
49 1 U 48
50 0 L 28
51 0 U 50
52 0 U 51
53 1 U 52
54 0 U 53
55 1 U 54
56 1 U 21
57 0 U 27
58 0 U 12
59 1 U 58
60 1 U 59
61 1 U 60
62 0 U 57
63 0 L 6
64 1 U -1
65 0 U 64
66 0 L 32
67 1 U 33
68 0 U 67
69 1 U 68
70 0 L 49
71 0 L 2
72 0 U -1
73 1 U 72
74 1 L 9
75 1 U -1
76
0 0 L -1
1 1 L -1
2 1 L -1
3 1 U 2
4 0 U 3
5 1 L 1
6 1 U 5
7 0 U 6
8 0 U 5
9 0 L 8
10 0 U 1
11 0 U 5
12 1 L 5
13 0 U 5
14 1 U 9
15 0 U 14
16 1 U 11
17 1 U 16
18 0 U 15
19 1 U 18
20 1 U 4
21 0 U 20
22 1 U 17
23 0 U 18
24 1 U 9
25 1 L 19
26 0 U 25
27 0 L 24
28 1 U 27
29 0 U 28
30 1 L 2
31 0 U 14
32 1 U 11
33 0 L 19
34 1 L 16
35 1 U 34
36 1 U 35
37 0 U 36
38 1 L 27
39 1 U 38
40 0 L 38
41 0 L 15
42 1 U 41
43 0 L 36
44 0 L 12
45 1 U 44
46 0 U 15
47 1 L 9
48 1 U -1
49 1 U 48
50 0 L 28
51 0 U 50
52 0 L 46
53 1 U 52
54 0 L 0
55 1 U 20
56 0 L 39
57 0 U 27
58 0 U 12
59 1 U 58
60 1 U 59
61 1 U 60
62 0 U 57
63 0 L 6
64 0 L 46
65 0 U 64
66 1 U 38
67 1 L 29
68 0 U 67
69 1 L 42
70 1 U 69
71 0 L 2
72 0 U -1
73 1 U 72
74 1 L 9
75 1 U 74
76
0 0 L -1
1 1 L -1
2 1 L -1
3 1 U 2
4 0 U 3
5 1 U 0
6 1 U 5
7 0 U 6
8 0 U 5
9 0 L 8
10 0 U 2
11 0 U 5
12 1 L 5
13 0 U 5
14 1 U 13
15 1 U 14
16 1 U 11
17 1 U 16
18 0 L -1
19 1 L 10
20 0 U 19
21 0 U 20
22 1 U 17
23 1 L 19
24 1 U 9
25 1 L 21
26 0 U 25
27 0 L 10
28 1 U 27
29 0 U 28
30 1 L 2
31 0 U 14
32 1 U 11
33 1 L 16
34 1 L 16
35 1 U 34
36 1 U 35
37 0 U 36
38 0 U 37
39 1 U 38
40 0 L 38
41 0 L 15
42 1 U 41
43 0 L 36
44 0 U 33
45 1 U 44
46 0 U 15
47 1 L 9
48 1 U -1
49 1 U 48
50 0 L 28
51 0 U 50
52 0 U 51
53 1 U 52
54 0 U 53
55 1 U 54
56 0 U 22
57 0 U 27
58 0 U 12
59 0 U 2
60 1 U 59
61 1 U 60
62 0 U 57
63 0 L 6
64 0 L 18
65 0 U 64
66 0 U 0
67 1 L 29
68 0 U 67
69 1 U 68
70 1 U 69
71 0 L 2
72 0 U -1
73 1 U 72
74 1 L 43
75 1 U 74
76
0 0 L -1
1 1 L -1
2 1 L -1
3 1 U 2
4 1 U 0
5 1 L 1
6 1 U 5
7 0 U 6
8 0 U 5
9 0 L 8
10 1 U 9
11 0 U 5
12 1 L 5
13 0 U 5
14 1 U 13
15 1 U 14
16 1 U 11
17 1 U 16
18 0 U 15
19 1 U 18
20 0 U 19
21 1 U 11
22 1 U 17
23 0 U 22
24 1 L 12
25 1 L 21
26 1 L 5
27 0 L 10
28 1 U 27
29 0 U 28
30 1 L 6
31 0 U 14
32 1 U 11
33 0 U 23
34 1 L 16
35 1 U 34
36 1 U 35
37 0 U 36
38 0 U 37
39 1 L 32
40 0 L 38
41 0 L 15
42 1 U 41
43 0 L 36
44 0 U 33
45 1 U 44
46 0 U 15
47 0 U 5
48 1 U -1
49 1 U 48
50 0 L 28
51 0 U 50
52 0 U 51
53 1 U 52
54 0 U 53
55 1 U 54
56 0 L 39
57 0 U 27
58 0 U 12
59 1 L 1
60 1 U 59
61 1 U 52
62 0 U 57
63 0 L 6
64 1 U -1
65 0 L 63
66 1 U 38
67 1 L 29
68 0 U 67
69 1 U 68
70 1 U 69
71 0 L 2
72 0 U -1
73 1 U 72
74 1 L 9
75 1 U 74
76
0 0 L -1
1 1 L -1
2 1 L -1
3 1 U 2
4 0 U 3
5 1 L 1
6 0 L 1
7 0 U 0
8 0 U 5
9 0 L 8
10 1 U 9
11 0 U 5
12 1 L 5
13 0 U 5
14 1 U 13
15 1 U 14
16 1 U 11
17 1 U 16
18 0 U 15
19 1 U 18
20 1 L 12
21 0 U 20
22 1 U 17
23 0 U 22
24 1 U 9
25 1 L 21
26 0 U 25
27 0 L 10
28 1 U 27
29 0 U 28
30 1 L 2
31 0 U 14
32 1 U 11
33 0 U 23
34 1 L 16
35 1 U 34
36 1 U 35
37 0 U 36
38 0 U 37
39 1 U 38
40 0 L 38
41 0 L 15
42 1 U 41
43 0 L 36
44 0 U 33
45 1 U 44
46 0 U 15
47 1 L 9
48 1 U -1
49 1 U 48
50 0 L 28
51 0 U 50
52 0 U 51
53 0 U 45
54 0 U 53
55 1 U 54
56 0 L 39
57 0 L 26
58 0 U 12
59 1 U 58
60 1 U 59
61 1 U 60
62 0 U 57
63 0 L 6
64 1 U -1
65 0 U 64
66 1 U 38
67 1 L 29
68 1 L 58
69 1 U 68
70 1 U 69
71 0 L 2
72 0 U -1
73 1 U 72
74 1 U 5
75 1 U 74
76
0 0 L -1
1 1 L -1
2 1 L -1
3 1 U 2
4 0 U 3
5 1 L 1
6 1 U 5
7 0 U 6
8 0 U 5
9 0 L 8
10 1 U 9
11 1 U 5
12 1 L 5
13 0 U 5
14 1 U 13
15 1 U 14
16 0 U 4
17 1 U 16
18 0 U 15
19 1 U 18
20 0 U 4
21 0 U 20
22 1 U 17
23 0 U 22
24 1 U 9
25 1 L 21
26 0 U 25
27 0 L 10
28 1 U 27
29 0 U 28
30 1 L 2
31 0 U 14
32 1 U 11
33 0 U 23
34 1 L 16
35 0 L 0
36 1 U 35
37 1 L 11
38 0 U 37
39 1 U 38
40 0 U 8
41 0 L 15
42 1 U 41
43 0 L 36
44 0 U 33
45 1 U 44
46 0 U 15
47 1 L 9
48 1 U -1
49 1 U 48
50 0 L 28
51 1 U 16
52 0 U 51
53 1 U 52
54 0 U 53
55 1 U 33
56 0 L 18
57 0 U 27
58 0 U 12
59 1 U 58
60 1 U 59
61 1 U 60
62 0 U 57
63 0 L 6
64 1 U -1
65 0 U 64
66 1 U 38
67 1 L 29
68 0 U 67
69 1 U 68
70 1 U 69
71 0 L 2
72 0 U -1
73 1 U 72
74 1 L 9
75 1 U 74
76
0 0 L -1
1 1 L -1
2 1 L -1
3 1 U 2
4 0 U 3
5 1 L 1
6 1 U 5
7 0 U 6
8 0 U 5
9 0 L 8
10 1 L 0
11 0 U 5
12 1 L 5
13 0 U 5
14 1 U 13
15 1 U 14
16 1 U 11
17 1 U 16
18 0 U 15
19 1 U 18
20 0 U 19
21 0 U 20
22 1 U 17
23 0 U 22
24 1 U 9
25 1 L 21
26 0 U 25
27 0 L 10
28 1 U 27
29 0 U 28
30 1 L 2
31 0 U 14
32 1 U 11
33 0 U 23
34 1 L 16
35 1 U 34
36 1 U 35
37 0 U 36
38 0 U 37
39 1 U 38
40 0 L 38
41 0 L 15
42 1 U 21
43 0 L 36
44 0 U 33
45 1 U 44
46 0 U 15
47 1 L 9
48 1 U -1
49 1 U 48
50 0 L 28
51 0 U 50
52 0 U 51
53 1 U 52
54 0 U 53
55 1 U 54
56 0 L 39
57 0 U 27
58 0 U 12
59 0 L 6
60 1 U 59
61 1 U 60
62 0 U 57
63 1 L 46
64 1 U -1
65 0 U 64
66 1 U 38
67 1 L 29
68 0 U 67
69 1 U 68
70 1 U 69
71 0 L 2
72 0 U -1
73 1 U 72
74 1 L 9
75 1 U 74
76
0 0 L -1
1 1 L -1
2 1 L -1
3 1 U 2
4 0 U 3
5 1 L 1
6 1 U 5
7 0 U 6
8 0 U 5
9 0 L 8
10 1 U 9
11 0 U 5
12 1 L 5
13 0 U 5
14 1 U 13
15 1 U 14
16 1 U 11
17 1 U 16
18 0 U 15
19 1 U 18
20 0 U 19
21 0 U 20
22 1 U 17
23 0 U 22
24 1 U 9
25 1 L 21
26 1 U 15
27 0 L 10
28 1 U 27
29 0 U 28
30 1 L 2
31 0 U 14
32 1 U 11
33 0 U 23
34 1 L 16
35 1 U 34
36 1 U 35
37 0 U 36
38 0 U 37
39 1 U 38
40 0 L 38
41 0 L 15
42 1 U 41
43 0 L 36
44 0 U 33
45 1 U 44
46 0 U 15
47 1 L 9
48 1 U -1
49 1 U 48
50 0 L 28
51 0 U 50
52 0 U 51
53 1 U 52
54 0 U 53
55 1 U 54
56 0 L 39
57 0 U 27
58 0 U 12
59 1 U 58
60 1 U 59
61 1 U 60
62 0 U 57
63 0 L 6
64 0 U 8
65 0 U 64
66 1 U 38
67 1 L 29
68 0 U 67
69 1 U 68
70 1 U 69
71 0 L 2
72 0 U -1
73 1 U 72
74 1 L 9
75 1 U 74
76
0 0 L -1
1 1 L -1
2 1 U 0
3 1 U 2
4 0 U 3
5 1 L 1
6 1 U 5
7 0 U 6
8 0 U 5
9 0 L 8
10 1 U 9
11 0 U 5
12 1 L 7
13 0 U 5
14 1 U 13
15 1 U 14
16 1 U 11
17 1 U 16
18 0 U 15
19 1 U 18
20 0 U 19
21 0 U 20
22 1 U 17
23 1 U 3
24 1 U 9
25 1 L 21
26 0 U 25
27 0 L 10
28 1 U 27
29 0 U 28
30 1 L 10
31 0 U 14
32 1 U 11
33 0 U 23
34 1 L 16
35 1 U 34
36 1 U 35
37 0 U -1
38 0 U 37
39 1 U 38
40 0 L 38
41 0 L 15
42 1 U 41
43 0 L 36
44 0 U 33
45 1 L 7
46 0 U 15
47 1 L 9
48 1 U -1
49 1 U 48
50 0 L 28
51 0 U 50
52 0 U 51
53 1 U 52
54 0 U 53
55 1 U 54
56 0 L 39
57 1 U 52
58 0 U 12
59 0 U 14
60 1 U 59
61 1 U 60
62 0 U 57
63 0 L 6
64 1 U -1
65 0 U 64
66 1 U 38
67 1 L 29
68 0 U 67
69 1 U 68
70 1 U 69
71 0 L 2
72 0 U -1
73 1 U 72
74 1 L 9
75 1 U 74
76
0 0 L -1
1 1 L -1
2 1 L -1
3 1 U 1
4 0 U 3
5 1 L 1
6 1 U 5
7 0 U 6
8 0 U 5
9 0 L 8
10 1 U 9
11 0 U 5
12 1 L 5
13 0 U 5
14 1 U 13
15 1 U 14
16 1 U 11
17 1 U 16
18 0 U 15
19 1 U 18
20 0 U 19
21 0 U 20
22 1 U 17
23 1 L 17
24 1 U 9
25 1 L 21
26 0 U 25
27 0 L 10
28 1 U 27
29 0 U 28
30 1 L 2
31 0 U 14
32 1 U 11
33 0 U 23
34 1 U 29
35 1 U 34
36 1 U 21
37 0 U 36
38 0 U 37
39 1 U 38
40 0 L 38
41 0 U 40
42 1 U 41
43 0 L 36
44 0 U 33
45 1 U 44
46 0 U 15
47 1 L 9
48 1 U -1
49 1 U 48
50 0 L 28
51 0 U 50
52 0 U 51
53 1 U 52
54 0 U 53
55 1 U 54
56 0 L 39
57 0 U 27
58 0 U 8
59 1 U 58
60 1 U 59
61 1 U 60
62 0 U 57
63 0 L 6
64 1 U -1
65 0 L 27
66 1 U 38
67 1 L 29
68 0 U 67
69 0 L 37
70 1 U 69
71 0 L 2
72 0 U -1
73 1 U 72
74 1 L 9
75 1 U 74
76
0 0 L -1
1 1 L -1
2 1 L -1
3 1 U 2
4 0 U 3
5 0 U 2
6 1 L 5
7 0 U 6
8 0 U 5
9 0 L 8
10 1 U 9
11 0 U 5
12 1 L 5
13 0 U 5
14 0 L 7
15 1 U 14
16 1 U 11
17 1 U 16
18 0 U 15
19 1 U 18
20 0 L 9
21 0 U 20
22 1 U 17
23 0 U 22
24 0 L 7
25 1 U 16
26 0 U 25
27 0 L 10
28 1 U 27
29 0 U 28
30 1 L 2
31 0 U 14
32 1 U 11
33 0 U 23
34 1 L 16
35 1 U 34
36 1 U 35
37 0 U 36
38 0 U 1
39 1 U 38
40 0 L 38
41 0 L 15
42 1 U 41
43 0 L 36
44 0 U 33
45 1 U 44
46 0 U 15
47 1 L 9
48 1 U 11
49 1 U 48
50 0 L 28
51 0 U 50
52 0 U 51
53 1 U 52
54 0 U 53
55 1 U 54
56 0 L 39
57 0 U 27
58 0 L 34
59 1 L 56
60 1 U 59
61 1 U 60
62 0 U 57
63 0 L 6
64 1 U -1
65 0 U 64
66 1 U 38
67 1 L 29
68 0 U 67
69 1 U 68
70 1 U 69
71 0 L 2
72 0 U -1
73 1 U 72
74 1 L 9
75 1 U 74
76
0 0 L -1
1 1 L -1
2 1 L -1
3 1 U 2
4 0 U 3
5 1 L 1
6 0 L 2
7 0 U 6
8 0 U 5
9 0 L 8
10 1 U 9
11 0 U 5
12 0 U -1
13 0 U 5
14 1 U 13
15 1 U 7
16 1 U 11
17 1 U 16
18 0 U 15
19 1 U 18
20 1 L 16
21 0 U 20
22 1 U 17
23 0 U 22
24 1 U 9
25 1 L 21
26 0 U 25
27 0 L 10
28 1 U 27
29 0 U 28
30 1 L 2
31 0 U 14
32 1 U 11
33 0 U 23
34 1 L 16
35 1 U 34
36 1 U 35
37 0 U 36
38 0 U 37
39 1 U 38
40 0 L 38
41 0 L 15
42 1 U 41
43 0 L 36
44 0 U 33
45 1 U 44
46 0 U 15
47 1 L 9
48 1 U -1
49 1 U 48
50 0 L 28
51 0 U 50
52 0 U 51
53 1 U 52
54 0 U 53
55 1 U 54
56 0 L 39
57 0 U 27
58 0 U 12
59 1 L 47
60 1 U 59
61 1 U 60
62 0 U 57
63 0 L 6
64 1 U -1
65 0 U 64
66 1 U 38
67 1 L 29
68 0 U 67
69 1 U 68
70 1 U 69
71 0 L 2
72 0 U -1
73 1 U 72
74 1 L 9
75 1 U 74
76
0 0 L -1
1 1 L -1
2 1 L -1
3 1 U 2
4 0 U 3
5 1 L 1
6 1 U 5
7 0 U 6
8 0 U 5
9 0 L 8
10 1 U 9
11 0 U 5
12 1 L 5
13 0 U 2
14 1 U 13
15 1 U 14
16 1 U 11
17 1 U 16
18 0 U 15
19 1 U 18
20 0 U 19
21 0 U 20
22 1 U 17
23 1 L 13
24 1 U 9
25 1 L 21
26 1 L 0
27 0 L 10
28 1 U 27
29 1 U 9
30 1 L 2
31 0 U 14
32 1 U 11
33 0 U 23
34 1 L 16
35 1 U 34
36 1 U 35
37 0 U 36
38 0 U 37
39 1 U 38
40 0 L 9
41 0 L 15
42 1 U 41
43 0 L 36
44 0 U 33
45 1 U 44
46 1 U 9
47 1 L 9
48 1 U -1
49 1 U 48
50 0 L 28
51 0 U 50
52 0 U 51
53 1 U 52
54 0 U 53
55 1 U 54
56 0 L 39
57 0 U 27
58 0 U 12
59 1 U 58
60 1 U 59
61 1 U 60
62 0 U 57
63 0 L 6
64 1 U -1
65 0 U 64
66 1 U 38
67 1 L 29
68 0 U 67
69 1 U 68
70 1 U 69
71 0 L 2
72 0 U -1
73 0 L 39
74 1 L 9
75 1 U 74
76
0 0 L -1
1 1 L -1
2 1 L -1
3 1 U 2
4 0 U 3
5 1 L 1
6 1 U 5
7 0 L 4
8 0 U 5
9 0 L 8
10 1 U 9
11 0 U 5
12 1 L 5
13 0 U 5
14 1 U 13
15 1 U 14
16 1 U 11
17 1 U 16
18 0 U 15
19 0 U 8
20 0 U -1
21 0 U 20
22 1 U 17
23 0 U 22
24 1 U 9
25 1 L 21
26 0 L 11
27 0 L 10
28 1 U 27
29 0 U 28
30 1 L 19
31 0 U 20
32 1 U 11
33 0 U 23
34 1 L 16
35 1 U 34
36 1 U 35
37 1 U 3
38 0 U 37
39 1 U 38
40 0 L 38
41 0 L 15
42 1 U 41
43 0 L 36
44 0 U 33
45 1 U 44
46 1 L 25
47 1 L 9
48 1 U -1
49 1 U 48
50 1 U 38
51 0 U 50
52 0 U 5
53 1 U 52
54 0 L 51
55 1 U 54
56 0 L 39
57 0 U 27
58 0 U 12
59 1 U 58
60 1 U 59
61 1 U 60
62 0 U 57
63 0 L 6
64 1 U -1
65 0 U 64
66 1 U 38
67 1 L 10
68 0 U 67
69 1 U 44
70 1 L 28
71 0 L 2
72 0 U -1
73 1 U 72
74 1 L 9
75 1 U 74
76
0 0 L -1
1 1 L 0
2 1 L -1
3 1 U 2
4 0 U 3
5 1 L 1
6 1 U 5
7 0 U 6
8 0 U 5
9 0 L 8
10 1 U 9
11 0 U 5
12 1 L 5
13 0 U 5
14 1 U 13
15 1 U 14
16 1 U 11
17 1 U 16
18 0 U 15
19 1 U 18
20 0 U 19
21 0 U 20
22 1 U 17
23 0 U 22
24 1 U 9
25 1 L 21
26 0 U 25
27 0 L 10
28 0 L 6
29 0 U 28
30 1 L 2
31 0 U 14
32 1 U 11
33 0 U 23
34 1 L 16
35 1 U 34
36 1 U 35
37 0 U 36
38 0 U 37
39 1 U 38
40 0 L 38
41 0 L 15
42 1 U 41
43 0 L 36
44 1 L 9
45 1 U 44
46 0 U 15
47 1 L 9
48 1 U -1
49 0 L 9
50 0 L 28
51 0 U 50
52 0 U 15
53 1 U 52
54 0 U 53
55 1 U 54
56 0 L 39
57 0 U 27
58 1 U 49
59 1 U 58
60 1 U 59
61 1 U 60
62 0 L 51
63 0 L 6
64 1 U -1
65 0 U 64
66 1 U 38
67 0 U 57
68 0 U 67
69 1 U 68
70 1 U 69
71 0 L 2
72 0 L 66
73 1 U 72
74 1 L 9
75 1 U 74
76
0 0 L -1
1 1 L -1
2 0 L 1
3 1 U 2
4 0 U 3
5 1 L 1
6 1 U 5
7 0 U 6
8 0 U 5
9 0 L 8
10 1 U 9
11 0 U 5
12 1 L 5
13 0 U 5
14 1 L 8
15 1 U 14
16 1 U 11
17 1 U 16
18 0 U 15
19 1 U 18
20 0 U 19
21 0 U 20
22 1 U 17
23 0 U 22
24 1 U 9
25 1 L 21
26 0 U 25
27 1 L 2
28 0 L 2
29 0 U 28
30 1 L 2
31 0 U 12
32 0 U 12
33 0 U 23
34 1 L 15
35 1 U 34
36 1 U 35
37 0 U 36
38 0 U 37
39 1 U 38
40 0 L 38
41 0 L 15
42 1 U 41
43 0 L 36
44 1 L 29
45 1 L -1
46 0 U 15
47 1 L 9
48 1 U -1
49 1 U 48
50 0 L 28
51 0 U 50
52 0 U 51
53 1 U 52
54 0 L 53
55 1 U 54
56 0 L 39
57 0 U 27
58 0 U 12
59 1 U 58
60 0 L 54
61 1 U 60
62 0 U 57
63 0 L 6
64 1 U -1
65 0 U 64
66 1 U 38
67 1 L 29
68 0 U 67
69 1 U 68
70 1 U 69
71 0 L 2
72 0 U -1
73 1 U 72
74 1 L 9
75 1 U 74
76
0 0 L -1
1 1 L -1
2 1 L -1
3 1 U 2
4 0 U 3
5 1 L 1
6 1 U 5
7 0 U 6
8 0 U 5
9 0 L 8
10 1 U 9
11 0 U 5
12 1 L 5
13 0 U 5
14 1 U 13
15 0 U 0
16 1 U 11
17 1 U 16
18 0 U 15
19 1 U 18
20 0 U 19
21 0 U 20
22 1 U 18
23 0 U 22
24 1 U 9
25 1 L 21
26 0 U 25
27 0 L 10
28 1 U 27
29 0 U 28
30 1 L 2
31 0 U 14
32 1 U 11
33 0 U 23
34 1 L 16
35 1 U 34
36 1 U 35
37 0 U 36
38 0 U 29
39 1 U 38
40 0 L 38
41 0 L 15
42 1 U 41
43 0 L 36
44 0 U 33
45 1 U 28
46 0 U 15
47 1 L 9
48 1 U -1
49 0 U 44
50 0 L 28
51 0 U 50
52 0 U 51
53 1 U 52
54 0 U 53
55 1 U 54
56 0 L 39
57 0 U 27
58 0 U 12
59 1 U 58
60 1 U 59
61 1 U 60
62 0 U 57
63 0 L 6
64 1 U -1
65 0 U 64
66 1 U 38
67 1 L 29
68 0 U 67
69 1 U 68
70 0 L 40
71 0 L 2
72 0 U -1
73 1 U 72
74 1 L 9
75 1 U 74
76
0 0 L -1
1 1 L -1
2 1 L -1
3 1 U 2
4 0 U -1
5 1 L 1
6 1 U 5
7 0 U 6
8 0 U 5
9 0 L 8
10 1 U 9
11 0 U 5
12 1 L 5
13 0 U 5
14 1 U 13
15 1 U 14
16 1 U 11
17 1 U 16
18 0 U 15
19 1 U 18
20 0 U 19
21 0 U 20
22 1 U 17
23 0 U 22
24 1 U 9
25 1 L 21
26 0 U 25
27 0 L 10
28 1 U 27
29 0 U 28
30 1 L 2
31 0 U 14
32 1 U 11
33 0 U 23
34 0 L 9
35 1 U 34
36 1 U 35
37 0 U 36
38 0 U 37
39 1 U 38
40 0 L 38
41 0 L 15
42 1 U 41
43 0 L 36
44 0 U 33
45 1 U 44
46 0 U 15
47 1 L 9
48 0 U 12
49 1 U 48
50 0 L 28
51 0 U 50
52 0 U 51
53 1 U 52
54 0 U 53
55 1 U 54
56 0 L 39
57 0 U 27
58 0 U 12
59 1 U 58
60 1 U 59
61 1 U 60
62 0 U 57
63 0 L 6
64 1 U -1
65 0 U 64
66 1 U 38
67 1 L 29
68 0 U 67
69 1 U 68
70 1 U 69
71 1 L 5
72 0 U -1
73 1 U 72
74 1 L 9
75 1 U 74
76
0 0 L -1
1 1 L -1
2 1 L -1
3 1 U 2
4 0 U 3
5 1 L 1
6 1 U 5
7 0 U 6
8 0 U 5
9 0 L 8
10 1 U 9
11 0 U 5
12 1 L 5
13 0 L 5
14 1 U 13
15 1 U 14
16 1 U 11
17 1 U 16
18 0 U 15
19 1 U 18
20 0 U 19
21 0 U 20
22 1 U 17
23 0 U 22
24 1 U 9
25 1 L 21
26 0 U 25
27 0 L 10
28 1 U 27
29 0 U 28
30 1 L 2
31 0 L 19
32 1 U 11
33 0 U 23
34 1 L 16
35 1 U 34
36 1 U 35
37 0 U 36
38 0 U 37
39 0 U 12
40 0 L 38
41 0 L 15
42 1 U 41
43 0 L 36
44 0 U 33
45 1 L 24
46 0 U 15
47 1 L 9
48 1 U -1
49 1 U 48
50 0 L 28
51 0 U 50
52 0 U 51
53 1 U 52
54 0 U 53
55 1 U 54
56 0 U 32
57 0 U 27
58 0 U 12
59 1 U 58
60 1 U 59
61 1 U 60
62 0 U 57
63 0 L 6
64 1 U -1
65 0 U 64
66 1 U 38
67 1 L 29
68 0 L 8
69 1 U 68
70 1 U 69
71 0 L 2
72 0 L 67
73 1 U 72
74 1 L 9
75 0 U 52
76
0 0 L -1
1 1 U 0
2 1 L -1
3 1 U 2
4 0 U 3
5 1 U 0
6 1 U 5
7 0 U 6
8 0 U 5
9 0 L 8
10 1 U 9
11 0 U 5
12 1 L 5
13 0 U 5
14 1 U 13
15 1 U 3
16 1 U 11
17 1 U 16
18 0 U 15
19 1 U 18
20 0 U 19
21 0 U 20
22 0 U 18
23 0 U 22
24 1 U 9
25 1 L 21
26 0 U 25
27 0 L 10
28 0 L 11
29 0 L 9
30 1 L 2
31 0 U 14
32 1 U 11
33 0 U 23
34 1 L 16
35 1 U 34
36 1 U 35
37 0 U 36
38 0 U 37
39 1 U 38
40 0 L 38
41 0 L 15
42 1 U 41
43 0 L 36
44 0 U 33
45 1 L 23
46 0 U 15
47 1 L 9
48 1 U -1
49 1 U 48
50 0 L 28
51 0 L 4
52 0 U 51
53 1 U 52
54 0 U 53
55 1 U 54
56 0 L 39
57 0 U 27
58 0 U 12
59 1 U 58
60 1 U 59
61 1 U 60
62 0 L 26
63 0 L 6
64 1 U -1
65 0 U 64
66 1 U 38
67 1 L 29
68 0 U 67
69 1 U 68
70 1 U 69
71 0 L 60
72 0 U -1
73 1 U 72
74 1 U 4
75 1 U 74
76
0 0 L -1
1 1 L -1
2 1 L -1
3 1 U 2
4 0 U 3
5 1 L 1
6 1 U 5
7 0 U 6
8 1 L 4
9 0 L 8
10 1 U 9
11 0 U 5
12 1 L 5
13 0 U 5
14 1 L 1
15 1 U 14
16 1 U 11
17 1 U 16
18 0 U 15
19 1 U 18
20 0 U 19
21 1 L 20
22 1 U 17
23 0 U 22
24 1 U 9
25 1 L 21
26 0 U 25
27 0 L 10
28 1 U 27
29 0 L 17
30 1 L 2
31 0 U 14
32 1 U 11
33 0 U 23
34 1 L 16
35 1 U 34
36 1 U 35
37 0 U 36
38 0 U 28
39 1 U 38
40 0 L 38
41 0 L 15
42 1 U 41
43 0 L 36
44 0 U 33
45 1 U 44
46 0 U 15
47 1 L 9
48 1 U -1
49 1 U 48
50 0 U 7
51 0 U 50
52 0 U 51
53 1 U 52
54 0 U 53
55 1 U 54
56 0 L 39
57 0 U 27
58 0 U 12
59 1 U 58
60 0 U 53
61 1 U 60
62 0 U 57
63 0 L 6
64 1 U -1
65 0 U 64
66 1 U 38
67 1 L 29
68 0 U 67
69 1 U 68
70 1 U 69
71 0 L 2
72 0 U -1
73 1 U 72
74 1 L 9
75 1 U 74
76
0 0 L -1
1 1 L -1
2 1 L -1
3 0 U 0
4 0 U 3
5 0 U 1
6 1 U 5
7 0 U 6
8 0 U 5
9 1 U 6
10 1 U 9
11 0 U 5
12 0 L 0
13 0 U 5
14 1 U 13
15 1 U 14
16 1 U 11
17 1 U 16
18 0 U 15
19 1 U 18
20 0 U 19
21 0 U 12
22 1 U 17
23 0 U 22
24 1 U 9
25 1 L 21
26 0 U 25
27 0 L 10
28 1 L 3
29 0 U 28
30 1 L 2
31 0 U 14
32 0 L 18
33 1 U 15
34 1 L 16
35 1 U 34
36 1 U 35
37 0 U 36
38 0 U 37
39 1 U 38
40 0 L 38
41 0 L 15
42 1 U 41
43 0 L 36
44 0 U 33
45 1 U 44
46 0 U 15
47 1 L 9
48 1 U -1
49 1 U 48
50 0 L 28
51 0 U 50
52 0 U 51
53 1 U 52
54 0 U 53
55 1 U 54
56 0 L 39
57 0 U 27
58 0 U 12
59 0 U 7
60 1 U 59
61 1 U 60
62 0 U 57
63 0 L 6
64 1 U -1
65 0 U 64
66 1 U 38
67 1 L 29
68 0 U 67
69 1 U 68
70 1 U 69
71 0 L 2
72 0 U -1
73 1 U 72
74 1 L 9
75 1 U 74
76
0 0 L -1
1 1 L -1
2 1 L -1
3 1 U 2
4 0 U 3
5 0 U 4
6 1 U 5
7 0 U 6
8 0 U 5
9 0 L 8
10 1 U 9
11 0 U 5
12 1 L 5
13 0 U 5
14 1 U 13
15 1 U 14
16 0 L 9
17 1 U 16
18 0 U 15
19 1 U 18
20 0 U 19
21 0 U 20
22 1 U 17
23 0 U 22
24 1 U 9
25 1 L 21
26 0 U 25
27 0 L 10
28 1 U 27
29 1 U 3
30 1 L 2
31 0 U 14
32 1 U 11
33 0 U 23
34 1 L 16
35 1 U 34
36 1 U 35
37 0 U 36
38 0 U 37
39 1 U 38
40 0 L 38
41 0 L 15
42 1 U 41
43 0 L 36
44 0 U 33
45 1 U 44
46 0 U 15
47 1 L 9
48 1 U -1
49 1 U 48
50 0 L 28
51 0 U 50
52 0 U 51
53 1 U 52
54 0 U 53
55 1 U 23
56 0 L 39
57 0 U 27
58 0 U 12
59 1 U 58
60 1 U 59
61 1 U 60
62 1 L 39
63 0 L 6
64 1 U -1
65 0 U 64
66 1 U 38
67 1 L 29
68 0 U 67
69 0 U 35
70 1 U 69
71 0 L 2
72 0 U -1
73 1 U 72
74 1 L 9
75 1 U 74
76
0 0 L -1
1 1 L -1
2 1 L -1
3 1 U 2
4 0 L 1
5 1 L 1
6 1 U 5
7 0 U 6
8 0 U 5
9 0 L 8
10 1 U 9
11 0 L 3
12 1 L 5
13 0 U 5
14 1 U 13
15 1 U 14
16 1 U 11
17 1 U 16
18 0 U 15
19 1 U 18
20 0 U 19
21 0 U 20
22 1 U 17
23 0 U 22
24 0 L -1
25 1 L 21
26 0 U 25
27 0 L 10
28 1 U 27
29 0 U 28
30 1 L 2
31 0 U 14
32 0 L 27
33 0 U 23
34 1 L 16
35 1 U 34
36 1 U 35
37 0 U 36
38 0 U 37
39 1 U 38
40 0 L 38
41 0 L 15
42 1 U 41
43 0 L 36
44 0 U 33
45 1 U 44
46 0 U 15
47 0 L 5
48 1 U -1
49 0 U 4
50 0 L 28
51 1 L 1
52 0 U 51
53 1 U 52
54 0 U 53
55 1 U 54
56 0 L 39
57 1 U 24
58 0 U 12
59 1 U 58
60 0 L 15
61 1 U 60
62 0 U 57
63 0 L 6
64 1 U -1
65 0 L 22
66 1 U 38
67 1 L 29
68 0 U 67
69 1 U 68
70 1 U 69
71 0 L 2
72 0 U -1
73 1 U 72
74 1 L 9
75 1 U 74
76
0 0 L -1
1 1 L -1
2 0 L 0
3 1 U 2
4 0 U 3
5 1 L 1
6 1 L 4
7 0 U 6
8 0 L -1
9 0 L 8
10 1 U 9
11 0 L 2
12 1 L 5
13 0 U 5
14 1 U 13
15 1 U -1
16 0 L 10
17 1 U 16
18 0 U 15
19 1 U 18
20 0 U 19
21 0 U 20
22 1 U 17
23 1 U 5
24 1 U 9
25 1 L 21
26 1 L 11
27 0 L 10
28 1 U 27
29 0 U 28
30 1 L 2
31 0 U 14
32 1 U 11
33 0 U 23
34 1 L 16
35 1 U 34
36 1 U 10
37 0 U 36
38 0 U 37
39 1 U 38
40 0 L 38
41 0 L 15
42 1 U 41
43 1 U 2
44 0 U 33
45 1 U 44
46 0 U 15
47 1 L 9
48 1 U -1
49 1 U 48
50 0 L 28
51 0 U 50
52 0 U 44
53 1 U 52
54 0 U 53
55 1 U 54
56 0 L 39
57 0 U 27
58 0 U 12
59 1 U 58
60 1 U 59
61 1 U 60
62 0 U 57
63 0 L 6
64 1 U -1
65 0 U 64
66 1 U 38
67 1 L 29
68 0 U 67
69 1 U 68
70 1 U 69
71 1 U 64
72 0 U 9
73 1 U 72
74 1 L 9
75 1 U 74
76
0 0 L -1
1 1 L -1
2 1 L -1
3 1 U 2
4 0 U 3
5 1 L 1
6 1 U 5
7 0 U 6
8 0 U 5
9 0 L 8
10 1 U 9
11 0 U 5
12 1 L 5
13 0 U 5
14 1 U 13
15 1 U 14
16 1 U 11
17 1 U 16
18 0 U 15
19 0 L 3
20 0 U 19
21 1 U 17
22 1 U 17
23 0 U 22
24 0 L 2
25 1 L 21
26 0 U 25
27 0 L 10
28 1 U 27
29 0 U 28
30 1 L 2
31 0 U 14
32 1 U 11
33 0 U 23
34 1 L 16
35 1 U 34
36 1 U 35
37 0 U 36
38 0 U 37
39 1 U 38
40 0 L 38
41 0 L 15
42 0 U 41
43 0 L 36
44 0 U 33
45 1 U 44
46 1 U 8
47 1 L 9
48 1 U 24
49 1 U 48
50 0 L 28
51 0 U 50
52 0 U 51
53 1 U 52
54 1 U 51
55 1 U 54
56 0 L 39
57 0 U 27
58 0 U 12
59 1 U 58
60 1 U 59
61 1 U 60
62 0 U 57
63 0 L 6
64 0 L 43
65 0 U 64
66 1 U 38
67 1 L 29
68 0 U 67
69 1 U 68
70 1 U 69
71 0 L 2
72 0 U -1
73 0 U 55
74 1 L 9
75 1 U 74
76
0 0 L -1
1 1 L -1
2 1 L -1
3 1 U 2
4 0 U 3
5 1 L 1
6 1 U 5
7 0 U 6
8 0 U 5
9 0 L 8
10 1 U 9
11 0 U 5
12 1 L 5
13 0 U 5
14 1 U 13
15 1 U 14
16 1 L 3
17 1 U 16
18 0 U 15
19 1 U 18
20 0 U 19
21 1 L 12
22 1 U 17
23 0 U 22
24 1 U 9
25 1 U 23
26 0 U 25
27 1 L 13
28 1 U 27
29 0 U 28
30 1 L 2
31 0 U 14
32 0 L 17
33 0 U 23
34 1 L 16
35 1 U 34
36 1 U 35
37 0 U 36
38 0 U 37
39 1 U 38
40 0 L 38
41 0 L 15
42 1 U 41
43 0 L 36
44 0 U 33
45 1 U 44
46 0 U 15
47 1 L 9
48 0 U 29
49 1 U 48
50 0 L 28
51 0 U 50
52 0 U 51
53 1 U 52
54 0 U 53
55 1 U 54
56 0 L 39
57 0 U 27
58 0 U 12
59 1 U 58
60 1 U 59
61 1 U 60
62 0 U 57
63 0 L 6
64 0 U 38
65 0 U 64
66 1 U 38
67 0 U 9
68 0 U 67
69 1 U 68
70 1 U 69
71 0 L 2
72 0 U -1
73 1 U 72
74 1 L 9
75 1 U 74
76
0 0 L -1
1 1 L -1
2 1 L -1
3 1 U 2
4 0 U 3
5 1 U 4
6 0 U 3
7 0 U 6
8 0 U 5
9 1 U 8
10 1 U 9
11 0 U 10
12 1 L 5
13 0 U 5
14 1 U 13
15 1 U 14
16 1 U 11
17 1 U 16
18 0 U 15
19 1 U 18
20 0 U 19
21 0 U 20
22 1 U 17
23 0 U 22
24 1 U 9
25 1 L 21
26 0 U 23
27 0 L 10
28 0 U 3
29 0 U 28
30 1 L 2
31 0 U 14
32 1 U 11
33 0 U 23
34 1 L 16
35 1 U 34
36 1 U 35
37 0 U 36
38 0 U 20
39 1 U 38
40 0 L 38
41 0 L 15
42 1 U 41
43 0 L 36
44 0 U 33
45 1 U 44
46 0 U 15
47 1 L 9
48 1 U -1
49 1 U 48
50 0 L 28
51 0 U 50
52 0 U 51
53 1 U 52
54 0 U 53
55 1 U 54
56 0 L 39
57 0 U 27
58 0 L 29
59 1 U 58
60 1 U 59
61 1 U 60
62 0 U 17
63 0 L 6
64 1 U -1
65 0 U 64
66 1 U 38
67 1 L 19
68 0 U 67
69 1 U 68
70 1 U 69
71 0 L 2
72 0 U -1
73 1 U 72
74 1 L 9
75 1 L 52
