45
0 1 U -1
1 0 U 0
2 1 U 1
3 1 U 2
4 0 U 3
5 0 U 4
6 0 U -1
7 0 U 6
8 1 U 7
9 1 U 8
10 0 U 9
11 0 U 10
12 0 U -1
13 0 U 12
14 0 U 13
15 1 U 14
16 1 U 15
17 1 U 16
18 0 U -1
19 1 U 18
20 1 U 19
21 1 U 20
22 0 U 21
23 1 U 22
24 0 U -1
25 1 U 24
26 1 U 25
27 1 U 26
28 1 U 27
29 1 U 28
30 1 U -1
31 0 U 30
32 1 U 31
33 0 U 32
34 0 U 33
35 0 U 34
36 0 U -1
37 1 U 36
38 1 U 37
39 0 U 38
40 0 U 39
41 1 U 40
42 1 U -1
43 1 U 42
44 1 U 43
45
0 0 U -1
1 0 U 0
2 1 U 1
3 1 U 2
4 0 U 3
5 0 U 4
6 0 U -1
7 0 U 6
8 1 U 7
9 1 U 8
10 0 L 6
11 0 U 5
12 1 L 2
13 0 U 12
14 0 U 4
15 1 U 14
16 1 U 15
17 1 U 16
18 0 U -1
19 1 U 18
20 1 U 19
21 1 U 20
22 0 U 21
23 1 U 22
24 0 U -1
25 1 U 24
26 1 U 25
27 1 U 26
28 1 U 27
29 1 U 28
30 1 U -1
31 0 U 30
32 1 U 31
33 0 U 32
34 0 U 33
35 0 U 34
36 1 U 24
37 1 U 36
38 1 U 37
39 0 U 38
40 0 U 39
41 1 U 40
42 1 U -1
43 1 U 42
44 1 U 43
45
0 0 U -1
1 0 U 0
2 1 U 1
3 1 U 2
4 1 L 0
5 0 U 4
6 1 U 0
7 0 U 6
8 1 U 7
9 0 L -1
10 0 L 6
11 0 U 5
12 1 L 2
13 0 U 12
14 1 L 0
15 1 U 14
16 1 U 15
17 1 U 16
18 0 U -1
19 1 U 18
20 1 U 19
21 1 U 20
22 0 U 21
23 1 U 22
24 0 U -1
25 1 U 24
26 1 U 25
27 1 U 26
28 1 U 27
29 1 U 28
30 1 U -1
31 0 U 30
32 1 U 31
33 0 U 32
34 0 U 33
35 0 U 34
36 1 U 24
37 1 U 36
38 1 U 37
39 0 L 28
40 0 U 39
41 1 U 40
42 1 U -1
43 1 U 42
44 1 U 43
45
0 0 U -1
1 0 U 0
2 1 U 1
3 1 U 2
4 1 L 0
5 0 U 4
6 1 U 0
7 0 U 6
8 1 U 7
9 0 L -1
10 0 L 6
11 0 U 5
12 1 L 2
13 0 U 12
14 1 L 0
15 1 U 14
16 0 L 8
17 1 U 16
18 0 U -1
19 1 U 18
20 1 U 19
21 1 U 20
22 0 U 21
23 1 U 22
24 0 U -1
25 1 U 24
26 0 U -1
27 1 U 26
28 1 U 27
29 1 U 28
30 1 U -1
31 0 U 30
32 0 L 18
33 0 U 32
34 0 U 33
35 0 U 34
36 1 U 24
37 1 U 36
38 1 U 37
39 0 L 28
40 0 U 39
41 1 U 40
42 1 U -1
43 0 U 10
44 1 U 43
45
0 0 U -1
1 0 U 0
2 1 U 1
3 1 U 2
4 1 L 0
5 1 L 0
6 1 U 0
7 0 U 6
8 0 U -1
9 0 L -1
10 0 L 6
11 0 U 5
12 1 L 2
13 0 U 12
14 1 L 0
15 1 U 2
16 0 L 8
17 1 U 16
18 0 U -1
19 1 U 18
20 1 U 19
21 1 U 20
22 0 U 21
23 1 U 22
24 0 U -1
25 1 U 24
26 0 U -1
27 1 U 26
28 0 L 27
29 1 U 28
30 1 U -1
31 0 U 30
32 0 L 18
33 0 U 32
34 0 U 33
35 0 U 34
36 1 L 2
37 1 U 36
38 1 U 37
39 0 L 28
40 0 U 39
41 1 U 40
42 1 L 22
43 0 U 10
44 1 U 43
45
0 0 U -1
1 0 U 0
2 1 U 1
3 1 U 2
4 1 L 0
5 0 U 4
6 1 U 0
7 1 U 4
8 1 U 7
9 0 L -1
10 0 L 6
11 0 U 5
12 1 L 2
13 0 U 12
14 1 L 0
15 1 U 14
16 0 L 8
17 1 U 16
18 0 U -1
19 1 U 18
20 1 U 19
21 1 U 20
22 0 U 21
23 1 U 22
24 0 U -1
25 1 U 24
26 0 U -1
27 1 L 21
28 1 U 27
29 1 U 28
30 1 U 7
31 0 U 30
32 0 L 18
33 0 U 32
34 0 U 33
35 0 U 34
36 1 U 24
37 1 U 36
38 1 U 37
39 0 L 28
40 0 U 39
41 1 U 40
42 1 U -1
43 0 U 10
44 1 U 43
45
0 0 U -1
1 0 U 0
2 1 L 1
3 0 U 1
4 1 L 0
5 0 U 4
6 1 U 0
7 0 U 6
8 1 U 7
9 0 L -1
10 0 L 6
11 1 L 1
12 1 L 2
13 0 U 12
14 1 L 0
15 1 U 14
16 0 L 8
17 1 U 16
18 0 U -1
19 1 U 18
20 1 U 19
21 1 U 20
22 0 U 21
23 0 L 13
24 0 U -1
25 1 U 24
26 0 U -1
27 1 U 26
28 1 U 27
29 1 U 28
30 1 U -1
31 0 U 30
32 0 L 18
33 0 U 32
34 0 U 33
35 0 U 34
36 1 U 24
37 1 U 36
38 1 U 37
39 0 L 28
40 0 U 39
41 1 U 40
42 1 U -1
43 0 U 10
44 1 U 43
45
0 0 U -1
1 0 U 0
2 1 U 1
3 1 U 2
4 1 L 0
5 0 U 4
6 1 U 0
7 0 U 6
8 1 U 7
9 0 L -1
10 0 L 6
11 0 U 5
12 1 L 2
13 0 L -1
14 1 L 0
15 1 U 14
16 0 L 8
17 1 U 16
18 0 L 15
19 1 U 18
20 1 U 19
21 1 U 20
22 0 U 21
23 0 L 1
24 0 U -1
25 1 U 24
26 0 U 20
27 1 U 26
28 1 U 27
29 1 U 28
30 1 U -1
31 0 U 30
32 0 L 18
33 0 U 32
34 0 U 13
35 0 U 34
36 1 U 24
37 1 U 36
38 0 U 21
39 0 L 28
40 0 U 39
41 1 U 40
42 1 U -1
43 0 U 10
44 1 U 43
45
0 0 U -1
1 0 U 0
2 1 U 1
3 1 U 2
4 1 L 0
5 0 U 4
6 1 U 0
7 0 U 6
8 1 U 7
9 0 L -1
10 0 L 6
11 0 U 5
12 1 L 2
13 0 U 12
14 1 L 0
15 1 U 14
16 0 L 8
17 1 U 16
18 0 U -1
19 0 L 4
20 0 L 0
21 1 U 20
22 0 U 21
23 1 U 22
24 0 U -1
25 1 U 24
26 0 U -1
27 1 U 26
28 1 U 27
29 1 U 28
30 1 U -1
31 0 U 30
32 0 L 18
33 0 U 32
34 0 U 33
35 0 U 34
36 1 U 24
37 1 U 36
38 1 U 37
39 0 L 28
40 0 U 39
41 1 U 40
42 1 U -1
43 0 U 10
44 1 U 43
45
0 0 L -1
1 0 U 0
2 1 U 1
3 1 U 2
4 1 L 0
5 0 U 4
6 1 U 0
7 0 U 6
8 1 U 7
9 0 L -1
10 0 L 6
11 1 L 10
12 1 L 2
13 0 U 12
14 1 L 0
15 1 U 14
16 0 L 8
17 1 U 16
18 0 U 2
19 1 U 18
20 1 U 19
21 1 U 20
22 0 L 2
23 0 L 0
24 1 L 5
25 1 U 24
26 0 U -1
27 1 U 26
28 1 L 18
29 1 U 28
30 1 U -1
31 0 U 30
32 0 L 18
33 0 U 32
34 0 U 33
35 0 U 34
36 1 U 24
37 1 U 36
38 1 U 37
39 0 L 28
40 1 L 29
41 1 U 40
42 1 U -1
43 0 U 10
44 1 U 43
45
0 0 U -1
1 0 U 0
2 1 U 1
3 1 U 2
4 1 L 0
5 0 U 4
6 1 U 0
7 0 U 6
8 1 U 7
9 0 L -1
10 0 L 6
11 0 U 5
12 1 L 2
13 0 U 12
14 1 L 0
15 0 U 7
16 1 U 14
17 1 U 16
18 0 U -1
19 1 U 18
20 1 U 19
21 1 U 20
22 0 U 21
23 1 U 22
24 0 U -1
25 1 U 24
26 0 U -1
27 1 U 26
28 1 U 27
29 1 U 28
30 1 U -1
31 0 U 30
32 0 L 30
33 0 U 32
34 0 U 33
35 1 U 31
36 1 U 24
37 1 U 36
38 1 U 37
39 0 L 28
40 0 U 39
41 1 U 40
42 0 L 3
43 0 U 10
44 1 U 43
45
0 0 U -1
1 0 U 0
2 1 U 1
3 1 U 2
4 1 L 0
5 1 U 0
6 1 U 0
7 0 U 6
8 1 U 7
9 0 L -1
10 0 L 6
11 0 U 5
12 1 L 2
13 0 U 12
14 1 L 0
15 0 L 4
16 0 L 8
17 1 U 16
18 0 U -1
19 1 U 7
20 1 U 19
21 1 U 20
22 0 U 21
23 1 U 22
24 0 U -1
25 1 U 24
26 0 U -1
27 1 U 26
28 1 U 27
29 1 U 28
30 1 U -1
31 0 U 30
32 0 L 18
33 0 U 32
34 0 U 33
35 0 U 34
36 1 U 24
37 1 U 36
38 1 U 37
39 0 L 28
40 0 U 39
41 1 U 40
42 1 U -1
43 0 U 10
44 1 L 30
45
0 0 U -1
1 0 U 0
2 1 U 1
3 1 U 2
4 1 L 0
5 0 U 4
6 1 U 0
7 0 U 6
8 1 U 7
9 0 L -1
10 0 L 6
11 0 U 5
12 1 L 2
13 0 U 12
14 1 L 0
15 1 L 9
16 0 L 14
17 1 U 16
18 1 U 16
19 1 U 18
20 1 U 19
21 1 U 20
22 0 U 21
23 1 U 22
24 0 U -1
25 1 U 24
26 0 U -1
27 1 U 26
28 1 U 27
29 1 U 28
30 1 U -1
31 0 U 30
32 0 L 18
33 0 U 32
34 0 U 33
35 0 U 34
36 1 U 24
37 1 U 36
38 1 U 37
39 0 L 28
40 0 U 39
41 1 U 40
42 1 U -1
43 0 U 10
44 1 U 43
45
0 0 U -1
1 0 U 0
2 1 U 1
3 1 U 2
4 1 L 0
5 0 U 4
6 1 U 0
7 0 U 6
8 1 U 7
9 0 L -1
10 0 L 6
11 0 U 5
12 1 L 2
13 0 U 12
14 1 L 0
15 1 U 14
16 0 L 8
17 1 U 16
18 0 U -1
19 1 U 18
20 1 U 19
21 1 U 20
22 0 L 19
23 1 U 22
24 0 U -1
25 1 U 24
26 0 U -1
27 1 U 26
28 1 U 27
29 1 U 28
30 1 U -1
31 0 U 3
32 0 L 18
33 0 U 32
34 0 U 33
35 0 U 34
36 1 U 20
37 1 U 36
38 1 U 37
39 0 L 28
40 1 U 22
41 1 U 40
42 1 U -1
43 0 U 10
44 1 U 43
45
0 1 U -1
1 0 U 0
2 1 U 1
3 1 U 2
4 1 L 0
5 0 U 4
6 1 U 0
7 0 U 6
8 1 U 7
9 1 L 7
10 0 L 6
11 0 U 5
12 1 L 2
13 0 U 12
14 1 L 0
15 1 U 14
16 0 L 8
17 1 U 16
18 1 L 13
19 1 U 18
20 1 U 19
21 0 L 15
22 0 U 21
23 1 U 22
24 1 L 5
25 1 U 24
26 0 U -1
27 1 U 26
28 1 U 27
29 0 U 19
30 1 U -1
31 0 L 24
32 0 L 18
33 0 U 32
34 0 U 33
35 0 U 34
36 1 U 24
37 1 U 36
38 1 U 37
39 0 L 28
40 0 U 35
41 1 U 40
42 1 U 41
43 0 U 10
44 1 U 43
45
0 1 L -1
1 0 U 0
2 0 U 0
3 1 U 2
4 1 L 0
5 0 U 4
6 1 U 0
7 0 U 0
8 1 U 7
9 0 L -1
10 0 L 6
11 0 U 5
12 1 L 2
13 0 U 12
14 1 L 0
15 1 U 5
16 1 U 0
17 1 U 16
18 0 U -1
19 1 U 18
20 1 U 19
21 1 U 20
22 0 U 21
23 1 U 7
24 0 U -1
25 1 U 24
26 0 U -1
27 1 U 26
28 1 U 27
29 1 U 28
30 1 U -1
31 0 U 30
32 0 L 18
33 0 U 32
34 0 U 33
35 0 U 34
36 1 U 22
37 1 U 36
38 1 U 37
39 0 L 28
40 0 U 39
41 1 U 40
42 1 U -1
43 0 U 10
44 1 U 43
45
0 0 U -1
1 0 U 0
2 1 U 1
3 1 U 2
4 1 L 0
5 0 U 4
6 1 U 4
7 0 U 6
8 1 U 7
9 0 L -1
10 0 L 6
11 0 U 5
12 1 L 10
13 0 U 12
14 1 L 0
15 1 U 14
16 0 L 8
17 1 U 16
18 0 U -1
19 1 U 18
20 1 U 19
21 1 U 20
22 0 U 21
23 1 U 22
24 0 U -1
25 1 U 24
26 0 U -1
27 1 U 26
28 1 U 27
29 1 U 28
30 1 U -1
31 0 U 30
32 1 U 3
33 0 U 32
34 0 U 33
35 0 U 34
36 1 U 24
37 1 U 36
38 1 L 6
39 0 L 28
40 0 U 39
41 1 U 40
42 1 U -1
43 0 U 10
44 1 U 43
45
0 0 U -1
1 1 U 0
2 1 U 1
3 1 U 2
4 1 L 0
5 0 U 4
6 1 U 4
7 0 U 6
8 1 U 7
9 0 L -1
10 0 L 6
11 0 U 5
12 1 L 10
13 0 U 12
14 1 L 0
15 1 U 14
16 0 L 8
17 1 U 16
18 0 U -1
19 1 U 18
20 1 U 19
21 1 U 20
22 0 U 21
23 1 U 22
24 0 U -1
25 1 U 24
26 0 U -1
27 1 U 26
28 1 U 27
29 1 U 28
30 1 U -1
31 0 U 30
32 1 U 3
33 0 U 32
34 0 U 33
35 0 U 4
36 1 U 24
37 1 U 36
38 1 L 6
39 0 L 28
40 0 U 39
41 1 U 40
42 1 U -1
43 0 L 20
44 1 U 43
45
0 0 U -1
1 0 U 0
2 1 U 1
3 1 U 2
4 1 L 0
5 0 U 4
6 1 U 4
7 0 U 3
8 1 U 7
9 0 L -1
10 0 L 6
11 0 U 5
12 1 L 10
13 0 U 7
14 0 L 8
15 1 U 14
16 0 L 8
17 1 U 16
18 0 U -1
19 1 U 18
20 1 L 19
21 1 U 20
22 0 U 21
23 1 U 22
24 0 U -1
25 1 U 24
26 0 U -1
27 0 U 17
28 1 U 27
29 1 U 28
30 1 U -1
31 0 U 30
32 1 U 3
33 0 U 32
34 0 U 33
35 0 U 34
36 1 U 24
37 1 U 36
38 1 L 6
39 0 L 28
40 0 U 39
41 1 U 40
42 1 U -1
43 0 U 10
44 0 L 26
45
0 0 U -1
1 0 U 0
2 1 U 1
3 1 U 2
4 1 L 3
5 0 U 2
6 1 U 4
7 0 U 6
8 1 U 7
9 0 L -1
10 0 L 6
11 0 U 5
12 1 L 10
13 0 U 12
14 1 L 0
15 1 U 14
16 0 L 8
17 1 L 4
18 0 U -1
19 1 U 18
20 1 U 19
21 1 U 20
22 0 U 21
23 1 U 22
24 0 U -1
25 1 U 24
26 0 U -1
27 1 U 26
28 1 U 27
29 1 U 28
30 0 L 29
31 0 U 30
32 1 U 3
33 0 U 32
34 0 L 4
35 0 U 34
36 1 U 24
37 1 U 36
38 1 L 6
39 0 L 28
40 0 U 39
41 1 U 40
42 1 U -1
43 0 U 10
44 1 U 43
45
0 0 U -1
1 0 U 0
2 1 U 1
3 1 U 2
4 1 L 3
5 0 U 2
6 1 U 4
7 0 U 6
8 1 U 7
9 0 L -1
10 0 L 6
11 0 L 5
12 1 L 10
13 0 U 12
14 1 L 0
15 1 U 14
16 0 L 8
17 1 L 4
18 0 U -1
19 1 U 18
20 1 U 19
21 1 U 20
22 0 U 21
23 1 U 22
24 0 U -1
25 1 U 24
26 0 U -1
27 1 U 26
28 0 L 7
29 1 U 28
30 0 L 29
31 0 U 30
32 1 U 12
33 0 U 32
34 0 L 4
35 0 U 34
36 1 U 24
37 1 U 36
38 1 L 6
39 0 L 7
40 0 U 39
41 1 U 40
42 1 U -1
43 0 U 10
44 1 U 43
45
0 0 U -1
1 1 L 0
2 1 U 1
3 1 U 2
4 0 L 0
5 0 U 2
6 1 U 4
7 0 U 6
8 1 U 7
9 1 L 6
10 0 L 6
11 0 U 5
12 1 L 10
13 0 U 12
14 1 L 0
15 1 U 14
16 0 L 8
17 1 L 4
18 0 U -1
19 1 U 18
20 1 U 19
21 1 U 20
22 0 U 21
23 0 U 8
24 0 U -1
25 1 U 24
26 0 U -1
27 1 U 26
28 1 U 27
29 1 U 28
30 0 L 29
31 0 U 30
32 1 U 3
33 0 U 32
34 0 L 4
35 0 U 34
36 1 L 26
37 1 U 36
38 1 L 6
39 0 L 28
40 0 U 39
41 1 U 13
42 1 U -1
43 0 U 10
44 1 U 43
45
0 0 U -1
1 0 U 0
2 1 U 1
3 1 U 2
4 1 L 3
5 0 U 2
6 1 U 4
7 0 U 6
8 1 U 7
9 0 L -1
10 0 L 6
11 0 U 5
12 1 L 10
13 0 L 7
14 1 L 0
15 0 L 4
16 0 L 8
17 1 L 4
18 0 U -1
19 1 U 18
20 1 U 19
21 0 U 12
22 0 U 21
23 1 U 22
24 0 U -1
25 1 U 24
26 0 U -1
27 1 U 26
28 1 U 27
29 1 U 28
30 0 L 29
31 0 U 30
32 1 U 3
33 0 U 32
34 0 L 4
35 0 L 13
36 0 L 7
37 1 U 36
38 1 L 6
39 0 L 28
40 0 U 39
41 1 U 40
42 1 U -1
43 0 U 10
44 1 U 43
45
0 1 U -1
1 0 U 0
2 1 U 1
3 1 U 2
4 1 L 3
5 0 U 2
6 1 U 4
7 0 U 6
8 1 U 7
9 0 L -1
10 0 L 6
11 0 U 5
12 1 L 10
13 0 U 12
14 1 L 0
15 1 L 14
16 0 L 8
17 1 L 4
18 0 U -1
19 1 U 18
20 1 U 19
21 1 U 20
22 0 U 21
23 0 L 17
24 0 U -1
25 1 U 12
26 0 U 13
27 1 U 26
28 1 U 27
29 1 U 28
30 0 L 29
31 0 U 30
32 1 U 3
33 0 U 32
34 0 L 4
35 0 U 34
36 1 U 24
37 1 U 36
38 1 L 6
39 0 L 28
40 0 U 17
41 1 U 40
42 1 U -1
43 0 U 10
44 1 U 43
45
0 0 U -1
1 0 U 0
2 1 U 1
3 1 U 2
4 1 L 3
5 0 U 2
6 1 U 4
7 0 U 6
8 1 U 7
9 0 L -1
10 0 L 6
11 0 U 5
12 1 L 10
13 0 U 12
14 1 L 0
15 1 U 14
16 0 L 8
17 1 L 4
18 0 U -1
19 1 L 1
20 1 U 19
21 1 U 20
22 0 U 21
23 1 U 22
24 0 U -1
25 1 U 24
26 0 U -1
27 1 U 26
28 1 U 27
29 1 U 28
30 1 L 1
31 1 L 14
32 1 U 3
33 0 U 32
34 0 L 4
35 0 U 7
36 1 U 24
37 1 U 36
38 1 L 6
39 0 L 28
40 0 U 39
41 1 U 40
42 1 U -1
43 1 L 16
44 1 U 43
45
0 0 U -1
1 0 U 0
2 1 U 1
3 1 U 2
4 1 L 3
5 0 U 2
6 1 U 4
7 0 U 6
8 1 U 7
9 0 L -1
10 0 L 6
11 0 U 5
12 1 L 10
13 0 U 12
14 1 L 0
15 1 U 14
16 0 L 8
17 1 L 4
18 0 U -1
19 1 U 18
20 0 L 12
21 1 U 20
22 0 U 0
23 1 U 22
24 0 U -1
25 0 U 15
26 0 U -1
27 1 U 26
28 1 U 27
29 1 U 28
30 0 L 29
31 0 U 30
32 1 U 3
33 0 U 32
34 0 L 4
35 0 U 34
36 1 U 24
37 1 U 36
38 1 L 26
39 0 L 28
40 0 U 39
41 1 U 40
42 1 U -1
43 0 U 42
44 1 U 43
45
0 0 U -1
1 0 U 0
2 1 U 1
3 1 U 2
4 1 L 3
5 0 U 2
6 1 L 3
7 0 U 6
8 1 U 7
9 0 L -1
10 0 L 6
11 0 U 5
12 1 L 10
13 0 L 5
14 1 L 0
15 1 U 14
16 0 L 8
17 1 L 4
18 0 U -1
19 1 U 18
20 1 U 19
21 1 U 20
22 0 U 21
23 1 L 4
24 0 U -1
25 1 U 24
26 0 U -1
27 1 U 26
28 1 U 27
29 1 U 28
30 0 L 29
31 0 U 30
32 1 U 3
33 0 U 32
34 0 L 4
35 0 U 34
36 1 U 24
37 1 U 36
38 1 L 6
39 0 L 28
40 1 U 34
41 1 U 40
42 1 U -1
43 0 U 10
44 1 U 43
45
0 0 U -1
1 0 U 0
2 1 U 1
3 1 U 2
4 1 L 3
5 0 U 2
6 1 U 4
7 0 U 6
8 1 U 7
9 0 L -1
10 0 L 6
11 0 U 5
12 1 L 10
13 0 U 12
14 1 L 0
15 1 L 6
16 0 L 8
17 1 L 4
18 0 U -1
19 1 U 18
20 1 U 19
21 1 U 20
22 0 U 21
23 1 U 22
24 0 U -1
25 1 U 24
26 1 L 2
27 1 U 26
28 1 U 27
29 1 U 28
30 0 L 29
31 0 U 30
32 1 U 3
33 0 U 32
34 0 L 4
35 0 U 34
36 1 U 24
37 1 U 36
38 1 L 6
39 0 L 28
40 0 U 39
41 1 U 40
42 1 U -1
43 0 U 10
44 0 U 7
45
0 0 U -1
1 0 U 0
2 1 U 1
3 1 U 2
4 1 L 3
5 0 U 2
6 1 U 4
7 0 U 0
8 1 U 7
9 0 L 6
10 0 L 6
11 0 U 5
12 1 L 10
13 0 U 12
14 1 L 0
15 1 U 14
16 0 L 8
17 1 L 4
18 0 U -1
19 1 U 18
20 1 U 19
21 1 U 20
22 0 U 21
23 1 U 22
24 0 U -1
25 1 U 24
26 0 U -1
27 1 U 26
28 1 U 27
29 1 U 28
30 0 L 21
31 0 U 30
32 1 U 3
33 0 U 32
34 1 L 30
35 0 U 34
36 1 U 24
37 1 U 36
38 1 L 6
39 0 L 28
40 0 U 39
41 1 U 40
42 1 U -1
43 0 U 10
44 1 U 43
45
0 0 U -1
1 0 U 0
2 1 U 1
3 1 U 2
4 1 L 3
5 0 U 2
6 0 L -1
7 0 U 6
8 1 U 7
9 0 L -1
10 0 L 6
11 0 U 5
12 0 L 6
13 0 L -1
14 1 L 0
15 1 U 14
16 0 L 8
17 1 L 4
18 0 U -1
19 1 U 18
20 1 U 19
21 1 U 20
22 0 U 21
23 1 U 22
24 0 U -1
25 1 U 24
26 1 L 1
27 1 U 26
28 1 U 27
29 1 U 28
30 0 L 29
31 0 U 20
32 1 U 3
33 0 U 32
34 0 L 4
35 0 U 34
36 1 U 24
37 1 U 36
38 1 L 6
39 0 L 28
40 0 U 39
41 1 U 40
42 1 U -1
43 0 U 10
44 1 U 43
45
0 0 U -1
1 0 U 0
2 1 U 1
3 1 U 2
4 1 L 3
5 0 U 2
6 1 U 4
7 0 U 6
8 1 U 7
9 0 L -1
10 0 L 6
11 0 U 5
12 0 L 1
13 0 U 12
14 1 L 0
15 1 U 14
16 0 L 8
17 1 L 4
18 0 U -1
19 1 U 18
20 1 L 4
21 1 U 20
22 0 U 21
23 1 U 22
24 0 U -1
25 1 U 24
26 0 U -1
27 1 U 26
28 1 U 27
29 1 U 28
30 0 L 29
31 0 U 30
32 1 U 24
33 0 U 32
34 0 L 4
35 0 U 34
36 1 U 24
37 1 U 36
38 1 L 6
39 1 U 4
40 0 U 39
41 1 U 40
42 1 U -1
43 0 U 10
44 1 U 43
45
0 0 U -1
1 0 U 0
2 1 U 1
3 1 U 2
4 1 L 3
5 0 U 2
6 1 U 4
7 0 U 6
8 1 U 7
9 0 L -1
10 0 L 6
11 0 U 5
12 1 L 10
13 0 U 12
14 1 L 0
15 1 U 14
16 0 U -1
17 1 L 4
18 0 U -1
19 1 U 18
20 1 U 19
21 1 U 20
22 0 U 21
23 1 U 22
24 0 U -1
25 1 U 24
26 0 L 3
27 1 U 26
28 1 U 27
29 1 U 28
30 0 L 29
31 0 U 30
32 1 U 3
33 0 U 32
34 0 L 4
35 0 U 34
36 1 U 24
37 1 U 36
38 1 L 6
39 0 L 28
40 0 U 39
41 1 U 40
42 1 U -1
43 0 U 10
44 0 U 40
45
0 0 U -1
1 0 U 0
2 0 L 1
3 1 U 2
4 1 L 3
5 0 U 2
6 1 U 4
7 0 U 6
8 1 U 7
9 0 L -1
10 0 L 6
11 0 U 5
12 1 L 10
13 0 U 12
14 1 L 0
15 1 U 14
16 0 L 8
17 1 L 4
18 0 U -1
19 1 L 14
20 1 U 19
21 1 U 20
22 0 U 21
23 1 U 22
24 0 U -1
25 1 U 24
26 0 U -1
27 1 U 26
28 1 U 27
29 1 U 28
30 0 L 29
31 0 U 30
32 1 U 3
33 1 U 26
34 0 L 4
35 0 L 34
36 1 U 24
37 1 U 36
38 1 L 6
39 0 L 23
40 0 U 39
41 1 U 40
42 1 U -1
43 0 U 10
44 1 U 43
45
0 0 U -1
1 0 U 0
2 1 U 1
3 1 U 2
4 1 L 3
5 0 U 2
6 1 U 4
7 0 U -1
8 1 U 7
9 0 L -1
10 0 L 6
11 1 L 6
12 1 L 10
13 0 U 12
14 1 L 0
15 1 U 14
16 0 L 8
17 1 L 4
18 0 U -1
19 1 U 18
20 0 L 1
21 1 U 20
22 0 U 21
23 1 U 22
24 0 U -1
25 1 U 24
26 0 U -1
27 0 L 10
28 1 L 7
29 1 U 28
30 0 L 4
31 0 U 30
32 1 U 3
33 0 U 32
34 0 L 4
35 0 U 34
36 1 U 24
37 1 U 36
38 1 L 6
39 0 L 28
40 0 U 39
41 1 U 40
42 1 U -1
43 0 U 10
44 1 U 43
45
0 0 U -1
1 0 U 0
2 1 U 1
3 1 U 2
4 1 L 3
5 0 U 2
6 1 U 4
7 0 U 6
8 1 U 7
9 0 L -1
10 0 L 6
11 0 U 5
12 1 L 10
13 0 U 12
14 1 L 0
15 1 U 14
16 0 L 8
17 1 L 4
18 0 U -1
19 1 U 18
20 1 L 9
21 1 U 20
22 0 U 21
23 1 U 22
24 0 U -1
25 1 U 24
26 0 U -1
27 1 U 26
28 1 U 27
29 1 U 28
30 0 L 29
31 0 U 30
32 1 U 3
33 0 U 32
34 0 L 4
35 0 U 34
36 1 U 24
37 1 U 36
38 1 L 6
39 0 L 28
40 0 U 39
41 1 U 40
42 1 U -1
43 0 U 10
44 1 U 18
45
0 0 U -1
1 0 U 0
2 1 U 1
3 1 L -1
4 1 L 3
5 0 U 2
6 1 U 4
7 0 U 6
8 1 U 7
9 0 L -1
10 0 L 6
11 1 L 4
12 0 U 6
13 0 U 12
14 1 L 0
15 1 U 14
16 0 L 8
17 1 L 4
18 0 U -1
19 1 U 18
20 1 U 19
21 1 U 20
22 0 U 21
23 1 U 22
24 0 U 4
25 1 U 24
26 0 U -1
27 1 U 26
28 1 U 27
29 1 U 28
30 0 L 29
31 1 L 14
32 1 U 9
33 0 U 32
34 0 U 18
35 0 U 34
36 0 L 11
37 1 U 36
38 1 L 6
39 0 L 28
40 0 L 2
41 1 U 40
42 1 U -1
43 0 U 10
44 0 L 15
45
0 0 U -1
1 0 U 0
2 1 U 1
3 1 U 2
4 1 L 3
5 0 U 2
6 1 U 4
7 0 U 6
8 1 U 7
9 0 L -1
10 0 L 6
11 0 U 5
12 1 L 10
13 0 U 12
14 1 L 0
15 1 U 14
16 0 L 8
17 1 L 4
18 0 U -1
19 1 U 18
20 1 U 19
21 1 U 20
22 0 U 21
23 1 U 22
24 0 U -1
25 1 U 24
26 0 U -1
27 1 U 26
28 1 U 27
29 1 U 28
30 0 L 29
31 0 U 30
32 1 U 3
33 0 U 32
34 0 L 4
35 0 U 34
36 1 U 24
37 1 U 36
38 1 L 6
39 0 L 28
40 0 U 39
41 1 U 13
42 1 U -1
43 0 U 10
44 1 U -1
45
0 1 U -1
1 0 U 0
2 1 U 1
3 1 U 2
4 1 L 3
5 0 U 2
6 1 U 4
7 1 L 2
8 0 L 3
9 0 L -1
10 0 L 6
11 0 L 3
12 1 L 10
13 0 U 12
14 1 L 0
15 1 U 14
16 0 L 8
17 1 L 4
18 0 U -1
19 1 U 18
20 1 U 19
21 1 L 14
22 0 U 21
23 1 U 22
24 0 U -1
25 1 U 24
26 0 U -1
27 1 U 26
28 1 U 27
29 1 U 28
30 0 L 29
31 0 U 30
32 1 U 3
33 0 U 32
34 0 L 4
35 0 U 34
36 1 U 24
37 1 U 36
38 1 L 6
39 0 L 28
40 0 U 39
41 1 U 40
42 1 U -1
43 0 U 10
44 1 U 43
45
0 0 U -1
1 0 U 0
2 1 U 1
3 1 U 2
4 1 L 3
5 0 U 2
6 1 U 4
7 0 U 6
8 1 U 7
9 0 L -1
10 0 L 6
11 0 U 5
12 1 L 0
13 0 U 12
14 1 L 0
15 1 U 14
16 0 L 8
17 1 L 4
18 0 U -1
19 1 U 18
20 1 U 19
21 1 U 20
22 0 U 21
23 1 U 22
24 0 U -1
25 1 U 24
26 0 U -1
27 1 U 26
28 1 U 27
29 1 U 28
30 0 L 29
31 0 U 30
32 1 U 3
33 0 U 32
34 0 L 4
35 0 U 34
36 1 U 24
37 1 U 36
38 1 L 6
39 0 L 15
40 0 U 39
41 1 U 40
42 1 U -1
43 0 U 10
44 1 U 43
45
0 0 U -1
1 0 U 0
2 1 U 1
3 1 U 2
4 1 L 3
5 0 U 2
6 1 U 4
7 1 L 0
8 1 U 7
9 0 L -1
10 0 L 6
11 0 U 5
12 1 L 10
13 0 U 12
14 1 L 0
15 1 U 14
16 0 L 8
17 1 L 4
18 0 U -1
19 0 L 0
20 1 U 19
21 1 U 20
22 0 U 21
23 1 U 22
24 0 L 0
25 1 U 24
26 0 U -1
27 1 U 26
28 0 L 26
29 1 U 28
30 0 L 29
31 1 U 12
32 1 U 3
33 0 U 32
34 0 L 4
35 0 U 34
36 1 U 24
37 1 U 36
38 1 L 6
39 0 L 28
40 0 U 39
41 1 U 40
42 1 U -1
43 0 U 10
44 1 U 43
45
0 0 U -1
1 0 U 0
2 1 U 1
3 1 U 2
4 0 U 3
5 0 U 2
6 1 U 4
7 0 U 6
8 1 U 7
9 0 L -1
10 0 L 6
11 0 U 5
12 1 L 10
13 0 L 4
14 1 L 0
15 1 U 14
16 0 L 8
17 1 L 4
18 0 U -1
19 1 U 18
20 1 U 19
21 1 U 20
22 0 U 21
23 1 U 22
24 0 U -1
25 0 L 15
26 0 U -1
27 1 U 26
28 1 U 27
29 1 U 28
30 0 L 29
31 0 U 30
32 1 U 3
33 0 U 32
34 0 L 4
35 0 U 34
36 1 U 24
37 1 U 36
38 1 L 6
39 0 L 28
40 0 U -1
41 1 U 40
42 1 U -1
43 0 U 10
44 1 U 43
45
0 0 U -1
1 0 U 0
2 1 U 1
3 1 U 2
4 1 L 3
5 0 U 2
6 1 U 4
7 0 U 6
8 1 U 7
9 0 L -1
10 0 L 7
11 0 U 5
12 1 L 10
13 0 U 12
14 1 L 0
15 1 U 14
16 0 L 8
17 1 L 4
18 0 U -1
19 1 U 18
20 1 U 19
21 1 U 20
22 0 U 21
23 1 U 22
24 0 L 22
25 1 U 24
26 0 U -1
27 1 U 26
28 1 U 4
29 1 U 28
30 0 L 29
31 0 U 30
32 1 U 3
33 0 U 32
34 0 L 4
35 0 U 34
36 1 U 24
37 1 U 36
38 1 L 6
39 0 L 28
40 0 U 39
41 1 U 40
42 1 U -1
43 1 U 27
44 1 U 43
45
0 0 U -1
1 0 U 0
2 1 U 1
3 1 U 2
4 1 L 3
5 0 U 2
6 1 U 4
7 0 U 6
8 1 U 7
9 0 L -1
10 0 L 6
11 0 U 5
12 1 L 10
13 0 U 12
14 1 L 0
15 1 U 14
16 0 L 8
17 1 L 11
18 0 U -1
19 1 U 18
20 1 U 19
21 1 U 10
22 0 U 21
23 1 U 22
24 0 U -1
25 1 U 24
26 0 U -1
27 1 U 26
28 1 U 27
29 1 U 28
30 0 L 29
31 0 U 30
32 1 U 28
33 0 U 32
34 0 L 4
35 0 U 34
36 1 U 24
37 1 U 36
38 1 L 6
39 0 L 28
40 0 U 39
41 1 U 40
42 1 U -1
43 0 L 35
44 0 L 34
45
0 0 U -1
1 1 L -1
2 1 U 1
3 1 U 2
4 1 L 3
5 0 U 2
6 1 U 4
7 1 U -1
8 1 U 7
9 0 L -1
10 0 L 6
11 0 U 5
12 1 L 10
13 0 U 12
14 1 L 0
15 1 U 14
16 0 L 8
17 1 L 4
18 0 L 15
19 1 U 18
20 1 U 19
21 1 U 20
22 0 U 21
23 1 U 22
24 0 U -1
25 1 U 24
26 0 U -1
27 1 L 8
28 1 U 27
29 1 U 28
30 0 L 29
31 0 U 30
32 1 U 3
33 0 U 32
34 0 L 4
35 0 U 34
36 1 U 24
37 1 U 36
38 1 L 6
39 0 L 28
40 0 U 39
41 1 U 40
42 1 U -1
43 0 U 10
44 1 U 43
45
0 0 U -1
1 0 U -1
2 1 U 1
3 1 U 2
4 1 L 3
5 0 U 2
6 1 U 4
7 0 U 6
8 1 U 7
9 0 L -1
10 0 U -1
11 0 U 5
12 1 U 9
13 0 U 12
14 1 L 0
15 1 U 14
16 0 L 8
17 1 L 4
18 0 U -1
19 1 U 18
20 1 U 19
21 1 U 20
22 0 U 21
23 0 U 16
24 0 U -1
25 1 U 24
26 0 U -1
27 1 U 26
28 1 U 27
29 1 U 28
30 0 L 29
31 0 U 30
32 1 U 3
33 0 U 32
34 0 L 4
35 0 U 34
36 1 U 24
37 0 U 35
38 0 L 0
39 0 L 28
40 0 U 39
41 1 U 40
42 1 U -1
43 0 U 16
44 1 U 43
45
0 0 U -1
1 0 U 0
2 1 U 1
3 1 U 2
4 1 L 3
5 0 U 2
6 1 U 4
7 0 U 6
8 1 U 7
9 0 L -1
10 0 L 6
11 0 U 5
12 1 L 10
13 0 U 12
14 1 L 0
15 1 U 4
16 0 L 8
17 1 L 4
18 0 U -1
19 1 U 18
20 0 U 19
21 1 U 20
22 0 U 21
23 0 U 15
24 0 U -1
25 1 U 24
26 0 U -1
27 1 U 26
28 1 U 27
29 1 U 28
30 0 L 29
31 0 U 30
32 1 U 3
33 0 U 32
34 0 L 4
35 0 U 34
36 1 U 24
37 1 U 36
38 0 U 20
39 0 U 19
40 0 U 39
41 1 L 9
42 1 U -1
43 0 U 10
44 1 U 43
