34
0 0 U -1
1 1 U 0
2 0 U 1
3 0 U 2
4 1 U 3
5 1 U -1
6 1 U 5
7 0 U 6
8 1 U 7
9 0 U 8
10 1 U -1
11 1 U 10
12 1 U 11
13 1 U 12
14 1 U 13
15 0 U -1
16 0 U 15
17 1 U 16
18 0 U 17
19 1 U 18
20 1 U -1
21 0 U 20
22 1 U 21
23 0 U 22
24 1 U 23
25 0 U -1
26 0 U 25
27 1 U 26
28 0 U 27
29 1 U 28
30 1 U -1
31 1 U 30
32 1 U 31
33 1 U 32
34
0 1 L -1
1 1 U 0
2 0 U 1
3 0 U 2
4 1 U 3
5 1 U -1
6 1 U 5
7 0 U 6
8 0 U 6
9 0 U 8
10 1 U -1
11 1 U 10
12 0 U 5
13 1 U 12
14 1 U 13
15 0 U -1
16 0 U 15
17 1 U 16
18 0 U 17
19 1 U 18
20 1 U -1
21 0 U 20
22 1 U 21
23 0 U 22
24 1 U 23
25 0 U -1
26 0 U 25
27 1 U 26
28 0 U 27
29 0 U 21
30 1 U -1
31 1 U 30
32 1 U 31
33 0 U 19
34
0 0 U -1
1 1 U 0
2 0 U -1
3 0 U 2
4 0 L 1
5 1 U -1
6 1 U 5
7 0 U 6
8 1 U 7
9 0 U 8
10 1 U -1
11 1 U 10
12 1 U 11
13 1 U 12
14 1 U 13
15 0 U -1
16 0 U 15
17 1 U 16
18 0 U 17
19 1 U 18
20 1 U -1
21 0 U 15
22 1 U 21
23 0 U 22
24 1 U 23
25 0 U -1
26 0 U 25
27 1 U 26
28 0 U 27
29 1 U 28
30 1 L 18
31 1 U 30
32 1 U 31
33 1 U 32
34
0 0 U -1
1 1 U 0
2 0 U 1
3 0 U 2
4 1 U 3
5 1 U -1
6 1 U 5
7 0 L 0
8 1 U 7
9 0 U 8
10 1 U -1
11 1 U 10
12 1 U 11
13 0 L 7
14 1 U 13
15 0 U -1
16 0 U 15
17 1 U 16
18 0 U 17
19 1 U 18
20 0 L 10
21 0 U 20
22 1 U 21
23 1 U 8
24 1 U 23
25 0 U -1
26 0 U 25
27 1 U 26
28 0 U 27
29 1 U 28
30 1 U -1
31 1 U 5
32 1 U 31
33 1 U 32
34
0 0 U -1
1 1 U 0
2 0 U 1
3 0 U 2
4 1 U 3
5 1 U -1
6 1 U 5
7 0 U 6
8 1 U 7
9 0 U 8
10 0 L 4
11 1 U 10
12 1 U 11
13 1 U 12
14 1 U 13
15 0 U -1
16 0 U 15
17 1 U 16
18 0 U 17
19 1 U 18
20 1 U -1
21 0 U 20
22 1 U 21
23 0 U 22
24 1 U 23
25 0 U -1
26 0 U 25
27 1 U 26
28 0 U 27
29 1 U 28
30 0 U 19
31 1 U 30
32 1 U 31
33 1 U 32
34
0 0 U -1
1 1 U 0
2 0 U 1
3 0 U 2
4 1 L 1
5 1 U -1
6 1 U 5
7 0 U 6
8 1 U 7
9 0 U 8
10 1 U -1
11 1 U 10
12 1 U 11
13 1 U 12
14 1 U 13
15 0 L 1
16 0 U 15
17 0 U 7
18 0 U 17
19 1 U 18
20 1 U -1
21 0 U 20
22 1 U 21
23 0 U 22
24 1 U 23
25 0 U -1
26 0 U 25
27 1 L 14
28 0 U 27
29 1 U 27
30 0 L 8
31 1 U 30
32 1 U 31
33 1 U 32
34
0 0 U -1
1 1 U 0
2 0 U 1
3 0 U 2
4 1 U 3
5 1 U -1
6 1 U 5
7 0 U 6
8 1 U 7
9 0 U 8
10 1 U -1
11 0 L 7
12 1 U 8
13 1 U 12
14 1 U 13
15 1 L 14
16 0 U 15
17 1 U 16
18 0 U 17
19 1 U 18
20 1 U -1
21 0 U 20
22 1 U 21
23 0 U 22
24 1 U 23
25 0 U 7
26 0 U 25
27 1 U 26
28 1 L 6
29 1 U 28
30 1 U -1
31 1 U 30
32 1 U 31
33 1 U 32
34
0 0 U -1
1 1 U 0
2 0 U 1
3 0 U 2
4 1 U 3
5 1 U -1
6 1 U 5
7 0 U 6
8 1 U 0
9 0 U 8
10 1 U -1
11 1 U 10
12 1 U 11
13 1 U 12
14 1 U 13
15 0 U -1
16 0 U 15
17 1 U 16
18 0 U 17
19 1 U 18
20 1 U -1
21 0 U 20
22 1 U 13
23 0 U 22
24 1 U 23
25 0 U -1
26 0 U 25
27 1 U 26
28 0 U 27
29 1 U 28
30 1 U -1
31 1 U 30
32 1 U 31
33 1 U 32
34
0 0 U -1
1 0 U -1
2 0 U 1
3 0 U 2
4 1 U 3
5 1 U -1
6 1 U 5
7 0 U 6
8 1 L 2
9 0 U 8
10 1 U -1
11 1 U 10
12 1 U 11
13 1 U 12
14 1 U 13
15 0 U -1
16 0 U 15
17 1 U 16
18 0 L -1
19 1 U 18
20 1 U -1
21 0 U 20
22 1 U 21
23 0 U 22
24 1 U 23
25 0 U -1
26 0 U 25
27 1 U 26
28 0 L 11
29 1 U 28
30 1 U -1
31 1 U 30
32 1 U 31
33 1 U 32
34
0 0 U -1
1 1 U 0
2 0 U 1
3 0 U -1
4 0 L -1
5 1 U -1
6 1 U 5
7 0 U 2
8 1 U 7
9 0 U 8
10 1 U -1
11 1 U 10
12 1 U 11
13 1 U 12
14 1 U 13
15 0 U -1
16 0 U 15
17 1 U 16
18 1 L 8
19 1 U 18
20 1 U -1
21 0 U 20
22 1 U 21
23 0 U 22
24 1 U 23
25 0 U -1
26 0 U 25
27 1 U 26
28 0 U 27
29 1 U 28
30 1 U -1
31 1 U 30
32 1 U 31
33 1 U 32
34
0 0 U -1
1 1 U 0
2 0 U 1
3 0 U 2
4 1 U 3
5 1 U -1
6 1 U 5
7 0 U 0
8 1 U 7
9 0 U 8
10 1 U -1
11 1 U 10
12 1 U 11
13 1 U 12
14 1 U 13
15 0 U -1
16 0 U 15
17 1 U 16
18 0 U 17
19 1 U 18
20 1 U -1
21 0 U 20
22 1 U 21
23 0 U 22
24 1 U 23
25 0 U 15
26 0 U 25
27 1 U 26
28 0 U 27
29 1 U 28
30 1 U 16
31 1 U 30
32 1 L 2
33 1 U 32
34
0 0 U -1
1 1 U 0
2 0 U 1
3 0 U 2
4 0 L 2
5 1 U -1
6 1 U 5
7 0 U 6
8 1 U 7
9 0 U 8
10 1 U -1
11 1 U 10
12 1 U 11
13 1 U 12
14 1 U 13
15 0 U -1
16 0 U 15
17 1 U 16
18 0 U 17
19 1 U 18
20 1 U -1
21 0 U 20
22 1 U 21
23 0 U -1
24 1 U 23
25 0 U -1
26 0 U 25
27 1 U 26
28 0 U 27
29 1 U 28
30 1 U -1
31 1 U 30
32 1 U 31
33 1 U 32
34
0 0 U -1
1 0 L -1
2 1 L 0
3 0 U 2
4 1 U 3
5 1 U -1
6 1 U 5
7 0 U 3
8 1 U 2
9 0 U 8
10 1 U -1
11 1 U 10
12 1 U 11
13 1 U 12
14 1 U 13
15 0 U -1
16 0 U 15
17 0 L 5
18 0 U 17
19 1 U 18
20 1 U -1
21 0 U 20
22 1 U 21
23 0 U 22
24 1 U 23
25 0 U -1
26 0 U 25
27 1 U 26
28 0 U 27
29 1 U 28
30 1 U -1
31 1 U 30
32 1 U 31
33 1 U 32
34
0 0 U -1
1 1 L -1
2 0 U 1
3 0 U 2
4 0 L 2
5 1 U -1
6 1 U 5
7 0 U 6
8 1 U 7
9 0 U 8
10 0 L 4
11 0 L 1
12 1 U 11
13 1 U 12
14 1 U 13
15 0 U -1
16 0 U 15
17 1 U 16
18 0 U 17
19 1 U 18
20 1 U -1
21 0 L 4
22 1 U 21
23 0 U 22
24 1 U 23
25 0 U -1
26 0 U 25
27 1 U 26
28 0 U 27
29 1 U 28
30 1 U -1
31 1 U 30
32 1 U 31
33 1 U 32
34
0 0 U -1
1 1 U 0
2 0 U 1
3 0 U 2
4 1 U 3
5 1 U -1
6 1 U 5
7 0 U 6
8 1 U 7
9 0 U 8
10 1 U -1
11 1 U 10
12 1 U 11
13 0 L 4
14 0 U 0
15 0 U -1
16 0 U 15
17 1 U 13
18 0 U 17
19 1 U 18
20 1 U -1
21 0 U 20
22 1 U 21
23 0 U 22
24 1 U 23
25 0 U -1
26 0 U 25
27 1 U 26
28 0 U 27
29 1 U 28
30 1 U -1
31 1 U 30
32 1 U 31
33 1 U 32
34
0 0 U -1
1 1 U 0
2 0 U 1
3 0 U 2
4 1 U 3
5 1 U -1
6 1 U 5
7 0 U 6
8 1 U 7
9 0 U 8
10 1 U -1
11 1 U 10
12 1 U 11
13 1 U 12
14 1 U 13
15 0 U -1
16 1 U 6
17 1 U 16
18 0 U 17
19 1 U 0
20 1 U -1
21 0 U 20
22 1 U 21
23 0 U 22
24 1 U 23
25 0 U -1
26 0 L 23
27 1 U 26
28 1 U 1
29 1 U 28
30 1 U -1
31 1 U 30
32 1 U 31
33 1 U 32
34
0 0 U -1
1 1 U 0
2 0 U 1
3 0 U 2
4 1 U 3
5 1 U -1
6 1 U 5
7 0 U 6
8 1 U 7
9 0 U 8
10 1 U -1
11 1 U 10
12 1 U 11
13 1 U 12
14 1 U 13
15 0 U -1
16 0 U 15
17 1 U 16
18 0 U 17
19 1 U 18
20 1 U -1
21 0 U 20
22 1 U 21
23 0 U 22
24 1 U 23
25 1 U 4
26 0 U 25
27 1 U 26
28 0 U 27
29 1 U 28
30 1 L 20
31 1 U 30
32 1 U 31
33 1 U 32
34
0 0 U -1
1 1 U 0
2 0 U 1
3 0 U 2
4 1 U 3
5 1 U -1
6 1 U 5
7 0 U 6
8 1 U 7
9 0 U 8
10 1 U -1
11 0 L 9
12 1 U 11
13 1 U 12
14 1 U 13
15 0 U -1
16 0 U 15
17 1 U 16
18 0 U 17
19 1 U 18
20 1 U -1
21 0 U 20
22 1 U 21
23 0 U 22
24 1 U 23
25 1 U 4
26 0 U 25
27 1 U 26
28 0 U 27
29 1 U 28
30 1 L 20
31 0 L 4
32 1 U 31
33 1 U 32
34
0 0 U -1
1 1 U 0
2 0 U 1
3 0 U 2
4 1 U 3
5 1 U -1
6 1 U 5
7 0 U 6
8 1 U 7
9 0 U 8
10 1 U -1
11 1 U 10
12 1 U 11
13 1 U 12
14 1 U 13
15 0 U -1
16 0 U 15
17 1 U 16
18 0 U 17
19 1 U 18
20 1 U -1
21 0 U 20
22 1 U 21
23 1 U 17
24 1 U 23
25 1 U 4
26 0 U 25
27 1 U 26
28 0 U 27
29 1 U 28
30 1 L 20
31 1 U 30
32 1 L 25
33 1 U 32
34
0 0 U -1
1 1 U 0
2 0 U 1
3 0 U 2
4 1 L 0
5 1 U -1
6 1 U 5
7 0 U 6
8 1 U 7
9 0 U 8
10 1 U -1
11 1 U 10
12 1 U 11
13 1 U 11
14 1 U 13
15 0 U -1
16 0 U 15
17 1 U 16
18 0 U 2
19 1 U 18
20 0 L 2
21 0 U 20
22 0 L 6
23 0 U 22
24 1 U 23
25 1 U 4
26 0 U 25
27 1 U 26
28 0 U 27
29 1 U 28
30 1 L 20
31 1 U 30
32 0 L 5
33 1 U 32
34
0 0 U -1
1 1 U 0
2 0 U 1
3 0 U 2
4 1 U 3
5 1 L 1
6 1 U 5
7 0 U 6
8 1 U 7
9 0 U 8
10 1 U -1
11 1 U 10
12 1 U 11
13 1 U 12
14 1 U 13
15 0 U -1
16 0 U 15
17 1 U 16
18 0 U 17
19 1 U 18
20 1 U -1
21 0 U 20
22 1 U 21
23 0 U 22
24 1 U 23
25 1 U 24
26 0 U 25
27 1 U 26
28 0 U 27
29 1 U 28
30 1 L 20
31 1 U 30
32 1 U 31
33 0 U 14
34
0 0 L -1
1 1 U 0
2 0 U 1
3 0 U -1
4 1 U 3
5 1 U -1
6 1 U 5
7 0 U 6
8 1 U 7
9 0 U 8
10 1 U -1
11 1 U 10
12 1 U 11
13 1 U 12
14 1 U 13
15 1 U 5
16 1 L 1
17 1 U 16
18 0 U 17
19 1 U 18
20 1 U -1
21 0 U 20
22 1 U 21
23 0 U 22
24 1 U 23
25 1 U 4
26 0 U 25
27 1 U 26
28 1 L 12
29 1 U 28
30 1 L 20
31 1 L 27
32 1 U 31
33 1 U 32
34
0 0 U -1
1 1 U -1
2 0 U 1
3 0 U 2
4 1 U 3
5 1 U -1
6 1 U 5
7 0 U 6
8 1 U 7
9 0 U 8
10 1 U -1
11 1 U 10
12 1 U 11
13 1 U 12
14 1 U 13
15 0 U -1
16 0 U 15
17 1 U 16
18 1 U 13
19 1 U 18
20 1 U -1
21 0 U 20
22 1 U 21
23 0 U 22
24 1 U 23
25 1 U 4
26 0 U 25
27 1 U 26
28 0 U 27
29 1 U 28
30 1 L 20
31 1 U 30
32 1 U 31
33 1 U 32
34
0 0 U -1
1 1 U 0
2 0 U 1
3 0 U 2
4 1 U 3
5 1 L 3
6 1 U 5
7 0 U 6
8 1 U 7
9 0 U 8
10 1 U -1
11 1 U 10
12 1 U 11
13 0 U -1
14 1 U 13
15 0 U -1
16 0 U 15
17 0 L 8
18 0 U 17
19 1 U 18
20 1 U -1
21 0 U 20
22 1 U 21
23 0 U 22
24 1 L 4
25 1 U 4
26 0 U 25
27 0 L 26
28 0 U 27
29 1 L 16
30 1 L 20
31 1 U 30
32 1 U 31
33 1 U 32
34
0 0 U -1
1 1 U 0
2 0 U 1
3 0 U 2
4 0 L -1
5 1 U -1
6 1 U 5
7 0 U 6
8 1 U 7
9 0 U 8
10 1 U -1
11 1 U 10
12 1 U 11
13 1 U 12
14 1 U 13
15 0 U -1
16 0 U 15
17 1 U 16
18 0 U 17
19 1 U 18
20 1 U -1
21 1 U 4
22 1 U 21
23 0 U 22
24 0 U 6
25 1 U 4
26 0 U 25
27 1 U 26
28 0 U 27
29 1 U 28
30 1 L 20
31 1 U 30
32 1 U 31
33 1 U 32
34
0 0 U -1
1 1 U 0
2 0 U 1
3 1 L 2
4 1 U 3
5 1 U -1
6 1 U 5
7 0 U 6
8 1 U 7
9 0 U 0
10 1 U 3
11 1 U 10
12 1 U 11
13 1 U 12
14 0 U 10
15 0 U -1
16 0 U 15
17 1 U 16
18 0 U 17
19 1 U 18
20 1 U -1
21 0 U 20
22 1 U 21
23 0 U 22
24 1 U 23
25 1 U 4
26 0 U 25
27 1 U 26
28 0 L 9
29 1 U 28
30 1 L 20
31 1 U 30
32 1 U 31
33 1 U 32
34
0 0 U -1
1 1 U 0
2 0 U 1
3 0 U 2
4 1 U 3
5 1 U -1
6 1 U 5
7 0 U 6
8 1 U 7
9 0 U 8
10 1 U -1
11 1 U 10
12 1 U 11
13 1 U 12
14 1 U 13
15 0 U -1
16 0 U 15
17 1 U 16
18 0 U 17
19 1 U 10
20 1 U -1
21 0 U 20
22 1 U 21
23 0 U 22
24 1 U 23
25 1 U 4
26 0 U 25
27 1 U 26
28 0 U 27
29 1 U 28
30 1 L 20
31 1 U 30
32 1 U 31
33 0 L 25
34
0 0 L -1
1 1 U 0
2 0 U 1
3 0 U 2
4 1 U 3
5 1 U -1
6 1 U 5
7 0 U 6
8 1 U 7
9 0 U 8
10 1 U -1
11 1 U 10
12 1 U 11
13 1 U 12
14 1 U 13
15 0 U -1
16 0 U 15
17 1 U 16
18 0 U 17
19 1 U 18
20 1 U -1
21 0 L 10
22 1 U 21
23 0 U 22
24 1 U 23
25 1 U 4
26 0 U 25
27 1 U 26
28 0 U 27
29 1 U 28
30 1 L 20
31 1 U 30
32 1 U 31
33 1 U 32
34
0 0 U -1
1 0 L -1
2 0 U 1
3 0 U 2
4 0 L 0
5 1 U -1
6 1 U 5
7 0 U 6
8 1 U 7
9 0 U 8
10 1 U -1
11 1 U 10
12 1 U 11
13 1 U 9
14 1 U 13
15 0 U -1
16 0 U 15
17 1 U 16
18 0 U 17
19 1 U 18
20 0 L 9
21 0 U 20
22 1 U 21
23 0 U 22
24 1 U 23
25 1 U 4
26 0 U 25
27 0 L 14
28 0 U 27
29 1 U 26
30 1 L 20
31 1 U 30
32 1 U 31
33 1 U 32
34
0 0 U -1
1 1 U 0
2 0 U 1
3 0 U 2
4 1 U 3
5 1 U -1
6 1 U 5
7 0 U 6
8 1 U 7
9 0 U 8
10 0 U 3
11 1 U 10
12 1 U 11
13 1 U 12
14 1 L 11
15 0 U -1
16 0 U 15
17 1 U 16
18 1 U 2
19 1 U 18
20 1 L 11
21 0 U 20
22 1 U 21
23 0 U 22
24 1 U 23
25 1 U 4
26 0 U 25
27 1 U 26
28 0 U 20
29 1 U 28
30 1 L 20
31 1 U 30
32 1 U 31
33 1 L 25
34
0 0 U -1
1 1 U 0
2 0 U 1
3 0 U 2
4 1 U 3
5 1 U -1
6 1 U 5
7 0 U 6
8 1 U 7
9 0 U 8
10 1 U -1
11 1 U 10
12 1 U 11
13 1 U 12
14 1 U 13
15 0 U -1
16 0 U 15
17 1 U 16
18 0 U 17
19 1 U 18
20 1 U -1
21 0 U 20
22 1 U 21
23 0 U 22
24 1 U 23
25 1 U 4
26 0 U 25
27 1 U 26
28 0 U 27
29 0 U 25
30 1 L 20
31 1 U 30
32 1 U 31
33 1 U 32
34
0 0 U -1
1 1 U 0
2 0 U 1
3 0 U 2
4 1 U 3
5 1 U 0
6 1 U 5
7 0 U 6
8 1 U 7
9 0 U 8
10 1 U -1
11 1 U 10
12 1 U 11
13 0 U 2
14 1 L 5
15 0 U -1
16 0 U 15
17 1 L 8
18 0 U 17
19 1 U 18
20 1 U -1
21 0 U 19
22 1 U 21
23 0 U 22
24 1 U 23
25 1 U 4
26 0 U 25
27 1 U 26
28 0 U 27
29 1 U 13
30 1 L 20
31 1 U 30
32 1 U 31
33 1 U 32
34
0 0 U -1
1 1 U 0
2 0 U 1
3 0 U 2
4 1 U 3
5 1 U -1
6 1 U 5
7 0 U 6
8 1 U 7
9 0 U 8
10 0 L 1
11 1 U 10
12 1 U 11
13 1 U 12
14 1 U 13
15 1 U 0
16 1 L 5
17 1 U 16
18 1 U 16
19 1 L 15
20 1 U -1
21 0 U 20
22 1 U 21
23 0 U 22
24 1 U 23
25 1 U 4
26 0 U 25
27 1 U 26
28 0 U 27
29 1 U 28
30 1 L 20
31 1 U 30
32 0 L 29
33 1 U 32
34
0 1 U -1
1 1 U 0
2 0 U 0
3 0 U 2
4 1 U 3
5 0 L 4
6 1 U 5
7 0 U 6
8 1 U 7
9 0 U 8
10 1 U -1
11 1 U 10
12 1 U 11
13 1 U 12
14 1 U 13
15 0 U -1
16 0 U 15
17 1 U 16
18 0 U 17
19 1 U 18
20 1 U -1
21 0 U 20
22 1 U 21
23 0 U 22
24 1 U 23
25 0 L -1
26 0 U 25
27 1 U 26
28 0 U 27
29 1 U 28
30 1 L 20
31 1 U 30
32 1 L 3
33 1 U 32
34
0 0 U -1
1 1 U 0
2 0 U 1
3 1 L 0
4 1 U -1
5 1 U -1
6 1 U 5
7 0 U 6
8 1 U 7
9 0 U 8
10 1 U -1
11 1 U -1
12 1 U 11
13 1 U 12
14 1 U 13
15 0 U -1
16 0 U 15
17 1 U 16
18 0 U 17
19 0 L 9
20 1 U -1
21 0 U 20
22 1 U 21
23 0 U 22
24 1 U 23
25 1 U 4
26 0 U 25
27 1 U 26
28 0 U 27
29 1 U 28
30 1 L 20
31 1 U 30
32 1 U 31
33 1 L 30
34
0 1 L -1
1 1 U 0
2 0 U 1
3 0 U 2
4 1 U 3
5 1 U -1
6 1 U 5
7 0 U 6
8 1 U 7
9 0 U 8
10 1 U -1
11 1 U 10
12 1 U 11
13 1 U 12
14 1 U 13
15 0 U -1
16 0 U 15
17 1 U 16
18 0 U 17
19 0 U 14
20 1 U -1
21 0 U 20
22 1 U 21
23 0 U 22
24 1 U 23
25 1 U 4
26 0 U 25
27 1 U 1
28 0 U 27
29 1 U 28
30 1 L 20
31 1 U 30
32 1 U 31
33 1 U 32
34
0 0 U -1
1 1 U 0
2 0 U 1
3 0 U 2
4 1 U 3
5 1 U -1
6 1 U 5
7 0 U 6
8 1 U 7
9 0 U 8
10 1 U -1
11 1 U 10
12 1 U 11
13 1 U 12
14 1 U 13
15 0 L 4
16 0 U 15
17 0 L 1
18 0 U 17
19 1 U 18
20 1 U -1
21 0 U 20
22 1 U 21
23 0 U 22
24 1 U 23
25 1 U 4
26 0 U 25
27 1 U 26
28 0 U 27
29 1 U 28
30 1 L 20
31 1 U 30
32 1 U 31
33 1 U 32
34
0 0 U -1
1 1 U 0
2 0 U 1
3 0 U 2
4 1 U 3
5 1 U -1
6 1 U 5
7 0 U 6
8 1 U 7
9 1 L 8
10 1 U -1
11 1 U 10
12 1 U 11
13 1 U 12
14 1 U 13
15 0 U -1
16 1 U 13
17 0 L 11
18 0 U 17
19 1 U 18
20 1 U -1
21 0 U 20
22 1 U 21
23 0 U 22
24 1 U 23
25 1 U 4
26 0 U 25
27 1 U 26
28 0 U 27
29 1 U 28
30 0 L 4
31 1 U 30
32 1 U 31
33 1 U 32
34
0 0 U -1
1 1 U 0
2 0 U 1
3 0 U 2
4 1 U 3
5 1 U -1
6 1 U 5
7 0 U 6
8 1 U 7
9 0 U 8
10 1 U -1
11 1 U 10
12 0 L 7
13 1 U 12
14 1 U 13
15 0 U -1
16 0 U 15
17 1 U 16
18 0 U 17
19 0 U 0
20 1 U -1
21 0 U 20
22 1 U 21
23 0 U 22
24 1 U 23
25 1 U 4
26 0 U 25
27 1 U 26
28 0 U 27
29 1 U 28
30 1 L 20
31 1 U 30
32 1 U 31
33 0 L 6
34
0 1 U -1
1 1 U 0
2 0 U 1
3 0 U 2
4 1 U 3
5 1 U -1
6 1 U 5
7 0 U 6
8 1 U 7
9 0 U 8
10 1 U -1
11 1 U 10
12 1 U 11
13 1 U 12
14 1 U 13
15 0 U -1
16 0 U 15
17 0 U 10
18 0 U 17
19 1 U 18
20 1 U -1
21 1 U 3
22 1 U 21
23 0 U 22
24 1 U 4
25 1 U 4
26 0 U 25
27 1 U 26
28 1 L 23
29 1 U 28
30 1 L 20
31 1 U 30
32 1 U 31
33 1 U 32
34
0 0 U -1
1 1 U 0
2 0 U 1
3 0 U 2
4 1 L 1
5 1 U -1
6 1 U 5
7 0 U 6
8 1 U 7
9 1 U 3
10 1 U -1
11 1 U 10
12 0 L 4
13 0 U 2
14 1 U 13
15 0 U -1
16 0 U 3
17 1 U 16
18 1 U 0
19 1 L -1
20 1 U -1
21 0 U 20
22 1 U 21
23 0 U 22
24 1 U 23
25 1 U 4
26 0 U 25
27 1 U 26
28 0 U 27
29 1 L 2
30 1 L 20
31 1 U 30
32 1 U 31
33 1 U 32
34
0 0 U -1
1 1 L -1
2 0 U 1
3 0 U 2
4 1 U 3
5 1 U -1
6 1 U 5
7 0 U 6
8 1 U 7
9 0 U 8
10 0 U 8
11 1 U 10
12 1 U 11
13 1 U 12
14 1 U 13
15 0 U -1
16 0 U 15
17 1 U 16
18 0 U 17
19 1 U 18
20 1 U -1
21 0 U 20
22 1 U 21
23 0 L 1
24 1 U 23
25 1 U 4
26 0 U 25
27 1 U 26
28 0 U 27
29 1 U 28
30 1 L 20
31 1 U 30
32 1 U 31
33 1 U 32
34
0 0 U -1
1 1 U 0
2 0 U 1
3 0 U 2
4 1 U 3
5 1 U -1
6 1 U 5
7 0 U 6
8 1 U 7
9 0 U 4
10 1 U -1
11 1 U 10
12 1 U 11
13 1 U 12
14 1 U 13
15 0 U 6
16 0 L 9
17 0 L 1
18 0 U 17
19 1 U 18
20 0 L 5
21 0 U 20
22 1 U 21
23 0 L 1
24 1 U 23
25 1 U 4
26 1 L 21
27 1 U 26
28 0 U 27
29 1 U 28
30 1 L 20
31 1 U 30
32 1 U 31
33 1 U 32
34
0 1 U -1
1 1 U 0
2 0 U 1
3 0 U 2
4 1 U 3
5 1 L 3
6 1 U 5
7 0 U 6
8 0 L 4
9 0 U 8
10 1 U -1
11 1 U 10
12 1 U 11
13 1 U 4
14 1 U 13
15 0 U -1
16 0 U 15
17 1 U 16
18 0 U 17
19 1 U 18
20 1 U 15
21 0 U 20
22 1 U 21
23 0 U 22
24 1 U 23
25 1 U 4
26 0 U 25
27 1 U 26
28 0 U 27
29 1 U 28
30 1 L 20
31 1 U 30
32 1 U 31
33 1 U 32
34
0 0 U -1
1 1 U 0
2 0 U 1
3 0 U 2
4 1 U 3
5 1 L 3
6 1 U 5
7 0 U 6
8 1 U 7
9 0 U 8
10 1 U -1
11 1 U 10
12 0 U -1
13 1 U 12
14 1 U 13
15 0 U -1
16 0 U 15
17 1 U 16
18 0 U 17
19 1 U 18
20 1 U -1
21 0 U 20
22 1 U 21
23 0 U 22
24 1 U 23
25 1 U 4
26 0 U 25
27 1 U 26
28 0 U 27
29 1 U 28
30 1 L 20
31 1 U 30
32 1 U 31
33 1 U 32
34
0 0 U -1
1 1 U 0
2 0 U 1
3 0 U 2
4 1 U 3
5 1 U -1
6 1 U 5
7 0 U 6
8 1 U 7
9 1 L 1
10 1 U -1
11 1 U 4
12 1 U 11
13 1 U 12
14 1 U 13
15 0 U -1
16 0 U 15
17 1 U 16
18 0 U 17
19 1 U 18
20 1 U -1
21 0 U 20
22 1 U 21
23 0 U 22
24 1 U 23
25 1 U 4
26 1 U 24
27 1 U 26
28 0 U 27
29 1 U 28
30 1 L 20
31 1 U 30
32 1 U 31
33 1 U 32
34
0 0 U -1
1 1 U 0
2 0 U 1
3 0 U 2
4 1 L 2
5 1 U -1
6 1 U 5
7 0 U 6
8 1 L 4
9 0 U 1
10 1 U -1
11 1 U 10
12 1 U 11
13 1 U 12
14 1 U 13
15 0 U -1
16 0 U 15
17 0 U 10
18 0 U 17
19 1 U 18
20 1 U -1
21 1 L 2
22 1 U 21
23 0 U 22
24 1 U 23
25 1 U 4
26 0 U 25
27 1 U 26
28 0 U 27
29 1 L 23
30 1 L 20
31 1 U 30
32 1 U 31
33 1 U 32
34
0 0 U -1
1 1 U 0
2 0 U 1
3 0 U 2
4 1 U 3
5 1 U -1
6 1 U 5
7 0 U 6
8 1 U 7
9 0 U 5
10 1 U -1
11 0 L 2
12 1 U 11
13 1 U 12
14 0 U -1
15 0 U -1
16 0 U 15
17 1 U 16
18 0 U 17
19 1 U 18
20 1 U -1
21 0 U 20
22 1 U 21
23 0 U 22
24 1 U 23
25 1 U 4
26 0 U 25
27 1 U 26
28 0 U 27
29 1 U 28
30 1 L 20
31 1 U 30
32 1 U 31
33 1 U 32
34
0 0 U -1
1 0 L 0
2 0 U 1
3 0 U 2
4 0 U 3
5 1 U -1
6 1 U 5
7 0 U 6
8 1 U 7
9 0 U 8
10 1 U -1
11 1 U 10
12 1 U 11
13 1 U 12
14 1 U 13
15 1 L 1
16 0 U 15
17 1 U 16
18 0 U 17
19 1 U 18
20 1 U -1
21 0 U 20
22 1 U 21
23 0 U 22
24 1 U 23
25 1 U 4
26 0 U 13
27 1 U 26
28 0 U 27
29 1 U 28
30 1 L 20
31 1 U 30
32 1 U 31
33 1 U 32
34
0 0 U -1
1 1 U 0
2 0 U 1
3 0 U 2
4 1 U 3
5 1 U -1
6 1 U 5
7 0 L 4
8 1 U 7
9 0 U 8
10 1 L 8
11 1 U 10
12 1 U 11
13 1 U 12
14 1 U 13
15 0 U -1
16 0 U 15
17 1 U 16
18 0 U 17
19 1 U 18
20 1 U -1
21 0 U 20
22 1 U 21
23 0 U 22
24 1 U 23
25 1 U 4
26 0 U 25
27 1 U 26
28 0 U 27
29 1 U 28
30 1 L 20
31 1 U 30
32 0 L 10
33 1 U 32
34
0 1 L -1
1 1 U 0
2 0 U 1
3 0 U 2
4 1 U 3
5 1 U -1
6 1 U 5
7 0 U 6
8 1 U 7
9 0 U 8
10 1 U -1
11 1 U 10
12 1 U 11
13 1 U 12
14 1 U 13
15 0 U -1
16 0 U 15
17 1 U 16
18 0 U 17
19 1 U 18
20 1 U -1
21 0 U 20
22 1 U 21
23 0 U 22
24 1 U 23
25 1 U 4
26 0 U 25
27 1 U 26
28 0 U 27
29 1 U 28
30 1 L 20
31 1 U 25
32 1 U 31
33 1 U 32
34
0 0 U -1
1 1 U 0
2 0 U 1
3 0 L 2
4 1 U 3
5 1 L 4
6 1 U 5
7 0 U 6
8 1 U 7
9 1 U 5
10 1 U -1
11 1 U 10
12 1 U 11
13 1 U 12
14 1 U 13
15 0 U -1
16 0 U 15
17 1 U 16
18 0 U 17
19 1 U 18
20 1 U -1
21 0 U 20
22 1 U 21
23 0 U 22
24 1 U 23
25 1 U 4
26 0 U 25
27 0 L 15
28 0 U 27
29 1 U 28
30 1 L 20
31 1 U 30
32 1 U 31
33 1 U 32
34
0 0 U -1
1 1 U 0
2 0 U 1
3 0 U 2
4 1 U 3
5 1 U 1
6 1 U 5
7 0 U 6
8 1 U 7
9 0 U 8
10 1 U -1
11 1 U 10
12 1 U 11
13 1 U 12
14 1 U 13
15 0 L 4
16 0 U 15
17 1 U 16
18 0 U 17
19 0 U 18
20 1 U -1
21 0 U 20
22 1 U 21
23 0 U 22
24 1 U 23
25 1 U 4
26 0 U 25
27 1 U 26
28 0 U 27
29 1 U 28
30 1 L 20
31 1 U 5
32 1 U 31
33 1 U 32
34
0 0 U -1
1 1 U 0
2 0 U 1
3 0 U 2
4 1 U 3
5 1 U -1
6 1 U 5
7 0 U 6
8 1 U 7
9 0 U 8
10 1 U -1
11 1 U 10
12 1 U 11
13 1 U 12
14 1 U 13
15 0 U -1
16 1 L 8
17 1 U 14
18 0 U 17
19 1 U 18
20 1 U -1
21 0 U 20
22 1 U 21
23 0 U 22
24 1 U 23
25 1 U 4
26 0 U 25
27 1 U 26
28 0 U 27
29 1 U 28
30 1 L 20
31 1 U 30
32 1 U 31
33 0 U 15
34
0 0 U -1
1 1 U 0
2 0 U 1
3 0 U 2
4 1 U 3
5 0 U 2
6 1 U 5
7 0 U 6
8 1 U 7
9 0 U 8
10 1 U -1
11 1 U 10
12 1 U 11
13 1 U 12
14 1 U 13
15 0 U -1
16 1 L 7
17 1 U 16
18 0 U 17
19 1 U 18
20 1 U -1
21 0 U 20
22 1 U -1
23 1 L 22
24 1 U 23
25 1 U 4
26 0 U 25
27 1 U 26
28 0 U 27
29 1 U 28
30 1 L 20
31 1 U 30
32 1 U 31
33 1 U 32
34
0 0 U -1
1 1 U 0
2 0 U 1
3 0 U 2
4 1 U 3
5 1 U -1
6 1 U 5
7 0 L 0
8 0 L 7
9 0 U 8
10 1 U -1
11 1 U 10
12 1 U 11
13 1 U 12
14 1 U 13
15 0 U -1
16 1 U 15
17 1 U 16
18 0 U 17
19 1 U 18
20 1 U -1
21 0 U 20
22 1 U 21
23 0 U 22
24 1 U 15
25 1 U 4
26 0 U 25
27 1 U 26
28 0 U 27
29 1 U 28
30 1 L 20
31 1 U 30
32 1 U 31
33 1 U 32
34
0 0 U -1
1 1 U 0
2 0 U 1
3 0 U 2
4 1 U 3
5 1 U -1
6 1 U 5
7 0 U 6
8 1 U 7
9 0 U 8
10 1 U -1
11 1 U 10
12 1 U 11
13 1 U 12
14 1 U 13
15 1 L 5
16 0 U 15
17 1 U 16
18 0 U 17
19 1 U 18
20 1 U -1
21 0 U 20
22 1 U 21
23 0 U 22
24 1 U 23
25 1 U 4
26 0 U 25
27 1 U 26
28 0 U 27
29 1 U 28
30 1 L 20
31 1 U 30
32 1 U 31
33 1 U 32
34
0 0 U -1
1 1 U 0
2 0 U 1
3 0 U 2
4 1 U 3
5 1 U -1
6 1 U 5
7 0 U 6
8 1 U 7
9 0 U 8
10 1 U -1
11 1 U 10
12 1 U 11
13 1 U 12
14 1 U 13
15 0 L 6
16 0 U 15
17 1 U 16
18 1 L 0
19 1 U 18
20 1 L 10
21 0 U 20
22 1 U 21
23 0 U 22
24 1 U 23
25 1 U 23
26 0 U 25
27 1 U 26
28 0 U 27
29 1 U 28
30 1 L 20
31 1 U 30
32 1 U 31
33 1 U 32
34
0 0 U -1
1 1 U 0
2 0 U 1
3 0 U 2
4 1 U 3
5 1 U -1
6 1 U 5
7 0 U 6
8 1 U 7
9 0 U 8
10 1 U -1
11 1 U 10
12 1 U 11
13 1 U 12
14 1 U 13
15 0 U -1
16 0 U 15
17 1 U 16
18 0 U 17
19 1 U 18
20 1 U -1
21 0 U 20
22 1 U 21
23 0 U 22
24 1 U 23
25 1 U 4
26 0 U 25
27 0 L 11
28 0 U 27
29 1 U 28
30 1 L 20
31 1 U 30
32 1 U 31
33 1 U 22
34
0 0 U -1
1 1 U 0
2 0 U 1
3 0 U 2
4 1 U 3
5 1 U -1
6 1 U 5
7 0 U 6
8 1 U 7
9 0 U 8
10 1 U -1
11 1 U 10
12 1 U 11
13 1 U 12
14 1 U 13
15 0 U -1
16 0 U 15
17 1 U 16
18 0 U 17
19 1 U 18
20 1 U -1
21 0 U 20
22 1 U 21
23 0 U 22
24 1 U 23
25 1 U 4
26 0 L 5
27 1 U 26
28 0 U 27
29 1 U 28
30 0 L 13
31 1 U 30
32 1 U 31
33 1 U 8
34
0 0 U -1
1 1 U 0
2 0 U 1
3 0 U 2
4 1 U 3
5 1 U -1
6 1 U 5
7 0 U 6
8 1 U 7
9 0 U 8
10 0 L 1
11 1 U 10
12 1 U 11
13 1 U 12
14 1 U 13
15 0 U -1
16 0 U 15
17 1 U 16
18 0 U 17
19 0 L 2
20 1 U -1
21 0 U 20
22 1 U 21
23 0 U 22
24 1 U 23
25 1 U 4
26 0 U 25
27 1 U 26
28 0 U 27
29 1 U 28
30 1 L 20
31 1 U 30
32 1 U 31
33 1 U 32
34
0 0 U -1
1 1 U 0
2 0 U 1
3 0 U 2
4 1 U 3
5 1 U -1
6 1 U 5
7 0 U 6
8 1 U 7
9 0 U 7
10 1 U -1
11 1 U 10
12 1 U 11
13 1 U 12
14 1 U 13
15 1 L 3
16 0 U 15
17 1 U 16
18 0 U 17
19 1 U 18
20 1 U -1
21 0 U 20
22 1 U 21
23 0 U 22
24 1 U 23
25 1 U 4
26 0 U 25
27 1 U 26
28 0 U 27
29 1 U 28
30 1 L 20
31 1 U 30
32 1 U 31
33 1 U 32
34
0 0 U -1
1 1 U 0
2 0 U 1
3 0 U 2
4 1 U 2
5 1 U -1
6 1 U 5
7 0 U 6
8 1 U 7
9 0 U -1
10 0 L 0
11 1 U 10
12 1 U 11
13 1 U 12
14 1 U 13
15 0 U -1
16 0 U 15
17 1 U 16
18 0 U 17
19 1 U 18
20 0 L 9
21 0 U 20
22 1 U 21
23 0 U 22
24 1 U 23
25 1 U 4
26 0 U 25
27 1 L 10
28 0 U 27
29 1 U 28
30 1 L 20
31 0 U 9
32 1 U 31
33 1 U 32
34
0 0 U -1
1 1 U 0
2 0 U 1
3 1 U 0
4 1 U 3
5 1 U -1
6 1 U 5
7 0 U 6
8 1 U 7
9 0 U 8
10 1 U -1
11 1 U 10
12 1 U 11
13 1 U 12
14 1 U 13
15 0 U -1
16 0 U 15
17 1 U 16
18 0 U 17
19 1 U 18
20 1 U -1
21 0 U 20
22 1 U 21
23 0 U 22
24 1 U 23
25 1 U 4
26 0 U 25
27 1 U 26
28 0 U 27
29 1 U 28
30 1 L 20
31 1 U 30
32 1 U 31
33 1 U 32
34
0 0 U -1
1 1 U 0
2 0 U 1
3 0 U 2
4 1 U 3
5 1 U 3
6 1 U 5
7 0 U 6
8 1 U 7
9 0 U 8
10 1 L 6
11 1 U 10
12 1 U 11
13 0 L 11
14 1 U 13
15 0 U -1
16 0 U -1
17 1 U 16
18 0 U 17
19 1 U 18
20 1 U -1
21 0 U 20
22 0 L 17
23 0 U 22
24 1 U 23
25 1 U 4
26 0 U 25
27 1 U 26
28 0 U 27
29 1 U 28
30 1 L 20
31 1 U 30
32 1 U 31
33 1 U 32
34
0 0 U -1
1 1 U 0
2 0 U 1
3 0 U 2
4 1 U 3
5 1 U -1
6 1 U 5
7 0 U 4
8 1 U 7
9 1 U 5
10 1 U -1
11 1 U 10
12 1 U 11
13 1 U 12
14 1 U 13
15 0 U -1
16 0 U 15
17 1 U 16
18 0 U 17
19 1 U 18
20 0 U 4
21 0 U 20
22 1 U 21
23 0 U 22
24 1 U 15
25 1 U 4
26 0 U 25
27 1 U 26
28 0 U 27
29 1 U 28
30 1 L 28
31 1 U 30
32 1 U 31
33 1 U 32
34
0 0 U -1
1 1 U 0
2 1 L 1
3 0 U 2
4 1 U 2
5 0 L 4
6 1 L 2
7 0 U 6
8 1 U 7
9 0 U 8
10 1 U -1
11 1 U 10
12 1 U 11
13 1 U 12
14 1 U 13
15 0 U -1
16 0 U 15
17 1 U 16
18 0 U 4
19 1 U 18
20 1 U -1
21 0 U 20
22 1 U 21
23 0 U -1
24 1 U 23
25 1 U 10
26 0 U 25
27 1 U 26
28 0 U 27
29 1 U 28
30 1 L 16
31 1 U 30
32 1 U 31
33 1 U 32
34
0 0 U -1
1 1 U 0
2 0 U 1
3 0 U 2
4 1 U 3
5 1 L 3
6 1 U 5
7 0 U 6
8 1 U 7
9 0 U 8
10 1 U -1
11 1 U 10
12 1 U 11
13 1 U 12
14 1 U 13
15 0 U -1
16 0 U 0
17 1 U 16
18 0 U 17
19 1 U 18
20 1 U -1
21 0 U 20
22 1 U 21
23 1 U 0
24 1 U 23
25 1 U 4
26 0 U 25
27 1 U 26
28 0 U 27
29 1 U 28
30 1 L 20
31 1 U 30
32 1 U 31
33 1 U 32
34
0 0 U -1
1 1 U 0
2 0 U 1
3 0 U 2
4 1 U 3
5 1 U -1
6 1 U 5
7 0 U 6
8 1 U 7
9 0 U 8
10 1 U -1
11 1 U 10
12 1 U 11
13 1 U 12
14 1 U 13
15 0 U -1
16 0 U 15
17 0 U 7
18 0 U 17
19 1 U 18
20 1 U -1
21 0 U 20
22 1 U 21
23 0 U 22
24 1 U 23
25 1 U 4
26 0 U 25
27 0 U 13
28 0 U 27
29 1 U 28
30 1 L 20
31 1 U 30
32 1 U 31
33 1 U 32
34
0 0 U -1
1 1 U 0
2 0 U 1
3 0 U 2
4 1 U 3
5 0 U 1
6 1 U 5
7 1 L -1
8 1 U 7
9 0 U 8
10 1 U -1
11 1 U 10
12 1 U 11
13 1 U 12
14 1 U 13
15 0 U -1
16 0 U 15
17 1 U 16
18 0 U 17
19 0 U 8
20 1 U -1
21 1 U 3
22 1 U 21
23 0 U 22
24 1 U 23
25 0 U 13
26 0 U 25
27 1 L 23
28 0 U 27
29 1 U 28
30 1 U 20
31 1 U 30
32 1 U 31
33 1 U 32
34
0 0 U -1
1 1 U 0
2 0 U 0
3 0 U 2
4 1 U 3
5 1 U -1
6 1 U 5
7 0 U 6
8 1 U 7
9 0 U 8
10 1 U -1
11 1 U 10
12 1 U 11
13 1 U 12
14 1 U 5
15 0 U -1
16 0 U 15
17 1 U 16
18 0 U 17
19 1 U 18
20 1 U -1
21 0 U 20
22 1 U 21
23 0 U 22
24 1 U 23
25 1 U 4
26 0 U 25
27 1 U 26
28 0 U 27
29 1 U 28
30 1 L 20
31 1 U 30
32 1 U 31
33 0 U 3
34
0 0 U -1
1 1 U 0
2 1 U -1
3 0 U 2
4 0 L 2
5 1 U -1
6 1 U 5
7 0 U 6
8 1 U 7
9 0 U 8
10 1 U -1
11 1 U 10
12 1 U 11
13 1 U 12
14 1 U 13
15 0 U -1
16 0 U 15
17 1 U 16
18 0 U 17
19 1 U 18
20 1 U -1
21 0 U 20
22 1 U 6
23 0 U 22
24 1 U 23
25 1 U 4
26 0 U 25
27 1 U 26
28 0 U 27
29 1 U 28
30 1 L 20
31 1 U 30
32 1 U 31
33 1 U 32
34
0 0 U -1
1 1 U 0
2 0 U 1
3 0 U 2
4 1 U 3
5 1 U -1
6 1 U 5
7 0 U 6
8 1 U 7
9 0 U 7
10 1 U -1
11 1 U 10
12 1 U 11
13 1 U 12
14 1 U 13
15 0 U -1
16 0 U 15
17 1 U 16
18 0 U 17
19 1 U 18
20 1 U -1
21 0 U 20
22 1 U 21
23 0 U 22
24 1 U 10
25 1 U 4
26 0 U 25
27 1 U 26
28 0 U 27
29 1 U 28
30 1 L 20
31 1 U 30
32 1 U 31
33 1 U 32
34
0 0 U -1
1 1 U 0
2 0 U 1
3 0 U 2
4 1 U 3
5 0 U 2
6 1 U 5
7 0 U 6
8 1 L 0
9 0 U 8
10 1 U -1
11 1 U 10
12 1 U 11
13 1 U 12
14 1 U 13
15 0 U -1
16 0 L 4
17 1 U 16
18 0 U 17
19 1 U 18
20 1 U -1
21 0 U 20
22 1 U 21
23 1 U 12
24 1 U 23
25 1 U 4
26 0 U 25
27 1 U 26
28 0 U 27
29 1 U 28
30 1 L 20
31 0 U 9
32 1 U 31
33 0 U 6
34
0 0 U -1
1 1 U 0
2 0 U 1
3 0 U 2
4 1 U 3
5 0 U 1
6 1 U 5
7 0 U 6
8 1 U 7
9 0 U 8
10 1 U -1
11 1 U 10
12 1 U 11
13 1 U 12
14 1 U 13
15 0 U -1
16 1 U 13
17 1 U 16
18 0 U 17
19 1 U 18
20 1 U -1
21 0 U 20
22 1 U 4
23 0 U 22
24 1 U 23
25 1 U 4
26 1 L 19
27 1 U 26
28 0 U 27
29 1 U 28
30 1 L 20
31 1 U 30
32 1 U 31
33 1 U 32
34
0 0 U -1
1 1 U 0
2 0 U 1
3 0 U 2
4 0 L 0
5 1 L -1
6 1 U 5
7 0 U 6
8 1 U 7
9 0 U 8
10 1 U -1
11 1 U 9
12 1 U 11
13 1 U 12
14 1 U 13
15 0 U -1
16 0 U 15
17 0 L 0
18 0 U 17
19 1 U 18
20 1 U -1
21 0 U 20
22 1 U 21
23 0 U 22
24 1 U 23
25 1 U 4
26 0 U 25
27 1 U 26
28 0 U 27
29 1 U 28
30 1 L 20
31 1 U 30
32 1 U 31
33 1 U 32
34
0 0 U -1
1 1 U 0
2 0 U 1
3 0 U 2
4 0 L 3
5 1 U -1
6 1 U 5
7 0 U 6
8 1 U 7
9 0 U 8
10 1 U -1
11 1 U 10
12 1 U 11
13 0 L 1
14 1 U 13
15 1 U 0
16 0 U 15
17 1 U 16
18 0 U 17
19 1 U 18
20 1 U -1
21 0 U 20
22 1 U 21
23 0 U 22
24 1 U 23
25 1 U 4
26 0 U 25
27 1 U 26
28 0 U 27
29 1 U 28
30 1 L 20
31 1 U 30
32 1 U 31
33 1 U 32
34
0 0 U -1
1 1 U 0
2 0 U 1
3 0 U 2
4 1 U 3
5 1 U -1
6 1 U 5
7 0 U 6
8 1 U 7
9 0 U 8
10 1 U -1
11 1 U 10
12 1 U 11
13 1 U 12
14 1 U 13
15 0 U -1
16 0 U 15
17 0 L 5
18 0 U 17
19 1 U 18
20 1 U -1
21 0 U 20
22 1 U 21
23 0 U 22
24 1 U 23
25 1 L 5
26 0 U 25
27 1 U 26
28 0 U 27
29 1 U 28
30 1 L 20
31 0 U 28
32 1 U 31
33 1 U 32
34
0 1 U -1
1 1 U 0
2 0 U -1
3 0 U 2
4 1 U 3
5 1 U -1
6 1 U 5
7 0 U 6
8 1 U 7
9 0 U 8
10 1 L 5
11 1 U 10
12 1 U 11
13 1 U 12
14 1 U 13
15 0 U -1
16 0 U 15
17 1 U 16
18 0 U 17
19 1 U 18
20 1 U -1
21 0 U 20
22 1 U 21
23 0 U 22
24 1 U 23
25 1 U 4
26 0 U 25
27 1 U 26
28 0 U 27
29 1 U 28
30 1 L 1
31 1 U 30
32 1 U 31
33 1 U 32
34
0 0 U -1
1 1 L -1
2 0 U 1
3 0 U 2
4 1 U 3
5 1 U -1
6 1 U 5
7 0 U 6
8 1 U 7
9 0 U 8
10 1 U -1
11 1 U 10
12 1 U 11
13 1 U 12
14 1 U 13
15 0 U -1
16 0 U 15
17 1 U 16
18 0 U 17
19 1 U 18
20 1 U -1
21 0 U 20
22 1 U 21
23 0 U 22
24 1 U 23
25 1 U 4
26 0 U 25
27 1 U 26
28 0 U 27
29 1 U 28
30 1 L 20
31 1 U 30
32 1 U 31
33 1 U 32
34
0 0 U -1
1 1 U 0
2 0 U 1
3 1 L -1
4 1 U 3
5 1 U -1
6 1 L -1
7 0 U 6
8 1 U 7
9 0 U 8
10 1 U -1
11 1 U 10
12 1 U 11
13 1 U 12
14 1 L 12
15 0 U -1
16 0 U 15
17 1 U 16
18 0 U 17
19 1 U 18
20 1 U -1
21 0 U 20
22 1 U 21
23 0 U 22
24 1 U 23
25 1 U 4
26 0 U 25
27 1 U 26
28 0 U 27
29 1 U 28
30 1 L 20
31 1 U 30
32 1 U 31
33 1 U 32
