87
0 0 U -1
1 1 U 0
2 0 U 1
3 0 U 2
4 1 U 3
5 1 U 4
6 1 U 5
7 0 U 6
8 0 U 7
9 1 U -1
10 1 U 9
11 0 U 10
12 1 U 11
13 0 U 12
14 1 U 13
15 1 U 14
16 1 U 15
17 0 U 16
18 1 U -1
19 0 U 18
20 1 U 19
21 1 U 20
22 1 U 21
23 0 U 22
24 0 U 23
25 0 U 24
26 0 U 25
27 1 U -1
28 0 U 27
29 1 U 28
30 1 U 29
31 0 U 30
32 1 U 31
33 0 U 32
34 1 U 33
35 0 U 34
36 0 U -1
37 0 U 36
38 1 U 37
39 1 U 38
40 0 U 39
41 1 U 40
42 1 U 41
43 1 U 42
44 1 U 43
45 1 U -1
46 0 U 45
47 0 U 46
48 1 U 47
49 1 U 48
50 0 U 49
51 0 U 50
52 1 U 51
53 1 U 52
54 1 U -1
55 0 U 54
56 0 U 55
57 0 U 56
58 1 U 57
59 1 U 58
60 1 U 59
61 1 U 60
62 1 U 61
63 1 U -1
64 1 U 63
65 0 U 64
66 0 U 65
67 0 U 66
68 0 U 67
69 1 U 68
70 0 U 69
71 1 U 70
72 1 U -1
73 0 U 72
74 0 U 73
75 1 U 74
76 0 U 75
77 1 U 76
78 1 U 77
79 1 U 78
80 0 U 79
81 0 U -1
82 1 U 81
83 1 U 82
84 1 U 83
85 1 U 84
86 1 U 85
87
0 0 U -1
1 1 U 0
2 0 U 1
3 0 U 2
4 1 U 3
5 0 L 2
6 1 U 5
7 0 U 6
8 0 U 7
9 1 U -1
10 1 U 9
11 0 U 10
12 1 U 11
13 0 U 12
14 1 U 13
15 1 U 14
16 1 U 15
17 0 U 16
18 1 U -1
19 0 U 18
20 1 U 19
21 1 U 20
22 1 U 21
23 0 U 22
24 0 U 23
25 0 U 24
26 0 U 25
27 1 U -1
28 0 U 27
29 1 U 28
30 1 U 29
31 0 U 30
32 1 U 31
33 0 U 32
34 1 U 33
35 0 U 34
36 0 U -1
37 0 U 36
38 1 U 37
39 1 U 38
40 0 U 39
41 1 U 40
42 1 U 41
43 1 U 42
44 1 U 43
45 1 U -1
46 0 U 45
47 0 U 46
48 1 U 47
49 1 U 48
50 0 U 49
51 0 U 50
52 1 L 32
53 1 U 52
54 1 U -1
55 0 U 54
56 0 U 55
57 0 U 56
58 1 U 57
59 1 U 58
60 1 U 59
61 1 U 60
62 1 U 61
63 1 U -1
64 1 U 63
65 0 U 64
66 0 U 65
67 0 U 66
68 1 L 64
69 1 U 68
70 0 U 69
71 1 U 70
72 1 U -1
73 0 U 72
74 0 U 73
75 1 U 74
76 1 U 27
77 1 U 76
78 1 U 77
79 1 U 78
80 0 U 79
81 0 U -1
82 1 U 81
83 0 U 81
84 1 U 83
85 1 L 84
86 1 U 85
87
0 0 U -1
1 1 U 0
2 0 L -1
3 0 U 2
4 1 U 3
5 1 U 4
6 1 L 0
7 0 U 6
8 0 U 7
9 1 U -1
10 1 U 9
11 0 U 10
12 0 U 4
13 0 U 12
14 0 L 8
15 1 U 14
16 1 U 15
17 0 U 16
18 1 U -1
19 0 U 18
20 1 U 19
21 1 U 20
22 1 U 21
23 0 U 22
24 0 U 23
25 0 U 24
26 0 U 25
27 1 U -1
28 0 U 27
29 1 U 28
30 1 U 29
31 1 L 20
32 1 U 31
33 0 U 32
34 1 U 33
35 0 U 34
36 0 U -1
37 0 U 36
38 1 U 37
39 1 U 38
40 0 U 39
41 1 U 40
42 1 U 41
43 1 U 42
44 1 U 43
45 1 U -1
46 0 U 45
47 0 U 40
48 1 U 47
49 1 U 48
50 0 U 49
51 0 U 50
52 1 U 51
53 1 U 52
54 1 U -1
55 0 U 54
56 0 U 55
57 0 U 56
58 1 U 57
59 1 U 58
60 1 U 59
61 1 U 60
62 1 U 61
63 1 U -1
64 1 U 63
65 0 U 64
66 0 U 65
67 0 U 66
68 0 U 67
69 1 U 68
70 0 U 69
71 1 U 70
72 1 U -1
73 0 U 72
74 0 U 73
75 1 U 74
76 0 U 75
77 1 U 76
78 1 U 77
79 1 U 78
80 1 U 9
81 0 U -1
82 1 U 81
83 1 U 82
84 1 U 83
85 1 U 84
86 1 U 85
87
0 0 U -1
1 1 U 0
2 0 U 1
3 0 U 2
4 1 U 3
5 1 U 4
6 1 U 5
7 0 U 6
8 0 U 6
9 1 U -1
10 1 U 9
11 0 U 10
12 1 U 11
13 0 U 12
14 1 U 13
15 1 U 14
16 1 U 15
17 0 U 16
18 1 U -1
19 0 U 17
20 1 U 19
21 1 U 20
22 1 U 21
23 0 U 22
24 0 U 23
25 0 U 24
26 0 U 25
27 1 U -1
28 0 U 27
29 1 U 28
30 1 U 29
31 0 U 30
32 1 U 31
33 0 U 32
34 1 U 33
35 0 U 34
36 0 U -1
37 1 U 0
38 1 U 37
39 1 U 38
40 0 U 39
41 1 U 40
42 1 U 41
43 1 U 42
44 1 U 43
45 1 L 29
46 0 U 45
47 0 U 46
48 1 U 47
49 1 U 48
50 0 U 49
51 0 U 50
52 1 U 51
53 1 U 52
54 1 U -1
55 0 U 54
56 0 U 55
57 0 U 56
58 1 U 57
59 1 U 58
60 1 U 59
61 1 L 41
62 0 U 53
63 1 U -1
64 1 U 63
65 0 U 64
66 0 U 65
67 0 U 66
68 1 U 28
69 1 U 68
70 0 U 69
71 1 U 70
72 1 U -1
73 0 U 72
74 0 U 73
75 1 U 74
76 0 U 75
77 1 U 76
78 1 U 77
79 1 U 78
80 0 U 79
81 0 U -1
82 1 U 81
83 1 U 82
84 1 U 21
85 1 U 84
86 1 U 85
87
0 0 U -1
1 1 U 0
2 0 L -1
3 0 U 2
4 1 U 3
5 1 U 4
6 1 U 5
7 0 U 6
8 0 L 3
9 1 U -1
10 1 U 9
11 0 U 10
12 1 U 11
13 0 U 12
14 1 U 13
15 1 U 14
16 1 U 15
17 0 U 16
18 1 U -1
19 0 U 18
20 1 U 19
21 1 U 20
22 1 U 21
23 0 L 4
24 0 U 23
25 0 U 24
26 0 U 25
27 1 U -1
28 0 U 27
29 1 U 28
30 1 U 24
31 0 U 30
32 1 U 31
33 0 U 32
34 0 U 7
35 0 U 34
36 1 L 12
37 0 U 36
38 1 L 2
39 1 U 38
40 0 U 39
41 1 U 40
42 1 L 22
43 1 U 42
44 1 U 43
45 1 U -1
46 0 U 45
47 0 U 46
48 1 U 35
49 1 U 48
50 0 U 49
51 0 U 50
52 1 U 51
53 1 U 52
54 1 U -1
55 0 U 54
56 0 U 55
57 0 U 56
58 1 U 57
59 1 U 58
60 1 U 59
61 1 U 60
62 1 U 61
63 1 U -1
64 1 U 63
65 0 U 64
66 0 U 65
67 0 U 66
68 0 U 67
69 1 U 68
70 0 U 69
71 1 U 70
72 1 U -1
73 0 U 72
74 0 U 73
75 1 L 21
76 0 U 75
77 0 L 14
78 1 U 77
79 1 U 78
80 0 U 79
81 0 U -1
82 1 U 81
83 1 U 82
84 1 U 83
85 1 U 84
86 1 U 85
87
0 0 U -1
1 1 U 0
2 0 L -1
3 0 U 2
4 1 U 3
5 1 U 4
6 1 U 5
7 0 U 6
8 0 L 3
9 1 U -1
10 1 U 9
11 0 U 10
12 1 U 11
13 0 U 12
14 1 U 13
15 1 U 14
16 1 U 15
17 1 U 3
18 1 U -1
19 0 U 18
20 1 U 19
21 1 U 20
22 1 U 21
23 0 L 4
24 0 U 23
25 0 U 24
26 1 U 16
27 1 U -1
28 0 U 27
29 1 U 28
30 1 U 24
31 0 U 30
32 1 U 31
33 0 U 32
34 0 U 7
35 0 U 34
36 1 L 12
37 0 U 18
38 1 L 2
39 1 L 22
40 0 U 38
41 1 U 40
42 1 L 22
43 1 U 3
44 1 U 43
45 1 U -1
46 0 U 45
47 0 U 46
48 1 U 35
49 1 U 48
50 0 U 49
51 0 U 50
52 1 U 51
53 1 U 52
54 1 U -1
55 0 U 54
56 0 U 55
57 0 U 56
58 1 U 57
59 1 U 58
60 1 U 59
61 1 U 60
62 1 U 61
63 1 U -1
64 1 U 63
65 0 U 49
66 0 U 65
67 0 U 66
68 0 U 67
69 1 U 68
70 0 U 69
71 1 U 70
72 1 U -1
73 0 L 61
74 0 U 73
75 1 L 21
76 0 U 75
77 0 L 14
78 1 U 77
79 1 U 78
80 0 U 79
81 0 U -1
82 1 U 81
83 0 L 11
84 1 U 83
85 1 L 52
86 1 U 85
87
0 1 U -1
1 1 U 0
2 0 L -1
3 0 U 2
4 1 U 3
5 1 U 4
6 1 U 5
7 0 U 6
8 0 L 3
9 1 U -1
10 1 U 9
11 0 U 10
12 1 U 11
13 0 U 12
14 1 U 13
15 1 U 14
16 1 U 15
17 0 U 16
18 1 U -1
19 0 U 18
20 1 U 19
21 1 U 20
22 1 U 21
23 0 L 4
24 0 U 23
25 0 U 24
26 0 U 25
27 1 U -1
28 0 U 27
29 1 U 28
30 1 U 24
31 0 U 30
32 1 U 31
33 0 U 32
34 0 U 7
35 0 U 34
36 1 U 15
37 0 U 36
38 1 L 2
39 1 U 38
40 0 U 39
41 1 U 40
42 1 L 22
43 1 U 42
44 1 U 43
45 1 U -1
46 0 U 45
47 0 U 46
48 1 U 35
49 1 U 20
50 0 U 49
51 0 U 50
52 1 U 51
53 1 U 52
54 1 U -1
55 0 U 54
56 0 U 55
57 0 U 56
58 1 U 57
59 0 L 40
60 1 U 59
61 1 U 17
62 1 L 14
63 1 U -1
64 1 U 63
65 0 U 64
66 0 U 65
67 1 U 23
68 0 U 67
69 1 U 68
70 0 U 69
71 1 U 70
72 1 U -1
73 0 U 72
74 0 U 73
75 1 L 59
76 0 U 75
77 0 L 14
78 1 U 77
79 1 U 78
80 0 U 79
81 0 U -1
82 1 U 81
83 1 U 82
84 1 U 83
85 1 U 84
86 1 U 85
87
0 0 U -1
1 1 U 0
2 0 L -1
3 0 U 2
4 1 U 3
5 1 U 4
6 1 U 5
7 0 U 6
8 0 L 3
9 1 U -1
10 1 U 9
11 0 U 10
12 1 U 11
13 0 U 12
14 0 L 9
15 1 U 14
16 1 U 15
17 0 U 16
18 1 U -1
19 0 U 18
20 1 U 19
21 1 U 20
22 1 U 21
23 1 U 8
24 0 U 23
25 0 U 24
26 0 U 25
27 1 U -1
28 0 U 27
29 1 U 1
30 1 U 24
31 0 U 20
32 1 U 31
33 0 U 32
34 0 U 7
35 0 U 34
36 1 L 12
37 0 U 36
38 1 L 2
39 1 U 38
40 0 U 39
41 1 U 40
42 1 L 22
43 1 U 42
44 1 U 43
45 1 U -1
46 0 U 45
47 0 U 46
48 1 U 35
49 0 L 9
50 0 U 49
51 0 L 31
52 1 U 51
53 1 U 52
54 1 U -1
55 0 U 54
56 0 U 55
57 0 U 56
58 1 U 57
59 1 U 58
60 1 U 59
61 1 U 60
62 1 U 61
63 1 U -1
64 1 U 63
65 0 U 64
66 0 U 65
67 0 U 66
68 0 U 67
69 1 U 68
70 0 U 57
71 1 U -1
72 1 U -1
73 0 U 72
74 0 L 20
75 1 L 21
76 0 U 75
77 0 L 14
78 1 U 77
79 1 U 78
80 0 U 69
81 0 U -1
82 0 U 71
83 1 U 82
84 1 U 83
85 1 U 84
86 1 U 85
87
0 0 U -1
1 1 U 0
2 0 L -1
3 0 U 2
4 1 U 3
5 1 U 4
6 1 U 5
7 0 U 6
8 0 L 3
9 1 U -1
10 1 U 9
11 0 U 10
12 1 U 11
13 0 U 12
14 1 U 13
15 1 U 14
16 1 U 15
17 0 U 16
18 1 U -1
19 0 U 18
20 1 U 19
21 1 U 20
22 1 U 21
23 0 L 4
24 0 U 23
25 0 U 24
26 0 U 22
27 1 U -1
28 0 U 27
29 1 U 28
30 1 U 24
31 0 U 30
32 1 U 31
33 0 U 32
34 0 U 7
35 0 U 14
36 1 L 12
37 0 U 36
38 1 L 2
39 1 U 38
40 0 U 39
41 1 U 40
42 1 L 22
43 1 U 42
44 1 U 43
45 1 U -1
46 0 U 45
47 0 U 46
48 1 U 35
49 1 U 48
50 1 U 39
51 0 U 50
52 1 U 51
53 1 U 52
54 1 U -1
55 1 L 10
56 0 U 55
57 0 U 56
58 1 U 57
59 1 U 58
60 1 U 59
61 1 U 60
62 1 U 61
63 1 U -1
64 1 U 63
65 0 U 64
66 0 U 65
67 0 U 66
68 0 U 67
69 1 U 68
70 0 U 69
71 1 U 70
72 1 U -1
73 0 U 72
74 0 U 73
75 1 L 21
76 0 U 75
77 0 L 14
78 1 U 77
79 1 U 78
80 0 U 79
81 0 U -1
82 1 U 81
83 0 U 67
84 1 L -1
85 1 U 84
86 1 U 85
87
0 0 U -1
1 1 U 0
2 1 U -1
3 0 U 2
4 1 U 3
5 1 U 4
6 1 L 2
7 0 U 6
8 0 L 3
9 1 U -1
10 1 U 9
11 0 U 10
12 1 U 11
13 0 L 0
14 1 U 13
15 1 U 14
16 1 U 15
17 0 U 16
18 1 U -1
19 0 U 18
20 1 U 19
21 1 U 20
22 1 U 21
23 0 L 4
24 0 U 23
25 0 U 24
26 0 U 25
27 1 U -1
28 0 U 27
29 1 U 28
30 1 U 24
31 0 U 30
32 1 U 31
33 0 U 32
34 0 U 7
35 0 U 34
36 1 L 12
37 0 U 27
38 1 L 2
39 1 U 38
40 0 U 39
41 1 U 40
42 1 L 22
43 1 U 42
44 1 U 43
45 1 U -1
46 0 U 45
47 0 U 46
48 1 U 35
49 1 U 48
50 0 U 49
51 0 U 50
52 1 U 51
53 1 U 20
54 1 U -1
55 1 L 14
56 0 U 55
57 0 U 56
58 1 U 57
59 1 U 58
60 1 U 59
61 1 L -1
62 1 U 61
63 1 U -1
64 1 U 63
65 0 U 64
66 0 U 65
67 0 U 66
68 0 U 67
69 1 U 68
70 0 U 69
71 1 U 70
72 1 U -1
73 0 U 72
74 0 U 73
75 1 L 21
76 0 U 75
77 0 L 14
78 1 U 77
79 1 U 78
80 0 U 79
81 0 U -1
82 1 L 55
83 1 L 19
84 1 U 83
85 1 U 84
86 1 U 85
87
0 0 U -1
1 1 U 0
2 1 U -1
3 0 U 2
4 1 U 3
5 1 U 0
6 1 L 2
7 0 U 6
8 0 L 3
9 1 U -1
10 1 U 9
11 0 U 10
12 1 U 11
13 1 U 10
14 1 U 13
15 1 U 14
16 1 U 15
17 0 U 16
18 1 U -1
19 0 U 18
20 1 U 19
21 1 U 20
22 1 U 21
23 0 L 4
24 0 U 23
25 0 U 24
26 0 U 25
27 1 U -1
28 0 U 27
29 1 U 28
30 1 U 24
31 0 U 30
32 1 U 31
33 0 U 32
34 0 U 7
35 0 U 34
36 1 L 12
37 0 U 27
38 1 L 2
39 1 U 38
40 0 U 39
41 1 U 40
42 1 L 22
43 1 U 42
44 1 U 43
45 1 U -1
46 0 U 45
47 0 U 46
48 1 U 35
49 1 U 48
50 0 U 49
51 0 U 50
52 1 U 51
53 1 U 20
54 1 U -1
55 1 L 14
56 0 U 55
57 0 U 56
58 1 U 57
59 1 U 58
60 1 U 59
61 0 U 42
62 1 U 61
63 1 U -1
64 1 U 63
65 0 U 64
66 0 U 65
67 0 U 66
68 0 U 67
69 1 U 68
70 0 U 69
71 1 U 70
72 1 U -1
73 0 U 72
74 0 U 73
75 1 L 21
76 0 U 75
77 0 L 14
78 1 U 77
79 1 U 78
80 0 U 79
81 0 U -1
82 1 L 55
83 1 L 19
84 1 U 83
85 1 U 84
86 1 U 85
87
0 0 U -1
1 1 U 0
2 1 U -1
3 0 U 2
4 1 U 3
5 0 U 2
6 1 L 2
7 0 U 6
8 0 L 3
9 1 U -1
10 1 U 9
11 0 U 10
12 1 U 11
13 0 L 0
14 1 U 13
15 0 L 8
16 1 U 15
17 0 U 16
18 1 U 15
19 0 U 18
20 1 U 19
21 1 U 20
22 1 U 21
23 0 L 4
24 0 U 23
25 0 U 24
26 0 U 25
27 0 L 16
28 0 U 27
29 1 U 28
30 1 U 24
31 1 U 29
32 1 U 31
33 1 L 21
34 1 L 8
35 0 U 34
36 1 L 12
37 0 U 27
38 1 L 2
39 1 U 38
40 0 U 39
41 1 U 40
42 1 L 22
43 1 U 42
44 1 U 43
45 1 U -1
46 0 U 45
47 0 U 46
48 1 U 35
49 1 U 48
50 0 U 49
51 0 U 50
52 1 U 51
53 1 U 20
54 1 U -1
55 1 L 14
56 0 U 55
57 0 U 56
58 1 U 57
59 1 U 58
60 1 U 59
61 0 L 0
62 1 U 61
63 1 U -1
64 0 U 6
65 0 U 59
66 0 U 65
67 0 U 49
68 0 U 67
69 1 U 68
70 0 U 69
71 1 U 70
72 1 U 42
73 0 U 72
74 0 U 73
75 1 L 21
76 0 U 75
77 0 L 14
78 1 U 77
79 1 U 78
80 1 L 49
81 0 L 65
82 1 L 55
83 1 L 19
84 1 U 19
85 1 U 84
86 1 U 85
87
0 0 U -1
1 1 U 0
2 1 L 1
3 0 U 2
4 1 U 3
5 0 U 3
6 1 L 2
7 0 U 6
8 0 L 3
9 1 U -1
10 1 U 9
11 0 U 10
12 1 U 11
13 0 L 0
14 1 U 13
15 1 U 14
16 1 U 15
17 0 U 16
18 0 L 15
19 0 U 18
20 1 U 19
21 1 U 20
22 1 U 21
23 1 L 13
24 0 U 23
25 1 U 2
26 0 U 25
27 1 U -1
28 0 U 27
29 1 U 28
30 1 U 24
31 0 U 30
32 1 U 31
33 0 U 32
34 0 U 7
35 0 U 34
36 1 L 12
37 0 U 27
38 1 L 2
39 1 U 38
40 0 L -1
41 1 U 40
42 1 L 22
43 1 U 42
44 1 U 43
45 1 U -1
46 0 U 45
47 0 U 46
48 1 U 35
49 1 L 6
50 0 L 18
51 0 U 50
52 1 U 51
53 1 U 20
54 1 U -1
55 1 L 14
56 0 U 55
57 0 U 56
58 1 U 57
59 1 U 58
60 1 U 59
61 0 U 0
62 1 U 61
63 1 U -1
64 1 U 63
65 0 U 64
66 0 U 12
67 0 U 66
68 0 U 67
69 1 U 68
70 0 U 69
71 1 U 70
72 1 U -1
73 0 U 72
74 0 U 73
75 0 U 30
76 0 U 75
77 0 L 14
78 0 L 31
79 1 U 78
80 0 U 79
81 0 U -1
82 1 L 55
83 1 L 19
84 1 U 83
85 0 U 45
86 1 U 85
87
0 0 U -1
1 1 U 0
2 1 U -1
3 0 U 2
4 1 U 3
5 1 U 4
6 1 L 2
7 0 U 6
8 0 L 3
9 1 U -1
10 1 U 9
11 0 U 10
12 1 U 11
13 0 L 0
14 1 U 13
15 0 U 6
16 1 U 15
17 0 U 16
18 1 U -1
19 0 U 18
20 1 U 19
21 1 U 20
22 1 U 21
23 0 L 4
24 0 U 23
25 0 U 24
26 0 U 25
27 1 U -1
28 0 U 27
29 1 U 28
30 1 U 24
31 0 U 30
32 1 U 31
33 0 U 32
34 0 U 7
35 0 U 34
36 1 L 12
37 0 U 27
38 1 L 2
39 1 U 38
40 0 U 39
41 1 U 40
42 1 L 22
43 1 U 42
44 1 U 43
45 1 U -1
46 0 U 45
47 0 U 46
48 1 U 35
49 1 U 48
50 0 U 49
51 0 U 50
52 1 U 51
53 1 U 20
54 1 U -1
55 1 L 14
56 0 U 55
57 1 U 13
58 1 U 57
59 1 U 58
60 1 U 59
61 1 L -1
62 1 U 61
63 1 U -1
64 1 U 63
65 0 U 64
66 0 U 65
67 0 U 58
68 0 U 67
69 0 L 13
70 0 U 69
71 1 U 70
72 1 U -1
73 0 U 72
74 0 U 73
75 1 L 21
76 0 U 75
77 0 L 14
78 1 U 77
79 1 U 78
80 0 U 79
81 0 U 66
82 1 L 55
83 1 L 19
84 1 U 83
85 1 U 84
86 1 U 85
87
0 0 U -1
1 1 U 0
2 0 U -1
3 0 U 2
4 1 U 3
5 1 U 4
6 1 L 2
7 0 U 6
8 0 L 3
9 1 U -1
10 0 L 3
11 0 U 10
12 1 U 11
13 0 L 0
14 1 U 13
15 1 U 14
16 1 U 15
17 0 U 16
18 1 U -1
19 0 U 18
20 1 U 19
21 1 U 20
22 1 U 21
23 0 L 4
24 0 U 23
25 0 U 24
26 0 U 25
27 1 U -1
28 0 U 27
29 0 L 17
30 1 U 24
31 1 U 26
32 1 U 31
33 0 U 32
34 0 U 7
35 1 U 7
36 1 L 12
37 0 U 30
38 1 L 2
39 1 U 38
40 0 U 39
41 1 U 40
42 1 L 22
43 1 U 16
44 1 U 43
45 1 U -1
46 0 U 45
47 0 U 46
48 1 U 35
49 1 U 48
50 0 U 49
51 0 U 50
52 1 U 51
53 1 U 20
54 0 U 13
55 1 L 14
56 0 U 55
57 0 U 56
58 1 U 57
59 1 U 58
60 1 U 59
61 1 L -1
62 1 U 61
63 1 U -1
64 1 U 63
65 0 U 64
66 0 U 65
67 0 U 66
68 0 U 67
69 1 U 68
70 0 L 36
71 1 L 59
72 1 U -1
73 0 U 72
74 0 U 73
75 1 L 21
76 0 U 75
77 0 L 14
78 0 U 27
79 1 U 78
80 0 U 79
81 0 U -1
82 1 L 55
83 1 L 19
84 1 U 83
85 1 U 84
86 1 U 85
87
0 0 U -1
1 1 U 0
2 1 U -1
3 0 U 2
4 1 U 3
5 1 U 4
6 1 L 2
7 0 U 6
8 0 L 3
9 1 U -1
10 1 U 9
11 0 U 10
12 1 U 11
13 0 L 0
14 1 U 13
15 1 U 14
16 1 U 15
17 0 U 16
18 1 U -1
19 0 U 18
20 1 U 19
21 1 U 20
22 1 U 21
23 0 L 4
24 0 U 23
25 0 U 24
26 0 U 25
27 1 U -1
28 1 U 7
29 1 U 28
30 1 U 24
31 0 U 30
32 1 U 31
33 0 U 32
34 0 L 5
35 1 U 27
36 1 L 12
37 0 U 27
38 0 L 29
39 1 U 38
40 0 U 39
41 1 U 40
42 1 L 22
43 1 U 42
44 1 U 43
45 1 U -1
46 0 U 45
47 0 U 46
48 0 L 13
49 1 U 48
50 0 U 49
51 0 U 50
52 1 U 51
53 1 U 37
54 0 L 47
55 1 L 14
56 0 U 55
57 0 L 45
58 1 U 57
59 1 U 58
60 1 U 59
61 1 L -1
62 1 U 61
63 1 U -1
64 1 U 63
65 0 U 64
66 0 U 65
67 0 U 66
68 0 L 59
69 1 U 68
70 0 U 69
71 1 U 70
72 1 U -1
73 0 U 72
74 0 U 73
75 1 L 21
76 0 U 75
77 0 L 14
78 1 U 77
79 1 U 78
80 0 U 79
81 0 U -1
82 1 L 55
83 1 L 19
84 1 U 83
85 1 U 84
86 1 U 85
87
0 0 U -1
1 1 U 0
2 1 U -1
3 0 U 2
4 1 U 3
5 1 U 4
6 1 L 2
7 0 U 6
8 0 L 3
9 1 U -1
10 1 U 9
11 0 U 10
12 1 U 11
13 0 L 0
14 1 U 13
15 1 U 14
16 1 U 15
17 0 U 16
18 0 U 14
19 0 U 18
20 1 U 19
21 1 U 20
22 1 L 18
23 0 L 4
24 0 U 23
25 1 U 10
26 0 U 25
27 1 U -1
28 0 U 27
29 1 U 28
30 1 U 24
31 0 U 30
32 1 U 31
33 0 U 32
34 1 U 1
35 0 U 34
36 1 L 12
37 0 U 22
38 1 L 2
39 1 U 38
40 0 U 39
41 1 U 40
42 1 L 22
43 1 U 42
44 1 U 43
45 1 U -1
46 0 U 45
47 0 U 46
48 1 U 35
49 1 U 48
50 0 U 49
51 0 U 50
52 1 U 51
53 1 U 20
54 1 U -1
55 1 L 14
56 1 U 53
57 0 U 56
58 1 U 57
59 1 U 58
60 1 U 59
61 1 L -1
62 1 U 61
63 1 U -1
64 1 U 63
65 0 U 64
66 0 U 65
67 0 U 66
68 1 L 55
69 1 U 68
70 0 U 69
71 1 U 70
72 1 U -1
73 0 U 72
74 0 U 73
75 1 L 21
76 0 U 75
77 0 L 14
78 1 U 77
79 1 U 78
80 0 U 79
81 0 U -1
82 1 L 55
83 1 L 19
84 1 U 83
85 1 U 84
86 1 U 85
87
0 0 U -1
1 1 U 0
2 1 U -1
3 0 U 2
4 1 U 3
5 1 U 4
6 1 L 2
7 0 U 6
8 0 L 3
9 1 U -1
10 1 U 9
11 0 U 10
12 1 U 11
13 0 L 0
14 1 U 13
15 1 U 14
16 1 L -1
17 0 U 16
18 1 U -1
19 0 U 18
20 1 U 19
21 1 U 20
22 1 U 21
23 0 L 4
24 0 U 23
25 0 U 24
26 0 U 25
27 1 U -1
28 0 U 27
29 1 U 28
30 1 U 24
31 1 L 20
32 0 L 0
33 0 U 32
34 0 U 7
35 0 U 34
36 1 L 12
37 0 U 27
38 1 L 2
39 0 U 17
40 0 U 39
41 1 U 40
42 1 L 22
43 1 U 42
44 1 U 43
45 1 U -1
46 0 U 45
47 0 U 46
48 1 U 35
49 1 U 48
50 0 U 49
51 0 U 50
52 1 U 51
53 1 U 20
54 1 U -1
55 1 L 14
56 0 U 55
57 0 U 12
58 0 L -1
59 1 U 58
60 1 U 59
61 1 L -1
62 1 U 61
63 1 U -1
64 1 U 63
65 0 U 64
66 0 U 65
67 0 U 66
68 0 U 67
69 1 U 68
70 0 U 69
71 1 U 70
72 1 U -1
73 0 U 72
74 0 U 73
75 1 L 21
76 0 U 75
77 0 L 14
78 1 U 77
79 1 U 78
80 0 U 79
81 0 U -1
82 1 L 55
83 1 L 4
84 1 U 83
85 1 U 84
86 1 U 23
87
0 0 U -1
1 1 U 0
2 1 U -1
3 0 U 2
4 1 U 3
5 0 U 1
6 1 L 2
7 0 U 6
8 0 L 3
9 0 U 5
10 1 U 9
11 0 U 10
12 1 U 11
13 0 L 0
14 1 U 13
15 1 U 14
16 1 U 15
17 0 U 11
18 1 U -1
19 0 U 18
20 1 U 19
21 1 U 20
22 1 U 21
23 0 L 4
24 0 U 23
25 0 U 24
26 0 U 25
27 1 U -1
28 0 U 27
29 1 U 28
30 1 U 24
31 0 U 30
32 1 U 31
33 0 U 32
34 0 L 22
35 1 U 25
36 1 L 12
37 0 U 27
38 1 L 2
39 1 U 38
40 1 U 28
41 1 U 40
42 1 L 22
43 1 U 42
44 1 U 43
45 1 U -1
46 0 U 45
47 0 U 46
48 1 U 35
49 1 U 34
50 0 U 49
51 0 U 50
52 1 U 51
53 1 U 20
54 1 U -1
55 1 L 14
56 0 U 55
57 0 U 56
58 1 U 57
59 1 U 58
60 1 U 59
61 1 L -1
62 1 U 61
63 1 L 4
64 1 U 63
65 0 U 64
66 0 U 65
67 1 L 11
68 0 U 67
69 1 U 68
70 0 L 56
71 1 U 70
72 1 U -1
73 0 U 72
74 0 U 73
75 1 L 21
76 0 U 75
77 0 L 14
78 1 U 77
79 1 U 78
80 0 U 3
81 0 U -1
82 1 L 55
83 1 L 19
84 1 U 83
85 1 U 84
86 1 U 85
87
0 0 U -1
1 1 U 0
2 1 U -1
3 0 U 2
4 1 U 3
5 1 U 4
6 1 L 2
7 0 U 6
8 0 L 3
9 1 U -1
10 1 U 9
11 0 U 10
12 1 U 11
13 0 L 0
14 1 U 13
15 1 U 14
16 1 U 15
17 0 U 16
18 1 U -1
19 0 U 18
20 0 L 1
21 1 U 20
22 1 U 21
23 0 L 4
24 1 L -1
25 0 U 24
26 0 U 25
27 1 L 4
28 1 U 17
29 1 U 28
30 1 U 24
31 0 U 30
32 1 U 31
33 0 U 32
34 0 U 7
35 0 U 34
36 1 L 12
37 0 U 27
38 1 L 2
39 1 U 38
40 0 U 39
41 1 U 40
42 1 L 22
43 1 U 42
44 1 U 43
45 1 U -1
46 0 U 45
47 0 U 46
48 1 U 35
49 1 U 48
50 0 U 49
51 0 U 50
52 1 U 51
53 1 U 20
54 1 U -1
55 1 L 14
56 0 U 55
57 0 U 56
58 1 U 57
59 1 U 58
60 1 U 59
61 1 L -1
62 1 U 61
63 1 U -1
64 1 U 63
65 0 U 64
66 0 U 65
67 0 U 66
68 0 U 67
69 1 U 68
70 1 U 22
71 1 L 38
72 1 U -1
73 0 U 72
74 1 L 58
75 0 L 32
76 0 U 75
77 0 L 14
78 1 U 77
79 1 U 78
80 0 U 79
81 0 U -1
82 1 L 55
83 1 L 19
84 1 U 83
85 1 U 84
86 1 U 85
87
0 0 U -1
1 1 U 0
2 1 U -1
3 1 L -1
4 1 U 3
5 1 U 4
6 1 L 2
7 0 U 6
8 0 L 3
9 1 U -1
10 1 U 9
11 0 L 4
12 1 U 11
13 0 L 0
14 1 U 13
15 1 U 14
16 1 U 15
17 0 U 16
18 1 U -1
19 0 U 18
20 1 U 19
21 1 U 20
22 1 U 8
23 0 L 4
24 0 U 23
25 0 U 7
26 0 U 25
27 1 U -1
28 0 U 27
29 1 U 28
30 0 L 13
31 0 U 30
32 1 U 31
33 0 L 19
34 0 U 7
35 0 U 34
36 1 L 12
37 0 U 30
38 1 L 2
39 1 U 38
40 0 U 39
41 1 U 40
42 1 L 22
43 1 U 42
44 1 U 43
45 1 U -1
46 0 U 45
47 0 U 46
48 1 U 35
49 1 U 48
50 0 U 49
51 0 U 50
52 1 U 51
53 1 U 20
54 1 U -1
55 1 L 38
56 0 U 55
57 0 U 56
58 1 U 57
59 1 U 58
60 1 U 59
61 1 L -1
62 1 U 61
63 1 U -1
64 1 U 63
65 0 U 64
66 0 U 65
67 0 U 66
68 0 U 67
69 1 U 68
70 0 U 69
71 1 U 70
72 1 U -1
73 0 U 72
74 0 U 73
75 1 L 21
76 0 U 75
77 0 L 14
78 1 U 77
79 1 U 78
80 0 U 79
81 0 U -1
82 1 L 55
83 1 L 19
84 1 U 83
85 1 U 84
86 1 U 85
87
0 0 U -1
1 1 U 0
2 1 U -1
3 0 U 2
4 1 U 3
5 1 U 4
6 1 L 2
7 0 U 6
8 0 L 3
9 1 U -1
10 1 U 9
11 0 U 6
12 1 U 11
13 0 L 0
14 1 U 13
15 1 U 14
16 1 U 15
17 0 U 16
18 1 U 16
19 0 U 18
20 1 U 19
21 1 U 20
22 1 U 21
23 0 L 4
24 0 U 23
25 0 U 24
26 0 U 25
27 1 U -1
28 0 U 27
29 1 U 28
30 1 U 24
31 0 U 30
32 1 U 31
33 0 U 32
34 0 U 7
35 0 U 34
36 1 L 12
37 0 U 27
38 1 L 2
39 1 U 38
40 0 U 39
41 1 U 40
42 1 L 22
43 1 U 42
44 0 L 15
45 0 U 17
46 0 U 45
47 0 U 46
48 1 U 35
49 1 U 48
50 0 U 49
51 0 U 50
52 1 U 51
53 1 U 20
54 1 U -1
55 1 L 14
56 0 U 55
57 0 U 56
58 1 U 57
59 1 U 58
60 1 U 59
61 1 L -1
62 1 U 61
63 1 U -1
64 0 U 46
65 0 U 64
66 0 U 65
67 0 U 66
68 0 U 67
69 1 L 38
70 0 U 69
71 1 U 70
72 0 U 60
73 0 U 72
74 0 U 73
75 1 L 21
76 0 U 75
77 0 L 14
78 1 L 70
79 1 L 16
80 0 U 79
81 0 U -1
82 1 L 55
83 1 U 9
84 1 U 83
85 1 U 84
86 1 U 85
87
0 0 U -1
1 1 U 0
2 1 U -1
3 0 U 2
4 1 U 3
5 1 U 4
6 1 L 2
7 0 U 6
8 0 L 3
9 1 U -1
10 1 U 9
11 0 U 6
12 1 U 11
13 0 L 0
14 1 U 13
15 1 U 14
16 1 U 15
17 0 U 16
18 1 U 16
19 1 L 6
20 1 U 19
21 1 U 20
22 1 U 21
23 0 L 4
24 0 U 23
25 0 U 24
26 0 U 25
27 1 U -1
28 0 U 27
29 1 U 28
30 1 U 24
31 0 U 30
32 1 U 31
33 0 U 32
34 1 L 32
35 0 U 34
36 1 L 12
37 0 U 27
38 0 L 20
39 1 U 38
40 0 U 39
41 1 U 40
42 1 L 22
43 1 U 42
44 0 L 15
45 0 U 17
46 0 U 45
47 0 U 46
48 1 U 35
49 1 U 48
50 0 U 49
51 0 U 50
52 1 U 25
53 1 U 20
54 1 U -1
55 1 L 14
56 0 U 55
57 0 U 56
58 1 U 57
59 0 L 5
60 0 U 15
61 1 L -1
62 1 L 22
63 1 U -1
64 0 U 46
65 0 U 64
66 0 U 65
67 0 U 66
68 0 U 32
69 1 L 44
70 0 U 69
71 0 L 53
72 0 U 60
73 0 U 72
74 0 U 73
75 1 L 50
76 0 U 75
77 1 L 18
78 1 L 70
79 1 L 16
80 0 U 79
81 0 U -1
82 1 L 55
83 1 U 9
84 1 U 83
85 1 U 84
86 1 U 85
87
0 0 U -1
1 1 U 0
2 1 U -1
3 0 U 2
4 1 U 3
5 1 U 4
6 1 L 2
7 0 U 6
8 0 L 3
9 1 U -1
10 1 U 9
11 0 U 6
12 1 U 11
13 0 L 0
14 1 U 13
15 1 U 14
16 1 L 0
17 0 U 16
18 1 U 16
19 1 U 8
20 1 U 19
21 1 U 20
22 1 U 21
23 0 L 4
24 0 U 23
25 0 U 24
26 0 U 25
27 1 U -1
28 0 U 27
29 1 U 28
30 1 U 24
31 1 U 20
32 1 U 31
33 0 U 32
34 0 U 7
35 0 U 34
36 1 L 12
37 0 U 27
38 1 L 2
39 1 U 38
40 0 U 39
41 1 U 40
42 1 L 22
43 1 U 42
44 0 L 15
45 0 U 17
46 0 U 45
47 0 U 46
48 1 U 35
49 1 U 48
50 0 U 49
51 0 U 50
52 1 U 51
53 1 U 20
54 1 U -1
55 1 L 14
56 0 U 55
57 0 U 56
58 1 U 57
59 0 L 42
60 0 U 10
61 1 L -1
62 1 U 61
63 1 U -1
64 0 U 46
65 0 U 64
66 0 U 65
67 0 U 66
68 0 U 67
69 1 L 38
70 0 U 69
71 0 U 34
72 0 U 60
73 0 U 72
74 0 U 73
75 1 L 21
76 0 U 75
77 0 L 14
78 1 L 70
79 1 L 16
80 0 U 79
81 1 L 32
82 0 L 10
83 1 U 9
84 1 U 83
85 1 U 84
86 1 U 85
87
0 0 U -1
1 1 U 0
2 1 U -1
3 0 U 2
4 1 L 0
5 1 U 4
6 1 L 2
7 0 U 6
8 0 L 3
9 1 U -1
10 1 U 9
11 0 U 6
12 1 U 11
13 1 L 4
14 1 U 13
15 1 U 14
16 1 U 15
17 0 U 16
18 1 U 16
19 0 U 18
20 1 U 19
21 1 U 20
22 1 U 21
23 0 L 4
24 0 U 23
25 0 U 24
26 0 U 25
27 1 U -1
28 0 U 27
29 1 U 28
30 1 U 24
31 0 U 30
32 1 U 31
33 0 U 32
34 0 U 7
35 0 U 34
36 1 U 15
37 0 U 27
38 1 L 2
39 1 U 38
40 0 U 39
41 1 U 40
42 1 L 22
43 1 U 42
44 0 L 15
45 0 U 17
46 0 U 45
47 0 U 24
48 1 L 14
49 1 U 48
50 0 U 49
51 0 U 50
52 1 U 51
53 1 U 20
54 1 U -1
55 1 L 14
56 0 U 50
57 0 U 56
58 1 U 57
59 1 U 58
60 1 U 59
61 1 L -1
62 1 U 61
63 1 U -1
64 0 U 46
65 0 U 64
66 0 U 65
67 0 U 66
68 0 U 67
69 1 L 30
70 0 U 69
71 1 U 70
72 0 U 60
73 0 U 72
74 0 U 73
75 1 L 21
76 0 U 75
77 0 L 14
78 1 L 70
79 1 L 16
80 0 U 79
81 0 U -1
82 1 L 55
83 1 U 9
84 1 U 83
85 1 U 84
86 1 U 85
87
0 0 U -1
1 1 U 0
2 1 U -1
3 0 U 2
4 1 U 3
5 1 U 4
6 1 L 2
7 0 U 6
8 0 L 3
9 1 U -1
10 1 U 9
11 0 U 6
12 1 U 11
13 0 L 0
14 1 U 13
15 1 U 14
16 1 U 15
17 0 U 16
18 1 U 16
19 0 U 18
20 1 U 19
21 1 U 20
22 1 U 21
23 1 L 16
24 1 L 12
25 0 L 15
26 0 U 4
27 1 U -1
28 0 U 27
29 1 U 28
30 1 U 24
31 0 U 30
32 1 U 31
33 0 U 32
34 0 U 7
35 0 U 34
36 1 L 12
37 0 U 27
38 1 L 2
39 1 U 38
40 1 L 4
41 1 U 40
42 1 L 22
43 1 U 42
44 0 L 15
45 0 U 17
46 0 U 45
47 1 U 36
48 1 U 35
49 1 U 48
50 0 U 49
51 0 U 50
52 1 U 51
53 1 U 20
54 1 U -1
55 1 L 14
56 0 U 55
57 0 U 56
58 1 U 57
59 1 U 58
60 1 U 2
61 1 L -1
62 0 L 9
63 1 U -1
64 0 U 46
65 0 U 64
66 0 U 65
67 0 U 66
68 0 U 67
69 1 L 38
70 0 U 69
71 1 U 70
72 0 U 60
73 0 U 72
74 0 U 73
75 0 U 74
76 0 U 75
77 0 L 14
78 1 L 70
79 1 L 16
80 0 U 79
81 0 U 60
82 1 L 55
83 1 U 9
84 1 U 83
85 1 U 84
86 1 U 85
87
0 0 U -1
1 1 U 0
2 1 U -1
3 0 U 2
4 1 U 3
5 1 U 4
6 1 L 2
7 0 U 6
8 0 L 3
9 1 U -1
10 1 U 9
11 0 U 6
12 1 U 11
13 0 L 0
14 1 U 13
15 1 U 14
16 1 U 15
17 0 U 16
18 1 L 1
19 0 U 18
20 1 U 19
21 1 U 20
22 1 U 21
23 0 L 4
24 0 U 23
25 0 U 24
26 0 U -1
27 1 U -1
28 0 U 27
29 1 U 28
30 1 U 24
31 0 U 30
32 1 U 31
33 0 U 32
34 0 U 7
35 0 U 34
36 1 L 12
37 0 U 27
38 1 L 2
39 1 U 38
40 0 U 39
41 1 U 40
42 1 L 22
43 1 U 42
44 0 L 15
45 0 U 17
46 0 U 45
47 0 U 46
48 1 U 35
49 1 U 48
50 0 U 49
51 0 U 50
52 1 U 51
53 1 U 20
54 1 U -1
55 1 L 14
56 0 U 55
57 0 U 56
58 1 U 57
59 1 U 58
60 1 U 59
61 0 L 25
62 0 L 19
63 1 U -1
64 0 U 46
65 0 U 64
66 0 U 65
67 0 U 66
68 0 U 67
69 1 L 18
70 0 U 69
71 1 U 70
72 0 U 60
73 0 U 72
74 0 U 73
75 1 L 21
76 0 L 70
77 0 L 14
78 1 L 70
79 1 L 16
80 0 U 79
81 0 U -1
82 1 L 55
83 1 U 9
84 1 U 83
85 1 U 84
86 1 U 85
87
0 0 U -1
1 1 U 0
2 1 U -1
3 0 U 2
4 1 U 3
5 1 U 4
6 1 L 2
7 0 U 6
8 0 L 3
9 0 L 4
10 1 U 9
11 1 U 2
12 0 L 10
13 0 L 0
14 0 U 12
15 1 U 14
16 1 U 15
17 0 U 16
18 1 U 16
19 0 U 18
20 1 U 19
21 1 U 20
22 1 U 21
23 0 L 4
24 0 U 23
25 0 U 24
26 0 U 25
27 1 U -1
28 0 U 27
29 1 U 28
30 1 U 24
31 0 U 30
32 0 L 5
33 0 U 32
34 0 U 7
35 0 U 34
36 1 L 12
37 0 L 21
38 1 L 2
39 1 U 38
40 0 U 39
41 1 U 40
42 1 L 22
43 1 U 42
44 0 L 15
45 0 U 17
46 0 U 45
47 0 U 46
48 1 U 35
49 1 U 48
50 1 L 39
51 0 U 50
52 1 U 51
53 0 U 7
54 1 U -1
55 1 L 14
56 0 U 55
57 0 U 56
58 0 L 15
59 1 U 58
60 1 U 59
61 1 L -1
62 1 U 61
63 1 U -1
64 0 U 46
65 0 U 64
66 0 U 57
67 0 U 66
68 1 U 23
69 1 L 38
70 0 U 69
71 1 U 70
72 1 U 28
73 0 U 72
74 0 U 73
75 1 L 21
76 1 U 69
77 0 L 14
78 1 L 70
79 1 L 16
80 0 U 79
81 1 L 5
82 0 L 15
83 1 U 9
84 1 U 83
85 1 U 84
86 1 U 85
87
0 0 U -1
1 1 U 0
2 0 L 0
3 0 U 2
4 1 U 3
5 1 U 4
6 1 L 2
7 0 U 6
8 0 L 3
9 1 U -1
10 1 U 9
11 0 U 6
12 1 U 11
13 0 L 0
14 1 U 13
15 0 L 1
16 1 U 15
17 1 U 5
18 1 U 16
19 0 U 18
20 1 U 19
21 1 U 20
22 1 U 21
23 0 L 4
24 0 U 23
25 0 U 24
26 0 U 25
27 1 U -1
28 0 U 27
29 1 U 28
30 1 U 24
31 0 U 30
32 1 U 31
33 0 U 32
34 0 U 7
35 0 U 34
36 1 L 12
37 0 U 27
38 1 L 2
39 1 U 38
40 0 U 39
41 1 U 40
42 1 L 23
43 1 U 42
44 0 L 15
45 0 U 17
46 0 U 45
47 0 U 46
48 1 U 35
49 1 L 11
50 0 U 49
51 0 U 50
52 1 U 51
53 1 U 10
54 1 U -1
55 1 L 14
56 0 U 55
57 0 U 56
58 1 U 57
59 1 U 58
60 1 U 59
61 1 L 17
62 1 U 61
63 1 U -1
64 0 U 46
65 0 U 64
66 0 U 65
67 0 U 66
68 0 U 67
69 1 L 38
70 0 U 69
71 1 U 70
72 0 U 60
73 0 U 72
74 0 U 73
75 1 L 21
76 0 U 75
77 0 L 14
78 1 L 70
79 1 L 16
80 0 U 79
81 0 U -1
82 1 L 55
83 1 U 9
84 1 U 28
85 1 U 84
86 1 U 85
87
0 0 U -1
1 1 U 0
2 1 U -1
3 0 U 2
4 1 U 3
5 1 U 4
6 1 L 2
7 0 U 6
8 0 L 3
9 1 U -1
10 1 U 9
11 0 U 6
12 1 U -1
13 0 L 0
14 1 U 13
15 1 U 14
16 1 U 15
17 0 U 16
18 1 U 16
19 0 U 18
20 1 U 19
21 1 U 20
22 1 U 21
23 0 L 4
24 0 U 23
25 0 U 24
26 0 U 25
27 1 U -1
28 0 U 27
29 1 U 28
30 1 U 27
31 0 U 30
32 1 U 31
33 0 U 32
34 0 U 7
35 0 U 34
36 1 L 34
37 0 U 27
38 1 L 2
39 1 U 11
40 0 U 39
41 1 U 40
42 1 L 22
43 1 U 42
44 0 L 15
45 0 U 17
46 0 U 45
47 0 U 46
48 1 U 35
49 1 U 48
50 1 U -1
51 0 U 50
52 1 U 51
53 1 U 20
54 1 U -1
55 1 L 14
56 0 U 55
57 0 U 56
58 1 U 57
59 1 U 58
60 1 U 59
61 1 L -1
62 1 U 61
63 1 U -1
64 0 U 46
65 0 U 64
66 0 U 65
67 0 U 66
68 0 U 67
69 1 L 38
70 0 U 69
71 1 U 70
72 0 U 60
73 0 L 13
74 0 U 73
75 1 L 21
76 0 U 75
77 0 U 70
78 1 L 70
79 1 L 16
80 0 U 79
81 0 U -1
82 1 L 55
83 1 U 9
84 1 U 83
85 1 U 84
86 1 U 85
87
0 0 U -1
1 1 U -1
2 1 U -1
3 0 U 2
4 1 U 3
5 1 U 4
6 1 L 2
7 0 U 6
8 1 L 3
9 1 U -1
10 1 U 9
11 0 U 6
12 1 U 11
13 0 L 0
14 1 U 13
15 1 U 14
16 1 U 15
17 0 U 16
18 1 U 16
19 0 U 18
20 1 U 19
21 0 L 9
22 1 U 21
23 0 L 4
24 0 U 23
25 0 U 24
26 0 U 25
27 1 U -1
28 0 U 27
29 0 L 18
30 1 U 24
31 0 U 30
32 1 U 31
33 0 U 7
34 0 U 7
35 0 U 34
36 1 L 12
37 0 U 27
38 1 L 2
39 1 U 38
40 0 U 39
41 0 U 34
42 1 L 22
43 1 U 42
44 0 L 15
45 0 U 17
46 0 U 45
47 0 U 46
48 1 U 35
49 1 U 48
50 0 U 49
51 0 U 50
52 1 U 51
53 1 U 20
54 1 U -1
55 1 L 14
56 0 U 55
57 0 U 30
58 1 U 57
59 1 L 16
60 1 U 59
61 1 L -1
62 1 U 61
63 1 U -1
64 0 U 46
65 0 U 64
66 0 U 65
67 0 U 66
68 0 U 67
69 1 L 38
70 0 U 69
71 1 U 67
72 0 U 60
73 0 U 72
74 0 U 73
75 1 L 21
76 0 U 75
77 1 U 26
78 1 L 70
79 1 L 16
80 0 U 79
81 0 U -1
82 1 L 55
83 1 U 50
84 1 U 83
85 1 U 84
86 1 U 85
87
0 1 L -1
1 1 U 0
2 1 U -1
3 0 U 2
4 1 U 3
5 1 U 4
6 1 L 2
7 0 U 6
8 0 L 3
9 1 U -1
10 1 U 9
11 0 U 6
12 1 U 11
13 0 L 0
14 1 U 13
15 1 U 14
16 1 U 15
17 0 U 16
18 1 U 16
19 0 U 18
20 1 U 19
21 1 U 20
22 1 U 21
23 0 L 4
24 0 U 23
25 0 U 24
26 0 U 25
27 1 U -1
28 0 U 27
29 0 L 7
30 1 U 24
31 0 U 30
32 1 U 31
33 0 U 32
34 0 U 7
35 0 U 34
36 1 L 12
37 0 U 27
38 1 U 14
39 1 U 38
40 0 U 39
41 1 U 40
42 1 L 22
43 1 U 42
44 1 L 34
45 0 U 17
46 0 U 45
47 0 U 46
48 1 U 35
49 1 U 27
50 0 U 49
51 0 U 50
52 1 U 51
53 1 L 52
54 1 U -1
55 1 L 14
56 0 U 55
57 0 U 56
58 1 U 57
59 1 L 14
60 1 U 59
61 1 L -1
62 1 U 61
63 1 U -1
64 0 U 46
65 0 U 64
66 0 U 65
67 0 U 66
68 0 U 67
69 1 L 38
70 0 L 15
71 1 U 70
72 0 U 60
73 0 U 72
74 0 U 73
75 1 U 0
76 0 U 75
77 0 L 14
78 1 L 70
79 1 L 16
80 0 U 79
81 0 U 28
82 1 L 55
83 1 U 9
84 1 U 83
85 1 U 84
86 1 U 85
87
0 0 U -1
1 1 U 0
2 1 U -1
3 0 U 2
4 1 U 3
5 1 U 4
6 1 L 2
7 0 U 6
8 0 L 3
9 1 U -1
10 1 U 9
11 0 U 6
12 1 U 11
13 1 L 7
14 1 U 13
15 1 U 14
16 1 U 15
17 0 U 16
18 1 L 15
19 0 U 18
20 1 U 19
21 1 U 20
22 1 U 21
23 0 L 4
24 1 U 0
25 0 U 24
26 0 U 25
27 1 U -1
28 0 U 27
29 1 U 28
30 1 U 24
31 0 U 30
32 1 U 31
33 0 U 32
34 0 U 7
35 0 U 34
36 1 L 12
37 0 U 27
38 1 L 2
39 1 U 20
40 0 U 39
41 1 U 40
42 1 L 22
43 1 U 42
44 0 L 15
45 0 U 17
46 0 L 5
47 0 U 46
48 1 U 35
49 1 U 48
50 0 U 49
51 0 U 50
52 1 U 51
53 1 U 20
54 1 U 28
55 1 L 14
56 0 U 55
57 0 U 56
58 1 U 57
59 1 U 58
60 1 U 59
61 1 L -1
62 1 U 61
63 0 L 13
64 0 U 46
65 0 U 64
66 0 U 65
67 0 U 66
68 0 U 67
69 1 L 38
70 0 U 69
71 1 U 70
72 0 U 60
73 0 U 72
74 0 U 73
75 1 L 21
76 0 U 75
77 0 L 14
78 1 L 70
79 1 L 16
80 0 U 79
81 0 U -1
82 1 L 55
83 1 U 9
84 1 L 71
85 1 U 84
86 1 U 85
87
0 0 L -1
1 1 U 0
2 1 U -1
3 0 U 2
4 1 U 3
5 1 U 4
6 1 L 2
7 0 U 6
8 0 U -1
9 1 U -1
10 1 U 9
11 0 U 6
12 1 U 11
13 0 L 0
14 1 U 13
15 1 U 14
16 1 U 15
17 0 U 16
18 1 U 16
19 0 U 18
20 1 U 19
21 1 U 20
22 1 U 21
23 0 L 4
24 0 U 23
25 0 U 24
26 0 U 25
27 1 U -1
28 1 L 1
29 1 U 28
30 1 U 24
31 0 U 30
32 1 U 31
33 0 U 32
34 0 U 7
35 0 U 34
36 1 L 12
37 0 U 27
38 1 L 2
39 0 U 14
40 0 U 39
41 1 U 40
42 1 L 22
43 1 U 42
44 1 U 33
45 0 U 17
46 0 U 45
47 0 U 46
48 1 U 35
49 1 U 48
50 0 U 49
51 0 U 50
52 1 U 51
53 1 U 20
54 1 U -1
55 1 L 14
56 1 U 53
57 1 U 1
58 1 U 57
59 1 U 58
60 1 U 59
61 1 L -1
62 1 U 61
63 1 U -1
64 0 U 46
65 0 U 64
66 0 U 65
67 0 U 66
68 0 U 67
69 1 L 9
70 0 U 69
71 0 U 22
72 0 U 60
73 1 U 62
74 0 U 73
75 1 L 21
76 1 U 66
77 0 L 14
78 1 L 70
79 0 U 36
80 0 U 79
81 0 U -1
82 1 U 39
83 1 U 71
84 1 U 83
85 0 U 68
86 1 U 85
87
0 0 U -1
1 1 U 0
2 1 U -1
3 0 U 2
4 1 U 3
5 1 U 4
6 1 L 2
7 0 U 6
8 0 L 3
9 1 U -1
10 1 U 9
11 0 U 6
12 1 U 11
13 1 L -1
14 1 U 13
15 1 U 14
16 1 U 15
17 0 U 16
18 1 U 16
19 0 U 18
20 1 U 19
21 1 U 20
22 1 U 21
23 0 L 4
24 0 U 23
25 0 U 24
26 0 U 25
27 1 U -1
28 0 U 13
29 1 U 28
30 1 U 24
31 0 U 30
32 1 U 31
33 0 U 32
34 0 U 7
35 0 U 34
36 1 L 12
37 0 U 27
38 1 L 2
39 1 U 38
40 0 U 39
41 1 U 40
42 1 L 22
43 1 U 42
44 0 L 15
45 1 L 0
46 0 U 45
47 0 U 46
48 1 U 35
49 1 U 48
50 1 U 22
51 0 U 50
52 1 U 51
53 1 U 20
54 1 U -1
55 1 L 14
56 0 U 55
57 0 U 56
58 1 L 38
59 1 U 58
60 1 U 59
61 1 L -1
62 1 U 61
63 1 U -1
64 0 U 46
65 0 U 64
66 0 U 65
67 0 U 66
68 0 U 67
69 1 L 38
70 0 U 69
71 1 U 70
72 0 U 60
73 0 U 72
74 0 U 73
75 1 L 21
76 0 U 75
77 0 L 14
78 1 L 70
79 1 L 16
80 1 L 42
81 0 U -1
82 1 L 55
83 1 U 9
84 1 U 83
85 1 U 84
86 1 U 85
87
0 0 U -1
1 1 U 0
2 1 U -1
3 0 U 2
4 1 U 3
5 1 U 4
6 1 L 2
7 0 U 6
8 0 L 3
9 0 L -1
10 1 U 9
11 0 U 6
12 1 U 11
13 0 L 0
14 1 U 13
15 1 U 14
16 1 U 15
17 0 U 16
18 1 U 16
19 0 U 18
20 1 U 19
21 1 U 20
22 1 U 21
23 0 L 4
24 0 U 23
25 0 U 24
26 0 U 25
27 0 U 26
28 0 U 27
29 1 U 28
30 1 U 24
31 0 U 30
32 1 U 31
33 0 L 4
34 0 U 7
35 0 U 34
36 1 L 12
37 0 U 27
38 1 L 2
39 1 U 38
40 0 U 39
41 1 U 40
42 1 L 22
43 1 U 42
44 0 L 15
45 0 U 17
46 0 U 45
47 1 U 3
48 1 U 35
49 1 U 48
50 0 U 49
51 0 U 50
52 1 U 51
53 1 U 20
54 1 U -1
55 1 L 14
56 0 U 55
57 0 U 56
58 1 U 57
59 1 U 58
60 1 U 59
61 1 L -1
62 1 U 61
63 1 U -1
64 0 U 46
65 0 U 64
66 0 U 65
67 0 U 66
68 1 U 60
69 1 L 38
70 0 U 69
71 0 U 52
72 0 U 60
73 0 L 66
74 0 U 73
75 1 L 21
76 0 U 75
77 0 L 14
78 1 L 70
79 1 L 16
80 0 U 79
81 0 U -1
82 1 L 55
83 1 U 9
84 1 U 83
85 1 U 84
86 1 U 51
87
0 0 U -1
1 1 U 0
2 1 U -1
3 0 U 2
4 1 U 3
5 1 U 4
6 1 L 2
7 0 U 6
8 0 L 3
9 1 U -1
10 1 U 9
11 0 U 6
12 0 U 10
13 0 L 0
14 1 U 13
15 1 U 14
16 1 U 15
17 0 U 16
18 1 U 16
19 0 U 18
20 1 U 19
21 1 U 20
22 1 U 21
23 0 L 4
24 0 U 23
25 0 U 24
26 0 U 25
27 1 U -1
28 0 U 27
29 1 L 19
30 0 U 7
31 0 L 28
32 1 U 31
33 0 U 30
34 0 U 7
35 0 U 17
36 1 L 12
37 0 U 27
38 1 L 2
39 0 L 9
40 0 U 39
41 1 U 40
42 0 L 36
43 1 U 42
44 0 L 15
45 0 U 17
46 0 U 45
47 0 U 46
48 1 U 12
49 1 U 48
50 0 U 49
51 0 U 50
52 1 U 51
53 1 U 20
54 1 U -1
55 1 L 14
56 0 U 55
57 0 U 56
58 1 U 57
59 1 U 58
60 1 U 59
61 1 L -1
62 1 U 61
63 0 L 47
64 0 U 46
65 0 U 64
66 0 U 65
67 0 U -1
68 0 U 67
69 1 L 38
70 0 U 69
71 1 U 70
72 0 U 60
73 0 U 72
74 0 U 73
75 1 L 21
76 0 U 75
77 0 L 14
78 1 L 70
79 1 L 16
80 0 U 79
81 0 U -1
82 1 U 7
83 1 U 9
84 1 U 83
85 1 U 84
86 1 U 85
87
0 0 U -1
1 1 U 0
2 1 U -1
3 0 U 2
4 1 U 3
5 1 U 4
6 1 L 2
7 0 U 6
8 0 U 1
9 1 U -1
10 0 U 3
11 0 U 6
12 1 U 11
13 0 L 0
14 1 U 13
15 1 U -1
16 1 U 15
17 0 U 16
18 1 U 16
19 0 U 18
20 1 U 19
21 1 U 20
22 1 U 21
23 0 L 4
24 0 U 23
25 0 U 24
26 0 U 25
27 1 U -1
28 0 U 27
29 1 U 28
30 1 U 24
31 0 U 30
32 1 U 31
33 0 U 32
34 0 U 7
35 0 U 34
36 1 L 20
37 0 U 27
38 1 L 2
39 1 U 38
40 0 U 39
41 1 U 40
42 1 L 22
43 1 U 42
44 0 L 15
45 0 U 17
46 0 U 45
47 0 U 41
48 1 U 35
49 1 U 48
50 0 U 49
51 0 U 50
52 0 U 2
53 1 U 20
54 1 U -1
55 1 L 14
56 0 U 55
57 0 U 56
58 1 U 57
59 1 U 58
60 1 U 59
61 1 L -1
62 1 U 61
63 1 U -1
64 1 U 28
65 0 U 64
66 0 U 65
67 0 U 66
68 0 U 67
69 1 L 38
70 0 U 69
71 1 U 70
72 0 U 60
73 0 U 72
74 0 L -1
75 1 L 21
76 1 U 55
77 0 L 14
78 1 L 70
79 1 L 16
80 0 U 79
81 0 U -1
82 1 L 55
83 1 U 9
84 1 U 83
85 1 U 84
86 1 U 85
87
0 0 U -1
1 1 U 0
2 1 U -1
3 0 U 2
4 1 U 3
5 1 U -1
6 1 L 2
7 0 L 6
8 0 L 3
9 1 U -1
10 0 U 2
11 0 U 6
12 1 U 11
13 0 L 0
14 1 U 13
15 0 U 5
16 1 U 15
17 1 L 11
18 1 U 16
19 0 U 18
20 1 U 19
21 1 U 20
22 1 U 21
23 0 L 4
24 0 U 23
25 0 U 24
26 0 U 25
27 1 U -1
28 0 U 27
29 1 U 28
30 1 U 24
31 1 U 7
32 1 U 31
33 0 U 32
34 1 U 28
35 0 U 34
36 1 L 12
37 0 U 27
38 1 L 2
39 1 U 38
40 0 U 39
41 1 U 40
42 1 L 22
43 1 U 42
44 0 L 33
45 0 U 17
46 0 L 39
47 0 U 46
48 1 U 35
49 1 U 48
50 0 U 49
51 0 U 50
52 1 U 51
53 1 U 20
54 1 U -1
55 1 L 14
56 0 U 55
57 0 U 56
58 1 U 57
59 1 U 58
60 1 U 59
61 1 L -1
62 1 U 61
63 0 U 4
64 0 U 46
65 0 U 64
66 0 U 65
67 0 U 66
68 0 U 67
69 1 L 38
70 0 U 69
71 1 U 70
72 0 U 60
73 0 U 72
74 0 U 36
75 1 L 21
76 0 U 75
77 0 L 14
78 1 L 70
79 1 L 16
80 0 U 79
81 0 U -1
82 1 L 55
83 1 U 9
84 1 U 83
85 1 U 84
86 1 U 85
87
0 0 U -1
1 1 U 0
2 1 U -1
3 1 U 1
4 1 U 3
5 1 U 4
6 1 L 2
7 0 U 6
8 1 L 7
9 1 U -1
10 1 U 9
11 0 U 6
12 1 U 11
13 0 L 0
14 1 U 13
15 1 U 14
16 1 U 15
17 0 U 16
18 1 U 16
19 0 U 18
20 1 U 19
21 0 U 3
22 1 U 21
23 0 L 4
24 0 U 23
25 0 U 24
26 0 U 25
27 1 U -1
28 0 U 27
29 1 U 28
30 1 U 24
31 0 U 30
32 1 U 31
33 0 U 32
34 0 U 7
35 0 U 34
36 1 L 12
37 0 U 27
38 1 L 2
39 1 U 38
40 0 U 39
41 1 L 23
42 1 L 22
43 1 U 42
44 0 L 15
45 1 U 38
46 0 U 45
47 0 U 46
48 1 U 35
49 1 L 5
50 0 U 49
51 0 U 50
52 1 U 51
53 1 U 20
54 1 U -1
55 1 L 14
56 0 U 55
57 0 U 56
58 1 U 57
59 1 U 58
60 1 U 59
61 1 L -1
62 1 U 61
63 1 U -1
64 0 U 46
65 0 U 64
66 0 L 22
67 0 U 66
68 0 U 67
69 1 L 38
70 0 U 69
71 1 L 30
72 0 U 60
73 0 U 72
74 0 U 73
75 1 L 21
76 0 U 75
77 0 L 14
78 1 L 70
79 1 L 16
80 0 U 79
81 0 U -1
82 1 L 55
83 1 U 9
84 1 U 28
85 1 U 84
86 1 U 85
87
0 0 U -1
1 1 U 0
2 1 U -1
3 0 U 2
4 1 U 3
5 1 U 4
6 1 L 2
7 0 U 6
8 0 L 3
9 1 U -1
10 1 L 2
11 0 U 6
12 1 U 11
13 0 L 0
14 1 U 13
15 1 U 14
16 1 U 15
17 0 U 16
18 1 U 16
19 0 U 18
20 1 U 19
21 1 U 20
22 1 U 21
23 0 L 4
24 0 U 23
25 0 U 24
26 0 U 25
27 1 U -1
28 0 U 27
29 0 L 14
30 1 U 24
31 0 U 30
32 1 U 31
33 0 U 32
34 0 U 7
35 0 U 34
36 1 L 12
37 0 U 27
38 1 L 2
39 1 U 38
40 0 U 39
41 1 U 29
42 1 L 22
43 1 U 42
44 0 L 15
45 0 U 17
46 0 U 45
47 0 U 46
48 1 U 35
49 1 U 48
50 0 U 49
51 0 U 50
52 1 U 51
53 1 U 20
54 1 U -1
55 1 L 14
56 0 U 55
57 0 U 56
58 1 U 57
59 1 U 58
60 1 U 59
61 1 L -1
62 1 U 61
63 1 U -1
64 0 U 46
65 0 U 64
66 0 U 65
67 0 U 66
68 0 U 1
69 1 L 38
70 0 U 69
71 1 U 70
72 0 U 60
73 0 U 72
74 0 U 73
75 1 L 21
76 0 U 75
77 0 L 14
78 1 L 70
79 1 L 16
80 0 U 79
81 0 U -1
82 1 L 55
83 1 U 9
84 1 U 83
85 1 U 84
86 1 U 85
87
0 0 U -1
1 1 U 0
2 1 U -1
3 0 U 2
4 0 U 0
5 1 U 4
6 1 L 2
7 0 U 6
8 0 L 3
9 1 U -1
10 1 U 9
11 0 U 6
12 1 U 11
13 0 L 0
14 1 U 13
15 1 U 14
16 1 U 15
17 0 U 16
18 0 U 10
19 0 U 18
20 1 U 19
21 1 U 20
22 1 U 5
23 0 L 4
24 0 U 23
25 0 U 24
26 0 U 25
27 1 U -1
28 0 U 27
29 1 U 28
30 1 U 24
31 0 U 30
32 1 U 31
33 0 U 32
34 0 U 7
35 0 U 34
36 1 L 12
37 0 U 27
38 1 L 2
39 1 U 38
40 0 L 28
41 1 U 40
42 1 L 22
43 1 U 42
44 0 L 15
45 0 U 17
46 0 U 45
47 0 U 46
48 1 U 35
49 1 U 48
50 0 U 49
51 0 U 50
52 1 U 51
53 1 U 20
54 1 U -1
55 1 L 14
56 0 U 55
57 1 L 22
58 1 U 57
59 1 U 58
60 1 U 59
61 1 L 39
62 1 U 61
63 1 U -1
64 1 L 45
65 0 U 64
66 0 U 65
67 0 U 66
68 0 U 67
69 1 L 38
70 0 U 69
71 1 U 70
72 0 U 60
73 0 U 72
74 0 U 73
75 1 L 21
76 0 U 75
77 1 L 35
78 1 L 70
79 1 U 54
80 0 U 79
81 0 U -1
82 1 L 55
83 1 U 9
84 1 U 83
85 1 U 84
86 1 U 85
87
0 0 U -1
1 1 U 0
2 1 U -1
3 0 U 2
4 1 L 0
5 1 U 4
6 1 L 2
7 0 U 6
8 0 L 3
9 1 U -1
10 1 U 9
11 0 U 6
12 1 U 11
13 0 L 0
14 0 U 6
15 1 U 14
16 1 U 15
17 0 U 16
18 1 U 16
19 0 U 18
20 1 U 19
21 1 U 20
22 1 U 21
23 0 L 4
24 0 U 23
25 0 U 24
26 0 U 25
27 0 U 21
28 0 U 27
29 1 U 28
30 1 U 24
31 0 U 30
32 1 U 31
33 0 U 32
34 0 U 7
35 0 U 34
36 1 L 12
37 0 U 27
38 1 L 2
39 1 U 38
40 0 L 7
41 1 U 40
42 1 L 22
43 1 U 42
44 0 L 15
45 0 U 17
46 0 U 45
47 0 U 46
48 1 U 35
49 1 U 48
50 0 U 49
51 0 U 50
52 1 U 51
53 1 U 20
54 1 U -1
55 1 L 14
56 0 U 55
57 1 L 46
58 1 U 57
59 1 U 58
60 1 U 59
61 1 L -1
62 1 U 61
63 1 U -1
64 0 U 46
65 0 U 64
66 0 U 65
67 0 U 66
68 0 U 67
69 1 L 38
70 0 L 55
71 0 U 5
72 0 U 60
73 0 U 72
74 0 U 73
75 1 L 21
76 0 U 75
77 0 L 74
78 1 L 70
79 1 L 16
80 0 U 55
81 0 U -1
82 1 L 55
83 1 U 9
84 1 U 83
85 1 U 84
86 1 U 85
87
0 0 U -1
1 1 U 0
2 1 U -1
3 0 U 2
4 1 U 3
5 1 U 4
6 1 L 2
7 1 U -1
8 0 L 3
9 1 U -1
10 1 U 9
11 0 U 6
12 1 U 11
13 0 L 0
14 1 U 13
15 1 U 14
16 1 U 15
17 0 U 16
18 1 U 16
19 0 U 18
20 0 U 5
21 1 L 15
22 1 U 21
23 0 L 4
24 0 U 23
25 0 U 24
26 0 U 25
27 1 U -1
28 0 U 27
29 1 U 28
30 0 U 23
31 0 U 30
32 1 U 31
33 0 U 32
34 0 L 11
35 0 U 34
36 1 L 12
37 1 U 28
38 1 L 2
39 0 U 4
40 0 U 39
41 1 U 40
42 1 L 22
43 1 U 42
44 0 L 15
45 0 U 27
46 0 U 45
47 0 U 46
48 1 U 35
49 0 U 31
50 0 U 49
51 0 U 50
52 1 U 51
53 1 U 20
54 1 U -1
55 1 L 14
56 0 U 55
57 0 U 56
58 1 U 57
59 1 U 58
60 1 U 59
61 1 L -1
62 1 U 61
63 1 U -1
64 0 U 46
65 0 U 64
66 0 U 65
67 0 U 66
68 0 U 67
69 1 L 38
70 0 U 69
71 1 U 70
72 0 U 60
73 0 U 72
74 0 U 73
75 1 L 21
76 0 U 75
77 0 L 14
78 1 L 70
79 1 L 16
80 0 U 79
81 0 U -1
82 1 L 55
83 1 U 9
84 1 U 83
85 1 U 84
86 1 U 85
87
0 0 U -1
1 1 U 0
2 1 U -1
3 0 U 2
4 1 U 3
5 1 U 4
6 1 L 2
7 0 U 6
8 0 L 3
9 1 U -1
10 1 L 2
11 0 U 6
12 1 U 11
13 1 U 9
14 1 U 13
15 1 U 14
16 1 U 15
17 0 U 16
18 1 U 16
19 0 U 18
20 1 U 19
21 1 U 20
22 1 U 21
23 0 L 4
24 0 U 23
25 0 U 24
26 0 U 25
27 1 U -1
28 0 U 27
29 1 U 28
30 1 U 24
31 0 U 30
32 1 U 31
33 0 U 32
34 0 U 7
35 0 U 34
36 1 L 12
37 0 U 27
38 1 L 2
39 1 U 38
40 0 U 39
41 1 U 40
42 1 L 22
43 1 U 42
44 0 L 15
45 0 U 17
46 1 U 33
47 0 U 46
48 0 U 14
49 1 U 48
50 0 U 49
51 0 U 50
52 1 U 51
53 1 U 20
54 1 U -1
55 1 L 14
56 0 U 55
57 0 U 56
58 1 U 57
59 1 U 58
60 1 U 59
61 1 L 28
62 1 U 61
63 1 U -1
64 0 U 46
65 0 U 64
66 0 U 65
67 0 U 66
68 0 U 67
69 1 L 38
70 0 U 69
71 1 U 70
72 0 U 10
73 0 U 72
74 0 U 73
75 1 L 21
76 0 U 75
77 0 L 14
78 1 L 70
79 1 L 16
80 0 U 79
81 0 U -1
82 1 L 55
83 1 U 9
84 1 U 83
85 1 U 84
86 1 U 85
87
0 0 U -1
1 1 U 0
2 1 U -1
3 0 U 2
4 1 U 3
5 1 U 4
6 1 L 2
7 0 U 6
8 0 L 3
9 1 U -1
10 1 U 9
11 0 U 6
12 0 U 4
13 1 U 11
14 1 U 13
15 1 U 14
16 1 U 15
17 0 U 16
18 1 U 13
19 0 U 18
20 1 U 19
21 1 U 20
22 1 U 21
23 0 L 4
24 0 U 23
25 0 U 24
26 0 U 25
27 1 U -1
28 0 U 27
29 1 U 28
30 1 U 24
31 0 U 30
32 1 U 31
33 0 U 32
34 0 U 7
35 0 U 34
36 1 L 12
37 0 U 27
38 1 L 2
39 1 U 38
40 1 U 38
41 1 U 40
42 1 L 22
43 1 U 42
44 0 L 15
45 0 U 17
46 0 U 45
47 1 U 5
48 1 U 35
49 1 U 48
50 0 U 49
51 0 U 50
52 1 U 33
53 1 U 20
54 1 U -1
55 1 L 14
56 0 U 55
57 0 U 56
58 1 U 57
59 1 U 58
60 1 U 59
61 1 L -1
62 1 U 61
63 1 U -1
64 0 U 46
65 0 U 64
66 0 U 65
67 0 U 66
68 0 U 67
69 1 L 38
70 0 U 69
71 1 U 70
72 0 U 60
73 0 U 72
74 0 U 73
75 1 L 21
76 0 U 75
77 0 U 24
78 1 L 70
79 1 L 16
80 0 U 79
81 0 U -1
82 1 L 55
83 1 U 9
84 1 U 83
85 1 U 84
86 1 U 85
87
0 0 U -1
1 1 U -1
2 1 U -1
3 0 U 2
4 1 U 3
5 1 U 4
6 1 L 2
7 0 U 6
8 0 L 3
9 1 U -1
10 1 U 9
11 0 U 6
12 1 U 11
13 0 L 0
14 1 U 13
15 1 U 14
16 1 U 15
17 1 U 11
18 1 U 16
19 0 U 18
20 1 U 19
21 1 U 20
22 1 U 21
23 0 L 9
24 0 U 23
25 0 U 24
26 0 U 25
27 1 U -1
28 0 U 27
29 1 U 28
30 1 U 24
31 0 U 22
32 1 U 31
33 0 U 32
34 0 U 7
35 0 U 34
36 1 L 12
37 0 U 27
38 1 L 2
39 1 U 38
40 0 U 11
41 1 U 40
42 1 L 22
43 1 U 42
44 0 L 15
45 0 U 17
46 0 U 45
47 0 U 46
48 1 U 35
49 1 U 48
50 0 U 49
51 0 U 50
52 1 U 51
53 1 U 20
54 1 U -1
55 1 L 14
56 0 L 12
57 0 U 56
58 1 U 57
59 1 U 58
60 1 U 59
61 1 L -1
62 1 U 61
63 1 U -1
64 0 U 46
65 0 U 64
66 0 U 65
67 0 U 66
68 0 U 67
69 1 L 38
70 0 U 69
71 1 U 70
72 1 L 30
73 0 U 72
74 0 U 73
75 1 L 21
76 0 U 75
77 0 L 14
78 1 L 70
79 1 L 16
80 0 U 79
81 0 U -1
82 1 L 55
83 1 U 9
84 1 U 83
85 1 U 84
86 1 U 85
87
0 0 U -1
1 1 U 0
2 1 U -1
3 0 U 2
4 1 U 3
5 1 U 4
6 1 L 2
7 0 U 6
8 0 L 3
9 1 U -1
10 1 U 9
11 0 U 6
12 1 U 11
13 0 L 0
14 1 U 13
15 1 U 13
16 1 U 11
17 0 U 16
18 1 U 16
19 0 U 18
20 1 U 19
21 1 U 20
22 1 U 21
23 0 L 4
24 0 U 23
25 0 U 24
26 0 U 25
27 1 U -1
28 0 U 27
29 1 U 19
30 1 U 24
31 0 U 30
32 1 U 31
33 0 U 32
34 0 U 7
35 0 U 34
36 1 L 12
37 0 U 27
38 1 L 2
39 1 U 38
40 0 U 39
41 1 U 40
42 1 L 22
43 1 U 42
44 0 L 15
45 0 U 17
46 0 U 45
47 0 U 46
48 1 U 35
49 1 U 48
50 0 U 49
51 0 U 50
52 1 U 51
53 1 U 20
54 1 U -1
55 1 L 14
56 0 U 55
57 0 U 49
58 1 U 57
59 1 U 58
60 1 U 59
61 1 L -1
62 1 U 12
63 1 U -1
64 0 U 46
65 0 U 64
66 0 U 65
67 0 U 66
68 0 U 67
69 1 L 38
70 0 U 69
71 1 U 70
72 0 U 60
73 0 U 72
74 0 U 73
75 1 L 21
76 0 U 75
77 0 L 14
78 1 L 70
79 1 L 16
80 0 U 79
81 0 U -1
82 1 L 55
83 0 U 18
84 0 U 68
85 1 U 84
86 1 U 85
87
0 0 U -1
1 1 U 0
2 1 U -1
3 0 U 2
4 1 U 3
5 1 U 4
6 1 L 2
7 0 U 6
8 0 L 3
9 1 L 3
10 0 U 5
11 0 U 6
12 1 U 11
13 0 L 0
14 1 U 13
15 1 U 14
16 1 U 15
17 0 U 16
18 1 U 16
19 0 U 18
20 1 U 19
21 0 L 16
22 1 U 21
23 0 L 4
24 0 U 23
25 0 U 24
26 0 U 25
27 1 U -1
28 0 U 27
29 1 U 28
30 1 U 24
31 0 U 30
32 1 U 31
33 0 U 32
34 0 L 23
35 1 L 28
36 1 L 12
37 0 U 27
38 1 L 2
39 1 U 38
40 1 U -1
41 1 U 40
42 1 L 22
43 1 U 42
44 0 L 15
45 0 U 17
46 0 U 45
47 0 U 46
48 1 U 35
49 1 U 48
50 0 U 49
51 0 U 50
52 1 U 51
53 1 U 20
54 1 U -1
55 1 L 14
56 1 L 24
57 0 U 56
58 1 U 57
59 1 U 58
60 1 U 59
61 1 L -1
62 1 U 61
63 1 U -1
64 0 U 46
65 0 U 64
66 0 U 65
67 0 U 66
68 0 U 67
69 1 L 38
70 0 U 69
71 1 U 70
72 0 L 12
73 0 U 72
74 0 U 73
75 1 L 21
76 0 U 75
77 0 L 14
78 1 L 70
79 1 L 16
80 0 L 36
81 0 U -1
82 1 L 55
83 1 U 9
84 1 U 83
85 1 U 84
86 1 U 85
87
0 0 U -1
1 1 U 0
2 1 U -1
3 0 U 2
4 1 L 0
5 1 U 4
6 1 L 2
7 0 U 6
8 0 L 3
9 1 L 8
10 1 U 9
11 0 U 6
12 1 U 11
13 1 L -1
14 1 U 13
15 1 U 14
16 1 U 15
17 0 U 16
18 1 U 16
19 0 U 18
20 1 U 19
21 1 U 20
22 1 U 21
23 0 L 4
24 0 U 23
25 0 U 24
26 0 U 25
27 1 U -1
28 0 U 27
29 1 U 28
30 1 U 24
31 0 U 30
32 1 U 31
33 0 U 32
34 0 U 7
35 0 U 34
36 1 L 12
37 0 U 27
38 1 L 2
39 1 U 38
40 0 U 39
41 1 U 40
42 1 L 22
43 1 U 42
44 0 L 15
45 0 U 17
46 0 U 45
47 0 U 42
48 1 U 35
49 1 U 48
50 0 U 49
51 0 U 50
52 1 U 51
53 1 U 20
54 1 U -1
55 1 L 14
56 0 U 55
57 0 U 56
58 1 U 57
59 1 U 58
60 1 U 59
61 1 L -1
62 1 L 1
63 1 U -1
64 0 L 32
65 0 U 64
66 0 L 38
67 0 U 66
68 0 U 67
69 1 L 38
70 1 L 40
71 1 U 70
72 0 U 60
73 0 U 72
74 0 U 73
75 1 L 21
76 0 U 75
77 0 U 74
78 1 L 70
79 1 L 16
80 0 U 79
81 0 U -1
82 1 L 55
83 1 U 9
84 1 U 83
85 1 U 84
86 1 L 11
87
0 0 U -1
1 1 U 0
2 1 U -1
3 0 U 2
4 1 U 3
5 1 U 4
6 1 L 2
7 0 U 6
8 0 L 3
9 1 U -1
10 1 U 9
11 0 U 6
12 1 U 8
13 0 L 0
14 1 U 13
15 1 U 14
16 1 U 15
17 0 U 16
18 1 U 16
19 0 U 18
20 1 U 19
21 1 U 20
22 1 U 21
23 0 L 4
24 0 U 23
25 0 U 24
26 0 L -1
27 1 U -1
28 0 U 27
29 1 U 28
30 1 U 24
31 0 U 30
32 1 U 31
33 1 U 5
34 1 U 33
35 0 U 34
36 1 L 12
37 0 U 27
38 1 L 2
39 1 U 38
40 0 U 39
41 1 U 40
42 0 L 17
43 1 U 42
44 0 L 15
45 0 U 17
46 0 U 45
47 0 U 46
48 1 U 35
49 1 U 48
50 0 U 49
51 1 U 34
52 1 U 51
53 1 U 20
54 1 U -1
55 1 L 14
56 0 U 55
57 0 U 56
58 1 U 57
59 1 U 58
60 1 U 59
61 1 L -1
62 1 U 61
63 1 U -1
64 0 U 46
65 0 U 64
66 0 U 65
67 0 L 45
68 0 U 67
69 1 L 38
70 0 U 69
71 1 U 70
72 0 U 60
73 0 U 72
74 0 U 73
75 1 L 21
76 0 U 75
77 0 L 14
78 1 L 70
79 1 L 16
80 0 U 79
81 0 U -1
82 1 L 55
83 1 U 9
84 1 U 83
85 1 U 84
86 0 L 79
87
0 0 U -1
1 1 U 0
2 1 U -1
3 0 U 2
4 1 U 3
5 1 U 4
6 1 L 2
7 0 U 6
8 0 L 3
9 1 U -1
10 1 U 9
11 0 U 6
12 1 U 11
13 0 L 0
14 1 U 13
15 1 U 14
16 1 U 15
17 1 L 12
18 1 U 16
19 0 U 18
20 1 U 19
21 1 U 20
22 0 L 10
23 0 L 4
24 0 U 23
25 0 U 24
26 0 U 25
27 1 U -1
28 0 U 27
29 1 U 28
30 1 U 7
31 0 U 30
32 1 U 31
33 0 U 32
34 0 U 13
35 0 U 34
36 1 L 12
37 0 U 27
38 1 L 2
39 1 U 38
40 0 U 39
41 0 L 8
42 1 L 22
43 1 U 42
44 0 L 15
45 0 U 17
46 0 U 45
47 0 U 46
48 1 U 35
49 1 U 48
50 1 L 24
51 0 U 50
52 0 L 51
53 1 L 15
54 1 U -1
55 1 L 14
56 0 U 55
57 0 U 56
58 1 U 57
59 1 U 58
60 1 U 59
61 1 L -1
62 1 U 61
63 1 U -1
64 0 U 46
65 0 U 64
66 0 U 65
67 0 U 66
68 0 U 67
69 1 L 38
70 0 U 69
71 1 U 70
72 0 U 60
73 0 U 72
74 0 U 73
75 1 L 21
76 0 U 75
77 0 L 14
78 1 L 70
79 1 L 16
80 0 U 79
81 0 U -1
82 1 L 55
83 1 U 9
84 1 U 83
85 1 U 84
86 1 U 85
87
0 0 U -1
1 1 U 0
2 1 U -1
3 0 U 2
4 0 U 0
5 1 U 4
6 1 L 2
7 0 U 6
8 0 L 3
9 1 U -1
10 1 U 9
11 0 U 6
12 1 U 11
13 0 L 0
14 1 U 13
15 1 U 14
16 1 U 15
17 0 U 16
18 1 U 16
19 0 U 18
20 1 U 19
21 1 U 20
22 1 U 21
23 0 L 4
24 0 U 23
25 0 U 24
26 0 U 25
27 1 U -1
28 0 U 27
29 1 U 28
30 1 U 24
31 0 U 30
32 1 U 31
33 0 U 32
34 0 U 7
35 0 U 34
36 1 L 12
37 0 U 27
38 1 L 2
39 1 U 38
40 0 U 39
41 1 U 40
42 1 L 22
43 0 U 21
44 0 L 15
45 1 L 18
46 0 U 45
47 0 U 46
48 1 U 35
49 1 U 48
50 0 U 49
51 0 U 50
52 1 U 51
53 1 U 20
54 1 U 8
55 1 L 14
56 0 U 55
57 0 U 56
58 1 U 57
59 1 U 58
60 1 U 59
61 1 L -1
62 1 U 61
63 1 U -1
64 0 U 46
65 0 U 64
66 0 U 65
67 0 U 66
68 0 U 67
69 1 L 38
70 0 U 69
71 1 U 70
72 0 U 60
73 1 L 64
74 0 U 73
75 1 L 21
76 0 U 75
77 0 L 14
78 0 U 55
79 1 L 16
80 0 U 79
81 0 U -1
82 1 U 50
83 1 U 9
84 1 U 83
85 1 U 84
86 0 U 44
87
0 0 U -1
1 1 U 0
2 1 U -1
3 0 U 2
4 1 U 3
5 1 U 4
6 1 L 2
7 0 U 6
8 1 U 4
9 1 U -1
10 1 U 9
11 0 U 6
12 1 U 11
13 0 L 0
14 1 U 13
15 1 U 14
16 1 U 15
17 0 U 16
18 1 U 16
19 0 U 18
20 1 U 19
21 1 U 20
22 1 U 21
23 0 L 20
24 0 U 23
25 0 U 24
26 0 U 25
27 1 U -1
28 0 U 27
29 1 L 4
30 0 U 15
31 0 U 30
32 1 U 31
33 0 U 32
34 0 U 7
35 0 U 34
36 1 L 12
37 0 U 27
38 1 L 2
39 1 U 38
40 0 U 15
41 1 U 40
42 1 L 22
43 1 U 42
44 0 L 15
45 0 U 17
46 0 U 45
47 0 U 46
48 1 U 35
49 1 U 48
50 0 U 49
51 0 U 50
52 1 U 51
53 1 L 43
54 1 U -1
55 1 L 14
56 0 U 55
57 0 U 56
58 1 U 57
59 1 U 58
60 1 U 59
61 1 L -1
62 1 U 61
63 1 U -1
64 0 U 46
65 0 U 64
66 0 U 65
67 1 L 55
68 0 U 67
69 1 L 38
70 0 U 69
71 1 U 70
72 0 L 14
73 0 U 72
74 0 U 73
75 1 L 21
76 0 U 75
77 0 L 14
78 1 L 70
79 1 L 16
80 1 L 6
81 0 U -1
82 1 L 55
83 1 U 58
84 1 U 83
85 1 U 84
86 1 U 85
87
0 0 U -1
1 1 U 0
2 1 U -1
3 0 U 2
4 0 U 0
5 1 U 4
6 1 L 2
7 0 U 6
8 0 L 3
9 1 U 7
10 1 U 9
11 0 U 6
12 1 U 11
13 0 L 0
14 1 U 13
15 1 U 14
16 1 U 15
17 1 U 8
18 0 L 14
19 0 U 18
20 1 U 19
21 1 L -1
22 1 U 21
23 0 L 4
24 0 L 20
25 0 U 24
26 1 U 14
27 1 U -1
28 0 U 27
29 1 U 28
30 1 U 24
31 0 U 30
32 1 U 31
33 0 U 32
34 0 U 7
35 0 U 34
36 1 L 12
37 0 U 27
38 1 L 2
39 1 U 38
40 0 U 39
41 1 U 40
42 1 L 22
43 1 U 42
44 0 L 15
45 0 U 17
46 0 U 45
47 1 U 16
48 1 U 35
49 1 U 48
50 0 U 49
51 0 U 50
52 1 U 51
53 1 U 20
54 1 U -1
55 1 L 14
56 0 U 55
57 0 U 56
58 1 U 57
59 1 L 2
60 1 U 59
61 1 L -1
62 1 U 61
63 1 U -1
64 0 U 46
65 0 U 64
66 0 U 65
67 0 U 66
68 0 U 67
69 1 L 38
70 0 U 69
71 1 U 70
72 0 U 60
73 0 U 72
74 0 U 73
75 1 L 21
76 0 U 75
77 0 U -1
78 1 L 70
79 1 L 16
80 0 U 71
81 0 U -1
82 1 L 55
83 1 U 9
84 1 U 83
85 1 U 84
86 1 U 85
87
0 1 U -1
1 1 U 0
2 1 U -1
3 1 L 2
4 1 U 3
5 1 U 4
6 1 L 2
7 0 U 6
8 0 L 3
9 1 U -1
10 1 U 9
11 0 U 6
12 1 U 11
13 0 L 0
14 1 U 13
15 1 U 14
16 1 U 15
17 0 U 16
18 1 U 16
19 0 U 18
20 1 U 19
21 1 U 20
22 1 U 21
23 0 L 4
24 0 U 23
25 0 U 24
26 0 U 25
27 1 U -1
28 0 U 27
29 1 U 28
30 1 U 24
31 0 U 30
32 1 U 31
33 0 U 32
34 0 U 7
35 0 U 34
36 1 L 12
37 0 U 27
38 1 L 2
39 1 U 38
40 0 U 39
41 1 U 40
42 0 U 41
43 1 U 42
44 0 L 15
45 0 U 17
46 0 U 45
47 0 U 46
48 1 U 35
49 1 U 48
50 0 U 49
51 0 U 50
52 0 L 12
53 1 U 20
54 1 U -1
55 1 L 14
56 0 U 55
57 0 U 56
58 1 U 57
59 1 U 58
60 1 U 59
61 1 L -1
62 1 U 61
63 0 L 2
64 1 L 61
65 1 U 12
66 0 U 65
67 0 U 66
68 0 U 67
69 1 L 38
70 0 U 69
71 1 U 70
72 0 U 60
73 0 U 72
74 0 U 73
75 1 L 21
76 1 U 38
77 0 L 14
78 1 L 70
79 0 L 74
80 0 U 79
81 0 U -1
82 1 L 55
83 1 U 9
84 1 U 83
85 1 U 84
86 1 U 85
87
0 0 U -1
1 1 U 0
2 1 U -1
3 0 U 2
4 1 U 3
5 1 U 4
6 1 L 2
7 0 U 3
8 0 L 3
9 1 U -1
10 1 U 9
11 0 U 6
12 1 U 11
13 0 L 0
14 1 U 13
15 1 U 14
16 1 U 15
17 0 U 16
18 1 U 16
19 0 U 18
20 1 U 19
21 1 U 20
22 1 U 21
23 0 L 4
24 0 U 23
25 0 U 24
26 0 U 25
27 1 U -1
28 0 U 27
29 1 U 28
30 1 U 24
31 0 U 30
32 1 U 31
33 0 U 32
34 0 U 7
35 0 U 34
36 0 L -1
37 0 U 27
38 1 L 2
39 1 U 38
40 0 U 39
41 1 U 40
42 1 L 22
43 1 U 42
44 0 L 15
45 0 U 17
46 0 U 45
47 0 U 46
48 1 U 35
49 1 U 48
50 0 U 49
51 0 U 50
52 1 U 51
53 1 U 20
54 1 U -1
55 1 L 14
56 0 U 55
57 0 U 56
58 1 U -1
59 1 U 58
60 1 U 59
61 1 L 30
62 1 U 61
63 1 U -1
64 0 U 46
65 0 U 64
66 0 U 65
67 0 U 66
68 0 U 67
69 1 L 38
70 0 U 69
71 1 U 70
72 0 U 60
73 0 U 72
74 0 U 73
75 1 L 21
76 0 U 75
77 0 L 14
78 1 L 70
79 1 L 16
80 0 U 73
81 0 U -1
82 1 L 55
83 1 U 9
84 1 U 83
85 1 U 84
86 1 U 85
87
0 0 U -1
1 1 U 0
2 1 U -1
3 0 U 2
4 1 U 3
5 1 U 4
6 1 L 2
7 0 U 0
8 0 L 3
9 1 U -1
10 1 U 9
11 0 U 6
12 1 U 11
13 0 L 0
14 1 U 13
15 1 U 14
16 1 U 15
17 0 U 16
18 1 U 16
19 0 U 18
20 0 L 19
21 1 U 20
22 1 U 21
23 0 L 4
24 0 U 23
25 0 U 24
26 0 U 25
27 1 U -1
28 0 U 27
29 1 U 28
30 1 U 13
31 0 U 30
32 1 U 31
33 0 L 18
34 0 U 7
35 0 U 34
36 1 L 12
37 0 U 27
38 1 L 2
39 1 U 38
40 0 U 39
41 1 U 40
42 1 L 22
43 1 U 42
44 0 L 15
45 0 U 17
46 0 U 45
47 0 U 46
48 1 U 36
49 1 U 48
50 0 U 49
51 0 U 50
52 1 U 51
53 1 U 20
54 1 U -1
55 1 L 14
56 0 U 55
57 0 U 56
58 1 U 31
59 1 U 58
60 1 U 59
61 1 L -1
62 1 U 46
63 1 U -1
64 0 U 46
65 0 U 64
66 0 U 65
67 0 U 66
68 0 U 67
69 1 L 38
70 0 U 69
71 1 U 70
72 1 L 8
73 0 U 72
74 0 U 73
75 1 L 21
76 0 U 75
77 0 L 14
78 0 U 31
79 1 L 16
80 0 U 79
81 0 U -1
82 0 L 16
83 1 U 9
84 1 U 83
85 1 U 84
86 1 L 74
87
0 0 U -1
1 1 U 0
2 1 U -1
3 0 U 2
4 1 U 3
5 1 U 4
6 1 L 2
7 0 U 3
8 0 L 3
9 1 U -1
10 1 U 9
11 1 U 1
12 1 U 11
13 0 L 0
14 1 U 13
15 1 U 14
16 1 U 15
17 0 U 16
18 1 U 16
19 0 U 18
20 0 L 19
21 1 U 20
22 1 U 21
23 0 L 4
24 0 U 23
25 0 U 24
26 0 U 25
27 1 U -1
28 0 U 3
29 1 U 28
30 1 U 24
31 0 U 30
32 1 U 31
33 0 U 32
34 0 U 7
35 0 U 34
36 1 L 12
37 0 U 27
38 1 L 2
39 1 U 38
40 0 U 39
41 1 U 40
42 1 L 22
43 1 U 42
44 0 L 15
45 0 U 17
46 0 U 45
47 0 U 46
48 1 U 35
49 1 U 48
50 0 U 49
51 0 L 14
52 1 U 51
53 1 U 20
54 1 U -1
55 1 L 14
56 0 U 55
57 0 U 56
58 1 U 57
59 1 U 58
60 1 U 59
61 0 U 32
62 0 L 9
63 1 U -1
64 0 U 60
65 0 U 64
66 0 U 65
67 0 U 66
68 0 U 67
69 1 L 38
70 0 L 20
71 1 U 70
72 0 U 60
73 0 U 72
74 0 U 73
75 1 L 21
76 0 U 75
77 0 L 14
78 1 L 70
79 1 L 16
80 0 U 79
81 0 U -1
82 0 U 32
83 1 U 9
84 1 U 83
85 1 U 84
86 1 U 85
