90
0 1 U -1
1 0 U 0
2 1 U 1
3 1 U 2
4 1 U 3
5 0 U 4
6 0 U 5
7 0 U 6
8 1 U 7
9 0 U -1
10 1 U 9
11 0 U 10
12 0 U 11
13 0 U 12
14 1 U 13
15 0 U 14
16 0 U 15
17 0 U 16
18 1 U -1
19 1 U 18
20 0 U 19
21 0 U 20
22 0 U 21
23 0 U 22
24 0 U 23
25 0 U 24
26 0 U 25
27 0 U -1
28 0 U 27
29 0 U 28
30 0 U 29
31 0 U 30
32 1 U 31
33 0 U 32
34 0 U 33
35 0 U 34
36 0 U -1
37 1 U 36
38 0 U 37
39 0 U 38
40 1 U 39
41 0 U 40
42 1 U 41
43 1 U 42
44 0 U 43
45 1 U -1
46 0 U 45
47 1 U 46
48 0 U 47
49 0 U 48
50 0 U 49
51 1 U 50
52 1 U 51
53 1 U 52
54 0 U -1
55 1 U 54
56 0 U 55
57 1 U 56
58 0 U 57
59 0 U 58
60 1 U 59
61 0 U 60
62 0 U 61
63 0 U -1
64 1 U 63
65 0 U 64
66 0 U 65
67 1 U 66
68 0 U 67
69 1 U 68
70 0 U 69
71 1 U 70
72 0 U -1
73 1 U 72
74 1 U 73
75 1 U 74
76 1 U 75
77 0 U 76
78 0 U 77
79 0 U 78
80 1 U 79
81 1 U -1
82 1 U 81
83 0 U 82
84 0 U 83
85 0 U 84
86 1 U 85
87 1 U 86
88 1 U 87
89 1 U 88
90
0 1 U -1
1 0 U 0
2 1 U 1
3 1 U 1
4 1 U 3
5 0 U 4
6 0 U 5
7 0 U 6
8 1 U 7
9 0 U -1
10 1 U 9
11 0 U 10
12 0 U 11
13 0 U 12
14 1 U 4
15 0 U 14
16 0 U 15
17 0 U 16
18 1 U -1
19 0 L 0
20 0 U 19
21 0 U 20
22 0 U 21
23 0 U 22
24 0 U 23
25 0 U 24
26 0 U 25
27 0 U -1
28 0 U 27
29 0 U 28
30 0 U 29
31 0 L 14
32 1 U 31
33 0 U 32
34 0 U 33
35 0 U 34
36 1 U 12
37 1 U 36
38 0 U 37
39 0 U 38
40 1 U 39
41 1 L 9
42 1 U 41
43 1 U 42
44 0 U 43
45 1 U -1
46 0 U 45
47 1 U 46
48 0 U 47
49 0 U 48
50 0 U 49
51 1 U 50
52 1 U 51
53 1 U 52
54 0 U -1
55 1 U 54
56 0 L 16
57 1 U 56
58 0 U 57
59 0 U 58
60 1 U 59
61 0 U 60
62 1 L 59
63 0 U -1
64 1 U 63
65 0 U 64
66 0 U 65
67 1 U 66
68 0 U 67
69 1 U 68
70 1 L 1
71 1 U 70
72 0 U -1
73 1 U 72
74 1 U 73
75 1 U 74
76 1 U 33
77 0 U 76
78 0 U 77
79 0 U 78
80 1 U 79
81 1 U -1
82 1 U 81
83 1 U 28
84 0 U 83
85 0 U 84
86 1 U 85
87 1 U 86
88 1 U 87
89 1 U 88
90
0 1 U -1
1 0 U 0
2 1 U 1
3 1 U 1
4 1 U 3
5 0 U 4
6 0 U 5
7 0 U 6
8 1 U 7
9 0 U -1
10 1 U 9
11 0 U 10
12 0 U 11
13 0 U 12
14 1 U 4
15 0 U 14
16 0 U 15
17 0 U 16
18 1 U -1
19 0 L 0
20 0 U 19
21 0 U 20
22 0 U 21
23 0 U 22
24 1 U 18
25 0 U 24
26 0 U 25
27 0 U -1
28 0 U 14
29 0 U 28
30 0 U 29
31 0 L 14
32 0 U 8
33 0 U 32
34 0 U 33
35 0 U 34
36 1 U 12
37 1 U 36
38 0 U 37
39 0 U 38
40 1 U 39
41 1 L 9
42 1 U 41
43 1 U 42
44 0 U 43
45 1 U -1
46 0 U 45
47 1 U 46
48 0 U 47
49 0 U 48
50 0 U 49
51 1 U 50
52 1 U 51
53 1 U 52
54 0 U -1
55 1 U 54
56 0 L 16
57 1 U 56
58 0 U 57
59 0 U 58
60 1 U 59
61 0 U 60
62 1 L 59
63 0 U -1
64 1 U 63
65 0 U 64
66 0 U 65
67 1 U 66
68 0 U 67
69 1 U 68
70 1 L 1
71 1 U 70
72 0 U -1
73 1 U 72
74 1 U 73
75 1 U 74
76 1 U 33
77 0 U 76
78 0 U 77
79 1 U 78
80 1 U 79
81 1 U -1
82 1 U 81
83 1 U 28
84 0 U 83
85 0 U 84
86 1 U 85
87 0 L 14
88 1 U 87
89 1 U 88
90
0 1 U -1
1 1 L 0
2 1 U 1
3 1 U 1
4 1 U 3
5 0 U 4
6 0 U 5
7 0 U 6
8 1 U 7
9 0 U -1
10 1 U 9
11 0 U 10
12 0 L 10
13 0 U 6
14 1 U 4
15 0 U -1
16 0 U -1
17 0 U 16
18 1 U -1
19 0 L 0
20 0 U 19
21 0 U 20
22 0 U 21
23 0 U 22
24 1 U 18
25 0 U 24
26 0 U 25
27 0 U -1
28 0 L 12
29 0 U 28
30 0 U 29
31 0 L 14
32 0 U 8
33 0 U 32
34 0 U 33
35 1 L 2
36 1 U 12
37 1 U 36
38 0 U 37
39 0 U 38
40 1 U 39
41 1 L 9
42 1 L 35
43 1 U 42
44 0 U 43
45 1 U -1
46 0 U 45
47 1 U 46
48 0 U 47
49 0 U 48
50 0 U 49
51 1 U 50
52 1 L 36
53 1 U 52
54 0 U -1
55 1 U 54
56 0 L 16
57 1 U 56
58 0 U 57
59 0 U 58
60 1 U 59
61 0 U 60
62 1 L 59
63 0 U -1
64 1 U 63
65 0 U 64
66 0 U 65
67 1 U 66
68 0 U 67
69 1 U 68
70 1 L 1
71 1 U 70
72 0 L 55
73 1 U 72
74 1 U 73
75 1 U 74
76 1 U 33
77 0 U 76
78 0 U 77
79 1 U 78
80 1 U 79
81 1 U -1
82 1 U 81
83 1 U 28
84 0 U 83
85 0 U 84
86 1 U 85
87 0 L 14
88 1 U 87
89 1 U 88
90
0 1 U -1
1 0 U 0
2 1 U 1
3 1 U 1
4 1 U 3
5 0 U 4
6 0 U 5
7 0 L -1
8 1 U 7
9 0 U -1
10 1 U 9
11 0 U 10
12 0 U 11
13 0 U 12
14 1 U 4
15 0 U 14
16 0 U 15
17 0 U 16
18 1 U -1
19 0 L 0
20 0 U 19
21 0 U 20
22 0 U 21
23 0 U 22
24 1 U 18
25 0 U 24
26 0 U 25
27 0 U -1
28 0 U 14
29 0 U 28
30 0 U 29
31 0 L 14
32 0 U 13
33 0 U 32
34 0 U 33
35 0 U 34
36 1 U 12
37 0 L 36
38 0 U 37
39 0 U 38
40 1 U 39
41 1 L 9
42 1 U 41
43 0 L 15
44 0 U 43
45 1 U -1
46 0 U 45
47 1 U 46
48 0 U 47
49 0 U 48
50 0 U 49
51 1 U 50
52 1 U 51
53 1 U 52
54 0 U -1
55 1 U 54
56 0 L 16
57 1 U 56
58 0 U 57
59 0 U 58
60 1 U 59
61 0 U 60
62 1 L 59
63 0 U -1
64 1 U 63
65 1 L 53
66 0 U 65
67 1 U 66
68 0 U 67
69 1 U 68
70 1 L 1
71 1 U 70
72 0 U 57
73 1 U 72
74 1 U 73
75 1 U 74
76 1 U 33
77 0 U 76
78 0 U 77
79 1 U 78
80 1 U 79
81 0 U 17
82 1 L 0
83 1 U 28
84 0 U 83
85 0 U 84
86 0 L 79
87 0 L 14
88 1 U 87
89 1 U 88
90
0 1 U -1
1 0 U 0
2 0 U -1
3 1 U 1
4 1 L 0
5 0 U 4
6 0 U 5
7 1 L 3
8 1 U 7
9 0 U -1
10 1 U 9
11 0 U 10
12 0 U 11
13 0 U 12
14 1 U 4
15 0 U 14
16 0 U 15
17 0 U 16
18 1 U -1
19 0 L 0
20 0 U 19
21 0 U 20
22 0 U 21
23 0 U 22
24 1 U 18
25 0 U 24
26 0 U 25
27 0 U -1
28 0 U 14
29 0 U 28
30 0 U 29
31 0 U 28
32 0 U 8
33 0 U 32
34 0 U 33
35 0 U 34
36 1 U 12
37 1 U 36
38 1 L 19
39 0 U 38
40 1 U 39
41 1 L 9
42 1 U 41
43 0 L 29
44 0 U 43
45 0 U 21
46 0 U 45
47 1 U 46
48 0 U 47
49 0 U 48
50 0 U 49
51 1 U 50
52 1 U 51
53 1 U 52
54 0 U -1
55 1 L 51
56 0 L 16
57 1 U 56
58 0 U 57
59 0 U 50
60 1 U 58
61 0 U 60
62 1 U 6
63 0 U -1
64 1 U 63
65 0 U 64
66 0 U 65
67 1 U 66
68 0 U 67
69 1 U 68
70 1 L 1
71 1 U 70
72 0 U -1
73 1 U 72
74 1 U 73
75 1 U 74
76 1 U 33
77 0 U 76
78 0 U 77
79 1 U 78
80 1 U 79
81 1 U -1
82 1 U 81
83 0 U 35
84 0 U 83
85 0 U 84
86 1 U 85
87 0 L 14
88 1 U 87
89 1 U 88
90
0 1 U -1
1 0 U 0
2 0 U -1
3 1 U 1
4 1 L 0
5 0 U 4
6 0 U 5
7 0 L 4
8 1 U 7
9 0 U -1
10 1 U 9
11 0 U 10
12 0 U 11
13 0 U 12
14 1 U 4
15 0 U 14
16 0 U 15
17 0 U 16
18 1 U -1
19 0 L 0
20 0 U 19
21 0 U 20
22 0 U 21
23 0 U 22
24 1 U 18
25 0 U 24
26 0 U 25
27 0 U -1
28 0 U 14
29 0 U 28
30 0 U 29
31 0 U 28
32 0 U 8
33 0 U 32
34 0 U 33
35 1 L 0
36 1 U 12
37 1 U 36
38 1 L 19
39 0 U 38
40 1 U 39
41 1 L 9
42 1 U 41
43 0 L 29
44 0 U 43
45 0 U 21
46 0 U 45
47 1 U 46
48 0 U 47
49 0 U 48
50 0 U 24
51 1 U 50
52 1 U 51
53 1 U 52
54 0 U -1
55 1 L 51
56 0 L 16
57 1 U 56
58 0 U 57
59 0 U 50
60 1 L 51
61 0 U 60
62 1 U 6
63 0 U -1
64 1 U 63
65 0 U 64
66 0 U 63
67 1 U 66
68 1 U 64
69 1 U 68
70 1 L 1
71 0 U 27
72 0 U -1
73 1 U 72
74 1 U 73
75 1 L 33
76 1 U 33
77 1 L 5
78 0 U 77
79 1 U 78
80 1 U 79
81 1 U -1
82 1 U 81
83 0 U 35
84 0 U 83
85 0 U 84
86 0 L 45
87 0 L 14
88 1 U 87
89 1 U 88
90
0 1 U -1
1 0 U 0
2 1 U 1
3 1 U 1
4 1 U 2
5 0 U 4
6 0 U 5
7 0 L 4
8 1 U 7
9 0 U -1
10 1 U 9
11 0 U 10
12 0 U 11
13 0 U 12
14 1 U 4
15 0 U 14
16 0 U 15
17 1 U 1
18 0 U 7
19 0 L 0
20 0 U 19
21 0 U 17
22 0 U 21
23 0 U 22
24 1 U 18
25 0 U 24
26 0 U 25
27 0 U -1
28 0 U 14
29 0 U 28
30 0 U 29
31 0 U 28
32 0 U 8
33 0 U 32
34 1 U 32
35 1 L 0
36 1 U 12
37 1 U 36
38 1 L 19
39 0 U 38
40 1 U 39
41 1 L 9
42 1 U 41
43 0 L 29
44 0 U 43
45 0 U 21
46 0 L 25
47 1 U 46
48 0 U 47
49 0 U 48
50 0 U 44
51 1 U 50
52 1 U 51
53 1 U 52
54 0 U -1
55 1 L 51
56 0 L 16
57 1 U 56
58 0 U 57
59 0 U 50
60 1 L 51
61 0 U 60
62 1 U 6
63 0 U -1
64 1 U 63
65 0 U 64
66 0 U 63
67 1 U 66
68 1 U 64
69 1 U 68
70 1 L 1
71 0 U 27
72 0 U -1
73 1 U 72
74 1 U 73
75 1 L 33
76 1 U 33
77 1 L 5
78 0 U 77
79 1 L 28
80 1 U 79
81 1 U -1
82 1 U 81
83 0 U 35
84 0 L 74
85 0 U 84
86 0 L 45
87 0 L 14
88 1 U 87
89 1 U 88
90
0 1 L -1
1 0 U 0
2 0 U -1
3 1 U 1
4 1 L 0
5 0 U 4
6 0 U 5
7 0 L 4
8 0 U 1
9 0 U -1
10 1 U 9
11 0 U 10
12 1 U 3
13 0 U 12
14 1 U 4
15 0 U 14
16 0 U 15
17 0 U 16
18 1 U -1
19 1 U 13
20 0 U 16
21 0 U 20
22 0 U 21
23 0 U 22
24 1 U 18
25 0 U 24
26 0 U 25
27 0 U 23
28 0 U 14
29 0 U 28
30 0 U 29
31 0 U 28
32 0 U 8
33 0 U 32
34 0 U 33
35 1 L 0
36 1 U 12
37 1 U 36
38 1 L 19
39 0 U 38
40 1 U 39
41 1 L 9
42 1 U 41
43 0 L 29
44 0 U 43
45 0 U 21
46 0 U 45
47 1 U 46
48 0 U 47
49 0 U 48
50 1 U 8
51 1 U 50
52 1 U 51
53 1 U 52
54 0 U -1
55 1 L 51
56 0 L 16
57 1 U 56
58 0 U 57
59 0 U 50
60 0 U 45
61 0 U 60
62 1 U 6
63 0 U -1
64 1 U 63
65 0 U 64
66 0 U 63
67 1 U 66
68 1 U 64
69 0 L 40
70 1 L 1
71 1 U 57
72 0 U -1
73 1 U 72
74 1 U 73
75 1 L 33
76 1 U 33
77 1 L 5
78 0 U 77
79 1 U 78
80 1 U 79
81 1 U -1
82 1 U 81
83 0 U 35
84 0 U 83
85 0 U 84
86 0 L 45
87 0 L 14
88 1 U 87
89 1 U 88
90
0 1 U -1
1 0 U 0
2 0 U -1
3 1 U 1
4 1 L 0
5 0 U 4
6 0 U 5
7 0 L 4
8 1 U 7
9 0 U -1
10 1 U 9
11 0 U 10
12 0 U 11
13 0 U 12
14 1 U 4
15 1 U 14
16 0 U 15
17 0 U 16
18 1 U -1
19 1 L 16
20 0 U 19
21 0 U 20
22 0 U 21
23 0 U 22
24 1 U 18
25 0 U 12
26 0 U 0
27 0 U -1
28 0 U 14
29 0 U 28
30 1 U 24
31 0 U 28
32 0 U 8
33 0 U 32
34 1 L 1
35 1 L 0
36 0 U 9
37 1 U 36
38 1 L 19
39 0 U 38
40 1 U 39
41 1 L 9
42 1 U 41
43 0 L 29
44 0 U 43
45 0 U 21
46 0 U 45
47 1 U 46
48 0 U 47
49 0 L 47
50 0 U 24
51 1 U 50
52 1 U 51
53 1 U 52
54 0 U -1
55 1 L 51
56 0 L 16
57 1 U 56
58 0 U 57
59 0 U 50
60 1 L 51
61 0 U 60
62 1 U 6
63 1 L 0
64 1 U 63
65 0 U 64
66 0 U 49
67 1 U 66
68 1 U 64
69 1 U 68
70 1 L 1
71 0 U 27
72 0 U -1
73 1 U 72
74 1 U 73
75 1 L 33
76 0 L 8
77 1 L 5
78 0 U 77
79 1 U 78
80 0 L 36
81 1 U -1
82 1 U 81
83 0 U 35
84 1 U 77
85 0 U 84
86 0 L 45
87 0 L 14
88 1 U 87
89 1 U 88
90
0 1 U -1
1 0 U 0
2 0 U -1
3 1 U 1
4 1 L 0
5 0 U 4
6 0 U 5
7 0 L 4
8 1 U 7
9 0 U -1
10 0 U 3
11 0 U 10
12 0 U 11
13 0 U 12
14 1 U 4
15 1 U 14
16 0 U 15
17 0 U 16
18 1 U -1
19 0 L 0
20 0 U 19
21 0 U 20
22 0 U 21
23 0 U 22
24 1 U 18
25 0 U 24
26 0 U 25
27 0 U -1
28 1 L 0
29 0 U 28
30 0 U 29
31 0 U 28
32 0 U 8
33 0 U 32
34 0 U 33
35 1 L 0
36 0 U 6
37 1 U 36
38 1 L 19
39 0 U 38
40 1 U 39
41 1 U 15
42 1 U 41
43 0 L 29
44 0 U 43
45 0 U 21
46 0 U 45
47 1 U 46
48 0 U 47
49 0 U 48
50 1 U 43
51 1 U 50
52 1 L 0
53 1 U 52
54 0 U -1
55 1 L 51
56 0 L 16
57 1 U 56
58 0 U 57
59 0 U 50
60 1 L 51
61 0 U 60
62 1 U 6
63 0 U -1
64 1 U 63
65 0 U 64
66 0 U 63
67 1 U 66
68 1 U 64
69 1 U 68
70 1 L 1
71 0 U 27
72 0 U -1
73 1 U 72
74 1 U 73
75 1 L 33
76 1 U 33
77 1 L 5
78 0 U 77
79 1 U 78
80 1 U 79
81 1 U -1
82 1 U 81
83 0 U 35
84 0 U 83
85 0 U 84
86 0 L 45
87 0 L 14
88 1 U 87
89 1 U 88
90
0 1 U -1
1 0 U 0
2 0 U -1
3 1 U 1
4 1 L 0
5 0 U 4
6 0 U 5
7 0 L 4
8 1 U 7
9 0 U -1
10 1 U 9
11 0 U 10
12 0 U 11
13 0 U 12
14 1 U 4
15 0 U 14
16 0 U 15
17 0 U 9
18 1 U -1
19 0 L 0
20 1 L 6
21 1 U 15
22 0 U 21
23 1 L 13
24 1 U 18
25 0 U 24
26 0 U 25
27 0 U -1
28 0 U 14
29 0 U 28
30 0 L 25
31 0 U 28
32 0 U 8
33 0 U 32
34 0 U 33
35 0 U 19
36 1 U 12
37 1 L 24
38 1 L 19
39 0 U 38
40 0 L 16
41 1 L 9
42 1 U 41
43 0 L 29
44 0 U 43
45 0 U 21
46 0 U 45
47 1 U 46
48 0 U 47
49 1 U 36
50 0 U 24
51 1 U 50
52 1 U 51
53 1 U 52
54 0 U -1
55 1 L 51
56 0 L 16
57 1 U 56
58 0 U 1
59 0 U 50
60 1 L 51
61 0 U 60
62 1 U 6
63 0 U -1
64 1 U 63
65 0 U 64
66 0 U 63
67 1 U 66
68 1 U 64
69 1 U 68
70 1 L 1
71 0 U 27
72 1 U 51
73 1 U 72
74 1 U 73
75 1 L 33
76 1 U 33
77 1 L 5
78 0 U 77
79 1 U 78
80 1 U 79
81 0 U 11
82 1 U 81
83 0 U 35
84 0 U 83
85 0 U 84
86 0 L 45
87 0 L 14
88 1 U 87
89 1 U 88
90
0 1 U -1
1 0 U 0
2 0 U -1
3 1 U 2
4 1 L 0
5 1 L 1
6 0 U 5
7 1 U 5
8 0 L 1
9 0 U -1
10 1 U 9
11 0 U 10
12 1 L 5
13 0 U 12
14 1 U 4
15 1 L 7
16 0 U 15
17 0 U 16
18 1 U -1
19 0 L 0
20 0 U 19
21 0 U 20
22 0 U 21
23 0 U 22
24 1 U 18
25 0 U 24
26 0 U 25
27 0 U -1
28 0 U 14
29 0 U 28
30 0 U 29
31 0 U 28
32 0 U 8
33 0 U 32
34 0 U 33
35 1 L 0
36 1 U 12
37 1 U 36
38 1 L 19
39 0 U 38
40 1 U 39
41 1 L 9
42 1 U 7
43 0 L 29
44 0 U 43
45 0 U 21
46 0 U 45
47 1 U 46
48 0 U 47
49 0 L 28
50 0 U 24
51 0 L 16
52 1 U 51
53 1 U 52
54 0 U -1
55 1 L 51
56 0 L 16
57 1 U 56
58 0 U 57
59 0 U 50
60 1 L 51
61 0 U 60
62 1 U 6
63 0 U -1
64 1 U 63
65 0 U 64
66 1 L 8
67 1 U 66
68 0 U -1
69 0 U 34
70 1 L 1
71 0 U 27
72 0 U -1
73 0 U 54
74 1 U 73
75 1 L 33
76 1 U 33
77 1 L 5
78 0 U 77
79 1 U 78
80 1 U 79
81 1 U -1
82 1 U 81
83 0 U 35
84 0 U 83
85 0 U 38
86 0 L 45
87 0 L 14
88 1 L 38
89 1 U 88
90
0 1 U -1
1 0 U 0
2 1 L -1
3 1 U 2
4 1 L 0
5 0 U 4
6 0 U 5
7 0 L 4
8 1 U 7
9 0 L 8
10 1 U 9
11 0 U 10
12 0 U 11
13 0 U 12
14 1 U 4
15 0 U 14
16 0 U 15
17 0 U 16
18 0 U -1
19 0 L 0
20 0 U 19
21 0 U 20
22 0 U 21
23 0 U 22
24 1 U 18
25 0 U 24
26 0 U 25
27 0 U -1
28 0 U 14
29 0 U 28
30 0 U 29
31 0 U 28
32 0 U 8
33 0 U 32
34 0 U 33
35 1 L 0
36 1 U 12
37 1 U 36
38 1 L 19
39 0 U 38
40 1 U 39
41 1 L 9
42 1 U 41
43 0 U 9
44 0 U 43
45 0 U 21
46 0 U 45
47 1 U 44
48 1 U 41
49 0 U 48
50 0 U 2
51 1 U 50
52 1 U 51
53 1 U 52
54 0 L 9
55 1 L 51
56 0 L 16
57 1 U 56
58 0 U 57
59 0 U 50
60 1 L 51
61 0 U 60
62 1 U 6
63 0 U -1
64 1 U 63
65 0 U 64
66 0 U 63
67 1 U 66
68 1 U 64
69 1 U 68
70 1 L 1
71 0 U 27
72 1 L 38
73 1 U 72
74 1 U 73
75 0 U 58
76 1 U 33
77 1 L 5
78 0 U 77
79 1 U 78
80 1 U 79
81 1 U -1
82 0 L 53
83 0 U 35
84 0 U 83
85 0 U 84
86 0 L 45
87 0 L 14
88 1 U 87
89 1 U 88
90
0 1 U -1
1 0 U 0
2 0 U -1
3 1 U 1
4 1 L 0
5 0 U 4
6 0 U 5
7 0 L 4
8 1 U 7
9 0 U -1
10 1 U 9
11 0 U 9
12 0 U 11
13 0 U 12
14 1 U 4
15 0 U 14
16 0 U 15
17 0 U 16
18 1 U -1
19 0 L 0
20 0 U 19
21 0 U 20
22 0 U 21
23 0 U 22
24 1 U 18
25 0 U 24
26 0 U 25
27 0 U -1
28 0 U 14
29 1 L 27
30 0 U 29
31 0 U 28
32 0 U 8
33 0 U 32
34 0 U 33
35 1 L 0
36 1 U 12
37 1 U 36
38 1 L 19
39 0 U 38
40 1 U 39
41 1 L 9
42 1 U 41
43 0 L 29
44 0 U 43
45 0 U 21
46 0 U 45
47 1 U 46
48 0 U 47
49 0 U 48
50 0 U 24
51 1 U 50
52 1 U 51
53 1 U 52
54 0 U -1
55 1 L 51
56 0 L 16
57 1 U 56
58 0 U 57
59 0 U 50
60 1 L 51
61 0 U 60
62 1 U 6
63 0 U 22
64 1 U 7
65 0 U 64
66 0 U 63
67 1 U 66
68 1 U 64
69 1 U 68
70 1 L 1
71 0 U 27
72 0 L 24
73 1 U 72
74 1 U 73
75 1 L 33
76 1 U 33
77 1 L 5
78 0 U 77
79 1 U 78
80 1 U 79
81 1 U -1
82 1 U 81
83 0 U 35
84 0 U 83
85 0 U 84
86 0 L 45
87 0 L 14
88 1 U 87
89 1 U 88
90
0 1 U -1
1 0 U 0
2 1 L 1
3 1 U 1
4 1 L 0
5 0 U 4
6 0 U 1
7 0 L 4
8 1 U 7
9 0 U -1
10 1 U 9
11 1 L -1
12 1 U 7
13 1 U 0
14 1 U 4
15 0 U 14
16 0 U 15
17 0 U 16
18 1 U -1
19 0 L 0
20 0 U 19
21 0 U 20
22 0 U 21
23 0 U 22
24 1 U 18
25 0 U 24
26 1 L 8
27 0 U -1
28 0 U 14
29 0 U 28
30 0 U 29
31 0 U 20
32 0 U 8
33 0 L 32
34 0 U 33
35 1 L 0
36 1 U 12
37 1 U 36
38 1 L 19
39 0 U 38
40 1 U 39
41 1 L 9
42 1 U 41
43 0 L 29
44 0 U 43
45 0 U 21
46 0 U 45
47 1 U 46
48 0 U 25
49 0 U 48
50 0 U 24
51 1 U 50
52 1 U 51
53 1 U 52
54 0 U -1
55 1 L 51
56 0 L 16
57 0 U 22
58 0 U 57
59 0 U 50
60 1 L 51
61 0 U 60
62 1 U 6
63 0 U -1
64 1 U 63
65 0 U 64
66 0 U 63
67 1 U 66
68 1 U 64
69 1 U 68
70 1 L 1
71 0 U 27
72 0 U -1
73 1 U 72
74 1 U 73
75 1 L 33
76 1 U 33
77 1 L 5
78 0 U 77
79 1 U 78
80 1 U 79
81 1 U -1
82 1 U 81
83 0 U 35
84 0 U 83
85 0 U 84
86 0 L 45
87 0 L 14
88 1 U 87
89 1 U 88
90
0 1 U -1
1 0 U 0
2 0 U -1
3 1 U 1
4 1 L 0
5 0 U 4
6 1 U -1
7 0 L 4
8 1 U 7
9 0 U -1
10 1 U 9
11 1 L 6
12 0 U 11
13 0 U 12
14 1 U 4
15 0 U 14
16 0 U 15
17 0 U 16
18 0 U 11
19 0 L 0
20 0 U 19
21 0 U 20
22 0 U 21
23 0 U 22
24 1 U 18
25 0 U 24
26 0 U 25
27 1 U 20
28 0 U 14
29 0 U 28
30 0 U 29
31 0 U 28
32 0 U 8
33 0 U 32
34 0 U 33
35 1 L 0
36 1 U 12
37 1 U 36
38 1 L 19
39 0 U 38
40 1 U 39
41 1 L 9
42 1 U 41
43 0 L 29
44 0 U 43
45 0 U 21
46 0 U 45
47 1 U 46
48 0 U 47
49 0 U 48
50 0 U 24
51 1 U 50
52 1 U 51
53 1 U 52
54 0 U -1
55 1 L 51
56 0 U 38
57 1 U 56
58 0 U 57
59 0 U 50
60 1 L 51
61 0 U 60
62 1 U 6
63 0 U 8
64 1 U 63
65 0 U 64
66 0 U 63
67 1 U 13
68 1 U 64
69 1 U 68
70 1 L 1
71 0 U 27
72 0 U -1
73 1 L 5
74 1 U 73
75 1 L 33
76 1 U 33
77 1 L 5
78 0 U 77
79 1 U 78
80 1 U 79
81 1 L 79
82 1 U 81
83 0 U 35
84 0 U 83
85 0 U 84
86 0 L 45
87 0 L 14
88 0 L 16
89 0 U 69
90
0 1 U -1
1 0 U 0
2 0 U -1
3 1 U 1
4 1 L 0
5 0 U 4
6 0 U 5
7 0 L 4
8 1 U 7
9 0 U -1
10 1 U 9
11 0 U 10
12 0 U 11
13 0 U 12
14 1 U 4
15 0 U 14
16 0 U 15
17 0 U 16
18 1 U -1
19 0 L 0
20 0 U 19
21 0 U 20
22 0 U 21
23 0 U 12
24 1 U 18
25 0 U 24
26 0 U 25
27 0 U -1
28 0 U 14
29 0 U 21
30 0 U 29
31 1 L 6
32 0 U 8
33 0 U 32
34 0 U 33
35 1 L 0
36 1 U 12
37 1 U 36
38 1 L 19
39 0 U 38
40 1 U 39
41 1 L 9
42 1 U 41
43 0 L 29
44 0 U 43
45 0 U 21
46 1 L 35
47 1 U 46
48 0 U 47
49 0 U 48
50 0 U 24
51 1 U 50
52 1 U 51
53 1 U 52
54 0 U -1
55 1 L 51
56 0 L 16
57 1 U 12
58 0 U 57
59 0 U 50
60 1 L 51
61 0 U 1
62 1 U 6
63 0 U -1
64 1 L 9
65 0 U 64
66 0 U 63
67 1 U 66
68 1 U 64
69 1 U 68
70 1 L 1
71 0 U 27
72 0 U -1
73 1 U 72
74 1 U 73
75 1 L 33
76 1 U 33
77 1 L 5
78 0 U 77
79 1 U 78
80 1 U 79
81 1 L 58
82 0 L 81
83 0 U 35
84 0 U 83
85 0 U 84
86 0 L 45
87 0 L 14
88 1 U 87
89 1 U 88
90
0 1 U -1
1 0 U 0
2 0 U -1
3 1 U 1
4 1 L 0
5 0 U 4
6 0 U 5
7 0 L 4
8 1 U 7
9 0 U -1
10 1 U 9
11 0 U 10
12 0 U 11
13 0 U 12
14 1 U 4
15 0 U 14
16 0 U 15
17 0 U 16
18 1 U -1
19 0 L 0
20 0 U 19
21 0 U 20
22 1 L 11
23 0 U 22
24 1 U 18
25 0 U 24
26 0 U 25
27 1 L 3
28 0 U 14
29 0 U 28
30 0 U 29
31 0 U 28
32 0 U 8
33 0 L 12
34 0 U 33
35 1 L 0
36 1 U 12
37 1 U 36
38 1 L 19
39 0 U 38
40 1 U 39
41 1 L 9
42 1 U 41
43 0 L 29
44 0 U 43
45 1 L 13
46 0 U 24
47 1 U 46
48 0 U 47
49 0 U 48
50 0 U 24
51 1 U 50
52 1 U 51
53 1 L 11
54 0 U -1
55 1 L 51
56 0 L 16
57 1 U 56
58 0 U 57
59 0 U 50
60 1 L 51
61 0 U 60
62 1 U 6
63 0 U -1
64 1 U 63
65 0 U 64
66 0 U 63
67 1 U 66
68 1 U 64
69 1 U 68
70 1 L 1
71 0 U 27
72 1 L 60
73 1 U 72
74 0 L 41
75 1 L 33
76 1 U 33
77 1 L 5
78 0 U 77
79 1 U 78
80 1 U 79
81 1 U -1
82 1 U 81
83 0 U 35
84 0 U 83
85 0 U 84
86 0 L 45
87 0 L 14
88 1 U 87
89 1 U 88
90
0 1 U -1
1 0 U 0
2 1 L 1
3 1 U 1
4 1 L 0
5 0 U 1
6 0 U 5
7 0 L 4
8 1 U 7
9 0 U -1
10 1 U 9
11 0 U 10
12 0 U 11
13 0 U 12
14 1 U 4
15 0 U 14
16 0 U 15
17 0 U 16
18 1 U -1
19 0 U 7
20 0 U 19
21 0 U 20
22 0 U 21
23 0 U 22
24 1 U 18
25 0 U 24
26 1 L 5
27 0 U -1
28 0 U 14
29 0 L 14
30 1 L 3
31 0 U 28
32 0 U 8
33 0 U 32
34 0 U 33
35 1 L 0
36 1 U 12
37 1 U 36
38 0 U 17
39 0 U 38
40 1 U 39
41 1 L 9
42 1 U 41
43 0 L 29
44 0 U 43
45 0 U 21
46 0 U 36
47 1 U 46
48 0 U 47
49 0 U 48
50 0 U 24
51 1 U 50
52 0 L 23
53 1 U 52
54 0 U -1
55 1 L 51
56 0 L 16
57 1 U 56
58 0 U 57
59 0 U 50
60 1 L 51
61 0 U 60
62 1 U 6
63 0 U -1
64 1 U 63
65 0 U 64
66 0 U 63
67 1 U 66
68 1 U 64
69 1 U 68
70 1 L 1
71 1 L 21
72 0 U -1
73 1 U 72
74 1 U 73
75 1 U 66
76 1 U 33
77 1 L 5
78 0 L 54
79 1 U 78
80 0 U 40
81 1 L 74
82 1 U 81
83 0 U 35
84 1 L -1
85 0 U 84
86 0 L 45
87 0 L 14
88 1 U 87
89 0 U 74
90
0 1 U -1
1 0 U 0
2 0 U -1
3 1 U 1
4 1 L 0
5 0 L -1
6 0 U 5
7 1 L -1
8 1 U 7
9 0 U -1
10 1 U 9
11 0 U 10
12 1 L 2
13 0 U 12
14 1 U 4
15 1 L 1
16 0 U 15
17 0 U 16
18 1 U -1
19 0 L 0
20 0 U 19
21 0 U 20
22 0 U 21
23 0 U 22
24 1 U 18
25 0 U 24
26 0 L 25
27 0 U -1
28 0 U 14
29 0 U 28
30 0 U 19
31 0 U 28
32 0 U 8
33 0 U 32
34 0 U 33
35 1 L 0
36 1 U 12
37 1 U 36
38 1 L 19
39 0 U 38
40 1 U 39
41 1 L 9
42 1 U 41
43 0 L 29
44 0 U 43
45 0 U 21
46 0 U 45
47 0 L 44
48 0 U 47
49 0 U 48
50 0 U 24
51 1 U 50
52 1 U 51
53 1 U 52
54 0 L 38
55 1 L 45
56 0 L 16
57 1 U 17
58 0 U 57
59 0 U 50
60 1 L 51
61 0 U 60
62 1 U 6
63 0 U -1
64 1 U 63
65 0 U 64
66 0 U 63
67 1 U 66
68 1 U 64
69 1 U 68
70 1 L 1
71 0 U 27
72 0 U -1
73 1 U 72
74 1 U 73
75 1 L 33
76 1 U 33
77 1 L 5
78 0 U 77
79 1 U 78
80 1 U 79
81 1 U -1
82 1 U 81
83 1 U 69
84 0 U 83
85 0 U 84
86 0 L 45
87 1 L 60
88 1 L 60
89 1 U 88
90
0 1 U -1
1 0 U 0
2 0 U -1
3 1 U 1
4 1 L 0
5 0 U 0
6 0 U 5
7 0 L 4
8 1 U 7
9 0 U -1
10 1 U 9
11 0 U 10
12 0 U 11
13 0 U 12
14 1 U 4
15 0 U 14
16 0 U 15
17 0 U 16
18 1 U -1
19 0 L 0
20 0 U 19
21 0 U 20
22 0 U 21
23 0 U 22
24 1 U 18
25 0 U 24
26 0 U 25
27 0 U -1
28 0 U 21
29 0 U 28
30 0 U 29
31 0 U 28
32 0 U 8
33 0 U 32
34 0 U 33
35 1 L 0
36 1 U 12
37 1 U 7
38 1 L 19
39 0 U 38
40 1 U 39
41 1 L 9
42 1 U 41
43 0 L 29
44 0 U 16
45 0 U 21
46 0 U 45
47 1 U 46
48 0 U 47
49 0 U 48
50 0 U 24
51 1 U 50
52 0 U 48
53 0 U 19
54 0 U -1
55 1 L 51
56 0 L 16
57 1 U 14
58 0 U 57
59 1 L 45
60 1 L 51
61 0 U 60
62 1 U 6
63 0 U -1
64 1 U 63
65 0 U 64
66 0 U 63
67 1 U 66
68 1 U 64
69 1 U 68
70 1 L 1
71 0 U 27
72 0 U -1
73 1 U 72
74 1 L 35
75 1 L 33
76 1 U 33
77 1 L 5
78 0 U 77
79 1 U 78
80 1 U 79
81 1 U -1
82 1 U 81
83 0 U 35
84 0 U 83
85 0 U 84
86 0 L 45
87 0 U 37
88 1 U 87
89 1 U 88
90
0 1 U -1
1 0 U 0
2 1 U -1
3 1 U 1
4 1 L 0
5 0 U 4
6 0 U 5
7 0 L 4
8 1 U 7
9 0 U -1
10 1 U 9
11 0 U 10
12 0 U 11
13 0 U 12
14 1 U 4
15 0 U 14
16 0 U 15
17 0 U 16
18 1 U -1
19 0 L 0
20 0 U 19
21 0 U 20
22 0 U 21
23 1 L 4
24 1 U 18
25 0 U 1
26 0 U 25
27 0 U -1
28 0 U 14
29 0 U 28
30 0 U 29
31 0 U 28
32 0 U 8
33 0 U 32
34 0 U 5
35 1 L 0
36 1 U 12
37 1 U 36
38 1 L 19
39 0 U 38
40 1 U 39
41 1 L 9
42 1 U 41
43 0 L 29
44 0 U 43
45 0 U 21
46 0 U 45
47 1 L 7
48 0 U 47
49 0 U 48
50 0 U 24
51 1 U 50
52 1 U 51
53 1 U 52
54 0 U -1
55 1 L 51
56 0 L 16
57 1 U -1
58 0 U 57
59 0 U 50
60 1 L 51
61 0 U 60
62 1 U 6
63 1 U 25
64 1 U 63
65 0 U 64
66 0 U 63
67 1 U 66
68 1 U 64
69 0 L 12
70 0 L 36
71 0 U 27
72 0 U -1
73 1 U 72
74 1 U 73
75 1 L 33
76 1 U 33
77 1 U 18
78 0 U 77
79 1 U 78
80 1 U 79
81 1 U -1
82 1 U 81
83 0 U 35
84 0 U 83
85 0 U 84
86 1 U 30
87 0 L 14
88 1 U 87
89 1 U 88
90
0 1 U -1
1 0 U 0
2 0 U -1
3 1 U 1
4 1 L 0
5 0 U 4
6 0 U 5
7 0 L 4
8 1 U 7
9 0 U -1
10 1 U 9
11 0 U 10
12 0 U 11
13 0 U 12
14 1 U 4
15 0 U 14
16 0 U 15
17 0 U 16
18 1 U -1
19 0 U 11
20 0 U 19
21 0 U 20
22 0 U 21
23 0 U 22
24 1 U 18
25 0 U 24
26 0 U 25
27 0 U -1
28 0 U 14
29 0 U 28
30 0 U 29
31 0 U 28
32 0 U 8
33 0 U 32
34 0 U 33
35 1 L 0
36 1 U 12
37 1 U 26
38 1 L 19
39 0 U 38
40 1 U 39
41 1 L 9
42 1 U 41
43 1 U 1
44 0 U 43
45 0 U 21
46 0 U 45
47 1 U 46
48 0 U 47
49 0 U 48
50 0 U 24
51 1 U 50
52 1 U 51
53 1 U 52
54 0 U -1
55 1 L 51
56 1 U 6
57 1 U 56
58 0 U 57
59 0 U 50
60 1 L 51
61 0 U 60
62 1 U 6
63 0 U -1
64 1 U 63
65 0 U 64
66 0 U 63
67 1 U 66
68 1 U 64
69 1 U 68
70 1 L 1
71 0 U 27
72 0 U -1
73 1 U 72
74 1 U 73
75 1 L 33
76 1 U 33
77 0 L 29
78 0 U 77
79 0 U 74
80 1 L 77
81 1 U -1
82 1 U 81
83 0 U 35
84 0 U 83
85 0 U 84
86 0 L 45
87 0 L 14
88 1 U 87
89 0 L 62
90
0 1 U -1
1 0 U 0
2 0 U -1
3 1 U 1
4 1 L 3
5 0 U 4
6 0 U 5
7 0 L 4
8 1 U 7
9 0 U -1
10 1 U 9
11 0 U 10
12 0 U 11
13 0 U 10
14 1 U 4
15 0 U 14
16 0 U 15
17 0 U 16
18 0 L 5
19 0 L 0
20 0 U 19
21 0 U 20
22 0 U 1
23 0 U 22
24 1 U 18
25 0 U 24
26 0 U 25
27 0 U -1
28 0 U 14
29 0 L 26
30 0 U 29
31 0 U 28
32 0 U 8
33 0 U 32
34 0 U 33
35 1 L 0
36 1 U 12
37 1 U 36
38 1 L 19
39 0 U 38
40 1 U 25
41 1 L 9
42 1 U 41
43 0 L 29
44 0 U 43
45 0 U 21
46 0 U 45
47 1 U 46
48 0 U 47
49 0 U 48
50 0 U 24
51 1 U 50
52 1 U 51
53 1 U 52
54 0 U -1
55 1 L 51
56 0 L 16
57 1 L 47
58 1 L 44
59 0 U 50
60 1 U 1
61 0 U 60
62 1 U 6
63 0 U -1
64 1 U 63
65 0 U 64
66 0 U 63
67 1 U 12
68 1 U 64
69 0 U 51
70 1 L 1
71 0 U 27
72 0 U -1
73 1 U 72
74 1 U 73
75 1 L 33
76 0 L 36
77 1 L 5
78 0 U 77
79 0 L 6
80 1 U 79
81 1 U -1
82 1 U 81
83 0 U 35
84 0 U 83
85 0 L 3
86 0 L 45
87 0 L 14
88 1 U 87
89 1 U 88
90
0 1 U -1
1 0 U 0
2 0 U -1
3 1 U 1
4 0 L 3
5 0 U 4
6 0 U 5
7 0 L 5
8 1 U 7
9 0 U -1
10 1 U 9
11 0 U 10
12 0 U 11
13 0 U 12
14 1 U 4
15 0 U 14
16 0 U 15
17 0 U 16
18 1 U -1
19 0 L 0
20 1 L 19
21 1 L 13
22 0 U 21
23 0 U 22
24 1 U 18
25 0 U 24
26 0 U 25
27 0 U -1
28 0 U 14
29 0 U 28
30 0 U 29
31 0 U 28
32 0 U 8
33 0 L 22
34 1 U 28
35 1 L 0
36 1 U 12
37 1 U 36
38 1 L 19
39 0 U 38
40 1 U 39
41 1 L 9
42 1 U 41
43 0 L 29
44 0 U 43
45 0 U 21
46 0 U 45
47 1 U 46
48 0 U 47
49 0 U 48
50 0 U 24
51 1 U 50
52 1 U 51
53 1 U 52
54 1 U 47
55 1 L 51
56 0 L 16
57 1 U 56
58 0 U 57
59 0 U 50
60 1 L 51
61 0 U 60
62 1 U 6
63 0 U -1
64 1 U 63
65 0 U 64
66 0 U 52
67 1 U 66
68 1 U 64
69 0 L 41
70 1 L 1
71 0 U 27
72 0 U -1
73 1 U 25
74 1 U 73
75 1 L 33
76 1 U 33
77 1 L 5
78 0 U 77
79 1 U 78
80 1 U 79
81 1 U -1
82 1 U 81
83 0 U 35
84 0 U 83
85 0 U 84
86 0 L 45
87 0 L 14
88 1 U 87
89 1 U 88
90
0 1 U -1
1 0 U 0
2 0 U -1
3 1 U 1
4 1 L 0
5 0 U 4
6 0 U 5
7 0 L 4
8 1 U 7
9 0 U -1
10 1 U 9
11 0 U 10
12 0 U 11
13 0 U 12
14 1 U 4
15 0 U 14
16 0 U 15
17 0 U 16
18 1 U -1
19 0 L 0
20 0 U 19
21 0 U 20
22 0 U 21
23 0 U 22
24 1 U 18
25 0 U 24
26 0 U 25
27 0 U -1
28 0 U 14
29 0 U 28
30 0 U 29
31 0 U 28
32 0 U 8
33 0 U 32
34 0 U 33
35 1 L 0
36 1 U 12
37 1 U 36
38 1 L 19
39 0 U 38
40 1 U 39
41 1 L 9
42 1 L 27
43 0 L 29
44 0 U 43
45 0 U 21
46 0 U 45
47 1 U 46
48 1 L 39
49 0 U 48
50 0 U 24
51 1 U 50
52 0 U 42
53 1 U 52
54 0 U -1
55 1 L 51
56 0 L 16
57 1 U 56
58 0 U 57
59 0 U 50
60 1 L 51
61 1 U 57
62 1 L 36
63 0 U -1
64 1 U 63
65 0 L 25
66 0 U 63
67 1 U 66
68 1 U 64
69 1 U 68
70 1 L 1
71 0 U 27
72 0 U -1
73 1 U 72
74 1 U 73
75 1 L 33
76 1 U 33
77 1 L 5
78 0 U 77
79 1 U 78
80 1 U 79
81 1 U -1
82 1 L 58
83 0 U 35
84 0 U 83
85 0 U 84
86 0 L 45
87 0 L 14
88 1 U 87
89 1 U 88
90
0 1 U -1
1 0 U 0
2 0 U -1
3 1 U 1
4 1 L 0
5 1 L 2
6 0 U 5
7 0 L 4
8 1 U 7
9 0 U -1
10 1 U 9
11 1 U 9
12 0 U 9
13 0 U 12
14 1 U 4
15 0 U 14
16 0 U 15
17 0 U 16
18 0 L 15
19 0 L 0
20 0 U 19
21 0 U 20
22 1 U 10
23 0 U 22
24 1 U 18
25 0 U 24
26 0 U 25
27 0 U -1
28 0 U 14
29 0 U 28
30 1 L 23
31 0 U 28
32 0 L 25
33 0 U 32
34 0 U 33
35 1 L 0
36 1 U 8
37 1 U 36
38 1 L 19
39 0 U 38
40 1 L 33
41 1 L 9
42 1 U 41
43 0 L 29
44 1 L 8
45 0 U 21
46 0 U 45
47 1 U 46
48 0 U 47
49 0 U 48
50 0 U 26
51 1 L 5
52 1 U 51
53 1 U 52
54 0 U -1
55 1 L 51
56 0 L 16
57 1 U 56
58 0 U 57
59 0 U 50
60 1 L 51
61 0 U 60
62 1 U 6
63 0 U -1
64 1 U 36
65 1 L 24
66 0 U 63
67 1 U 66
68 1 U 64
69 1 U 68
70 1 L 1
71 0 U 27
72 1 L 41
73 1 U 72
74 1 U 73
75 1 L 33
76 1 U 33
77 1 L 51
78 0 U 77
79 1 U 78
80 1 U 79
81 1 U -1
82 1 U 81
83 0 U 35
84 0 U 83
85 0 U 84
86 0 L 45
87 0 L 14
88 1 U 87
89 1 U 88
90
0 1 L -1
1 0 U 0
2 0 U -1
3 0 L 0
4 1 L 0
5 0 U 4
6 0 U 5
7 0 L 4
8 1 L 1
9 0 U -1
10 1 U 9
11 0 U 10
12 0 U 11
13 0 U 12
14 1 U 4
15 0 U 14
16 0 U 7
17 0 U 16
18 1 U -1
19 0 L 0
20 0 U 19
21 0 U 20
22 0 U 8
23 0 U 22
24 1 U 18
25 0 U 24
26 0 U 25
27 0 U -1
28 0 U 14
29 0 U 28
30 0 L 6
31 0 U 28
32 0 U 8
33 0 U 32
34 0 U 33
35 1 L 30
36 1 U 12
37 0 U 13
38 1 L 19
39 0 U 38
40 1 U 39
41 1 L 9
42 0 L 22
43 0 L 29
44 0 U 43
45 0 U 21
46 0 U 45
47 1 U 18
48 1 U 37
49 0 U 48
50 0 U 24
51 1 U 50
52 1 U 51
53 1 U 52
54 0 U -1
55 1 L 51
56 0 L 16
57 1 U 56
58 0 U 57
59 0 U 50
60 1 L 51
61 0 U 60
62 1 U 6
63 0 U -1
64 1 U 63
65 0 U 64
66 0 U 63
67 0 U 35
68 1 U 64
69 1 U 68
70 1 L 1
71 0 U 27
72 0 U -1
73 1 U 72
74 1 U 73
75 1 L 33
76 1 U 33
77 1 L 5
78 0 U 77
79 0 U 9
80 1 U 79
81 1 U -1
82 1 U 81
83 0 U 35
84 0 U 83
85 0 U 84
86 1 U 67
87 0 L 14
88 0 L 63
89 1 U 88
90
0 1 U -1
1 0 U 0
2 0 U -1
3 1 U 1
4 1 L 0
5 0 U 4
6 0 U 5
7 0 L 4
8 1 U 7
9 0 U -1
10 1 U 9
11 0 U 10
12 0 U 11
13 0 U 12
14 1 U 4
15 0 U 14
16 0 U 15
17 0 U 16
18 1 U -1
19 0 L 0
20 0 U 19
21 1 U 0
22 0 U 21
23 0 U 22
24 1 U 18
25 0 U 24
26 0 U 25
27 0 U -1
28 0 U 14
29 0 U 28
30 0 U 29
31 0 U 28
32 0 U 8
33 0 U 32
34 0 U 33
35 0 U 29
36 1 U 12
37 1 U 36
38 0 U 25
39 0 U 38
40 1 U 39
41 1 L 9
42 1 U 41
43 0 L 29
44 0 U 43
45 0 U 21
46 0 U 45
47 1 U 46
48 0 U 47
49 0 U 48
50 0 U 24
51 1 U 50
52 0 L 49
53 1 U 52
54 0 U -1
55 1 L 51
56 0 L 16
57 1 U 56
58 1 U 24
59 0 U 50
60 1 L 51
61 0 U 60
62 0 U 43
63 0 U -1
64 0 U 52
65 0 U 64
66 1 U 17
67 1 U 66
68 1 U 64
69 1 U 68
70 1 L 1
71 0 L 31
72 0 U -1
73 1 U 72
74 1 U 73
75 1 L 33
76 1 U 33
77 1 L 5
78 0 U 77
79 1 U 78
80 1 U 79
81 1 U -1
82 1 U 81
83 0 U 35
84 0 U 83
85 0 U 84
86 0 L 45
87 0 L 14
88 1 U 87
89 1 U 88
90
0 1 U -1
1 0 U 0
2 1 L -1
3 1 U 1
4 1 L 0
5 0 U 4
6 1 U 5
7 0 L 4
8 1 U 7
9 0 L 7
10 1 U 9
11 0 U 10
12 0 U 11
13 0 U 12
14 1 U 4
15 0 U 14
16 0 U 15
17 0 U 16
18 1 U -1
19 0 L 0
20 0 U 19
21 0 U 20
22 0 U 21
23 0 L -1
24 1 U 18
25 0 U 24
26 0 U 25
27 0 U -1
28 0 U 14
29 0 U 28
30 0 U 29
31 0 U 28
32 0 U 8
33 0 U 32
34 0 U 33
35 1 L 0
36 1 L 12
37 1 U 36
38 1 L 19
39 0 U 38
40 1 U 39
41 1 L 9
42 1 U 41
43 0 L 29
44 0 U 43
45 0 U 21
46 1 U 28
47 1 U 46
48 0 U 47
49 0 U 48
50 0 L 17
51 1 U 50
52 1 U 51
53 1 U 52
54 1 U 5
55 1 L 51
56 0 L 16
57 1 U 56
58 1 U 43
59 0 U 50
60 1 L 51
61 0 U 60
62 1 U 6
63 0 U -1
64 1 U 63
65 0 U 64
66 0 U 63
67 0 L 5
68 1 U 64
69 1 U 68
70 1 L 1
71 0 U 27
72 0 U -1
73 1 U 72
74 1 U 73
75 1 L 33
76 1 U 33
77 1 L 5
78 0 U 77
79 1 U 78
80 1 U 79
81 1 U -1
82 1 U 81
83 0 U 35
84 0 U 83
85 0 U 84
86 0 L 45
87 0 L 43
88 1 U 87
89 1 U 88
90
0 1 U -1
1 0 U 0
2 0 U -1
3 1 U 1
4 1 L 0
5 0 U 4
6 0 U 5
7 0 L 4
8 1 U 7
9 0 U -1
10 1 U 9
11 0 U 10
12 0 U 11
13 0 U 12
14 1 U 4
15 0 U 14
16 0 U 15
17 0 U 16
18 1 U -1
19 0 L 0
20 0 U 19
21 0 U 20
22 0 U 21
23 0 U 22
24 1 U 18
25 0 U 24
26 0 U 25
27 0 U -1
28 0 U 14
29 0 U 28
30 0 U 29
31 0 U 28
32 0 U 8
33 0 U 32
34 0 U 33
35 1 L 0
36 1 U 12
37 1 U 36
38 1 L 19
39 0 U 38
40 1 U 39
41 1 L 9
42 1 L 4
43 0 L 29
44 0 U 43
45 0 U 21
46 0 U 45
47 1 U 46
48 0 U 47
49 0 U 48
50 0 U 24
51 1 U 50
52 1 U 51
53 1 U 52
54 0 U -1
55 1 L 51
56 0 L 16
57 1 U 56
58 1 U 11
59 0 U 50
60 1 L 51
61 0 U 60
62 1 U 6
63 0 U -1
64 1 U 63
65 0 U 64
66 0 U 63
67 1 U 66
68 1 U 64
69 1 U 68
70 1 L 1
71 0 U 27
72 0 U -1
73 1 U 72
74 1 U 73
75 0 L 24
76 1 U 33
77 1 L 5
78 0 U 77
79 1 U 78
80 1 U 79
81 1 U -1
82 1 U 81
83 0 U 35
84 0 U 83
85 0 U 84
86 0 L 45
87 0 L 14
88 1 U 87
89 1 U 88
90
0 1 U -1
1 0 U 0
2 0 U -1
3 1 U 1
4 1 L 0
5 0 U 4
6 0 U 5
7 0 L 4
8 1 U 7
9 0 U -1
10 1 U 9
11 1 L 2
12 0 U 11
13 0 U 12
14 1 U 4
15 0 U 14
16 0 U 15
17 0 U 16
18 1 U -1
19 0 L 0
20 0 U 19
21 1 L 20
22 0 U 21
23 0 U 22
24 1 U 18
25 0 U 24
26 0 U 25
27 0 U -1
28 0 U 14
29 1 L 15
30 0 U 29
31 0 U 28
32 0 U 8
33 0 U 32
34 0 U 33
35 1 L 0
36 1 U 12
37 1 U 36
38 1 L 19
39 0 L 36
40 1 U 39
41 1 L 9
42 0 U 16
43 0 L 29
44 0 U 43
45 1 U 35
46 0 U 45
47 1 U 46
48 0 U 47
49 0 U 48
50 0 U 24
51 1 U 50
52 1 U 51
53 1 U 31
54 0 U -1
55 1 L 51
56 0 L 16
57 1 U 56
58 0 U 5
59 0 U 50
60 1 L 51
61 0 U 60
62 1 U 6
63 0 U -1
64 1 U 63
65 0 U 64
66 0 U 63
67 1 U 66
68 1 U 64
69 1 U 68
70 1 L 1
71 0 U 27
72 0 U -1
73 1 U 72
74 1 U 73
75 1 L 33
76 1 U 33
77 1 L 5
78 0 U 77
79 1 U 78
80 1 U 79
81 1 U -1
82 1 U 81
83 0 U 35
84 0 U 83
85 0 U 84
86 0 L 45
87 0 L 14
88 1 U 87
89 1 U 88
90
0 1 U -1
1 0 U 0
2 0 U -1
3 1 U 1
4 1 U 0
5 0 U 4
6 0 U 5
7 0 L 4
8 1 U 7
9 0 U -1
10 1 U 9
11 0 U 10
12 0 U 11
13 0 U 12
14 1 U 4
15 0 U 14
16 0 U 15
17 0 U 16
18 1 U -1
19 0 U 3
20 0 U 19
21 1 L -1
22 0 U 21
23 0 U 22
24 1 U 18
25 0 U 24
26 0 U 25
27 0 U -1
28 0 U 14
29 1 L 18
30 0 U 29
31 1 U -1
32 0 U 8
33 0 U 32
34 0 U 33
35 1 L 0
36 1 U 12
37 0 L 3
38 1 L 19
39 0 U 38
40 1 U 39
41 1 L 9
42 1 U 41
43 0 L 29
44 0 U 43
45 0 U 21
46 0 U 45
47 1 U 46
48 0 U 47
49 0 U 48
50 0 U 24
51 1 U 50
52 1 U 51
53 1 U 52
54 0 U -1
55 1 L 51
56 1 L 11
57 1 U 29
58 0 U 57
59 0 U 50
60 0 U 9
61 0 U 60
62 1 U 6
63 0 U -1
64 1 U 63
65 0 U 64
66 0 U 63
67 1 U 66
68 0 L 41
69 1 U 68
70 1 L 1
71 0 U 27
72 0 U -1
73 1 U 72
74 0 U 6
75 1 L 33
76 1 U 33
77 1 L 5
78 0 U 77
79 1 U 78
80 1 U 79
81 1 U -1
82 1 U 81
83 0 U 35
84 0 U 83
85 0 U 84
86 0 L 45
87 0 L 14
88 1 U 87
89 1 U 88
90
0 1 U -1
1 0 U 0
2 0 U -1
3 1 U 1
4 1 L 0
5 0 U 4
6 0 U 5
7 0 L 4
8 1 U 7
9 0 U -1
10 1 U 9
11 0 U 10
12 0 U 11
13 0 U 12
14 1 U 4
15 0 U 14
16 0 U 15
17 0 U 16
18 1 U -1
19 0 L 0
20 0 U 19
21 0 U 20
22 0 U 21
23 0 U 22
24 1 U 18
25 0 U 24
26 0 U 25
27 0 U -1
28 0 U 14
29 1 U 4
30 0 U 29
31 0 U 28
32 0 U 8
33 0 U 32
34 0 U 33
35 1 L 0
36 0 L 6
37 1 U 36
38 1 L 19
39 0 U 38
40 1 U 39
41 1 L 9
42 1 U 41
43 0 L 29
44 0 L 41
45 0 U 21
46 0 U 45
47 1 U 46
48 0 U 47
49 0 U 48
50 0 U 24
51 1 U 50
52 1 U 51
53 1 U 52
54 1 U 6
55 1 L 51
56 0 L 16
57 1 U 56
58 0 U 57
59 0 U 50
60 1 L 51
61 0 U 60
62 1 U 6
63 0 U -1
64 1 U 63
65 0 U 64
66 0 U 63
67 1 U 66
68 0 U 43
69 1 U 68
70 1 L 1
71 0 U 35
72 0 U -1
73 1 U 72
74 1 U 73
75 1 L 33
76 1 U 33
77 1 L 5
78 0 U 77
79 1 U 78
80 1 U 79
81 1 U -1
82 1 U 81
83 0 U 35
84 0 U 83
85 1 L 20
86 0 L 45
87 0 L 14
88 1 U 87
89 1 U 88
90
0 1 U -1
1 0 U 0
2 0 U -1
3 1 U 1
4 1 L 0
5 0 U 4
6 0 U 5
7 0 L 4
8 1 U 7
9 0 U -1
10 1 U 9
11 0 U 10
12 0 U 11
13 0 U 12
14 0 L 2
15 0 U 14
16 0 U 15
17 0 U 16
18 1 U -1
19 0 L 0
20 0 U 19
21 0 U 20
22 0 U 21
23 0 U 22
24 1 U 18
25 0 U 24
26 0 U 25
27 0 U -1
28 0 U 14
29 0 U 24
30 0 U 29
31 0 U 28
32 0 U 8
33 0 U 32
34 0 U 33
35 1 L 0
36 1 U 12
37 1 U 36
38 1 L 19
39 0 U 38
40 1 U 39
41 1 L 9
42 1 U 41
43 0 L 29
44 0 U 43
45 0 U 21
46 0 U 45
47 1 U 46
48 0 U 47
49 0 U 48
50 0 U 24
51 1 U 50
52 1 U 51
53 1 U 52
54 0 U -1
55 1 L 51
56 0 L 16
57 1 U 56
58 0 U 57
59 0 U 50
60 1 L 51
61 0 U 60
62 1 U 6
63 1 L 58
64 1 U 63
65 0 U 64
66 0 U 63
67 1 U 66
68 1 U 64
69 1 U 68
70 1 L 1
71 0 U 27
72 0 U -1
73 1 U 72
74 1 U 73
75 1 L 33
76 1 U 33
77 1 L 5
78 0 U 77
79 1 U 78
80 1 U 79
81 1 U -1
82 1 U 81
83 0 U 35
84 0 U 83
85 0 U 84
86 0 L 45
87 0 L 14
88 1 U 87
89 1 U 88
90
0 1 U -1
1 0 U 0
2 0 U -1
3 1 L -1
4 1 L 0
5 0 U 4
6 0 U 5
7 0 L 4
8 1 U 7
9 0 U 8
10 1 U 9
11 0 U 10
12 0 U 11
13 0 U 12
14 1 U 4
15 0 U 14
16 0 U 15
17 1 U 9
18 1 U -1
19 0 L 0
20 0 U 19
21 1 L 7
22 0 U 21
23 0 U 22
24 1 U 18
25 0 U 24
26 0 U 25
27 0 U -1
28 0 U 14
29 0 U 28
30 0 U 29
31 0 L 21
32 0 U 8
33 0 U 32
34 0 U 33
35 1 L 0
36 1 U 12
37 1 U 36
38 1 L 19
39 0 U 38
40 1 U 20
41 1 L 9
42 1 U 41
43 0 L 29
44 0 U 43
45 0 U 21
46 0 L 20
47 1 U 46
48 0 U 47
49 0 U 48
50 0 U 26
51 1 U 50
52 1 U 51
53 1 L 34
54 0 U -1
55 1 L 51
56 0 L 16
57 1 U 56
58 0 U 57
59 0 U 50
60 1 L 51
61 0 U 60
62 1 U 6
63 0 U -1
64 1 U 63
65 0 U 64
66 0 U 63
67 1 U 66
68 1 U 64
69 1 U 68
70 1 L 1
71 0 U 27
72 0 U -1
73 1 U 72
74 1 U 73
75 1 L 33
76 1 U 33
77 1 L 5
78 0 U 77
79 1 U 78
80 1 U 79
81 1 U -1
82 1 U 71
83 0 U 35
84 0 U 83
85 0 U 84
86 0 L 45
87 0 L 14
88 1 U 87
89 1 U 52
90
0 1 L -1
1 0 U 0
2 0 U -1
3 1 U 1
4 1 L 0
5 0 U 4
6 1 U 4
7 0 L 4
8 1 U 7
9 0 U -1
10 1 U 9
11 0 U 10
12 0 U 11
13 0 U 12
14 1 U 4
15 0 U 14
16 0 U 15
17 0 U 16
18 1 U -1
19 0 L 0
20 0 U 19
21 0 U 20
22 0 U 21
23 0 U 22
24 1 U 18
25 0 U 24
26 0 U 25
27 0 U -1
28 1 L 25
29 0 U 28
30 0 U 29
31 0 U 28
32 0 U 8
33 0 U 32
34 0 U 33
35 1 L 0
36 1 U 12
37 1 U 36
38 1 L 19
39 0 U 38
40 1 U 39
41 1 L 9
42 1 U 41
43 0 L 29
44 0 U 43
45 0 U 21
46 1 U 18
47 1 U 46
48 0 U 47
49 0 U 48
50 0 U 24
51 1 U 50
52 1 U 51
53 1 U 52
54 1 U 50
55 1 L 51
56 0 U 48
57 1 U 56
58 0 U 57
59 0 U 50
60 1 L 51
61 1 U 18
62 1 U 6
63 0 U -1
64 1 U 63
65 0 U 64
66 0 L 20
67 0 U 63
68 1 U 64
69 1 U 68
70 1 L 1
71 0 U 27
72 0 U -1
73 0 U 5
74 1 U 73
75 1 L 38
76 1 U 33
77 1 L 5
78 0 U 77
79 1 U 78
80 1 U 79
81 1 U -1
82 1 U 81
83 0 U 35
84 0 U 83
85 0 L 52
86 0 L 45
87 0 L 14
88 1 U 87
89 1 U 88
90
0 1 U -1
1 0 U 0
2 0 U -1
3 1 U 1
4 1 L 0
5 0 U 4
6 0 U 5
7 0 L 4
8 1 U 7
9 0 U -1
10 0 U 8
11 1 L 1
12 0 U 11
13 0 U 12
14 0 U 4
15 0 U 14
16 0 U 15
17 0 U 11
18 1 U -1
19 0 L 0
20 0 U 19
21 0 U 20
22 0 U 21
23 1 L 12
24 1 U 18
25 0 U 24
26 1 L 10
27 0 U -1
28 0 U 14
29 0 U 28
30 0 U 29
31 0 U 28
32 0 U 8
33 1 L 19
34 0 U 33
35 1 L 0
36 1 U 12
37 1 U 36
38 1 L 19
39 0 U 38
40 1 U 39
41 0 L 34
42 1 U 41
43 0 L 29
44 0 U 43
45 0 U 21
46 1 U 6
47 1 U 46
48 1 L 40
49 0 U 48
50 0 U 24
51 1 U 50
52 1 U 51
53 1 U 52
54 0 U -1
55 1 L 51
56 0 L 16
57 1 U 56
58 0 U 57
59 0 U 50
60 1 L 51
61 0 U 60
62 1 U 6
63 1 U 24
64 1 U 63
65 0 U 64
66 0 U 63
67 1 U 66
68 1 U 64
69 1 U 68
70 1 L 1
71 0 U 27
72 0 U -1
73 1 U 72
74 1 U 73
75 1 L 33
76 1 U 33
77 1 L 5
78 0 U 77
79 1 U 78
80 1 U 79
81 1 U -1
82 1 U 81
83 0 U 35
84 0 U 83
85 0 L 84
86 0 L 45
87 0 L 14
88 1 U 87
89 1 U 88
90
0 1 U -1
1 0 U 0
2 0 U -1
3 1 U 1
4 1 L 0
5 0 L 2
6 0 U 5
7 0 L 4
8 1 U 7
9 0 U -1
10 1 U 9
11 0 U 10
12 0 U 11
13 0 U 12
14 1 U 4
15 0 U 14
16 1 L 13
17 0 U 16
18 1 U -1
19 0 L 0
20 0 L 3
21 0 U 20
22 0 U 21
23 0 U 22
24 1 U 18
25 0 U 24
26 1 U 25
27 0 U -1
28 0 U 14
29 0 U 28
30 0 U 29
31 0 U 28
32 0 U 8
33 0 U 32
34 0 U 33
35 1 L 0
36 1 U 12
37 1 U 36
38 1 L 19
39 0 U 38
40 1 U 39
41 1 L 9
42 1 U 41
43 0 L 29
44 0 U 43
45 0 U 21
46 0 U 45
47 1 U 46
48 0 U 47
49 0 U 48
50 0 U 24
51 1 U 50
52 1 U 51
53 1 U 52
54 1 L 48
55 1 L 51
56 0 L 16
57 1 U 56
58 0 U 57
59 0 U 50
60 1 L 51
61 0 U 60
62 1 U 6
63 0 U -1
64 1 U 63
65 0 U 64
66 1 U 29
67 1 U 66
68 1 U 64
69 1 U 68
70 1 L 1
71 0 U 27
72 0 U -1
73 1 U 72
74 1 U 73
75 1 L 33
76 1 U 33
77 1 L 5
78 0 U 77
79 1 U 78
80 1 U 79
81 1 U -1
82 1 U 81
83 0 U 35
84 0 U 83
85 0 U 84
86 0 L 45
87 0 L 14
88 1 U 87
89 1 U 88
90
0 1 U -1
1 1 L 0
2 0 U -1
3 1 U 1
4 1 L 0
5 0 U 4
6 0 U 5
7 0 L 4
8 1 U 7
9 0 U -1
10 1 U 9
11 0 U 10
12 0 U 11
13 0 U 12
14 1 U 4
15 0 U 14
16 0 U 15
17 0 U 16
18 1 U -1
19 0 L 0
20 1 U 7
21 0 U 20
22 0 U 21
23 0 U 22
24 1 U 18
25 0 U 24
26 0 U 25
27 0 U 23
28 0 U 14
29 0 U 28
30 0 U 29
31 0 U 28
32 0 U 8
33 1 L 13
34 0 U 33
35 1 L 0
36 1 U 12
37 1 U 36
38 1 L 19
39 0 U 38
40 1 U 39
41 1 L 9
42 1 U 41
43 0 L 29
44 0 U 43
45 0 U 21
46 0 U 45
47 1 U 46
48 0 U 47
49 0 U 48
50 0 U 24
51 1 U 50
52 1 U 51
53 1 U 52
54 0 U -1
55 1 L 51
56 0 L 16
57 1 U 56
58 0 U 57
59 0 U 50
60 1 L 51
61 0 U 60
62 1 U 6
63 0 U -1
64 1 U 63
65 0 U 64
66 0 L 37
67 1 U 66
68 1 U 64
69 1 U 68
70 1 L 1
71 0 U 27
72 1 U 60
73 1 U 72
74 1 U 73
75 1 L 33
76 1 U 33
77 1 L 5
78 1 U 76
79 1 U 78
80 1 U 79
81 1 U -1
82 1 U 81
83 0 U 35
84 0 U 83
85 0 U 84
86 0 L 45
87 0 L 14
88 1 U 87
89 1 U 88
90
0 1 U -1
1 0 U 0
2 0 U -1
3 1 U 1
4 1 L 0
5 0 U 4
6 1 U 5
7 0 L 4
8 1 U 7
9 0 U -1
10 1 U 9
11 0 U 10
12 0 U -1
13 0 L 12
14 1 U 4
15 0 U 14
16 1 L 5
17 0 L 14
18 1 U -1
19 0 L 0
20 0 U 19
21 0 L 1
22 0 U 21
23 0 U 22
24 1 U 18
25 0 U 24
26 0 U 25
27 0 U 26
28 0 U 14
29 0 U 28
30 0 U 29
31 0 U 28
32 0 L 21
33 0 U 32
34 0 U 33
35 1 L 0
36 1 U 12
37 1 U 36
38 1 L 19
39 0 U 38
40 1 U 39
41 1 L 9
42 0 U 0
43 1 L 4
44 0 U 43
45 0 U 21
46 0 U 45
47 1 U 46
48 0 U 47
49 0 U 48
50 0 U 24
51 1 U 50
52 1 U 51
53 1 U 52
54 0 U -1
55 1 L 51
56 1 L 36
57 1 U 56
58 0 U 57
59 0 U 50
60 1 L 51
61 0 U 60
62 1 U 6
63 0 U -1
64 1 U 63
65 0 U 64
66 0 U 60
67 1 U 66
68 1 U 64
69 1 U 68
70 1 L 1
71 0 U 27
72 0 U -1
73 1 U 72
74 1 U 73
75 1 L 33
76 1 U 33
77 1 L 5
78 0 U 77
79 1 U 78
80 1 U 79
81 1 U -1
82 1 U 81
83 0 U 35
84 0 U 83
85 0 U 84
86 0 L 45
87 0 L 14
88 1 U 87
89 0 U 57
90
0 1 U -1
1 0 U 0
2 0 U -1
3 1 U 1
4 1 L 0
5 0 U 4
6 0 U 5
7 0 L 4
8 0 U 0
9 0 U -1
10 1 U 9
11 0 U 4
12 0 U 11
13 0 U 12
14 1 U 1
15 0 U 14
16 0 U 15
17 0 U 16
18 1 U -1
19 0 L 0
20 0 U 19
21 1 L 18
22 0 U 21
23 0 U 22
24 1 U 18
25 0 U 24
26 0 U 25
27 0 U -1
28 0 U 14
29 0 U 28
30 0 U 29
31 0 U 28
32 0 U 8
33 0 U 32
34 0 U 33
35 1 L 0
36 1 U 12
37 1 U 0
38 1 U 9
39 0 U 38
40 1 U 39
41 1 L 9
42 1 U 41
43 0 L 29
44 0 U 43
45 0 U 21
46 0 U 45
47 1 U 46
48 0 U 47
49 0 U 48
50 0 U 24
51 1 U 50
52 0 U 7
53 1 U 52
54 0 U -1
55 1 L 51
56 0 L 16
57 1 U 56
58 0 U 57
59 0 U 50
60 1 L 51
61 1 L 21
62 1 U 6
63 0 U -1
64 1 U 63
65 0 U 64
66 0 U 63
67 1 U 8
68 1 U 64
69 1 U 68
70 1 U 53
71 0 U 27
72 0 U -1
73 1 U 72
74 1 U 73
75 1 L 33
76 1 U 33
77 1 L 5
78 0 U 77
79 1 U 78
80 1 L 66
81 1 L 16
82 1 U 81
83 0 U 35
84 0 U 83
85 0 U 84
86 0 L 45
87 0 L 14
88 1 U 87
89 1 U 88
90
0 1 U -1
1 0 U 0
2 0 U -1
3 1 U 1
4 1 L 0
5 0 U 4
6 0 U 5
7 0 L 4
8 1 U 7
9 0 U -1
10 1 U 9
11 0 L 9
12 1 U 5
13 0 U 12
14 1 U 4
15 0 U 14
16 0 U 15
17 0 U 16
18 1 U -1
19 0 L 0
20 0 U 19
21 0 U 20
22 0 U 21
23 0 U 22
24 1 U 18
25 0 U 23
26 0 U 12
27 0 U -1
28 0 U 14
29 0 U 28
30 0 U 29
31 0 U 28
32 0 U 8
33 0 U 32
34 0 U 33
35 1 L 0
36 1 U 12
37 1 U 36
38 0 U 32
39 0 U 38
40 1 U 39
41 1 L 9
42 1 U 41
43 0 L 29
44 0 U 43
45 0 U 21
46 0 U 45
47 1 U 46
48 0 U 47
49 0 L 37
50 0 U 24
51 1 U 50
52 1 U 51
53 1 U 52
54 0 U -1
55 1 L 51
56 0 L 16
57 0 U 29
58 0 U 57
59 0 U 50
60 1 L 51
61 0 U 60
62 1 U 6
63 0 U -1
64 1 U 63
65 0 U 64
66 0 U 63
67 1 U 66
68 1 U 64
69 1 U 68
70 1 L 1
71 0 U 27
72 0 U -1
73 1 U 72
74 1 U 73
75 1 L 33
76 1 U 33
77 0 L 63
78 0 U 77
79 1 U 78
80 1 U 79
81 1 U -1
82 1 U 81
83 0 U 35
84 0 U 83
85 1 U 56
86 0 L 45
87 0 L 14
88 1 U 87
89 1 U 88
90
0 1 U -1
1 0 U 0
2 1 L 1
3 1 U 1
4 1 L 0
5 0 U 4
6 0 U 5
7 0 L 4
8 1 U 7
9 0 U -1
10 1 U 9
11 0 U 10
12 0 U 11
13 0 U 12
14 1 U 4
15 0 U 14
16 0 U 15
17 0 U 16
18 1 U -1
19 0 L 0
20 0 U 19
21 0 U 20
22 0 U 21
23 1 U 18
24 1 U 18
25 0 U 24
26 0 U 25
27 0 U -1
28 0 U 14
29 0 U 28
30 0 U 29
31 0 U 28
32 0 U 8
33 0 U 32
34 0 U 33
35 1 L 0
36 1 U 12
37 1 U 36
38 1 L 19
39 0 U 38
40 1 U 39
41 0 L 7
42 1 U 41
43 0 L 29
44 0 U 43
45 0 U 21
46 0 U 45
47 1 U 46
48 0 U 47
49 0 U 48
50 0 U 24
51 1 U 50
52 1 U 51
53 1 U 52
54 0 U -1
55 0 L 21
56 0 L 16
57 1 U 56
58 0 U 57
59 0 L 0
60 1 L 51
61 0 U 60
62 1 U 6
63 0 U -1
64 1 U 63
65 0 U 64
66 0 U 63
67 1 U 66
68 1 L 48
69 1 U 68
70 0 U 13
71 1 L 24
72 0 U -1
73 1 L 32
74 1 U 73
75 1 L 33
76 1 U 33
77 1 L 5
78 1 U 53
79 0 U 67
80 1 U 79
81 1 U -1
82 1 U 81
83 0 U 35
84 1 L 32
85 0 U 84
86 1 U 21
87 0 L 14
88 1 U 87
89 1 U 88
90
0 1 U -1
1 0 U 0
2 0 U -1
3 1 U 1
4 1 L 0
5 0 U 4
6 0 U 5
7 1 L 5
8 1 U 7
9 0 U -1
10 1 U 9
11 0 U 10
12 0 U 11
13 0 U 12
14 1 U 4
15 1 U 12
16 0 U 15
17 0 U 16
18 1 U -1
19 0 L 0
20 0 U 19
21 0 U 20
22 0 U 21
23 0 U 22
24 1 U 18
25 0 U 24
26 0 U 25
27 0 U -1
28 0 U 14
29 0 U 28
30 0 U 29
31 0 U 28
32 0 U 8
33 0 U 32
34 0 U 33
35 1 L 0
36 1 U 12
37 1 U 36
38 1 U 25
39 0 U 38
40 1 U 39
41 1 L 9
42 1 U 41
43 0 L 29
44 0 U 43
45 0 U 21
46 0 U 45
47 1 U 46
48 0 U 47
49 0 U 48
50 0 U 24
51 1 U 50
52 1 U 51
53 1 U 52
54 0 U -1
55 1 L 51
56 0 L 16
57 1 U 56
58 0 U 57
59 0 U 50
60 1 L 51
61 0 U 60
62 1 U 6
63 0 U -1
64 1 U 63
65 0 L 60
66 0 U 63
67 1 U 66
68 1 U 20
69 1 U 68
70 1 L 1
71 0 U 27
72 0 U -1
73 1 U 72
74 1 U 73
75 1 L 33
76 1 U 33
77 1 L 5
78 0 U 77
79 1 U 78
80 1 U 79
81 1 U -1
82 1 U 81
83 0 U 35
84 0 U 83
85 0 U 84
86 0 L 45
87 0 L 14
88 1 U 87
89 1 U 88
90
0 1 U -1
1 0 U 0
2 0 U -1
3 1 U 1
4 1 L 0
5 0 U 4
6 0 U 5
7 0 L 4
8 1 U 7
9 0 U -1
10 1 U 9
11 0 U 10
12 0 U 11
13 0 U 12
14 1 U 4
15 0 U 14
16 1 L 5
17 0 U 16
18 1 U -1
19 0 L 0
20 0 U 19
21 0 U 20
22 1 U 6
23 0 U 22
24 1 U 18
25 0 U 24
26 0 U 25
27 0 U -1
28 0 U 14
29 0 U 28
30 0 U 29
31 0 U 28
32 0 U 8
33 0 U 32
34 0 U 33
35 1 L 0
36 1 U 12
37 1 U 36
38 1 L 19
39 0 U 38
40 1 U 39
41 1 L 9
42 1 U 41
43 0 L 29
44 0 U 32
45 0 U 21
46 0 U 45
47 1 U 46
48 0 U 47
49 0 U 48
50 0 U 24
51 1 U 50
52 1 U 51
53 1 U 52
54 0 U -1
55 1 L 51
56 0 L 16
57 1 U 36
58 0 U 57
59 0 U 50
60 1 L 51
61 0 U 60
62 0 L 41
63 0 U -1
64 1 U 63
65 1 L 34
66 0 U 63
67 1 U 66
68 1 U 64
69 1 U 68
70 1 L 1
71 0 U 27
72 0 U -1
73 1 U 72
74 1 U 73
75 1 L 33
76 1 L 33
77 1 L 5
78 0 U 77
79 1 U 78
80 1 U 79
81 1 U -1
82 1 U 81
83 0 U 35
84 0 U 83
85 0 U 84
86 0 L 45
87 0 L 14
88 1 U 87
89 1 U 88
90
0 1 U -1
1 0 U 0
2 0 U -1
3 0 L 0
4 0 U 2
5 0 U 4
6 0 U 5
7 0 L 4
8 0 U 7
9 0 U -1
10 1 U 9
11 0 U 10
12 0 U 11
13 0 U 12
14 1 U 4
15 0 U 14
16 0 U 15
17 0 U 16
18 1 U -1
19 0 L 0
20 0 U 19
21 0 U 20
22 0 U 21
23 0 U 22
24 1 U 18
25 0 U 24
26 0 U 25
27 0 U 24
28 0 U 14
29 0 U 28
30 0 U 29
31 0 U 28
32 0 U 8
33 0 U 32
34 0 U 33
35 1 L 0
36 1 U 12
37 1 U 36
38 1 L 19
39 0 U 38
40 1 U 39
41 1 L 9
42 1 U 41
43 0 L 29
44 0 U 43
45 0 U 21
46 0 U 45
47 1 U 46
48 0 U 47
49 0 U 48
50 0 U 24
51 1 U 50
52 1 U 51
53 1 L 27
54 0 U -1
55 1 L 51
56 0 L 16
57 1 U 56
58 0 U 57
59 0 U 50
60 1 L 51
61 0 U 60
62 1 U 6
63 0 U -1
64 1 U 63
65 0 U 64
66 0 U 63
67 1 U 66
68 1 U 64
69 1 U 68
70 1 L 1
71 0 U 27
72 0 U -1
73 1 U 72
74 1 U 73
75 1 L 33
76 1 U 33
77 1 L 5
78 1 L 26
79 1 U 78
80 1 U 79
81 1 U -1
82 1 U 81
83 0 U 35
84 0 U 83
85 0 U 84
86 0 L 45
87 0 L 14
88 1 U 87
89 1 U 88
90
0 1 U -1
1 0 U 0
2 0 U -1
3 1 U 1
4 1 L 0
5 0 U 4
6 0 U 5
7 0 L 4
8 1 U 7
9 0 U -1
10 1 U 9
11 0 U 10
12 0 U 11
13 0 U 12
14 1 U 4
15 0 U 14
16 0 U 15
17 0 U 16
18 1 L 4
19 0 L 0
20 0 U 19
21 0 U 20
22 0 U 21
23 0 U 6
24 1 U 18
25 0 U 24
26 0 U 25
27 0 U -1
28 0 U 14
29 0 U 28
30 0 U 29
31 0 U 28
32 0 U 8
33 0 U 32
34 0 U 33
35 1 L 0
36 1 U 12
37 1 U 36
38 1 L 19
39 0 U 38
40 1 U 39
41 1 L 9
42 1 U 41
43 0 L 29
44 0 U 43
45 0 U 21
46 0 U 45
47 1 U 46
48 0 U 47
49 0 U 48
50 0 U 24
51 1 U 50
52 1 U 51
53 1 U 52
54 0 U -1
55 1 L 51
56 0 L 16
57 1 U 56
58 0 U 57
59 0 U 50
60 1 L 51
61 0 U 60
62 1 U 6
63 0 U -1
64 1 U 63
65 0 U 64
66 0 U 63
67 1 U 38
68 1 U 64
69 1 U 68
70 1 L 1
71 0 U 27
72 0 U -1
73 1 U 72
74 1 U 73
75 1 L 33
76 1 U 33
77 1 L 5
78 0 U 77
79 1 U 38
80 1 U 79
81 1 U -1
82 1 U 81
83 0 U 35
84 0 U 83
85 1 U 50
86 0 L 45
87 0 L 14
88 1 U 87
89 1 U 88
90
0 1 U -1
1 1 U -1
2 0 U -1
3 1 U 1
4 1 L 0
5 0 U 4
6 0 U 5
7 0 L 4
8 1 U 7
9 0 U -1
10 1 U 9
11 1 L -1
12 0 U 10
13 0 U 12
14 1 U 4
15 0 U 14
16 0 U 15
17 0 U 16
18 1 U -1
19 0 U 17
20 0 U 19
21 0 U 20
22 0 U 21
23 0 U 22
24 1 U 18
25 0 L 15
26 0 U 25
27 0 U -1
28 0 U 14
29 1 U 6
30 0 U 29
31 0 U 28
32 0 U 8
33 0 U 32
34 0 U 33
35 1 L 0
36 1 U 12
37 1 U 36
38 1 L 19
39 0 U 38
40 1 U 39
41 0 U 23
42 1 U 41
43 1 U 42
44 0 U 43
45 0 U 21
46 0 U 45
47 1 U 46
48 0 U 47
49 0 U 48
50 0 U 24
51 1 U 50
52 1 U 51
53 1 U 52
54 0 U -1
55 1 L 51
56 0 L 16
57 1 U 56
58 0 U 57
59 0 U 12
60 0 L 41
61 0 U 60
62 1 U 6
63 0 U -1
64 1 U 63
65 0 U 64
66 0 U 31
67 1 U 66
68 1 U 64
69 1 U 68
70 1 L 1
71 0 U 27
72 1 L 41
73 1 U 72
74 1 U 73
75 1 L 33
76 1 U 33
77 1 L 5
78 0 U 77
79 1 U 78
80 1 U 79
81 1 U -1
82 1 U 81
83 0 U 35
84 0 U 75
85 0 U 84
86 0 L 45
87 0 L 26
88 1 U 87
89 1 U 88
90
0 1 U -1
1 0 U 0
2 0 U -1
3 1 U 1
4 1 L 0
5 0 U 4
6 0 U 5
7 0 L 4
8 1 U 7
9 0 U -1
10 1 U 9
11 0 U 10
12 0 U 11
13 0 U 12
14 1 U 4
15 0 U 14
16 0 U 15
17 0 U 16
18 1 U -1
19 0 L 0
20 0 U 19
21 0 U 20
22 0 U 21
23 0 U 22
24 1 U 18
25 1 U 4
26 0 U 25
27 0 U -1
28 0 U 14
29 0 U 28
30 0 U 29
31 0 U 28
32 0 U 8
33 0 U 32
34 0 U 33
35 1 L 0
36 1 U 12
37 1 L 10
38 0 L 0
39 0 U 38
40 1 U 39
41 1 L 9
42 1 U 41
43 0 L 29
44 0 U 43
45 0 U 21
46 0 U 45
47 1 U 46
48 0 U 47
49 0 U 48
50 0 U 24
51 1 U 50
52 1 U 51
53 1 U 52
54 0 L -1
55 1 L 51
56 0 L 16
57 1 U 56
58 1 L 42
59 1 L 36
60 1 L 51
61 0 U 60
62 1 U 6
63 0 U -1
64 1 U 63
65 0 U 64
66 0 U 63
67 1 U 66
68 1 U 64
69 1 U 68
70 1 L 1
71 0 U 27
72 0 U -1
73 1 U 72
74 1 U 73
75 1 L 33
76 1 U 33
77 1 L 5
78 0 U 77
79 1 U 78
80 1 U 79
81 1 U -1
82 1 U 81
83 0 U 35
84 0 U 83
85 0 U 84
86 0 L 45
87 0 L 77
88 1 U 87
89 1 U 88
90
0 1 U -1
1 0 U 0
2 0 U -1
3 1 U 1
4 1 L 0
5 0 U 4
6 0 U 5
7 0 L 4
8 1 U 7
9 0 L 1
10 1 U 9
11 0 U 10
12 0 U 11
13 0 U 12
14 1 U 9
15 0 U 14
16 0 U 15
17 0 U 16
18 1 U -1
19 0 L 0
20 0 U 19
21 0 U 20
22 0 U 21
23 1 U 22
24 1 U 18
25 0 L 19
26 0 U 25
27 0 U -1
28 0 U 14
29 0 U 28
30 0 U 29
31 0 U 28
32 0 U 8
33 0 U 15
34 0 U 33
35 1 L 0
36 1 U 12
37 1 U 36
38 1 L 19
39 0 U 38
40 1 U 39
41 1 L 9
42 1 U 41
43 0 L 29
44 0 U 43
45 0 U 21
46 0 U 45
47 1 U 46
48 0 U 47
49 0 U 48
50 0 U 19
51 1 U 50
52 1 U 51
53 1 U 52
54 0 U -1
55 1 L 51
56 0 L 16
57 1 U 56
58 0 U 57
59 0 U 50
60 1 L 51
61 0 U 60
62 1 U 6
63 0 U -1
64 1 U 63
65 0 U 64
66 0 U 63
67 1 U 66
68 1 U 64
69 1 U 68
70 1 L 1
71 0 U 27
72 0 U -1
73 1 U 72
74 1 U 73
75 1 L 33
76 1 U 33
77 1 L 5
78 0 U 77
79 1 U 78
80 1 U 79
81 1 U -1
82 0 L 14
83 0 U 35
84 0 U 83
85 0 U 84
86 0 L 45
87 0 L 14
88 1 U 87
89 1 U 88
90
0 1 U -1
1 0 U 0
2 0 U -1
3 1 U 1
4 1 L 0
5 0 U 4
6 0 U 5
7 0 L 4
8 1 U 7
9 0 U -1
10 1 U 9
11 0 U 10
12 0 U 11
13 0 U 12
14 1 U 13
15 0 U 14
16 0 U 15
17 0 U 16
18 1 U -1
19 0 L 0
20 0 U 19
21 0 U 20
22 0 U 21
23 0 U 22
24 1 U 7
25 0 U 24
26 0 U 25
27 0 U -1
28 0 U 14
29 0 U 28
30 0 U 29
31 0 U 28
32 0 U 8
33 0 U 32
34 0 U 33
35 1 L 0
36 1 U 12
37 1 U 36
38 1 L 19
39 0 U 38
40 1 U 39
41 1 L 9
42 1 U 41
43 0 L 29
44 0 U 43
45 0 U 21
46 0 L 43
47 1 U 46
48 0 U 47
49 0 U 48
50 0 U 24
51 1 U 50
52 1 U 51
53 1 L 50
54 0 U -1
55 0 U 26
56 0 L 16
57 1 U 56
58 0 U 57
59 0 U 50
60 1 L 51
61 0 U 60
62 1 U 6
63 0 U -1
64 1 U 63
65 0 U 64
66 0 U 63
67 1 U 66
68 1 U 64
69 1 U 68
70 1 L 1
71 0 U 27
72 0 U -1
73 1 U 72
74 1 U 73
75 1 L 33
76 1 U 33
77 1 L 5
78 0 U 77
79 1 U 78
80 1 U 79
81 1 U -1
82 1 U 81
83 0 U 35
84 1 U 29
85 0 U 84
86 0 L 45
87 0 L 14
88 1 U 87
89 1 U 88
90
0 1 U -1
1 0 U 0
2 0 U -1
3 1 U 1
4 1 L 0
5 0 L 1
6 0 U 5
7 0 L 4
8 1 U 7
9 0 L -1
10 1 U 9
11 0 U 10
12 0 U 11
13 0 U 12
14 1 U 4
15 0 U 14
16 0 U 15
17 0 U 16
18 1 U 13
19 0 L 0
20 0 U 19
21 0 U 20
22 0 U 21
23 0 U 22
24 1 U 18
25 0 U 24
26 0 L 22
27 0 U -1
28 1 U 0
29 0 U 28
30 0 U 29
31 0 U 28
32 0 U 8
33 0 U 32
34 0 U 33
35 0 L 3
36 1 U 25
37 1 U 36
38 1 L 19
39 0 U 38
40 1 U 39
41 1 L 9
42 0 U 34
43 0 L 29
44 0 U 43
45 0 L 32
46 0 U 45
47 1 U 46
48 0 U 47
49 0 U 48
50 0 U 24
51 1 U 50
52 1 U 51
53 1 U 52
54 0 U -1
55 1 L 51
56 0 L 16
57 1 U 56
58 0 U 57
59 0 U 50
60 1 L 51
61 1 U 47
62 1 U 6
63 1 U 7
64 1 U 36
65 0 U 64
66 1 U 33
67 1 U 66
68 1 U 64
69 1 U 68
70 1 L 1
71 0 U 27
72 0 U -1
73 1 U 72
74 1 U 73
75 1 L 33
76 1 U 33
77 1 L 5
78 0 U 77
79 1 U 78
80 0 L 16
81 1 U -1
82 1 U 81
83 1 L 9
84 0 U 65
85 0 U 84
86 0 L 45
87 0 L 14
88 1 L 30
89 1 U 88
90
0 1 U -1
1 0 U 0
2 0 U -1
3 1 U 1
4 1 L 0
5 0 U 4
6 0 U 5
7 0 L 4
8 1 U 7
9 0 U -1
10 1 U 9
11 0 U 10
12 0 U 11
13 0 U 12
14 1 U 4
15 0 U 14
16 0 U 15
17 0 U 16
18 1 U -1
19 0 L 0
20 0 U 19
21 0 U 20
22 0 U 21
23 0 U 22
24 1 U 18
25 0 U 24
26 0 U 25
27 0 U -1
28 0 U 14
29 0 U 28
30 0 U 29
31 0 U 28
32 0 U 8
33 0 U 32
34 0 U 33
35 1 L 0
36 1 U 12
37 1 U 36
38 1 L 19
39 1 U 33
40 1 U 39
41 1 L 9
42 1 U 41
43 0 L 29
44 0 U 43
45 0 L 13
46 0 U 45
47 1 U 46
48 0 U 47
49 0 U 48
50 0 U 24
51 1 U 50
52 1 U 51
53 1 U 52
54 0 U -1
55 1 L 51
56 0 L 16
57 1 U 56
58 0 U 57
59 0 U 50
60 1 L 51
61 0 U 60
62 1 U 6
63 0 U -1
64 1 U 63
65 0 U 64
66 0 U 63
67 1 U 66
68 1 U 64
69 1 U 68
70 1 L 1
71 0 U 27
72 0 U -1
73 1 U 72
74 1 U 73
75 1 L 33
76 1 U 33
77 1 L 5
78 0 L 22
79 1 U 78
80 1 U 79
81 1 U -1
82 1 U 81
83 0 U 35
84 0 U 83
85 0 U 84
86 0 L 45
87 1 U 84
88 1 U 87
89 1 U 74
90
0 1 U -1
1 0 U 0
2 0 U -1
3 1 U 1
4 1 L 0
5 0 U 4
6 0 U 5
7 0 L 4
8 1 U 7
9 0 U -1
10 1 U 9
11 0 U 10
12 0 U 11
13 0 U 12
14 1 L 6
15 0 U 14
16 0 U 15
17 0 U 16
18 1 U -1
19 0 L 0
20 0 U 19
21 0 U 20
22 0 U 21
23 0 U 22
24 1 U 18
25 0 U 24
26 0 U 25
27 0 U -1
28 0 U 14
29 0 U 28
30 0 U 29
31 0 U 28
32 0 U 8
33 0 U 32
34 0 U 33
35 1 L 0
36 1 U 12
37 1 U 36
38 1 L 19
39 0 U 38
40 1 U 39
41 1 L 9
42 1 L 38
43 0 L 29
44 0 U 43
45 0 U 21
46 0 U 45
47 1 L 39
48 0 U 47
49 0 U 48
50 0 U 24
51 1 U 50
52 1 U 51
53 1 U 52
54 0 U -1
55 1 L 51
56 0 L 16
57 1 U 56
58 0 U 49
59 0 U 50
60 1 L 51
61 0 U 60
62 1 U 6
63 0 U -1
64 1 U 63
65 0 U 64
66 0 U 63
67 1 U 66
68 1 U 64
69 1 U 68
70 1 L 1
71 1 L 52
72 0 U -1
73 1 U 72
74 1 U 73
75 1 L 33
76 1 U 33
77 1 L 5
78 0 U 77
79 1 U 78
80 1 U 79
81 1 U -1
82 1 U 81
83 0 U 35
84 0 U 83
85 0 U 84
86 0 L 45
87 0 L 14
88 1 U 87
89 1 U 88
90
0 1 U -1
1 0 U 0
2 0 U -1
3 1 U 1
4 1 L 0
5 0 U 4
6 0 U 5
7 0 L 4
8 1 U 7
9 0 U -1
10 1 U 9
11 0 L 2
12 0 U 11
13 0 U 12
14 1 U 4
15 0 U 14
16 0 U 15
17 0 U 16
18 1 U -1
19 0 L 0
20 0 U 19
21 0 U 20
22 0 U 21
23 0 U 22
24 1 U 18
25 0 U 24
26 0 U 25
27 0 U -1
28 0 U 14
29 0 U 28
30 0 U 29
31 0 U 28
32 0 U 8
33 0 U 32
34 0 U 33
35 0 L 6
36 1 U 12
37 1 U 36
38 1 L 19
39 0 U 38
40 1 U 39
41 0 L 22
42 1 U 41
43 0 L 29
44 0 U 43
45 0 U 21
46 0 U 45
47 1 U 46
48 0 U 47
49 0 U 48
50 0 U 24
51 1 U 50
52 1 U 42
53 1 U 52
54 0 U -1
55 1 L 51
56 0 L 16
57 1 U 56
58 0 U 57
59 0 U 50
60 1 L 51
61 0 U 60
62 1 U 34
63 0 U -1
64 1 U 63
65 0 U 64
66 0 U 63
67 1 U 66
68 1 U 64
69 1 U 68
70 1 L 1
71 0 U 27
72 0 U -1
73 1 U 72
74 1 U 73
75 1 L 33
76 1 U 33
77 1 L 5
78 0 U 77
79 1 U 78
80 1 U 79
81 1 U -1
82 1 U 81
83 0 U 35
84 0 U 83
85 0 U 84
86 0 L 45
87 0 L 14
88 1 U 87
89 1 U 88
90
0 1 U -1
1 0 U 0
2 0 U -1
3 1 U 1
4 0 U -1
5 0 U 4
6 0 U 5
7 0 L 4
8 1 U 7
9 0 U -1
10 1 U 9
11 0 U 10
12 0 U 11
13 0 U 12
14 1 U 4
15 0 U 14
16 0 U 15
17 0 U 16
18 1 U -1
19 0 L 0
20 0 U 19
21 0 U 20
22 1 L 1
23 0 U 22
24 1 U 18
25 0 U 24
26 0 U 25
27 0 U -1
28 0 U 14
29 0 U 28
30 0 U 13
31 0 U 11
32 0 U 8
33 0 U 32
34 0 U 33
35 0 U 3
36 1 U 12
37 1 U 36
38 1 L 19
39 0 U 38
40 1 U 39
41 1 L 9
42 1 U 41
43 0 L 29
44 0 U 43
45 0 U 21
46 0 U 14
47 1 U 46
48 0 U 47
49 0 U 48
50 0 U 24
51 1 U 50
52 1 U 51
53 1 U 52
54 0 U -1
55 1 L 51
56 0 L 16
57 1 U 56
58 0 U 57
59 0 U 50
60 1 L 51
61 0 U 60
62 1 U 6
63 0 U -1
64 0 L 23
65 0 U 64
66 0 U 63
67 1 U 66
68 1 U 64
69 1 U 68
70 1 L 1
71 0 U 27
72 1 L 1
73 1 U 72
74 1 U 73
75 1 L 33
76 1 U 33
77 1 L 5
78 1 L 73
79 1 U 78
80 1 U 79
81 1 U -1
82 1 U 81
83 0 L 20
84 0 U 83
85 0 U 84
86 0 L 45
87 1 U 39
88 1 U 87
89 1 U 88
90
0 1 U -1
1 0 U 0
2 0 U -1
3 0 L -1
4 1 L 0
5 1 U 3
6 0 U 5
7 0 L 4
8 1 U 7
9 0 U -1
10 1 U 9
11 0 U 10
12 0 U 11
13 0 U 12
14 1 U 4
15 0 U 14
16 0 U 15
17 0 U 16
18 1 U -1
19 0 L 0
20 0 U 19
21 0 U 20
22 0 U 21
23 0 U 22
24 1 U 18
25 0 U 24
26 0 U 25
27 0 U -1
28 0 U 14
29 0 U 28
30 0 U 29
31 0 U 28
32 1 L 0
33 0 U 32
34 0 U 33
35 0 U 5
36 1 U 12
37 1 U 36
38 1 L 19
39 0 U 20
40 1 U 39
41 1 L 9
42 1 U 41
43 0 L 29
44 0 U 43
45 0 U 21
46 1 L 43
47 1 U 46
48 0 U 47
49 0 L 6
50 0 U 24
51 1 U 23
52 1 U 51
53 1 U 52
54 0 U -1
55 1 L 51
56 1 L 54
57 1 U 56
58 0 U 57
59 0 U 50
60 1 L 51
61 0 U 60
62 1 U 6
63 0 U -1
64 1 U 63
65 0 U 64
66 0 U 63
67 1 U 66
68 1 U 64
69 1 U 68
70 1 L 1
71 0 U 27
72 0 U -1
73 1 U 72
74 1 U 73
75 1 L 33
76 1 U 33
77 1 L 5
78 0 U 77
79 1 U 78
80 1 U 79
81 1 U -1
82 1 U 81
83 0 U 35
84 0 L 45
85 1 U 11
86 0 L 45
87 1 U 54
88 1 U 87
89 1 U 88
