37
0 1 U -1
1 0 U 0
2 0 U 1
3 1 U 2
4 1 U 3
5 1 U 4
6 0 U -1
7 0 U 6
8 0 U 7
9 0 U 8
10 1 U 9
11 1 U 10
12 0 U -1
13 1 U 12
14 1 U 13
15 0 U 14
16 1 U 15
17 0 U 16
18 1 U -1
19 1 U 18
20 0 U 19
21 1 U 20
22 1 U 21
23 1 U 22
24 0 U -1
25 0 U 24
26 0 U 25
27 0 U 26
28 0 U 27
29 0 U 28
30 1 U -1
31 1 U 30
32 1 U 31
33 0 U 32
34 1 U 33
35 1 U 34
36 0 U -1
37
0 1 U -1
1 0 U 0
2 0 U 1
3 1 U 2
4 1 U 3
5 1 U 4
6 0 U -1
7 0 U 6
8 0 U 7
9 0 U 8
10 1 U 9
11 1 U 10
12 0 U -1
13 1 U 12
14 1 U 13
15 0 L 9
16 1 U 15
17 0 U 16
18 1 U -1
19 1 U 18
20 0 U 19
21 1 U 20
22 1 U 21
23 1 U 22
24 0 U -1
25 0 U 24
26 0 U 25
27 0 U 26
28 0 U 27
29 0 U 28
30 1 U -1
31 1 U 30
32 1 U 31
33 0 L 31
34 1 U 33
35 1 U 34
36 0 U -1
37
0 0 L -1
1 0 U 0
2 0 U 1
3 1 U 2
4 1 U 3
5 1 U 4
6 0 U 5
7 0 U 6
8 1 L 7
9 0 U 8
10 1 U 9
11 1 U 10
12 0 U -1
13 1 U 12
14 1 U 13
15 0 U 14
16 1 U 15
17 0 U 16
18 1 U -1
19 1 U 18
20 0 U 19
21 1 U 20
22 1 U 21
23 1 U 22
24 0 U -1
25 0 U 24
26 0 U 25
27 0 U 26
28 0 U 27
29 0 U 28
30 1 U -1
31 1 U 30
32 1 U 31
33 0 U 12
34 1 U 33
35 1 U 34
36 0 U -1
37
0 1 U -1
1 0 U 0
2 0 U 1
3 1 U 2
4 1 U 3
5 1 U 4
6 1 L -1
7 0 U 6
8 0 U 7
9 0 U 8
10 1 U 9
11 1 U 10
12 0 U -1
13 1 U 12
14 1 U 13
15 0 U 14
16 1 L 4
17 0 U 16
18 1 U -1
19 1 U 18
20 0 U 19
21 1 U 5
22 1 U 21
23 1 U 22
24 0 U -1
25 0 U 24
26 0 L 17
27 0 U 26
28 0 U 27
29 0 U 28
30 1 U -1
31 1 U 30
32 1 U 31
33 0 U 32
34 0 L 21
35 1 U 34
36 0 U -1
37
0 1 U -1
1 0 U 0
2 0 U 1
3 1 U 2
4 1 U 3
5 1 U 4
6 1 L 1
7 0 U 6
8 0 U 7
9 0 U 8
10 1 U 9
11 1 U 10
12 0 U -1
13 1 U 12
14 1 U 13
15 1 U 1
16 1 U 0
17 0 U 16
18 1 U -1
19 1 U 18
20 0 U 19
21 1 U 20
22 1 U 21
23 1 U 22
24 0 U -1
25 0 U 24
26 0 U 25
27 0 U 26
28 0 U 27
29 0 U 28
30 1 U -1
31 1 U 30
32 1 U 31
33 1 U 23
34 1 U 33
35 1 U 34
36 0 L 24
37
0 1 U -1
1 0 U 0
2 0 U 1
3 1 U 2
4 1 U 3
5 1 U 4
6 1 L 1
7 0 U 6
8 0 U 7
9 0 U 8
10 1 U 1
11 1 U 10
12 0 U -1
13 1 U 12
14 1 U 13
15 1 U 12
16 1 U 0
17 0 U 16
18 1 U -1
19 1 U 18
20 0 U 19
21 1 U 20
22 1 U 21
23 1 U 22
24 0 U -1
25 0 U 24
26 0 U 25
27 1 L 23
28 0 U 27
29 0 U 28
30 1 U -1
31 0 L 8
32 1 U 31
33 1 U 1
34 1 U 33
35 1 U 34
36 0 L 24
37
0 1 U -1
1 0 U 0
2 0 U 1
3 1 U 2
4 1 U 3
5 1 U 4
6 1 L 1
7 0 U 6
8 0 U 7
9 0 U 1
10 1 U 9
11 1 U 10
12 0 U -1
13 1 U 12
14 0 U 6
15 0 L 7
16 1 U 0
17 0 U 16
18 1 U -1
19 1 U 18
20 0 U 19
21 1 U 20
22 1 U 21
23 1 U 22
24 0 U -1
25 0 U 24
26 0 U 25
27 0 U 26
28 0 U 27
29 0 U 28
30 1 U -1
31 1 U 30
32 1 U 31
33 1 U 23
34 1 U 33
35 1 U 34
36 0 L 24
37
0 1 U -1
1 1 U 0
2 0 U 1
3 1 U -1
4 1 U 3
5 1 U 4
6 0 U 0
7 1 L 3
8 0 U 7
9 0 U 8
10 1 U 9
11 1 U -1
12 0 U -1
13 1 U 12
14 1 U 13
15 1 U 1
16 1 U 0
17 0 U 16
18 1 U -1
19 1 U 18
20 0 U 19
21 1 U 20
22 1 U 21
23 1 U 22
24 0 U -1
25 1 U 13
26 0 U 25
27 0 U 26
28 0 U 27
29 0 U 28
30 1 U -1
31 1 U 30
32 1 U 31
33 1 L 21
34 1 U 33
35 1 U 2
36 0 L 24
37
0 1 U -1
1 0 U 0
2 0 U 1
3 1 U 2
4 1 U 3
5 1 U 4
6 1 L 1
7 0 U 6
8 0 U 7
9 0 U 8
10 1 U 9
11 1 U 10
12 0 U -1
13 1 U 12
14 1 U 13
15 1 U 1
16 1 U 0
17 0 U 16
18 0 U 11
19 1 U 18
20 0 U 19
21 1 L 10
22 0 L 2
23 1 U 22
24 0 L 9
25 0 U 24
26 0 U 25
27 0 U 26
28 0 U 27
29 0 U 28
30 1 U -1
31 1 U 30
32 1 U 31
33 1 U 23
34 1 U 33
35 0 L 6
36 0 L 24
37
0 1 U -1
1 0 U 0
2 0 U 1
3 1 U 2
4 0 U 0
5 1 U 4
6 1 L 1
7 0 U 6
8 0 U 7
9 0 U 8
10 1 U 9
11 1 U 10
12 0 U -1
13 1 U 12
14 1 U 13
15 1 L 6
16 1 U 0
17 0 U 16
18 1 U -1
19 1 U 18
20 0 U 19
21 1 U 20
22 1 U 21
23 1 U 22
24 0 U -1
25 0 U 24
26 0 U 25
27 1 L 21
28 0 U 27
29 0 U 28
30 1 U -1
31 1 U 30
32 1 U 31
33 0 L 31
34 1 U 33
35 1 U 34
36 0 L 24
37
0 1 U -1
1 0 U 0
2 0 U 1
3 1 U 2
4 1 U 3
5 1 U 4
6 1 L 1
7 0 U 6
8 0 U 7
9 0 U 8
10 1 U 9
11 1 U 10
12 0 U -1
13 1 U 12
14 1 U 13
15 1 U 1
16 1 U 0
17 0 U 16
18 1 U -1
19 1 U 18
20 0 U 19
21 1 U 20
22 1 U 21
23 1 U 22
24 0 U -1
25 0 U 24
26 0 U 25
27 0 U 3
28 0 U 27
29 0 U 28
30 1 U -1
31 1 U 30
32 1 U 31
33 1 U 23
34 1 U 33
35 1 U 34
36 0 L 24
37
0 1 U -1
1 0 U 0
2 0 U 1
3 1 U 2
4 1 U 3
5 1 U 4
6 1 L 1
7 0 U 6
8 0 U 7
9 0 U 8
10 1 U 9
11 1 U 10
12 0 U -1
13 1 U 12
14 1 U 13
15 1 U 1
16 1 U 0
17 0 U 16
18 1 U -1
19 1 U 18
20 0 U 19
21 0 L 11
22 0 U 6
23 1 U 22
24 0 U -1
25 0 U 24
26 0 U 25
27 0 U 3
28 0 U 27
29 0 U 28
30 1 U -1
31 1 U 30
32 1 U 31
33 1 U 23
34 1 U 33
35 1 U 34
36 0 L 24
37
0 1 U -1
1 0 U 0
2 0 U 1
3 1 U 2
4 1 U 3
5 1 U 4
6 1 L 1
7 0 U 6
8 0 U 7
9 0 U 0
10 1 U 9
11 1 U 10
12 0 U -1
13 1 U 12
14 1 U 13
15 1 U 1
16 1 U 0
17 0 U 16
18 0 U 9
19 1 U 18
20 0 U 19
21 1 U 20
22 1 U 21
23 1 U 22
24 0 U -1
25 0 U 24
26 0 U 11
27 0 U 3
28 0 U 27
29 0 U 28
30 1 U -1
31 1 U 30
32 1 U 31
33 1 U 23
34 0 L 0
35 1 U 34
36 0 L 24
37
0 1 U -1
1 0 L 0
2 0 U 1
3 1 U 2
4 1 U 3
5 1 U 4
6 0 U 2
7 0 U 2
8 0 U 7
9 0 U 8
10 1 U 9
11 1 U 10
12 0 U -1
13 1 U 12
14 0 U 13
15 1 U 1
16 1 U 0
17 0 U 16
18 1 U -1
19 1 U 1
20 0 U 19
21 1 U 20
22 0 L 16
23 1 U 22
24 0 U -1
25 0 U 24
26 0 U 25
27 0 U 3
28 0 U 27
29 0 U 28
30 1 U -1
31 1 U 30
32 1 U 31
33 1 U 23
34 1 U 33
35 1 U 34
36 0 L 24
37
0 1 U -1
1 0 U 0
2 0 U 1
3 1 U 2
4 1 U 3
5 1 U 4
6 1 L 1
7 0 U 6
8 0 U 7
9 0 U 8
10 1 U 9
11 1 U 10
12 0 U -1
13 1 U 12
14 1 U 13
15 1 U 1
16 1 U 0
17 0 U 16
18 1 U -1
19 1 U 18
20 0 U 19
21 1 U 20
22 1 U 21
23 1 U 22
24 0 U -1
25 0 U 24
26 0 U 25
27 0 U 3
28 0 U 27
29 0 U 28
30 1 U -1
31 1 U 30
32 1 U 31
33 1 U 23
34 1 U 33
35 1 U 34
36 0 L 24
37
0 1 U -1
1 0 U 0
2 0 U 1
3 1 U 2
4 1 U 3
5 1 U 4
6 1 L 1
7 0 U 6
8 0 U 7
9 0 U 8
10 1 U 9
11 1 U 10
12 0 U -1
13 1 U 12
14 1 U 13
15 1 U 1
16 1 U 0
17 0 U 16
18 1 U -1
19 1 U 18
20 0 U 19
21 1 U 20
22 1 L 6
23 1 U 9
24 0 U -1
25 0 U 24
26 0 U 25
27 0 U 3
28 0 U 27
29 0 U 28
30 1 U -1
31 1 L 21
32 1 U 31
33 1 U 23
34 1 U 33
35 1 U 34
36 1 L -1
37
0 1 U -1
1 0 U 0
2 0 U 1
3 1 U 2
4 1 U 3
5 1 U 4
6 1 L 1
7 0 U 6
8 0 U 7
9 0 U 8
10 0 U 8
11 1 U 10
12 0 U -1
13 1 U 12
14 1 U 13
15 1 U 1
16 1 U 0
17 0 U 16
18 1 U 13
19 1 U 18
20 1 U 6
21 1 U 20
22 1 U 21
23 1 U 22
24 0 U -1
25 0 U 24
26 0 U 25
27 0 U 3
28 0 U 27
29 0 U 28
30 1 U -1
31 1 U 30
32 1 U 31
33 1 U 23
34 1 U 33
35 1 U 34
36 0 L 24
37
0 1 U -1
1 0 U 0
2 0 U 1
3 1 U 2
4 1 U 3
5 1 U 4
6 1 L 1
7 0 U 6
8 0 U 7
9 0 U 8
10 1 U 9
11 1 U 10
12 0 U -1
13 1 U 12
14 1 U 13
15 1 U 1
16 1 U 0
17 0 U 16
18 1 U -1
19 1 U 18
20 0 L 11
21 1 U 20
22 1 U 21
23 1 U 22
24 0 U -1
25 0 U 24
26 0 U 25
27 0 U 3
28 0 U 27
29 1 L 20
30 1 U -1
31 1 U 30
32 1 U 31
33 1 U 23
34 1 U 33
35 1 L 8
36 0 L 24
37
0 1 U -1
1 1 U -1
2 0 U 1
3 1 U 2
4 1 U 3
5 1 U 4
6 1 L 1
7 0 U 6
8 0 U 7
9 0 U 8
10 1 U 9
11 1 U 10
12 0 U -1
13 1 U 12
14 1 U 13
15 1 U 1
16 1 U 0
17 0 U 16
18 1 U -1
19 1 U 18
20 0 U 19
21 1 U 20
22 1 U 21
23 1 U 22
24 0 U -1
25 0 U 24
26 0 U 25
27 0 U 3
28 0 U 27
29 0 U 28
30 1 U -1
31 1 U 30
32 1 U 31
33 1 U 23
34 1 U 33
35 1 U 34
36 0 L 24
37
0 1 U -1
1 1 U -1
2 0 U 1
3 1 U 2
4 1 U 3
5 1 U 4
6 1 L 1
7 0 U 6
8 0 U 7
9 0 U 8
10 1 U 9
11 1 U 10
12 0 U -1
13 1 U 12
14 1 U 13
15 1 U 1
16 1 U 0
17 0 U 16
18 1 U -1
19 1 U 18
20 0 L 7
21 1 U 20
22 1 U 21
23 1 U 22
24 0 U -1
25 0 U 24
26 0 U 25
27 0 U 3
28 1 U 24
29 1 L 28
30 1 U -1
31 0 U 9
32 1 U 31
33 1 U 23
34 1 U 33
35 1 U 34
36 0 L 24
37
0 1 U -1
1 1 U -1
2 0 U 1
3 1 U 2
4 1 U 3
5 0 U 4
6 1 L 1
7 0 U 6
8 0 U 7
9 0 U 8
10 1 U 0
11 1 U 10
12 0 U -1
13 1 U 12
14 1 U 13
15 1 U 1
16 1 U 1
17 0 U 16
18 1 U -1
19 1 U 18
20 0 U 19
21 1 U 20
22 1 U 21
23 1 U 22
24 0 U 4
25 0 U 24
26 0 U 25
27 0 U 3
28 0 U 27
29 0 U 28
30 1 U -1
31 1 L 1
32 1 L 12
33 1 U 23
34 1 U 33
35 1 U 34
36 0 L 24
37
0 1 U -1
1 1 U -1
2 0 U 1
3 1 U 2
4 1 U 3
5 0 L 2
6 1 L 1
7 0 U 6
8 0 U 7
9 0 U 8
10 1 U 9
11 1 U 10
12 0 U -1
13 1 U 12
14 1 U 13
15 1 U 1
16 1 U 0
17 0 U 16
18 1 U -1
19 1 U 18
20 0 U 19
21 1 U 20
22 1 U 21
23 1 U 22
24 0 U -1
25 0 U 24
26 0 U 25
27 0 U 3
28 0 U 27
29 0 U 28
30 1 U -1
31 1 U 30
32 1 U 31
33 1 U 23
34 1 U 33
35 1 U 34
36 0 L 24
37
0 1 U -1
1 1 U -1
2 0 L 1
3 1 U 2
4 1 U 3
5 1 U 4
6 1 L 1
7 0 U 6
8 0 U 7
9 0 U 8
10 1 U 9
11 1 U 10
12 0 U -1
13 1 U 12
14 1 U 13
15 1 U 1
16 1 U 0
17 0 U 16
18 0 L 9
19 1 U 18
20 0 U 19
21 1 U 20
22 0 U 8
23 1 U 22
24 1 L 0
25 0 U 24
26 0 U 25
27 0 U 3
28 0 U 27
29 0 U 28
30 1 U -1
31 1 L 24
32 1 U 31
33 1 U 23
34 1 U 33
35 1 U 34
36 0 L 24
37
0 1 U -1
1 1 U -1
2 0 U 1
3 1 U 2
4 1 U 3
5 0 L -1
6 1 L 1
7 0 U 6
8 0 U 7
9 1 U 2
10 1 U 9
11 0 L 10
12 0 U -1
13 1 U 12
14 1 U 13
15 1 U 1
16 1 U 0
17 0 U 16
18 1 U -1
19 1 U 18
20 0 U 19
21 1 U 20
22 1 U 21
23 1 U 22
24 0 U -1
25 0 U 24
26 0 U 25
27 0 U 3
28 0 U 27
29 0 L 25
30 1 U -1
31 1 U 30
32 1 U 31
33 1 U 23
34 1 U 33
35 1 U 34
36 0 L 24
37
0 1 U -1
1 1 U -1
2 0 U 1
3 0 U 0
4 1 U 3
5 1 U 4
6 1 L 1
7 0 U 6
8 0 U 7
9 0 U 8
10 1 U 9
11 1 U 10
12 0 U -1
13 1 U 12
14 1 U 13
15 1 U 1
16 1 U 0
17 0 L 3
18 1 U -1
19 1 U 18
20 0 U 19
21 1 U 8
22 1 U 21
23 1 U 22
24 0 U -1
25 0 U 24
26 0 U 25
27 0 U 3
28 0 U 27
29 1 U 28
30 1 U -1
31 1 U 30
32 1 U 31
33 1 U 23
34 1 U 33
35 1 U 3
36 0 L 24
37
0 1 U -1
1 1 U -1
2 0 U 1
3 1 U 2
4 1 U 3
5 1 U 4
6 1 L 1
7 0 U 6
8 0 U 7
9 0 U 8
10 1 U 0
11 1 U 10
12 1 U 9
13 1 U 12
14 1 U 13
15 1 U 1
16 1 U 0
17 0 U 16
18 1 U -1
19 1 U 18
20 0 U 19
21 1 U 20
22 1 U 21
23 1 U 22
24 0 U -1
25 1 L 9
26 0 U 9
27 0 U 3
28 0 U 27
29 0 U 28
30 1 U -1
31 1 U 30
32 1 L 7
33 1 U 23
34 1 U 33
35 1 U 34
36 0 U 13
37
0 1 U -1
1 0 L -1
2 0 U 1
3 1 L 1
4 1 U 3
5 1 U 4
6 1 L 1
7 0 U 6
8 1 L 2
9 0 U 8
10 1 U 9
11 1 U 8
12 0 U -1
13 1 U 12
14 1 U 13
15 1 U 1
16 1 U 0
17 0 U 16
18 0 L 8
19 0 U 3
20 0 U 19
21 1 U 20
22 1 U 21
23 1 U 22
24 0 U -1
25 0 U 24
26 0 U 25
27 0 U 3
28 0 U 27
29 0 U 28
30 1 L -1
31 1 U 30
32 1 U 31
33 1 U 23
34 1 U 33
35 1 U 34
36 0 L 24
37
0 0 U -1
1 1 U -1
2 0 U 1
3 1 U 2
4 1 L -1
5 1 U 4
6 1 L 1
7 0 U 6
8 0 U 7
9 0 U 8
10 1 U 9
11 1 U 2
12 0 U -1
13 1 U 12
14 1 U 13
15 1 U 1
16 1 U 0
17 0 U 16
18 1 U -1
19 1 U 18
20 0 U 19
21 1 U 20
22 1 U 21
23 1 U 22
24 0 U -1
25 0 U 24
26 0 U 25
27 0 U 3
28 0 U 27
29 0 U 28
30 1 U -1
31 1 U 30
32 1 U 31
33 1 U 23
34 1 U 33
35 1 U 34
36 0 L 24
37
0 1 U -1
1 1 U -1
2 0 U 1
3 0 U -1
4 1 U 3
5 1 U 4
6 1 L 1
7 0 U 6
8 0 U 7
9 1 U 5
10 1 U 9
11 1 U 10
12 0 U -1
13 1 U 12
14 1 U 13
15 1 U 1
16 1 U 0
17 0 U 16
18 1 U -1
19 1 U 18
20 0 U 19
21 1 U 20
22 1 U 21
23 1 U 22
24 0 U -1
25 0 U 24
26 0 U 25
27 0 U 3
28 0 U 27
29 0 U 28
30 1 U -1
31 1 U 30
32 1 U 31
33 1 U 23
34 1 U 33
35 1 U 34
36 0 L 24
37
0 1 U -1
1 1 U -1
2 0 U 1
3 1 U 2
4 1 U 3
5 1 U 4
6 1 L 1
7 0 U 6
8 0 U -1
9 0 U 8
10 1 U 9
11 1 U 10
12 0 U -1
13 1 U 12
14 1 L 12
15 1 U 1
16 1 U 0
17 0 U 16
18 1 U -1
19 1 U 18
20 0 U 19
21 1 U 20
22 1 U 21
23 0 U 4
24 0 U -1
25 0 U 24
26 0 U 25
27 0 U 3
28 0 U 27
29 0 U 28
30 1 U -1
31 1 U 30
32 1 U 31
33 1 U 23
34 1 U 33
35 1 U 34
36 0 L 24
37
0 0 L -1
1 1 U -1
2 0 U 1
3 1 U 2
4 1 U 3
5 0 U -1
6 0 L 2
7 0 U 6
8 0 U 4
9 0 U 8
10 1 U 9
11 1 U 10
12 0 U -1
13 0 L 4
14 1 U 13
15 1 U 1
16 1 U 0
17 0 U 16
18 0 L 11
19 1 U 18
20 0 U 19
21 1 U 20
22 1 U 21
23 1 L 7
24 0 U -1
25 0 U 24
26 0 U 25
27 0 U 3
28 0 U 27
29 0 U 28
30 1 U -1
31 0 U 28
32 1 U 26
33 1 U 23
34 1 U 33
35 1 U 34
36 0 L 24
37
0 1 U -1
1 1 U -1
2 0 U 1
3 1 U 0
4 1 U 3
5 1 U 4
6 1 L 1
7 0 U 6
8 0 U 7
9 0 U 8
10 1 U 9
11 1 U 10
12 0 U -1
13 1 U 12
14 1 U 13
15 1 U 1
16 1 U 0
17 0 U 16
18 0 U 13
19 1 U 18
20 0 U 19
21 1 U 20
22 1 U 21
23 1 U 22
24 0 U -1
25 0 U 24
26 0 U 25
27 0 U 3
28 0 U 27
29 0 U 28
30 1 U -1
31 1 U 30
32 1 U 31
33 1 U 23
34 1 U 33
35 1 U 34
36 0 L 24
37
0 1 U -1
1 1 U -1
2 0 U 1
3 1 U 2
4 1 U 3
5 1 U 4
6 1 L 1
7 0 U 6
8 0 U 7
9 0 U 8
10 1 U 9
11 1 L 3
12 0 U -1
13 1 U 12
14 1 U 13
15 1 U 1
16 1 U 0
17 0 U 16
18 1 U -1
19 1 U 18
20 0 U 19
21 0 L 2
22 1 U 21
23 1 U 22
24 0 U -1
25 0 U 24
26 0 U 25
27 0 U 3
28 0 U 27
29 0 U 28
30 0 L 16
31 1 U 30
32 1 U 31
33 1 U 23
34 1 U 33
35 1 U 34
36 0 L 24
37
0 1 U -1
1 1 U -1
2 0 U 1
3 1 U 2
4 1 U 3
5 1 U 4
6 1 L 1
7 0 U 6
8 0 U 7
9 0 U 8
10 1 U 9
11 1 U 1
12 0 U 1
13 1 U 12
14 1 U 13
15 1 U 1
16 1 U 0
17 0 U 16
18 1 U -1
19 1 U 18
20 0 U 19
21 1 U 20
22 1 U 21
23 1 U 22
24 0 U -1
25 0 U 24
26 0 U 25
27 0 U 3
28 0 U 27
29 0 U 28
30 1 U -1
31 1 U 30
32 1 U 31
33 1 U 23
34 1 U 33
35 1 U 34
36 0 L 24
37
0 1 L -1
1 1 U -1
2 0 U 1
3 1 U 2
4 1 U 3
5 1 U 4
6 1 L 1
7 1 L 6
8 0 U 7
9 0 U -1
10 0 L 9
11 1 U 1
12 0 U 1
13 1 U 12
14 1 U 13
15 1 U 1
16 1 U 0
17 0 U 16
18 1 U -1
19 1 U 18
20 0 U 19
21 1 U 20
22 1 U 21
23 1 U 22
24 0 U -1
25 1 U 15
26 0 U 25
27 0 U 3
28 0 U 26
29 0 U 28
30 1 U -1
31 0 L 24
32 1 U 31
33 1 U 23
34 1 U 33
35 1 U 34
36 1 L 34
37
0 1 U -1
1 1 U -1
2 0 U 1
3 1 U 2
4 1 U 3
5 1 U 4
6 1 L 1
7 0 U 6
8 0 L 2
9 0 U 8
10 1 U 9
11 1 U 1
12 0 U 6
13 1 U 12
14 1 U 5
15 1 U 1
16 1 U 0
17 0 U 16
18 1 U -1
19 1 U 18
20 0 U 19
21 1 U 20
22 1 U 21
23 1 U 22
24 0 U -1
25 0 U 24
26 0 U 25
27 0 U 3
28 0 U 27
29 0 U 28
30 1 U -1
31 1 U 30
32 1 U 31
33 1 U 23
34 0 U 16
35 0 L 21
36 0 L 24
37
0 1 L -1
1 1 U -1
2 0 U 1
3 1 U 2
4 0 U 2
5 1 U 4
6 1 L 1
7 0 U 6
8 0 U 7
9 0 U 8
10 1 U 9
11 1 U 1
12 0 U 1
13 0 L 8
14 1 U 13
15 1 U 1
16 1 U 0
17 0 U 16
18 1 L 14
19 1 U 18
20 0 U 19
21 1 U 20
22 1 U 21
23 1 U 22
24 0 U -1
25 0 U 24
26 0 U 25
27 0 U 3
28 0 U 27
29 0 U 28
30 1 U -1
31 1 U 30
32 1 U 31
33 1 L 25
34 1 U 8
35 1 U 34
36 0 L 24
37
0 1 U -1
1 1 U -1
2 0 U 1
3 1 U 2
4 1 U 2
5 1 U 4
6 1 L 1
7 0 U 6
8 0 U 7
9 0 U 8
10 1 U 9
11 1 U 1
12 0 U 1
13 1 U 12
14 1 U 13
15 1 U 1
16 1 U 0
17 0 U 16
18 1 U -1
19 1 U 18
20 0 U 19
21 1 U 20
22 1 U 21
23 1 U 22
24 0 U -1
25 0 U 24
26 0 U 25
27 0 U 3
28 0 U 27
29 0 U 28
30 1 U -1
31 1 U 30
32 1 U 31
33 1 U 23
34 1 U 33
35 1 U 34
36 1 U 13
37
0 1 U -1
1 1 U -1
2 0 U 1
3 1 U 2
4 1 U 3
5 1 U 4
6 1 L 1
7 0 U 6
8 0 U 7
9 0 U 8
10 1 U 9
11 1 U 1
12 0 U 1
13 1 U 12
14 1 U 13
15 1 U 1
16 1 U 0
17 0 U 16
18 1 U -1
19 1 U 18
20 1 L 7
21 1 U 20
22 1 U 21
23 1 U 22
24 0 U -1
25 0 U 24
26 0 U 25
27 0 U 3
28 0 L 13
29 0 U 28
30 1 U -1
31 1 U 30
32 1 U 31
33 1 U 23
34 1 U 33
35 1 U 34
36 0 L 24
