37
0 0 U -1
1 1 U 0
2 1 U 1
3 0 U 2
4 0 U 3
5 1 U 4
6 1 U -1
7 0 U 6
8 0 U 7
9 0 U 8
10 0 U 9
11 1 U 10
12 1 U -1
13 1 U 12
14 1 U 13
15 1 U 14
16 0 U 15
17 0 U 16
18 0 U -1
19 1 U 18
20 1 U 19
21 0 U 20
22 1 U 21
23 1 U 22
24 0 U -1
25 1 U 24
26 0 U 25
27 1 U 26
28 0 U 27
29 0 U 28
30 0 U -1
31 0 U 30
32 0 U 31
33 1 U 32
34 0 U 33
35 1 U 34
36 1 U -1
37
0 0 U -1
1 1 U 0
2 1 U 1
3 0 U 2
4 0 U 3
5 1 U 4
6 0 U 1
7 0 U 6
8 1 U 4
9 0 U 8
10 0 U 9
11 1 U 10
12 1 U -1
13 1 U 12
14 1 U 13
15 1 U 14
16 0 U 15
17 0 U 16
18 1 L 16
19 1 U 16
20 1 U 19
21 0 L 6
22 1 U 21
23 1 U 22
24 0 U -1
25 1 U 24
26 0 U 25
27 1 U 26
28 0 U 27
29 0 U 28
30 0 U -1
31 0 U 30
32 0 U 31
33 1 U 32
34 0 U 33
35 1 U 34
36 1 U -1
37
0 0 U -1
1 1 U -1
2 0 U 1
3 0 U 2
4 1 L 0
5 1 U 4
6 0 L -1
7 0 U 6
8 1 U 4
9 1 U 7
10 0 U 1
11 1 U 10
12 1 U -1
13 1 U 12
14 1 U 13
15 1 U 14
16 0 U 15
17 1 U 13
18 1 L 16
19 1 U 16
20 1 U 19
21 0 L 6
22 1 U 6
23 1 U 22
24 0 U -1
25 1 U 24
26 1 L 5
27 1 U 26
28 0 U 27
29 0 L 27
30 0 U -1
31 0 U 30
32 0 U 31
33 1 U 32
34 0 U 33
35 1 L 9
36 1 U -1
37
0 0 U -1
1 1 U -1
2 1 U 1
3 0 U 2
4 0 U 3
5 1 U 4
6 0 U 1
7 0 U 6
8 0 L 2
9 0 U 8
10 0 U 9
11 1 U 10
12 1 U -1
13 1 U 12
14 1 U 13
15 1 U 14
16 0 U 15
17 0 U 16
18 1 L 4
19 1 U 16
20 1 U 19
21 1 U 18
22 1 U 21
23 1 U 22
24 0 U -1
25 1 U 24
26 0 U 25
27 1 U 26
28 0 U 27
29 0 U 28
30 0 U -1
31 0 U 30
32 0 U 31
33 1 U 32
34 0 U 33
35 1 U 34
36 1 U -1
37
0 0 U -1
1 1 U 0
2 1 U 1
3 0 U 2
4 0 U 3
5 1 U 4
6 0 U 1
7 0 U 6
8 1 U 4
9 0 U 8
10 0 U 9
11 1 U 10
12 1 U -1
13 1 U 12
14 1 U 13
15 1 U 14
16 0 U 15
17 1 U -1
18 1 L 16
19 1 U 16
20 1 U 19
21 1 L 4
22 0 U 21
23 1 U 22
24 0 U -1
25 0 U 22
26 0 U 25
27 1 U 26
28 0 U 27
29 0 U 28
30 0 U -1
31 0 U 30
32 0 U 31
33 1 U 32
34 0 U 33
35 1 U 34
36 1 U -1
37
0 0 U -1
1 1 U 0
2 0 L 1
3 0 U 2
4 0 U 3
5 1 U 4
6 0 U 0
7 0 U 6
8 1 U 4
9 0 U 8
10 0 U 9
11 1 U 10
12 1 U -1
13 1 U 12
14 1 U 13
15 1 U 14
16 0 U 15
17 0 U 16
18 1 L 16
19 1 U 16
20 1 U 19
21 0 L 6
22 1 U 21
23 1 U 22
24 0 L 17
25 1 U 24
26 0 U 25
27 1 U 26
28 0 U 27
29 0 U 28
30 0 U -1
31 0 U 30
32 0 U 31
33 1 U 32
34 0 U 33
35 1 U 34
36 1 U -1
37
0 0 U -1
1 1 U 0
2 1 U 1
3 0 U 2
4 0 U 3
5 1 U 4
6 0 U 1
7 0 U 6
8 1 U 4
9 0 U 8
10 0 U 9
11 1 U 10
12 1 U -1
13 1 U 12
14 1 U 13
15 1 U 14
16 0 U 15
17 0 U 16
18 1 L 16
19 1 U 16
20 1 U 19
21 0 L 6
22 1 U 21
23 1 U 22
24 0 U -1
25 1 U 24
26 0 U 25
27 1 U 26
28 0 U 27
29 0 U 28
30 0 U -1
31 0 U 30
32 0 U 31
33 1 U 32
34 0 U 33
35 1 U 6
36 1 U -1
37
0 0 L -1
1 1 U 0
2 1 U 1
3 1 L 1
4 0 U 3
5 0 U 2
6 0 U 1
7 0 U 3
8 1 U 4
9 0 U 8
10 1 U 0
11 1 U 10
12 1 U -1
13 0 L -1
14 1 U 13
15 1 U 14
16 0 U 15
17 0 U 16
18 1 L 16
19 1 U 16
20 1 U 19
21 0 L 6
22 1 L 2
23 1 U 22
24 0 U -1
25 1 U 24
26 0 U 25
27 1 U 26
28 1 L 18
29 0 U 28
30 0 U 28
31 0 U 30
32 0 U 31
33 1 U 32
34 0 U 33
35 1 U 6
36 1 U -1
37
0 0 U -1
1 1 U 0
2 1 U 1
3 0 U 2
4 0 U 3
5 1 U 4
6 0 U 1
7 0 U 6
8 1 U 4
9 0 U 8
10 0 U 9
11 1 U 10
12 1 U -1
13 1 L 12
14 1 U 13
15 1 U 14
16 0 U 15
17 0 U 16
18 1 L 11
19 1 U 16
20 1 U 19
21 0 L 6
22 1 U 21
23 1 U 22
24 0 U -1
25 1 U 24
26 0 U 25
27 1 U 26
28 0 U 27
29 0 U 28
30 0 U -1
31 0 U 30
32 0 U 31
33 1 U 32
34 0 U 33
35 1 U 6
36 1 U -1
37
0 0 U -1
1 1 U 0
2 1 U 1
3 0 U 2
4 0 U 3
5 1 U 4
6 0 U 1
7 0 U 6
8 1 U 4
9 0 U 8
10 0 U 4
11 0 L 6
12 1 U -1
13 1 U 12
14 1 U 13
15 1 U 14
16 0 U 15
17 0 L 15
18 1 L 16
19 0 U 0
20 1 U 19
21 0 L 6
22 1 U 21
23 1 U 22
24 0 U -1
25 1 U 24
26 0 U 5
27 1 U 26
28 0 U 27
29 0 U 28
30 0 U -1
31 0 U 30
32 0 U 31
33 1 U 32
34 0 U 33
35 1 U 6
36 1 U 20
37
0 1 L -1
1 1 U 0
2 1 U 1
3 0 U 2
4 0 U 1
5 1 U 4
6 0 U 1
7 0 U 6
8 1 U 4
9 0 U 8
10 0 U 9
11 1 U 10
12 1 U -1
13 1 U 12
14 1 U 13
15 1 U 14
16 0 U 15
17 0 U 16
18 1 L 16
19 1 U 16
20 1 U 19
21 0 L 6
22 1 U 21
23 1 U 22
24 0 U -1
25 1 U 24
26 0 U 25
27 1 U 26
28 0 U 27
29 0 U 28
30 0 U -1
31 0 U 30
32 0 U 31
33 1 U 32
34 0 U 33
35 1 U 6
36 1 U -1
37
0 0 U -1
1 1 U 0
2 1 U 1
3 0 U 0
4 0 U 3
5 1 U 4
6 0 U 1
7 0 U 6
8 1 U 3
9 0 U 8
10 0 U 9
11 1 U 10
12 1 U -1
13 1 U 12
14 1 U 13
15 1 U 14
16 0 U 15
17 0 U 16
18 1 L 16
19 1 U 16
20 1 U 19
21 0 L 6
22 1 U 21
23 1 U 22
24 0 U -1
25 1 U 24
26 0 U 25
27 1 U 26
28 0 U 27
29 0 U 28
30 0 L 2
31 0 U 30
32 0 U 31
33 1 U 32
34 0 U 33
35 1 U 6
36 1 U -1
37
0 1 U -1
1 0 U -1
2 1 U 1
3 0 U 2
4 0 U 3
5 1 U 4
6 0 U 1
7 0 U 6
8 1 U 4
9 0 U 8
10 0 U 9
11 1 U 10
12 0 L 9
13 1 U 12
14 1 U 13
15 1 U 14
16 0 U 5
17 0 U 16
18 1 L 16
19 1 U 16
20 1 U 19
21 0 L 6
22 1 U 21
23 1 U 22
24 0 U -1
25 1 U 24
26 1 U 24
27 1 U 21
28 0 U 27
29 0 U 28
30 0 U -1
31 0 U 30
32 0 U 31
33 1 U 32
34 0 U 33
35 1 U 6
36 1 U -1
37
0 1 U -1
1 0 U -1
2 1 U 1
3 0 U 2
4 0 U 3
5 1 U 4
6 0 U 1
7 0 U 6
8 1 U 5
9 1 L -1
10 0 U 9
11 1 U 10
12 0 L 9
13 1 U 12
14 0 U 3
15 1 U 3
16 0 U 5
17 0 L 9
18 0 L 16
19 1 U 16
20 1 U 19
21 1 L 18
22 1 U 21
23 1 U 22
24 0 U -1
25 1 U 24
26 1 U 24
27 1 U 21
28 0 U 27
29 0 U 28
30 0 U -1
31 0 U 30
32 0 U 31
33 1 U 32
34 0 U 33
35 1 U 6
36 1 U -1
37
0 1 U -1
1 0 U -1
2 1 U 1
3 0 U 2
4 0 U 3
5 1 U 4
6 0 U 1
7 0 U 6
8 1 U 4
9 0 U 8
10 0 U 9
11 1 U 10
12 0 L 9
13 1 U 12
14 1 U 13
15 1 U 14
16 0 U 5
17 0 U 16
18 1 L 16
19 1 U 4
20 1 L 9
21 1 L 9
22 1 U 21
23 1 U 22
24 0 U -1
25 0 L 9
26 1 U 24
27 1 U 21
28 0 U 27
29 0 U 28
30 0 U -1
31 0 U 30
32 0 L 22
33 1 U 32
34 0 U 33
35 1 U 6
36 1 U 5
37
0 1 U -1
1 0 U -1
2 1 U 1
3 0 U 2
4 0 U 3
5 1 U 4
6 0 U 1
7 0 U 6
8 1 U 4
9 1 L -1
10 0 U 9
11 1 U 10
12 0 L 9
13 1 U 12
14 1 U 13
15 1 U 14
16 0 U 11
17 0 U 16
18 1 L 16
19 1 U 16
20 1 U 19
21 1 U 17
22 1 U 21
23 1 U 22
24 0 U -1
25 1 U 24
26 0 L 25
27 1 U 21
28 1 U 13
29 0 U 28
30 0 U -1
31 0 U 30
32 0 U 31
33 1 U 32
34 1 U 27
35 1 U 6
36 1 U -1
37
0 1 U -1
1 0 U -1
2 1 U 1
3 0 U 2
4 0 U 3
5 1 U 4
6 0 U 1
7 0 U 6
8 1 U 4
9 0 U 8
10 0 U 9
11 1 U 10
12 0 L 9
13 1 U 12
14 1 U 13
15 0 L 0
16 0 U 5
17 0 U 16
18 1 L 16
19 1 U 16
20 1 U 19
21 0 L 6
22 1 U 21
23 1 U 22
24 0 U -1
25 1 U 24
26 1 U 24
27 1 U 21
28 0 U 27
29 1 L 24
30 0 U -1
31 0 U 30
32 0 U 31
33 1 U 32
34 0 U 33
35 1 U 6
36 1 U -1
37
0 1 U -1
1 0 U -1
2 1 U 1
3 0 U 2
4 0 U 3
5 1 U 4
6 1 U -1
7 0 U 6
8 1 U 4
9 0 U 8
10 0 U 9
11 1 U 10
12 0 L 9
13 0 U 11
14 0 U 6
15 1 U 14
16 0 U 5
17 0 U 16
18 1 L 16
19 1 U 16
20 1 U 19
21 0 L 6
22 1 U 21
23 0 U 21
24 0 U -1
25 1 U 24
26 1 U 24
27 1 U 21
28 0 U 27
29 0 U 8
30 1 L 19
31 0 U 30
32 1 U 17
33 1 U 32
34 0 U 33
35 1 U 6
36 1 U -1
37
0 1 U -1
1 1 L 0
2 1 U 1
3 0 U 2
4 0 U 3
5 1 U 4
6 1 L 1
7 0 U 6
8 1 U 4
9 0 U 7
10 0 U 9
11 1 U 10
12 0 L 9
13 1 U 12
14 1 U 13
15 1 U 14
16 0 U 5
17 0 L 14
18 1 L 16
19 1 U 16
20 1 U 19
21 0 L 6
22 1 U 21
23 1 U 7
24 0 U -1
25 1 U 24
26 1 U 24
27 1 U 21
28 0 U 27
29 0 U 28
30 0 U -1
31 0 U 30
32 0 U 31
33 1 U 32
34 0 U 33
35 1 U 6
36 1 U -1
37
0 1 U -1
1 0 U -1
2 1 U 1
3 0 U 2
4 0 U 3
5 1 U 4
6 0 L -1
7 0 U 6
8 1 U 4
9 1 L 8
10 0 U 9
11 1 L 9
12 0 L 9
13 1 U 12
14 1 U 13
15 1 U 14
16 0 U 5
17 0 U 16
18 1 L 16
19 1 U 16
20 1 U 19
21 0 L 6
22 1 U 21
23 1 U 22
24 0 U -1
25 1 U 24
26 1 U 24
27 1 U 21
28 0 U 27
29 0 U 28
30 0 U -1
31 0 U 30
32 0 U 31
33 1 U 22
34 0 U 33
35 1 U 32
36 1 U -1
37
0 1 U -1
1 0 U -1
2 1 U 1
3 0 U 2
4 0 U 3
5 1 U 4
6 0 U 1
7 0 U 6
8 1 U 4
9 0 U 8
10 0 U 9
11 1 U 10
12 0 L 9
13 1 U 12
14 1 U 13
15 1 U 14
16 0 U 5
17 0 U 16
18 1 L 16
19 1 U 16
20 1 U 19
21 0 L 6
22 1 U 21
23 1 U 22
24 0 U -1
25 1 U 24
26 1 U 24
27 1 U 21
28 0 U 27
29 0 U 28
30 0 U -1
31 0 U 30
32 0 U 31
33 1 U 32
34 0 U 33
35 1 U 6
36 1 U -1
37
0 1 U -1
1 0 U -1
2 1 U 1
3 0 U 2
4 0 U 3
5 0 U 0
6 1 L 2
7 0 U 6
8 1 U 4
9 0 U 8
10 0 U 9
11 1 U 10
12 0 L 9
13 1 U 12
14 1 U 13
15 1 U 14
16 0 U 5
17 0 U 16
18 1 L 16
19 1 U 16
20 1 U 19
21 0 L 6
22 1 U 21
23 1 U 22
24 0 U -1
25 1 U 24
26 1 U 24
27 1 U 21
28 0 U 27
29 0 U 28
30 0 U -1
31 0 U 30
32 0 U 31
33 1 U 32
34 0 U 33
35 1 U 6
36 1 U -1
37
0 1 U -1
1 1 L 0
2 1 U 1
3 1 L 0
4 0 U 3
5 1 U 4
6 0 U 1
7 0 U 6
8 1 U 4
9 0 U 8
10 0 U 9
11 1 U 10
12 0 L 9
13 1 U 12
14 1 U 13
15 1 U 14
16 1 L 4
17 1 L 2
18 1 L 16
19 1 U 16
20 1 U 19
21 0 L 6
22 1 U 21
23 1 U 22
24 0 U -1
25 1 U 24
26 1 U 24
27 1 U 21
28 0 U 27
29 0 U 28
30 0 U -1
31 0 U 30
32 0 U 31
33 0 L 10
34 0 U 33
35 1 U 6
36 1 U -1
37
0 1 U -1
1 0 U -1
2 1 U 1
3 0 U 2
4 0 U 3
5 1 U 4
6 0 U 1
7 0 U 6
8 1 U 4
9 0 U 8
10 0 U 1
11 1 U 10
12 0 U 7
13 1 U 12
14 1 U 13
15 1 U 14
16 0 U 4
17 0 U 16
18 1 L 16
19 1 U 16
20 1 U 19
21 0 L 6
22 1 U 21
23 0 U 8
24 0 U -1
25 1 U 24
26 1 U 24
27 1 U 21
28 0 U 27
29 0 U 28
30 0 U -1
31 0 U 30
32 0 U 31
33 1 U 32
34 0 U 12
35 1 U 6
36 1 U -1
37
0 1 U -1
1 0 U -1
2 1 U 1
3 0 U 2
4 0 U 3
5 1 U 4
6 0 L 2
7 0 U 6
8 0 L 5
9 0 U 8
10 0 U 9
11 1 U 10
12 1 U 2
13 1 U 12
14 1 U 13
15 1 U 14
16 0 U 5
17 0 U 16
18 1 L 16
19 1 U 16
20 0 L 10
21 0 L 6
22 1 U 21
23 1 U 22
24 0 U -1
25 1 U 24
26 1 U 13
27 1 U 21
28 0 U 27
29 0 U 28
30 0 U -1
31 0 U 30
32 0 U 31
33 1 U 32
34 0 U 33
35 1 U 6
36 1 U -1
37
0 1 U -1
1 0 U -1
2 1 U 1
3 0 U 2
4 0 U 3
5 1 U 4
6 0 U 1
7 0 U 0
8 1 U 4
9 0 U 8
10 0 U 9
11 1 U 10
12 0 L 9
13 1 U 12
14 1 U 13
15 1 U 14
16 0 U 5
17 0 U 16
18 1 L 16
19 1 U 16
20 1 U 19
21 0 L 6
22 1 U 21
23 1 U 22
24 0 U -1
25 1 U 24
26 1 U 24
27 1 U 21
28 0 U 27
29 0 U 0
30 0 U -1
31 0 U 30
32 0 U 31
33 1 U 32
34 0 U 33
35 0 U 31
36 1 U -1
37
0 1 U -1
1 0 U -1
2 1 U 1
3 0 U 2
4 0 U 3
5 1 U 4
6 0 U 1
7 0 U 6
8 1 U 4
9 0 U 8
10 0 U 9
11 1 U 10
12 0 L 9
13 1 U 12
14 1 U 13
15 0 L 1
16 0 U 5
17 0 U 16
18 1 L 16
19 1 U 16
20 0 L 19
21 0 U 20
22 1 U 21
23 1 U 22
24 0 U -1
25 1 U 24
26 1 U 24
27 1 U 21
28 0 U 27
29 0 U 28
30 0 U -1
31 0 U 30
32 0 U 31
33 1 U 32
34 0 U 28
35 1 U 6
36 1 U -1
37
0 1 U -1
1 0 U -1
2 1 U 1
3 0 U 2
4 0 U 3
5 1 U 0
6 0 U 1
7 0 U 6
8 1 U 4
9 0 U 8
10 0 U 9
11 1 U 10
12 0 L 9
13 1 U 12
14 1 U 13
15 1 L 4
16 0 U 5
17 0 U 16
18 1 L 16
19 1 U 16
20 1 U 19
21 0 L 6
22 1 U 21
23 0 U 12
24 0 U -1
25 1 U 24
26 1 U 24
27 1 U 21
28 0 U 27
29 1 U 18
30 0 U -1
31 0 U 30
32 0 U 31
33 1 U 32
34 0 L 23
35 1 U 6
36 1 U -1
37
0 1 U -1
1 0 U -1
2 1 U 1
3 0 U 2
4 0 L 0
5 1 U 4
6 0 U 1
7 0 U 6
8 1 U 4
9 0 U 8
10 0 U 9
11 1 U 10
12 0 L 9
13 1 U 12
14 1 U 13
15 1 U 14
16 0 U 5
17 0 U 16
18 1 L 16
19 1 U 16
20 1 U 19
21 0 L 6
22 1 U 21
23 1 U 22
24 0 U -1
25 1 U 24
26 1 U 24
27 1 U 21
28 0 U 27
29 0 U 28
30 0 U 29
31 0 U 30
32 0 U 31
33 1 U 32
34 0 U 33
35 1 U 6
36 1 U -1
37
0 1 U -1
1 0 U -1
2 1 U 1
3 0 U 2
4 0 U 3
5 1 U 4
6 0 U 1
7 0 U 6
8 1 U 4
9 0 U 8
10 0 U 9
11 1 U 10
12 0 L 9
13 1 U 12
14 1 U 13
15 1 U 14
16 0 U 5
17 0 U 16
18 1 L 16
19 1 U 16
20 1 U 19
21 0 L 6
22 1 U 21
23 1 U 22
24 0 U -1
25 1 U 24
26 0 U 13
27 1 U 21
28 0 U 27
29 0 U 28
30 0 U -1
31 0 U 30
32 0 U 31
33 1 U 32
34 0 U 33
35 1 U 6
36 1 U -1
37
0 1 U -1
1 0 U -1
2 1 U 1
3 0 U 2
4 0 L 1
5 1 U 4
6 0 U 1
7 0 U 6
8 1 U 4
9 0 U 8
10 1 U 2
11 1 U 10
12 0 L 9
13 1 U 12
14 1 U 13
15 1 U 14
16 0 U 5
17 0 U 16
18 1 L 16
19 1 U 16
20 1 U 19
21 0 L 6
22 1 U 21
23 1 U 22
24 0 U -1
25 1 U 19
26 1 U 24
27 1 U 21
28 0 U 27
29 0 U 28
30 0 U -1
31 0 U 30
32 0 L 25
33 0 U 3
34 0 U 33
35 1 U 6
36 1 U -1
37
0 1 U -1
1 0 U -1
2 1 U 1
3 0 U 2
4 0 U 3
5 1 U 4
6 0 U 1
7 0 U 6
8 1 U 4
9 0 U 8
10 0 U 9
11 1 U 10
12 0 L 9
13 1 U 10
14 1 U 13
15 1 U 14
16 0 U 5
17 0 L 11
18 1 L 16
19 1 U 16
20 1 U 19
21 0 L 6
22 1 U 21
23 1 U 22
24 1 L 0
25 1 U 24
26 1 U 24
27 1 U 21
28 0 U 27
29 0 U 28
30 0 U -1
31 0 U 30
32 0 U 31
33 1 U 32
34 1 U 1
35 1 U 6
36 1 U -1
37
0 1 U -1
1 0 L -1
2 1 U 1
3 0 U 2
4 0 U 3
5 1 U 4
6 0 U 1
7 0 U 6
8 1 U 2
9 0 U 8
10 0 U 9
11 1 U 10
12 0 L 9
13 1 U 12
14 1 U 13
15 1 U 14
16 0 U 5
17 0 U 16
18 1 L 16
19 1 U 16
20 1 U 19
21 0 L 6
22 1 U 21
23 1 U 22
24 0 U -1
25 1 U 24
26 1 U 24
27 1 U 21
28 0 U 27
29 0 U 28
30 0 U -1
31 0 U 30
32 0 U 31
33 1 U 32
34 0 U 33
35 1 U 6
36 1 U -1
37
0 1 U -1
1 0 U -1
2 1 U 1
3 0 U 2
4 0 U 3
5 1 U 4
6 0 U 1
7 0 U 6
8 1 U 4
9 0 U 8
10 0 U 9
11 1 U 10
12 0 L 9
13 1 U 12
14 0 U 11
15 1 U 14
16 0 U 5
17 0 U 16
18 1 L 16
19 1 U 16
20 1 U 19
21 1 L 12
22 1 U 21
23 0 U 16
24 0 U -1
25 1 U 24
26 1 U 24
27 1 U 21
28 0 U 27
29 1 L 20
30 0 L 6
31 0 U 30
32 0 U 31
33 1 U 32
34 1 L 9
35 1 U 6
36 1 U -1
37
0 1 U -1
1 0 U -1
2 1 U 1
3 0 U 2
4 0 U 3
5 1 U 4
6 0 U 1
7 0 U 6
8 1 U 4
9 0 U 8
10 0 U 9
11 0 L -1
12 0 L 9
13 1 U 12
14 1 U 13
15 1 U 14
16 0 U 5
17 0 U 16
18 1 L 16
19 1 U 16
20 1 U 19
21 0 L 6
22 1 U 21
23 1 U 22
24 0 U -1
25 1 U 24
26 1 U 24
27 1 U 21
28 0 U 27
29 0 U 28
30 0 U -1
31 0 U 30
32 0 U 31
33 1 U 32
34 0 U 33
35 0 L 8
36 1 U -1
37
0 1 U -1
1 0 U -1
2 1 U 1
3 0 U 2
4 0 U 3
5 1 U 4
6 0 U 1
7 0 U 6
8 1 U 4
9 0 U 8
10 0 U 9
11 1 U 10
12 0 L 9
13 1 U 12
14 1 U 13
15 1 U 3
16 0 U 5
17 0 U 16
18 1 L 16
19 1 U 16
20 1 U 19
21 0 L 6
22 1 U 21
23 1 U 22
24 0 U -1
25 0 L 10
26 1 U 24
27 1 U 21
28 0 U 27
29 0 U 28
30 0 L 24
31 0 U 30
32 0 U 31
33 1 U 32
34 0 U 33
35 1 U 6
36 1 U -1
37
0 1 U -1
1 0 U -1
2 1 U 1
3 0 U 2
4 0 U 3
5 1 U 4
6 0 U 1
7 0 U 6
8 1 U 4
9 0 U 8
10 0 U 9
11 1 U 10
12 0 L 9
13 1 U 12
14 1 L 10
15 1 U 14
16 0 U 5
17 0 U 16
18 1 L 16
19 1 U 16
20 1 U 19
21 0 L 6
22 1 U 21
23 1 U 22
24 0 U -1
25 1 U 24
26 1 U 24
27 1 U 21
28 0 U 0
29 0 U 28
30 0 U -1
31 0 U 30
32 0 U 31
33 1 U 32
34 0 U 33
35 1 U 6
36 1 U -1
37
0 1 U -1
1 0 U -1
2 1 U 1
3 0 U 2
4 0 U 3
5 1 U -1
6 0 U 1
7 0 U 6
8 1 U 4
9 0 U 8
10 0 U 9
11 1 U 10
12 0 L 9
13 1 U 6
14 1 U 13
15 1 U 14
16 0 U 5
17 0 U 16
18 1 L 16
19 1 U 16
20 1 U 19
21 0 L 6
22 1 U 21
23 1 U 22
24 0 U -1
25 1 U 24
26 1 U 24
27 1 U 21
28 0 U 27
29 0 U 28
30 0 U -1
31 0 U 30
32 0 U 31
33 1 U 32
34 0 U 33
35 1 U 6
36 1 U -1
37
0 1 U -1
1 0 U -1
2 1 U 1
3 0 L 0
4 0 U 3
5 1 U 4
6 1 L -1
7 0 U 6
8 1 U 4
9 0 U 8
10 0 U 9
11 1 U 10
12 0 L 9
13 1 U 12
14 1 U 13
15 1 U 14
16 0 U 5
17 0 U 16
18 1 L 16
19 1 U 16
20 1 U 19
21 0 L 6
22 1 L 0
23 1 U 22
24 0 U -1
25 1 U 24
26 1 U 7
27 1 U 21
28 0 L 24
29 0 U 28
30 0 U -1
31 0 U 30
32 0 U 31
33 1 U 32
34 0 U 33
35 1 U 6
36 1 U -1
37
0 1 U -1
1 0 U -1
2 1 U 1
3 0 L 0
4 0 U 3
5 1 L -1
6 1 L -1
7 0 U 6
8 1 U 4
9 1 U 3
10 0 U 9
11 1 U 10
12 0 L 9
13 1 U 12
14 1 U 13
15 1 U 14
16 0 U 5
17 0 U 16
18 1 L 16
19 1 U 16
20 1 U 19
21 0 L 6
22 1 L 0
23 1 U 22
24 1 U 1
25 1 U 24
26 1 U 7
27 0 L 18
28 0 L 24
29 0 U 28
30 0 U -1
31 0 U 30
32 0 U 31
33 1 U 32
34 1 U 9
35 1 U 6
36 1 U -1
37
0 1 U -1
1 0 U -1
2 1 U 1
3 0 L 0
4 0 U 3
5 1 U 4
6 1 L -1
7 0 U 6
8 1 U 4
9 1 L 5
10 0 U 9
11 1 U 10
12 0 L 9
13 1 U 12
14 1 U 13
15 1 U 14
16 0 U 5
17 0 U 16
18 1 L 16
19 1 U 16
20 1 U 19
21 0 L 6
22 1 L 0
23 1 U 22
24 0 U -1
25 1 U 24
26 1 U 7
27 1 U 21
28 0 L 24
29 0 U 28
30 0 U -1
31 0 U 30
32 1 L 23
33 1 U 32
34 1 L 2
35 1 U 6
36 1 U -1
37
0 1 U -1
1 0 U -1
2 1 U 0
3 0 L 0
4 0 U 3
5 0 L 3
6 1 L -1
7 0 U 6
8 1 L 4
9 0 U 8
10 0 U 9
11 1 L 3
12 1 U 0
13 1 U 12
14 1 U 13
15 1 U 14
16 1 L 8
17 0 U 16
18 1 L 16
19 1 U 13
20 1 U 19
21 1 U 13
22 0 L 12
23 1 L 14
24 0 U -1
25 0 L 1
26 1 U 7
27 1 U 21
28 0 L 24
29 0 U 28
30 0 U -1
31 0 U 30
32 0 U 31
33 1 U 32
34 0 U 33
35 1 U 6
36 1 U -1
37
0 1 U -1
1 0 U -1
2 1 U 1
3 0 L 0
4 0 U 3
5 1 U 4
6 0 L 5
7 0 U 6
8 1 U 4
9 0 U 8
10 0 U 9
11 0 U 8
12 0 L 9
13 1 U 12
14 1 U 13
15 1 U 14
16 0 U 5
17 0 U 16
18 1 L 16
19 1 U 16
20 1 U 19
21 0 L 6
22 1 L 0
23 1 U 22
24 1 U 19
25 1 U 24
26 1 U 7
27 1 U 21
28 0 L 24
29 0 U 28
30 0 U -1
31 0 U 30
32 0 U 31
33 1 U 32
34 0 U 33
35 1 U 6
36 1 U -1
37
0 1 U -1
1 0 U -1
2 1 U 1
3 0 L 0
4 0 U 3
5 1 U 4
6 1 L -1
7 0 U 6
8 1 U 4
9 0 U 8
10 0 U 9
11 1 U 10
12 0 L 9
13 1 U 12
14 1 U 13
15 1 U 14
16 1 U 0
17 0 U 16
18 1 L 16
19 1 U 16
20 1 U 19
21 0 L 6
22 1 L 0
23 1 U 22
24 0 U -1
25 1 U 24
26 1 U 7
27 0 L 6
28 0 L 24
29 0 U 28
30 0 U -1
31 0 U 30
32 0 U 31
33 1 U 32
34 0 U 33
35 1 U 6
36 1 U -1
37
0 1 U -1
1 0 U -1
2 1 U 1
3 0 L 0
4 0 U 3
5 1 U 4
6 1 L -1
7 1 U -1
8 1 U 4
9 0 U 8
10 0 U 9
11 1 U 10
12 0 L 9
13 1 U 12
14 1 U 13
15 1 U 14
16 0 U 5
17 0 U 16
18 1 L 16
19 1 L 9
20 1 U 19
21 0 L 6
22 0 L 20
23 1 U 22
24 0 U -1
25 1 U 24
26 0 U 25
27 1 U 21
28 0 L 24
29 0 U 28
30 0 U -1
31 0 U 30
32 0 U 31
33 1 U 32
34 0 U 33
35 1 U 6
36 1 U -1
37
0 1 L -1
1 0 U -1
2 1 U 1
3 0 L 0
4 0 U 3
5 1 U 4
6 1 L -1
7 0 U 6
8 1 U -1
9 0 U 8
10 0 U 9
11 1 U 10
12 0 L 9
13 1 U 12
14 0 U 11
15 1 U 14
16 0 U 5
17 0 U 16
18 1 L 16
19 1 U 16
20 0 L 2
21 0 L 6
22 1 L 0
23 1 U 22
24 0 U -1
25 1 U 24
26 1 U 7
27 0 U 10
28 0 L 24
29 0 U 28
30 0 U -1
31 0 U 30
32 0 U 31
33 1 U 32
34 0 U 33
35 1 U 15
36 1 U -1
37
0 1 U -1
1 0 U -1
2 1 U 1
3 1 L 0
4 0 U 3
5 1 U 4
6 1 L -1
7 0 U 6
8 1 U 4
9 0 U 8
10 0 U 9
11 1 U 10
12 0 L 9
13 1 U 12
14 1 U 13
15 1 U 14
16 0 U 5
17 0 U 16
18 1 L 16
19 1 U 16
20 1 U 19
21 0 L 6
22 1 L 0
23 1 U 22
24 0 U -1
25 1 U 24
26 1 U 7
27 1 U 21
28 0 L 24
29 0 U 28
30 0 U -1
31 0 U 4
32 0 U 31
33 1 U 32
34 0 U 33
35 1 U 6
36 1 U -1
37
0 1 U -1
1 0 U -1
2 1 U 1
3 0 L 0
4 0 U 3
5 1 U 4
6 1 L -1
7 0 U 6
8 1 U 4
9 0 U 8
10 0 U 9
11 1 U 10
12 0 L 9
13 0 L -1
14 1 U 13
15 0 L 11
16 0 L 15
17 0 L 15
18 1 L 16
19 1 U 16
20 1 U 19
21 0 L 6
22 1 L 0
23 1 U 22
24 0 U -1
25 1 U 24
26 0 L 6
27 1 U 21
28 0 L 25
29 0 U 28
30 0 U -1
31 0 U 30
32 0 U 31
33 1 U 32
34 0 U 33
35 1 U 6
36 1 U -1
37
0 1 U -1
1 0 U -1
2 1 U 1
3 0 L 0
4 0 U 3
5 1 U 4
6 0 L 5
7 0 U 6
8 1 U 4
9 0 U 8
10 0 U 9
11 1 U 10
12 0 L 9
13 1 U 12
14 1 U 13
15 1 U 14
16 0 U 5
17 0 U 16
18 1 L 16
19 1 U 16
20 1 U 19
21 0 L 6
22 1 L 0
23 1 U 22
24 0 U -1
25 1 U 24
26 1 U 7
27 1 U 21
28 0 L 24
29 0 U 28
30 0 U -1
31 0 U 30
32 0 U 31
33 1 U 32
34 0 U 33
35 0 U 28
36 1 U -1
37
0 1 U -1
1 0 U -1
2 1 U 1
3 0 L 0
4 0 U 3
5 1 U 4
6 0 U 5
7 0 U 6
8 1 U 4
9 0 U 8
10 0 U 9
11 1 U 10
12 0 L 9
13 1 U 12
14 0 L 9
15 1 U 14
16 0 U 5
17 0 U 16
18 0 U 4
19 1 U 15
20 1 U 19
21 0 L 16
22 1 L 0
23 1 U 22
24 0 U -1
25 1 U 24
26 1 U 7
27 1 U 21
28 0 L 24
29 0 U 28
30 0 U -1
31 0 U 30
32 0 U 31
33 1 U 32
34 0 U 33
35 1 U 34
36 1 U -1
37
0 1 U -1
1 0 U -1
2 1 U 1
3 1 L 0
4 0 U 3
5 1 U 4
6 1 L -1
7 0 U 6
8 1 U 4
9 0 U 8
10 0 U 9
11 1 U 10
12 0 L 9
13 1 U 12
14 1 U 13
15 1 U 14
16 0 U 5
17 0 U 16
18 1 L 16
19 1 U 16
20 1 U 19
21 0 L 6
22 1 L 0
23 0 L 18
24 0 U -1
25 1 U 24
26 1 U 7
27 1 U 21
28 0 L 24
29 0 U 28
30 0 U -1
31 0 U 30
32 0 U 31
33 0 U 18
34 0 U 33
35 1 U 6
36 1 U -1
37
0 1 U -1
1 0 U -1
2 1 L 0
3 0 L 0
4 1 L 2
5 1 U 4
6 1 L -1
7 0 U 6
8 1 U 4
9 0 U 8
10 0 U 9
11 1 U 10
12 0 U 1
13 1 U 12
14 1 U 8
15 1 U 14
16 1 U 10
17 0 U 16
18 1 L 16
19 1 U 16
20 1 U 19
21 0 U 7
22 1 L 0
23 1 U 22
24 0 U -1
25 1 U 24
26 1 L 5
27 1 U 21
28 0 L 24
29 0 U 28
30 0 U -1
31 0 U 30
32 0 U 31
33 1 U 32
34 0 U 33
35 1 U 19
36 1 U -1
37
0 1 U -1
1 0 U -1
2 1 U 1
3 0 L 0
4 0 U 3
5 1 U 4
6 1 L -1
7 0 U 6
8 0 L 1
9 0 U 8
10 1 L 2
11 1 U 10
12 0 L 9
13 1 U 12
14 1 U 13
15 1 U 14
16 0 U 5
17 0 U 16
18 1 L 16
19 1 U 16
20 1 U 19
21 0 L 6
22 1 L 0
23 1 U 22
24 0 U 8
25 1 U 24
26 1 U 7
27 0 L 11
28 0 L 24
29 0 L 22
30 0 U -1
31 0 U 30
32 0 U 31
33 1 U 32
34 0 U 33
35 1 U 6
36 1 U -1
37
0 1 U -1
1 1 U -1
2 1 U 1
3 0 L 0
4 0 U 3
5 1 U 4
6 1 L -1
7 0 U 6
8 1 U 4
9 1 L 5
10 0 U 9
11 1 U 10
12 0 L 9
13 0 U 10
14 1 U 13
15 1 U 14
16 0 U 5
17 0 U 16
18 1 L 16
19 1 U 16
20 1 U 19
21 0 L 6
22 1 L 0
23 1 U 22
24 0 U -1
25 1 U 24
26 1 U 7
27 1 U 21
28 0 L 24
29 1 U 5
30 0 L 28
31 0 U 30
32 0 U 31
33 1 U 32
34 0 U 33
35 1 U 6
36 1 U -1
37
0 1 U -1
1 0 U -1
2 1 U 1
3 0 L 0
4 0 U 3
5 1 L -1
6 0 U 3
7 0 U 6
8 1 U 4
9 0 U 8
10 0 U 9
11 1 U 10
12 0 L 9
13 1 U 12
14 1 U 13
15 1 U -1
16 0 U 5
17 0 U 16
18 1 L 16
19 1 U 11
20 1 U 19
21 0 L 6
22 1 L 0
23 1 U 22
24 0 U -1
25 1 U 24
26 1 U 7
27 1 U 21
28 0 L 24
29 0 U 28
30 0 U -1
31 0 U 30
32 1 L 25
33 1 U 32
34 0 U 33
35 1 U 6
36 1 U -1
37
0 1 U -1
1 0 U -1
2 1 U 1
3 0 L 0
4 0 U 3
5 1 U 4
6 1 L -1
7 1 U 3
8 1 U 4
9 0 U 8
10 0 U 9
11 1 U 10
12 0 L 9
13 1 U 12
14 1 U 13
15 1 U 14
16 0 U 5
17 0 U 16
18 1 L 16
19 1 U 16
20 1 U 19
21 0 L 6
22 0 L 7
23 1 U 22
24 0 U -1
25 1 U 24
26 1 U 7
27 1 U 21
28 0 L 18
29 0 U 28
30 0 U -1
31 0 U 30
32 0 U 31
33 1 U 32
34 0 U 33
35 1 U 6
36 1 U -1
37
0 1 U -1
1 0 U -1
2 1 U 1
3 0 L 0
4 0 U 3
5 1 U 4
6 1 L -1
7 0 U 6
8 1 U 4
9 0 U 8
10 0 U 9
11 1 U 10
12 0 L 9
13 1 U 12
14 1 U 13
15 1 U 14
16 0 U 5
17 0 U 6
18 1 L 16
19 1 U 16
20 1 U 19
21 0 L 6
22 1 L 0
23 1 U 22
24 0 U -1
25 1 U 24
26 1 U 7
27 1 U 21
28 0 L 24
29 0 U 28
30 0 U -1
31 0 U 30
32 0 U 31
33 1 U 32
34 0 U 33
35 1 U 6
36 1 U -1
37
0 1 U -1
1 0 U -1
2 0 L -1
3 0 L 0
4 0 U 3
5 1 U 4
6 1 L -1
7 0 U 6
8 1 U 4
9 0 U 8
10 0 U 9
11 1 U 10
12 0 L 9
13 1 U 12
14 1 U 13
15 1 U 14
16 0 U 5
17 0 U 16
18 1 L 16
19 1 U 16
20 1 U 19
21 0 L 6
22 1 L 0
23 1 U 22
24 0 U -1
25 1 U 24
26 0 U 16
27 1 U 21
28 0 L 24
29 0 U 26
30 0 U -1
31 0 U 30
32 0 U 6
33 1 U 32
34 0 U 33
35 1 U 29
36 1 U -1
37
0 1 U -1
1 0 U -1
2 1 U 1
3 0 L 0
4 0 U 3
5 1 U 3
6 1 L -1
7 0 U 6
8 1 U 4
9 0 U 8
10 0 U 9
11 1 U 10
12 0 L 9
13 1 U 12
14 1 U 13
15 1 U 14
16 0 U 5
17 0 U 16
18 1 L 16
19 1 U 16
20 1 U 19
21 1 U 4
22 1 L 0
23 1 U 22
24 0 U -1
25 1 U 24
26 1 U 7
27 1 U 21
28 0 L 24
29 0 U 28
30 0 U -1
31 0 L 10
32 0 U 31
33 1 U 32
34 0 U 33
35 0 L 27
36 1 U -1
37
0 1 U -1
1 0 U -1
2 1 U 1
3 0 L 0
4 0 U 3
5 1 U 4
6 1 L -1
7 0 U 6
8 1 U 4
9 0 U 8
10 0 U 9
11 1 U 10
12 0 L 9
13 1 U 12
14 1 U 13
15 1 U 14
16 0 U 5
17 0 U 16
18 1 L 16
19 1 U 16
20 1 U 19
21 1 L 6
22 0 L 6
23 1 U 22
24 0 U -1
25 0 U 16
26 1 U 7
27 1 U 21
28 0 L 24
29 1 U 1
30 0 U -1
31 0 U 30
32 0 U 31
33 1 U 32
34 0 U 33
35 1 U 6
36 1 L 1
37
0 1 U -1
1 0 U -1
2 1 U 1
3 0 L 0
4 0 U 3
5 1 U 4
6 0 L 1
7 0 U 6
8 1 U 4
9 0 U 8
10 0 U 9
11 1 U 10
12 0 L 9
13 1 U 12
14 0 L 3
15 1 U 14
16 0 U 5
17 1 L 15
18 1 L 16
19 1 U 16
20 0 L 5
21 0 L 6
22 1 L 0
23 1 U 22
24 0 U -1
25 1 U 24
26 0 L 7
27 1 U 21
28 0 L 24
29 0 U 28
30 0 U -1
31 0 U 30
32 0 U 31
33 1 L 26
34 0 U 33
35 1 U 6
36 1 U -1
37
0 1 U -1
1 0 U -1
2 1 U 1
3 0 L 0
4 0 U 3
5 1 U 4
6 1 L -1
7 0 U 6
8 1 U 4
9 0 U 8
10 0 U 9
11 1 U 10
12 0 L 9
13 1 U 12
14 1 U 13
15 1 U 14
16 0 U 5
17 0 U 16
18 1 L 16
19 1 U 16
20 1 U 19
21 0 L 6
22 0 U 7
23 1 U 22
24 0 L 14
25 1 U 24
26 1 U 7
27 1 U 21
28 0 L 24
29 0 U 28
30 0 U 1
31 0 U 30
32 0 U 31
33 1 U 32
34 0 U 33
35 1 U 6
36 1 U -1
37
0 0 L -1
1 0 U -1
2 1 U 1
3 0 L 0
4 0 U 3
5 1 U 4
6 1 L -1
7 0 U 1
8 1 U 4
9 1 U 6
10 0 U 9
11 1 U 10
12 0 L 9
13 1 U 12
14 1 U 13
15 1 U 14
16 0 U 5
17 0 U 16
18 1 L 16
19 1 U 16
20 1 U 19
21 0 L 6
22 1 L 0
23 1 U 22
24 0 U -1
25 1 U 24
26 1 U 7
27 1 U 21
28 0 L 24
29 0 U 28
30 0 U -1
31 0 U 30
32 0 U 31
33 1 U 32
34 0 U 33
35 1 U 6
36 1 U -1
37
0 1 U -1
1 0 U -1
2 1 U 1
3 0 L 0
4 0 U 3
5 1 U 4
6 1 L -1
7 0 U 6
8 1 U 4
9 0 U 8
10 0 U -1
11 1 U 10
12 0 L 5
13 1 U 12
14 1 U 13
15 1 U 14
16 0 U 5
17 0 U 16
18 1 L 16
19 1 U 16
20 1 U 19
21 0 L 6
22 1 L 0
23 1 U 22
24 0 U -1
25 1 U 24
26 1 U 7
27 1 U 21
28 0 L 24
29 0 U 28
30 0 U -1
31 0 U 30
32 0 U 31
33 1 U 32
34 0 U 33
35 1 U 6
36 1 U -1
37
0 0 L -1
1 0 U -1
2 1 U 1
3 0 L 0
4 0 U 3
5 1 U 4
6 1 L -1
7 0 U 6
8 1 U 4
9 0 U 8
10 0 U 9
11 1 U 10
12 0 L 9
13 1 U 12
14 1 U 13
15 0 L 4
16 1 L 4
17 0 U 16
18 1 L 16
19 1 U 16
20 1 U 19
21 0 L 6
22 1 L 0
23 1 U 22
24 0 U -1
25 1 U 24
26 1 U 7
27 1 U 21
28 0 L 24
29 1 U 16
30 0 U -1
31 0 U 30
32 0 U 31
33 1 U 32
34 0 U 33
35 1 U 6
36 1 U -1
37
0 1 U -1
1 0 U -1
2 1 U 1
3 0 L 0
4 0 U 3
5 1 U 4
6 1 L -1
7 0 U 6
8 1 U 4
9 0 U 8
10 0 U 9
11 1 U 6
12 0 L 9
13 1 U 12
14 1 U 13
15 1 U 14
16 0 U 5
17 0 U 16
18 1 L 16
19 1 U 16
20 1 U 19
21 0 L 6
22 1 L 0
23 0 U 21
24 0 U -1
25 0 U 14
26 1 U 7
27 1 U 21
28 1 U 24
29 0 U 28
30 0 U -1
31 0 U 30
32 0 U 31
33 1 U 32
34 0 U 33
35 1 U 6
36 1 U -1
37
0 1 U -1
1 0 U -1
2 1 U 1
3 0 L 0
4 0 U 3
5 1 U 4
6 1 L -1
7 0 U 6
8 1 U 4
9 0 U 8
10 0 U 9
11 1 U 10
12 0 L 9
13 1 U 12
14 1 U 13
15 1 U 14
16 0 U 5
17 0 U 16
18 0 U 5
19 1 U 16
20 1 U 19
21 0 L 8
22 1 L 0
23 1 U 22
24 0 U -1
25 1 U 24
26 1 U 7
27 1 U 21
28 0 L 24
29 0 U 28
30 0 U -1
31 0 U 30
32 0 U 31
33 1 U 32
34 0 U 33
35 1 U 6
36 0 L 21
