68
0 0 U -1
1 1 U 0
2 1 U 1
3 0 U 2
4 0 U 3
5 1 U 4
6 1 U 5
7 0 U 6
8 0 U -1
9 1 U 8
10 1 U 9
11 1 U 10
12 1 U 11
13 1 U 12
14 1 U 13
15 1 U 14
16 1 U -1
17 1 U 16
18 1 U 17
19 0 U 18
20 0 U 19
21 0 U 20
22 1 U 21
23 0 U 22
24 1 U -1
25 0 U 24
26 1 U 25
27 1 U 26
28 1 U 27
29 0 U 28
30 0 U 29
31 1 U 30
32 0 U -1
33 1 U 32
34 0 U 33
35 0 U 34
36 0 U 35
37 1 U 36
38 1 U 37
39 1 U 38
40 0 U -1
41 1 U 40
42 0 U 41
43 0 U 42
44 0 U 43
45 1 U 44
46 1 U 45
47 1 U 46
48 0 U -1
49 0 U 48
50 1 U 49
51 1 U 50
52 1 U 51
53 0 U 52
54 1 U 53
55 1 U 54
56 0 U -1
57 1 U 56
58 0 U 57
59 1 U 58
60 1 U 59
61 1 U 60
62 0 U 61
63 1 U 62
64 1 U -1
65 0 U 64
66 0 U 65
67 0 U 66
68
0 0 U -1
1 0 U -1
2 1 L -1
3 0 U 2
4 1 L 3
5 1 U 4
6 1 U 5
7 0 U 6
8 0 U -1
9 1 U 8
10 1 U 9
11 1 U 10
12 1 U 11
13 1 U 12
14 1 U 13
15 1 U 14
16 1 U -1
17 1 U 16
18 1 U 17
19 0 U 18
20 0 U 8
21 0 U 20
22 1 L 20
23 0 U 22
24 1 U -1
25 0 U 24
26 1 U 25
27 1 U 26
28 1 U 27
29 0 U 28
30 0 U 29
31 1 U 30
32 0 U -1
33 1 U 32
34 0 U 33
35 0 U 34
36 0 U 35
37 1 U 36
38 1 U 37
39 1 U 38
40 0 U -1
41 1 U 40
42 0 U 41
43 0 U 42
44 0 U 43
45 1 U 44
46 1 U 45
47 1 U 46
48 1 U 14
49 0 U 48
50 1 U 49
51 1 L 20
52 1 U 51
53 0 U 52
54 1 U 53
55 1 U 54
56 0 U -1
57 1 U 56
58 0 U 22
59 1 U 58
60 1 U 59
61 1 U 60
62 0 U 61
63 1 U 62
64 1 U -1
65 0 U 64
66 0 U 65
67 1 U 57
68
0 0 U -1
1 0 U -1
2 1 L -1
3 0 U 2
4 1 L 3
5 1 U 4
6 1 U 5
7 0 U 6
8 0 U -1
9 1 U 8
10 1 U 9
11 1 U 10
12 1 U 11
13 1 U 12
14 1 L 13
15 1 U 14
16 1 U -1
17 1 U 16
18 1 U 17
19 0 U 18
20 0 U 8
21 0 U 20
22 1 L 20
23 0 U 22
24 1 U -1
25 0 U 24
26 1 U 25
27 1 U 26
28 1 U 14
29 0 U 28
30 0 U 29
31 1 L 28
32 0 U -1
33 1 U 32
34 0 U 33
35 0 L 15
36 0 U 35
37 1 U 36
38 1 U 37
39 1 U 38
40 0 U -1
41 1 U 40
42 0 U 41
43 0 U 42
44 0 U 43
45 1 U 44
46 1 U 45
47 0 U 40
48 1 U 14
49 0 U 48
50 1 U 49
51 1 L 20
52 1 U 19
53 0 U 52
54 0 L 36
55 1 U 54
56 0 U -1
57 0 U 25
58 0 U 22
59 1 U 58
60 1 U 59
61 1 U 60
62 0 U 61
63 1 U 62
64 1 U -1
65 0 U 64
66 0 U 65
67 1 U 57
68
0 0 U -1
1 0 U -1
2 1 L -1
3 0 U 2
4 1 L 3
5 1 U 4
6 1 U 5
7 0 U 6
8 1 L 0
9 1 U 8
10 1 U 9
11 1 U 10
12 1 U 11
13 1 U 12
14 1 U 13
15 1 U 14
16 1 U -1
17 1 U 16
18 1 U 17
19 0 U 18
20 0 U 8
21 0 L 5
22 1 L 20
23 0 U 22
24 1 U -1
25 1 U 2
26 1 U 25
27 1 U 26
28 1 U 27
29 0 U 28
30 1 L 15
31 1 U 30
32 0 U -1
33 1 U 32
34 0 U 30
35 0 U 34
36 0 U 35
37 1 U 36
38 1 U 37
39 1 U 38
40 0 U -1
41 1 U 40
42 1 U 0
43 0 U 42
44 0 U 43
45 1 U 44
46 1 U 45
47 1 U 46
48 1 U 14
49 0 U 48
50 1 U 49
51 1 U 23
52 1 U 51
53 0 U 52
54 1 U 53
55 1 U 54
56 0 U -1
57 1 U 56
58 0 U 22
59 1 U 58
60 1 U 59
61 1 U 60
62 0 U 61
63 1 U 62
64 0 L 25
65 0 U 64
66 0 U 65
67 1 U 57
68
0 0 U -1
1 0 U -1
2 1 L -1
3 0 U 2
4 1 L 3
5 1 U 4
6 1 U 5
7 1 U 3
8 1 L 0
9 1 U 8
10 1 U 9
11 1 U 10
12 1 U 11
13 1 U 12
14 1 U 13
15 1 U 14
16 1 U -1
17 1 U 16
18 1 U 17
19 0 L 6
20 0 U 8
21 0 L 5
22 1 L 20
23 0 U 22
24 1 U -1
25 1 U 2
26 1 U 25
27 1 U 26
28 1 U 27
29 0 U 28
30 1 L 15
31 1 U 30
32 0 U -1
33 1 U 32
34 0 U 30
35 0 U 34
36 0 U 35
37 1 U 36
38 1 U 37
39 1 U 38
40 0 U -1
41 1 U 40
42 1 U 0
43 0 U 42
44 0 U 43
45 1 U 44
46 1 U 45
47 1 U 46
48 1 U 14
49 0 U 48
50 1 U 49
51 1 U 23
52 1 U 51
53 0 U 52
54 1 U 53
55 1 U 54
56 0 U -1
57 1 U 56
58 0 U 22
59 1 U 58
60 1 U 59
61 1 U 60
62 0 U 61
63 1 U 58
64 0 L 25
65 0 U 64
66 0 U 65
67 1 U 57
68
0 0 U -1
1 0 U -1
2 1 L -1
3 0 U 2
4 1 L 3
5 1 U 4
6 1 U 5
7 0 U 6
8 1 L 0
9 1 U 8
10 1 U 9
11 1 U 10
12 1 U 11
13 1 U 12
14 1 U 13
15 1 U 14
16 0 U 12
17 1 U 16
18 1 U 17
19 0 U 18
20 0 U 8
21 0 L 5
22 1 L 3
23 0 U 22
24 1 U -1
25 1 U 2
26 1 U 25
27 1 U 26
28 1 U 27
29 0 U 28
30 1 L 15
31 1 U 30
32 0 U -1
33 1 U 32
34 0 L 14
35 0 U 34
36 0 U 35
37 1 U 36
38 1 U 37
39 1 U 38
40 0 U -1
41 1 U 40
42 1 U 0
43 0 U 42
44 0 U 43
45 1 U 44
46 1 U 45
47 1 L -1
48 1 U 14
49 0 U 48
50 1 U 49
51 1 U 23
52 1 U 51
53 0 U 52
54 1 U 53
55 1 U 54
56 0 U -1
57 1 U 56
58 0 U 22
59 1 U 58
60 1 U 59
61 1 U 60
62 1 L 23
63 1 U 62
64 0 L 25
65 0 U 64
66 0 U 65
67 1 U 57
68
0 0 U -1
1 0 U -1
2 1 L -1
3 0 U 2
4 1 L 3
5 1 U 4
6 1 U 5
7 0 U 6
8 1 L 0
9 1 U 8
10 1 U 9
11 1 U 10
12 1 U 11
13 1 U 12
14 1 U 13
15 1 L 2
16 0 U 12
17 1 U 16
18 1 U 17
19 0 U 18
20 0 U 8
21 0 L 5
22 1 L 3
23 0 U 22
24 1 U -1
25 1 U 2
26 1 U 25
27 1 U 26
28 1 U 27
29 0 U 28
30 1 L 15
31 1 U 30
32 0 U 6
33 1 U 32
34 0 L 14
35 0 U 34
36 0 U 35
37 1 U 36
38 1 U 37
39 1 U 38
40 0 U -1
41 1 U 40
42 1 U 0
43 0 U 42
44 0 U 43
45 1 U 44
46 1 U 45
47 1 L -1
48 1 U 14
49 0 U 48
50 1 U 49
51 1 U 23
52 1 U 5
53 0 U 52
54 1 U 53
55 1 U 54
56 0 U -1
57 1 U 56
58 0 U 22
59 1 U 58
60 1 U 59
61 1 U 60
62 1 L 23
63 1 U 62
64 0 L 25
65 0 U 64
66 0 U 65
67 1 U 57
68
0 0 L -1
1 0 U -1
2 1 L -1
3 0 U 2
4 1 L 3
5 1 U 4
6 1 U 5
7 0 U 6
8 1 L 0
9 0 L 2
10 1 U 9
11 1 U 10
12 1 U 11
13 1 U 12
14 1 U 13
15 1 L 2
16 0 U 12
17 1 U 16
18 1 U 17
19 0 U 18
20 0 U 8
21 1 L 16
22 1 L 3
23 0 U 22
24 1 U -1
25 1 U 23
26 1 U 25
27 1 U 26
28 1 U 27
29 0 U 28
30 1 L 15
31 1 U 30
32 0 U 6
33 1 U 32
34 0 U 16
35 0 L -1
36 0 U 35
37 1 U 36
38 1 L 14
39 1 U 38
40 0 U -1
41 1 U 40
42 1 U 0
43 0 U 42
44 0 U 43
45 1 U 44
46 1 U 45
47 1 L -1
48 1 U 14
49 0 U 48
50 1 U 49
51 1 U 23
52 1 U 5
53 0 U 52
54 1 U 53
55 1 U 54
56 0 U -1
57 1 U 56
58 0 U 22
59 1 U 58
60 1 U 59
61 1 U 60
62 1 L 23
63 1 U 62
64 0 L 25
65 0 U 64
66 0 U 65
67 1 U 57
68
0 0 U -1
1 0 U -1
2 1 L -1
3 0 U 2
4 1 L 3
5 1 U 4
6 1 U 5
7 0 U 6
8 1 U 4
9 1 U 8
10 1 U -1
11 1 U 10
12 1 U 9
13 1 U 12
14 1 U 13
15 1 L 2
16 0 U 12
17 1 U 16
18 1 U 17
19 0 U 18
20 0 U 8
21 0 L 5
22 1 L 3
23 0 U 22
24 1 U -1
25 1 U 2
26 1 U 25
27 1 U 26
28 1 U 27
29 0 U 28
30 1 L 15
31 0 U 17
32 0 U 6
33 1 U 32
34 0 L 14
35 0 U 34
36 0 U 35
37 1 U 36
38 1 U 37
39 1 U 38
40 0 U -1
41 1 U 40
42 1 U 0
43 0 U 42
44 0 U 43
45 1 U 44
46 1 U 45
47 1 L 2
48 1 U 14
49 0 U 48
50 1 U 49
51 1 U 23
52 1 U 5
53 0 U 52
54 1 U 53
55 1 U 54
56 0 U -1
57 1 U 56
58 0 U 22
59 1 U 58
60 0 L 19
61 1 U 60
62 1 L 23
63 1 U 62
64 0 L 25
65 0 U 64
66 0 U 65
67 1 U 57
68
0 0 U -1
1 0 U -1
2 1 L -1
3 0 U 2
4 1 L 3
5 1 L 3
6 1 U 5
7 0 U 6
8 1 L 0
9 1 U 8
10 1 U 9
11 1 U 10
12 1 U 11
13 1 U 12
14 1 U 13
15 1 L 2
16 0 U 12
17 1 U 16
18 1 U 17
19 0 U 18
20 0 U 8
21 0 L 5
22 1 L 3
23 0 U 22
24 1 U -1
25 1 U 2
26 1 U 25
27 1 U 26
28 1 U 27
29 0 U 28
30 1 L 15
31 1 U 30
32 0 U 6
33 1 U 32
34 0 L 14
35 0 U 34
36 0 U 35
37 1 U 36
38 0 L 2
39 1 U 38
40 0 U -1
41 1 U 40
42 1 U 0
43 0 U 42
44 0 U 43
45 0 L 1
46 0 U 36
47 1 L -1
48 1 U 14
49 0 U 48
50 1 U 49
51 1 U 23
52 1 U 5
53 0 U 52
54 1 U 53
55 1 U 5
56 0 U -1
57 1 U 56
58 0 U 22
59 1 U 58
60 1 U 59
61 1 U 60
62 1 L 23
63 1 L 42
64 0 L 25
65 0 U 64
66 0 U 65
67 1 U 57
68
0 0 U -1
1 0 U -1
2 1 L -1
3 0 U 2
4 1 L 3
5 1 U 4
6 1 U 5
7 0 U 6
8 1 L 0
9 1 U 8
10 1 U 9
11 1 U 10
12 1 U 11
13 1 U 12
14 1 U 13
15 1 L 2
16 1 L 7
17 1 U 16
18 0 U 6
19 0 U 18
20 0 U 8
21 0 L 5
22 0 U 19
23 0 U 22
24 0 U 8
25 1 U 2
26 1 U 25
27 1 U 26
28 1 U 27
29 0 U 28
30 1 L 15
31 1 U 30
32 0 U 6
33 1 U 32
34 0 L 14
35 0 U 34
36 0 U 35
37 1 U 36
38 1 U 37
39 1 U 38
40 0 U -1
41 1 U 40
42 1 U 0
43 0 U 42
44 0 U 43
45 1 U 44
46 1 U 45
47 1 L -1
48 1 U 14
49 0 U 48
50 1 U 49
51 1 U 23
52 1 U 5
53 0 U 52
54 1 U 53
55 1 U 54
56 0 U -1
57 1 U 56
58 0 U 22
59 1 U 58
60 1 U 59
61 1 U 60
62 1 L 23
63 1 L 31
64 0 L 25
65 0 U 64
66 0 U 65
67 1 U 57
68
0 0 U -1
1 0 U -1
2 1 L -1
3 0 U 2
4 1 L 3
5 1 U 4
6 1 U 5
7 0 U 6
8 1 L 0
9 1 U 8
10 1 U 9
11 1 U 10
12 0 L 3
13 1 U 12
14 1 U 13
15 1 L 2
16 0 U 12
17 1 U 16
18 1 U 17
19 0 U 18
20 0 U 8
21 0 L 5
22 1 L 3
23 0 U 22
24 1 U -1
25 1 U 2
26 1 U 25
27 1 U 26
28 1 U 27
29 0 U 28
30 1 L 15
31 1 U 30
32 0 U 6
33 1 U 32
34 0 L 14
35 0 U 34
36 0 U 35
37 1 U 36
38 1 U 37
39 1 U 38
40 0 U -1
41 1 U 40
42 1 U 0
43 0 U 42
44 0 U 43
45 1 U 44
46 1 U 45
47 1 L -1
48 1 U 14
49 0 U 48
50 1 U 49
51 1 U 23
52 1 U 5
53 0 U 52
54 1 U 53
55 1 U 54
56 0 U -1
57 1 U 56
58 0 U 22
59 1 U 58
60 1 U 59
61 1 U 60
62 1 L 23
63 1 U 62
64 0 L 49
65 0 U 64
66 0 U 65
67 1 U 57
68
0 0 U -1
1 0 U -1
2 1 L -1
3 0 U 2
4 1 L 3
5 1 U 4
6 1 U 5
7 0 U 6
8 1 L 0
9 1 U 8
10 1 U 9
11 1 U 10
12 1 U 11
13 0 U 7
14 1 U 13
15 1 L 2
16 0 U 12
17 1 U 16
18 1 U 17
19 0 U 18
20 0 U 8
21 0 L 5
22 1 L 3
23 0 U 22
24 1 U -1
25 1 L 5
26 1 U 25
27 1 U 26
28 1 U 27
29 1 U 3
30 1 L 15
31 1 U 30
32 0 U 6
33 1 U 32
34 0 L 14
35 1 U 12
36 0 U 35
37 1 U 36
38 1 U 37
39 0 L 18
40 0 U -1
41 1 L 25
42 1 U 0
43 0 U 42
44 0 U 43
45 1 U 44
46 1 U 45
47 1 L -1
48 1 U 14
49 0 U 48
50 1 U 49
51 1 U 23
52 1 U 5
53 0 U 52
54 1 L 24
55 1 U 54
56 0 U -1
57 1 U 56
58 0 U 22
59 1 U 58
60 1 U 59
61 1 U 60
62 1 L 23
63 1 U 62
64 1 U 14
65 0 U 64
66 0 U 65
67 1 U 57
68
0 0 U -1
1 0 U -1
2 1 L -1
3 0 U 2
4 1 L 3
5 1 U 4
6 1 U 5
7 0 U 6
8 1 L 0
9 1 U 8
10 1 U 9
11 1 U 10
12 0 U 3
13 1 U 12
14 1 U 13
15 0 L 9
16 0 U 12
17 1 U 16
18 1 U 17
19 0 U 18
20 0 U 8
21 0 L 5
22 1 L 3
23 0 U 22
24 1 U -1
25 1 U 2
26 1 U 25
27 1 U 26
28 1 U 27
29 0 U 28
30 1 L 15
31 1 U 30
32 0 U 6
33 1 U 32
34 0 L 14
35 0 U 34
36 0 U 19
37 1 U 36
38 1 U 37
39 1 U 38
40 0 U -1
41 1 U 40
42 1 U 0
43 0 U 42
44 0 U 43
45 1 U 44
46 1 U 45
47 1 L -1
48 1 U 14
49 0 U 48
50 1 U 49
51 1 U 23
52 1 U 5
53 0 U 52
54 1 U 53
55 1 U 54
56 0 U -1
57 1 U 56
58 0 U 22
59 1 U 58
60 1 U 59
61 1 U 60
62 1 U 27
63 1 U 62
64 0 L 25
65 0 U 64
66 0 U 54
67 1 U 57
68
0 0 U -1
1 0 U -1
2 1 L -1
3 0 L 1
4 1 L 3
5 1 U 4
6 1 U 5
7 0 U 6
8 1 L 0
9 1 U 8
10 1 U -1
11 1 U 10
12 1 U 11
13 1 U 12
14 1 U 13
15 1 L 2
16 0 U 12
17 0 U 4
18 1 U 17
19 0 U 18
20 0 U 8
21 1 L 18
22 1 L 3
23 0 U 22
24 1 U -1
25 1 U 2
26 1 U 25
27 1 U 26
28 1 U 27
29 0 U 28
30 1 L 15
31 1 U 30
32 0 U 6
33 1 U 32
34 0 L 14
35 0 U 34
36 0 U 35
37 1 U 36
38 1 U 37
39 1 U 38
40 0 U -1
41 1 U 40
42 1 U 0
43 0 U 42
44 0 U 43
45 1 U 44
46 1 U 45
47 1 L -1
48 1 U 14
49 0 U 48
50 0 U 18
51 1 U 23
52 1 U 5
53 0 U 52
54 1 U 53
55 1 L 9
56 0 L 28
57 1 U 56
58 0 U 22
59 1 U 12
60 1 U 59
61 1 U 60
62 1 L 30
63 0 L 6
64 0 L 25
65 0 U 64
66 0 U 65
67 1 U 57
68
0 0 U -1
1 1 U 0
2 1 L -1
3 0 U 2
4 1 L 3
5 1 U 4
6 1 U 5
7 0 U 6
8 1 L 0
9 1 U 8
10 1 U 9
11 1 U 10
12 1 U 11
13 1 U 12
14 1 U 13
15 1 L 2
16 0 U 12
17 1 U 16
18 1 U 17
19 0 U 18
20 0 U 8
21 0 L 5
22 1 L 3
23 0 U 22
24 1 U -1
25 1 U 2
26 1 U 25
27 1 U 26
28 1 U 27
29 0 U 28
30 0 U 9
31 1 U 30
32 0 U 6
33 1 U 32
34 0 L 14
35 0 U 34
36 0 U 35
37 1 U 36
38 1 U 37
39 1 U 38
40 0 U -1
41 1 U 40
42 1 U 0
43 0 U 42
44 0 U 38
45 1 U 44
46 1 U 45
47 1 L -1
48 1 U 14
49 0 U 48
50 1 U 49
51 1 U 23
52 1 U 5
53 0 U 52
54 1 U 53
55 1 U 54
56 0 U -1
57 0 L 34
58 0 U 22
59 1 U 58
60 1 U 59
61 1 U 60
62 1 L 23
63 1 U 62
64 0 L 25
65 0 U 25
66 0 U 65
67 1 U 57
68
0 0 U -1
1 0 U -1
2 1 L -1
3 0 U 2
4 1 L 3
5 1 U 4
6 0 U 2
7 0 U 6
8 1 L 0
9 1 U 8
10 1 U 9
11 1 U 10
12 1 U 11
13 1 U 12
14 1 U 13
15 1 L 2
16 0 U 12
17 1 U 16
18 1 U 17
19 0 U 18
20 1 U -1
21 0 L 5
22 1 L 3
23 0 U 22
24 1 U -1
25 1 U 2
26 1 U 25
27 1 U 26
28 1 U 27
29 1 L 18
30 1 L 15
31 1 U 30
32 0 U 6
33 1 L 14
34 0 L 33
35 0 U 34
36 0 U 35
37 1 U 36
38 1 U 37
39 1 U 38
40 0 U -1
41 1 U 40
42 1 U 0
43 0 U 42
44 0 U 43
45 1 U 44
46 1 U 45
47 1 L -1
48 0 U 45
49 0 U 48
50 1 U 49
51 1 U 23
52 1 U 5
53 0 U 52
54 0 U 18
55 1 U 54
56 0 U -1
57 1 U 56
58 0 U 22
59 1 U 58
60 0 U 29
61 1 U 60
62 1 L 23
63 1 U 62
64 0 L 25
65 0 U 64
66 0 U 65
67 1 U 57
68
0 1 U -1
1 1 L -1
2 1 L -1
3 0 U 2
4 1 L 3
5 1 U 4
6 1 U 5
7 1 U 4
8 1 L 0
9 1 U 8
10 1 U 9
11 1 U 10
12 1 U 5
13 1 U 12
14 1 U 13
15 1 L 2
16 0 U 12
17 1 U 16
18 1 U 17
19 0 U 18
20 0 U 8
21 0 L 5
22 1 L 3
23 0 U 5
24 1 U -1
25 1 U 2
26 1 U 25
27 1 U 26
28 1 U 27
29 0 U 28
30 1 L 15
31 1 U 30
32 0 U 6
33 1 U 32
34 0 L 14
35 0 U 2
36 0 U 35
37 1 U 36
38 1 U 37
39 1 U 38
40 0 U -1
41 1 U 40
42 1 U 0
43 0 U 42
44 0 L 2
45 1 U 44
46 1 U 45
47 1 L -1
48 1 U 14
49 0 U 48
50 1 U 49
51 1 U 23
52 1 U 5
53 0 L 41
54 1 U 53
55 1 U 54
56 0 U -1
57 1 U 56
58 0 U 22
59 1 U 58
60 1 U 59
61 1 U 60
62 1 L 23
63 1 U 62
64 0 L 25
65 0 U 64
66 0 U 65
67 1 U 57
68
0 0 L -1
1 0 U -1
2 1 L -1
3 0 U 2
4 1 L 3
5 1 U 4
6 1 U 5
7 0 U 5
8 1 L 0
9 1 U 8
10 1 U 9
11 1 U 10
12 1 U 11
13 0 L 11
14 0 U 9
15 1 L 2
16 0 U 12
17 1 L 10
18 1 U 17
19 0 U 18
20 0 U 8
21 0 L 5
22 1 L 3
23 0 U 22
24 1 U -1
25 1 U 2
26 1 U 25
27 0 L 6
28 1 U 27
29 0 U 28
30 1 L 15
31 1 U 30
32 0 U 6
33 1 U 32
34 0 L 14
35 0 U 34
36 0 U 35
37 1 U 36
38 1 U 37
39 1 U 38
40 0 U -1
41 1 U 40
42 1 U 0
43 0 U 42
44 0 U 43
45 1 U 44
46 1 U 45
47 0 U 25
48 1 U 14
49 0 U 48
50 1 U 49
51 1 U 23
52 1 U 5
53 1 L 36
54 1 U 53
55 1 U 54
56 0 U -1
57 1 U 56
58 0 U 22
59 1 U 58
60 1 U 59
61 1 U 60
62 1 L 23
63 1 U 62
64 0 L 25
65 0 U 64
66 0 U 65
67 1 U 57
68
0 0 U -1
1 0 U -1
2 1 L -1
3 0 U 2
4 1 L 3
5 1 U 4
6 0 U 1
7 0 U 6
8 1 L 0
9 1 U 8
10 0 U 9
11 1 U 10
12 1 U 11
13 1 U 12
14 1 U 13
15 1 L 2
16 0 U 12
17 1 U 16
18 1 U 17
19 0 U 18
20 0 U 8
21 0 L 5
22 1 L 3
23 0 U 22
24 1 U -1
25 1 U 2
26 1 U 25
27 1 U 26
28 1 U 27
29 0 U 28
30 1 U 5
31 1 U 30
32 0 U 6
33 1 U 32
34 0 L 14
35 0 L 4
36 0 U 35
37 1 U 12
38 1 U 37
39 1 U 38
40 0 U -1
41 1 U 40
42 1 U 0
43 0 U 42
44 0 U 43
45 1 U 44
46 1 U 45
47 1 L -1
48 1 U 14
49 0 U 48
50 1 U 49
51 1 L 27
52 1 U 5
53 0 U 52
54 1 U 29
55 1 U 54
56 0 U -1
57 1 U 56
58 0 U 22
59 1 U 58
60 1 U 44
61 1 U 60
62 1 L 23
63 1 U 62
64 0 L 25
65 0 U 64
66 0 U 65
67 1 U 57
68
0 0 U -1
1 0 U -1
2 1 L -1
3 0 U 2
4 1 L 3
5 1 U -1
6 1 U 5
7 0 U 6
8 1 L 0
9 1 U 8
10 1 U 9
11 1 U 10
12 1 U 11
13 1 U 12
14 1 U 13
15 1 L 2
16 0 U 12
17 1 L 13
18 1 U 17
19 0 U 18
20 0 U 8
21 1 U 2
22 0 U 13
23 0 U 22
24 1 U -1
25 1 U 2
26 1 U 25
27 1 U 26
28 1 U 27
29 0 U 28
30 1 L 15
31 1 U 30
32 0 U 6
33 1 U 32
34 0 L 14
35 0 U 34
36 0 U 35
37 1 U 36
38 1 U 37
39 1 U 38
40 0 U -1
41 1 U 40
42 1 U 0
43 0 U 42
44 0 U 43
45 1 U 44
46 1 U 8
47 1 L -1
48 0 L 37
49 0 U 48
50 1 U 49
51 1 U 23
52 0 L 17
53 0 U 52
54 1 U 53
55 1 U 54
56 0 U -1
57 1 U 56
58 0 U 22
59 1 U 58
60 0 U 1
61 1 U 60
62 1 L 23
63 1 L 55
64 1 U -1
65 0 U 64
66 0 U 65
67 1 U 34
68
0 0 U -1
1 0 U -1
2 1 L -1
3 0 U 2
4 1 L 3
5 1 U 4
6 0 U 1
7 0 U 6
8 1 L 0
9 1 U 8
10 1 U 9
11 1 U 10
12 1 U 11
13 1 U 12
14 1 U 13
15 1 U 8
16 0 U 12
17 1 U 16
18 1 U 17
19 0 U 18
20 0 U 8
21 0 L 5
22 1 L 3
23 0 U 22
24 1 U -1
25 1 U 2
26 1 U 25
27 1 U 26
28 1 U 27
29 0 L 27
30 1 L 15
31 1 U 30
32 0 U 6
33 1 U 32
34 0 L 14
35 1 U 2
36 0 U 35
37 1 U 36
38 1 U 37
39 1 U 38
40 0 U -1
41 1 U 40
42 1 U 0
43 0 U 42
44 0 U 43
45 1 U 44
46 1 U 45
47 1 L -1
48 1 U 14
49 0 U 48
50 1 U 49
51 1 U 23
52 1 U 5
53 0 L 14
54 1 U 53
55 1 U 54
56 0 U -1
57 1 U 56
58 0 U 39
59 1 U 58
60 1 U 59
61 1 U 60
62 0 U 22
63 1 U 62
64 0 L 25
65 0 U 64
66 0 U 65
67 1 U 57
68
0 0 U -1
1 0 U -1
2 1 L -1
3 0 U 2
4 1 L 3
5 1 U 4
6 1 U 5
7 0 U 6
8 1 L 0
9 1 U 8
10 1 U 9
11 1 U 0
12 1 U 11
13 1 U 12
14 1 U 13
15 1 U 5
16 0 U 12
17 1 U 16
18 1 U 17
19 0 U 18
20 0 U -1
21 0 L 5
22 1 L 3
23 0 U 22
24 1 U -1
25 1 U 2
26 1 U 25
27 1 U 26
28 1 U 27
29 0 U 28
30 1 L 15
31 1 U 30
32 0 L 6
33 1 U 32
34 0 L 14
35 0 U 34
36 0 U 35
37 1 U 36
38 1 U 37
39 1 L 23
40 0 U -1
41 1 U 40
42 1 U 0
43 0 U 42
44 0 U 43
45 1 U 44
46 1 U 45
47 1 L -1
48 1 U 14
49 0 L 4
50 1 U 49
51 1 U 23
52 1 U 5
53 0 U 52
54 1 U 53
55 1 U 54
56 1 L 6
57 1 U 56
58 0 U 22
59 1 U 58
60 1 U 59
61 1 U 60
62 0 L 58
63 1 U 62
64 0 L 25
65 0 U 64
66 0 U 65
67 1 U 57
68
0 0 L -1
1 0 U -1
2 1 L -1
3 0 U 2
4 1 L 3
5 1 U 4
6 1 U 5
7 0 U 6
8 1 L 0
9 1 U 8
10 1 U 9
11 1 U 10
12 1 U 11
13 1 U 12
14 1 U 13
15 1 L 2
16 0 U 12
17 1 U 16
18 1 U 17
19 0 U 18
20 0 U 8
21 0 L 5
22 1 L 3
23 0 U 22
24 1 U -1
25 1 U 2
26 1 U 25
27 1 U 26
28 1 U 27
29 0 U 28
30 1 L 15
31 1 L 5
32 1 L 3
33 1 U 32
34 0 L 14
35 0 U 34
36 0 U 35
37 1 U 36
38 1 U 37
39 1 U 38
40 0 U -1
41 1 U 40
42 1 U 0
43 0 U 42
44 0 U 43
45 1 U 44
46 1 U 45
47 1 L -1
48 1 L 8
49 0 U 48
50 1 U 49
51 1 U 23
52 1 U 5
53 0 U 52
54 1 U 53
55 1 U 54
56 0 U -1
57 1 U 56
58 0 L 20
59 1 U 58
60 0 L 23
61 1 U 60
62 1 L 52
63 1 U 62
64 0 L 25
65 1 L 4
66 0 U 65
67 1 U 57
68
0 0 U -1
1 0 U -1
2 1 L -1
3 0 U 2
4 1 L 3
5 1 U 4
6 1 U 5
7 0 U 6
8 1 L 0
9 1 U 8
10 1 U 9
11 1 U 10
12 1 U 11
13 1 U 12
14 1 U 13
15 1 L 2
16 0 U 12
17 1 U 16
18 1 U 17
19 0 U 18
20 0 U 8
21 0 L 5
22 1 L 3
23 0 U 22
24 1 U -1
25 1 L 15
26 1 U 25
27 1 L 2
28 1 U 27
29 0 U 28
30 1 L 15
31 1 U 30
32 0 U 6
33 1 U 32
34 0 L 14
35 1 L 17
36 0 U 35
37 1 U 36
38 1 U 37
39 1 U 38
40 0 U -1
41 1 U 40
42 1 U 0
43 0 U 42
44 0 U 43
45 1 U 44
46 1 U 45
47 1 L -1
48 1 U 14
49 0 U 48
50 1 L 20
51 1 U 23
52 1 U 5
53 0 U 52
54 1 U 53
55 1 U 54
56 0 U -1
57 1 U 17
58 0 U 22
59 1 U 58
60 1 U 59
61 1 U 60
62 1 L 23
63 1 U 62
64 0 L 25
65 0 U 64
66 0 U 37
67 1 U 57
68
0 0 U -1
1 0 U -1
2 1 L -1
3 0 U 2
4 1 L 3
5 1 U 4
6 1 U 5
7 0 U 6
8 1 L 0
9 1 U 8
10 1 U 9
11 0 U 9
12 1 U 11
13 1 U 12
14 1 U 13
15 1 L 2
16 0 U 12
17 1 U 16
18 1 U 17
19 0 L 6
20 0 U 8
21 0 L 5
22 1 L 3
23 0 L 20
24 1 U -1
25 0 L 9
26 0 U 23
27 1 U 26
28 1 U 27
29 0 U 28
30 1 U 20
31 1 L 26
32 0 U 6
33 1 U 32
34 0 L 14
35 0 U -1
36 0 U 35
37 1 U 36
38 1 U 37
39 1 U 38
40 0 U -1
41 1 U 40
42 1 U 0
43 0 U 42
44 0 U 43
45 1 U 44
46 1 U 45
47 1 L -1
48 1 U 14
49 0 L 14
50 1 U 49
51 1 U 23
52 1 U 5
53 0 U 52
54 1 U 53
55 1 U 54
56 0 U -1
57 1 U 56
58 0 U 22
59 1 U 58
60 1 U 59
61 1 L 27
62 1 L 23
63 1 U 62
64 0 L 25
65 0 U 22
66 0 U 65
67 1 U 57
68
0 0 U -1
1 0 U -1
2 1 L -1
3 0 U 2
4 1 L 3
5 1 U 0
6 0 U 1
7 0 U 6
8 1 L 0
9 1 U 8
10 1 U 9
11 1 U 10
12 1 U 11
13 1 U 12
14 1 U 13
15 1 L 2
16 0 U 12
17 1 U 16
18 1 U 17
19 0 U 18
20 0 U 8
21 0 L 5
22 1 L 3
23 0 U 22
24 1 U 14
25 1 U 18
26 1 U 25
27 1 U 26
28 1 U 27
29 0 U 28
30 0 L 2
31 1 U 30
32 0 U 6
33 1 U 32
34 0 L 14
35 0 U 34
36 0 U 35
37 1 U 36
38 0 L 9
39 0 L 32
40 0 U -1
41 1 U 40
42 1 U 0
43 0 U 42
44 0 U 43
45 1 U 44
46 1 L 12
47 1 L -1
48 1 U 14
49 0 U 48
50 1 U 49
51 1 U 23
52 1 U 5
53 0 U 52
54 1 U 53
55 1 U 54
56 0 U -1
57 1 U 56
58 0 U 22
59 1 U 58
60 1 U 59
61 1 U 60
62 1 L 23
63 1 U 62
64 0 L 25
65 0 U 64
66 0 U 65
67 1 U 57
68
0 0 U -1
1 0 U -1
2 1 L -1
3 0 U 2
4 1 L 3
5 0 L 3
6 1 U 5
7 0 L 6
8 1 L 0
9 1 U 8
10 1 U 9
11 1 U 10
12 1 U 11
13 1 U 12
14 1 U 13
15 1 L 2
16 0 U 12
17 0 L 6
18 1 U 17
19 0 U 18
20 0 U 8
21 0 L 5
22 1 L 3
23 0 U 22
24 1 U -1
25 1 U 2
26 1 U 25
27 1 U 26
28 1 U 27
29 0 U 28
30 1 L 15
31 1 U 30
32 0 U 6
33 1 U 32
34 1 L 6
35 0 U 34
36 0 U 35
37 1 U 36
38 1 U 37
39 1 U 38
40 0 U -1
41 1 U 40
42 1 U 0
43 0 U 42
44 0 U 43
45 1 U 44
46 1 U 45
47 1 L -1
48 1 U 14
49 0 U 48
50 1 U 49
51 0 U 21
52 1 U 5
53 0 U 50
54 1 U 53
55 0 U 5
56 0 U -1
57 1 U 56
58 0 U 22
59 1 U 58
60 0 U 1
61 1 U 60
62 1 L 23
63 1 U 62
64 0 L 25
65 0 U 64
66 0 U 65
67 1 U 57
68
0 0 U -1
1 0 U -1
2 0 U -1
3 0 U 2
4 1 L 3
5 1 U 4
6 1 U 5
7 1 L 3
8 1 L 0
9 1 U 8
10 1 U 9
11 1 U 10
12 1 U 11
13 1 U 12
14 1 U 13
15 0 U 14
16 0 U 12
17 1 U 16
18 1 U 17
19 0 U 18
20 0 U 8
21 0 L 5
22 1 L 3
23 0 U 22
24 1 U -1
25 1 U 6
26 1 U 25
27 1 U 26
28 1 U 27
29 0 U 28
30 1 L 15
31 1 U 30
32 0 U 6
33 1 U 32
34 0 L 14
35 1 U 0
36 0 U 35
37 1 U 36
38 1 U 37
39 0 U 23
40 0 U -1
41 1 U 40
42 1 U 0
43 0 U 42
44 0 U 43
45 1 L 11
46 1 U 45
47 1 U 2
48 1 U 14
49 0 U 48
50 1 U 49
51 1 U 23
52 0 U 30
53 0 U 52
54 1 U 53
55 1 U 54
56 0 U -1
57 0 L 37
58 0 U 22
59 1 U 58
60 1 U 59
61 1 U 60
62 1 L 23
63 0 L 3
64 0 L 25
65 0 U 64
66 0 U 65
67 1 U 57
68
0 0 U -1
1 0 U -1
2 1 L -1
3 0 U 2
4 1 L 3
5 1 U 4
6 1 U 5
7 0 U 6
8 1 L 0
9 1 U 8
10 1 U 9
11 1 U 10
12 1 U 11
13 1 U 11
14 1 U 13
15 1 L 2
16 0 U 12
17 1 U 16
18 0 U 17
19 0 U 18
20 0 U 8
21 0 L 5
22 1 L 3
23 0 U 22
24 1 U -1
25 1 U 2
26 1 U 25
27 1 U 26
28 1 U 27
29 0 U 28
30 1 L 15
31 1 U 30
32 0 U 6
33 1 U 32
34 0 L 14
35 0 U 34
36 0 U 35
37 1 U 36
38 1 U 37
39 0 L 0
40 0 U -1
41 1 U 40
42 1 U 0
43 0 U 42
44 0 U 43
45 1 U 44
46 1 U 45
47 1 L -1
48 1 U 14
49 0 U 48
50 1 U 49
51 1 U 23
52 1 U 5
53 0 U 52
54 1 U 53
55 1 U 54
56 0 U -1
57 1 U 56
58 0 U 22
59 1 U 58
60 1 U 59
61 1 U 60
62 0 U 29
63 1 U 62
64 0 L 25
65 0 U 64
66 0 U 65
67 1 U 57
68
0 0 U -1
1 0 U -1
2 1 L -1
3 0 U 2
4 1 L 3
5 1 U 4
6 1 U 5
7 0 U 6
8 1 L 0
9 1 U 8
10 1 U 9
11 1 U 10
12 1 U 11
13 1 U 12
14 1 U 13
15 1 L 2
16 0 U 12
17 1 U 16
18 1 U 17
19 0 U 18
20 0 U 8
21 0 L -1
22 1 L 3
23 0 U 22
24 1 U -1
25 1 U 2
26 1 U 25
27 1 U 26
28 1 U 27
29 0 U 28
30 1 L 15
31 1 U 30
32 0 U 6
33 0 U 31
34 0 L 14
35 0 U 34
36 0 U 35
37 1 U 36
38 1 U 37
39 1 U 38
40 0 U -1
41 1 U 40
42 1 U 0
43 0 L 0
44 0 U 43
45 1 U 44
46 1 U 45
47 1 L -1
48 1 U 14
49 0 U 48
50 1 U 49
51 1 U 23
52 1 U 5
53 0 U 52
54 1 U 53
55 1 U 54
56 0 U -1
57 1 U 56
58 0 U 22
59 1 U 58
60 1 U 59
61 1 U 60
62 1 L 23
63 1 U 62
64 0 L 25
65 0 U 64
66 0 U 65
67 1 U 62
68
0 0 U -1
1 0 U -1
2 1 L -1
3 0 U 2
4 1 L 3
5 1 U 4
6 1 U 5
7 0 U 6
8 1 L 0
9 1 U 8
10 1 U 9
11 0 L 5
12 1 U 11
13 1 U 12
14 1 U 13
15 1 L 2
16 0 U 12
17 1 U 16
18 1 U 17
19 0 U 18
20 0 U 8
21 0 L 5
22 1 U 2
23 0 U 22
24 1 U -1
25 1 U 2
26 1 U 25
27 1 U 26
28 1 L 14
29 0 U 28
30 1 L 15
31 1 U 30
32 0 U 6
33 1 U 32
34 0 L 14
35 1 L 29
36 0 U 35
37 1 U 36
38 1 U 37
39 1 U 38
40 0 U -1
41 1 U 40
42 1 U 0
43 0 U 42
44 0 U 43
45 1 U 44
46 1 U 45
47 1 L -1
48 1 U 14
49 0 U 48
50 1 U 49
51 1 U 23
52 1 U 5
53 0 U 52
54 1 U 53
55 1 U 54
56 0 U -1
57 1 U 56
58 0 U 22
59 1 U 58
60 1 U 59
61 1 U 60
62 1 L 23
63 1 U 62
64 1 U 33
65 0 U 64
66 0 U 65
67 1 L 2
68
0 0 U -1
1 0 L 0
2 1 U -1
3 0 U 2
4 1 L 0
5 1 U 4
6 1 U 5
7 0 U 6
8 1 L 0
9 1 U 8
10 1 U 9
11 1 U 10
12 1 U 11
13 1 U 12
14 1 U 13
15 1 L 2
16 0 U 12
17 1 U 16
18 1 U 17
19 0 U 18
20 0 U 8
21 0 L 5
22 1 L 3
23 0 U 22
24 1 U -1
25 1 U 2
26 0 U 17
27 1 U 26
28 1 U 12
29 0 U 28
30 1 L 15
31 1 U 30
32 0 U 6
33 1 U 32
34 1 U 22
35 0 U 34
36 1 U 23
37 1 U 36
38 1 U 37
39 1 U 38
40 0 U -1
41 1 U 40
42 1 U 0
43 0 U 42
44 0 L 40
45 1 U 44
46 1 U 45
47 1 L -1
48 1 U 14
49 0 U 48
50 1 U 49
51 1 U 23
52 1 U 5
53 0 U 52
54 1 U 53
55 1 U 54
56 0 U 18
57 1 U 56
58 0 U 22
59 1 U 58
60 1 U 59
61 1 U 60
62 1 L 23
63 1 U 62
64 0 L 25
65 0 U 64
66 0 U 65
67 1 U 57
68
0 1 L -1
1 0 U -1
2 1 L -1
3 0 U 2
4 1 L 3
5 1 U 4
6 1 U 5
7 1 U 2
8 1 L 0
9 1 U 8
10 1 U 9
11 1 U 10
12 1 U 11
13 0 U -1
14 1 U 13
15 0 L 14
16 0 U 12
17 1 U 16
18 1 U 17
19 0 U 18
20 0 U 8
21 0 L 5
22 1 L 3
23 0 U 22
24 1 U -1
25 1 U 2
26 1 U 25
27 1 U 26
28 1 U 27
29 0 U 28
30 1 L 15
31 1 U 30
32 0 U 6
33 1 U 32
34 0 L 14
35 0 U 34
36 1 U 34
37 1 U 36
38 1 U 37
39 1 U 38
40 0 U -1
41 1 U 40
42 1 U 0
43 0 U 42
44 0 U 43
45 1 U 44
46 1 U 45
47 1 U 14
48 1 U 14
49 0 U 48
50 1 U 49
51 1 U 23
52 1 U 5
53 0 U 52
54 1 U 53
55 1 U 54
56 0 U -1
57 1 U 56
58 0 U 22
59 1 U 58
60 1 U 59
61 1 U 60
62 0 L 29
63 1 U 62
64 0 L 25
65 0 U 64
66 0 U 65
67 1 U 57
68
0 0 U -1
1 0 U -1
2 1 L -1
3 0 U 2
4 1 L 3
5 1 U 4
6 1 U 5
7 0 U 6
8 1 L 0
9 1 U 8
10 1 U 9
11 1 U 10
12 0 U 3
13 1 U 12
14 1 U 13
15 1 L 2
16 0 U 12
17 1 U 16
18 1 U 17
19 0 U 18
20 0 U 8
21 0 L 5
22 1 L 3
23 0 L 0
24 1 U -1
25 1 U 2
26 1 U 25
27 1 U 26
28 1 U 27
29 0 U 28
30 1 L 15
31 1 U 30
32 0 U 6
33 1 U 32
34 0 L 14
35 0 U 34
36 0 U 35
37 1 U 36
38 1 U 37
39 1 U 38
40 0 U -1
41 1 U 40
42 1 U 0
43 0 U 42
44 0 U 43
45 1 U 8
46 1 U 45
47 1 L -1
48 1 U 14
49 0 U 48
50 1 U 49
51 1 U 23
52 1 U 5
53 0 U 52
54 1 U 53
55 1 U 54
56 0 U -1
57 1 U 56
58 0 U 22
59 1 U 58
60 1 U 59
61 1 U 60
62 1 L 45
63 1 U 62
64 0 L 25
65 0 U 64
66 0 L 39
67 1 U 57
68
0 0 U -1
1 0 U -1
2 1 L -1
3 0 L -1
4 1 L 3
5 0 U 4
6 1 U 5
7 0 U 6
8 1 L 0
9 1 U 8
10 1 U 9
11 1 U 10
12 1 U 11
13 1 L 6
14 1 U 13
15 1 L 2
16 0 U 12
17 1 U 16
18 1 U 17
19 0 U 10
20 0 U 8
21 1 L 15
22 1 L 3
23 0 U 22
24 1 U -1
25 1 L -1
26 1 U 25
27 1 U 26
28 1 U 27
29 0 U 28
30 1 L 15
31 1 U 30
32 0 U 6
33 1 U 32
34 0 L 14
35 0 U 34
36 1 U 21
37 1 U 36
38 1 U 37
39 1 U 38
40 0 U -1
41 1 U 40
42 1 U 0
43 0 U 42
44 0 U 43
45 1 L 1
46 1 U 45
47 1 L -1
48 1 U 14
49 0 U 48
50 1 U 49
51 1 U 23
52 1 U 7
53 1 L 49
54 1 U 53
55 0 L 23
56 0 U -1
57 1 U 56
58 0 U 22
59 1 U 58
60 1 U 59
61 1 U 60
62 1 L 23
63 1 U 62
64 0 L 25
65 0 U 64
66 0 U 65
67 1 U 57
68
0 0 U -1
1 0 U -1
2 1 L -1
3 0 U 2
4 1 L 3
5 1 U 4
6 1 U 5
7 0 U 6
8 1 L 0
9 0 L 5
10 1 U 9
11 1 U 10
12 1 U 11
13 1 U 1
14 1 U 13
15 1 L 2
16 0 U -1
17 1 U 16
18 1 U 17
19 0 U 18
20 0 U 8
21 0 L 5
22 1 U 5
23 0 U 22
24 1 U -1
25 1 U 2
26 1 U 25
27 1 U 26
28 1 U 27
29 0 U 28
30 1 L 15
31 1 U 30
32 0 U 6
33 0 U 13
34 0 L 14
35 0 U 34
36 0 U 35
37 1 U 36
38 1 U 37
39 1 U 38
40 0 U -1
41 1 U 40
42 1 U -1
43 0 U 42
44 0 U 43
45 0 U 34
46 1 U 29
47 1 L -1
48 1 U 14
49 0 U 48
50 1 U 49
51 1 U 23
52 1 U 5
53 0 U 52
54 1 U 53
55 1 U 54
56 0 U -1
57 1 U 56
58 0 U 22
59 1 U 58
60 1 U 59
61 1 U 60
62 1 L 23
63 1 U 62
64 0 L 25
65 0 L 52
66 0 U 65
67 1 U 57
68
0 0 U -1
1 0 U -1
2 1 L -1
3 0 U 2
4 1 L 3
5 1 U 4
6 1 U 5
7 0 U 6
8 1 L 0
9 0 U 2
10 0 L 5
11 1 U 10
12 1 U 11
13 1 U 12
14 1 U 13
15 1 L 2
16 0 U 6
17 0 L 9
18 1 U 17
19 1 L 0
20 0 U 8
21 0 L 5
22 1 L 3
23 0 U 22
24 1 U -1
25 1 U 2
26 1 U 25
27 1 U 26
28 1 U 18
29 0 U 28
30 1 L 15
31 1 U 30
32 0 U 6
33 1 U 32
34 0 L 14
35 0 U 34
36 0 U 35
37 1 U 36
38 1 U 37
39 1 U 38
40 0 U -1
41 1 U 40
42 1 U 0
43 1 U 35
44 0 U 43
45 1 U 44
46 1 L 23
47 1 L -1
48 1 U 14
49 0 U 48
50 1 U 49
51 1 U 23
52 1 U 5
53 0 U 52
54 0 L 13
55 1 U 54
56 0 U -1
57 1 U 56
58 0 U 22
59 1 U 58
60 1 U 59
61 1 U 60
62 1 L 23
63 1 U 62
64 1 L 58
65 0 U 64
66 0 U 65
67 1 U 57
68
0 0 U -1
1 0 U -1
2 1 L -1
3 0 U 2
4 0 U 2
5 1 U 4
6 1 U 5
7 1 U 4
8 1 L 0
9 1 U 8
10 1 U 9
11 0 U 6
12 1 U 11
13 1 U 12
14 1 U 13
15 1 L 2
16 0 U 12
17 1 U 6
18 1 U 17
19 0 U 18
20 0 U 8
21 0 L 5
22 0 U 16
23 0 U 22
24 1 U -1
25 1 U 3
26 1 U 25
27 1 U 26
28 1 U 27
29 0 U 28
30 0 U 28
31 1 U 30
32 0 U 6
33 1 U 32
34 0 L 14
35 0 U 34
36 0 U 35
37 1 U 36
38 1 U 37
39 1 U 38
40 1 L 39
41 1 U 40
42 1 U 0
43 0 U 42
44 0 U 43
45 0 U 10
46 1 U 45
47 0 L 43
48 1 U 14
49 0 U 48
50 1 U 49
51 1 U 23
52 1 U 5
53 0 U 52
54 1 U 53
55 1 U 54
56 0 U -1
57 1 U 56
58 0 U 22
59 1 U 58
60 1 U 59
61 0 U 43
62 1 L 23
63 1 U 62
64 0 L 25
65 0 U 64
66 0 U 65
67 1 U 57
68
0 0 U -1
1 0 U -1
2 1 L -1
3 0 U 2
4 1 L 3
5 1 U 4
6 1 U 5
7 0 U 6
8 1 L 0
9 1 U 8
10 1 U 9
11 1 U 10
12 1 U 11
13 1 U 12
14 1 U 13
15 1 L 2
16 0 U 13
17 1 U 16
18 1 U 17
19 0 U 18
20 0 U 8
21 0 L 5
22 1 L 3
23 0 U 22
24 1 U -1
25 0 L 3
26 1 U 25
27 1 U 26
28 1 U 27
29 0 U 28
30 1 L 15
31 1 L 14
32 0 U 6
33 1 U 32
34 0 L 14
35 0 U 34
36 0 U 35
37 1 U 36
38 1 U 37
39 1 U 38
40 1 L 18
41 0 U 0
42 1 U 0
43 0 U 42
44 0 U 43
45 1 U 44
46 1 U 45
47 1 L -1
48 1 U 14
49 0 U 48
50 1 U 49
51 1 U 23
52 1 U 5
53 0 U 52
54 1 U 53
55 1 U 54
56 0 U -1
57 1 U 56
58 0 U 22
59 1 U 58
60 1 U 59
61 1 U 60
62 1 L 23
63 1 U 62
64 0 L 25
65 0 U 64
66 0 U 65
67 1 U 57
68
0 0 U -1
1 0 U -1
2 1 L -1
3 0 U 2
4 1 L 3
5 0 U 3
6 1 U 5
7 0 U 6
8 1 L 0
9 1 L 5
10 1 U 9
11 1 U 10
12 1 U 11
13 0 U 3
14 1 U 13
15 1 L -1
16 0 U 12
17 1 U 16
18 1 U 4
19 0 U 18
20 0 U 8
21 0 L 5
22 1 L 3
23 0 U 22
24 1 U -1
25 1 U 2
26 1 U 25
27 1 U 26
28 1 U 27
29 0 U 28
30 1 L 15
31 1 U 30
32 0 U 6
33 1 U 32
34 0 L 14
35 0 U 34
36 0 U 35
37 1 L 16
38 1 U 37
39 1 U 38
40 0 U -1
41 1 U 40
42 1 U 0
43 0 U 42
44 0 U 18
45 1 U 44
46 1 U 45
47 1 L -1
48 1 U 14
49 0 U 48
50 1 U 49
51 1 U 23
52 1 U 5
53 0 U 52
54 1 U 53
55 1 U 54
56 0 U -1
57 1 U 56
58 0 L 24
59 1 U 58
60 0 U 3
61 1 U 60
62 1 L 23
63 1 U 62
64 0 L 25
65 0 U 64
66 0 U 65
67 1 U 57
68
0 0 U -1
1 0 U -1
2 1 L -1
3 0 U 2
4 1 L 3
5 1 U 4
6 0 U 1
7 0 U 6
8 1 L 0
9 1 U 8
10 1 U 9
11 0 L 1
12 1 U 11
13 1 U 12
14 1 U 13
15 1 L 2
16 0 L 12
17 1 U 16
18 1 U 17
19 0 U 18
20 0 U 8
21 0 L 5
22 1 L 3
23 1 L 21
24 1 U -1
25 1 U 2
26 1 U 25
27 1 U 26
28 1 U 27
29 0 U 28
30 1 L 15
31 1 U 30
32 0 U 6
33 1 U 32
34 0 L 14
35 0 U 34
36 0 U 35
37 1 U 36
38 1 U 37
39 1 U 38
40 0 U -1
41 1 U 40
42 1 U 0
43 1 U 14
44 1 L 39
45 1 U 44
46 1 U 45
47 1 L -1
48 1 L 28
49 0 U 48
50 1 U 49
51 1 U 23
52 1 U 5
53 0 U 52
54 1 U 53
55 1 L 23
56 0 U -1
57 1 U 56
58 0 U 22
59 1 U 58
60 1 U 59
61 1 U 60
62 1 L 23
63 1 U 62
64 0 L 25
65 0 U 64
66 0 U 65
67 1 U 57
68
0 0 U -1
1 0 U -1
2 1 L -1
3 0 U 2
4 1 L 3
5 1 U 4
6 1 U 2
7 0 U 6
8 1 L 0
9 1 U 8
10 1 U 9
11 1 U 10
12 1 U 11
13 1 U 12
14 1 U 13
15 1 L 2
16 0 U 12
17 1 U 16
18 1 U 12
19 0 U 18
20 0 U 8
21 0 L 5
22 1 L 3
23 0 U 22
24 1 U -1
25 1 U 2
26 1 U 25
27 1 U 26
28 1 U 27
29 0 U 28
30 1 L 15
31 1 U 30
32 0 U 6
33 1 U 13
34 0 L 14
35 0 U 34
36 0 U 35
37 1 U 36
38 1 U 37
39 1 U 14
40 0 U -1
41 0 L 3
42 1 U 0
43 0 U 42
44 0 U 43
45 0 L 18
46 1 U 45
47 1 L -1
48 1 U 14
49 0 U 48
50 1 U 49
51 1 U 23
52 1 U 5
53 0 U 28
54 1 U 53
55 1 U 54
56 0 U -1
57 1 U 56
58 0 U 22
59 0 U 12
60 1 U 59
61 1 U 60
62 1 L 44
63 1 U 62
64 0 L 25
65 0 U 64
66 0 U 65
67 1 U 57
68
0 0 U -1
1 0 U -1
2 1 L -1
3 0 U 2
4 1 L 3
5 1 U 4
6 1 U 5
7 1 U 2
8 1 L 2
9 1 U 8
10 1 U 9
11 1 U 10
12 1 U 11
13 1 U 12
14 1 U 13
15 1 L 2
16 0 U 12
17 1 U 16
18 1 U 17
19 1 L 17
20 0 U 8
21 0 L 5
22 0 U 21
23 0 U 22
24 1 L 23
25 1 U 2
26 1 U 25
27 1 U 26
28 1 U 27
29 0 U 28
30 1 L 15
31 1 U 30
32 0 U 6
33 1 U 32
34 0 L 14
35 1 U 16
36 0 U 35
37 1 U 36
38 1 U 37
39 1 U 38
40 0 U -1
41 1 U 40
42 1 U 0
43 1 U 35
44 0 U 43
45 1 U 44
46 1 U 45
47 0 U 41
48 1 U 14
49 0 U 48
50 1 U 49
51 1 U 23
52 0 U 1
53 0 U 52
54 1 U 53
55 1 U 54
56 0 U -1
57 1 U 56
58 0 U 22
59 1 U 58
60 1 U 59
61 1 U 60
62 1 L 23
63 1 U 62
64 0 L 25
65 0 U 64
66 0 U 65
67 1 U 57
68
0 0 U -1
1 0 U -1
2 1 L -1
3 0 U 2
4 1 L 3
5 1 U 4
6 1 U 5
7 0 U 6
8 1 L 0
9 1 U 8
10 1 U 9
11 1 U 10
12 1 U 11
13 1 U 12
14 0 U 3
15 1 L 2
16 0 U 12
17 1 U 16
18 1 U 17
19 0 U 18
20 0 U 8
21 0 L 5
22 1 L 3
23 0 U 22
24 1 U -1
25 1 U 2
26 1 U 25
27 0 U 3
28 1 U 27
29 0 U 28
30 1 L 15
31 1 U 30
32 0 U 6
33 1 U 32
34 0 L 14
35 1 U 19
36 0 U 35
37 1 U 36
38 1 U 37
39 1 U 38
40 0 U -1
41 0 U 12
42 1 U 0
43 0 U 42
44 0 U 43
45 1 U 44
46 0 L 6
47 1 L -1
48 1 U 14
49 0 U 48
50 1 U 49
51 1 U 23
52 1 U 5
53 0 U 52
54 0 U 51
55 1 U 54
56 0 U -1
57 0 L 10
58 1 U 12
59 1 U 58
60 1 U 59
61 1 U 60
62 1 L 23
63 1 U 62
64 0 L 25
65 0 U -1
66 1 L 19
67 1 U 57
68
0 0 U -1
1 0 U -1
2 1 L -1
3 0 U 2
4 1 L 3
5 1 U 4
6 1 U 5
7 0 U 6
8 1 L 0
9 1 U 8
10 1 U 9
11 1 U 10
12 0 L 2
13 1 U 12
14 1 U 13
15 1 L 2
16 0 U 12
17 1 U 16
18 1 U 17
19 0 U 18
20 0 U 8
21 0 L 5
22 1 L 3
23 0 U 22
24 0 U 16
25 1 U 2
26 0 U 15
27 1 U 26
28 1 U 27
29 0 U 28
30 1 L 15
31 1 L 18
32 0 U 6
33 1 U 32
34 0 L 14
35 0 U 34
36 0 U 35
37 1 U 36
38 1 U 37
39 1 U 38
40 0 U -1
41 1 U 40
42 1 U 0
43 0 U 42
44 0 U 43
45 1 U 44
46 1 U 45
47 1 L -1
48 1 U 14
49 0 U 48
50 1 U 29
51 1 U 23
52 1 U 5
53 0 U 52
54 1 U 53
55 1 U 54
56 0 U -1
57 1 U 56
58 0 U 48
59 1 U 58
60 1 U 59
61 1 U 60
62 1 L 23
63 0 L 16
64 0 L 25
65 0 U 64
66 0 U 65
67 1 U 57
68
0 0 U -1
1 0 U -1
2 1 L -1
3 0 U 2
4 1 L 3
5 1 U 4
6 1 U 5
7 0 U 6
8 1 L 0
9 1 U 8
10 1 U 9
11 1 U 10
12 1 U 11
13 1 U 12
14 1 U 13
15 1 L 2
16 0 U 12
17 1 U 16
18 1 U 17
19 0 U 18
20 0 U 8
21 0 L 5
22 1 L 3
23 0 U 22
24 1 U -1
25 1 U 2
26 1 L 2
27 1 U 26
28 1 U 27
29 0 U 28
30 1 L 15
31 1 U 30
32 0 U 6
33 1 U 32
34 0 L 14
35 1 L 3
36 0 U 35
37 1 U 36
38 1 U 37
39 1 U 38
40 1 U 35
41 1 U 40
42 1 U 0
43 0 U 42
44 0 U 43
45 1 U 44
46 1 U 14
47 1 L -1
48 1 U 14
49 0 U 48
50 1 U 2
51 1 U 23
52 1 U 5
53 0 U 52
54 1 L 18
55 1 U 54
56 0 U -1
57 1 U 56
58 0 U 22
59 1 U 58
60 1 U 59
61 1 U 60
62 1 L 23
63 1 U 62
64 0 L 25
65 0 U 64
66 0 U 65
67 1 U 57
68
0 0 U -1
1 0 U -1
2 1 L -1
3 0 U 2
4 1 L 3
5 1 U 4
6 1 U 5
7 0 U 6
8 1 L 0
9 1 U 8
10 1 U 9
11 1 U 10
12 1 U 8
13 1 U 12
14 1 U 13
15 1 L 2
16 0 U 12
17 1 U 16
18 1 U 17
19 0 U 18
20 0 U 8
21 0 L 5
22 1 L 3
23 0 U 22
24 1 U -1
25 1 U 2
26 1 U 25
27 0 U 22
28 1 U 27
29 0 U 28
30 1 L 15
31 1 U 30
32 0 U 6
33 1 U 32
34 0 L 14
35 0 U 34
36 0 U 35
37 0 U 12
38 1 U 37
39 1 U 38
40 0 U -1
41 1 U 40
42 1 U 0
43 0 U 42
44 0 U 43
45 1 U 14
46 1 U 45
47 1 L -1
48 0 L 35
49 0 U 48
50 1 U 49
51 1 U 23
52 1 U 5
53 0 U 52
54 1 U 53
55 1 U 54
56 0 U -1
57 1 U 56
58 0 U 22
59 1 U 58
60 1 U 59
61 1 U 60
62 1 L 23
63 1 U 62
64 0 L 25
65 0 U 64
66 0 U 65
67 1 U 57
68
0 0 U -1
1 0 U -1
2 1 L -1
3 0 L 0
4 1 L 3
5 1 U 4
6 1 U 5
7 0 U 6
8 1 L 0
9 1 U 8
10 1 U 9
11 1 U 10
12 1 U 11
13 1 U 12
14 1 U 13
15 1 L 2
16 0 U 12
17 1 U 16
18 1 U 17
19 0 U 18
20 0 U 8
21 0 L -1
22 0 L 19
23 0 U 22
24 1 U -1
25 1 U 2
26 1 U 25
27 1 U 26
28 1 U 27
29 0 U 28
30 1 L 15
31 1 U 30
32 0 U 6
33 1 U 32
34 0 L 14
35 0 U 34
36 0 U 35
37 1 U 36
38 1 U 37
39 1 U 38
40 0 U -1
41 1 U 40
42 1 U 0
43 0 U 42
44 0 U 43
45 1 U 44
46 1 U 45
47 0 L 31
48 1 U 14
49 0 U 48
50 1 U 49
51 1 U 23
52 1 U 5
53 0 U 52
54 1 U 53
55 1 U 54
56 0 U -1
57 1 U 56
58 0 U 22
59 1 U 58
60 1 U 59
61 1 U 60
62 1 L 23
63 1 U 62
64 0 L 25
65 0 U 64
66 0 U 65
67 1 U 57
68
0 0 U -1
1 0 U -1
2 1 L -1
3 0 U 2
4 1 L 3
5 1 L 0
6 1 U 5
7 0 U 6
8 1 L 0
9 1 U 8
10 1 U 9
11 1 U 10
12 0 U 9
13 1 U 12
14 1 U 6
15 1 L 2
16 0 L -1
17 0 U 9
18 1 U 17
19 0 U 18
20 0 U 8
21 0 L 5
22 1 L 3
23 0 U 22
24 1 U -1
25 1 U 2
26 1 U 25
27 1 U 26
28 1 U 27
29 0 U 28
30 1 L 15
31 1 U 30
32 0 U 6
33 1 U 32
34 0 L 14
35 0 U 34
36 0 U 35
37 1 U 36
38 1 U 37
39 1 U 38
40 0 U -1
41 1 U 40
42 1 U 0
43 0 U 42
44 0 U 43
45 1 U 44
46 1 U 45
47 1 L -1
48 1 U 14
49 0 U 48
50 1 U 49
51 1 U 23
52 1 U 24
53 0 U 52
54 1 U 53
55 1 U 54
56 0 U -1
57 0 L 10
58 1 U 14
59 1 U 58
60 1 U 59
61 1 U 60
62 1 L 23
63 1 U 62
64 0 L 25
65 0 U 64
66 0 U 65
67 1 U 57
68
0 0 U -1
1 0 U -1
2 1 L -1
3 0 U 2
4 1 L 3
5 1 U 4
6 1 U 5
7 0 U 6
8 1 L 0
9 1 U 8
10 1 U 9
11 1 U 10
12 1 U 11
13 1 U 12
14 1 U 13
15 1 L 2
16 0 U 12
17 1 U 16
18 1 L 5
19 0 U 18
20 0 U 8
21 0 U 19
22 1 L 3
23 0 U 22
24 1 U -1
25 1 U 2
26 1 U 25
27 1 U 26
28 1 U 27
29 0 U 28
30 1 L 15
31 1 U 30
32 0 U 6
33 1 U 32
34 0 L 14
35 0 U 34
36 0 U 35
37 1 U 36
38 1 U 37
39 1 U 38
40 0 U -1
41 1 U 40
42 1 U 0
43 0 U 30
44 0 U 43
45 1 U 44
46 1 U 45
47 1 L -1
48 1 U 14
49 0 U 48
50 0 U 19
51 1 U 23
52 0 U 8
53 0 U 52
54 1 U 53
55 1 U 54
56 0 U -1
57 1 U 56
58 0 U 22
59 1 U 58
60 1 U 59
61 1 U 60
62 1 L 23
63 1 U 62
64 0 L 25
65 0 U 64
66 0 U 65
67 1 U 57
68
0 0 U -1
1 0 U -1
2 1 L -1
3 0 U 2
4 1 L 3
5 1 U 4
6 1 U 5
7 0 U 6
8 1 L 0
9 1 U 8
10 1 U 7
11 1 U 10
12 1 U 11
13 1 U 12
14 1 U 13
15 1 L 2
16 0 U 12
17 1 U 16
18 0 L 9
19 0 U 18
20 0 U 8
21 0 L 5
22 1 L 3
23 0 U 22
24 0 L 13
25 1 U 2
26 0 L 11
27 1 U 26
28 1 U 27
29 0 U 28
30 1 L 15
31 1 U 30
32 0 U 6
33 1 U 32
34 0 L 14
35 0 U 34
36 0 U 35
37 1 U 36
38 1 U 37
39 1 U 11
40 0 U -1
41 1 U 40
42 1 U 0
43 0 U 42
44 1 U 0
45 1 U 44
46 1 U 45
47 1 L -1
48 1 U 14
49 1 U 1
50 1 U 49
51 1 U 23
52 1 U 5
53 0 U 52
54 1 U 53
55 1 U 54
56 0 U -1
57 1 U 56
58 0 U 22
59 1 U 58
60 1 U 59
61 1 U 60
62 1 L 23
63 1 U 62
64 0 L 25
65 0 U 64
66 0 U 65
67 1 U 57
68
0 0 U -1
1 0 U -1
2 1 L -1
3 0 U 2
4 1 L 3
5 1 U 4
6 1 U 5
7 0 U 6
8 1 L 0
9 1 U 8
10 1 U 9
11 1 U 10
12 1 U 11
13 1 U 12
14 1 U 13
15 1 L 2
16 0 U 12
17 1 U 16
18 1 U 17
19 0 U 18
20 0 U 8
21 0 L 5
22 1 L 3
23 0 U 22
24 1 U -1
25 1 U 2
26 1 U 25
27 1 U 26
28 1 U 27
29 0 U 28
30 1 L 15
31 1 U 30
32 0 U 6
33 1 U 32
34 0 L 14
35 0 U 34
36 0 U 35
37 1 U 36
38 1 U 37
39 1 U 38
40 0 U -1
41 1 U 40
42 1 L 22
43 0 U 42
44 0 U 43
45 1 U 44
46 1 U 45
47 1 L -1
48 1 U 14
49 0 U 48
50 1 U 49
51 1 U 23
52 1 U 5
53 0 U 52
54 1 U 53
55 1 U 54
56 0 U -1
57 1 U 39
58 0 U 22
59 1 U 58
60 1 U 59
61 1 U 60
62 1 L 23
63 1 U 62
64 0 L 25
65 0 U 64
66 0 U 65
67 1 U 57
68
0 0 U -1
1 0 U -1
2 1 L -1
3 0 U 2
4 1 L 3
5 1 U 4
6 1 U 5
7 0 U 6
8 1 L 0
9 1 U 8
10 1 U 9
11 1 U 10
12 1 U 11
13 1 U 12
14 1 U 13
15 1 L 2
16 0 U 12
17 1 U 16
18 1 U 17
19 0 U 18
20 0 U 8
21 0 U 10
22 0 L 11
23 0 U 22
24 1 U -1
25 1 U 2
26 1 U 25
27 1 L 18
28 1 U 27
29 0 U 28
30 1 L 15
31 1 U 30
32 0 U 6
33 1 U 32
34 1 U 10
35 0 U 34
36 0 U 35
37 1 U 36
38 1 U 37
39 1 U 38
40 0 U -1
41 1 U 40
42 1 U 0
43 0 U -1
44 0 U 1
45 1 U 44
46 1 U 45
47 1 L -1
48 1 U 14
49 0 U 48
50 1 U 49
51 1 U 23
52 1 U 5
53 0 U 52
54 1 U 53
55 1 U 54
56 0 U -1
57 1 U 56
58 0 U 22
59 1 U 58
60 1 U 59
61 1 U 60
62 1 L 23
63 1 U 62
64 0 L 25
65 0 U 64
66 0 U 65
67 1 U 57
68
0 0 U -1
1 0 U -1
2 1 L 0
3 0 U 2
4 1 L 3
5 1 U 4
6 1 U 5
7 0 U 6
8 1 L 0
9 1 U 8
10 1 U 9
11 1 U 10
12 1 U 11
13 1 U 12
14 1 U 12
15 1 L 2
16 0 U 12
17 1 U 16
18 1 L 2
19 0 U 18
20 0 U 8
21 0 L 5
22 1 L 3
23 0 U 22
24 1 U -1
25 1 U 2
26 1 U 25
27 1 U 26
28 1 U 27
29 0 U 28
30 1 L 15
31 1 U 30
32 0 U 6
33 1 U 32
34 0 L 14
35 1 L -1
36 0 U 35
37 1 U 36
38 1 U 37
39 1 U 38
40 0 L 3
41 1 U 40
42 1 U 0
43 0 U 42
44 0 L 20
45 1 U 44
46 1 U 45
47 1 L -1
48 1 U 14
49 0 U 48
50 1 L 4
51 1 U 23
52 1 U 5
53 0 U 52
54 1 U 53
55 1 U 54
56 0 U -1
57 1 U 56
58 0 U 22
59 1 U 58
60 1 U 59
61 1 U 60
62 1 L 23
63 1 U 62
64 0 L 25
65 0 U 64
66 0 U 65
67 1 U 57
68
0 0 U -1
1 1 L 0
2 1 L -1
3 0 U 2
4 1 L 3
5 1 U 4
6 1 U 5
7 0 U 6
8 1 L -1
9 1 U 8
10 1 U 9
11 1 U 10
12 1 U 11
13 1 U 12
14 1 U 13
15 0 L 7
16 0 U 12
17 1 U 16
18 1 U 17
19 0 U 18
20 0 U 8
21 0 U 20
22 1 L 3
23 0 U 22
24 0 L 15
25 1 U 2
26 1 U 25
27 1 U 26
28 1 U 27
29 0 U 28
30 0 U 15
31 1 U 30
32 0 U 6
33 1 U 32
34 0 L 14
35 0 U 34
36 0 U 35
37 1 U 36
38 1 U 37
39 1 U 38
40 0 U -1
41 1 U 40
42 1 U 0
43 0 U 42
44 0 U 43
45 1 U 44
46 1 U 45
47 1 L -1
48 1 U 14
49 0 U 48
50 1 U 49
51 1 U 23
52 1 U 5
53 0 U 52
54 1 U 53
55 1 U 54
56 0 U -1
57 1 U 56
58 0 U 22
59 1 U 58
60 1 U 59
61 1 U 60
62 1 L 23
63 1 U 62
64 0 L 25
65 0 U 64
66 0 U 65
67 1 U 7
68
0 0 U -1
1 0 U -1
2 1 L -1
3 0 U 2
4 1 L 3
5 1 U 4
6 1 U 5
7 0 U 6
8 1 L 0
9 1 U 8
10 1 U 9
11 1 U 10
12 1 U 11
13 1 U 12
14 1 U 13
15 1 L 2
16 0 U 12
17 1 U 16
18 1 U 17
19 0 U 18
20 0 U 8
21 0 L 5
22 1 L 3
23 0 L 0
24 1 U -1
25 1 U 2
26 1 U 25
27 1 U 26
28 1 U 27
29 0 U 28
30 1 L 15
31 1 U 30
32 0 U 6
33 1 U 32
34 0 L 14
35 0 U 34
36 0 U 35
37 1 U 36
38 1 U 37
39 1 U 38
40 0 U -1
41 1 U 40
42 1 U 0
43 0 U 42
44 0 U 43
45 1 U 44
46 1 U 45
47 1 L -1
48 1 U 14
49 0 U 48
50 1 U 49
51 1 U 23
52 1 U 5
53 0 U 52
54 1 U 53
55 1 U 54
56 0 U -1
57 1 U 56
58 0 U 22
59 0 L 28
60 1 U 59
61 1 U 60
62 0 L 25
63 1 U 62
64 0 L 25
65 0 U 64
66 0 U 65
67 1 U 57
68
0 0 U -1
1 0 U -1
2 1 L -1
3 0 U 2
4 1 L 3
5 1 U 4
6 1 U 5
7 0 U 6
8 1 L 0
9 1 U 8
10 1 U 9
11 1 U 10
12 1 L 2
13 1 U 12
14 1 U 13
15 1 L 2
16 0 U 12
17 1 U 16
18 1 U 17
19 0 U 18
20 0 U 8
21 1 L 4
22 1 L 3
23 0 U 22
24 1 U -1
25 1 U 2
26 1 U 25
27 1 U 26
28 1 U 27
29 0 U 28
30 1 L 15
31 0 L 22
32 0 U 6
33 1 U 7
34 0 L 14
35 0 U 34
36 0 U 35
37 1 U 36
38 1 L 18
39 1 U 38
40 0 U -1
41 1 U 40
42 1 U 0
43 0 U 42
44 0 U 10
45 1 U 44
46 1 U 45
47 1 L -1
48 1 U 14
49 0 U 48
50 1 U 49
51 1 L 26
52 1 U 5
53 0 U 52
54 1 U 53
55 1 U 54
56 0 U -1
57 1 U 56
58 0 U 22
59 1 U 58
60 1 U 59
61 1 U 60
62 1 L 23
63 1 U 62
64 0 L 25
65 0 U 64
66 0 U 65
67 1 U 57
68
0 0 U -1
1 0 U -1
2 1 L -1
3 0 U 2
4 1 L 3
5 1 U 4
6 1 U 5
7 0 U 6
8 0 U 0
9 1 U 8
10 1 U 9
11 1 U 10
12 1 U 11
13 1 U 12
14 1 U 13
15 1 L 2
16 0 U 12
17 1 U 16
18 1 U 17
19 1 L 17
20 0 U 8
21 0 L 5
22 1 L 3
23 0 U 22
24 1 U -1
25 1 U 2
26 1 U 25
27 1 U 26
28 1 U 27
29 0 U 28
30 0 L 10
31 1 U 10
32 0 U 6
33 1 U 20
34 0 L 14
35 0 U 34
36 0 U 35
37 1 U 36
38 1 U 37
39 1 U 38
40 0 U -1
41 1 U 40
42 1 U 0
43 0 U 42
44 0 U 43
45 1 U 44
46 1 U 45
47 1 L -1
48 1 U 14
49 0 L 15
50 1 U 49
51 1 U 23
52 1 L 9
53 0 U 52
54 1 U 53
55 1 U 54
56 0 U -1
57 1 U 11
58 0 U 22
59 1 U 58
60 1 U 59
61 1 U 60
62 1 L 23
63 1 U 62
64 0 L 25
65 0 U 64
66 0 U 65
67 1 U 57
68
0 0 U -1
1 0 U -1
2 1 L -1
3 0 U 2
4 1 L 3
5 1 U 4
6 1 U 5
7 0 U 6
8 1 L 0
9 1 U 8
10 1 U 9
11 1 U 10
12 1 U 11
13 1 U 12
14 1 U 13
15 1 L 2
16 0 U 12
17 1 U 16
18 1 U 17
19 0 L 11
20 0 U 8
21 1 L 16
22 1 L 3
23 0 U 22
24 1 U -1
25 1 U 2
26 1 U 25
27 1 U 26
28 1 U 27
29 0 U 28
30 1 L 15
31 1 U 30
32 0 U 6
33 1 U 32
34 0 L 14
35 0 U 34
36 0 U 35
37 1 U 36
38 1 U 37
39 1 U 38
40 0 U -1
41 1 U 40
42 1 U 0
43 0 U 42
44 0 U 43
45 1 U 44
46 1 U 45
47 1 L -1
48 1 U 14
49 0 U 48
50 0 U 39
51 1 U 23
52 1 U 5
53 0 U 52
54 1 U 53
55 1 U 54
56 0 U -1
57 1 U 56
58 0 U 22
59 1 U 58
60 1 U 59
61 1 U 60
62 1 L 23
63 1 U 62
64 0 L 25
65 0 U 64
66 0 U 65
67 1 U 57
68
0 0 U -1
1 0 L 0
2 1 L -1
3 0 U 2
4 1 U 1
5 1 U 4
6 1 U 5
7 0 U 6
8 1 L 0
9 0 L 0
10 1 U 9
11 1 U 10
12 1 U 11
13 1 U 12
14 1 U 13
15 1 L 2
16 0 U 12
17 1 U 16
18 1 U 17
19 0 U 18
20 0 U 8
21 0 L 5
22 1 L 13
23 0 U 22
24 1 U -1
25 1 U 2
26 1 U 25
27 0 L 14
28 1 U 27
29 0 U 28
30 1 L 3
31 1 U 30
32 0 U 6
33 1 U 32
34 0 L 14
35 0 U 34
36 0 U 35
37 1 U 36
38 1 U 37
39 1 U 38
40 0 U -1
41 1 U 40
42 1 U 0
43 0 U 42
44 0 U 43
45 1 U 44
46 1 U 45
47 1 L -1
48 1 L 17
49 0 U 48
50 1 U 49
51 1 U 23
52 1 U 5
53 0 U 52
54 1 U 53
55 0 U 22
56 0 U -1
57 1 U 56
58 0 U 22
59 1 U 58
60 1 U 59
61 1 L 39
62 1 L 23
63 1 U 62
64 0 L 25
65 0 U 64
66 0 U 65
67 1 U 57
68
0 0 U -1
1 0 U -1
2 0 U 1
3 0 U 2
4 1 U 0
5 1 U 4
6 1 U 5
7 0 U 6
8 1 L 0
9 1 U 8
10 1 U 9
11 1 U 10
12 1 U 11
13 1 U 12
14 1 U 13
15 1 L 2
16 0 U 12
17 1 U 16
18 1 U 17
19 0 U 18
20 0 U 8
21 0 L 5
22 1 L 3
23 0 U 22
24 1 U -1
25 1 U 2
26 1 U 25
27 1 U 26
28 1 U 27
29 0 U 28
30 0 L 24
31 1 U 30
32 0 U 6
33 1 U 32
34 0 L 14
35 0 U 34
36 0 U 35
37 1 U 36
38 1 U 37
39 0 L 28
40 1 L 29
41 1 U 40
42 1 U 0
43 0 U 42
44 0 U 43
45 1 U 44
46 1 U 45
47 1 L -1
48 1 U 14
49 0 U 48
50 1 U 49
51 1 U 23
52 0 L 30
53 0 U 52
54 1 U 53
55 1 U 54
56 0 U -1
57 1 U 56
58 1 L 49
59 0 U 28
60 1 U 59
61 1 U 60
62 0 U 9
63 0 U 40
64 0 L 1
65 0 U 64
66 0 U 65
67 1 U 57
68
0 1 U -1
1 0 U -1
2 1 L -1
3 0 U 2
4 1 L 3
5 1 U 4
6 1 U 5
7 0 U 6
8 1 L 0
9 1 U 8
10 1 L 4
11 1 U 10
12 1 U 11
13 1 U 12
14 1 U 13
15 1 L 2
16 0 U 12
17 0 U 11
18 1 U 17
19 0 U 18
20 0 U 8
21 0 L 5
22 1 L 3
23 0 U 22
24 1 U -1
25 1 U 2
26 1 U 25
27 1 U 26
28 1 U 27
29 0 U 28
30 0 U 26
31 1 U 30
32 0 U 6
33 1 U 32
34 0 L 14
35 0 U -1
36 0 U 35
37 1 U 36
38 1 U 37
39 1 U 38
40 0 U -1
41 1 U 40
42 1 U 0
43 0 U 42
44 0 U 43
45 1 U 44
46 1 U 45
47 1 L -1
48 1 U 14
49 0 U 48
50 1 U 49
51 1 U 23
52 1 U 5
53 0 U 52
54 1 U 53
55 0 U 35
56 0 U -1
57 1 U 56
58 0 U 31
59 1 U 58
60 1 U 25
61 1 U 60
62 1 L 23
63 1 U 62
64 0 L 25
65 0 U 64
66 0 U 65
67 1 U 57
68
0 0 U -1
1 0 U -1
2 0 U 1
3 1 L 0
4 1 L 3
5 1 U 4
6 1 U 5
7 0 L 0
8 1 L 1
9 1 U 8
10 1 U 9
11 1 U 10
12 1 U 11
13 1 U 12
14 1 U 13
15 1 L 2
16 0 U 12
17 1 U 16
18 1 U 17
19 0 U 18
20 0 U 8
21 0 L 5
22 1 L 3
23 1 L 4
24 1 U -1
25 0 L 2
26 1 U 25
27 1 U 26
28 1 U 27
29 0 U 28
30 0 U 3
31 1 U 30
32 0 U 6
33 1 L 8
34 0 L 14
35 0 U 34
36 0 U 35
37 1 U 36
38 1 U 37
39 1 U 38
40 0 U -1
41 1 U 40
42 1 U 0
43 0 U 42
44 0 U 43
45 1 U 44
46 1 U 45
47 1 L -1
48 1 U 14
49 0 U 48
50 1 U 49
51 1 U 23
52 1 U 5
53 0 U 52
54 1 U 53
55 1 U 54
56 0 U -1
57 0 U 5
58 0 U 22
59 1 U 58
60 1 U 59
61 1 U 60
62 1 L 23
63 0 U 12
64 0 L 25
65 0 U 64
66 0 L 25
67 1 U 57
68
0 0 U -1
1 0 U -1
2 1 L -1
3 0 U 2
4 1 L 3
5 1 U 4
6 1 U 5
7 0 U 0
8 1 L 0
9 1 U 8
10 1 U 9
11 1 U 10
12 1 U 11
13 1 U 12
14 1 U 13
15 1 L 2
16 0 U 12
17 1 U 16
18 1 U 17
19 0 U 18
20 1 L 0
21 0 L 5
22 1 L 3
23 0 U 22
24 1 U -1
25 1 U 2
26 1 U 25
27 1 U 26
28 1 U 27
29 0 U 28
30 1 L 15
31 1 U 0
32 0 U 6
33 1 U 32
34 0 L 14
35 0 U 34
36 0 U 35
37 1 U 36
38 1 U 37
39 1 U 38
40 0 U -1
41 1 L 39
42 1 U 0
43 0 U 42
44 0 U 43
45 1 U 44
46 1 U 45
47 1 L -1
48 1 U 14
49 0 U 48
50 1 U 49
51 1 U 23
52 1 U 5
53 0 U 52
54 1 U 53
55 1 U 54
56 1 L 3
57 1 U 56
58 0 U 22
59 1 U 58
60 1 U 59
61 1 U 60
62 1 L 23
63 1 U 62
64 0 L 25
65 0 U 64
66 0 U 65
67 1 U 57
68
0 0 U -1
1 0 U -1
2 1 L -1
3 0 U 2
4 1 L 3
5 1 U 4
6 1 U 5
7 0 U 6
8 1 L 0
9 1 U 8
10 1 U 9
11 1 U 10
12 1 U 11
13 0 U 9
14 1 U 13
15 1 L 2
16 0 U 12
17 1 U 16
18 0 U 8
19 0 U 18
20 0 U 8
21 0 L 5
22 1 L 3
23 1 U 14
24 1 U -1
25 1 U 2
26 1 U 25
27 1 U 26
28 1 U 27
29 0 U 28
30 1 L 15
31 1 U 30
32 0 U 6
33 1 U 32
34 0 L 14
35 0 U 34
36 0 U 35
37 1 U 36
38 1 U 37
39 1 U 38
40 0 U -1
41 1 U 40
42 1 U 0
43 0 U 42
44 0 U 43
45 1 U 44
46 1 U 45
47 1 L -1
48 1 U 14
49 0 U 48
50 1 U 49
51 1 U 23
52 1 U 5
53 0 U 52
54 1 U 53
55 1 U 54
56 0 U -1
57 1 U 56
58 0 U 22
59 1 U 58
60 1 U 59
61 1 U 60
62 1 U 37
63 1 U 62
64 0 L 25
65 0 U 64
66 0 U 65
67 1 U 57
68
0 0 U -1
1 0 U -1
2 1 L -1
3 0 U 2
4 1 L 3
5 1 U 4
6 1 U 5
7 0 U 6
8 1 L 0
9 1 U 8
10 1 U 9
11 1 U 10
12 1 U 11
13 1 U 12
14 1 U 13
15 1 L 2
16 0 U 12
17 1 U 16
18 1 U 17
19 0 U 18
20 0 U 8
21 1 U 16
22 1 L 3
23 1 L 22
24 1 U -1
25 1 U 2
26 1 U 25
27 1 U 26
28 1 U 27
29 0 U 28
30 1 L 15
31 1 U 30
32 0 U 6
33 1 U 32
34 0 L 14
35 0 U 34
36 0 U 35
37 1 U 36
38 1 U 37
39 1 U 38
40 0 U -1
41 1 U 40
42 1 U 0
43 0 U 42
44 0 U 43
45 1 U 44
46 0 U 18
47 1 L -1
48 1 U 14
49 0 U 48
50 1 U 49
51 1 U 23
52 1 L 23
53 0 U 52
54 1 U 53
55 1 U 54
56 0 U -1
57 1 U 56
58 0 U 22
59 1 U 58
60 1 U 59
61 1 U 60
62 0 L 60
63 1 U 62
64 0 L 25
65 0 U 64
66 0 U 65
67 1 U 57
68
0 0 U -1
1 0 U -1
2 1 L -1
3 0 U 2
4 1 L 3
5 1 U 4
6 1 U 5
7 0 U 6
8 1 L 0
9 0 L 1
10 1 U 9
11 1 U 10
12 1 U 11
13 0 U 11
14 1 U 13
15 1 L 2
16 0 U 12
17 1 U 16
18 1 U 17
19 0 U 18
20 0 U 8
21 0 L 5
22 1 L 3
23 0 U 22
24 1 U -1
25 1 U 2
26 1 U 25
27 1 U 26
28 1 U 27
29 0 U 28
30 1 L 15
31 1 U 30
32 0 U 6
33 1 U 32
34 0 L 14
35 1 L 29
36 0 U 35
37 1 U 36
38 1 U 37
39 1 U 38
40 0 U -1
41 1 U 40
42 0 U 33
43 0 U 42
44 0 U 43
45 1 U 44
46 1 U 45
47 1 L -1
48 1 U 14
49 0 U 48
50 1 U 49
51 1 U 23
52 1 U 5
53 0 U 52
54 0 U 16
55 1 U 54
56 0 U -1
57 1 U 56
58 0 U 22
59 1 U 58
60 1 U 59
61 1 U 60
62 1 L 23
63 1 U 62
64 0 L 25
65 0 U 64
66 0 U 65
67 1 U 57
68
0 0 U -1
1 0 U -1
2 1 L -1
3 0 U 2
4 1 L 3
5 1 U 4
6 1 U 5
7 1 L 5
8 1 L 0
9 1 U 8
10 1 U 7
11 1 U 10
12 1 U 11
13 1 U 12
14 1 U 13
15 1 L 2
16 0 U 12
17 1 U 16
18 1 U 17
19 0 U 18
20 0 U 8
21 0 L 5
22 1 L 3
23 0 U 22
24 1 U -1
25 1 U 2
26 1 U 25
27 1 U 26
28 1 U 27
29 0 U 28
30 1 L 15
31 1 U 30
32 1 U 2
33 1 U 32
34 0 L 14
35 0 U 34
36 0 U 35
37 1 U 36
38 1 U 37
39 1 U 38
40 0 U -1
41 1 U 40
42 1 U 7
43 0 U 42
44 0 U 43
45 1 U 44
46 1 U 45
47 1 L -1
48 1 U 14
49 1 U 18
50 1 U 49
51 1 U 23
52 1 U 5
53 0 U 52
54 0 L 3
55 1 U 54
56 0 U -1
57 1 U 56
58 0 U 22
59 1 U 58
60 1 U 59
61 1 U 60
62 1 L 23
63 1 U 62
64 0 L 25
65 0 U 64
66 0 U 65
67 1 U 57
68
0 0 U -1
1 0 U -1
2 1 L -1
3 0 U 2
4 1 L 3
5 1 U 4
6 1 U 5
7 0 U 6
8 1 L 0
9 1 U 8
10 1 U 9
11 1 U 10
12 1 U 11
13 1 U 12
14 0 L 10
15 1 L 2
16 0 U 12
17 1 U 16
18 1 U 17
19 0 U 18
20 0 U 8
21 0 L 5
22 1 L 3
23 0 U 22
24 1 U -1
25 1 U 2
26 1 U 25
27 1 U 26
28 1 U 12
29 0 U 28
30 1 L 15
31 1 U 30
32 0 U 6
33 1 U 32
34 0 L 14
35 0 U 34
36 0 U 35
37 1 U 36
38 1 U 37
39 1 U 19
40 0 U -1
41 0 U 35
42 1 U 11
43 0 U 42
44 0 U 43
45 1 U 44
46 1 U 45
47 1 L -1
48 1 U 14
49 0 U 48
50 1 U 49
51 1 U 23
52 1 L 27
53 0 U 52
54 1 U 53
55 1 U 54
56 0 U -1
57 1 U 56
58 0 U 22
59 1 U 58
60 1 U 59
61 1 U 60
62 1 L 23
63 1 U 62
64 0 L 25
65 0 U 64
66 0 U 65
67 1 U 57
68
0 0 U -1
1 0 U -1
2 1 L -1
3 1 L -1
4 1 L 3
5 1 U 4
6 1 U 5
7 0 U 6
8 1 L 0
9 1 U 8
10 1 U 9
11 1 U 10
12 1 U 11
13 1 U 12
14 1 U 13
15 1 U 12
16 0 U 12
17 0 U 11
18 1 U 17
19 0 U 18
20 0 U 8
21 0 L 5
22 1 L 3
23 0 U 22
24 1 U -1
25 1 U 2
26 1 U 25
27 0 L 24
28 1 L 3
29 0 U 28
30 1 L 15
31 1 U 30
32 0 U 6
33 1 L 15
34 0 U 31
35 0 U 34
36 0 U 35
37 1 U 36
38 1 U 37
39 1 U 38
40 0 U -1
41 1 U 40
42 1 U 0
43 0 U 42
44 0 U 43
45 0 L 30
46 1 U 45
47 1 L -1
48 1 U 14
49 0 U 48
50 1 U 40
51 1 U 23
52 1 U 5
53 0 U 52
54 1 U 53
55 1 U 54
56 0 U -1
57 1 U 56
58 0 U 22
59 1 U 58
60 1 U 59
61 1 U 60
62 1 L 23
63 1 U 62
64 0 L 25
65 0 U 64
66 0 U 65
67 1 U 57
68
0 0 U -1
1 0 U -1
2 1 L -1
3 0 U 2
4 1 L 3
5 1 U -1
6 1 U 5
7 0 U 6
8 1 L 0
9 1 U 8
10 1 U 9
11 1 U 10
12 1 U 11
13 1 U 12
14 1 U 13
15 1 L 2
16 0 U 12
17 1 U 16
18 1 U 17
19 0 U 18
20 0 U 8
21 1 L 19
22 1 L 3
23 0 U 22
24 1 U -1
25 1 U 2
26 1 U 25
27 1 U 26
28 1 U 27
29 1 U 9
30 1 L 28
31 1 U 30
32 0 U 6
33 1 U 5
34 0 L 14
35 0 U 34
36 0 U 35
37 1 U 36
38 1 U 37
39 1 U 38
40 0 U -1
41 1 U 40
42 1 U 0
43 1 U 37
44 0 U 43
45 1 U 44
46 1 U 39
47 1 L -1
48 1 U 14
49 0 U 48
50 1 U 49
51 1 U 23
52 1 U 5
53 0 U 52
54 1 U 53
55 1 U 54
56 0 L 4
57 1 U 56
58 0 U 22
59 1 U 58
60 1 U 59
61 1 U 60
62 1 L 23
63 1 U 62
64 0 L 25
65 0 U 64
66 0 U 65
67 0 L 11
68
0 0 U -1
1 0 L 0
2 1 L -1
3 0 U 2
4 1 L 3
5 1 U 4
6 1 U 5
7 0 U 6
8 1 L 0
9 1 U 8
10 1 U 9
11 1 U 10
12 1 U 11
13 1 U 12
14 1 U 13
15 1 L 2
16 1 L 2
17 0 U 5
18 1 U 17
19 0 U 18
20 0 U 8
21 0 L 5
22 1 L 3
23 0 U 22
24 1 U -1
25 1 U 2
26 1 U 25
27 1 U 26
28 1 U 27
29 0 U 28
30 1 L 15
31 1 U 30
32 0 U 6
33 1 U 32
34 0 L 30
35 0 U 34
36 0 U 35
37 1 U 36
38 1 U 22
39 1 U 38
40 0 U -1
41 1 U 40
42 1 U 0
43 1 L 21
44 0 U 43
45 1 U 44
46 1 U 45
47 1 L -1
48 1 U 14
49 0 U 48
50 1 U 49
51 1 U 23
52 0 L 41
53 0 U 52
54 1 U 53
55 1 U 54
56 0 U -1
57 1 U 56
58 0 U 22
59 1 U 58
60 1 U 59
61 1 U 60
62 1 L 23
63 1 U 62
64 0 L 25
65 0 U 64
66 0 U 65
67 1 U 57
68
0 0 U -1
1 0 U -1
2 1 L -1
3 0 U 2
4 1 L 3
5 1 U 4
6 1 U 5
7 0 U 6
8 1 L 7
9 1 U 8
10 1 L 7
11 1 U 10
12 1 U 11
13 1 U 12
14 1 U 13
15 1 L 2
16 0 U 12
17 1 U 16
18 1 U 17
19 0 U 18
20 0 U 8
21 0 L 5
22 1 L 3
23 0 U 22
24 1 U -1
25 1 U 2
26 1 U 25
27 1 U 26
28 1 U 27
29 1 L 10
30 0 L 21
31 1 U 21
32 0 U 6
33 1 U 32
34 0 U 7
35 0 U 34
36 0 U 35
37 1 U 36
38 1 U 37
39 1 U 38
40 0 U -1
41 1 U 40
42 1 U 0
43 0 U 42
44 0 U 43
45 1 U 44
46 1 U 45
47 1 L -1
48 1 U 14
49 0 U 48
50 0 L 34
51 1 U 6
52 1 U 5
53 0 U 52
54 1 U 53
55 1 U 54
56 0 U -1
57 1 U 56
58 0 U 22
59 1 U 58
60 1 U 59
61 1 U 60
62 1 L 23
63 1 U 62
64 0 L 25
65 0 U 64
66 0 U 65
67 1 U 57
68
0 0 U -1
1 0 U -1
2 1 L -1
3 0 U 2
4 1 L 3
5 1 U 4
6 1 U 5
7 0 U 6
8 1 L 0
9 1 U 8
10 1 U 9
11 1 U 10
12 1 U 11
13 1 U 12
14 1 U 13
15 1 L 2
16 0 U 12
17 1 U 16
18 1 U 17
19 0 U 18
20 0 U 8
21 0 L 5
22 1 L 3
23 0 U 22
24 1 U -1
25 1 U 2
26 1 U 25
27 1 U 26
28 1 U 27
29 0 L 16
30 1 L 15
31 1 U 30
32 0 U 6
33 1 U 32
34 0 L 14
35 0 U 34
36 0 U 35
37 1 U 36
38 1 U 37
39 1 U 38
40 0 L 29
41 1 L 33
42 1 U 0
43 0 U 42
44 0 U 43
45 1 U 44
46 0 L 36
47 1 L -1
48 1 U 14
49 1 L 21
50 0 L 46
51 1 U 23
52 1 U 5
53 0 U 52
54 1 U 53
55 1 U 54
56 0 U -1
57 1 L 13
58 0 U 22
59 0 U 58
60 1 U 59
61 1 U 60
62 1 L 23
63 1 U 62
64 0 L 25
65 0 U 64
66 0 U 65
67 0 L 34
68
0 0 U -1
1 0 U -1
2 1 L -1
3 0 U 2
4 1 L 3
5 1 U 4
6 1 U 5
7 0 U 6
8 1 L 0
9 1 U 8
10 1 U 9
11 1 U 10
12 1 U 11
13 1 U 12
14 1 U 13
15 1 L 2
16 1 L 6
17 1 U 16
18 1 U 17
19 0 U 18
20 0 U 8
21 0 L 5
22 1 L 3
23 0 U 22
24 1 U -1
25 1 U 2
26 1 U 25
27 1 U 26
28 1 U 27
29 0 U 28
30 1 L 15
31 0 L 7
32 0 U 6
33 1 U 32
34 0 L 14
35 1 L 6
36 1 U 26
37 1 U 36
38 1 U 37
39 1 U 38
40 0 U -1
41 0 U 14
42 1 U 0
43 0 U 42
44 0 U 43
45 1 U 44
46 1 U 45
47 1 L 22
48 1 L 29
49 0 U 48
50 1 U 49
51 1 U 23
52 1 U 5
53 0 U 52
54 1 U 53
55 1 U 30
56 0 U -1
57 1 U 56
58 0 U 22
59 1 U 58
60 1 U 59
61 1 U 60
62 1 L 23
63 1 U 62
64 0 L 25
65 0 U 64
66 0 U 65
67 1 U 57
68
0 0 L -1
1 0 U -1
2 1 L -1
3 0 U 2
4 1 L 3
5 1 U 4
6 1 U 5
7 0 U 6
8 1 L 0
9 1 U 8
10 1 U 9
11 1 U 10
12 1 U 11
13 1 L 8
14 1 U 13
15 1 L 2
16 0 U 12
17 1 U 16
18 1 U 17
19 0 L 1
20 0 U 8
21 0 L 5
22 1 L 3
23 0 U 22
24 1 U -1
25 1 U 2
26 1 U 25
27 0 L 20
28 1 U 27
29 0 U 28
30 1 L 15
31 1 U 30
32 0 U 6
33 1 U 32
34 0 U 13
35 0 U 6
36 0 U 35
37 1 U 36
38 1 U 37
39 1 U 38
40 0 U -1
41 1 U 40
42 1 U 0
43 0 U 42
44 0 U 43
45 1 U 44
46 1 U 45
47 1 L -1
48 1 U 14
49 0 U 48
50 1 U 49
51 1 U 23
52 1 U 32
53 0 U 52
54 1 U 53
55 1 U 54
56 0 U -1
57 1 U 56
58 0 U 22
59 1 U 47
60 1 U 59
61 1 U 60
62 1 L 23
63 1 U 62
64 0 L 25
65 0 U 64
66 0 U 65
67 1 U 57
68
0 0 U -1
1 0 U -1
2 1 L -1
3 1 L -1
4 1 L 3
5 1 U 4
6 0 U 5
7 1 U 3
8 1 L 0
9 1 U 8
10 1 U 9
11 1 U 10
12 1 U 11
13 0 U 8
14 1 U 13
15 1 L 2
16 0 U 12
17 1 U 16
18 1 U 17
19 0 U 18
20 1 L 15
21 0 L 5
22 1 L 3
23 0 U 22
24 1 U -1
25 1 U 2
26 1 U 25
27 1 U 26
28 1 U 27
29 0 U 28
30 1 L 15
31 1 U 30
32 0 U 6
33 1 U 32
34 0 L 14
35 0 U 34
36 0 U 35
37 1 U 36
38 1 U 37
39 1 U 1
40 0 U -1
41 1 U 40
42 1 U 0
43 0 U 42
44 0 U 43
45 1 U 44
46 1 U 45
47 1 L -1
48 1 U 14
49 0 U 48
50 1 U 49
51 1 U 23
52 1 U 5
53 0 U 52
54 1 U 53
55 0 L 9
56 0 U -1
57 1 U 56
58 0 U 22
59 1 U 58
60 1 U 59
61 1 U 60
62 1 L 23
63 1 U 62
64 0 L 25
65 0 U 64
66 0 U 65
67 1 U 57
68
0 0 U -1
1 0 U -1
2 1 L -1
3 0 U 2
4 1 L 3
5 1 U 4
6 1 U 5
7 0 U 6
8 1 L 0
9 0 U 4
10 1 U 9
11 1 U 10
12 1 U 11
13 1 U 12
14 1 U 13
15 1 L 2
16 0 U 12
17 1 U 16
18 1 U 17
19 0 U 18
20 0 U 8
21 0 U 6
22 1 L 3
23 0 U 22
24 1 U -1
25 1 U 2
26 1 U 25
27 1 U 26
28 1 U 27
29 0 U 28
30 1 L 15
31 1 U 30
32 1 L 14
33 1 U 32
34 0 L 14
35 1 L 26
36 0 U 35
37 1 U 36
38 1 U 37
39 1 U 38
40 0 U -1
41 1 U 40
42 1 U 0
43 0 U 42
44 0 U 43
45 1 U 36
46 1 U 45
47 1 L -1
48 1 U 14
49 0 U 48
50 1 U 49
51 1 U 23
52 1 U 5
53 0 U 52
54 1 U 53
55 1 U 54
56 0 U -1
57 1 U 56
58 0 U 22
59 1 U 58
60 1 U 59
61 1 U 60
62 0 U 55
63 1 L 11
64 0 L 25
65 0 U 64
66 0 U 65
67 1 U 57
68
0 0 U -1
1 0 U -1
2 1 L -1
3 0 U 2
4 0 U 0
5 1 U 0
6 1 U 5
7 0 U 6
8 1 L 0
9 1 U 8
10 1 U 9
11 1 U 10
12 1 U 11
13 1 U 12
14 1 U 3
15 1 L 2
16 0 U 12
17 1 U 16
18 1 U 17
19 0 U 18
20 0 U 8
21 0 L 5
22 1 L 3
23 0 U 22
24 1 U -1
25 1 U 2
26 1 U 25
27 1 U 26
28 1 U 27
29 0 U 28
30 0 L 2
31 1 U 30
32 0 U 6
33 1 U 32
34 0 L 14
35 0 U 34
36 0 U 35
37 1 U 36
38 1 L 32
39 1 U 38
40 0 U -1
41 1 U 40
42 1 U 0
43 0 U 42
44 0 U 43
45 1 U 44
46 1 U 45
47 1 L -1
48 1 U 14
49 0 U 48
50 1 U 49
51 1 U 23
52 1 U 5
53 0 U 52
54 1 U 25
55 1 U 54
56 0 U -1
57 1 U 56
58 0 U 22
59 1 U 58
60 1 U 59
61 1 U 60
62 1 L 23
63 1 U 62
64 0 L 25
65 0 U 64
66 0 U 65
67 1 U 57
68
0 0 U -1
1 0 U -1
2 1 L -1
3 0 U 2
4 1 L 2
5 1 U 4
6 1 U 5
7 0 U 6
8 1 L 0
9 1 U 8
10 1 U 9
11 1 U 10
12 1 U 11
13 1 U 12
14 1 U 13
15 1 L 2
16 0 U 12
17 1 U 16
18 1 U 17
19 0 U 18
20 0 U 8
21 0 L 5
22 1 L 3
23 0 U 22
24 1 U -1
25 1 U 2
26 1 U 25
27 1 U 26
28 1 U 27
29 0 U 28
30 1 L 15
31 1 U 30
32 0 U 6
33 1 U 32
34 0 L 14
35 0 U 34
36 0 U 35
37 1 U 36
38 1 U 37
39 1 U 38
40 0 L 33
41 1 U 40
42 1 U 0
43 0 U 42
44 0 U 43
45 1 U 44
46 1 U 45
47 1 L -1
48 1 U 14
49 0 U 48
50 1 U 49
51 1 U 23
52 1 U 5
53 0 U 52
54 1 U 53
55 0 U 10
56 0 U -1
57 1 U 56
58 0 U 22
59 1 U 58
60 1 U 59
61 1 U 51
62 1 L 23
63 1 U 62
64 0 L 25
65 0 U 64
66 0 U 65
67 1 U 57
68
0 0 U -1
1 0 U -1
2 1 L -1
3 0 U 2
4 1 L 3
5 1 U 4
6 1 U 5
7 0 U 6
8 1 L 0
9 1 U 8
10 1 U 9
11 1 U 10
12 1 U 11
13 1 U 12
14 1 U 13
15 1 L 2
16 0 U 12
17 1 U 16
18 1 U 17
19 0 U 18
20 0 U 8
21 0 L 5
22 1 L 3
23 0 U 22
24 1 U -1
25 1 U 2
26 1 U 25
27 1 U 26
28 1 U 27
29 0 U 28
30 1 L 15
31 1 U 30
32 0 U 6
33 1 U 32
34 0 L 14
35 0 U 34
36 0 U 35
37 1 U 36
38 1 U 11
39 1 U 38
40 0 U -1
41 1 U 40
42 1 U 0
43 0 U 42
44 0 U 43
45 1 U 44
46 1 U 45
47 1 L -1
48 1 U 14
49 0 U 48
50 1 U 49
51 1 U 23
52 1 U 5
53 0 U 52
54 1 U 53
55 1 U 54
56 0 U -1
57 1 U 56
58 0 U 22
59 1 U 58
60 1 U 59
61 1 U 60
62 1 L 23
63 1 U 62
64 0 L 25
65 0 U 64
66 0 L 29
67 1 U 57
68
0 0 U -1
1 0 U -1
2 1 L -1
3 0 U 2
4 1 L 3
5 0 L 0
6 1 U 5
7 0 U 6
8 0 U 3
9 1 U 8
10 1 U 9
11 1 U 10
12 1 U 11
13 1 U 12
14 1 U 13
15 1 L 2
16 0 U 12
17 1 U 6
18 1 U 17
19 0 U 18
20 0 U 8
21 0 L 5
22 1 L 3
23 1 U 1
24 1 U -1
25 1 U 2
26 1 U 25
27 1 U 26
28 1 U 27
29 0 U 28
30 1 L 15
31 1 U 30
32 0 U 6
33 1 U 32
34 0 L 14
35 0 U 34
36 0 U 19
37 1 U 36
38 1 U 37
39 1 U 38
40 0 U -1
41 1 U 40
42 1 U 0
43 0 U 42
44 0 U 43
45 1 U 44
46 1 U 45
47 1 L -1
48 0 U 41
49 0 U 48
50 1 U 49
51 1 U 23
52 1 U 5
53 0 U 52
54 1 U 53
55 1 U 54
56 0 U -1
57 1 U 56
58 0 U 22
59 1 U 58
60 1 U 59
61 1 U 60
62 1 L 23
63 1 U 62
64 0 L 25
65 0 U 64
66 0 U 65
67 1 U 57
68
0 0 U -1
1 0 U -1
2 1 L -1
3 0 U 2
4 1 L 3
5 0 L 0
6 1 U 5
7 0 U 6
8 0 U 3
9 1 U 8
10 1 U 9
11 1 U 10
12 1 U 11
13 0 L 4
14 1 U 13
15 1 L 2
16 0 U 12
17 1 U 6
18 1 U 17
19 0 U 18
20 0 U 8
21 0 L 5
22 1 L 3
23 1 U 1
24 1 U -1
25 1 U 2
26 1 U 25
27 1 U 26
28 0 L 2
29 0 U 28
30 1 L 15
31 1 U 30
32 0 U 6
33 1 U 32
34 0 L 14
35 0 U 34
36 1 L 5
37 1 U 36
38 1 U 37
39 1 U 38
40 0 U -1
41 1 U 40
42 1 U 0
43 0 U 42
44 0 U 43
45 1 U 44
46 1 U 45
47 1 L -1
48 1 L 0
49 1 L 31
50 1 U 49
51 0 U 45
52 1 U 5
53 0 U 52
54 1 U 53
55 1 U 54
56 0 U -1
57 1 U 56
58 0 U 22
59 1 U 58
60 1 U 58
61 1 U 60
62 0 L 60
63 1 U 62
64 0 L 25
65 1 U 36
66 0 U 65
67 1 U 57
68
0 0 U -1
1 0 U -1
2 1 L -1
3 0 U 2
4 1 U 0
5 0 L 0
6 1 U 5
7 0 U 6
8 0 U 3
9 0 U 6
10 1 U 8
11 1 U 10
12 1 U 11
13 1 U 12
14 1 U 13
15 1 L 2
16 0 U 12
17 1 U 6
18 1 U 17
19 0 U 18
20 0 U 8
21 0 L 6
22 1 L 3
23 1 U 1
24 1 U -1
25 1 U 2
26 1 U 25
27 1 U 26
28 1 U 27
29 0 U 28
30 1 L 15
31 1 U 30
32 0 U 6
33 1 U 32
34 0 L 14
35 0 U 34
36 0 U 19
37 1 U 36
38 1 U 37
39 1 U 38
40 0 U -1
41 1 U 40
42 1 U 0
43 0 U 42
44 0 U 43
45 1 U 44
46 1 U 45
47 1 L -1
48 0 U 41
49 0 U 48
50 1 U 49
51 1 U 23
52 1 U 5
53 0 U 52
54 1 U 53
55 1 L 30
56 0 U -1
57 1 U 56
58 0 U 22
59 1 U 58
60 1 U 59
61 1 U 60
62 1 L 23
63 1 U 62
64 0 L 25
65 0 U 64
66 0 L 18
67 1 U 57
68
0 0 U -1
1 0 U -1
2 1 L -1
3 0 U 2
4 1 L 3
5 0 L 0
6 1 U 5
7 0 U 6
8 0 U 3
9 1 U 8
10 0 L 4
11 1 U 10
12 1 U 11
13 1 U 12
14 1 U 13
15 1 L 2
16 0 U 12
17 1 U 6
18 1 U 17
19 0 U 18
20 0 U 8
21 0 L 5
22 1 L 3
23 1 U 1
24 1 U -1
25 1 U 2
26 1 U 25
27 1 U 26
28 0 L 10
29 0 U 28
30 1 L 15
31 1 U 30
32 0 U 6
33 1 U 32
34 0 L 14
35 0 U 34
36 0 U 19
37 1 U 36
38 1 U 37
39 1 U 38
40 0 U -1
41 1 U 40
42 1 U 0
43 0 U 42
44 0 U 43
45 1 U 44
46 1 U 45
47 1 L -1
48 0 U 41
49 0 U 48
50 1 U 49
51 1 U 23
52 1 U 5
53 0 U 52
54 1 U 53
55 1 U 54
56 0 U -1
57 1 U 56
58 0 U 22
59 1 U 58
60 1 U 59
61 1 L 43
62 1 L 23
63 1 U 62
64 0 L 25
65 0 U 64
66 0 U 65
67 1 U 57
68
0 0 U -1
1 0 U -1
2 1 L -1
3 1 L 2
4 1 L 3
5 0 L 0
6 1 U 5
7 0 U 6
8 1 U -1
9 1 U 8
10 1 U 9
11 1 U 10
12 1 U 11
13 1 U 12
14 1 U 13
15 1 L 2
16 0 U 12
17 1 U 6
18 1 U 17
19 0 U 18
20 0 U 8
21 0 L 5
22 1 L 3
23 1 U 1
24 1 L 19
25 1 U 2
26 1 U 25
27 1 U 26
28 1 U 27
29 0 U 28
30 0 L 15
31 1 U 30
32 0 U 6
33 1 U 32
34 0 L 14
35 0 U 34
36 0 U 19
37 1 U 36
38 1 U 37
39 0 U -1
40 0 U -1
41 1 L 1
42 1 U 0
43 0 U 42
44 0 U 43
45 1 L 27
46 1 U 45
47 0 U 42
48 0 U 41
49 0 U 48
50 1 U 49
51 1 U 23
52 1 U 5
53 0 U 52
54 1 U 53
55 1 U 54
56 0 U -1
57 0 L 7
58 0 U 22
59 1 U 58
60 0 U 26
61 1 U 60
62 0 L 33
63 1 U 62
64 0 L 25
65 0 U 64
66 0 U 65
67 1 U 57
68
0 0 U -1
1 0 U -1
2 1 L -1
3 1 L 1
4 1 L 3
5 0 L 0
6 1 U 5
7 0 U 6
8 0 U 3
9 1 U 8
10 1 U 9
11 1 U 10
12 1 U 11
13 1 U 12
14 1 U 7
15 1 L 11
16 0 U 12
17 1 U 6
18 1 U 17
19 0 U 18
20 0 U 8
21 0 L 5
22 1 L 3
23 1 U 1
24 1 U -1
25 1 U 2
26 1 U 25
27 1 U 26
28 1 U 27
29 0 U 28
30 1 L 15
31 1 U 30
32 0 U 6
33 1 U 32
34 0 L 14
35 0 U 34
36 0 U 19
37 1 U 36
38 1 U 37
39 1 U 38
40 0 U -1
41 1 U 40
42 1 U 0
43 0 U 42
44 0 U 43
45 1 U 44
46 1 U 45
47 1 L -1
48 0 U 41
49 0 U 48
50 1 U 49
51 1 U 23
52 1 U 5
53 0 U 52
54 1 U 53
55 1 U 54
56 0 L 39
57 0 L 17
58 0 U 22
59 1 U 58
60 1 U 59
61 1 U 60
62 1 L 23
63 1 U 62
64 0 L 25
65 0 U -1
66 0 U 65
67 1 U 57
68
0 0 U -1
1 0 L 0
2 1 U -1
3 0 U 2
4 1 L 3
5 0 L 0
6 1 U 5
7 0 U 6
8 0 U 3
9 1 U 8
10 1 U 9
11 1 U 10
12 1 U 11
13 1 U 12
14 1 U 13
15 1 L 2
16 0 U 12
17 1 L 0
18 1 U 17
19 0 U 18
20 0 U 8
21 0 L 5
22 1 L 3
23 1 U 1
24 1 U -1
25 1 U 2
26 1 U 25
27 1 U 26
28 1 U 27
29 0 U 28
30 1 L 15
31 1 U 30
32 0 U 16
33 1 U 14
34 0 L 14
35 0 U 34
36 0 U 19
37 1 U 36
38 1 U 37
39 1 U 38
40 0 U -1
41 1 U 40
42 1 U 0
43 0 U 42
44 0 U 43
45 1 L 41
46 1 U 28
47 1 L -1
48 0 U 41
49 0 U 48
50 1 U 49
51 1 U 23
52 1 U 5
53 0 U 52
54 1 U 53
55 1 U 54
56 0 U -1
57 1 U 56
58 0 U 22
59 1 U 58
60 1 U 59
61 1 U 60
62 1 L 23
63 1 U 62
64 0 U 14
65 0 U 55
66 0 U 65
67 1 U 57
68
0 0 U -1
1 0 U -1
2 1 L -1
3 0 U 2
4 1 L 3
5 0 L 0
6 1 U 5
7 0 L 1
8 0 U 3
9 1 U 8
10 1 U 9
11 1 U 1
12 1 U 11
13 1 U 12
14 1 U 13
15 1 L 2
16 0 U 15
17 1 U 6
18 1 U 17
19 0 U 18
20 0 U 8
21 0 L 5
22 1 L 3
23 1 U 1
24 1 U -1
25 1 U 2
26 1 U 25
27 1 U 26
28 1 U 27
29 0 U 28
30 1 L 15
31 1 U 30
32 0 U 6
33 0 U 27
34 0 L 14
35 0 U 34
36 0 U 19
37 1 U 36
38 1 U 37
39 1 U 38
40 0 U -1
41 1 U 40
42 1 U 0
43 0 U 42
44 0 U 43
45 1 U 44
46 1 U -1
47 1 L -1
48 0 U 41
49 0 U 48
50 1 U 49
51 1 U 23
52 1 U 5
53 0 U 52
54 1 U 53
55 1 U 54
56 0 U -1
57 1 U 56
58 0 U 22
59 1 U 58
60 1 U 59
61 1 U 60
62 1 L 23
63 1 U 62
64 0 L 51
65 0 U 64
66 0 L 55
67 1 U 57
68
0 0 U -1
1 0 U -1
2 1 L -1
3 0 U 2
4 1 L 3
5 0 L 0
6 1 U 5
7 0 U 6
8 0 U 3
9 1 U 8
10 1 U 9
11 1 U 10
12 1 U 11
13 1 U 12
14 1 U 13
15 1 L 2
16 0 U 12
17 1 U 6
18 0 U 12
19 0 U 18
20 0 U 8
21 0 L 5
22 1 L 3
23 1 U 1
24 1 U -1
25 1 U 2
26 1 U 25
27 0 L 23
28 1 U 27
29 0 U 28
30 1 L 15
31 1 U 30
32 0 U 6
33 1 U 32
34 0 U 6
35 0 U 34
36 0 U 30
37 1 U 36
38 1 U 12
39 1 U 38
40 0 U -1
41 1 L 37
42 1 U 0
43 0 U 42
44 0 U 43
45 1 U 44
46 1 U 45
47 1 L -1
48 0 U 41
49 0 U 48
50 1 U 49
51 1 U 23
52 1 U 5
53 0 L 19
54 1 U 53
55 1 U 54
56 0 U -1
57 1 U 56
58 0 U 22
59 1 U 58
60 1 U 59
61 1 U 16
62 0 U 2
63 1 U 62
64 0 L 25
65 0 U 64
66 0 U 65
67 1 U 57
68
0 0 U -1
1 0 U -1
2 1 L -1
3 1 L 2
4 1 L 3
5 0 L 0
6 1 U 5
7 0 U 6
8 0 U 3
9 1 U 8
10 1 U 9
11 1 U 10
12 1 U 11
13 1 U 12
14 1 U 13
15 1 L 2
16 0 U 12
17 1 U 6
18 1 U 17
19 0 U 18
20 0 U 8
21 0 L 5
22 1 L 3
23 1 U 1
24 1 U -1
25 1 U 2
26 1 U 25
27 0 U 18
28 1 U 27
29 0 U 28
30 1 L 15
31 1 U 30
32 0 U 6
33 1 U 32
34 0 L 14
35 0 U 34
36 0 U 19
37 1 U 36
38 1 U 37
39 1 U 38
40 0 U -1
41 1 U 40
42 1 U 0
43 0 U 42
44 0 U 43
45 1 U 44
46 1 U 45
47 1 L -1
48 0 U 41
49 0 U 48
50 1 U 49
51 1 U 35
52 1 U 5
53 0 U 52
54 1 U 53
55 1 U 54
56 0 U -1
57 1 U 56
58 0 U 22
59 1 U 58
60 1 U 59
61 1 U 60
62 1 L 23
63 1 L 53
64 0 L 25
65 0 U 64
66 0 U 65
67 1 U 57
68
0 0 L -1
1 0 U -1
2 1 L -1
3 0 L 1
4 1 L 3
5 0 L 0
6 0 U 3
7 0 U 6
8 0 U 3
9 1 U 8
10 1 U 9
11 1 U 10
12 1 U 11
13 1 U 12
14 1 U 13
15 1 L 2
16 0 U 12
17 1 U 6
18 1 U 17
19 0 U 18
20 0 U 8
21 1 U 10
22 1 L 3
23 0 U 20
24 1 U -1
25 1 U 2
26 1 L 0
27 1 U 26
28 1 U 27
29 0 U 28
30 1 L 15
31 1 U 30
32 0 U 6
33 1 U 32
34 0 L 14
35 0 U 34
36 0 L 17
37 1 U 36
38 1 U 37
39 1 U 38
40 0 U 34
41 1 U 40
42 1 U 0
43 0 U 42
44 0 U 43
45 1 U 44
46 1 U 45
47 1 L -1
48 1 U 31
49 0 U 48
50 1 U 49
51 1 U 23
52 1 U 5
53 0 U 52
54 1 U 53
55 1 U 54
56 0 U -1
57 1 U 56
58 0 U 22
59 1 U 58
60 1 U 59
61 1 U 60
62 1 L 23
63 1 U 62
64 0 L 25
65 0 U 64
66 0 U 65
67 1 U 57
68
0 0 U -1
1 0 U -1
2 1 L -1
3 0 U 2
4 1 L 3
5 0 U 4
6 1 U 5
7 0 U 6
8 0 U 3
9 1 U 8
10 1 U 9
11 1 U 10
12 1 U 11
13 1 U 12
14 1 U 13
15 1 L 2
16 0 U 12
17 1 U 6
18 1 U 17
19 0 U 18
20 0 U 8
21 0 L 5
22 1 L 3
23 1 U 1
24 1 U -1
25 1 U 2
26 1 U 25
27 1 U 26
28 0 L 20
29 0 U 28
30 1 L 15
31 1 U 30
32 0 U 6
33 1 U 32
34 1 U 1
35 0 U 34
36 0 U 19
37 1 U 36
38 1 U 37
39 1 U 38
40 0 U -1
41 1 U 40
42 1 U 12
43 0 U 42
44 0 U 43
45 1 U 44
46 1 U 45
47 1 L -1
48 0 U 41
49 0 U 48
50 1 U 49
51 1 U 23
52 1 U 5
53 0 U 52
54 1 U 46
55 1 U 54
56 0 U -1
57 1 U 56
58 0 U 22
59 1 U 58
60 1 U 59
61 1 U 60
62 1 L 23
63 1 U 62
64 0 L 25
65 0 L 10
66 0 U 65
67 1 U 57
68
0 0 U -1
1 0 U -1
2 1 L -1
3 0 U 2
4 1 L 3
5 0 L 0
6 1 U 5
7 0 U 6
8 0 U 3
9 1 U 8
10 1 U 9
11 1 U -1
12 1 U 11
13 1 U 12
14 1 U -1
15 1 L 2
16 0 U 12
17 1 U 6
18 1 L 8
19 0 U 18
20 0 U 8
21 0 L 5
22 1 L 3
23 1 U 1
24 1 U -1
25 1 U 2
26 1 U 25
27 1 U 26
28 1 U 27
29 0 U 28
30 1 L 15
31 1 U 30
32 0 U 6
33 1 U 32
34 0 L 14
35 0 U 9
36 0 U 19
37 1 U 36
38 1 U 37
39 1 U 38
40 0 U -1
41 1 U 40
42 1 U 0
43 0 U 42
44 0 U 43
45 1 U 44
46 1 U 45
47 1 L -1
48 1 L 15
49 0 U 48
50 1 U 49
51 1 U 23
52 1 U 5
53 0 U 52
54 1 U 53
55 1 U 54
56 0 U -1
57 1 U 56
58 0 U 22
59 1 U 58
60 1 U 59
61 1 U 60
62 1 L 23
63 1 U 62
64 0 L 25
65 0 U 64
66 0 U 65
67 1 U 57
68
0 1 U -1
1 0 U -1
2 1 L -1
3 0 U 2
4 1 L 3
5 0 L 0
6 1 U 5
7 0 U 6
8 0 U 3
9 1 U 8
10 1 U 9
11 1 U 10
12 1 U 11
13 1 U 12
14 1 U 13
15 1 L 2
16 0 U 12
17 1 U 6
18 1 U 17
19 0 U 18
20 0 U 8
21 0 L 5
22 1 L 13
23 1 U 1
24 1 U -1
25 1 U 2
26 1 U 25
27 1 U 26
28 1 U 27
29 0 U 28
30 1 L 15
31 1 U 30
32 1 L 22
33 1 U 32
34 0 L 14
35 0 U 34
36 0 U 19
37 1 U 36
38 1 U 37
39 1 U 38
40 0 U -1
41 1 U 40
42 1 U 0
43 0 U 42
44 0 U 43
45 1 U 44
46 1 U 45
47 1 L -1
48 0 U 41
49 1 U 20
50 1 U 49
51 1 U 23
52 1 U 5
53 0 U 52
54 1 U 53
55 1 U 54
56 0 U -1
57 1 U 56
58 0 U 22
59 1 U 58
60 1 U 59
61 0 U 5
62 1 L 23
63 1 U 62
64 0 L 25
65 0 L 29
66 0 U 65
67 1 U 57
68
0 0 U -1
1 1 U -1
2 1 U -1
3 1 U -1
4 1 L 3
5 0 L 0
6 1 U 5
7 0 U 6
8 0 U 3
9 1 U 8
10 1 U 9
11 1 U 10
12 1 U 11
13 1 U 12
14 1 U 13
15 1 L 2
16 0 U 12
17 1 U 6
18 1 U 17
19 0 U 18
20 0 U 8
21 0 L 5
22 1 L 3
23 0 L 0
24 1 U -1
25 1 U 2
26 1 U 25
27 1 L -1
28 1 U 27
29 0 U 28
30 1 L 15
31 0 U 3
32 0 U 6
33 1 U 32
34 0 L 14
35 0 U 34
36 0 U 19
37 1 U 36
38 1 U 37
39 1 U 38
40 0 U -1
41 1 L 10
42 1 U 0
43 0 U 42
44 0 U 43
45 1 U 44
46 1 U 45
47 1 L -1
48 0 U 41
49 0 U 48
50 1 U 49
51 1 L 21
52 1 U 5
53 0 U 52
54 1 U 53
55 1 U 54
56 0 U -1
57 1 U 56
58 0 U 22
59 1 U 58
60 1 U 59
61 1 U 60
62 1 L 23
63 0 U 44
64 0 L 25
65 0 U 64
66 0 U 65
67 1 U 57
68
0 0 U -1
1 0 U -1
2 1 L -1
3 0 U -1
4 1 L -1
5 0 L 0
6 1 U 5
7 0 U 6
8 0 U 3
9 1 U 8
10 1 U 1
11 1 U 10
12 1 U 11
13 1 U 12
14 1 U 13
15 1 L 2
16 0 U 12
17 1 U 6
18 1 U 17
19 0 U 18
20 0 U 8
21 0 L 5
22 1 L 3
23 1 U 1
24 1 U -1
25 1 U 2
26 1 U 25
27 1 U 26
28 1 U 27
29 0 U 28
30 1 L 15
31 1 U 30
32 0 U 6
33 1 U 32
34 0 L 14
35 1 U 3
36 0 U 19
37 1 U 36
38 1 U 37
39 1 U 38
40 0 U -1
41 1 U 40
42 1 U 0
43 0 U 42
44 0 U 43
45 1 U 44
46 1 U 45
47 1 L -1
48 0 U 41
49 0 U 46
50 1 U 49
51 0 L 35
52 1 U 5
53 0 U 52
54 1 U 53
55 1 U 54
56 0 U -1
57 1 U 56
58 0 U 22
59 1 U 58
60 1 U 59
61 1 U 60
62 1 L 23
63 1 U 62
64 0 L 25
65 0 U 64
66 0 U 65
67 1 U 57
68
0 0 U -1
1 0 U -1
2 1 L -1
3 0 U 2
4 0 L 3
5 0 L 0
6 1 U 3
7 0 U 6
8 0 U 3
9 1 U 8
10 1 U 9
11 1 U 10
12 1 U 11
13 1 U 12
14 1 U 13
15 1 L 2
16 0 U 12
17 1 U 6
18 1 L 12
19 1 L 15
20 0 U 8
21 0 L 5
22 1 L 3
23 1 U 1
24 1 U -1
25 1 U 2
26 1 U 25
27 1 U 26
28 1 U 27
29 0 U 28
30 1 U 6
31 1 U 30
32 0 U 6
33 1 U 32
34 0 L 14
35 0 U 34
36 0 U 19
37 1 U 36
38 1 U 37
39 1 U 38
40 0 U -1
41 1 U 40
42 1 U 0
43 0 U 42
44 0 U 43
45 1 U 44
46 1 U 45
47 1 L -1
48 0 U 41
49 0 U 48
50 1 U 49
51 1 U 23
52 1 U 5
53 0 U 52
54 1 U 53
55 0 L 54
56 0 U -1
57 1 U 56
58 0 U 22
59 1 U 58
60 1 U 59
61 1 U 60
62 1 L 23
63 1 L 40
64 1 U 58
65 0 U 64
66 0 U 65
67 1 U 57
68
0 0 U -1
1 0 U -1
2 1 L -1
3 1 U -1
4 1 L 3
5 0 L 0
6 1 U 5
7 0 U 6
8 0 L 3
9 1 U 8
10 1 U 5
11 1 U 10
12 1 U 11
13 1 U 12
14 1 U 13
15 1 L 2
16 0 U 12
17 1 U 6
18 1 U 17
19 0 U 18
20 0 U 8
21 0 L 5
22 1 L 3
23 1 U 1
24 1 U -1
25 1 U 2
26 1 U 25
27 1 U 26
28 1 U 27
29 0 U 28
30 1 L 15
31 1 U 30
32 0 U 6
33 1 U 32
34 0 L 14
35 0 U 34
36 0 U 19
37 1 U 36
38 1 U 37
39 1 U 38
40 0 L 12
41 1 U 40
42 1 U 0
43 0 U 42
44 0 U 43
45 1 U 44
46 1 U 45
47 1 L -1
48 0 U 41
49 0 U 48
50 1 U 49
51 1 U 23
52 1 U 5
53 0 U 52
54 1 U 53
55 1 U 54
56 0 U -1
57 0 L 8
58 0 U 22
59 1 U 58
60 1 U 59
61 1 U 60
62 1 L 23
63 1 U 62
64 0 L 25
65 0 U 64
66 0 U 65
67 1 U 57
