70
0 0 U -1
1 0 U 0
2 1 U 1
3 0 U 2
4 0 U 3
5 1 U 4
6 1 U 5
7 0 U 6
8 0 U -1
9 1 U 8
10 1 U 9
11 0 U 10
12 1 U 11
13 1 U 12
14 0 U 13
15 1 U 14
16 0 U -1
17 1 U 16
18 0 U 17
19 0 U 18
20 0 U 19
21 1 U 20
22 0 U 21
23 0 U 22
24 0 U -1
25 0 U 24
26 0 U 25
27 0 U 26
28 1 U 27
29 1 U 28
30 0 U 29
31 0 U 30
32 0 U -1
33 0 U 32
34 0 U 33
35 1 U 34
36 1 U 35
37 1 U 36
38 0 U 37
39 1 U 38
40 0 U -1
41 1 U 40
42 1 U 41
43 0 U 42
44 0 U 43
45 0 U 44
46 1 U 45
47 0 U 46
48 0 U -1
49 1 U 48
50 1 U 49
51 0 U 50
52 1 U 51
53 1 U 52
54 0 U 53
55 1 U 54
56 1 U -1
57 1 U 56
58 0 U 57
59 1 U 58
60 0 U 59
61 0 U 60
62 1 U 61
63 1 U 62
64 1 U -1
65 0 U 64
66 0 U 65
67 1 U 66
68 1 U 67
69 1 U 68
70
0 0 U -1
1 0 U 0
2 1 U 1
3 0 U 2
4 0 U 3
5 1 U 4
6 1 U 5
7 0 U 6
8 0 U -1
9 1 U 8
10 1 U 9
11 0 U 10
12 1 U 11
13 1 U 12
14 0 U 13
15 1 U 6
16 0 U -1
17 1 U 16
18 0 L 11
19 0 U 18
20 0 U 19
21 1 U 20
22 0 U 21
23 0 U 22
24 0 U -1
25 0 U 24
26 0 U 25
27 0 U 26
28 1 U 27
29 1 U 28
30 0 U 29
31 1 L 29
32 0 L 29
33 0 U 32
34 0 U 33
35 1 U 34
36 1 U 35
37 1 U 36
38 0 U 37
39 1 U 38
40 0 U 34
41 1 U 40
42 1 U 41
43 0 U 42
44 1 U 36
45 0 U 44
46 1 U 45
47 1 L 10
48 0 U -1
49 1 U 48
50 1 U 49
51 0 U 50
52 1 U 51
53 1 U 52
54 0 U 53
55 1 U 54
56 1 U 37
57 1 U 56
58 0 U 57
59 1 U 58
60 0 U 59
61 0 U 60
62 1 U 61
63 0 L 41
64 1 U -1
65 0 U 64
66 0 U 65
67 1 U 66
68 1 U 67
69 1 U 68
70
0 1 U -1
1 0 U 0
2 1 U 1
3 0 U 2
4 0 U 3
5 1 U 4
6 1 U 5
7 0 U 6
8 0 U -1
9 1 U 8
10 1 U 9
11 0 U 10
12 1 U 11
13 1 U 12
14 0 U 13
15 1 U 6
16 0 U -1
17 1 U 16
18 0 L 11
19 0 U 18
20 0 U 19
21 0 L 2
22 0 U 21
23 0 U 22
24 0 U -1
25 0 U 24
26 0 U 25
27 1 L 23
28 1 U 27
29 1 U 28
30 0 U 29
31 1 L 29
32 0 L 29
33 0 U 32
34 0 U 33
35 1 U 34
36 1 U 35
37 1 U 36
38 0 U 37
39 1 U 38
40 0 U 34
41 1 U 40
42 1 U 41
43 0 U 42
44 1 U 36
45 0 U 44
46 1 U 45
47 1 L 10
48 1 U 19
49 1 U 48
50 1 U 49
51 0 L 34
52 1 U 51
53 1 U 52
54 0 U 53
55 1 U 54
56 1 U 37
57 1 U 56
58 0 U 57
59 1 U 58
60 0 U 59
61 0 U 60
62 0 U 21
63 0 L 41
64 1 U -1
65 0 U 64
66 0 U 65
67 1 U 66
68 1 U 67
69 1 U 68
70
0 1 U -1
1 0 U 0
2 1 U 1
3 0 U 2
4 1 U 2
5 1 U 4
6 1 U 5
7 0 U 6
8 0 U -1
9 1 U 8
10 1 U 9
11 0 U 10
12 1 U 11
13 1 U 12
14 0 U 13
15 1 U 6
16 0 U -1
17 1 U 16
18 0 L 11
19 0 U 18
20 0 U 19
21 0 L 2
22 1 L 20
23 0 U 22
24 0 U -1
25 0 U 24
26 0 U 25
27 1 L 23
28 0 U 19
29 1 U 28
30 0 U 29
31 1 L 29
32 0 L 29
33 0 U 32
34 0 U 33
35 1 U 34
36 1 U 35
37 1 U 36
38 0 U 37
39 1 U 38
40 0 U 34
41 1 U 40
42 1 U 41
43 0 U 42
44 1 U 36
45 0 U 44
46 1 U 45
47 1 L 10
48 1 U 19
49 1 U 48
50 1 U 49
51 0 L 34
52 1 U 51
53 1 U 52
54 0 U 53
55 1 U 54
56 1 U 37
57 1 U 56
58 0 L 44
59 1 U 58
60 0 U 59
61 0 U 60
62 0 U 21
63 0 L 41
64 1 U -1
65 1 U 3
66 0 U 65
67 1 U 66
68 1 U 67
69 1 U 68
70
0 1 U -1
1 0 U 0
2 1 U 1
3 0 U 2
4 1 U 2
5 1 U 4
6 1 U 3
7 0 U 6
8 0 U -1
9 1 U 8
10 1 U 9
11 0 U 10
12 1 U 11
13 1 U 12
14 0 U 13
15 1 U 6
16 0 U -1
17 1 U 16
18 0 L 11
19 0 U 18
20 0 U 19
21 0 L 2
22 1 L 20
23 0 U 22
24 0 U -1
25 0 U 24
26 0 U 25
27 0 U 18
28 0 U 19
29 1 U 28
30 0 U 29
31 1 L 29
32 0 L 29
33 0 U 32
34 0 U 15
35 1 U 34
36 1 U 35
37 1 U 36
38 0 U 37
39 1 U 38
40 0 U 34
41 1 U 40
42 1 U 26
43 1 U 14
44 1 U 36
45 0 U 44
46 0 L 29
47 1 L 10
48 1 U 19
49 1 U 48
50 1 U 49
51 0 L 34
52 1 U 51
53 1 U 52
54 0 L 28
55 1 U 54
56 1 U 37
57 1 U 56
58 0 L 44
59 1 U 58
60 0 U 59
61 0 U 60
62 0 U 21
63 0 L 41
64 1 U -1
65 1 U 3
66 0 U 65
67 1 U 66
68 1 U 67
69 1 U 68
70
0 1 U -1
1 0 U 0
2 1 U 1
3 0 U 2
4 1 U 2
5 1 U 4
6 1 U 5
7 0 U 6
8 0 U -1
9 1 U 8
10 1 U 9
11 0 U 10
12 0 L 3
13 1 U 12
14 0 U 13
15 1 U 6
16 0 U -1
17 1 U 2
18 0 L 11
19 0 U 18
20 0 U 19
21 0 L 2
22 1 L 20
23 0 U 22
24 0 U -1
25 1 L 21
26 0 U 25
27 1 L 23
28 0 U 19
29 1 U 28
30 0 U 29
31 1 L 29
32 0 L 29
33 0 U 32
34 0 U 33
35 1 U 34
36 1 L 28
37 1 U 36
38 0 U 37
39 1 U 38
40 0 U 34
41 1 U 40
42 1 U 41
43 0 U 42
44 1 U 36
45 0 L 33
46 1 U 45
47 1 L 10
48 1 U 19
49 1 U 48
50 1 U 49
51 0 L 34
52 1 U 51
53 1 U 52
54 0 U 53
55 1 U 54
56 1 U 37
57 1 U 56
58 0 L 44
59 1 U 58
60 0 U 59
61 0 U 60
62 0 U 21
63 0 L 41
64 0 U 10
65 1 U 3
66 0 U 65
67 1 U 66
68 1 U 67
69 1 U 68
70
0 1 U -1
1 1 U -1
2 1 U 1
3 0 U 2
4 1 U 2
5 1 U 4
6 1 U 5
7 1 U 4
8 0 U -1
9 1 U 8
10 1 U 9
11 0 U 10
12 0 L 3
13 1 U 12
14 0 U 13
15 1 U 6
16 0 U -1
17 1 U 2
18 0 L 11
19 0 U 18
20 0 U 19
21 0 L 2
22 1 U 10
23 0 U 22
24 0 U -1
25 1 L 21
26 0 U 25
27 1 L 23
28 0 U 19
29 1 U 28
30 0 L 10
31 1 L 29
32 0 L 29
33 0 U 32
34 0 U 33
35 1 U 34
36 1 L 28
37 1 U 36
38 0 U 37
39 1 U 38
40 0 U 34
41 1 U 40
42 1 U 41
43 0 U 42
44 1 U 36
45 0 L 33
46 1 U 45
47 1 L 10
48 1 U 19
49 1 U 48
50 1 U 49
51 0 L 34
52 1 U 51
53 1 U 52
54 0 U 53
55 1 U 54
56 1 U 37
57 1 U 56
58 0 L 44
59 1 U 58
60 0 U 59
61 1 U 7
62 0 U 21
63 0 U 11
64 0 U 10
65 1 U 3
66 0 U 65
67 1 U 66
68 1 U 67
69 1 U 68
70
0 1 U -1
1 0 U 0
2 1 U 1
3 0 U 2
4 1 U 2
5 1 U 4
6 1 U 5
7 0 U 6
8 0 U -1
9 1 U 8
10 1 U 9
11 0 U 10
12 0 L 3
13 1 U 12
14 0 L 1
15 1 U 6
16 0 U -1
17 1 U 2
18 0 L 11
19 0 U 18
20 0 U 19
21 0 L 2
22 1 L 20
23 0 U 22
24 0 U -1
25 1 L 21
26 0 U 25
27 1 L 23
28 0 U 19
29 1 U 28
30 0 U 29
31 1 L 29
32 0 L 29
33 0 U 32
34 0 U 33
35 1 U 34
36 1 L 28
37 1 U 36
38 0 U 37
39 0 U 29
40 0 U 36
41 1 U 40
42 1 U 41
43 0 U 42
44 1 U 36
45 0 L 33
46 1 U 45
47 1 L 10
48 1 U 19
49 1 U 48
50 1 U 49
51 0 L 34
52 1 U 51
53 1 U 52
54 0 U 53
55 1 U 54
56 0 U 15
57 1 U 56
58 0 L 44
59 1 U 58
60 0 U 59
61 0 U 60
62 0 U 21
63 0 L 7
64 0 U 10
65 1 U 3
66 0 U 65
67 1 U 66
68 1 U 67
69 1 U 68
70
0 1 U -1
1 1 L 0
2 1 U 1
3 1 L 0
4 0 L 0
5 1 U 4
6 1 U 5
7 0 U 6
8 0 U -1
9 1 U 8
10 0 U 1
11 0 U 10
12 0 L 3
13 1 U 12
14 0 U 13
15 1 U 6
16 0 U -1
17 1 U 2
18 0 L 11
19 0 U 18
20 0 U 19
21 0 L 2
22 1 L 20
23 1 U 16
24 0 U -1
25 1 L 21
26 0 U 25
27 1 L 23
28 0 U 19
29 1 U 28
30 0 U 29
31 1 L 29
32 0 L 29
33 0 L 24
34 0 U 33
35 1 U 34
36 1 L 28
37 1 U 36
38 0 U 37
39 1 U 38
40 0 U 34
41 1 U 40
42 0 L 25
43 0 U 42
44 1 U -1
45 0 U 6
46 1 U 45
47 0 L 25
48 1 U 19
49 1 U 48
50 1 U 49
51 0 L 34
52 1 U 51
53 1 U 52
54 0 U 53
55 1 U 54
56 1 U 37
57 1 U 56
58 0 L 44
59 1 U 58
60 0 U 59
61 0 U 60
62 0 U 21
63 0 L 19
64 1 L 55
65 1 U 55
66 0 U 65
67 1 U 66
68 1 U 67
69 1 U 68
70
0 1 U -1
1 0 U 0
2 1 U 1
3 1 U -1
4 0 U 3
5 1 U 4
6 0 U 1
7 0 L -1
8 1 L -1
9 1 U 8
10 1 L 2
11 0 U 10
12 0 L 3
13 1 U 12
14 0 U 13
15 1 U 6
16 0 U -1
17 1 U 2
18 0 L 11
19 0 U 18
20 0 U 19
21 0 L 2
22 1 L 20
23 0 U 22
24 0 U -1
25 1 L 21
26 0 U 25
27 0 U 3
28 0 U 19
29 1 U 28
30 0 U 29
31 1 L 29
32 0 L 29
33 1 U 24
34 0 U 33
35 1 U 34
36 1 L 28
37 1 U 36
38 0 U 37
39 1 U 38
40 0 U 34
41 1 U 40
42 1 U 41
43 0 U 42
44 1 U 36
45 0 L 33
46 1 U 45
47 1 L 10
48 1 U 19
49 1 U 48
50 1 U 49
51 0 L 34
52 0 U 27
53 1 U 52
54 0 U 53
55 1 U 54
56 1 U 37
57 1 U 56
58 0 L 44
59 1 U 58
60 0 U 59
61 0 U 60
62 0 U 21
63 0 L 41
64 0 U 10
65 1 U 3
66 0 U 65
67 1 U 66
68 0 L 32
69 1 U 68
70
0 1 U -1
1 0 U 0
2 0 U 1
3 0 U 2
4 1 U 2
5 1 U 4
6 1 U 5
7 0 U 2
8 0 U -1
9 1 U 8
10 1 U 9
11 0 U 10
12 0 L 3
13 1 U 12
14 0 U 13
15 1 U 6
16 0 U -1
17 1 U 2
18 0 L 11
19 0 U 1
20 0 L 12
21 0 L 2
22 0 U 3
23 0 U 22
24 0 U -1
25 1 L 21
26 0 U 25
27 1 L 23
28 0 U 19
29 1 U 28
30 0 U 29
31 1 L 29
32 0 L 29
33 0 U 32
34 0 U 33
35 1 U 34
36 1 L 28
37 1 U 36
38 0 U 37
39 1 U 38
40 0 U 34
41 1 U 40
42 1 U 41
43 0 U 42
44 1 U 36
45 0 L 33
46 1 U 45
47 1 L 19
48 1 U 19
49 1 U 48
50 1 U 49
51 0 L 34
52 1 U 51
53 1 U 52
54 0 U 53
55 1 U 54
56 1 U 37
57 1 U 56
58 0 L 44
59 1 U 58
60 0 U 59
61 0 U 60
62 0 U 21
63 0 L 41
64 0 U 10
65 1 U 3
66 0 U 65
67 1 U 66
68 1 U 67
69 1 U 68
70
0 1 U -1
1 0 U 0
2 1 U 1
3 0 U 2
4 1 U 2
5 1 U 4
6 1 U 5
7 0 U 6
8 0 U -1
9 1 U 8
10 1 U 9
11 0 U 10
12 0 L 3
13 1 U 12
14 0 U 13
15 1 U 6
16 0 U -1
17 1 U 2
18 0 L 11
19 0 U 18
20 0 U 19
21 0 L 2
22 1 L 20
23 0 U 22
24 0 U -1
25 1 L 21
26 0 U 25
27 1 L 23
28 0 U 19
29 1 U 28
30 0 U 29
31 1 L 29
32 0 L 29
33 0 U 32
34 0 U 33
35 1 U 34
36 1 L 28
37 1 U 36
38 0 U 37
39 1 U 38
40 0 U 34
41 1 U 40
42 1 U 41
43 0 U 42
44 1 U 36
45 0 L 33
46 1 U 45
47 1 U 19
48 1 U 19
49 0 L 4
50 1 U 49
51 0 L 34
52 1 U 51
53 1 U 52
54 0 U 53
55 1 U 54
56 1 U 37
57 1 U 56
58 0 L 44
59 1 U 58
60 0 U 59
61 0 U 60
62 0 U 21
63 0 L 41
64 0 U 2
65 1 U 3
66 0 U 65
67 1 U 66
68 1 U 67
69 1 U 68
70
0 1 U -1
1 0 U 0
2 1 U 1
3 0 U 2
4 1 L 0
5 1 U 4
6 1 U 5
7 1 L 4
8 0 U -1
9 1 U 8
10 1 U 9
11 0 U 10
12 0 L 3
13 1 U 12
14 0 U 13
15 1 U 6
16 0 U -1
17 1 U 2
18 0 L 17
19 0 U 18
20 0 U 19
21 0 L 2
22 1 L 20
23 0 U 22
24 0 U -1
25 0 L 13
26 0 U 25
27 1 L 23
28 0 U 19
29 1 U 28
30 0 U 11
31 1 L 29
32 0 L 29
33 0 U 32
34 0 L 31
35 1 U 34
36 1 L 28
37 1 U 36
38 0 U 37
39 1 U 38
40 0 U 34
41 1 U 40
42 1 U 41
43 0 U 42
44 0 L 38
45 0 L 33
46 1 U 45
47 1 L 10
48 1 U 19
49 1 U 48
50 1 U 49
51 0 L 34
52 1 U 51
53 1 U 52
54 0 U 53
55 1 U 54
56 1 U 37
57 1 U 56
58 0 L 44
59 1 U 58
60 0 U 59
61 0 U 60
62 0 U 21
63 0 L 41
64 0 U 10
65 1 U 3
66 0 U 65
67 1 U 66
68 1 U 67
69 0 L 32
70
0 1 U -1
1 0 U 0
2 1 U 1
3 0 U 2
4 1 U 2
5 1 U 4
6 1 U 5
7 0 U 6
8 0 U -1
9 1 U 8
10 1 U 9
11 0 U 10
12 0 L 3
13 1 U 12
14 0 U 1
15 1 U 6
16 0 U -1
17 1 U 2
18 0 L 11
19 0 U 18
20 0 U 19
21 0 L 2
22 1 L 20
23 0 U 22
24 0 U 16
25 1 L 21
26 0 U 25
27 1 L 23
28 0 U 19
29 1 U 28
30 0 U 29
31 1 L 29
32 0 L 29
33 0 U 32
34 0 U 33
35 1 U 34
36 1 L 28
37 1 U 36
38 0 U 37
39 1 U 38
40 0 U 34
41 1 U 40
42 1 U 41
43 0 U 42
44 1 U 36
45 0 L 33
46 1 U 45
47 1 L 10
48 1 U 19
49 1 U 48
50 1 U 49
51 0 L 34
52 1 U 51
53 1 U 52
54 0 U 53
55 1 U 54
56 1 U 37
57 0 U 36
58 0 L 44
59 1 U 58
60 1 L 34
61 0 U 60
62 0 U 21
63 0 L 41
64 0 U 10
65 1 U 3
66 0 U 65
67 1 U 66
68 1 U 67
69 1 U 68
70
0 1 U -1
1 0 U 0
2 1 U 1
3 0 U 2
4 1 U 2
5 1 L 2
6 1 L 3
7 0 U 6
8 0 U -1
9 1 U 8
10 1 U 9
11 0 U 10
12 1 L 8
13 1 U 12
14 0 U 13
15 1 U 6
16 0 U -1
17 1 U 2
18 0 L 11
19 0 U 18
20 0 U 6
21 0 L 2
22 1 L 20
23 0 U 22
24 0 U -1
25 1 L 21
26 0 U 25
27 1 L 23
28 0 U 19
29 1 U 28
30 0 U 29
31 1 L 29
32 0 L 29
33 1 U 27
34 0 U 33
35 1 U 34
36 1 L 28
37 1 U 13
38 0 U 37
39 1 U 38
40 0 U 34
41 1 U 40
42 0 U 30
43 0 U 42
44 1 U 36
45 0 L 33
46 0 U 11
47 1 L 10
48 1 U 19
49 1 U 48
50 1 U 49
51 0 L 34
52 1 U 51
53 1 U 52
54 0 U 53
55 1 U 54
56 0 L 45
57 1 U 56
58 0 L 44
59 1 U 58
60 0 U 59
61 0 U 60
62 0 U 21
63 0 L 41
64 0 U 10
65 1 U 3
66 1 U 11
67 1 U 66
68 1 U 67
69 1 U 68
70
0 1 U -1
1 1 L -1
2 1 U 1
3 0 U 2
4 1 U 2
5 1 U 4
6 1 L 1
7 0 U 6
8 0 U -1
9 1 U 8
10 1 U 9
11 0 L 5
12 0 L 3
13 1 U 12
14 0 U 13
15 1 U 6
16 1 U 14
17 1 U 2
18 0 L 11
19 0 U 18
20 0 U 19
21 0 L 2
22 1 L 20
23 0 U 22
24 0 U -1
25 1 L 21
26 0 U 25
27 1 L 23
28 0 U 19
29 1 U 28
30 0 U 29
31 1 L 29
32 0 L 29
33 0 U 32
34 0 U 33
35 1 U 34
36 1 L 28
37 1 U 36
38 0 U 37
39 1 U 38
40 0 U 34
41 1 U 40
42 1 U 41
43 0 U 42
44 1 U 36
45 0 L 33
46 0 L 26
47 1 L 10
48 1 U 19
49 1 U 48
50 1 U 49
51 0 L 34
52 1 U 51
53 1 U 52
54 0 U 53
55 1 U 54
56 1 U 37
57 1 U 56
58 0 L 44
59 1 U 58
60 0 U 59
61 0 U 60
62 0 U 21
63 0 L 41
64 0 U 10
65 1 U 3
66 0 U 65
67 1 U 66
68 1 U 67
69 1 U 68
70
0 1 L -1
1 0 U 0
2 1 U 1
3 0 U 2
4 1 U 2
5 1 U 4
6 1 U 5
7 0 U 6
8 0 U -1
9 1 U 8
10 1 U 9
11 0 U 10
12 0 L 3
13 1 U 12
14 0 U 13
15 1 U 6
16 0 U -1
17 1 U 2
18 0 L 11
19 0 U 18
20 0 U 19
21 0 L 2
22 1 L 20
23 0 U 22
24 0 U -1
25 1 L 21
26 1 U 12
27 1 L 23
28 0 U 19
29 1 U 28
30 0 U 29
31 1 L 29
32 0 L 29
33 0 U 32
34 0 U 33
35 1 U 34
36 1 L 28
37 1 U 36
38 0 U 37
39 1 U 38
40 0 U 34
41 1 U 40
42 1 U 41
43 0 U 42
44 1 U 36
45 1 U 21
46 1 U 45
47 1 L 10
48 1 U 19
49 1 U 48
50 1 U 49
51 0 L 34
52 1 U 51
53 0 U 5
54 0 U 53
55 1 U 54
56 1 U 37
57 1 U 56
58 0 L 44
59 1 U 58
60 0 U 59
61 0 U 60
62 0 U 21
63 0 L 41
64 0 U 19
65 1 U 3
66 0 U 65
67 1 U 66
68 1 U 67
69 1 U 68
70
0 1 U -1
1 0 U 0
2 1 U 1
3 0 U 2
4 1 U 2
5 1 U 4
6 1 U 5
7 0 U 6
8 0 U -1
9 1 U 8
10 1 U 9
11 0 U 10
12 0 L 3
13 1 U 12
14 0 U 13
15 1 U 6
16 0 U -1
17 1 U 2
18 0 L 11
19 0 U 18
20 0 U 19
21 0 U 2
22 1 L 20
23 0 L 19
24 0 U -1
25 1 L 21
26 1 U 25
27 1 L 23
28 0 U 19
29 1 U 28
30 0 U 29
31 1 L 29
32 0 L 29
33 0 U 32
34 0 U 33
35 1 U 34
36 1 L 28
37 1 U 36
38 0 U 37
39 1 U 38
40 0 U 34
41 1 U 40
42 1 U 41
43 0 U 42
44 1 U 36
45 0 L 33
46 1 U 45
47 1 L 10
48 1 U 19
49 1 U 48
50 1 U 49
51 0 L 34
52 1 U 51
53 1 U 52
54 0 U 53
55 1 U 54
56 1 U 37
57 1 U 56
58 0 L 44
59 1 U 58
60 0 U 59
61 0 U 60
62 0 U 21
63 1 U 37
64 0 U 10
65 1 U 3
66 0 U 65
67 1 U 66
68 1 U 67
69 1 U 68
70
0 1 U -1
1 0 U 0
2 1 U 1
3 0 U 2
4 1 L 3
5 1 U 4
6 1 U 5
7 0 U 6
8 0 U -1
9 1 U 8
10 1 U 9
11 0 U 10
12 0 L 3
13 1 U 12
14 0 U 13
15 1 U 6
16 0 L 9
17 1 U 2
18 0 L 11
19 0 U 18
20 0 U 19
21 0 L 2
22 1 L 20
23 0 U 22
24 0 U -1
25 1 L 21
26 0 U 25
27 1 L 23
28 0 U 19
29 1 U 28
30 0 U 29
31 1 L 29
32 0 L 29
33 0 U 32
34 0 U 33
35 1 U 34
36 1 L 28
37 1 U 36
38 0 U 37
39 0 U 37
40 1 L -1
41 1 U 40
42 1 U 41
43 0 U 42
44 1 U 21
45 1 U 20
46 1 U 45
47 1 L 10
48 1 L 5
49 1 U 48
50 1 U 49
51 0 L 34
52 1 U 51
53 1 U 52
54 0 U 53
55 1 U 54
56 0 L 27
57 1 U 56
58 0 L 25
59 1 U 58
60 1 U 2
61 0 U 60
62 0 U 21
63 1 U 51
64 0 U 10
65 1 U 3
66 0 U 65
67 1 U 66
68 0 U 12
69 1 U 68
70
0 1 U -1
1 0 U 0
2 1 U 1
3 0 U 2
4 1 U 2
5 1 U 4
6 0 L 5
7 0 U 6
8 0 U -1
9 1 U 8
10 1 U 9
11 0 U 10
12 0 L 3
13 1 L 3
14 1 U 9
15 1 U 6
16 0 L 0
17 1 U 2
18 0 L 11
19 0 U 18
20 0 U 19
21 0 L 2
22 1 L 20
23 1 L 18
24 0 U -1
25 1 L 21
26 0 U 25
27 1 L 23
28 0 U 19
29 1 U 28
30 0 U 29
31 1 L 29
32 0 L 29
33 0 U 32
34 0 U 33
35 1 U 34
36 1 L 28
37 1 U 36
38 0 U 37
39 1 U 38
40 0 U 34
41 1 U 40
42 1 U 41
43 0 U 42
44 1 U 36
45 0 L 33
46 0 L 22
47 1 L 10
48 1 U 19
49 1 U 48
50 0 U 11
51 0 L 34
52 1 U 51
53 1 U 52
54 0 U 53
55 1 U 54
56 1 U 37
57 1 U 56
58 0 L 44
59 1 U 58
60 0 U 59
61 0 U 60
62 0 U 21
63 0 L 41
64 0 U 10
65 1 U 3
66 0 U 65
67 1 U 66
68 1 U 33
69 1 U 58
70
0 1 U -1
1 0 U 0
2 1 U 1
3 0 U 2
4 1 U 2
5 1 U 4
6 1 U 5
7 0 U 6
8 0 U -1
9 1 U 8
10 1 U 9
11 0 U 10
12 0 L 3
13 1 U 12
14 0 U 13
15 0 U 8
16 0 U -1
17 1 U 2
18 0 L 11
19 0 U 18
20 0 L -1
21 0 L 2
22 1 L 20
23 0 U 22
24 0 U -1
25 1 L 21
26 0 U 25
27 1 L 23
28 0 U 19
29 1 U 28
30 0 U 29
31 1 U 28
32 0 L 29
33 0 U 32
34 0 U 33
35 1 U 34
36 1 L 28
37 1 U 36
38 0 U 37
39 1 U 38
40 0 U 34
41 1 U 40
42 1 L 33
43 0 U 42
44 1 U 36
45 0 L 33
46 1 U 45
47 1 L 10
48 1 U 19
49 1 U 48
50 1 U 49
51 0 L 34
52 1 U 51
53 1 U 52
54 0 U 53
55 1 U 54
56 1 U 37
57 1 U 56
58 0 L 44
59 1 U 58
60 1 L 13
61 0 U 60
62 0 U 17
63 0 L 41
64 0 U 10
65 1 U 3
66 0 U 65
67 1 U 66
68 0 L 32
69 1 U 68
70
0 1 U -1
1 1 U 0
2 1 U 1
3 1 L 2
4 1 U 2
5 1 U 4
6 1 U 5
7 1 L 6
8 0 U -1
9 1 U 5
10 1 U 9
11 0 U 10
12 0 L 3
13 1 U 12
14 0 U 13
15 1 U 6
16 0 U -1
17 1 U 3
18 0 U 2
19 0 U 18
20 0 U 19
21 0 L 2
22 1 L 20
23 0 U 22
24 0 U -1
25 0 U 6
26 0 U 25
27 1 L 23
28 0 U 19
29 1 U 28
30 0 L 8
31 1 L 29
32 0 L 29
33 0 U 32
34 0 L 18
35 1 U 34
36 1 L 28
37 1 U 36
38 0 U 37
39 1 U 38
40 0 U 34
41 1 U 40
42 1 U 41
43 0 U 42
44 1 U 36
45 1 U 18
46 1 U 45
47 1 L 10
48 1 U 19
49 1 L 35
50 1 U 49
51 0 L 34
52 1 U 51
53 1 U 52
54 0 U 53
55 1 U 54
56 1 U 37
57 1 U 56
58 0 L 44
59 1 U 58
60 0 U 59
61 0 U 60
62 0 U 21
63 0 L 41
64 0 U 10
65 1 U 3
66 0 U 65
67 1 U 66
68 1 U 67
69 1 U 68
70
0 1 U -1
1 0 U 0
2 1 U 1
3 0 U 2
4 1 U 2
5 1 U 4
6 1 U 5
7 0 U 6
8 0 U -1
9 1 U 8
10 1 U 9
11 0 U 10
12 0 U 5
13 1 U 12
14 0 U 13
15 1 U 6
16 0 U -1
17 1 U 2
18 0 L 11
19 0 U 18
20 0 L 4
21 0 L 2
22 1 L 20
23 0 U 22
24 0 U -1
25 1 L 21
26 0 U 25
27 1 L 23
28 0 U 16
29 1 U 28
30 0 U 29
31 1 L 29
32 0 L 29
33 0 U 32
34 0 U 33
35 1 U 34
36 1 L 28
37 1 U 36
38 0 U 37
39 1 U 38
40 0 U 34
41 1 U 40
42 1 U 41
43 0 U 42
44 1 U 36
45 0 L 33
46 1 U 13
47 1 L 10
48 1 U 19
49 1 U 48
50 1 U 49
51 0 L 48
52 1 U 31
53 1 U 52
54 0 U 53
55 1 U 54
56 1 U 37
57 1 U 56
58 0 L 44
59 1 U 58
60 0 L 45
61 0 U 60
62 0 U 21
63 0 L 41
64 0 U 10
65 1 U 3
66 0 U 65
67 1 U 66
68 1 U 27
69 1 U 68
70
0 1 U -1
1 0 U 0
2 1 U 1
3 0 U 2
4 1 U 2
5 1 U 4
6 1 U 5
7 0 U 6
8 0 U -1
9 1 U 8
10 1 U 9
11 0 U 10
12 0 L 3
13 1 U 12
14 1 L 3
15 1 U 6
16 0 U -1
17 1 U 2
18 0 L 11
19 0 U 18
20 0 U 19
21 0 L 2
22 1 L 20
23 0 U 22
24 0 U -1
25 1 L 21
26 0 U 25
27 1 L 26
28 0 U 19
29 1 U 28
30 0 U 29
31 1 L 29
32 0 L 29
33 0 U 32
34 0 U 33
35 0 U 29
36 1 L 28
37 1 U 36
38 0 U 37
39 1 U 38
40 0 U 34
41 1 U 40
42 1 U 41
43 0 U 42
44 1 U 36
45 0 L 33
46 0 L 32
47 1 L 10
48 1 U 19
49 1 L 31
50 1 U 49
51 0 L 34
52 1 U 51
53 1 U 52
54 0 U 22
55 1 U 54
56 1 U 37
57 1 U 56
58 0 L 44
59 1 U 58
60 0 U 59
61 0 U 16
62 0 U 21
63 0 L 41
64 0 U 10
65 1 U 3
66 0 U 65
67 0 L 60
68 1 U 67
69 1 U 68
70
0 1 U -1
1 0 U 0
2 1 U 1
3 0 U 2
4 1 L 0
5 1 U 4
6 1 U 5
7 0 U 6
8 0 U -1
9 1 U 8
10 1 U 9
11 0 U 10
12 0 L 3
13 1 U 12
14 0 U 13
15 1 U 6
16 0 U -1
17 1 U 2
18 0 L 11
19 0 U 18
20 0 U 19
21 0 L 2
22 1 L 20
23 0 U 22
24 0 U -1
25 1 L 21
26 0 U 25
27 1 L 23
28 0 U 19
29 1 U 28
30 0 U 29
31 1 L 29
32 0 L 29
33 0 U 32
34 0 U 33
35 1 U 34
36 1 L 28
37 1 U 36
38 0 U 37
39 1 U 38
40 0 U 34
41 1 U 40
42 1 U 41
43 0 U 42
44 1 U 36
45 0 L 33
46 1 U 45
47 1 L 10
48 1 U 19
49 1 U 48
50 1 U 49
51 0 L 34
52 1 U 51
53 1 U 52
54 0 U 53
55 1 U 54
56 1 U 37
57 1 U 56
58 0 L 44
59 1 U 58
60 0 U 59
61 0 U 60
62 0 U 21
63 0 L 41
64 0 U 10
65 1 U 3
66 0 U 65
67 1 U 66
68 1 U 67
69 0 U 18
70
0 1 U -1
1 0 U 0
2 1 U 1
3 0 U 2
4 1 U 2
5 1 U 4
6 1 U 5
7 0 U 6
8 1 U 4
9 1 L -1
10 1 U 9
11 0 U 10
12 0 L 3
13 1 U 12
14 1 U 5
15 1 U 6
16 0 U -1
17 1 U 2
18 0 L 11
19 0 U 18
20 0 U 19
21 0 L 2
22 1 L 20
23 0 U 12
24 0 U 3
25 1 L 10
26 0 U 25
27 1 L 23
28 1 U 21
29 1 U 28
30 0 U 29
31 1 L 29
32 0 L 29
33 1 U 30
34 0 U 12
35 0 U 30
36 1 L 28
37 1 U 36
38 0 U 37
39 1 U 38
40 0 U 34
41 1 U 40
42 1 U 41
43 0 U 12
44 1 U 36
45 0 L 33
46 1 U 45
47 1 L 10
48 1 U 19
49 1 U 48
50 1 L 19
51 0 L 34
52 1 U 51
53 1 U 52
54 0 U 53
55 1 U 54
56 1 U 37
57 1 U 56
58 0 L 44
59 1 U 58
60 0 U 59
61 0 U 60
62 0 U 21
63 0 L 41
64 0 U 10
65 1 U 3
66 0 U 65
67 1 U 66
68 0 L 35
69 1 U 68
70
0 1 U -1
1 0 U 0
2 1 U 1
3 0 U 2
4 1 U 2
5 1 U 4
6 0 L -1
7 0 U 6
8 0 U -1
9 1 U 8
10 1 U 9
11 0 U 10
12 0 L 3
13 1 U 12
14 0 U 13
15 1 U 3
16 0 U -1
17 1 U 16
18 0 L 11
19 0 U 18
20 0 U 19
21 0 L 2
22 1 L 20
23 0 U 22
24 0 U -1
25 1 L 21
26 0 U 25
27 1 L 23
28 0 L 4
29 1 U 28
30 0 U 29
31 1 L 29
32 0 L 29
33 0 U 32
34 0 U 33
35 1 U 34
36 1 L 28
37 1 U 36
38 0 U 37
39 0 L 38
40 0 U 34
41 1 U 40
42 1 U 41
43 0 U 42
44 1 U 36
45 0 L 33
46 1 U 45
47 1 L 10
48 1 U 19
49 1 U 48
50 1 U 49
51 0 L 34
52 1 U 51
53 1 U 52
54 0 U 53
55 1 U 54
56 1 U 37
57 1 U 56
58 0 L 44
59 1 U 58
60 0 U 59
61 0 U 60
62 0 U 21
63 0 L 41
64 0 U 10
65 1 U 3
66 0 U 65
67 1 U 66
68 1 U 67
69 1 U 68
70
0 1 U -1
1 0 U 0
2 1 U 1
3 0 U 2
4 1 U 2
5 1 U 4
6 1 U 5
7 0 U 6
8 0 U -1
9 1 U 8
10 1 U 3
11 0 U 10
12 0 U 8
13 1 U 12
14 1 L -1
15 1 U -1
16 0 U -1
17 1 U 2
18 0 U 1
19 0 U 18
20 1 L 16
21 0 L 2
22 1 L 20
23 0 U 22
24 0 U -1
25 1 L 21
26 0 U 25
27 1 L 23
28 0 U 19
29 1 U 28
30 0 U 29
31 1 L 29
32 0 L 29
33 0 U 32
34 0 U 33
35 1 U 34
36 1 L 28
37 1 U 36
38 0 U 37
39 1 U 38
40 0 U 34
41 1 U 40
42 1 U 41
43 0 U 42
44 1 U 36
45 0 L 33
46 1 U 45
47 1 L 10
48 1 U 19
49 1 U 48
50 1 U 49
51 0 U 1
52 1 U 3
53 1 U 52
54 0 U 53
55 1 U 54
56 1 U 37
57 1 U 56
58 0 L 20
59 1 U 58
60 0 U 59
61 0 U 60
62 0 U 21
63 0 L 41
64 0 U 10
65 1 U 3
66 1 L 64
67 1 U 66
68 1 U 67
69 1 U 68
70
0 1 U -1
1 0 U 0
2 1 U 1
3 0 U 2
4 1 U 2
5 1 U 4
6 1 U 5
7 0 U 6
8 0 U -1
9 1 U 8
10 1 U 9
11 0 U 10
12 0 L 3
13 1 U 12
14 0 U 13
15 0 L 7
16 0 U -1
17 1 U 2
18 0 L 11
19 0 U 18
20 0 U 19
21 0 L 2
22 1 L 20
23 0 U 22
24 0 U -1
25 1 L 21
26 0 U 25
27 1 L 23
28 0 U 19
29 0 U 16
30 0 U 29
31 1 U 4
32 0 L 29
33 0 U 32
34 0 U 33
35 1 U 34
36 1 L 28
37 1 U 36
38 1 U 22
39 1 U 38
40 0 U 34
41 1 U 40
42 1 U 41
43 0 U 42
44 1 U 36
45 0 L 33
46 1 U 45
47 1 L 10
48 1 U 19
49 1 U 48
50 1 U 49
51 0 L 34
52 1 U 51
53 1 U 52
54 0 U 53
55 1 U 54
56 1 U 37
57 1 U 56
58 0 L 44
59 1 U 58
60 0 U 59
61 0 U 60
62 0 U 21
63 0 L 41
64 0 U 10
65 1 U 3
66 0 U 65
67 0 L 52
68 1 U 67
69 1 U 68
70
0 1 U -1
1 0 U 0
2 1 U -1
3 0 U 2
4 1 U 2
5 1 U 4
6 1 U 5
7 0 U 6
8 0 U -1
9 1 U 8
10 1 U 9
11 1 U 2
12 0 L 4
13 1 U 12
14 0 U 13
15 1 U 6
16 0 U -1
17 1 U 2
18 0 L 11
19 1 L 9
20 1 U 13
21 0 L 2
22 1 L 20
23 0 U 22
24 0 U -1
25 1 L 21
26 0 U 25
27 1 L 23
28 0 U 19
29 1 U 28
30 0 U 29
31 1 L 29
32 0 L 29
33 0 U 32
34 0 U 33
35 0 U 16
36 1 U 2
37 1 U 36
38 0 U 37
39 1 U 38
40 0 U 34
41 1 U 40
42 1 U 41
43 0 U 18
44 1 U 36
45 0 L 33
46 1 U 45
47 1 L 10
48 1 U 19
49 1 U 48
50 1 U 49
51 0 L 34
52 1 U 51
53 1 U 52
54 0 U 53
55 1 L 24
56 1 U 37
57 1 U 56
58 0 L 44
59 1 U 58
60 0 U 59
61 0 U 60
62 0 U 21
63 0 L 28
64 0 U 10
65 1 U 3
66 1 U 12
67 1 U 66
68 1 U 67
69 1 U 68
70
0 1 U -1
1 0 U 0
2 1 U 1
3 0 U 2
4 0 U 0
5 1 U 4
6 0 L 0
7 0 U 6
8 1 U 2
9 1 U 8
10 0 U 1
11 0 U 10
12 0 L 3
13 1 U 12
14 0 U 13
15 1 U 6
16 0 U -1
17 1 U 2
18 0 L 11
19 0 U 18
20 1 U 16
21 0 L 2
22 1 L 20
23 0 U 22
24 0 U -1
25 1 L 21
26 0 U 25
27 1 L 23
28 0 U 19
29 1 U 28
30 0 U 29
31 1 L 29
32 0 L 29
33 0 U 32
34 0 U 33
35 1 U 34
36 1 L 28
37 1 U 36
38 0 L 22
39 1 U 38
40 0 U 34
41 1 U 40
42 1 U 41
43 0 U 42
44 1 U 36
45 0 L 33
46 1 U 45
47 1 L 10
48 1 U 19
49 1 L 33
50 1 U 49
51 0 L 13
52 1 U 51
53 1 U 52
54 0 L 17
55 1 U 54
56 1 U 37
57 1 U 56
58 0 L 44
59 1 U 58
60 0 U 59
61 0 U 60
62 0 U 21
63 0 L 41
64 0 U 10
65 1 U 3
66 0 U 65
67 1 U 66
68 1 U 67
69 1 U 68
70
0 1 U -1
1 0 U 0
2 1 U 1
3 0 U 1
4 1 U 2
5 1 U 4
6 1 U 5
7 0 U 6
8 0 U -1
9 0 L 8
10 1 U 9
11 0 U 10
12 0 L 3
13 1 U 12
14 0 U 13
15 1 U 6
16 0 U -1
17 1 U 2
18 0 U -1
19 1 L 10
20 0 U 19
21 0 L 2
22 1 L 20
23 0 U 22
24 0 U -1
25 1 L 21
26 0 U 25
27 1 L 23
28 0 U 19
29 1 U 28
30 1 L 7
31 1 L 29
32 0 L 29
33 0 U 32
34 0 U 33
35 1 U 34
36 1 L 28
37 1 U 36
38 0 U 37
39 1 U 38
40 0 U 34
41 1 U 40
42 1 U 41
43 1 L 7
44 0 U 4
45 0 L 33
46 1 U 45
47 1 L 10
48 1 U 19
49 1 U 48
50 1 U 49
51 0 L 34
52 1 U 51
53 1 U 52
54 0 U 53
55 1 U 54
56 1 U 37
57 1 U 56
58 0 L 44
59 1 U 26
60 0 U 59
61 0 U 60
62 0 U 21
63 0 L 41
64 0 U 10
65 1 U 3
66 0 U 65
67 1 U 66
68 1 U 67
69 1 L 14
70
0 1 U -1
1 0 U 0
2 1 L -1
3 0 U 2
4 1 U 2
5 1 U 4
6 1 U 5
7 0 U 6
8 0 U -1
9 1 U 8
10 1 U 9
11 0 U 10
12 0 L 3
13 1 U 12
14 0 U 13
15 1 U 6
16 0 U -1
17 1 U 2
18 0 L 11
19 0 U 18
20 0 U 19
21 0 L 2
22 1 L 20
23 0 U 22
24 0 U -1
25 1 L 21
26 0 U 5
27 0 L 23
28 0 U 19
29 1 U 28
30 0 U 29
31 1 L 29
32 0 L 29
33 0 U 32
34 0 U 33
35 1 U 34
36 1 L 28
37 1 U 36
38 0 U 37
39 1 U 38
40 0 U 34
41 1 U 40
42 1 U 41
43 0 U 42
44 1 U 36
45 1 L 32
46 1 U 45
47 1 L 10
48 1 U 19
49 1 U 48
50 1 U 49
51 0 L 34
52 1 U 51
53 0 L 50
54 1 L 40
55 1 U 54
56 1 L 14
57 1 U 37
58 1 U 39
59 0 L 5
60 0 U 59
61 0 U 60
62 0 U 21
63 0 L 41
64 0 U 10
65 1 U 3
66 0 U 65
67 1 U 66
68 1 U 67
69 1 U 68
70
0 0 L -1
1 0 U 0
2 1 U 1
3 0 U 2
4 1 U 2
5 1 U 4
6 0 L 1
7 0 U 6
8 0 U -1
9 1 U 8
10 1 U 9
11 0 U 10
12 0 L 3
13 1 U 12
14 0 U 13
15 1 U 6
16 0 U -1
17 1 U 2
18 0 L 11
19 0 U 18
20 0 U 19
21 1 U 1
22 1 L 20
23 0 U 22
24 0 U -1
25 1 L 0
26 0 U 25
27 0 U 24
28 0 U 19
29 1 U 28
30 0 U 29
31 1 L 29
32 0 L 29
33 0 U 32
34 0 U 33
35 1 U 34
36 1 L 28
37 1 U 36
38 0 U 37
39 1 U 38
40 0 U 34
41 1 U 40
42 1 U 41
43 0 U 42
44 1 U 36
45 0 L 33
46 1 U 45
47 0 L 41
48 1 U 19
49 1 U 48
50 1 U 49
51 0 L 34
52 1 U 51
53 1 U 52
54 0 U 53
55 1 U 54
56 1 U 37
57 1 U 56
58 0 L 44
59 1 U 58
60 0 U 59
61 0 U 60
62 0 U 21
63 0 L 41
64 0 U 10
65 1 U 43
66 0 U 65
67 1 U 66
68 1 U 67
69 1 U 68
70
0 1 U -1
1 0 U 0
2 1 U 1
3 0 U 2
4 1 U 2
5 1 U 4
6 1 U 5
7 0 U 6
8 0 U -1
9 0 L 4
10 0 L 3
11 1 U 3
12 0 L 3
13 1 U 12
14 0 U 13
15 1 U 6
16 0 U -1
17 0 U 1
18 0 L 11
19 0 U 18
20 0 U 19
21 0 L 2
22 1 L 10
23 0 U 22
24 0 U -1
25 1 L 21
26 0 U 25
27 1 L 23
28 0 U 19
29 1 U 28
30 0 U 29
31 1 L 29
32 0 L 29
33 0 U 32
34 0 U 33
35 0 L 27
36 1 L 28
37 1 U 36
38 0 U 37
39 1 U 2
40 0 U 34
41 1 U 40
42 1 U 41
43 0 U 42
44 1 U 36
45 0 L 33
46 1 U 45
47 1 L 10
48 1 U 19
49 1 U 48
50 1 U 49
51 0 L 34
52 1 U 51
53 1 U 52
54 0 U 53
55 1 L 33
56 1 U 37
57 1 U 56
58 0 L 44
59 1 U 58
60 0 U 59
61 0 L 13
62 0 U 21
63 0 L 41
64 1 U 16
65 1 U 3
66 0 U 65
67 1 U 66
68 1 L 54
69 1 U 68
70
0 1 U -1
1 0 U 0
2 1 U 1
3 0 U 2
4 1 U 2
5 1 U 4
6 1 U 5
7 0 U 6
8 0 U -1
9 0 U 8
10 1 L 6
11 0 U 10
12 0 L 3
13 1 U 12
14 0 U 13
15 1 U 6
16 0 U -1
17 1 U 2
18 0 L 11
19 0 U 18
20 0 U 19
21 0 L 2
22 1 L 20
23 0 U 22
24 0 U -1
25 1 L 21
26 0 L 1
27 1 L 23
28 0 U 19
29 1 U 28
30 0 U 29
31 1 L 29
32 0 L 29
33 0 U 32
34 0 U 33
35 1 U 34
36 1 L 28
37 1 U 36
38 0 U 37
39 1 U 38
40 0 U 34
41 1 U 40
42 1 U 41
43 0 U 42
44 1 U 36
45 0 L 33
46 0 L 6
47 1 L 10
48 1 U 19
49 1 U 48
50 1 U 49
51 0 L 34
52 1 U 51
53 1 U 52
54 0 U 53
55 1 U 54
56 1 U 37
57 1 U 56
58 0 L 36
59 1 U 58
60 0 U 59
61 0 U 60
62 0 U 21
63 0 L 41
64 0 U 10
65 1 U 3
66 0 U 65
67 1 U 66
68 1 U 67
69 1 U 68
70
0 1 U -1
1 0 U 0
2 1 U 1
3 0 U 2
4 0 L 2
5 1 U 4
6 1 U 5
7 0 U 6
8 0 U -1
9 1 U 8
10 1 U 9
11 0 U 10
12 0 L 3
13 1 U 12
14 0 U 13
15 1 U 6
16 0 U -1
17 1 U 2
18 0 L 11
19 0 U 18
20 0 U 19
21 0 L 2
22 1 L 20
23 0 U 5
24 1 U 20
25 1 L 21
26 0 L 17
27 1 L 23
28 0 U 19
29 1 U 28
30 0 U 29
31 1 L 29
32 0 L 29
33 0 U 32
34 0 U 33
35 1 U 34
36 0 U 4
37 1 U 23
38 0 U 37
39 1 U 38
40 0 U 34
41 1 U 40
42 1 U 41
43 0 U 42
44 1 U 36
45 0 L 33
46 1 U 45
47 1 L 10
48 1 U 19
49 1 U 48
50 1 U 49
51 0 L 34
52 1 U 51
53 1 U 52
54 0 U 53
55 1 U 54
56 1 U 37
57 1 U 56
58 0 L 44
59 1 U 58
60 0 U 59
61 1 L 15
62 0 L 29
63 0 L 41
64 0 U 10
65 1 U 3
66 0 U 65
67 1 U 66
68 1 U 67
69 1 U 68
70
0 1 U -1
1 0 U 0
2 1 U 1
3 0 U 2
4 1 U 2
5 1 U 4
6 1 U 5
7 1 U 0
8 0 U -1
9 1 U 8
10 1 L 6
11 0 U 10
12 0 L 3
13 1 U 12
14 0 U 13
15 1 U 6
16 0 U -1
17 1 U 2
18 0 L 11
19 0 U 18
20 1 U 16
21 0 L 2
22 1 U 0
23 0 U 13
24 0 U 16
25 1 L 21
26 0 U 25
27 1 L 23
28 0 U 19
29 0 L 25
30 0 U 29
31 1 L 29
32 0 L 29
33 0 L 31
34 0 U 3
35 1 U 34
36 1 L 28
37 1 U 36
38 0 U 37
39 1 U 38
40 0 U 34
41 1 U 14
42 1 U 41
43 0 U 42
44 1 U 36
45 0 L 33
46 1 U 45
47 1 L 10
48 1 U 19
49 1 U 48
50 1 U 49
51 0 L 34
52 1 U 51
53 1 U 52
54 1 U 17
55 1 U 54
56 1 U 37
57 1 U 56
58 0 L 44
59 1 U 58
60 0 U 59
61 0 U 60
62 0 U 21
63 0 L 41
64 0 U 10
65 1 U 3
66 0 U 65
67 1 U 66
68 1 U 67
69 1 U 68
70
0 1 U -1
1 1 L -1
2 1 U 1
3 0 U 2
4 1 U 2
5 1 U 4
6 1 U 5
7 0 U 6
8 1 L 5
9 1 U 8
10 1 U 9
11 0 U 10
12 0 L 3
13 1 U 12
14 0 U 13
15 1 U 6
16 0 U -1
17 1 U 2
18 0 L 11
19 0 U 3
20 0 U 19
21 0 L 2
22 1 L 20
23 0 U 22
24 0 U -1
25 1 L 21
26 0 U 25
27 1 L 23
28 0 U 19
29 1 U 28
30 0 U 29
31 1 L 29
32 0 L 29
33 1 U 24
34 0 U 33
35 1 U 34
36 1 L 28
37 0 L 9
38 1 U 12
39 1 U 38
40 0 U 34
41 0 U 30
42 1 U 7
43 0 U 42
44 1 U 36
45 0 L 33
46 0 U 34
47 1 L 10
48 1 U 0
49 1 U 48
50 0 L 12
51 0 L 34
52 1 U 51
53 1 U 52
54 0 U 53
55 1 U 54
56 0 L 33
57 1 U 56
58 0 L 44
59 1 U 58
60 0 U 59
61 1 U 43
62 0 U 21
63 0 L 41
64 0 U 10
65 1 U 3
66 0 U 65
67 1 U 66
68 1 L 44
69 1 U 68
70
0 1 U -1
1 0 U 0
2 1 U 1
3 0 U 2
4 1 U 2
5 1 U 4
6 1 U 5
7 0 U 6
8 0 U -1
9 1 U 8
10 1 U 9
11 0 U 10
12 0 L 3
13 1 U 12
14 0 U 13
15 1 U 6
16 0 U -1
17 1 U 2
18 0 L 11
19 0 U 18
20 0 U 19
21 1 L 13
22 1 L 20
23 0 U 22
24 0 U -1
25 1 L 21
26 0 U 25
27 1 L 23
28 0 U 19
29 1 U 28
30 0 U 29
31 1 L 10
32 0 L 29
33 0 U 32
34 0 U 33
35 1 U 34
36 1 L 28
37 1 U 36
38 0 U 37
39 1 U 38
40 0 U 34
41 1 U 40
42 1 U 41
43 0 U 42
44 1 U 36
45 0 L 33
46 1 U 45
47 1 L 10
48 1 U 19
49 1 U 48
50 1 U 49
51 0 L 34
52 1 U 51
53 1 U 52
54 0 U 53
55 1 U 54
56 1 U 37
57 1 L 3
58 1 L 18
59 1 U 58
60 0 U 59
61 0 U 60
62 0 U 21
63 0 L 41
64 0 U 10
65 1 U 3
66 0 U 65
67 1 U 66
68 1 U 67
69 1 U 68
70
0 1 U -1
1 0 U 0
2 1 U 1
3 0 U 2
4 1 U 2
5 1 U 4
6 1 U 5
7 0 L -1
8 0 U -1
9 1 U 8
10 1 U 9
11 0 U 10
12 0 L 3
13 1 U 12
14 0 U 13
15 1 U 6
16 0 U -1
17 1 U 2
18 0 L 11
19 0 U 18
20 0 U 19
21 0 L 12
22 1 L 20
23 0 U 22
24 0 U -1
25 1 L 12
26 1 U 14
27 1 L 23
28 0 U 19
29 1 U 28
30 1 L 13
31 1 L 29
32 0 L 29
33 1 U 7
34 0 U 33
35 1 U 34
36 1 L 28
37 1 U 36
38 0 U 37
39 1 U 38
40 0 L 17
41 1 U 40
42 1 U 41
43 0 U 42
44 1 U 36
45 0 U 11
46 1 U 45
47 1 L 10
48 1 U 19
49 1 U 48
50 1 U 49
51 0 L 34
52 1 U 51
53 1 U 3
54 0 U 53
55 1 U 54
56 1 U 37
57 1 U 56
58 0 L 44
59 1 U 58
60 1 L 19
61 0 L 25
62 0 U 21
63 0 L 41
64 0 U 10
65 0 U 60
66 0 U 65
67 1 U 66
68 1 U 67
69 1 U 68
70
0 1 U -1
1 0 U 0
2 1 U 1
3 0 U 2
4 1 U 2
5 1 U 4
6 1 U 5
7 0 L 6
8 0 U -1
9 1 U 8
10 1 U 9
11 0 U 10
12 0 L 3
13 1 U 12
14 0 U 13
15 1 U 6
16 0 U -1
17 1 U 2
18 1 U 8
19 0 U 18
20 0 U 19
21 0 L 2
22 0 L 11
23 0 U 22
24 0 U -1
25 1 L 21
26 0 U 25
27 1 L 23
28 0 U 19
29 1 U 28
30 0 U 29
31 1 L 29
32 0 L 29
33 0 U 32
34 0 U 33
35 1 U 15
36 1 L 28
37 0 U 26
38 0 U 37
39 1 U 38
40 1 L -1
41 1 U 40
42 1 U 41
43 0 U 42
44 1 U 36
45 0 L 33
46 1 U 45
47 1 L 10
48 1 U 19
49 1 U 48
50 1 U 49
51 0 L 34
52 1 U 51
53 1 U 52
54 0 U 53
55 1 U 54
56 1 U 37
57 1 U 56
58 0 L 44
59 1 U 58
60 0 U 59
61 0 U 60
62 0 U 21
63 0 L 41
64 0 U 10
65 1 U 3
66 0 U 65
67 1 U 66
68 1 U 67
69 0 L 10
70
0 1 U -1
1 0 U 0
2 1 U 1
3 0 U 2
4 1 U 2
5 1 U 4
6 1 L 2
7 0 U 6
8 0 U -1
9 1 U 8
10 1 U 9
11 1 U 8
12 0 L 3
13 1 U 12
14 1 L 13
15 1 U 6
16 0 U -1
17 1 U 2
18 0 L 11
19 0 U 18
20 0 U 19
21 0 L 2
22 1 L 20
23 0 U 22
24 0 U -1
25 1 L 21
26 0 U 25
27 1 L 23
28 0 U 19
29 1 U 28
30 0 U 29
31 1 L 29
32 0 L 29
33 0 U 32
34 0 U 33
35 1 U 34
36 1 L 28
37 1 U 36
38 0 U 37
39 1 U 38
40 0 U 34
41 1 U 40
42 1 U 41
43 0 U 42
44 0 U 13
45 0 L 33
46 0 L 42
47 1 L 10
48 1 U 19
49 1 U 48
50 1 U 49
51 0 L 34
52 1 U 51
53 1 U 52
54 0 U 53
55 1 U 54
56 1 U 37
57 0 L 39
58 0 L 44
59 1 U 58
60 0 U 59
61 0 U 60
62 0 U 21
63 0 L 41
64 0 U 10
65 1 U 3
66 0 U 65
67 1 U 66
68 1 U 67
69 1 U 68
70
0 1 U -1
1 0 U 0
2 1 U 1
3 0 U 2
4 0 U 0
5 1 U 4
6 1 U 5
7 0 U 6
8 0 U -1
9 1 U 8
10 1 U 9
11 0 U 10
12 0 L 3
13 1 U 12
14 0 U 13
15 1 U 6
16 0 U -1
17 1 U 2
18 0 L 11
19 0 U 18
20 0 U 19
21 0 L 2
22 1 L 20
23 0 U 22
24 0 U -1
25 1 L 21
26 0 U 25
27 1 L 23
28 0 U 19
29 1 U 28
30 0 U 29
31 1 L 29
32 0 L 29
33 0 U 32
34 0 U 33
35 1 U 34
36 1 L 28
37 1 U 36
38 0 U 37
39 1 U 38
40 0 U 34
41 1 U 40
42 1 U 41
43 1 U 5
44 1 U 36
45 0 L 33
46 1 U 45
47 1 L 10
48 1 U 19
49 1 U 48
50 1 U 49
51 0 L 34
52 0 L 21
53 1 U 52
54 0 U 53
55 1 U 54
56 1 U 37
57 0 L 27
58 0 L 44
59 1 U 58
60 0 U 59
61 0 U 60
62 0 U 21
63 0 L 41
64 0 U 10
65 1 U 3
66 0 U 65
67 1 U 66
68 1 U 67
69 1 U 68
70
0 1 U -1
1 0 U 0
2 1 U 1
3 0 U 2
4 1 U 2
5 1 U 4
6 1 U 5
7 0 U 6
8 0 U -1
9 1 U 8
10 1 U 9
11 0 U 10
12 0 L 3
13 1 U 12
14 0 U 13
15 1 U 6
16 0 U -1
17 1 U 2
18 0 L 11
19 0 U 18
20 0 U 19
21 1 L 7
22 1 U 9
23 0 U 22
24 0 U -1
25 1 L 21
26 0 U 25
27 1 L 23
28 0 U 19
29 1 U 28
30 0 U 29
31 1 L 29
32 0 L 29
33 0 U 32
34 0 U 33
35 1 U 34
36 1 L 28
37 1 L 16
38 0 U 37
39 1 U 38
40 0 U 34
41 1 U 40
42 1 U 41
43 0 U 42
44 1 L 5
45 0 L 33
46 1 U 45
47 1 L 10
48 1 U 19
49 1 U 48
50 1 U 49
51 0 L 34
52 1 U 51
53 1 U -1
54 0 U 53
55 1 U 54
56 1 U 37
57 1 U 56
58 0 L 44
59 1 U 58
60 0 U 59
61 0 U 60
62 0 U 21
63 0 L 41
64 0 U 10
65 1 U 3
66 0 U 65
67 1 U 66
68 1 U 67
69 1 U 68
70
0 0 L -1
1 0 U 0
2 1 U 1
3 0 U 2
4 1 U 2
5 1 U 4
6 1 L 4
7 0 U 6
8 0 U -1
9 1 U 8
10 1 L 3
11 0 L 3
12 0 L 3
13 1 U 12
14 0 U 13
15 1 U 6
16 0 U -1
17 1 U 2
18 0 L 11
19 0 U 18
20 0 U 19
21 0 L 2
22 1 L 20
23 0 U 22
24 0 U -1
25 1 L 21
26 0 U 25
27 1 L 23
28 0 U 19
29 1 U 28
30 0 U 29
31 1 L 29
32 0 L 29
33 0 U 32
34 0 U 33
35 1 U 34
36 1 L 28
37 1 U 36
38 0 U 37
39 1 U 38
40 0 U 34
41 1 U 40
42 1 U 41
43 0 U 42
44 1 U 36
45 0 L 33
46 1 U 45
47 1 L 10
48 1 U 19
49 1 U 48
50 1 U 49
51 0 L 34
52 1 U 51
53 1 U 52
54 0 U 53
55 1 U 54
56 1 U 37
57 0 L 52
58 0 L 44
59 1 U 58
60 0 U 59
61 0 U 60
62 0 U 21
63 0 L 41
64 0 U 10
65 0 U 57
66 0 U 65
67 0 U 2
68 1 U 67
69 1 U 68
70
0 0 L -1
1 0 U 0
2 1 U 1
3 0 U 2
4 1 U 2
5 1 U 4
6 1 U 5
7 0 U 6
8 0 U -1
9 1 U 8
10 1 U 9
11 0 U 10
12 0 L 3
13 1 U 12
14 0 U 13
15 1 U 6
16 0 U -1
17 1 U 2
18 0 L 11
19 0 U 18
20 0 U 19
21 1 U 16
22 1 L 20
23 0 U 22
24 0 U -1
25 1 L 21
26 0 L 3
27 1 L 23
28 0 U 19
29 1 U 28
30 1 L 9
31 1 U 17
32 0 L 29
33 0 U 32
34 0 U 33
35 1 U 34
36 1 L 28
37 1 U 36
38 0 U 37
39 1 U 38
40 0 U 34
41 1 U 40
42 1 U 41
43 0 U 42
44 1 U 36
45 0 L 33
46 1 U 45
47 0 L 23
48 1 U 19
49 0 L 17
50 1 U 49
51 0 L 34
52 1 U 51
53 1 U 52
54 0 U 53
55 1 U 54
56 1 U 37
57 1 U 56
58 0 L 44
59 1 U 17
60 0 U 59
61 0 U 60
62 0 U 21
63 0 L 41
64 0 U 10
65 1 U 3
66 0 U 65
67 1 U 66
68 1 U 67
69 1 U 68
70
0 1 U -1
1 0 U 0
2 1 U 1
3 0 U 2
4 1 U 2
5 1 U 4
6 1 U 5
7 0 U 6
8 0 U -1
9 1 U 8
10 1 U 9
11 0 U 10
12 0 L 10
13 1 U 12
14 1 L 5
15 1 U 6
16 0 U -1
17 1 U 15
18 0 L 11
19 0 U 18
20 0 U 19
21 0 L 2
22 1 L 20
23 0 U 22
24 0 U -1
25 1 L 22
26 0 U 25
27 1 L 23
28 0 U 19
29 1 U 28
30 0 U 29
31 1 L 29
32 0 L 29
33 0 U 32
34 0 U 33
35 1 U 34
36 1 L 28
37 1 U 36
38 0 U 37
39 1 U 38
40 0 U 34
41 1 U 40
42 1 U 41
43 0 U 42
44 1 U 36
45 0 L 33
46 1 U 45
47 1 L 39
48 1 U 19
49 1 U 48
50 1 U 49
51 0 L 34
52 1 U 51
53 1 U 52
54 0 U 53
55 1 U 54
56 1 U 37
57 1 L 34
58 1 U 47
59 0 L 55
60 0 U 59
61 0 U 60
62 0 U 21
63 0 L 41
64 0 U 10
65 1 U 3
66 0 U 65
67 1 U 66
68 1 U 67
69 1 U 68
70
0 1 U -1
1 0 U 0
2 1 U 1
3 0 L 2
4 1 U 2
5 1 U 4
6 1 U 5
7 0 U 6
8 0 U -1
9 1 U 8
10 1 U 9
11 0 U 10
12 0 L 3
13 1 U 12
14 0 U 13
15 1 U 6
16 0 U -1
17 1 U 2
18 0 L 11
19 0 U 18
20 0 U 19
21 0 L 2
22 1 L 20
23 1 U 3
24 0 U -1
25 1 L 21
26 0 U 25
27 1 L 23
28 0 U 19
29 1 U 28
30 0 U 29
31 1 L 29
32 0 L 29
33 0 U 32
34 0 U 33
35 1 U 34
36 1 L 28
37 1 U 36
38 0 U 37
39 1 U 38
40 0 U 34
41 0 U 29
42 1 U 41
43 0 U 42
44 1 U 36
45 0 L 33
46 1 U 45
47 1 L 10
48 1 U 19
49 1 U 48
50 1 U 49
51 1 U 7
52 1 U 51
53 1 U 52
54 0 U 53
55 1 U 54
56 0 U 6
57 1 U 56
58 0 L 44
59 1 U 58
60 0 U 59
61 0 U 60
62 0 U 21
63 0 L 41
64 0 U 10
65 1 U 3
66 0 U 65
67 1 U 66
68 1 U 67
69 1 U 68
70
0 1 L -1
1 0 U 0
2 1 U 1
3 0 U 2
4 1 U 2
5 1 U 4
6 1 U 2
7 0 U 6
8 1 L 4
9 1 U 8
10 1 U 9
11 0 U 10
12 0 L 3
13 1 U 12
14 0 U 13
15 1 U 6
16 0 U -1
17 1 U 2
18 0 L 11
19 0 U 18
20 0 U 19
21 0 L 2
22 1 L 20
23 0 U 22
24 0 U -1
25 1 L 21
26 0 U 25
27 1 L 23
28 0 U 19
29 1 U 28
30 0 U 29
31 1 L 29
32 0 L 3
33 0 U 32
34 0 U 33
35 1 U 34
36 1 L 28
37 1 U 36
38 0 U 37
39 0 U 14
40 0 L 21
41 1 U 40
42 1 U 41
43 0 U 42
44 1 U 36
45 0 L 33
46 1 U 45
47 1 L 10
48 1 U 19
49 1 U 48
50 1 U 49
51 0 L 34
52 1 U 51
53 1 U 52
54 0 U 53
55 1 U 17
56 1 U 37
57 1 U 56
58 0 L 44
59 1 U 58
60 0 U 59
61 0 U 60
62 1 L 6
63 0 L 41
64 0 U 10
65 1 U 3
66 0 U 65
67 1 U 66
68 1 U 67
69 1 U 68
70
0 1 U -1
1 0 U 0
2 1 U 1
3 1 U 2
4 1 U 2
5 1 U 4
6 1 U 5
7 0 U 6
8 0 U 3
9 1 U 8
10 1 L 7
11 1 U -1
12 0 L 3
13 1 U 12
14 0 U 13
15 1 U 6
16 0 U -1
17 1 U 2
18 0 L 11
19 0 U 18
20 0 U 19
21 0 L 2
22 1 L 20
23 0 U 22
24 0 U -1
25 1 L 21
26 0 U 25
27 1 L 23
28 1 L 25
29 1 U 28
30 0 U 29
31 1 L 29
32 1 L 25
33 0 U 32
34 0 U 33
35 1 U 34
36 1 L 28
37 1 U 36
38 0 U 37
39 1 U 38
40 0 U 34
41 1 U 40
42 0 U 6
43 0 U 42
44 1 U 36
45 0 L 33
46 1 U 15
47 1 U 1
48 1 U 11
49 1 U 48
50 1 U 49
51 0 L 34
52 1 U 51
53 1 U 52
54 0 U 53
55 1 U 54
56 1 U 37
57 1 U 56
58 0 L 44
59 1 U 58
60 0 U 59
61 0 U 60
62 1 U 18
63 0 L 41
64 1 L 21
65 1 U 3
66 0 U 65
67 1 U 66
68 1 U 67
69 1 U 68
70
0 1 U -1
1 0 U 0
2 0 U 0
3 0 U 2
4 1 U 2
5 1 U 4
6 1 U 5
7 1 U 3
8 0 U -1
9 1 L 2
10 0 L 0
11 0 U 10
12 0 U 8
13 1 U 12
14 1 U 7
15 1 U 6
16 0 U -1
17 1 U 2
18 0 L 11
19 0 U 18
20 0 U 19
21 0 U 18
22 1 L 20
23 0 U 22
24 0 U -1
25 1 L 21
26 0 U 25
27 1 L 23
28 0 U 19
29 1 U 28
30 0 U 29
31 1 L 29
32 0 L 29
33 0 U 32
34 0 U 33
35 1 U 34
36 1 L 28
37 1 U 36
38 0 U 37
39 1 U 34
40 0 U 34
41 1 U 40
42 1 U 41
43 0 U 42
44 1 U 36
45 0 L 33
46 1 U 45
47 1 L 10
48 1 U 19
49 1 U 48
50 1 U 49
51 0 L 34
52 1 U 51
53 1 U 52
54 0 U 53
55 1 U 54
56 1 U 37
57 1 U 56
58 1 U 18
59 1 U 58
60 1 L 51
61 0 U 60
62 0 U 21
63 0 L 41
64 0 U 10
65 1 U 3
66 0 U 65
67 1 U 66
68 0 L 63
69 0 U 2
70
0 1 U -1
1 0 U 0
2 1 U 1
3 0 U 2
4 1 U 2
5 1 U 4
6 1 U 5
7 1 U 1
8 0 U -1
9 1 U 8
10 1 U 9
11 0 U 10
12 0 L 3
13 1 U 12
14 0 U 13
15 1 U 6
16 0 U -1
17 1 U 2
18 0 L 11
19 0 U 18
20 0 U 19
21 0 L 2
22 1 L 20
23 0 U 22
24 0 U -1
25 1 L 21
26 0 U 25
27 1 L 23
28 0 U 2
29 1 U 28
30 0 U 29
31 1 L 29
32 1 U 1
33 0 U 32
34 0 U 33
35 1 U 34
36 1 L 28
37 1 U 36
38 0 U 37
39 1 U 38
40 0 U 34
41 1 U 40
42 1 U 41
43 0 U 29
44 1 U 36
45 0 L 33
46 1 U 45
47 1 L 10
48 1 U 19
49 1 U 48
50 1 U 49
51 0 L 45
52 1 U 51
53 1 U 52
54 0 U 53
55 1 U 54
56 0 L 23
57 1 U 56
58 0 L 44
59 1 U 58
60 1 L 1
61 0 U 60
62 0 U 21
63 0 L 41
64 0 U 10
65 0 U 25
66 0 U 65
67 1 U 66
68 1 U 67
69 0 U 11
70
0 1 U -1
1 0 U 0
2 1 U 1
3 0 U 2
4 1 U 2
5 1 U 4
6 1 U 5
7 0 U 6
8 0 U -1
9 1 U 8
10 1 U 9
11 0 U 10
12 0 L 3
13 1 U 12
14 0 U 13
15 1 U 6
16 0 U -1
17 1 U 2
18 0 L 11
19 0 U 18
20 1 L 6
21 0 L 2
22 1 L 20
23 0 U 22
24 0 U -1
25 1 L 21
26 0 U 25
27 1 L 23
28 0 U 19
29 1 U 28
30 0 U 29
31 1 U 15
32 0 L 29
33 0 U 32
34 1 L 23
35 0 L 27
36 1 L 28
37 1 U 36
38 0 U 37
39 1 U 38
40 0 U 34
41 1 U 40
42 1 U 10
43 0 U 42
44 1 U 36
45 0 L 33
46 1 U 45
47 1 L 10
48 1 U 19
49 0 U 15
50 1 U 49
51 0 L 34
52 1 U 51
53 1 U 52
54 0 U 53
55 1 U 54
56 1 U 37
57 1 U 56
58 0 L 44
59 1 U 58
60 0 U 41
61 1 U 38
62 0 U 21
63 0 L 41
64 0 U 10
65 1 U 3
66 0 U 65
67 1 U 66
68 1 L 24
69 1 U 68
70
0 1 U -1
1 0 U 0
2 1 U 1
3 0 U 2
4 1 U 2
5 1 U 4
6 1 U 2
7 0 U 6
8 0 U -1
9 1 U 8
10 1 U 9
11 0 U 10
12 0 L 3
13 1 U 10
14 0 L 0
15 1 U 6
16 0 U -1
17 1 U 2
18 0 L 11
19 0 U 18
20 0 U 19
21 0 L 8
22 1 L 20
23 0 U 22
24 0 U -1
25 1 L 21
26 0 U 25
27 1 L 23
28 0 U 19
29 1 U 28
30 0 U 29
31 1 L 29
32 0 L 29
33 0 U 32
34 0 U 33
35 1 U 34
36 1 L 28
37 1 U 36
38 0 U 37
39 1 U 38
40 0 U 34
41 1 U 40
42 1 U 41
43 0 U 42
44 1 U 36
45 0 L 33
46 1 U 45
47 1 L 10
48 1 U 19
49 1 U 48
50 1 U 49
51 0 L 34
52 1 U 51
53 1 U 52
54 0 U 53
55 1 U 54
56 1 U 37
57 0 U 54
58 0 U 9
59 1 U 58
60 0 U 59
61 0 U 60
62 0 U 21
63 0 L 41
64 0 U 10
65 1 U 3
66 0 U 65
67 1 U 66
68 1 U 67
69 1 U 68
70
0 1 U -1
1 0 U 0
2 1 U 1
3 0 U 2
4 1 U 2
5 1 U 4
6 1 U 5
7 0 U 6
8 1 L 3
9 1 U 8
10 1 U 9
11 0 U 10
12 0 U 4
13 1 U 12
14 0 U 13
15 1 U 6
16 0 U -1
17 1 U 2
18 0 L 11
19 0 U 18
20 0 U 19
21 0 L 2
22 1 L 20
23 0 U 22
24 0 U -1
25 1 L 21
26 0 U 25
27 1 L 23
28 0 U 19
29 1 U 28
30 0 U 29
31 1 L 29
32 0 L 29
33 0 U 32
34 0 U 33
35 1 U 34
36 1 L 28
37 1 U 36
38 0 U 37
39 1 U 38
40 0 U 34
41 1 L 24
42 1 U 41
43 0 U 42
44 1 U 36
45 0 L 33
46 1 U 45
47 1 L 10
48 1 L 27
49 1 U 48
50 1 U 49
51 0 L 34
52 1 U 51
53 1 U 52
54 0 U 53
55 1 U 54
56 1 U 37
57 1 U 56
58 0 L 44
59 1 U 58
60 0 U 59
61 0 U 60
62 0 U 21
63 0 L 41
64 0 U 20
65 0 L 19
66 0 L 16
67 1 U 66
68 1 U 67
69 1 L 1
70
0 1 U -1
1 0 U 0
2 1 U 1
3 0 U 2
4 1 U 2
5 1 U 4
6 1 U 5
7 0 U 6
8 0 U -1
9 1 U 8
10 1 U 6
11 0 U 10
12 0 L 3
13 1 U 12
14 0 U 13
15 1 U 6
16 0 U -1
17 1 U 0
18 0 L 11
19 0 U 18
20 1 U 4
21 1 L 18
22 1 L 20
23 0 U 22
24 0 U -1
25 1 L 21
26 0 U 25
27 1 L 23
28 0 U 19
29 0 L 3
30 0 U 29
31 1 L 29
32 0 L 29
33 0 U 32
34 0 U 33
35 1 L 15
36 0 L 17
37 1 U 36
38 0 U 37
39 1 U 38
40 0 U 34
41 1 U 40
42 1 U 41
43 0 U 42
44 1 U 36
45 0 L 33
46 1 U 45
47 1 L 10
48 1 U 19
49 1 U 48
50 1 U 49
51 0 L 34
52 1 U 51
53 1 U 52
54 0 U 53
55 1 U 8
56 1 U 37
57 1 U 56
58 0 L 44
59 1 U 58
60 1 U 43
61 0 U 60
62 0 U 21
63 0 L 41
64 0 U 10
65 1 U 3
66 0 L 60
67 1 U 66
68 1 U 67
69 1 U 68
70
0 1 U -1
1 0 U 0
2 1 U 1
3 0 U 2
4 1 U 2
5 1 U 4
6 1 U 5
7 0 L 3
8 0 U -1
9 1 U 8
10 0 U 5
11 1 L 5
12 0 L 3
13 1 U 12
14 0 U 13
15 1 U 6
16 0 U -1
17 1 U 2
18 0 L 11
19 0 U 18
20 0 U 19
21 0 L 2
22 1 L 20
23 0 U 22
24 0 U -1
25 1 L 21
26 0 U 25
27 1 L 23
28 0 U 19
29 1 U 28
30 0 U 29
31 1 L 29
32 0 L 29
33 0 U 32
34 1 U 27
35 1 U 34
36 0 L 2
37 1 U 36
38 0 U 37
39 1 U 38
40 0 U 34
41 1 U 40
42 1 U 41
43 1 U 14
44 1 U 36
45 0 L 33
46 0 U 8
47 1 L 10
48 1 U 5
49 1 U 48
50 1 U 49
51 0 L 34
52 0 L 45
53 1 U 52
54 0 U 53
55 1 U 54
56 1 U 37
57 1 U 56
58 0 L 44
59 1 U 58
60 0 U 59
61 0 U 60
62 0 U 21
63 0 L 41
64 0 U 10
65 1 U 3
66 0 U 65
67 1 U 66
68 1 U 67
69 1 U 68
70
0 1 U -1
1 0 U 0
2 1 U 1
3 0 U 2
4 1 U 2
5 1 U 4
6 1 U 5
7 0 U 6
8 0 U -1
9 1 U 8
10 1 U 9
11 0 U 0
12 0 U 10
13 1 U 12
14 0 U 13
15 1 U 6
16 0 U -1
17 1 U 2
18 0 L 11
19 0 U 18
20 0 U 19
21 0 L 2
22 1 L 20
23 0 U 22
24 0 U -1
25 1 L 21
26 0 U 25
27 1 L 23
28 0 U 19
29 0 U 1
30 0 U 29
31 1 L 29
32 0 L 29
33 0 U 32
34 0 U 33
35 1 U 34
36 1 L 28
37 1 U 36
38 0 U 37
39 1 U 38
40 0 U 34
41 1 U 40
42 1 U 41
43 0 U 42
44 1 U 36
45 0 L 33
46 1 U 45
47 1 L 10
48 1 L 5
49 1 U 48
50 1 U 49
51 0 L 34
52 1 U 51
53 1 U 52
54 0 U 17
55 1 U 54
56 0 L 13
57 1 U 56
58 0 L 44
59 1 U 58
60 0 U 59
61 0 U 60
62 0 U 21
63 0 L 41
64 0 U 10
65 1 U 3
66 0 U 65
67 1 U 66
68 1 U 67
69 1 U 68
70
0 1 U -1
1 0 U 0
2 1 U 1
3 0 U 2
4 1 U 2
5 1 U 4
6 1 U 1
7 1 U 4
8 0 U -1
9 1 U 8
10 1 U 9
11 0 U 10
12 0 L 3
13 1 U 12
14 0 U 13
15 1 U 6
16 0 U -1
17 1 U 2
18 0 L 11
19 0 U 18
20 0 U 19
21 0 L 4
22 1 L 20
23 0 U 22
24 0 U 4
25 1 L 21
26 0 U 25
27 1 L 23
28 0 U 19
29 1 U 28
30 0 U 29
31 1 L 29
32 0 L 29
33 0 U 32
34 0 U 33
35 1 U 34
36 1 L 28
37 1 U 36
38 0 U 37
39 1 U 38
40 0 U 34
41 1 U 40
42 1 U 41
43 0 U 42
44 1 U 36
45 0 L 33
46 1 U 45
47 1 L 10
48 1 U 19
49 1 U 48
50 1 U 49
51 0 L 34
52 1 U 51
53 1 U 52
54 0 U 53
55 1 U 54
56 1 U 37
57 1 U 56
58 1 L 32
59 1 U 58
60 1 L -1
61 0 U 60
62 0 U 21
63 0 L 41
64 0 U 10
65 1 U 3
66 0 U 65
67 1 U 66
68 1 U 67
69 1 U 68
70
0 1 U -1
1 0 U 0
2 1 U 1
3 0 U 2
4 1 U 2
5 1 U 4
6 1 U 5
7 0 U 6
8 0 U -1
9 1 U 8
10 1 U 9
11 0 U 10
12 0 L 3
13 1 L 6
14 0 U 13
15 1 U 6
16 0 U -1
17 1 U 2
18 0 L 11
19 0 U 18
20 0 L 3
21 0 L 2
22 1 L 20
23 0 U 22
24 0 U -1
25 1 L 21
26 0 U 25
27 1 L 23
28 0 U 19
29 1 U 28
30 0 U 29
31 1 L 29
32 0 L 29
33 0 U 32
34 0 L 28
35 1 U 34
36 1 L 28
37 1 U 36
38 0 U 37
39 1 U 38
40 0 U 34
41 1 U 15
42 1 U 41
43 0 U 42
44 1 U 36
45 1 L 12
46 1 U 45
47 1 L 10
48 1 U 19
49 1 U 48
50 1 U 49
51 0 U 11
52 1 U 51
53 1 U 52
54 0 U 53
55 1 U 54
56 1 U 37
57 1 U 56
58 0 L 44
59 1 U 58
60 0 U 59
61 0 U 60
62 0 U 21
63 0 L 41
64 0 U 10
65 1 U 3
66 0 U 65
67 1 U 66
68 1 U 67
69 1 U 68
70
0 1 U -1
1 0 U 0
2 1 U 1
3 0 U 2
4 1 U 2
5 0 U 1
6 1 U 5
7 0 U 6
8 0 L -1
9 1 U 8
10 1 U 9
11 0 L 4
12 0 L 3
13 1 U 12
14 0 U 13
15 1 U 6
16 0 U -1
17 1 U 2
18 0 L 11
19 0 U 18
20 0 L 4
21 0 L 2
22 1 L 20
23 0 U 22
24 0 U -1
25 1 L 21
26 0 U 16
27 1 L 23
28 0 L 15
29 1 U 28
30 0 U 29
31 1 L 29
32 0 L 29
33 0 U 32
34 0 U 33
35 1 U 34
36 1 L 28
37 1 U 36
38 0 U 37
39 1 U 38
40 0 U 34
41 1 U 40
42 1 U 41
43 0 U 42
44 1 U 36
45 0 L 33
46 0 L 24
47 1 L 10
48 1 U 19
49 1 U 48
50 1 U 49
51 0 L 34
52 1 U 51
53 1 U 52
54 0 U 53
55 0 L 29
56 1 U 37
57 1 U 56
58 0 L 44
59 1 U 58
60 0 U 59
61 0 U 60
62 0 U 21
63 0 L 41
64 0 U 10
65 1 U 3
66 0 U 65
67 1 U 66
68 1 U 67
69 1 U 68
70
0 1 U -1
1 0 L 0
2 0 L 1
3 0 U 2
4 1 U 2
5 1 U 4
6 1 U 5
7 0 U 6
8 0 U -1
9 1 U 8
10 1 U 9
11 0 U 10
12 0 L 3
13 1 U 12
14 0 U 13
15 1 U 6
16 0 U -1
17 1 U 2
18 0 L 11
19 0 U 18
20 0 U 19
21 0 L 2
22 1 L 20
23 0 U 22
24 0 U -1
25 1 L 21
26 0 L 22
27 1 L 23
28 0 U 19
29 1 U 28
30 0 U 29
31 1 L 29
32 0 L 29
33 0 U 32
34 0 U 33
35 1 U 34
36 1 L 28
37 1 U 36
38 0 U 37
39 1 U 38
40 0 U 34
41 1 U 40
42 1 U 41
43 0 U 42
44 1 U 36
45 0 L 33
46 1 U 45
47 1 L 10
48 1 U 19
49 1 U 48
50 1 U 49
51 0 L 34
52 1 U 51
53 1 U 52
54 1 L 29
55 1 U 54
56 0 L 15
57 1 U 56
58 1 U 47
59 1 U 58
60 0 U 59
61 0 U 60
62 1 L 24
63 0 L 41
64 0 U 10
65 1 U 3
66 0 U 65
67 1 U 66
68 1 U 67
69 1 U 68
70
0 0 U -1
1 0 U 0
2 1 U 1
3 0 U 2
4 1 U 2
5 1 U 4
6 1 U 5
7 0 U 1
8 0 U -1
9 1 U 8
10 1 U 9
11 0 U 10
12 0 L 3
13 1 U 12
14 0 U 13
15 0 U 6
16 0 U -1
17 1 U 2
18 0 L 11
19 0 U 18
20 0 U 19
21 0 L 2
22 1 L 20
23 0 U 22
24 0 U -1
25 1 L 21
26 0 U 25
27 1 L 23
28 0 U 19
29 1 U 28
30 1 U 4
31 1 L 29
32 0 L 29
33 0 U 32
34 0 U 33
35 1 U 34
36 1 L 28
37 1 U 36
38 0 U 37
39 0 L 28
40 0 U 34
41 1 U 40
42 1 U 41
43 0 U 42
44 1 U 36
45 0 L 33
46 1 U 45
47 1 L 10
48 1 U 19
49 1 U 13
50 1 U 49
51 0 L 34
52 1 U 51
53 1 U 52
54 0 L 36
55 1 U 21
56 1 U 37
57 1 U 56
58 0 L 12
59 1 U 58
60 0 U 59
61 0 U 60
62 0 U 21
63 0 L 41
64 0 U 10
65 1 U 3
66 0 U 65
67 1 U 66
68 1 U 67
69 1 U 68
70
0 1 U -1
1 0 U 0
2 1 U 1
3 0 U 2
4 1 U 2
5 1 U 4
6 1 U 5
7 0 U 6
8 0 U -1
9 1 U 8
10 1 U 9
11 0 U 10
12 0 L 3
13 1 U 12
14 0 U 13
15 1 U 6
16 0 U -1
17 1 U 2
18 0 L 11
19 0 U 18
20 0 U 19
21 0 L 2
22 1 L 20
23 0 U 22
24 0 U -1
25 1 L 21
26 0 U 25
27 1 L 23
28 0 U 19
29 1 U 28
30 0 U 29
31 1 L 29
32 0 L 29
33 0 U 32
34 0 U 33
35 1 U 34
36 1 L 28
37 1 U 36
38 0 U 37
39 1 U 38
40 0 U 34
41 1 U 40
42 1 U 41
43 0 U 42
44 1 U 36
45 1 U 23
46 1 U 45
47 1 L 10
48 1 U 19
49 1 U 48
50 1 U 49
51 0 L 34
52 1 U 51
53 1 U 52
54 0 U 53
55 1 U 54
56 1 U 37
57 1 U 56
58 0 L 44
59 1 U 58
60 0 U 59
61 0 U 60
62 0 U 21
63 0 L 41
64 0 U 10
65 0 L 30
66 0 U 65
67 0 U 25
68 1 U 67
69 1 U 68
70
0 1 U -1
1 0 U 0
2 1 U 1
3 0 U 2
4 1 U 2
5 0 L 1
6 1 U 5
7 0 U 5
8 0 U -1
9 1 U 8
10 1 U 9
11 0 U 10
12 0 L 3
13 1 U 12
14 0 U 13
15 0 L 3
16 0 U -1
17 1 U 2
18 0 L 11
19 0 U 18
20 0 U 19
21 0 L 2
22 1 L 20
23 0 U 6
24 0 U -1
25 1 L 21
26 0 U 25
27 1 L 23
28 0 U 19
29 1 U 28
30 0 U 29
31 1 L 29
32 0 L 29
33 0 U 32
34 0 U 33
35 1 U 34
36 1 L 28
37 1 U 36
38 0 U 37
39 1 U 38
40 0 U 27
41 1 U 40
42 1 U 41
43 0 U 42
44 1 U 36
45 0 L 33
46 1 U 45
47 1 L 10
48 1 U 19
49 1 U 48
50 1 U 49
51 0 L 34
52 1 L 11
53 1 L 33
54 1 L 43
55 1 U 54
56 1 U 37
57 1 U 56
58 0 L 44
59 1 U 58
60 0 U 59
61 0 U 60
62 0 U 21
63 0 L 41
64 0 U 10
65 1 U 3
66 1 L 8
67 1 U 66
68 1 U 67
69 1 L 28
