67
0 1 U -1
1 0 U 0
2 1 U 1
3 0 U 2
4 0 U 3
5 1 U 4
6 0 U 5
7 1 U 6
8 1 U -1
9 1 U 8
10 0 U 9
11 1 U 10
12 1 U 11
13 1 U 12
14 0 U 13
15 1 U 14
16 0 U -1
17 1 U 16
18 1 U 17
19 1 U 18
20 1 U 19
21 1 U 20
22 1 U 21
23 1 U 22
24 1 U -1
25 0 U 24
26 0 U 25
27 0 U 26
28 1 U 27
29 0 U 28
30 0 U 29
31 1 U 30
32 0 U -1
33 1 U 32
34 0 U 33
35 0 U 34
36 1 U 35
37 0 U 36
38 0 U 37
39 1 U 38
40 0 U -1
41 0 U 40
42 0 U 41
43 1 U 42
44 0 U 43
45 1 U 44
46 1 U 45
47 0 U 46
48 0 U -1
49 1 U 48
50 1 U 49
51 1 U 50
52 0 U 51
53 0 U 52
54 1 U 53
55 1 U 54
56 0 U -1
57 0 U 56
58 0 U 57
59 1 U 58
60 0 U 59
61 1 U 60
62 0 U 61
63 1 U 62
64 1 U -1
65 0 U 64
66 0 U 65
67
0 1 U -1
1 0 U 0
2 1 U 1
3 0 U 2
4 0 U 3
5 1 U 4
6 0 U 5
7 1 U 6
8 1 U -1
9 1 U 8
10 0 U 9
11 1 U 3
12 1 U 11
13 1 U 12
14 0 U 13
15 1 U 14
16 0 U -1
17 0 U 10
18 1 U 17
19 1 U 18
20 1 U 19
21 1 U 20
22 1 U 21
23 1 U 22
24 1 U -1
25 0 U 24
26 0 U 25
27 1 L 14
28 1 U 27
29 0 U 28
30 0 U 29
31 1 U 30
32 0 U -1
33 1 U 32
34 0 U 33
35 0 U 34
36 1 U 35
37 0 U 36
38 0 U 11
39 1 U 38
40 0 U -1
41 0 L 18
42 0 U 41
43 1 U 42
44 0 U 43
45 1 U 44
46 1 U 45
47 0 U 46
48 0 U -1
49 1 U 42
50 1 L 29
51 1 U 50
52 0 U 51
53 0 U 52
54 1 U 53
55 1 U 54
56 1 U 32
57 0 U 56
58 0 U 57
59 1 U 58
60 0 U 59
61 1 U 60
62 0 U 61
63 1 U 62
64 1 U -1
65 0 U 64
66 0 U 65
67
0 1 U -1
1 1 U 0
2 1 U 1
3 0 U 2
4 0 U 3
5 1 U 4
6 0 U 5
7 1 U 6
8 1 U -1
9 1 U 8
10 0 U 9
11 1 U 10
12 1 U 11
13 1 U 12
14 0 U 13
15 1 U 14
16 0 U -1
17 1 U 16
18 1 U 17
19 1 U 18
20 1 U 19
21 1 U 20
22 1 U 21
23 1 U 22
24 1 U -1
25 0 U 24
26 0 U 25
27 0 U 26
28 1 U 27
29 0 U 28
30 0 U 29
31 1 U 30
32 0 U -1
33 1 U 32
34 0 U 33
35 0 U 34
36 1 U 35
37 0 U 36
38 0 L 29
39 1 U 38
40 0 U -1
41 0 U 40
42 0 U 41
43 1 U 42
44 0 U 43
45 1 U 44
46 1 U 45
47 0 L 44
48 0 U -1
49 0 L 5
50 1 U 49
51 1 U 50
52 1 U 6
53 0 U 52
54 1 U 53
55 1 U 54
56 0 U -1
57 0 U 56
58 0 U 57
59 1 U 58
60 0 U 59
61 1 U 60
62 0 U 27
63 0 U 18
64 1 U -1
65 0 U 64
66 0 U 65
67
0 1 U -1
1 0 U 0
2 1 U 1
3 0 U 2
4 0 U 3
5 1 U 4
6 0 U 5
7 1 U 6
8 1 U -1
9 1 U 8
10 0 U 9
11 1 U 10
12 1 U 11
13 1 L -1
14 0 U 13
15 1 U 14
16 0 U -1
17 1 U 16
18 1 U 17
19 1 U 18
20 1 U 19
21 1 U 20
22 1 U 21
23 1 U 22
24 0 L 7
25 0 U 24
26 0 U 25
27 0 U 26
28 1 U 27
29 0 U 28
30 0 U 29
31 1 U 30
32 0 U -1
33 1 U 32
34 0 U 33
35 0 U 34
36 1 U 35
37 0 U 36
38 0 U 37
39 1 U 38
40 0 U -1
41 0 U 40
42 0 U 41
43 1 U 42
44 0 U 43
45 1 U 44
46 1 U 45
47 1 U 45
48 0 U -1
49 1 U 48
50 1 U 49
51 1 U 50
52 0 U 51
53 0 U 52
54 1 U 53
55 1 U 54
56 0 U -1
57 0 U 56
58 0 U 57
59 1 U 58
60 0 U 59
61 1 U 60
62 0 U 61
63 1 U 62
64 1 L 57
65 0 U 64
66 0 U 20
67
0 1 U -1
1 0 U 0
2 1 U 1
3 0 U 2
4 0 L 3
5 1 U 4
6 0 U 5
7 1 U 6
8 1 U -1
9 1 L 6
10 0 U 9
11 1 U 10
12 1 U 11
13 1 U 12
14 0 U 13
15 1 U 14
16 0 U -1
17 1 U 16
18 1 U 17
19 1 U 18
20 0 U 4
21 1 U 20
22 1 U 21
23 1 U 22
24 0 U 17
25 0 U 24
26 0 U 25
27 0 U 26
28 1 U 27
29 0 U 28
30 0 U 29
31 1 U 30
32 0 U -1
33 1 U -1
34 0 U 33
35 0 U 34
36 1 U 35
37 0 U 36
38 0 U 37
39 1 U 38
40 0 U -1
41 0 U 40
42 0 U 41
43 1 U 42
44 0 U 43
45 1 U 44
46 1 U 45
47 0 U 46
48 0 U -1
49 0 U 38
50 1 U 49
51 1 U 50
52 0 U 51
53 0 U 52
54 1 U 53
55 1 U 54
56 0 U -1
57 0 U 56
58 0 U 57
59 1 U 58
60 0 U 59
61 0 U 23
62 0 U 61
63 1 U 62
64 1 L 61
65 0 U 64
66 1 U 59
67
0 1 U -1
1 0 U 0
2 1 U 1
3 0 U 2
4 0 U 3
5 1 U 4
6 0 U 5
7 1 U 6
8 1 U -1
9 0 U 3
10 0 U 9
11 1 U 10
12 1 U 11
13 1 U 12
14 0 U 13
15 1 U 14
16 0 U -1
17 1 U 16
18 1 U 17
19 1 U 18
20 1 U 19
21 1 U 20
22 1 U 21
23 1 U 22
24 1 U -1
25 0 U 24
26 0 U 25
27 0 U 26
28 1 U 27
29 0 U 28
30 0 U 29
31 1 U 30
32 0 U -1
33 1 U 8
34 0 U 33
35 0 U 34
36 1 U 35
37 0 U 36
38 0 U 37
39 1 U 38
40 0 U -1
41 0 U 40
42 0 U 41
43 1 U 42
44 0 U 43
45 1 U 44
46 1 U 45
47 0 U 46
48 0 U -1
49 1 U 48
50 1 U 49
51 1 U 50
52 0 U 51
53 1 U 18
54 1 U 53
55 1 U 54
56 0 U -1
57 0 U 56
58 0 U 57
59 1 U 58
60 0 U 59
61 1 U 60
62 0 U 61
63 0 U 52
64 1 U -1
65 0 U 64
66 0 U 65
67
0 1 U -1
1 0 U 0
2 1 U 0
3 0 U 2
4 0 U 3
5 1 U 4
6 1 U 3
7 1 U 6
8 1 U -1
9 1 U 8
10 0 U 9
11 1 U 10
12 1 U 11
13 1 U 12
14 0 U 13
15 1 U 14
16 0 U -1
17 1 U 16
18 1 U 17
19 1 U 18
20 1 U 19
21 1 U 20
22 1 U 21
23 1 U 22
24 1 U -1
25 0 U 24
26 0 U 25
27 1 L 2
28 1 U 27
29 0 U 28
30 0 U 29
31 1 U 30
32 0 U -1
33 1 U 32
34 0 U 33
35 0 U 34
36 1 U 35
37 0 U 36
38 0 U 37
39 1 U 38
40 0 U -1
41 0 U 40
42 0 U 41
43 1 U 42
44 0 U 43
45 1 U 44
46 1 U 45
47 0 L 17
48 0 U -1
49 1 U 48
50 1 U 40
51 1 U 50
52 0 U 51
53 0 U 52
54 1 U 53
55 1 U 54
56 0 U 46
57 0 U 56
58 0 U 57
59 1 U 58
60 0 U 59
61 1 U 60
62 0 U 61
63 1 U 62
64 1 U -1
65 0 U 64
66 0 U 65
67
0 1 U -1
1 0 U 0
2 1 U 1
3 0 U 2
4 0 U 3
5 1 U 4
6 0 U 5
7 1 L 3
8 1 U -1
9 1 U 8
10 1 U -1
11 1 U 10
12 1 L 3
13 1 U 12
14 0 U 13
15 1 U 14
16 0 U -1
17 1 U 16
18 1 U 17
19 1 U 18
20 1 U 19
21 1 U 20
22 1 L 21
23 1 U 22
24 1 U -1
25 1 L 17
26 0 U 25
27 0 U 26
28 1 U 27
29 0 U 28
30 0 U 29
31 1 U 30
32 0 U -1
33 1 U 32
34 0 U 33
35 0 U 34
36 1 U 35
37 1 U 29
38 0 U 37
39 1 U 38
40 0 U -1
41 0 U 40
42 0 U 41
43 1 U 42
44 0 U 43
45 1 U 44
46 1 U 45
47 0 U 46
48 0 U -1
49 1 U 48
50 1 U 49
51 1 U 50
52 0 U 51
53 0 U 52
54 1 U 53
55 1 U 54
56 0 U -1
57 0 U 56
58 1 U 48
59 1 U 58
60 0 U 59
61 1 U 60
62 0 U 61
63 1 U 62
64 0 L 27
65 0 U 64
66 0 U 65
67
0 1 U -1
1 0 U 0
2 1 U 1
3 0 U 2
4 0 U 3
5 1 U 4
6 0 U 5
7 1 U 6
8 1 U -1
9 1 U 8
10 0 U 9
11 1 U 10
12 1 U 11
13 1 U 12
14 0 U 13
15 1 L 11
16 0 U -1
17 1 U 16
18 1 U 17
19 1 U 18
20 1 U 19
21 1 U 20
22 1 U 21
23 1 U 22
24 1 U -1
25 0 U 24
26 0 U 25
27 0 U 26
28 1 U 27
29 0 U 28
30 0 U 29
31 0 U 9
32 0 U -1
33 1 U 32
34 0 U 33
35 0 U 34
36 1 U 35
37 1 L 33
38 0 U 37
39 1 U 38
40 0 U -1
41 0 U 40
42 0 U 41
43 1 U 42
44 0 U 43
45 1 U 44
46 1 U 45
47 0 U 46
48 0 U -1
49 1 U 34
50 1 U 49
51 1 U 50
52 0 U 51
53 0 U 52
54 1 U 53
55 1 U 54
56 0 U -1
57 0 L 39
58 0 U 57
59 1 U 58
60 0 U 59
61 1 U 60
62 0 U 61
63 1 U 62
64 1 U -1
65 0 U 64
66 1 L 47
67
0 1 U -1
1 0 U 0
2 1 U 1
3 0 U 2
4 0 L 2
5 1 U 4
6 0 U 5
7 1 U 6
8 1 U -1
9 1 U 8
10 0 U 9
11 1 U 10
12 1 U 11
13 1 U 12
14 0 U 13
15 1 L 11
16 0 U -1
17 1 U 16
18 1 U 17
19 1 U 18
20 1 U 19
21 1 U 20
22 1 U 21
23 1 U 22
24 1 U -1
25 0 U 24
26 0 U 25
27 0 U 26
28 1 U 27
29 0 U 28
30 0 U 29
31 0 U 9
32 0 U 29
33 1 U 32
34 0 U 33
35 0 U 34
36 1 U 35
37 1 L 33
38 0 U 37
39 1 U 38
40 0 U -1
41 0 U 40
42 0 U 41
43 1 U 42
44 0 U 43
45 1 U 44
46 1 U 45
47 0 U 46
48 0 U -1
49 1 U 34
50 1 U 49
51 1 U 50
52 0 L 50
53 0 U 52
54 1 U 53
55 1 U 54
56 0 U -1
57 0 U 47
58 0 U 57
59 1 U 58
60 0 U 59
61 1 U 60
62 0 U 61
63 1 U 62
64 1 U -1
65 0 U 64
66 1 L 47
67
0 1 U -1
1 0 U 0
2 1 U 1
3 0 U 2
4 0 U 3
5 1 U 4
6 0 U 5
7 1 U 6
8 1 U -1
9 1 U 8
10 0 U 9
11 1 U 10
12 1 U 11
13 1 U 6
14 0 U 13
15 1 L 11
16 0 U -1
17 1 U 16
18 1 U 17
19 1 U 18
20 1 U 19
21 1 U 20
22 1 U 21
23 1 U 22
24 0 U 10
25 0 U 24
26 0 U 25
27 0 U 26
28 1 U 27
29 0 U 28
30 0 U 29
31 0 U 9
32 0 U -1
33 1 U 32
34 0 U 33
35 1 U 26
36 1 U 35
37 1 L 33
38 1 L 15
39 1 U 38
40 0 U -1
41 0 U 40
42 0 U 41
43 1 U 42
44 0 U 43
45 1 U 44
46 1 U 45
47 0 U 46
48 0 U -1
49 1 U 34
50 1 U 49
51 1 U 50
52 0 U 51
53 0 U 52
54 1 U 53
55 1 U 54
56 0 U -1
57 0 L 39
58 0 U 57
59 1 U 58
60 0 U 59
61 1 U 60
62 0 U 61
63 1 U 62
64 1 U -1
65 0 U 64
66 1 L 47
67
0 1 U -1
1 0 U 0
2 1 U 1
3 0 U 2
4 0 U 3
5 1 U 4
6 0 U 1
7 1 U 6
8 1 U -1
9 1 L 7
10 0 U 9
11 1 U 10
12 1 U 11
13 1 U 12
14 0 U 13
15 1 L 14
16 0 U -1
17 1 U 16
18 1 U 6
19 1 U 18
20 1 U 19
21 1 U 20
22 1 U 21
23 1 U 22
24 1 U -1
25 0 U 24
26 0 U 25
27 0 U 26
28 1 U 27
29 0 U 28
30 0 L 4
31 0 U 9
32 0 U -1
33 1 U 32
34 0 U 33
35 0 U 34
36 1 U 35
37 1 L 33
38 0 U 37
39 1 U 38
40 0 U -1
41 0 U 40
42 0 U 41
43 1 U 42
44 0 U 43
45 0 U 33
46 1 U 45
47 0 U 46
48 0 U -1
49 1 U 34
50 1 U 49
51 1 U 50
52 0 U 51
53 0 U 52
54 1 U 53
55 1 U 54
56 0 U -1
57 0 L 39
58 0 U 57
59 1 U 58
60 0 U 59
61 1 U 60
62 0 U 61
63 1 U 62
64 1 U -1
65 0 U 64
66 1 L 47
67
0 1 U -1
1 0 U 0
2 1 L -1
3 0 U 2
4 0 U 3
5 1 U 4
6 0 U 5
7 1 U 6
8 1 U -1
9 1 U 8
10 0 U 9
11 1 U 10
12 1 U 11
13 1 U 12
14 0 U 13
15 1 L 11
16 0 U -1
17 1 U 16
18 1 U 17
19 1 U 18
20 1 U 19
21 1 U 20
22 1 U 21
23 1 U 22
24 1 U -1
25 0 U 24
26 0 U 25
27 0 U 26
28 1 U 27
29 0 U 28
30 0 U 29
31 0 U 9
32 0 U -1
33 1 U 32
34 0 U 33
35 0 U 34
36 1 U 35
37 1 L 33
38 0 U 37
39 1 U 38
40 0 U -1
41 0 U 40
42 0 U 41
43 1 U 42
44 0 U 43
45 1 U 44
46 1 U 45
47 0 U 46
48 0 U -1
49 1 U 34
50 1 U 49
51 1 U 50
52 0 U 51
53 1 U 9
54 1 U 53
55 1 U 54
56 0 U -1
57 0 L 39
58 0 U 57
59 1 U 58
60 0 U 59
61 1 U 60
62 0 U 61
63 1 U 62
64 1 U -1
65 0 U 44
66 1 L 39
67
0 1 U -1
1 0 U 0
2 1 U 1
3 0 U 2
4 0 U 3
5 1 U 4
6 0 U 5
7 1 U 6
8 1 U -1
9 1 U 8
10 0 U 9
11 1 U 10
12 1 U 11
13 1 U 12
14 0 L 6
15 1 L 11
16 0 U -1
17 1 L 7
18 1 U 17
19 1 U 18
20 1 U 19
21 1 U 20
22 1 U 21
23 0 L 5
24 1 U -1
25 0 U 24
26 1 U 23
27 0 U 26
28 1 U 27
29 0 U 28
30 0 U 29
31 0 U 9
32 0 U -1
33 1 U 32
34 0 U 33
35 0 U 34
36 1 U 35
37 1 L 33
38 0 U 37
39 1 U 38
40 0 U -1
41 0 U 40
42 0 U 41
43 0 L 41
44 1 U 28
45 1 U 44
46 1 U 45
47 0 U 46
48 0 U -1
49 1 L 5
50 1 U 49
51 1 U 50
52 0 U 51
53 0 L 47
54 1 U 53
55 1 U 54
56 0 U -1
57 0 L 39
58 0 U 57
59 1 U 58
60 0 U 59
61 1 U 60
62 0 U 61
63 1 U 62
64 1 U -1
65 0 U 64
66 1 L 47
67
0 1 U -1
1 0 U 0
2 1 U 1
3 0 U 2
4 0 U 3
5 1 U 4
6 0 U 5
7 1 U 6
8 1 U -1
9 1 L 3
10 0 U 9
11 1 U 10
12 1 U 11
13 1 U 12
14 0 U 13
15 1 L 11
16 0 U -1
17 1 U 16
18 0 L 1
19 1 U 18
20 1 U 19
21 1 U 20
22 1 U 21
23 1 U 22
24 0 L 2
25 0 U 24
26 0 U 25
27 1 U -1
28 1 U 27
29 0 U 28
30 0 L 3
31 0 U 9
32 0 U -1
33 1 U 32
34 0 L 20
35 0 U 34
36 1 U 35
37 1 L 33
38 0 U 37
39 1 U 38
40 0 U -1
41 0 U 40
42 0 U 41
43 1 U 42
44 0 U 43
45 1 U 44
46 1 U 45
47 0 U 46
48 0 U -1
49 1 U 34
50 1 U 49
51 1 U 50
52 0 U 51
53 0 U 52
54 1 U 53
55 1 U 54
56 0 U -1
57 0 L 39
58 0 U 57
59 1 U 58
60 0 U 59
61 0 L 33
62 0 U 61
63 1 U 62
64 1 U -1
65 0 U 64
66 1 L 47
67
0 1 L -1
1 0 U 0
2 1 U 0
3 0 U 2
4 0 U 3
5 1 U 4
6 0 U 5
7 1 U 6
8 1 U -1
9 1 U 8
10 1 L 7
11 1 U 10
12 1 U 8
13 1 U 12
14 1 U 5
15 1 L 11
16 0 U -1
17 1 U 16
18 1 U 17
19 1 U 18
20 1 U 19
21 1 U 20
22 1 U 21
23 1 U 22
24 1 U -1
25 1 U 23
26 0 U 25
27 1 U 10
28 1 U 27
29 0 U 28
30 0 U 29
31 0 U 9
32 0 U -1
33 1 U 32
34 0 U 33
35 0 U 34
36 1 U 35
37 1 L 33
38 0 U 37
39 1 U 38
40 0 U -1
41 0 U 40
42 0 U 41
43 0 L 32
44 0 U 43
45 1 U 44
46 1 U 45
47 0 U 46
48 0 U -1
49 1 U 34
50 1 U 49
51 1 U 50
52 0 U 51
53 0 U 52
54 1 U 53
55 1 U 54
56 0 U -1
57 0 L 39
58 0 U 57
59 1 U 58
60 0 U 59
61 1 U 60
62 0 U 61
63 1 U 62
64 1 U -1
65 1 L 7
66 1 L 47
67
0 1 U -1
1 0 U 0
2 1 U 1
3 0 U 2
4 0 U 3
5 1 U 4
6 0 U 5
7 1 U 6
8 1 U -1
9 1 U 8
10 0 U 9
11 1 U 10
12 1 U 11
13 1 U 12
14 0 U 13
15 1 L 11
16 0 U -1
17 1 U 16
18 1 U 17
19 1 U 18
20 1 U 19
21 1 U 20
22 1 U 21
23 0 U 13
24 1 U -1
25 0 U 24
26 0 U 25
27 0 U 26
28 0 L 13
29 0 U 28
30 0 U 29
31 0 U 9
32 0 U -1
33 1 U 32
34 0 U 33
35 0 U 34
36 1 U 35
37 1 L 33
38 0 U 37
39 1 U 38
40 1 L 18
41 0 U 40
42 0 U 41
43 1 U 42
44 0 U 43
45 1 U 44
46 1 U 45
47 0 U 33
48 0 U -1
49 1 U 34
50 1 U 49
51 1 U 50
52 0 U 51
53 0 U 52
54 1 U 53
55 1 U 54
56 0 U -1
57 1 U 20
58 1 U 57
59 0 L 44
60 0 U 59
61 1 U 60
62 0 U 61
63 1 U 62
64 1 U -1
65 0 U 21
66 1 L 47
67
0 1 U -1
1 0 U 0
2 1 U 1
3 0 U 2
4 0 U 3
5 1 U 4
6 0 U 4
7 1 U 6
8 1 U -1
9 1 U 8
10 0 U 9
11 1 U 10
12 1 U 11
13 1 U 12
14 0 U 13
15 1 L 11
16 0 U -1
17 1 U 16
18 1 U 17
19 1 U 18
20 1 U 19
21 1 U 20
22 1 U 21
23 1 U 22
24 1 U -1
25 0 U 24
26 0 U 25
27 0 U 26
28 1 U 27
29 0 U 28
30 0 U 29
31 0 U 9
32 0 U -1
33 1 U 32
34 0 U 33
35 0 U 34
36 1 U 35
37 1 L 33
38 0 U 37
39 0 L 17
40 0 U -1
41 0 U 40
42 0 U 41
43 1 U 42
44 0 U 43
45 1 U 44
46 1 L 21
47 0 U 46
48 0 U -1
49 1 U 34
50 1 U 25
51 1 U 50
52 0 U 51
53 0 U 52
54 1 U 53
55 1 U 54
56 0 L 43
57 0 L 5
58 0 U 57
59 1 U 58
60 0 U 59
61 0 L 60
62 0 U 61
63 1 U 62
64 1 U -1
65 0 U 64
66 1 L 47
67
0 1 U -1
1 0 U 0
2 0 L 1
3 0 U -1
4 0 U 3
5 1 U 4
6 1 L 4
7 1 U 6
8 1 U -1
9 1 U 8
10 0 U 9
11 1 U 10
12 1 U 11
13 1 U 12
14 0 U 13
15 1 L 11
16 0 U -1
17 1 U 16
18 1 U 17
19 1 U 18
20 1 U 19
21 1 U 20
22 1 U 21
23 1 U 22
24 1 U -1
25 0 U 24
26 0 U 25
27 0 U 26
28 1 U 27
29 0 U 28
30 0 U 29
31 0 U 9
32 0 U -1
33 1 U 32
34 0 U 33
35 0 U 34
36 1 U 35
37 1 L 33
38 0 U 37
39 1 U 38
40 0 U -1
41 0 U 40
42 0 U 41
43 1 U 42
44 0 U 43
45 1 U 44
46 1 U 45
47 1 U 23
48 0 U -1
49 1 U 34
50 1 U 49
51 1 U 50
52 0 U 51
53 0 U 52
54 1 U 53
55 1 U 54
56 0 U -1
57 0 L 39
58 0 U 57
59 1 U 58
60 0 U 59
61 1 U 60
62 0 U 61
63 1 L 42
64 1 U -1
65 0 L 56
66 1 L 47
67
0 1 U -1
1 0 U 0
2 1 L 0
3 0 U 2
4 0 U 3
5 1 U 4
6 0 U 5
7 1 U 6
8 1 U -1
9 1 U 8
10 1 L 7
11 1 U 10
12 0 L 7
13 1 U 12
14 0 U 13
15 1 L 11
16 0 U -1
17 1 U 16
18 1 U 17
19 1 U 18
20 1 U 19
21 1 U 20
22 1 U 21
23 1 U 22
24 1 U -1
25 0 U 24
26 0 U 25
27 0 U 26
28 1 U 27
29 0 U 28
30 0 U 29
31 0 U 9
32 0 U -1
33 1 U 32
34 0 U 33
35 0 U 34
36 1 U 35
37 1 L 33
38 0 U 37
39 1 U 38
40 0 U -1
41 1 L 35
42 0 U 41
43 1 U 42
44 0 U 43
45 1 U 44
46 1 U 45
47 0 U 46
48 0 U -1
49 1 U 34
50 1 U 49
51 1 U 50
52 0 U 51
53 0 U 52
54 0 U 33
55 1 U 54
56 0 U -1
57 0 L 39
58 0 U 57
59 0 U 32
60 0 L 41
61 1 U 60
62 1 U 7
63 1 U 62
64 1 U -1
65 0 U 64
66 1 L 47
67
0 1 U -1
1 0 U 0
2 1 U 1
3 0 U 2
4 0 U 3
5 1 U 4
6 0 U 5
7 1 U 6
8 1 L -1
9 1 U 8
10 0 U 9
11 1 U 10
12 1 U 11
13 1 U 12
14 0 U 13
15 0 L 12
16 0 U -1
17 1 U 16
18 1 U 17
19 1 U 18
20 1 U 19
21 1 U 20
22 1 U 21
23 1 U 22
24 1 U -1
25 0 U 24
26 0 U 25
27 0 U 26
28 1 U 27
29 0 U 28
30 0 U 29
31 0 U 9
32 0 U -1
33 1 U 32
34 0 U 33
35 0 U 34
36 1 U 35
37 1 L 33
38 1 U 13
39 1 U 38
40 0 U -1
41 0 U 40
42 0 U 41
43 1 U 42
44 0 U 43
45 1 U 44
46 1 U 45
47 0 U 46
48 0 U -1
49 1 U 34
50 1 U 49
51 1 U 50
52 0 U 51
53 0 U 52
54 1 U 53
55 1 U 54
56 0 U -1
57 0 L 39
58 0 U 57
59 0 U 57
60 0 U 59
61 1 U 60
62 1 U 28
63 1 U 62
64 1 U -1
65 0 U 64
66 1 L 47
67
0 1 U -1
1 0 U 0
2 1 U 1
3 0 U 1
4 0 U 3
5 1 U 4
6 0 U 5
7 1 U 6
8 1 U -1
9 1 U 8
10 0 U 9
11 1 L 1
12 1 U 11
13 1 U 8
14 0 U 13
15 1 L 11
16 0 U -1
17 1 U 16
18 1 U 17
19 1 U 18
20 1 U 19
21 1 U 20
22 1 U 21
23 1 U 22
24 1 U -1
25 0 U 18
26 0 U 25
27 0 U 26
28 1 U 27
29 0 U 28
30 0 U 29
31 0 U 9
32 0 U -1
33 1 U 32
34 0 U 33
35 0 U 34
36 1 U 35
37 1 L 33
38 0 U 10
39 1 U 38
40 0 U -1
41 0 U 40
42 0 U 41
43 1 U 42
44 0 U 43
45 1 U 44
46 1 U 45
47 0 U 46
48 0 U -1
49 1 L 48
50 1 U 49
51 1 U 50
52 0 U 51
53 0 U 52
54 1 U 53
55 1 U 54
56 0 U -1
57 0 L 39
58 0 U 57
59 1 U 58
60 0 L 33
61 1 U 60
62 0 U 61
63 1 L 17
64 1 U -1
65 0 U 64
66 1 L 47
67
0 1 U -1
1 0 U 0
2 1 U 1
3 0 U 1
4 0 U 3
5 1 U 4
6 0 U 5
7 1 U 6
8 0 U -1
9 1 U -1
10 0 U 9
11 1 L 1
12 1 U 11
13 1 U 8
14 0 U 13
15 1 L 11
16 0 U -1
17 1 U 16
18 1 U 17
19 1 U 18
20 1 U 19
21 1 U 20
22 1 U 21
23 1 U 22
24 1 U -1
25 0 U 18
26 0 U -1
27 0 U 26
28 1 U 27
29 0 U 28
30 0 U 29
31 0 U 9
32 0 U -1
33 1 U 32
34 0 U 33
35 0 U 34
36 1 U 35
37 1 L 33
38 0 U 10
39 1 U 38
40 0 U -1
41 0 U 40
42 0 U 41
43 1 U 42
44 0 U 43
45 1 U 44
46 1 U 45
47 0 U 46
48 0 U -1
49 1 L 48
50 1 U 49
51 1 U 50
52 0 U 51
53 0 U 52
54 1 U 53
55 1 U 54
56 0 U -1
57 0 L 51
58 0 U 57
59 1 U 58
60 0 L 33
61 1 U 60
62 0 U 61
63 1 L 17
64 1 L 56
65 0 U 64
66 1 L 47
67
0 1 U -1
1 0 U 0
2 1 U 1
3 0 U 1
4 0 U 3
5 1 U 4
6 0 U 5
7 1 U 6
8 1 U -1
9 1 U 8
10 1 U 8
11 1 L 1
12 1 U 11
13 1 U 8
14 0 U 13
15 1 L 11
16 0 U -1
17 1 U 16
18 1 U 17
19 1 U 18
20 1 U 19
21 1 U 20
22 1 U 21
23 1 U 22
24 1 U -1
25 0 U 18
26 0 U 25
27 0 U 26
28 1 U 27
29 0 U 14
30 0 U 29
31 0 U 9
32 0 U -1
33 1 U 32
34 0 U 33
35 0 U 34
36 0 U 34
37 1 L 33
38 0 U 10
39 1 U 38
40 0 U -1
41 0 U 40
42 0 U 41
43 1 U 42
44 0 U 32
45 1 U 44
46 1 U 45
47 0 U 46
48 0 U -1
49 1 L 48
50 1 U 49
51 1 U 50
52 0 U 51
53 0 U 52
54 1 U 53
55 1 U 54
56 0 U -1
57 0 L 39
58 0 U 57
59 1 U 58
60 0 L 33
61 1 U 60
62 0 U 61
63 1 L 17
64 1 U -1
65 1 U 61
66 1 L 47
67
0 1 U -1
1 0 U 0
2 0 L -1
3 0 U 1
4 0 U 3
5 1 U 4
6 0 U 5
7 1 U 6
8 1 U -1
9 1 U 8
10 0 L 5
11 1 L 1
12 1 U 11
13 1 U 8
14 0 U 13
15 1 L 11
16 0 U -1
17 1 U 16
18 1 U 17
19 1 U 18
20 1 U 19
21 1 U 20
22 1 U 21
23 1 U 22
24 0 U 18
25 0 U 18
26 0 U 25
27 0 U 26
28 1 U 27
29 0 U 28
30 0 U 29
31 0 U 9
32 0 U -1
33 1 U 32
34 0 U 33
35 0 U 34
36 1 U 35
37 1 L 33
38 0 U 10
39 1 U 38
40 0 U -1
41 0 U 40
42 0 L 34
43 0 U 23
44 0 U 43
45 1 U 44
46 1 U 45
47 0 U 46
48 0 U -1
49 1 L 48
50 1 U 49
51 1 U 50
52 0 U 51
53 0 U 52
54 1 U 53
55 1 U 54
56 0 U -1
57 0 L 39
58 0 U 57
59 1 U 24
60 0 L 33
61 1 U 7
62 0 U 61
63 1 L 17
64 1 U -1
65 0 U 64
66 1 L 47
67
0 1 U -1
1 0 U -1
2 1 U 1
3 0 U 1
4 0 U 3
5 1 U 4
6 0 U 5
7 1 U 6
8 1 U -1
9 1 U 8
10 0 U 9
11 1 L 1
12 1 U 11
13 1 U 8
14 0 U 13
15 1 L 11
16 0 L 12
17 1 U 16
18 1 U 17
19 1 U 18
20 1 U 19
21 1 U 20
22 1 U 21
23 1 U 22
24 1 U -1
25 0 U 18
26 0 U 25
27 0 U 26
28 1 U 27
29 0 U 28
30 0 U 29
31 0 U 9
32 0 U -1
33 1 U 32
34 1 L -1
35 0 U 34
36 1 U 35
37 0 L 27
38 0 U 10
39 1 U 38
40 0 U -1
41 0 U 40
42 0 U 41
43 0 U 7
44 0 U 43
45 1 U 44
46 1 U 45
47 0 U 46
48 0 U -1
49 1 L 48
50 1 U 49
51 1 U 50
52 0 U 51
53 0 U 52
54 1 U 53
55 1 U 54
56 0 U -1
57 0 L 39
58 0 U 57
59 1 U 58
60 0 L 33
61 1 U 60
62 0 U 61
63 1 L 17
64 1 U -1
65 0 U 64
66 1 L 47
67
0 1 U -1
1 0 U 0
2 1 U 1
3 0 U 1
4 0 U 3
5 1 U 4
6 0 L 5
7 1 U 6
8 1 U -1
9 1 U 8
10 0 U 9
11 1 L 1
12 1 U 11
13 1 U 8
14 0 U 13
15 1 L 11
16 0 U -1
17 0 U 16
18 1 U 17
19 1 U 18
20 1 U 19
21 1 U 20
22 0 L 16
23 1 U 22
24 1 U -1
25 0 U 18
26 0 U 25
27 0 U 26
28 1 U 27
29 0 U 28
30 0 U 29
31 0 U 9
32 0 U -1
33 1 U 32
34 0 U 33
35 0 U 34
36 1 U 35
37 1 L 33
38 0 U 10
39 1 U 38
40 0 U -1
41 0 U 40
42 0 U 41
43 1 U 42
44 0 U 27
45 1 U 44
46 1 U 45
47 0 U 46
48 0 U -1
49 1 L 48
50 1 U 49
51 1 U 50
52 0 U 51
53 0 U 52
54 1 U 53
55 1 U 54
56 0 U -1
57 0 L 39
58 0 U 57
59 1 U 58
60 0 L 33
61 1 U 60
62 0 U 61
63 1 L 17
64 1 U -1
65 0 U 64
66 1 L 47
67
0 1 U -1
1 0 U 0
2 1 U 1
3 0 U 1
4 0 U 3
5 1 U 4
6 0 U 5
7 1 U 6
8 1 U -1
9 1 U 8
10 0 U 9
11 1 L 1
12 1 U 11
13 1 U 8
14 0 L 13
15 1 L 11
16 0 U -1
17 1 U 16
18 1 U 17
19 1 U 18
20 1 U 19
21 0 U -1
22 0 L 18
23 1 U 22
24 1 U -1
25 0 U 18
26 0 U 25
27 0 U 26
28 1 U 27
29 0 U 28
30 0 U 29
31 0 L 1
32 0 U -1
33 1 U 32
34 0 U 33
35 0 U 34
36 1 U 5
37 1 L 33
38 0 U 10
39 1 U 38
40 0 U -1
41 1 L 20
42 0 U 41
43 1 U 42
44 0 U 43
45 1 U 44
46 1 L 6
47 0 U 46
48 0 U -1
49 1 L 48
50 1 U 49
51 1 U 6
52 0 U 51
53 0 U 52
54 1 U 53
55 1 U 54
56 0 U -1
57 0 L 39
58 0 U 57
59 1 U 58
60 0 L 33
61 1 U 60
62 0 U 61
63 1 L 17
64 1 U -1
65 0 U 64
66 1 L 47
67
0 1 U -1
1 0 U 0
2 1 L 1
3 0 U 1
4 0 U 3
5 1 U 4
6 0 U 5
7 1 U 6
8 1 U -1
9 1 U 8
10 0 U 9
11 1 L 1
12 1 U 11
13 1 U 8
14 0 U 13
15 1 L 11
16 1 U 9
17 1 U 16
18 1 U 17
19 1 U 18
20 0 U 1
21 1 L 12
22 1 U 21
23 1 U 22
24 0 L 3
25 0 U 18
26 0 U 25
27 0 U 26
28 1 U 27
29 0 U 28
30 0 U 29
31 1 L 19
32 0 U -1
33 1 U 32
34 0 U 33
35 0 U 34
36 1 U 35
37 1 L 33
38 0 U 10
39 1 U 38
40 0 U -1
41 0 U 40
42 0 U 41
43 1 U 42
44 0 U 43
45 1 U 44
46 0 U 20
47 0 U 46
48 0 U -1
49 0 U 39
50 1 U 49
51 1 U 50
52 0 U 51
53 0 U 52
54 1 U 53
55 1 U 33
56 0 U -1
57 0 L 39
58 0 U 57
59 1 U 58
60 0 L 33
61 1 U 60
62 0 U 61
63 1 L 17
64 1 U 3
65 0 U 64
66 1 L 47
67
0 1 U -1
1 0 U 0
2 0 L 0
3 0 U 1
4 0 U 3
5 1 U 4
6 0 U 5
7 1 U 6
8 1 U -1
9 1 U 8
10 0 U 9
11 1 L 1
12 0 L 6
13 1 U 8
14 1 L 10
15 1 L 11
16 0 U -1
17 1 U 16
18 1 U 17
19 1 U 18
20 1 U 19
21 1 U 20
22 1 U 21
23 1 U 22
24 1 U -1
25 0 U 18
26 0 U 25
27 0 U 26
28 1 U 27
29 0 U 28
30 0 U 29
31 0 U 9
32 0 U -1
33 1 U 32
34 0 U 33
35 0 U 34
36 1 U 35
37 1 L 33
38 0 U 10
39 1 U 38
40 0 U -1
41 0 U 40
42 0 U 41
43 1 U 42
44 0 U 43
45 1 U 44
46 1 U 45
47 0 U 46
48 0 U -1
49 1 U 8
50 1 U 43
51 1 U 50
52 0 U 51
53 0 U 52
54 1 U 53
55 1 U 54
56 0 U -1
57 0 L 39
58 0 U 57
59 1 U 58
60 0 L 33
61 1 U 60
62 1 U 12
63 1 L 17
64 1 U -1
65 0 U 64
66 1 L 47
67
0 1 U -1
1 0 U 0
2 1 U 1
3 0 U 1
4 0 U 3
5 1 U 4
6 0 U 5
7 1 U 6
8 1 U -1
9 1 U 8
10 0 U 9
11 1 L 1
12 1 U 11
13 1 U 8
14 0 U 13
15 1 L 11
16 0 U -1
17 1 U 16
18 1 U 17
19 1 U 18
20 1 U 19
21 1 U 20
22 1 U 21
23 1 U 22
24 0 L 21
25 0 U 18
26 0 U 25
27 0 U 26
28 1 U 27
29 0 U 28
30 1 U 6
31 0 U 9
32 0 U -1
33 1 U 32
34 0 U 33
35 0 U 34
36 1 U 2
37 1 L 33
38 0 U 10
39 1 U 38
40 0 U -1
41 0 U 40
42 0 U 41
43 1 U 42
44 0 U 43
45 1 U 44
46 1 U 45
47 0 U 46
48 0 U -1
49 1 L 48
50 1 U 49
51 1 U 50
52 1 L -1
53 0 L 21
54 1 L 41
55 1 U 54
56 0 U -1
57 0 L 39
58 0 U 57
59 1 U 58
60 0 L 33
61 1 U 60
62 0 U 61
63 1 L 17
64 1 U -1
65 0 U 64
66 1 L 47
67
0 1 U -1
1 0 U 0
2 1 U 1
3 0 U 1
4 0 U 3
5 1 U 4
6 0 U 5
7 1 U 6
8 1 U -1
9 1 U 8
10 0 U 9
11 1 L 1
12 1 U 11
13 1 U 8
14 0 U 13
15 1 L 11
16 0 U -1
17 1 U 16
18 1 U 17
19 1 U 18
20 1 U 19
21 1 U 20
22 1 U 21
23 1 U 22
24 1 U -1
25 0 U 18
26 0 U 4
27 0 U 26
28 1 U 27
29 0 U 28
30 0 U 29
31 0 U 9
32 0 U -1
33 1 U 32
34 0 U 33
35 0 U 34
36 1 U 35
37 1 L 33
38 0 U 10
39 1 U 38
40 0 U -1
41 0 U 40
42 0 U 41
43 1 U 42
44 0 U 43
45 1 U 44
46 1 U 45
47 0 U 46
48 0 U -1
49 1 L 48
50 1 U 49
51 1 U 50
52 0 U 51
53 0 U 52
54 1 U 53
55 1 U 54
56 1 U 50
57 0 L 39
58 0 U 57
59 1 U 58
60 0 L 33
61 1 U 60
62 0 U 61
63 1 L 17
64 1 U -1
65 0 U 64
66 1 L 47
67
0 1 U -1
1 0 U 0
2 1 U 1
3 0 U 1
4 0 U 3
5 1 U 4
6 0 U 5
7 1 U 6
8 1 U -1
9 1 U 8
10 0 U 9
11 1 L 1
12 1 U 11
13 1 U 8
14 0 U 13
15 1 L 11
16 0 U -1
17 1 U 16
18 1 U 17
19 1 U 7
20 1 U 19
21 1 U 20
22 1 U 21
23 0 L 3
24 1 U -1
25 0 U 18
26 0 U 25
27 0 U 26
28 0 U 11
29 0 U 28
30 0 U 2
31 0 U 9
32 0 U -1
33 1 U 32
34 0 U 18
35 0 U 5
36 0 U 26
37 1 U 36
38 0 U 10
39 1 U 38
40 0 U -1
41 0 U 40
42 0 U 41
43 1 U 42
44 1 L 3
45 1 U 44
46 1 U 45
47 0 U 46
48 1 L 26
49 1 L 48
50 1 U 49
51 1 U 50
52 0 U 51
53 0 U 52
54 1 U 53
55 1 L 1
56 1 U 37
57 0 L 39
58 0 L 48
59 1 U 58
60 0 L 33
61 1 U 60
62 0 U 61
63 1 L 17
64 1 U -1
65 1 L 50
66 1 L 47
67
0 0 U -1
1 0 L 0
2 1 U 1
3 0 U 1
4 0 U 3
5 1 U 4
6 0 U 5
7 1 U 6
8 1 U -1
9 1 U 8
10 0 U 9
11 1 L 1
12 1 U 11
13 1 L 9
14 0 U 13
15 1 L 11
16 0 U -1
17 1 U 16
18 1 U 17
19 1 U 18
20 1 U 19
21 1 U 20
22 1 U 21
23 1 U 22
24 1 U -1
25 1 U 18
26 0 U 25
27 0 U 26
28 1 U 27
29 0 U 26
30 0 U 29
31 0 U 9
32 0 U -1
33 1 U 32
34 0 U 33
35 0 L 32
36 0 U 22
37 1 L 33
38 0 U 10
39 1 U 38
40 0 U -1
41 0 U 40
42 0 U 41
43 1 U 42
44 0 U 43
45 1 U 44
46 1 U 45
47 0 U 46
48 0 U -1
49 0 U 27
50 1 U 49
51 1 U 50
52 0 U 51
53 0 U 52
54 1 U 53
55 1 U 54
56 0 L 34
57 0 L 39
58 1 U 1
59 1 U 58
60 0 L 33
61 1 U 60
62 0 U 61
63 1 L 17
64 1 U -1
65 0 U 64
66 1 L 47
67
0 1 U -1
1 0 U 0
2 1 U 1
3 0 U 1
4 0 U 3
5 1 U 4
6 0 U 5
7 1 U 6
8 1 U -1
9 1 U 8
10 0 U 9
11 1 L 1
12 1 U 11
13 1 U 8
14 0 U 13
15 1 L 11
16 0 U -1
17 1 U 16
18 1 U 17
19 1 U 18
20 1 U 19
21 1 U 20
22 1 U 21
23 1 U 22
24 1 U -1
25 0 U 18
26 1 U 19
27 0 U 26
28 1 U 27
29 0 U 28
30 0 U 29
31 0 U 9
32 0 U -1
33 0 U 26
34 0 U 33
35 0 U 34
36 1 U 35
37 1 L 33
38 0 U 10
39 1 U 38
40 0 U -1
41 0 U 40
42 0 U 41
43 1 U 42
44 0 U 43
45 1 U 44
46 1 U 45
47 0 U 46
48 0 U -1
49 1 L 48
50 1 U 18
51 1 U 50
52 0 U 51
53 0 U 52
54 1 U 53
55 1 U 54
56 0 U -1
57 0 L 39
58 1 L 4
59 1 U 58
60 0 L 33
61 1 U 60
62 0 U 61
63 1 L 17
64 1 U -1
65 0 U 64
66 1 L 47
67
0 1 U -1
1 0 U 0
2 1 U 1
3 0 U 1
4 0 U 3
5 1 L 0
6 0 U 5
7 1 U 6
8 1 U -1
9 1 U 8
10 0 U 9
11 1 L 1
12 1 L 5
13 1 U 8
14 0 U 13
15 1 L 11
16 0 U -1
17 1 U 16
18 1 U 17
19 1 U 18
20 1 U 19
21 1 U 20
22 1 U 21
23 1 U 22
24 1 U -1
25 0 U 18
26 0 U 25
27 0 U 26
28 1 U 27
29 0 U 28
30 0 U 29
31 0 U 9
32 0 U -1
33 1 U 32
34 0 U 33
35 0 U 34
36 1 U 35
37 1 L 33
38 0 U 10
39 1 U 38
40 0 U 26
41 0 U 40
42 0 U 41
43 1 U 42
44 0 L 20
45 1 U 44
46 1 U 45
47 0 U 46
48 0 U -1
49 1 L 48
50 1 U 49
51 1 U 50
52 0 U 51
53 0 U 52
54 1 U 53
55 1 U 54
56 0 U -1
57 0 L 39
58 0 U 57
59 1 U 58
60 0 L 33
61 1 L 0
62 0 U 61
63 1 L 17
64 1 U -1
65 0 U 64
66 1 L 47
67
0 1 U -1
1 0 U 0
2 1 U 1
3 0 U 1
4 0 U 3
5 1 U 4
6 0 U 5
7 1 U 6
8 1 U -1
9 1 U 8
10 0 U 9
11 1 L 1
12 1 U 11
13 1 U 8
14 0 U 13
15 1 L 11
16 0 U -1
17 1 U 16
18 1 U 17
19 1 U 18
20 1 U 19
21 1 U 20
22 1 U 21
23 1 U 22
24 1 U -1
25 0 U 18
26 0 U 25
27 0 U 26
28 1 U 27
29 0 U 28
30 0 U 29
31 0 U 9
32 0 U -1
33 1 U 32
34 0 U 33
35 0 U 34
36 1 U 35
37 1 L 33
38 0 U 10
39 1 U 38
40 0 U -1
41 0 U 40
42 0 U 41
43 1 U 42
44 0 U 43
45 1 U 44
46 1 U 45
47 0 U 46
48 0 U -1
49 1 L 48
50 0 U 15
51 1 U 50
52 0 U 51
53 0 U 52
54 1 U 53
55 1 U 54
56 0 U -1
57 0 L 39
58 0 U 57
59 1 U 58
60 0 L 33
61 1 U 60
62 0 U 61
63 1 L 17
64 1 U -1
65 0 U 64
66 1 L 47
67
0 1 U -1
1 0 U 0
2 1 U 1
3 0 U 1
4 0 U 3
5 1 L -1
6 0 U 5
7 1 U 6
8 1 U -1
9 1 U 8
10 1 U 6
11 1 L 1
12 0 L 3
13 1 U 8
14 0 U 13
15 1 L 11
16 0 U -1
17 0 U 5
18 1 U 17
19 1 U 18
20 1 U 19
21 1 U 20
22 1 U 21
23 0 L 4
24 1 U -1
25 0 U 18
26 0 U 25
27 0 U 26
28 1 U 27
29 0 U 28
30 0 U 4
31 0 U 9
32 1 L 24
33 1 U 32
34 0 U 33
35 0 U 34
36 1 U 35
37 1 L 33
38 0 U 10
39 1 U 38
40 0 U -1
41 0 U 40
42 0 U 41
43 1 U 42
44 0 U 43
45 1 U 44
46 1 U 45
47 0 U 46
48 0 U -1
49 1 L 48
50 1 U 49
51 1 U 50
52 0 U 51
53 0 U 52
54 1 U 53
55 1 U 54
56 0 U -1
57 1 L 11
58 0 U 57
59 1 U 58
60 0 L 33
61 1 U 60
62 0 U 61
63 1 L 17
64 1 U -1
65 0 U 64
66 1 L 47
67
0 1 U -1
1 0 U 0
2 1 U 1
3 0 U 1
4 0 U 3
5 1 U 4
6 0 U 5
7 1 U 6
8 1 U -1
9 1 U 8
10 0 U 9
11 1 L 1
12 1 U 11
13 1 U 8
14 0 U 13
15 1 U 4
16 0 U -1
17 1 U 16
18 0 U 10
19 1 U 18
20 1 U 19
21 1 U 20
22 1 L 13
23 1 U 22
24 1 U -1
25 0 U 18
26 0 U 25
27 0 U 26
28 1 U 27
29 0 U 28
30 0 U 29
31 0 U 9
32 0 U -1
33 1 U 32
34 0 U 33
35 0 L 20
36 1 U 35
37 1 L 33
38 0 L 37
39 1 U 38
40 0 U -1
41 0 U 40
42 0 U 41
43 1 U 42
44 1 U 16
45 0 L 7
46 1 U 45
47 0 U 46
48 0 U -1
49 1 L 48
50 1 U 49
51 1 U 50
52 0 U 51
53 0 U 52
54 1 U 53
55 1 U 54
56 0 U -1
57 0 L 39
58 1 U 54
59 1 U 58
60 0 L 46
61 1 U 60
62 0 U 61
63 1 L 17
64 0 L 5
65 0 U 64
66 0 U 19
67
0 0 U -1
1 0 U 0
2 1 U 1
3 0 U 1
4 0 U 3
5 1 U 4
6 0 U 5
7 1 U 6
8 1 U -1
9 1 U 8
10 1 U 1
11 1 L 1
12 1 U 11
13 1 U 8
14 0 U 13
15 1 L 11
16 0 U -1
17 1 U 16
18 1 L 13
19 1 U 18
20 1 U 19
21 1 U 20
22 1 U 21
23 1 U 22
24 1 U -1
25 0 U 18
26 0 U 25
27 0 U 26
28 1 U 27
29 0 U 28
30 0 U 29
31 0 U 9
32 0 U -1
33 1 U 32
34 0 U 33
35 1 U 20
36 1 U 35
37 0 U 10
38 0 U 10
39 1 U 38
40 0 U -1
41 0 U 40
42 0 U 9
43 1 U 42
44 0 U 43
45 1 U 44
46 1 U 45
47 1 L 44
48 0 U -1
49 1 L 48
50 1 L 48
51 1 U 50
52 0 U 51
53 0 U 52
54 1 U 53
55 1 U 54
56 0 U -1
57 0 L 39
58 0 U 57
59 0 U 54
60 0 L 33
61 1 U 60
62 0 U 47
63 1 L 17
64 1 U -1
65 0 U 64
66 1 L 47
67
0 1 U -1
1 0 U 0
2 0 U 1
3 0 U 1
4 0 U 3
5 0 L 4
6 0 U 5
7 0 U 3
8 1 U -1
9 0 L 8
10 0 U 9
11 1 L 1
12 1 U 11
13 1 U 8
14 1 L 7
15 1 L 11
16 0 U -1
17 1 U 16
18 1 U 17
19 1 U 18
20 1 U 19
21 1 U 20
22 1 U 21
23 1 U 22
24 1 U -1
25 0 U 18
26 0 U 25
27 0 U 26
28 1 U 27
29 0 U 28
30 0 U 29
31 0 U 9
32 0 U -1
33 1 U 32
34 0 U 33
35 0 U 34
36 1 U 35
37 1 L 33
38 0 U 10
39 0 L 28
40 0 U -1
41 0 L 35
42 0 U 41
43 1 U 42
44 0 U 43
45 1 U 44
46 1 U 17
47 0 U 46
48 0 U -1
49 1 L 48
50 1 U 49
51 1 U 50
52 0 U 51
53 0 U 7
54 1 U 53
55 1 U 54
56 0 U -1
57 0 L 39
58 0 U 57
59 1 U 58
60 0 L 33
61 0 U 54
62 0 U 61
63 1 L 17
64 1 U -1
65 0 U 64
66 1 L 47
67
0 1 U -1
1 0 U -1
2 1 U 1
3 1 L 2
4 0 U 3
5 1 U 4
6 0 L 0
7 1 U 6
8 1 U -1
9 1 U 8
10 0 L 5
11 1 L 1
12 1 U 11
13 1 U 8
14 0 U 13
15 1 L 11
16 0 U -1
17 1 U 16
18 1 U 17
19 1 U 18
20 1 U 19
21 1 U 20
22 1 U 21
23 1 U 22
24 1 U -1
25 0 U 18
26 0 U 25
27 0 U 26
28 1 U 27
29 1 L 12
30 0 U 29
31 0 U 9
32 0 U -1
33 1 U 32
34 0 U 33
35 1 U 8
36 1 U 35
37 1 L 33
38 0 U 10
39 1 U 38
40 0 U -1
41 0 U 15
42 0 U 41
43 1 U 42
44 0 U 43
45 1 U 44
46 1 U 45
47 0 U 46
48 0 U 39
49 1 L 48
50 1 U 49
51 1 U 50
52 0 U 51
53 0 U 52
54 1 U 53
55 1 U 54
56 0 U -1
57 0 L 39
58 0 U 57
59 1 U 58
60 0 L 33
61 1 U 60
62 0 U 61
63 1 L 17
64 0 L 25
65 0 U 64
66 1 L 47
67
0 1 U -1
1 0 U 0
2 1 U 1
3 0 U 1
4 0 U 3
5 1 U 4
6 1 U -1
7 1 U 6
8 0 L 0
9 1 U 8
10 0 U 9
11 1 L 1
12 1 U 11
13 1 U 8
14 0 U 13
15 1 L 11
16 0 L 1
17 0 L 2
18 1 U 17
19 1 U 18
20 1 U 19
21 1 U 20
22 1 U 21
23 1 U 22
24 1 U -1
25 0 U 18
26 0 U 25
27 0 U 26
28 1 U 27
29 0 U 28
30 0 U 29
31 0 U 9
32 0 U -1
33 1 U 32
34 0 U 33
35 0 U 34
36 1 U 35
37 1 L 33
38 0 U 10
39 1 U 38
40 0 U -1
41 0 U 40
42 1 U 39
43 0 U 32
44 0 U 43
45 1 U 44
46 1 U 45
47 0 U 46
48 0 U -1
49 1 L 48
50 1 U 49
51 1 U 50
52 0 U 51
53 0 L 48
54 1 U 53
55 1 U 54
56 0 U -1
57 0 L 39
58 0 U 57
59 1 U 58
60 0 L 33
61 1 U 60
62 0 U 61
63 1 L 17
64 1 U -1
65 0 U 64
66 1 L 47
67
0 1 U -1
1 1 L -1
2 0 L -1
3 0 U 1
4 0 U 3
5 1 U 4
6 1 U -1
7 1 U 6
8 0 L 0
9 1 U 8
10 0 U 9
11 1 L 1
12 1 U 11
13 1 U 8
14 0 U 13
15 1 L 8
16 0 L 1
17 0 L 2
18 1 U 17
19 1 U 18
20 1 U -1
21 1 U 20
22 1 U 21
23 1 U 22
24 1 U -1
25 0 U 18
26 0 U 25
27 0 U 26
28 1 U 27
29 0 U 28
30 1 L 14
31 0 U 9
32 0 U -1
33 1 U 32
34 0 U 33
35 0 U 34
36 1 U 35
37 1 L 33
38 0 U 10
39 1 U 38
40 1 U 16
41 0 U 40
42 1 U 39
43 0 U 32
44 0 U 43
45 1 U 44
46 1 U 45
47 0 U 40
48 0 U -1
49 1 L 48
50 1 U 49
51 1 U 50
52 0 U 51
53 0 L 48
54 1 U 53
55 1 U 54
56 0 U -1
57 0 L 39
58 0 U 57
59 1 U 58
60 0 L 33
61 1 U 60
62 0 U 61
63 1 L 17
64 1 U -1
65 0 U 64
66 1 L 47
67
0 1 U -1
1 0 U 0
2 1 U 1
3 0 U 1
4 0 U 3
5 1 U 4
6 1 U -1
7 1 U 6
8 0 L 0
9 1 U 8
10 0 U 9
11 1 L 1
12 1 U 11
13 1 L 5
14 0 U 13
15 0 L 7
16 0 L 1
17 0 L 2
18 1 U 17
19 1 U 18
20 1 U 19
21 1 U 20
22 1 U 21
23 1 U 22
24 1 U -1
25 0 U 18
26 0 U 25
27 1 U 22
28 1 U 27
29 0 U 28
30 0 U 29
31 0 U 9
32 0 U -1
33 1 U 32
34 0 U 33
35 0 U 34
36 1 U 35
37 1 L 33
38 0 U 10
39 1 U 38
40 0 U -1
41 0 U 40
42 1 U 39
43 0 U 32
44 0 U 43
45 1 U 44
46 1 U 45
47 0 U 46
48 0 U -1
49 1 L 48
50 0 U 27
51 1 U 50
52 0 U 51
53 1 U 18
54 1 U 53
55 0 L 43
56 0 U -1
57 0 L 39
58 0 U 57
59 1 U 58
60 0 L 33
61 1 U 60
62 0 U 61
63 1 L 17
64 1 U -1
65 0 U 64
66 0 L 35
67
0 1 U -1
1 0 U 0
2 1 U 1
3 0 U 1
4 0 U 3
5 1 U 4
6 1 U -1
7 1 U 6
8 0 L 0
9 1 U 8
10 0 U 9
11 1 L 1
12 1 U 11
13 1 U 8
14 0 U 13
15 1 L 11
16 0 L 1
17 0 L 2
18 1 U 17
19 1 U 18
20 1 U 19
21 1 U 20
22 1 U 21
23 1 U 22
24 1 U -1
25 0 U 18
26 0 U 25
27 0 U 26
28 1 U 27
29 1 L 10
30 0 U 29
31 0 U 9
32 0 U -1
33 0 L 27
34 0 U 33
35 0 U 34
36 1 U 35
37 1 L 33
38 0 U 10
39 1 U 38
40 0 U -1
41 0 U 40
42 1 U 39
43 0 U 32
44 0 U 18
45 1 U 44
46 1 U 45
47 0 U 46
48 0 U -1
49 1 L 48
50 1 U 49
51 1 U 50
52 0 U 51
53 0 L 48
54 1 U 53
55 1 U 54
56 0 U -1
57 0 U 22
58 0 U 57
59 1 U 58
60 0 L 33
61 1 U 60
62 0 U 61
63 1 L 17
64 1 U -1
65 0 U 64
66 1 L 47
67
0 1 U -1
1 0 U 0
2 1 U 1
3 0 U 1
4 0 U 3
5 1 U 4
6 1 U 5
7 1 U 6
8 0 L 0
9 1 U 8
10 0 U 4
11 1 L 1
12 1 U 11
13 1 U 8
14 0 U 13
15 1 L 11
16 0 L 1
17 0 L 2
18 0 L 13
19 0 U 0
20 1 U 19
21 1 U 20
22 1 U 21
23 1 U 22
24 1 U -1
25 0 U 18
26 0 U 25
27 0 U 26
28 1 U 27
29 0 U 28
30 0 U 29
31 0 U 9
32 0 U -1
33 1 U 32
34 0 U 33
35 0 U 34
36 1 U 35
37 0 L 3
38 1 L 3
39 1 U 38
40 0 U -1
41 0 U 40
42 1 U 39
43 0 U 32
44 0 U 43
45 1 U 44
46 1 U 45
47 0 U 46
48 0 U -1
49 1 L 48
50 1 U 49
51 1 U 50
52 0 U 51
53 0 L 48
54 1 U 53
55 1 U 54
56 0 U -1
57 0 L 39
58 0 U 57
59 1 U 58
60 0 L 33
61 1 U 60
62 0 U 61
63 1 U 16
64 1 U -1
65 0 U 64
66 1 L 47
67
0 1 U -1
1 0 U 0
2 1 U 1
3 0 U 1
4 0 U 3
5 0 L 0
6 1 U -1
7 1 L 4
8 0 L 0
9 1 U 8
10 0 U 9
11 1 L 1
12 1 U 11
13 1 U 8
14 0 U 13
15 1 U 13
16 0 L 1
17 0 L 2
18 1 U 17
19 1 U 18
20 1 U 19
21 1 U 18
22 1 U 21
23 1 U 22
24 1 U -1
25 0 U 18
26 0 U 25
27 0 L 2
28 1 U 27
29 0 U 28
30 0 U 29
31 0 U 8
32 0 U -1
33 0 U 24
34 0 U 33
35 0 U 34
36 1 U 35
37 1 L 33
38 0 U 10
39 1 U 38
40 0 U -1
41 0 U 40
42 1 U 39
43 0 U 10
44 0 U 43
45 1 U 44
46 1 U 45
47 0 U 46
48 0 U -1
49 1 L 48
50 1 U 49
51 1 U 50
52 0 U 51
53 0 L 48
54 1 U 53
55 1 U 54
56 0 U -1
57 0 U 39
58 0 U 57
59 1 U 58
60 0 L 33
61 1 U 46
62 0 U 61
63 1 L 17
64 1 U -1
65 0 U 64
66 1 L 47
67
0 1 U -1
1 0 U 0
2 1 U 1
3 0 U 1
4 0 L 2
5 1 U 4
6 1 U -1
7 1 U 6
8 0 L 0
9 1 U 8
10 0 U 9
11 1 L 1
12 1 U 11
13 1 U 8
14 0 U 13
15 1 L 11
16 0 L 1
17 0 L 2
18 1 U 17
19 1 U 18
20 1 U 19
21 1 U 20
22 1 U 21
23 1 U 22
24 1 U -1
25 0 U 18
26 0 U 25
27 0 L 11
28 1 U 27
29 0 U 28
30 0 U 29
31 0 U 9
32 0 U -1
33 1 U 32
34 0 U 33
35 0 U 34
36 1 U 35
37 1 L 33
38 0 U 10
39 1 U 38
40 0 U -1
41 0 U 40
42 1 U 39
43 0 U 32
44 0 U 43
45 1 U 44
46 1 U 45
47 0 U 46
48 0 U -1
49 0 U 14
50 1 U 49
51 1 U 50
52 0 U 51
53 0 L 48
54 1 U 53
55 1 U 54
56 0 U -1
57 0 L 39
58 0 U 57
59 1 U 58
60 0 L 33
61 1 U 60
62 0 U 61
63 1 L 17
64 1 U -1
65 0 U 64
66 1 L 47
67
0 1 U -1
1 0 U 0
2 1 U 1
3 0 L 0
4 0 U 3
5 1 U 4
6 1 U -1
7 1 U 6
8 0 L 0
9 1 U 8
10 0 U 8
11 1 L 1
12 1 U 11
13 1 U 8
14 0 U 13
15 1 L 11
16 0 L 1
17 0 L 2
18 1 U 17
19 1 U 18
20 1 U 19
21 1 U 20
22 1 U 21
23 1 U 22
24 1 U -1
25 0 U 18
26 0 U 25
27 0 U 26
28 1 U 27
29 0 U 28
30 0 U 29
31 0 U 9
32 0 U -1
33 1 U 32
34 0 U 33
35 0 U 34
36 1 U 35
37 1 L 33
38 0 U 10
39 1 U 38
40 0 U -1
41 0 U 40
42 1 U 39
43 0 U 32
44 0 U 43
45 1 U 44
46 1 U 45
47 0 U 46
48 0 U -1
49 1 L 48
50 1 U 49
51 1 U 50
52 1 L 27
53 0 L 48
54 1 U 53
55 1 U 54
56 0 U -1
57 0 U 18
58 0 U 57
59 1 U 58
60 0 L 33
61 1 U 60
62 0 U 61
63 1 L 17
64 1 U -1
65 1 U 12
66 0 L 0
67
0 1 U -1
1 0 U 0
2 1 U 1
3 0 U 1
4 0 U 3
5 0 L 4
6 1 U -1
7 1 U 6
8 0 L 0
9 1 U 8
10 0 L 7
11 1 L 1
12 1 U 11
13 0 L 1
14 0 U 13
15 1 L 11
16 0 L 1
17 0 L 2
18 1 U 17
19 1 U 18
20 1 U 19
21 1 U 20
22 1 U 21
23 1 U 22
24 1 U -1
25 0 U 18
26 0 U 25
27 0 U 26
28 1 U 27
29 0 U 28
30 0 U 29
31 0 U 9
32 0 U -1
33 1 U 32
34 0 U 33
35 0 U 34
36 1 U 35
37 1 L 33
38 0 U 10
39 1 U 38
40 0 U 7
41 0 U 40
42 1 U 39
43 0 U 32
44 0 U 43
45 1 U 44
46 1 U 45
47 0 U 46
48 0 L 15
49 1 L 48
50 1 U 49
51 1 U 50
52 0 U 51
53 0 L 48
54 1 U 53
55 1 U 54
56 0 U -1
57 0 L 25
58 0 U 57
59 1 U 58
60 0 L 33
61 0 L 53
62 0 U 61
63 1 L 17
64 1 U -1
65 0 U 64
66 1 L 47
67
0 1 U -1
1 0 U 0
2 1 U 1
3 0 U 1
4 0 U 3
5 1 U 4
6 1 U -1
7 1 U 6
8 0 L 2
9 1 U 8
10 0 U 9
11 1 L 1
12 1 U 11
13 1 U 8
14 0 U 13
15 1 L 11
16 0 L 1
17 0 L 2
18 1 U 17
19 0 L 17
20 1 U 19
21 1 U 20
22 1 U 21
23 1 U 22
24 1 U 2
25 0 U 18
26 0 U 25
27 0 U 26
28 1 U 27
29 0 U 28
30 0 U 29
31 0 U 9
32 0 U -1
33 1 U 32
34 0 U 33
35 1 L 7
36 1 U 35
37 0 U 29
38 0 U 10
39 1 U 38
40 0 U -1
41 0 U 40
42 1 U 39
43 0 U 32
44 0 U 43
45 1 U 44
46 1 U 45
47 1 L 24
48 1 U -1
49 1 L 48
50 1 U 49
51 1 U 8
52 0 U 51
53 0 L 48
54 1 U 53
55 1 U 54
56 0 U -1
57 0 L 39
58 0 U 57
59 1 U 58
60 0 L 33
61 1 U 60
62 1 U 48
63 1 L 17
64 1 L 35
65 0 U 64
66 1 U 33
67
0 1 U -1
1 0 U 0
2 1 U 1
3 0 U 1
4 0 U 3
5 1 U 4
6 1 U -1
7 1 L 6
8 0 L 0
9 1 U 8
10 0 U 9
11 1 L 1
12 1 U 11
13 1 U 8
14 0 U 13
15 1 L 11
16 0 L 1
17 0 L 2
18 1 U 17
19 1 U 18
20 0 U 18
21 1 U 20
22 1 U 21
23 1 U 22
24 1 U -1
25 0 U 18
26 0 U 25
27 0 U 26
28 1 U 27
29 0 U 28
30 0 U 29
31 0 U 9
32 0 U -1
33 1 U 32
34 1 L 3
35 0 U 34
36 1 U 35
37 1 L 33
38 0 U 10
39 1 U 38
40 0 U -1
41 0 U 40
42 1 U 39
43 0 U 32
44 0 U 43
45 1 U 44
46 1 U 45
47 1 L 18
48 0 U -1
49 1 L 48
50 0 U 2
51 1 U 50
52 0 U 51
53 1 L 17
54 1 U 53
55 1 U 54
56 0 U -1
57 0 L 39
58 0 U 57
59 1 U 58
60 0 L 33
61 1 U 60
62 0 U 61
63 1 L 17
64 1 U -1
65 0 U 64
66 1 L 47
67
0 1 U -1
1 0 U 0
2 1 U 1
3 0 U 1
4 0 U 3
5 1 U 4
6 1 U -1
7 0 L 2
8 0 L 0
9 1 U 8
10 0 U 9
11 1 L 1
12 1 U 11
13 1 U 8
14 0 U 13
15 1 L 11
16 0 L 1
17 0 L 2
18 1 U 17
19 1 U 18
20 1 U 19
21 1 U 20
22 1 U 21
23 1 U 22
24 1 U -1
25 0 U 18
26 0 U 25
27 0 U 26
28 1 U 27
29 0 U 28
30 0 U 29
31 1 U 17
32 0 U -1
33 1 U 32
34 0 U 29
35 0 U 34
36 1 U 35
37 1 L 33
38 0 L 21
39 1 U 38
40 0 U -1
41 0 U 40
42 1 U 39
43 0 U 32
44 0 U 9
45 1 U 44
46 1 U 45
47 0 U 46
48 0 U -1
49 1 L 48
50 0 L -1
51 1 U 50
52 0 U 51
53 0 L 48
54 1 U 53
55 1 U 54
56 0 U -1
57 0 L 39
58 0 L 39
59 1 U 58
60 1 L 15
61 1 U 60
62 0 U 61
63 1 L 17
64 1 U -1
65 0 U 64
66 1 L 47
67
0 1 U -1
1 0 U 0
2 1 U 1
3 0 U 1
4 0 U 3
5 1 U 4
6 1 U -1
7 1 U 6
8 0 L 0
9 1 U 8
10 0 U 9
11 1 L 1
12 1 U 11
13 1 U 8
14 0 U 13
15 1 L 11
16 0 L 1
17 0 L 2
18 1 U 17
19 1 U 18
20 1 U 19
21 1 U 20
22 1 U 21
23 1 U 22
24 1 U -1
25 0 U 18
26 0 U 25
27 0 U 26
28 1 U 27
29 0 U 28
30 0 U 29
31 0 U 9
32 0 U -1
33 1 U 32
34 0 U 33
35 0 U 34
36 1 U 35
37 1 L 33
38 0 U 10
39 1 U 38
40 0 U -1
41 0 U 40
42 1 U 39
43 0 U 33
44 1 L 33
45 1 U 44
46 1 U 45
47 0 U 46
48 0 U -1
49 1 L 48
50 1 U 49
51 1 U 50
52 0 U 51
53 0 L 48
54 1 U 53
55 1 U 54
56 0 U -1
57 0 L 39
58 0 U 57
59 1 U 58
60 0 L 33
61 0 L 25
62 0 U 61
63 1 L 17
64 1 U -1
65 0 U 64
66 1 L 47
67
0 1 U -1
1 0 U 0
2 1 U 1
3 0 U 1
4 0 U 3
5 1 U 4
6 1 U -1
7 0 U 1
8 0 L 2
9 1 U 8
10 0 U 9
11 1 L 1
12 1 U 11
13 1 U 8
14 0 U 13
15 1 L 11
16 1 L 15
17 0 L 2
18 1 U 17
19 1 U 18
20 1 U 19
21 1 U 20
22 1 U 21
23 1 U 22
24 1 U -1
25 0 U 18
26 0 U 25
27 0 U 26
28 1 U 27
29 0 U 28
30 0 L 21
31 0 U 9
32 0 U -1
33 0 U 0
34 0 U 33
35 0 U 34
36 1 U 35
37 1 L 33
38 0 U 10
39 1 U 38
40 0 U -1
41 0 U 40
42 1 U 39
43 0 U 32
44 0 U 43
45 1 U 44
46 1 U 45
47 0 U 46
48 0 U -1
49 1 L 48
50 1 U 49
51 1 U 50
52 0 U 51
53 0 L 48
54 1 U 53
55 1 U 54
56 0 U -1
57 0 L 39
58 0 U 57
59 1 U 58
60 0 L 33
61 1 U 60
62 0 U 61
63 1 L 16
64 1 U -1
65 0 U 64
66 1 L 47
67
0 1 U -1
1 0 U 0
2 1 U 1
3 0 U 1
4 0 U 3
5 1 U 4
6 1 U -1
7 1 U 6
8 0 L 0
9 1 U 8
10 0 U 9
11 0 L 2
12 1 U 11
13 1 U 8
14 0 U 13
15 1 L 11
16 0 L 1
17 0 U 7
18 1 U 17
19 1 U 18
20 1 U 19
21 1 U 20
22 1 U 21
23 1 U 22
24 1 U -1
25 0 U 18
26 0 U 25
27 0 U 26
28 1 U 27
29 0 U 28
30 0 U 29
31 0 U 9
32 0 U -1
33 1 U 32
34 0 U 33
35 0 U 34
36 1 U 35
37 0 L 1
38 0 U 10
39 0 L 8
40 0 L 21
41 0 U 40
42 1 U 39
43 0 U 32
44 0 U 43
45 1 U 44
46 0 U 21
47 0 U 46
48 0 U 4
49 1 L 48
50 1 U 49
51 0 L 23
52 0 U 51
53 0 L 48
54 1 U 53
55 1 U 54
56 0 U -1
57 0 L 39
58 0 U 57
59 1 U 58
60 0 L 33
61 1 U 60
62 0 U 61
63 1 L 17
64 1 U -1
65 1 L 8
66 1 L 47
67
0 1 U -1
1 0 U 0
2 1 U 1
3 0 U 1
4 0 U 3
5 1 U 4
6 1 U -1
7 1 U 6
8 0 L 0
9 1 U 8
10 0 U 9
11 1 L 1
12 1 U 11
13 1 U 8
14 0 U 13
15 1 L 11
16 0 L 1
17 0 L 2
18 1 U 17
19 1 U 18
20 1 U 19
21 1 U 20
22 1 U 21
23 1 U 22
24 1 U -1
25 0 U 18
26 0 U 25
27 0 U 26
28 1 U 24
29 0 U 28
30 0 U 29
31 0 U 9
32 0 U -1
33 1 U 32
34 0 U 33
35 0 U 34
36 1 U 35
37 1 L 33
38 0 U 10
39 1 U 38
40 0 U -1
41 0 U 40
42 1 U 39
43 0 U 32
44 0 U 43
45 1 U 44
46 1 U 45
47 0 U 46
48 0 U -1
49 1 L 48
50 1 U 49
51 1 U 50
52 0 U 51
53 0 L 48
54 1 U 53
55 1 U 54
56 0 U -1
57 0 L 39
58 0 U 57
59 1 U 58
60 0 L 33
61 1 U 60
62 0 U 61
63 1 L 17
64 1 U -1
65 0 U 64
66 1 L 47
67
0 1 U -1
1 0 U 0
2 1 U 1
3 0 U 1
4 0 U 3
5 1 U 4
6 1 U -1
7 1 U 6
8 0 L 0
9 1 U 8
10 1 L 6
11 1 L 1
12 1 U 11
13 1 U 8
14 0 U 13
15 1 L 11
16 0 L -1
17 0 L 2
18 1 U 17
19 1 U 18
20 1 U 19
21 1 U 20
22 1 U 21
23 1 U 22
24 1 U -1
25 0 U 18
26 0 U 25
27 0 U 26
28 1 U 27
29 0 U 28
30 0 U 29
31 0 U 9
32 1 L 15
33 1 U 32
34 0 U 33
35 0 U 34
36 1 U 35
37 1 L 33
38 0 U 10
39 1 U 38
40 0 U -1
41 1 L 40
42 1 U 39
43 0 U 32
44 0 U 43
45 1 U 44
46 1 U 45
47 0 U 46
48 0 U -1
49 1 L 48
50 0 U 1
51 1 U 50
52 0 U 51
53 0 L 48
54 1 U 53
55 1 U 54
56 0 U -1
57 1 U 7
58 0 U 57
59 1 U 58
60 0 L 33
61 1 U 60
62 0 U 61
63 1 L 17
64 1 U -1
65 0 U 64
66 1 L 47
67
0 1 U -1
1 0 U 0
2 1 U 1
3 0 U 1
4 0 U 3
5 1 U 4
6 1 U -1
7 1 U 6
8 0 L 0
9 1 U 8
10 0 U 9
11 1 L 1
12 1 U 11
13 1 U 8
14 1 L 10
15 1 L 11
16 0 L 1
17 0 U 14
18 1 U 17
19 1 U 18
20 1 U 19
21 1 U 20
22 1 U 21
23 1 U 22
24 0 L 3
25 0 U 18
26 1 U 4
27 0 U 26
28 1 U 27
29 0 U 28
30 0 U 29
31 0 U 9
32 0 U -1
33 1 U 32
34 0 U 33
35 0 U 34
36 1 L 34
37 1 L 33
38 1 L 13
39 1 U 38
40 0 U -1
41 0 U 40
42 1 U 39
43 0 U 32
44 0 U 43
45 1 U 44
46 1 L 18
47 0 U 46
48 0 U 20
49 1 L 48
50 1 U 49
51 1 U 50
52 0 U 51
53 0 L 48
54 1 U 53
55 1 U 54
56 0 U -1
57 0 L 39
58 0 U 57
59 1 U 58
60 0 U 25
61 1 U 60
62 0 U 54
63 1 L 17
64 0 U 14
65 0 U 64
66 1 L 47
67
0 1 U -1
1 0 U 0
2 1 U 1
3 0 U 1
4 0 U 3
5 1 U 4
6 1 U -1
7 1 U 6
8 0 L 0
9 1 L 1
10 0 U 9
11 1 L 1
12 1 U 11
13 1 U 8
14 0 U 13
15 1 L 11
16 0 L 1
17 1 L 16
18 1 U 17
19 1 U 18
20 1 U 19
21 1 U 20
22 1 U 21
23 1 U 22
24 1 U -1
25 0 U 18
26 0 U 25
27 0 U 26
28 1 U 27
29 0 U 28
30 0 U 29
31 0 U 9
32 0 L 8
33 1 U 32
34 0 U 33
35 0 U 34
36 1 U 35
37 1 L 33
38 0 U 10
39 1 U 38
40 0 U -1
41 0 U 40
42 1 U 39
43 0 U 32
44 1 L 25
45 1 U 44
46 1 U 45
47 0 U 46
48 0 U -1
49 1 L 48
50 1 U 49
51 1 U 50
52 0 U 51
53 0 L 48
54 1 U 53
55 1 U 54
56 0 U -1
57 0 L 39
58 1 U 17
59 1 U 37
60 0 U 57
61 1 U 60
62 0 U 61
63 1 L 17
64 1 U -1
65 0 U 64
66 1 L 47
67
0 1 U -1
1 0 U 0
2 0 L 0
3 0 U 1
4 0 U 3
5 1 U 4
6 1 U -1
7 1 U 6
8 0 L 0
9 1 U 8
10 0 U 9
11 1 L 1
12 1 U 11
13 1 U 8
14 0 U 13
15 1 L 11
16 0 L 1
17 0 L 2
18 1 U 17
19 1 U 18
20 1 U 19
21 1 U 20
22 1 U 21
23 1 U 22
24 1 U -1
25 0 U 18
26 0 U 25
27 0 U 26
28 1 U 27
29 0 U 28
30 0 U 29
31 0 U 9
32 0 U -1
33 1 U 32
34 0 U 33
35 0 U 21
36 1 U 35
37 1 L 33
38 1 L 14
39 1 U 38
40 0 U -1
41 1 U 15
42 1 U 39
43 0 U 32
44 0 U 43
45 1 U 44
46 0 L 23
47 0 U 46
48 0 U -1
49 0 L 34
50 1 U 49
51 0 U 21
52 0 U 51
53 0 L 48
54 1 U 53
55 1 U 54
56 0 U -1
57 0 L 39
58 0 U 57
59 1 U 58
60 0 L 33
61 1 U 60
62 0 U 61
63 0 U 17
64 1 L 7
65 0 U 64
66 1 L 47
67
0 1 U -1
1 0 U 0
2 1 U 1
3 0 U 1
4 0 U 3
5 1 U 4
6 1 U -1
7 1 U 6
8 0 L 0
9 1 U 8
10 0 U 9
11 1 L 1
12 1 U 11
13 1 U 8
14 1 L 4
15 1 L 11
16 0 L 1
17 0 L 16
18 1 U 17
19 1 U 18
20 1 U 19
21 1 U 20
22 1 U 21
23 0 L 15
24 1 U -1
25 0 U 18
26 1 U 4
27 0 U 26
28 1 U 27
29 0 U 28
30 0 U 29
31 0 U 9
32 0 L 6
33 1 U 32
34 0 U 33
35 0 U 34
36 1 U 35
37 1 L 33
38 0 U 10
39 1 U 38
40 0 U -1
41 0 U 40
42 1 U 39
43 0 U 32
44 0 U 43
45 1 U 44
46 1 U 45
47 0 U 46
48 0 U -1
49 1 L 48
50 1 U 49
51 1 U 50
52 0 U 51
53 0 L 48
54 1 U 53
55 0 L 4
56 0 U -1
57 0 L 39
58 0 U 57
59 1 U 58
60 0 L 33
61 1 U 60
62 1 L 1
63 1 L 17
64 1 U -1
65 0 U 64
66 1 L 47
67
0 1 U -1
1 0 U 0
2 1 U 1
3 0 U 1
4 0 U 3
5 1 U 4
6 1 U -1
7 1 U 6
8 0 L 0
9 1 U 8
10 0 U 9
11 1 L 1
12 1 U 11
13 1 U 8
14 0 U 13
15 1 L 11
16 0 L 1
17 0 L 2
18 1 U 17
19 1 U 18
20 1 U 19
21 0 U 2
22 1 U 21
23 1 U 22
24 1 U -1
25 0 U 18
26 0 U 25
27 0 U 26
28 1 U 27
29 0 U 28
30 0 U 29
31 0 U 9
32 0 U 18
33 1 U 32
34 0 U 33
35 0 U 34
36 1 U 35
37 1 L 33
38 0 U 30
39 1 U 38
40 0 U -1
41 0 U 40
42 1 U 39
43 0 U 32
44 0 U 43
45 1 U 44
46 1 U 13
47 0 U 46
48 0 U -1
49 1 L 48
50 1 U 49
51 1 U 6
52 1 L 48
53 0 L 48
54 1 U 53
55 0 L 53
56 0 U -1
57 0 L 39
58 0 U 57
59 1 U 58
60 1 L 36
61 1 U 60
62 0 U 61
63 1 L 17
64 1 U -1
65 0 U 64
66 1 L 47
67
0 1 U -1
1 0 U 0
2 1 U 1
3 0 U 1
4 0 U 3
5 1 U 4
6 1 U -1
7 1 U 6
8 0 L 0
9 1 U 8
10 0 U 9
11 1 L 1
12 1 U 11
13 1 U 8
14 0 U 13
15 1 L 11
16 0 L 1
17 0 L 2
18 1 U 17
19 1 U 18
20 1 U 19
21 1 U 20
22 1 U 21
23 1 U 22
24 1 U -1
25 0 U 18
26 0 U 25
27 0 U 26
28 1 U 27
29 1 U 3
30 0 U 29
31 0 U 9
32 0 U -1
33 1 U 32
34 0 U 33
35 0 U 34
36 0 U 22
37 1 L 33
38 0 U 10
39 1 U 38
40 0 U -1
41 0 U 40
42 1 U 39
43 0 U 32
44 0 U 43
45 1 U 44
46 1 U 45
47 0 U 46
48 0 U -1
49 1 L 48
50 1 U 49
51 1 U 28
52 0 U 51
53 0 L 48
54 1 U 53
55 1 L 40
56 0 U -1
57 0 L 39
58 0 U 57
59 1 U 58
60 0 L 33
61 1 U 60
62 0 U 61
63 1 L 17
64 1 U -1
65 0 U 64
66 1 L 47
67
0 0 U -1
1 0 U 0
2 1 U 1
3 0 U 1
4 0 U 3
5 1 U 4
6 1 U -1
7 1 U 6
8 1 L 1
9 1 U 8
10 0 U 9
11 1 L 1
12 1 U 11
13 1 U 12
14 0 U 13
15 1 L 11
16 0 L 1
17 0 L 2
18 1 U 17
19 1 U 18
20 1 U 19
21 1 U 20
22 1 U 21
23 1 U 22
24 1 U -1
25 0 U 18
26 0 U 25
27 0 U 26
28 1 U 27
29 0 U 28
30 0 U 29
31 0 U 9
32 0 U -1
33 1 U 32
34 0 U 33
35 0 U 34
36 1 U 29
37 1 L 33
38 0 U 10
39 1 U 38
40 0 U 39
41 0 U 40
42 1 U 39
43 0 L 19
44 0 U 43
45 1 U 44
46 1 U 45
47 0 U 46
48 0 U -1
49 0 U 39
50 1 U 49
51 1 U 50
52 0 U 51
53 0 L 48
54 1 U 53
55 1 L 51
56 0 U -1
57 0 L 39
58 0 U 41
59 1 U 58
60 0 L 33
61 1 U 60
62 0 U 61
63 1 L 17
64 1 U -1
65 0 U 64
66 1 L 47
67
0 1 U -1
1 0 U 0
2 1 U 1
3 0 U 1
4 0 U 3
5 1 U 4
6 1 U -1
7 1 U 6
8 0 L 0
9 1 U 8
10 0 U 9
11 1 L 1
12 1 U 11
13 1 U 8
14 0 U 13
15 1 L 11
16 0 L 1
17 0 L 2
18 1 U 17
19 1 U 18
20 1 U 19
21 1 U 20
22 1 L 19
23 1 U 22
24 1 U -1
25 0 U 18
26 0 U 25
27 0 U -1
28 1 U 27
29 0 U 28
30 0 U 29
31 0 U 9
32 0 U -1
33 1 U 32
34 0 U 33
35 0 U 34
36 1 U 35
37 1 L 33
38 0 U 10
39 1 U 38
40 0 U 36
41 0 U 40
42 1 U 39
43 0 U 32
44 0 U 43
45 1 U 44
46 1 U 45
47 0 U 46
48 0 U -1
49 1 L 48
50 1 U 49
51 1 U 50
52 0 U 51
53 0 L 48
54 1 U 53
55 1 U 54
56 0 U -1
57 0 L 39
58 0 U 57
59 0 L 9
60 0 L 33
61 1 U 60
62 0 U 61
63 0 L 10
64 1 U -1
65 0 U 64
66 1 L 47
67
0 1 U -1
1 0 U 0
2 1 U 1
3 0 U 1
4 0 U 3
5 1 U 4
6 1 U -1
7 1 U 6
8 0 L 0
9 1 U 8
10 0 U 9
11 1 L 1
12 0 U 2
13 1 U 8
14 0 U 13
15 1 L 11
16 0 L 1
17 0 L 2
18 1 U 17
19 1 U 18
20 1 U 19
21 1 U 20
22 1 U 21
23 1 U 22
24 1 U -1
25 0 U 18
26 1 U 14
27 0 U 26
28 1 U 27
29 0 U 28
30 0 U 29
31 0 U 9
32 0 U -1
33 1 U 32
34 0 U 33
35 0 U 34
36 1 U 35
37 1 L 33
38 0 U 10
39 1 U 38
40 0 U -1
41 0 U 40
42 1 U 39
43 0 U 32
44 0 U 43
45 0 L 43
46 1 U 45
47 0 U 46
48 0 U -1
49 1 L 48
50 1 U 49
51 1 U 50
52 0 U 51
53 0 L 48
54 1 U 3
55 1 L -1
56 0 U -1
57 0 L 39
58 0 U 57
59 1 U 58
60 0 L 33
61 1 U 60
62 0 U 61
63 1 L 17
64 1 U -1
65 1 U 10
66 1 L 47
67
0 1 U -1
1 0 U 0
2 1 U 1
3 0 U 1
4 0 U 3
5 1 U 4
6 1 U -1
7 1 U 6
8 0 L 0
9 1 U 8
10 0 U 9
11 1 L 9
12 1 U 11
13 1 U 8
14 1 L 5
15 1 L 11
16 0 L 1
17 0 L 2
18 1 U 17
19 1 L 14
20 1 U 19
21 1 U 20
22 1 U 21
23 1 U 22
24 0 L 7
25 0 U 18
26 0 U 25
27 0 U 26
28 0 U -1
29 0 U 28
30 0 U 29
31 0 U 9
32 0 U -1
33 1 U 32
34 0 U 33
35 0 U 26
36 1 U 35
37 1 L 33
38 0 U 10
39 1 U 38
40 0 U -1
41 0 U 40
42 1 U 39
43 0 U 32
44 0 U 43
45 1 U 44
46 1 U 45
47 0 U 46
48 0 U -1
49 1 L 48
50 1 U 49
51 1 U 50
52 0 U 51
53 0 L 48
54 0 U 1
55 1 U 54
56 0 U -1
57 0 L 39
58 0 U 57
59 1 U 58
60 0 L 7
61 1 U 60
62 0 U 61
63 1 L 17
64 1 U -1
65 0 L 61
66 1 L 47
67
0 0 U -1
1 0 U 0
2 1 U 1
3 0 U 1
4 0 U 3
5 1 U 4
6 1 U 3
7 1 U 6
8 0 L 0
9 1 U 8
10 0 U 9
11 1 L 1
12 1 U 11
13 1 U 8
14 0 U 13
15 1 L 11
16 0 U 12
17 0 L 2
18 1 U 17
19 1 U 18
20 1 U 19
21 1 U 20
22 1 U 21
23 1 U 22
24 1 U -1
25 0 U 18
26 0 U 25
27 0 U 26
28 1 U 27
29 0 U 28
30 0 U 29
31 0 U 9
32 0 U -1
33 1 U 32
34 0 U 33
35 0 U 34
36 1 U 35
37 1 L 33
38 0 U 10
39 1 U 38
40 0 U -1
41 0 U 40
42 1 U 39
43 0 U 32
44 1 L 34
45 1 U 3
46 1 U 45
47 0 U 46
48 0 U -1
49 1 L 48
50 1 U 49
51 1 U 50
52 0 U 51
53 0 L 27
54 1 U 53
55 1 U 54
56 0 L 46
57 0 L 39
58 0 U 57
59 1 U 58
60 0 L 33
61 1 U 60
62 0 U 61
63 1 L 17
64 1 U -1
65 0 U 64
66 1 L 47
67
0 1 U -1
1 0 U 0
2 1 U 1
3 1 U 0
4 0 U 3
5 1 U 4
6 1 U -1
7 1 U 6
8 0 L 0
9 1 U 7
10 0 U 9
11 1 U 0
12 1 U 11
13 1 U 8
14 0 U 13
15 1 L 11
16 0 L 1
17 0 L 2
18 1 U 17
19 1 U 18
20 1 U 14
21 1 U 20
22 1 U 21
23 1 U 22
24 1 U -1
25 0 U 18
26 0 U 25
27 0 U 26
28 1 U 27
29 0 U 28
30 0 U 29
31 0 U 9
32 0 U -1
33 1 U 32
34 0 U 33
35 0 U 34
36 1 U 35
37 1 L 33
38 0 U 10
39 1 U 38
40 0 U -1
41 0 U 40
42 1 U 39
43 1 L 21
44 0 U 43
45 1 U 44
46 1 U 45
47 0 U 46
48 0 U -1
49 1 L 48
50 1 U 49
51 1 U 50
52 0 U 51
53 1 L 38
54 0 L 15
55 1 U 54
56 0 U -1
57 0 L 39
58 0 U 57
59 1 U 58
60 0 L 33
61 1 U 60
62 0 U 61
63 1 L 17
64 1 U -1
65 0 U 64
66 1 L 47
67
0 1 U -1
1 1 L -1
2 1 U 1
3 0 U 1
4 0 L 1
5 1 U 4
6 1 U -1
7 1 U 6
8 0 L 0
9 1 U 8
10 0 U 9
11 1 L 1
12 1 U 11
13 1 U 8
14 0 U 13
15 1 L 11
16 0 L 1
17 1 L 13
18 1 U 17
19 1 U 18
20 1 U 19
21 1 U 20
22 1 U 21
23 1 L 5
24 1 U -1
25 0 U 18
26 0 U 25
27 0 U 26
28 1 U 27
29 0 U 28
30 0 U 29
31 0 U 9
32 0 U -1
33 1 U 32
34 0 U 33
35 0 U 34
36 1 U 35
37 1 L 33
38 0 U 10
39 1 U -1
40 0 U -1
41 0 U 40
42 0 U 38
43 0 U 32
44 0 U 43
45 1 U 44
46 1 U 45
47 0 U 46
48 0 U -1
49 1 L 48
50 1 U 49
51 1 U 50
52 0 U 51
53 0 L 48
54 1 U 53
55 1 U 54
56 0 U -1
57 0 L 39
58 0 U 57
59 1 U 58
60 0 L 33
61 1 U 60
62 0 U 61
63 1 L 17
64 1 U -1
65 0 U 64
66 1 L 47
67
0 1 U -1
1 0 U 0
2 1 U 1
3 0 U 1
4 0 U 3
5 1 U 4
6 0 U 2
7 1 L 4
8 0 L 0
9 1 U 8
10 0 U 9
11 1 L 1
12 1 U 11
13 1 U 8
14 0 U 13
15 1 L 11
16 0 L 1
17 1 U 12
18 1 U 17
19 1 L 6
20 1 U 19
21 1 U 20
22 1 U 21
23 1 U 22
24 1 L 6
25 1 U 2
26 0 U 25
27 0 U 26
28 1 U 27
29 0 U 28
30 0 U 29
31 0 U 9
32 0 U -1
33 1 U 32
34 0 U 33
35 0 U 34
36 1 U 35
37 0 L 23
38 0 U 10
39 1 U 38
40 0 U -1
41 1 U 17
42 1 U 39
43 0 U 32
44 0 U 43
45 1 U 44
46 0 L 5
47 0 U 46
48 0 U -1
49 1 U -1
50 1 U 49
51 1 U 50
52 0 U 51
53 0 L 48
54 1 U 53
55 1 U 54
56 0 U 40
57 0 L 39
58 0 U 57
59 1 U 58
60 0 L 33
61 1 U 60
62 0 U 61
63 1 L 17
64 1 U -1
65 0 U 64
66 1 L 47
67
0 1 U -1
1 0 U 0
2 1 U 1
3 0 U 1
4 0 U 3
5 1 U 4
6 1 U -1
7 1 U 6
8 0 L 0
9 1 U 8
10 0 U 9
11 1 L 1
12 1 U 11
13 1 U 8
14 1 U 1
15 1 L 11
16 1 U 0
17 0 L 2
18 1 U 17
19 1 U 18
20 0 L 14
21 1 U 20
22 1 U 21
23 0 L 7
24 1 U -1
25 0 U 18
26 0 U 25
27 0 U 26
28 1 U 27
29 0 U 28
30 0 U 29
31 0 U 9
32 0 U -1
33 1 U 32
34 0 U 33
35 0 U 34
36 1 U 35
37 1 L 33
38 0 U 10
39 1 U 38
40 0 U -1
41 0 U 40
42 1 U 39
43 0 U 32
44 0 U 43
45 1 U 44
46 1 U 45
47 0 U 46
48 0 U -1
49 1 L 48
50 1 U 49
51 1 U 50
52 0 U 51
53 0 L 48
54 1 U 53
55 1 U 54
56 0 U -1
57 0 L 39
58 0 U 57
59 1 U 58
60 0 L 33
61 1 U 60
62 1 U 10
63 0 L 24
64 1 U -1
65 0 U 64
66 1 U 42
67
0 1 U -1
1 0 U 0
2 1 U 1
3 0 U 1
4 0 U 3
5 1 U 4
6 1 U -1
7 1 U 6
8 0 L 0
9 1 U 7
10 0 U 9
11 1 L 1
12 1 U 11
13 1 U 8
14 0 U 13
15 1 L 11
16 0 L 1
17 0 L 2
18 1 U 17
19 1 U 18
20 1 U 19
21 1 U 20
22 1 U 21
23 0 U 9
24 1 U 15
25 0 U 18
26 0 U 25
27 0 U 26
28 1 U 27
29 0 U 28
30 0 U 29
31 0 U 9
32 0 U -1
33 1 U 32
34 0 U 33
35 1 L 3
36 1 U 35
37 1 L 33
38 0 U 10
39 1 U 38
40 0 U -1
41 0 U 40
42 1 U 39
43 0 U 32
44 0 U 43
45 1 U 44
46 1 U 45
47 0 U 46
48 0 U -1
49 1 L 48
50 1 U 49
51 1 U 50
52 0 U 50
53 0 L 48
54 1 U 53
55 1 U 54
56 0 U -1
57 0 L 39
58 0 U 57
59 1 U 58
60 0 L 33
61 1 U 60
62 1 U 14
63 1 L 17
64 1 U -1
65 1 L 8
66 1 L 47
67
0 1 U -1
1 0 U 0
2 1 U 1
3 0 U 1
4 0 U 3
5 1 U 4
6 1 U -1
7 1 U 6
8 0 L 0
9 1 U 8
10 0 U 9
11 1 L 1
12 1 U 11
13 1 U 8
14 0 U 13
15 1 L 11
16 0 L 1
17 0 L 2
18 1 U 17
19 1 U 18
20 1 U 19
21 1 U 20
22 1 U 21
23 1 U 22
24 1 U -1
25 0 U 18
26 0 U 25
27 0 U 26
28 1 U 27
29 0 U 28
30 0 U 29
31 0 U 9
32 0 U -1
33 1 U 32
34 0 U 33
35 0 U 34
36 1 U 35
37 1 L 33
38 0 U 10
39 1 U 38
40 0 U -1
41 0 U 40
42 1 U 39
43 0 U 32
44 0 U 43
45 1 U 44
46 1 U 45
47 0 U 46
48 0 L 11
49 1 L 48
50 1 U 49
51 1 U 50
52 0 U 51
53 0 L 48
54 1 U 53
55 1 U 54
56 0 U 45
57 0 L 39
58 0 U 57
59 1 U 58
60 0 L 33
61 1 U 60
62 0 L 17
63 1 L 17
64 1 U -1
65 0 U 64
66 1 L 47
