36
0 1 U -1
1 0 U 0
2 1 U 1
3 0 U 2
4 1 U 3
5 1 U 4
6 0 U -1
7 0 U 6
8 0 U 7
9 1 U 8
10 1 U 9
11 0 U 10
12 1 U -1
13 1 U 12
14 0 U 13
15 1 U 14
16 1 U 15
17 1 U 16
18 0 U -1
19 1 U 18
20 1 U 19
21 0 U 20
22 1 U 21
23 1 U 22
24 1 U -1
25 0 U 24
26 0 U 25
27 0 U 26
28 1 U 27
29 1 U 28
30 0 U -1
31 0 U 30
32 0 U 31
33 1 U 32
34 1 U 33
35 1 U 34
36
0 1 U -1
1 0 U 0
2 1 U 1
3 0 U 2
4 1 U 3
5 1 U 4
6 0 U -1
7 0 U 6
8 0 U 7
9 1 U 8
10 1 U 9
11 0 U 10
12 0 L 3
13 1 U 12
14 0 U 13
15 1 U 14
16 1 U 15
17 1 U 16
18 0 U -1
19 1 U 18
20 1 U 19
21 0 U 20
22 1 U 21
23 1 U 22
24 0 L 22
25 0 U 24
26 0 U 25
27 0 U 26
28 0 L 3
29 1 U 28
30 0 U -1
31 0 U 30
32 0 U 31
33 1 U 32
34 1 U 33
35 1 U 34
36
0 1 U -1
1 0 U 0
2 1 U 1
3 0 U 2
4 1 U 3
5 1 U 4
6 0 U -1
7 0 U 6
8 0 U 7
9 1 U 8
10 1 U 9
11 0 U 10
12 1 U 1
13 1 U 12
14 0 U 13
15 1 U 14
16 1 U 15
17 1 U 16
18 0 U -1
19 1 U 18
20 1 U 19
21 0 U 20
22 1 U 21
23 1 U 22
24 0 L 22
25 0 U 24
26 0 U 25
27 0 U 26
28 0 L 3
29 1 U 28
30 0 U -1
31 0 U 0
32 0 L 24
33 1 U 32
34 1 U 33
35 1 U 34
36
0 1 U -1
1 0 U 0
2 1 U 1
3 0 U 2
4 1 U 3
5 1 U 4
6 0 U -1
7 0 U 6
8 0 U 7
9 1 U 8
10 1 U 9
11 0 U 10
12 0 L 3
13 1 L 6
14 0 U 13
15 1 U 14
16 1 U 15
17 1 U 16
18 0 U -1
19 1 U 18
20 1 U 19
21 0 U 20
22 1 U 21
23 1 U 22
24 0 L 22
25 1 L 18
26 1 L 17
27 0 U 26
28 0 L 3
29 1 U 28
30 0 U -1
31 0 U 30
32 0 U 27
33 1 U 32
34 1 U 33
35 1 U 34
36
0 0 L -1
1 0 U 0
2 1 U 1
3 0 U 2
4 1 U 3
5 1 U 4
6 0 U -1
7 0 U 6
8 0 U 7
9 1 U 8
10 1 U 9
11 0 U 10
12 0 L 3
13 1 U 12
14 0 U 13
15 1 U 14
16 1 L 1
17 1 U 16
18 0 U -1
19 1 U 18
20 1 U 19
21 0 U 20
22 1 U 21
23 1 U 22
24 0 L 22
25 0 L 8
26 0 U 25
27 0 U 26
28 0 L 3
29 1 U 28
30 0 U -1
31 1 U 19
32 0 U 31
33 1 U 32
34 1 U 33
35 1 U 34
36
0 1 U -1
1 0 U 0
2 0 L 1
3 0 U 2
4 1 U 3
5 1 U 4
6 0 U -1
7 0 U 6
8 0 U 7
9 1 U 8
10 1 U 9
11 0 U 10
12 0 L 3
13 1 U 12
14 0 U 13
15 1 U 14
16 0 U 14
17 1 U 16
18 0 U -1
19 1 U 18
20 1 U 19
21 0 U 20
22 1 U 21
23 0 L 5
24 0 L 22
25 0 U 24
26 0 U 25
27 0 U 26
28 0 L 3
29 1 U 28
30 0 U -1
31 0 U 30
32 0 U 31
33 1 U 32
34 1 U 33
35 1 U 7
36
0 1 L -1
1 0 U 0
2 1 U 1
3 0 U 2
4 1 U 3
5 1 U 1
6 0 U -1
7 1 L -1
8 0 U 7
9 1 U 8
10 1 U 9
11 0 U 10
12 0 L 3
13 1 U 12
14 0 U 13
15 1 U 14
16 1 U 15
17 0 U 4
18 0 U -1
19 1 U 18
20 1 U 19
21 0 U 20
22 1 U 21
23 1 U 22
24 0 L 22
25 0 U 24
26 0 U 25
27 0 U 26
28 0 L 3
29 1 U 28
30 0 U -1
31 1 L 12
32 0 U 31
33 1 U 32
34 1 U 33
35 1 U 34
36
0 1 U -1
1 0 U 0
2 1 U 1
3 0 U 2
4 1 U 3
5 1 U 4
6 0 U -1
7 0 U 6
8 0 U 7
9 1 U 8
10 1 U 9
11 0 U 10
12 0 L 3
13 1 U 12
14 1 L 10
15 1 U 14
16 1 U 15
17 1 U 16
18 0 U -1
19 1 U 18
20 1 U 19
21 0 U 20
22 1 U 21
23 1 U 22
24 0 L 22
25 0 U 24
26 0 U 25
27 0 U 26
28 0 U 24
29 1 U 28
30 0 U -1
31 0 U 30
32 0 U 31
33 1 U 32
34 1 U 33
35 1 U 34
36
0 1 U -1
1 0 U 0
2 1 U 1
3 0 U 2
4 1 U 3
5 1 U 4
6 0 U -1
7 0 U 6
8 0 U 7
9 1 U 8
10 1 U 9
11 0 U 10
12 0 L 3
13 1 U 12
14 0 U 13
15 1 U -1
16 1 U 15
17 1 U 16
18 0 U -1
19 1 U 18
20 1 U 19
21 0 U 20
22 1 U 21
23 1 U 22
24 0 L 22
25 0 U 24
26 0 U 25
27 0 U 26
28 0 L 9
29 0 L 10
30 0 U -1
31 0 U 30
32 0 U 31
33 1 U 32
34 1 U 33
35 0 L 24
36
0 1 U -1
1 1 U -1
2 1 U 1
3 0 U 2
4 1 U 3
5 1 U 4
6 0 U -1
7 0 U 6
8 1 U 7
9 1 U 8
10 1 U 9
11 0 U 10
12 0 L 3
13 1 U 12
14 0 U 13
15 1 U 14
16 1 U 15
17 1 U 16
18 0 U -1
19 1 U 18
20 0 U 5
21 0 U 20
22 1 U 21
23 1 U 22
24 0 L 22
25 0 U 24
26 0 U 25
27 0 U 26
28 0 L 3
29 1 U 28
30 0 U -1
31 0 U 30
32 0 U 31
33 1 U 32
34 1 U 33
35 1 U 34
36
0 1 U -1
1 0 U 0
2 1 U 1
3 0 U 2
4 1 U 3
5 1 U 4
6 0 U -1
7 0 U 6
8 0 U 7
9 1 U 8
10 1 U 9
11 0 U 10
12 0 L 3
13 1 U 12
14 0 U 13
15 1 U 14
16 1 U 15
17 1 L 12
18 0 U -1
19 1 U 18
20 1 U 19
21 0 U 20
22 1 U 21
23 1 U 22
24 0 L 22
25 0 U 24
26 0 U 25
27 0 U 0
28 0 L 3
29 1 U 28
30 0 U -1
31 0 U 30
32 1 U 21
33 1 U 32
34 0 L 26
35 1 U 34
36
0 1 U -1
1 0 U 0
2 1 U 1
3 0 U 2
4 1 U 3
5 1 U 4
6 0 U -1
7 0 U 6
8 0 U 7
9 1 U 8
10 1 U 9
11 0 U 10
12 0 L 3
13 1 U 12
14 1 U 11
15 1 U 14
16 1 U 15
17 1 U 16
18 0 U -1
19 1 U 18
20 1 L 13
21 0 U 20
22 1 U 21
23 1 U 22
24 1 L 23
25 0 U 24
26 0 U 25
27 1 L 8
28 0 L 3
29 1 U 28
30 0 U -1
31 0 U 30
32 0 U 31
33 1 U 32
34 1 U 33
35 1 U 34
36
0 1 U -1
1 0 U 0
2 1 U 1
3 0 U 2
4 1 U 3
5 1 U 4
6 0 U -1
7 1 L 6
8 1 U 5
9 1 U 8
10 1 U 9
11 0 U 10
12 0 L 3
13 1 U 12
14 0 U 13
15 1 U 14
16 1 U 15
17 0 U 16
18 0 U -1
19 1 U 18
20 0 U 19
21 0 U 20
22 1 L 3
23 1 U 22
24 0 L 22
25 0 U 24
26 0 U -1
27 1 L 24
28 0 L 3
29 1 U 28
30 0 U -1
31 0 U 30
32 0 U 31
33 1 U 32
34 1 U 33
35 0 L 30
36
0 1 U -1
1 0 U 0
2 0 L 0
3 0 U 2
4 1 U 3
5 1 U 4
6 0 U -1
7 0 U 6
8 0 U 7
9 1 U 8
10 1 U 9
11 0 U 10
12 0 L 3
13 1 U 12
14 0 U 13
15 1 U 14
16 1 U 15
17 1 U 16
18 0 U 15
19 1 U 18
20 1 U 19
21 0 U 20
22 1 U 21
23 1 U 22
24 0 L 22
25 0 U 24
26 0 U 25
27 1 U 11
28 0 L 3
29 1 U 28
30 0 U -1
31 0 U 30
32 0 U 31
33 1 U 32
34 1 U 33
35 1 L 19
36
0 1 U -1
1 0 U 0
2 1 U 1
3 0 U 2
4 1 U 3
5 1 U 4
6 0 U 2
7 0 U 6
8 0 U 4
9 1 U 8
10 1 U 9
11 0 U 10
12 0 L 3
13 1 U 12
14 0 U 13
15 1 U 14
16 1 U 15
17 1 U 16
18 0 U -1
19 1 U 18
20 1 U 19
21 0 U 20
22 1 U 21
23 1 U 22
24 0 L 22
25 0 U 24
26 0 U 15
27 0 U 26
28 0 L 3
29 1 U 28
30 0 U -1
31 0 U 30
32 0 U 31
33 1 U 32
34 1 U 11
35 1 U 34
36
0 1 U -1
1 0 U 0
2 1 U 1
3 0 U 2
4 1 U 3
5 1 U 4
6 0 U -1
7 0 U 6
8 0 U 7
9 1 U 8
10 1 U 9
11 0 U 10
12 0 L 3
13 1 L 0
14 0 U 13
15 1 U 14
16 1 U 15
17 1 U 16
18 0 L 0
19 1 U 18
20 0 L 18
21 0 U 20
22 1 U 21
23 1 L 4
24 0 L 22
25 0 U 24
26 0 U 25
27 0 U 26
28 0 L 3
29 1 U 28
30 0 U -1
31 0 U 30
32 0 U 31
33 1 U 32
34 1 U 33
35 1 U 34
36
0 1 U -1
1 0 U 0
2 1 U 1
3 0 U 2
4 1 U 3
5 1 U 4
6 0 U -1
7 0 U 6
8 0 U 7
9 1 U 8
10 1 U 9
11 0 U 10
12 0 L 3
13 1 U 12
14 0 U 13
15 0 U 7
16 0 U 6
17 1 U 16
18 0 U -1
19 0 L 7
20 1 U 19
21 0 U 5
22 1 U 17
23 1 U 22
24 0 L 22
25 0 U 24
26 0 U 25
27 0 U 26
28 0 L 10
29 1 U 28
30 0 U -1
31 0 U 30
32 0 U 31
33 1 U 32
34 1 U 33
35 1 U 34
36
0 1 U -1
1 0 U 0
2 1 U 1
3 0 U 2
4 1 U 3
5 1 U 4
6 0 U -1
7 0 L 2
8 0 U 7
9 1 U 8
10 1 U 9
11 0 U 10
12 0 L 3
13 1 U 12
14 0 U 13
15 1 U 14
16 1 L 13
17 1 U 16
18 0 U 14
19 1 U 18
20 1 U 19
21 0 U 20
22 1 U 21
23 1 U 22
24 0 L 22
25 0 U 24
26 0 U 25
27 0 U 26
28 0 L 3
29 1 U 28
30 0 U -1
31 0 U 30
32 0 U 31
33 1 U 32
34 1 U 33
35 1 U 34
36
0 1 U -1
1 0 U 0
2 1 U 1
3 0 U 2
4 1 U 3
5 0 U 1
6 0 U -1
7 0 U 6
8 0 U 7
9 1 U 8
10 1 U 9
11 0 U 10
12 0 L 3
13 1 U 12
14 0 U 13
15 1 U 14
16 1 U 15
17 1 U 16
18 1 U -1
19 1 U 18
20 1 U 19
21 0 U 20
22 1 U 21
23 1 U 22
24 0 L 22
25 0 U 24
26 0 U 25
27 0 U 26
28 1 L 14
29 1 U 28
30 0 U -1
31 0 U 30
32 0 U 31
33 1 U 32
34 1 U 33
35 1 U 34
36
0 1 U -1
1 0 U 0
2 1 U 1
3 0 U 2
4 1 U 3
5 0 L 4
6 0 U -1
7 0 U 6
8 0 U 7
9 1 U 8
10 1 U 5
11 0 U 10
12 0 L 3
13 1 U 12
14 0 U 13
15 1 U 14
16 1 U 15
17 0 L 13
18 0 U -1
19 1 U 18
20 1 U 19
21 0 U 20
22 1 U 21
23 1 L 8
24 0 L 22
25 0 U 24
26 0 U 25
27 0 U 26
28 0 L 27
29 1 U 28
30 0 U -1
31 0 U 30
32 0 U 31
33 1 U 32
34 1 U 33
35 1 U 34
36
0 1 U -1
1 0 U 0
2 1 U 0
3 0 U 1
4 1 U 2
5 1 U 4
6 0 U -1
7 0 L 2
8 0 U 7
9 1 U 0
10 1 U 9
11 0 U 10
12 0 L 3
13 1 U 12
14 0 U 13
15 1 U 14
16 1 U 15
17 0 U 10
18 0 U -1
19 1 U 18
20 1 U 19
21 0 U 20
22 1 U 21
23 1 U 22
24 0 L 22
25 0 U 24
26 0 U 25
27 0 U 26
28 0 L 3
29 1 U 28
30 0 U -1
31 0 U 30
32 0 U 31
33 1 U 32
34 0 L 17
35 1 U 34
36
0 1 U -1
1 0 U 0
2 1 U 1
3 0 U 2
4 1 U 3
5 1 U 2
6 0 L 5
7 0 U 6
8 0 U 7
9 1 L 6
10 1 U 9
11 0 U 10
12 0 L 3
13 1 U 12
14 0 U 13
15 1 U 14
16 1 U 15
17 1 U 16
18 0 U -1
19 1 U 18
20 1 U 19
21 0 U 20
22 1 U 21
23 1 U 8
24 0 L 22
25 0 U 24
26 0 U 25
27 0 U 26
28 0 L 3
29 1 U 28
30 1 L 9
31 0 U 30
32 0 U 31
33 1 U 32
34 1 U 33
35 1 U 34
36
0 1 U -1
1 1 L 0
2 1 U 1
3 0 U 2
4 1 U 3
5 1 U 4
6 0 U -1
7 0 U 6
8 0 L 5
9 1 U 8
10 0 U 5
11 0 U 10
12 0 L 3
13 0 L 5
14 0 U 13
15 1 U 14
16 1 U 15
17 1 U 16
18 0 U -1
19 1 U 18
20 1 U 19
21 0 U 20
22 1 U 21
23 1 U 22
24 0 L 22
25 0 U 24
26 0 U 25
27 0 L 20
28 0 L 3
29 1 U 28
30 0 U -1
31 0 U 30
32 1 U 14
33 1 U 32
34 1 U 33
35 1 U 34
36
0 1 U -1
1 1 U 0
2 1 U 1
3 0 U 2
4 1 U 3
5 1 U 4
6 0 U -1
7 0 U 6
8 0 U 7
9 1 U 8
10 1 U 9
11 0 U 10
12 0 L 3
13 1 U 12
14 0 U 13
15 1 U 14
16 1 U 15
17 1 U 16
18 0 U -1
19 1 U 18
20 0 U 17
21 0 U 20
22 0 L 8
23 1 U 22
24 0 L 22
25 0 U 24
26 0 U 25
27 0 U 26
28 0 L 3
29 1 U 28
30 0 U -1
31 0 U 30
32 0 U 31
33 1 U 32
34 1 U 33
35 1 U 34
36
0 1 U -1
1 0 U 0
2 1 U 1
3 0 U 2
4 1 U 3
5 1 U 4
6 0 U -1
7 0 U 6
8 0 U 7
9 1 U 8
10 1 U 9
11 0 U 10
12 0 L 3
13 1 U 12
14 0 U 13
15 1 U 14
16 1 U 15
17 1 U 16
18 1 L 13
19 1 U 18
20 0 U 3
21 0 U 20
22 1 U 21
23 1 U 22
24 0 L 22
25 0 U 24
26 0 U 25
27 0 U 26
28 0 L 3
29 1 U 28
30 0 U -1
31 0 U 30
32 0 U 31
33 1 U 32
34 1 U 33
35 1 U 34
36
0 1 U -1
1 0 U 0
2 0 L -1
3 0 U 2
4 1 U 3
5 1 U 4
6 0 U -1
7 0 U 6
8 0 U 7
9 1 U 8
10 1 U 9
11 0 U 10
12 0 L 3
13 1 U 12
14 0 U 13
15 1 U 14
16 1 U 15
17 1 U 16
18 0 U -1
19 1 U 18
20 1 U 19
21 0 U 20
22 1 U 21
23 1 U 22
24 0 L 22
25 0 U 24
26 1 U 16
27 0 U 26
28 0 L 3
29 1 U 23
30 0 U -1
31 0 U 30
32 0 U 31
33 1 U 32
34 1 U 33
35 1 U 34
36
0 1 U -1
1 0 U 0
2 1 U 1
3 0 U 2
4 1 U 3
5 1 U 4
6 0 U -1
7 0 U 6
8 0 U 7
9 1 U 8
10 1 U 9
11 0 U 10
12 0 L 4
13 1 U 12
14 0 U 13
15 1 U 14
16 1 U 15
17 1 U 16
18 0 U -1
19 1 U 18
20 1 U 19
21 0 U 20
22 1 U 21
23 1 U 22
24 0 L 22
25 0 U 24
26 0 U 25
27 0 U 26
28 0 L 3
29 1 U 28
30 0 U 24
31 0 U 30
32 0 U 31
33 1 U 32
34 1 U 33
35 1 U 34
36
0 1 U -1
1 0 U 0
2 1 U 1
3 0 U 2
4 0 U 0
5 1 U 4
6 0 U -1
7 0 U 6
8 0 U 7
9 1 U 8
10 1 U 9
11 0 U 10
12 0 L 3
13 1 U 12
14 0 U 13
15 1 U 14
16 1 U 15
17 1 U 16
18 0 U -1
19 1 U 18
20 1 U 19
21 0 U 20
22 1 U 21
23 1 L 1
24 0 L 22
25 0 U 24
26 0 U 25
27 0 U 26
28 0 L 3
29 1 U 28
30 0 U -1
31 0 L 8
32 0 U 31
33 1 U 32
34 1 U 33
35 1 U 34
36
0 1 U -1
1 0 U 0
2 1 U 1
3 0 U 2
4 1 U 3
5 1 U 4
6 0 U -1
7 0 U 6
8 0 U 7
9 1 U 8
10 1 U 9
11 0 U 10
12 0 L 3
13 1 U 12
14 0 U 13
15 1 U 14
16 1 U 15
17 1 U 16
18 0 U -1
19 1 U 18
20 0 U 3
21 0 U 20
22 1 U 21
23 1 U 22
24 0 L 22
25 0 U 24
26 0 U 25
27 0 U 7
28 0 L 3
29 1 U 28
30 0 U -1
31 0 U 30
32 0 U 18
33 1 U 32
34 1 U 33
35 1 U 34
36
0 1 U -1
1 0 U 0
2 1 U 1
3 0 U 2
4 1 U 3
5 1 U 4
6 0 U -1
7 0 U 6
8 0 U 7
9 1 U 8
10 1 U 9
11 0 U 10
12 0 L 3
13 1 U 12
14 0 U 13
15 1 U 14
16 1 U 15
17 1 U 16
18 0 U -1
19 1 U 18
20 1 U 19
21 1 L -1
22 1 U 21
23 1 U 22
24 0 L 22
25 0 U 24
26 0 U 25
27 0 U 26
28 0 L 3
29 1 U 28
30 0 U -1
31 0 U 30
32 0 U 31
33 1 U 32
34 1 U 33
35 1 U 34
36
0 1 U -1
1 0 U 0
2 1 U 1
3 0 U 2
4 1 U 3
5 1 L 4
6 0 U -1
7 0 U 6
8 0 U 7
9 1 U 8
10 1 U 9
11 0 U 10
12 0 L 3
13 1 U 12
14 0 U 13
15 1 U 14
16 1 U 15
17 1 U 16
18 0 U -1
19 1 U 18
20 1 U 19
21 0 U 20
22 1 U 21
23 1 U 22
24 0 L 22
25 0 U 24
26 0 U 25
27 0 L 24
28 1 L 22
29 0 L 13
30 0 U -1
31 0 U 30
32 0 U 31
33 1 U 32
34 1 U 33
35 1 U 34
36
0 1 U -1
1 0 U 0
2 1 U 1
3 0 U 2
4 1 U 3
5 1 U 4
6 0 U -1
7 0 U 6
8 0 U 7
9 1 U 8
10 1 U 9
11 0 U 10
12 0 L 3
13 1 U 12
14 0 U 13
15 1 U 14
16 1 U 15
17 1 U 16
18 0 U -1
19 1 U 18
20 1 U 19
21 0 U 20
22 1 U 21
23 1 U 22
24 0 L 22
25 0 U 24
26 0 U 25
27 0 U 26
28 0 L 3
29 1 U 28
30 0 U -1
31 0 U 30
32 0 U 4
33 1 U 32
34 1 U 33
35 1 U 34
36
0 1 U -1
1 0 U 0
2 1 U 1
3 0 U 2
4 1 U 3
5 1 U -1
6 0 U -1
7 0 U 6
8 0 U 7
9 1 U 8
10 1 U 9
11 0 U 10
12 0 L 3
13 1 U 12
14 0 U 13
15 0 U 3
16 1 U 15
17 1 U 16
18 0 U -1
19 1 U 18
20 1 U 19
21 0 U 20
22 1 U 21
23 1 U 22
24 0 L 22
25 0 U 24
26 0 U 25
27 0 U 26
28 0 L 3
29 1 U 28
30 0 U -1
31 0 U 30
32 0 U 31
33 1 U 32
34 1 U 33
35 1 U 34
36
0 1 U -1
1 0 U 0
2 1 U 1
3 0 U 2
4 1 U 3
5 1 U 4
6 0 U -1
7 0 U 6
8 0 U 7
9 1 U 8
10 1 U 9
11 0 U 10
12 0 L 3
13 1 U 12
14 0 U 13
15 1 U 14
16 0 L 13
17 1 U 16
18 0 U -1
19 1 U 18
20 1 U 19
21 0 U 20
22 1 U 21
23 1 U 22
24 0 L 22
25 0 U 24
26 0 U 25
27 0 U 26
28 0 L 3
29 1 U 28
30 0 U -1
31 0 U 30
32 0 U 31
33 1 U 32
34 0 U 29
35 1 U 34
36
0 1 U -1
1 0 U 0
2 1 U 1
3 0 U 2
4 1 U 3
5 1 U 4
6 0 U -1
7 1 L 5
8 0 U 7
9 1 U 8
10 1 U 9
11 0 U 10
12 1 U 8
13 1 U 12
14 1 L 5
15 1 U 14
16 1 U 15
17 1 U 16
18 0 U -1
19 1 U 18
20 1 U 19
21 0 U 20
22 1 U 21
23 1 U 22
24 0 L 22
25 1 U 5
26 0 U 25
27 0 U 26
28 1 U 0
29 1 U 28
30 0 U -1
31 0 L 18
32 0 U 31
33 1 U 32
34 1 U 33
35 1 U 34
36
0 1 U -1
1 0 U 0
2 1 U 1
3 0 U 2
4 1 U 3
5 0 U 2
6 0 U -1
7 0 U 6
8 0 U 7
9 1 U 8
10 1 U 9
11 1 U 1
12 0 L 3
13 1 U 12
14 0 U 13
15 1 U 14
16 1 U 15
17 1 L 10
18 0 U -1
19 1 U 18
20 1 U 19
21 0 U 20
22 1 U 21
23 1 U 22
24 0 L 22
25 0 U 24
26 0 U 25
27 0 U 26
28 0 L 3
29 1 U 28
30 0 L 8
31 0 U 30
32 0 U 31
33 1 U 32
34 1 U 33
35 0 U 27
36
0 1 U -1
1 0 U 0
2 1 U 1
3 1 L 0
4 1 U 3
5 1 U 4
6 0 U -1
7 0 U 6
8 0 U 7
9 1 L 1
10 1 U 9
11 0 U 10
12 1 U -1
13 1 U 12
14 0 U 13
15 1 U 14
16 1 U 15
17 1 U 16
18 0 U -1
19 1 U 18
20 1 U 19
21 0 U 20
22 1 U 21
23 1 U 22
24 0 L 22
25 0 U 24
26 0 U 25
27 0 U 26
28 0 L 3
29 1 U 28
30 0 U -1
31 0 U 30
32 0 U 31
33 1 U 32
34 1 U 33
35 1 U 34
36
0 1 U -1
1 1 U 0
2 1 U 1
3 0 L 1
4 1 U 3
5 1 U 4
6 0 U -1
7 0 U 6
8 0 U 7
9 1 U 8
10 1 U 9
11 0 U 10
12 0 L 3
13 1 U 12
14 0 U 13
15 1 U 14
16 1 U 15
17 1 U 16
18 0 U -1
19 1 U 18
20 1 U 19
21 0 U 20
22 1 U 21
23 0 U 13
24 0 L 22
25 0 U 24
26 0 U 25
27 0 U 26
28 0 L 3
29 1 U 28
30 0 U -1
31 0 U 4
32 0 U 31
33 1 U 32
34 0 U 28
35 1 U 34
36
0 1 U -1
1 0 U 0
2 1 U 1
3 1 L 1
4 0 L 3
5 1 U 4
6 1 U 5
7 0 U 6
8 0 U 7
9 1 U 8
10 1 U 9
11 0 U 10
12 0 L 3
13 0 U 8
14 0 U 5
15 1 U 14
16 1 U 15
17 1 U 16
18 1 U 5
19 1 U 18
20 1 U 19
21 0 U 20
22 1 U 21
23 1 U 22
24 0 L 22
25 0 U 24
26 0 U 25
27 0 U 26
28 0 L 16
29 1 U 28
30 0 U -1
31 0 U 30
32 0 U 31
33 1 U 32
34 1 U 33
35 1 U 34
36
0 1 U -1
1 1 U 0
2 1 U 1
3 0 U 2
4 1 U 3
5 1 U 4
6 0 U -1
7 0 U 6
8 0 U 7
9 1 U 8
10 1 U 9
11 0 U 10
12 0 L 3
13 1 U 12
14 0 U 13
15 1 U 14
16 1 U 15
17 1 U 16
18 0 U -1
19 1 U 18
20 1 U 19
21 0 U 20
22 1 U 21
23 1 U 22
24 0 L 15
25 0 U 24
26 0 U 25
27 0 U 26
28 0 L 3
29 0 U 0
30 0 U -1
31 0 U 30
32 0 L 4
33 1 U 32
34 1 U 33
35 1 L 0
36
0 1 U -1
1 0 U 0
2 1 U 1
3 0 U 2
4 1 U 3
5 1 U 4
6 0 U -1
7 0 U 6
8 0 U 7
9 1 U 8
10 1 U 9
11 0 L -1
12 0 L 3
13 1 U 12
14 0 U 13
15 1 U 14
16 1 U 15
17 1 U 16
18 0 U 1
19 1 L 11
20 1 U 19
21 1 L 6
22 1 U 21
23 1 U 22
24 0 L 22
25 0 U 24
26 0 U 25
27 0 U 26
28 0 L 3
29 1 U 28
30 0 U -1
31 0 U 30
32 0 U 31
33 1 U 32
34 1 U 33
35 1 U 34
36
0 1 U -1
1 0 U 0
2 1 U 1
3 0 U 2
4 1 U 3
5 1 U 4
6 0 U -1
7 0 U 6
8 0 U 7
9 1 U 8
10 1 U 9
11 0 U 10
12 0 L 3
13 1 U 12
14 0 U 13
15 1 U 14
16 1 U 15
17 1 U 16
18 0 U -1
19 1 U 18
20 1 U 19
21 0 U 20
22 0 U 18
23 1 U 22
24 0 L 22
25 0 U 24
26 0 U 25
27 0 U 26
28 0 U 6
29 1 U 0
30 0 U -1
31 0 U 30
32 0 U 31
33 1 L 25
34 1 U 33
35 1 U 34
36
0 1 U -1
1 0 U 0
2 1 U 1
3 0 U 2
4 1 U 3
5 1 U 4
6 0 U -1
7 0 U 6
8 0 U 7
9 1 U 8
10 1 L -1
11 0 U 10
12 0 L 3
13 1 U 12
14 0 U 13
15 1 U 14
16 1 U 15
17 0 U 15
18 0 U -1
19 1 U 18
20 1 U 19
21 0 U 20
22 1 U 21
23 0 U 1
24 0 L 22
25 0 U 24
26 0 U 25
27 0 U 26
28 0 L 3
29 1 U 28
30 0 U -1
31 0 U 30
32 0 U 31
33 1 L 13
34 1 U 33
35 1 U 34
36
0 1 U -1
1 0 U 0
2 1 U 1
3 0 U 2
4 1 U 3
5 1 U 4
6 0 U -1
7 0 U 6
8 0 U 7
9 1 U 8
10 1 U 9
11 0 U 10
12 0 L 3
13 1 U 12
14 0 U 13
15 1 U 14
16 1 U 15
17 1 U 16
18 0 U -1
19 1 U 3
20 1 U 19
21 0 U 20
22 1 U 21
23 1 U 22
24 0 L 22
25 0 U 24
26 0 U 25
27 0 U 26
28 0 L 3
29 1 U 28
30 0 U -1
31 0 U 30
32 0 U 31
33 0 U 14
34 1 U 33
35 1 U 34
36
0 1 U -1
1 0 U 0
2 1 U 1
3 0 U 2
4 1 U 3
5 1 U 4
6 0 U -1
7 0 U 6
8 0 U 7
9 1 U 8
10 1 U 9
11 0 U 10
12 0 L 3
13 1 U 12
14 0 U 13
15 1 U 14
16 1 U 15
17 0 U 2
18 0 U -1
19 1 U 18
20 1 U 19
21 0 U 20
22 1 U 21
23 1 U 22
24 0 L 22
25 0 U 24
26 0 U 25
27 0 U 26
28 0 L 3
29 1 U 28
30 0 U -1
31 0 U -1
32 0 U 31
33 1 U 32
34 1 U 33
35 1 U 34
36
0 1 U -1
1 0 U 0
2 1 U 1
3 0 U 2
4 1 U 3
5 1 U 4
6 0 U -1
7 0 U 6
8 0 U 7
9 1 U 5
10 1 U 9
11 0 U 10
12 0 L 3
13 1 U 12
14 0 U 13
15 1 U 14
16 1 U 15
17 1 L 6
18 0 U -1
19 1 U 18
20 1 U 19
21 0 U 20
22 1 U 21
23 1 U 22
24 0 L 22
25 0 U 24
26 0 U 25
27 0 U 26
28 0 L 3
29 0 L 15
30 0 U -1
31 0 U 30
32 0 U 31
33 1 U 20
34 1 U 33
35 0 L 6
36
0 1 U -1
1 0 U 0
2 1 U 1
3 0 U 2
4 1 U 3
5 1 U 4
6 0 U -1
7 0 U 6
8 0 U 7
9 0 L 6
10 1 U 9
11 0 U 10
12 0 L 3
13 1 L 5
14 0 U 13
15 1 U 14
16 1 U 15
17 1 U 16
18 0 U -1
19 1 U 18
20 1 U 19
21 0 U 20
22 1 U 21
23 0 U 10
24 0 L 5
25 0 U 24
26 0 L 16
27 0 L 2
28 0 L 3
29 0 U 10
30 0 U -1
31 0 U 30
32 0 U 31
33 1 U 32
34 1 U 33
35 1 U 34
36
0 1 U -1
1 0 U 0
2 1 U 1
3 0 U 2
4 1 U 3
5 1 U 4
6 0 U -1
7 0 U 6
8 0 U 7
9 1 U 8
10 1 U 9
11 0 U 10
12 0 L 3
13 1 U 12
14 0 U 13
15 1 L 14
16 1 U 15
17 1 U 16
18 1 L 8
19 1 U 18
20 1 U 19
21 0 U 17
22 1 U 21
23 1 U 22
24 0 L 22
25 0 U 24
26 0 U 25
27 0 L 20
28 0 L 3
29 1 U 28
30 0 U -1
31 0 U 30
32 0 U 31
33 1 U 26
34 1 U 33
35 1 U 34
36
0 1 U -1
1 0 U 0
2 1 U 1
3 1 L 0
4 1 U 3
5 1 U 4
6 0 U -1
7 0 L 2
8 0 U 7
9 1 U 8
10 1 U 9
11 0 U 10
12 0 L 3
13 1 U 12
14 0 U 13
15 1 U 14
16 1 U 15
17 1 U 16
18 0 U -1
19 1 U 18
20 1 U 19
21 0 U 20
22 1 U 21
23 1 U 22
24 0 L 22
25 0 U 24
26 0 U 25
27 0 U 26
28 1 U 16
29 1 U 28
30 0 U -1
31 0 U 30
32 0 U 31
33 1 U 32
34 1 U 33
35 1 U 34
36
0 1 U -1
1 0 U 0
2 1 U 1
3 0 U 2
4 1 U 3
5 1 L 3
6 0 U -1
7 0 U 6
8 0 U 7
9 1 U 8
10 0 L -1
11 0 U 10
12 0 L 3
13 1 U 12
14 0 U 13
15 1 U 14
16 1 U 15
17 1 U 16
18 0 U -1
19 0 L 15
20 1 U 19
21 0 U 20
22 1 U 21
23 1 U 22
24 0 L 22
25 0 U 24
26 0 U 25
27 0 U 26
28 0 L 3
29 1 U 28
30 0 U -1
31 0 U 30
32 0 U 31
33 1 U 32
34 1 U 33
35 1 U 34
36
0 1 U -1
1 0 U 0
2 1 U 1
3 1 L 1
4 1 U 3
5 1 U 4
6 0 U -1
7 0 U 6
8 0 U 7
9 1 L -1
10 1 U 9
11 0 U 10
12 0 L 3
13 1 U 12
14 0 U 13
15 1 U 14
16 1 U 15
17 1 U 16
18 0 U -1
19 1 U 18
20 1 U 19
21 0 U 20
22 1 U 21
23 1 U 22
24 0 L 22
25 0 U 24
26 0 U 25
27 0 U 26
28 0 L 3
29 1 U 28
30 0 U -1
31 0 U 30
32 0 U 31
33 1 U 32
34 1 U 33
35 1 U 34
36
0 1 U -1
1 0 U -1
2 1 L 1
3 0 L 1
4 1 U 0
5 0 U 3
6 0 U -1
7 0 U 6
8 0 U 7
9 1 U 8
10 1 U 9
11 0 U 10
12 1 L 8
13 1 U 12
14 0 U 13
15 1 U 14
16 1 U 15
17 1 U 16
18 0 U -1
19 0 L 16
20 1 U 19
21 0 U 20
22 1 U 21
23 1 U 14
24 0 L 22
25 1 L 11
26 0 U 25
27 0 U 26
28 0 L 3
29 1 U 28
30 0 U -1
31 0 U 30
32 0 U 31
33 1 U 32
34 1 U 33
35 0 L 0
36
0 1 U -1
1 0 U 0
2 1 U 1
3 0 U 2
4 1 U 3
5 1 U 4
6 0 U -1
7 0 U 6
8 0 U 7
9 1 U 8
10 1 U 9
11 0 U 10
12 0 L 3
13 1 U 12
14 0 U 13
15 1 U 14
16 1 U 15
17 1 U 16
18 0 U -1
19 1 U 18
20 1 U 19
21 0 U 20
22 1 U 21
23 1 U 22
24 0 L 22
25 0 U 24
26 0 U 25
27 0 U 26
28 0 L 19
29 1 U 28
30 0 U -1
31 0 U 30
32 0 U 31
33 1 U 32
34 0 L 14
35 1 U 34
36
0 1 U -1
1 0 U 0
2 1 U 1
3 0 U 2
4 1 L -1
5 1 U 4
6 0 U -1
7 0 U 6
8 0 U 7
9 1 U 8
10 1 U 9
11 0 U 10
12 0 L 3
13 1 U 12
14 0 U 13
15 1 U 14
16 1 U 15
17 1 U 16
18 0 U -1
19 1 U 18
20 1 U 19
21 0 U 20
22 1 U 21
23 1 U 22
24 0 L 22
25 0 U 24
26 0 U 4
27 0 U 26
28 0 L 3
29 1 U 28
30 0 U -1
31 0 U 30
32 0 L 7
33 0 L 22
34 1 U 33
35 1 L 32
36
0 1 U -1
1 0 U 0
2 1 U 1
3 0 U 2
4 1 U 3
5 1 U 4
6 0 U -1
7 0 U 6
8 0 U 7
9 1 U 8
10 1 U 9
11 0 U 10
12 0 L 3
13 1 U 12
14 0 U 13
15 1 U 14
16 0 U 7
17 1 U 16
18 0 U -1
19 1 U 18
20 1 U 19
21 0 U 20
22 1 U 21
23 1 U 22
24 0 L 22
25 0 U 24
26 0 L 6
27 0 U 26
28 0 L 3
29 1 U 28
30 0 U -1
31 0 U 30
32 0 U 31
33 1 U 32
34 1 U 33
35 1 L 16
36
0 1 U -1
1 0 U 0
2 1 U 1
3 0 U 2
4 1 U 3
5 1 U 4
6 0 U -1
7 0 U 6
8 0 U 7
9 1 U 8
10 1 U 9
11 0 U 10
12 0 L 3
13 1 U 12
14 0 U 13
15 1 U 14
16 1 U 15
17 1 U 16
18 0 U -1
19 1 U 18
20 0 U 0
21 0 U 20
22 1 U 21
23 1 U 22
24 0 L 22
25 0 U 24
26 0 U 25
27 0 U 26
28 0 L 3
29 1 U 28
30 0 U -1
31 0 U 30
32 0 U 31
33 1 U 32
34 1 U 33
35 1 U 34
36
0 1 U -1
1 0 U 0
2 1 U 1
3 0 U 2
4 1 U 3
5 1 U 4
6 0 U -1
7 0 U 6
8 0 U 7
9 1 U 8
10 1 U 9
11 0 U 10
12 0 L 3
13 1 U 12
14 0 U 13
15 1 U 14
16 1 U 15
17 1 U 16
18 0 U -1
19 1 U 18
20 1 U 19
21 0 U 20
22 1 U 21
23 1 U 22
24 1 L 19
25 0 U 24
26 0 U 25
27 0 U 26
28 0 L 3
29 1 U 28
30 0 U 22
31 0 U 30
32 0 U 31
33 1 U 32
34 1 U 33
35 1 U 34
36
0 1 U -1
1 0 U 0
2 1 U 1
3 0 U 2
4 1 U 3
5 1 U 4
6 0 U -1
7 0 U 6
8 0 U 7
9 1 U 8
10 1 U 9
11 0 U 10
12 0 L 3
13 1 U 12
14 1 U 6
15 1 U 14
16 1 U 15
17 1 U 16
18 0 U -1
19 1 U 18
20 1 U 19
21 0 U 20
22 1 U 21
23 1 U 22
24 0 L 22
25 1 U 3
26 0 U 25
27 0 U 26
28 0 L 3
29 1 U 28
30 0 U -1
31 0 U 30
32 1 L -1
33 1 U 32
34 1 U 33
35 1 U 34
