43
0 1 U -1
1 1 U 0
2 1 U 1
3 0 U 2
4 1 U 3
5 0 U 4
6 1 U -1
7 1 U 6
8 0 U 7
9 1 U 8
10 0 U 9
11 1 U 10
12 0 U -1
13 0 U 12
14 0 U 13
15 1 U 14
16 0 U 15
17 0 U 16
18 0 U -1
19 0 U 18
20 1 U 19
21 0 U 20
22 1 U 21
23 1 U 22
24 0 U -1
25 0 U 24
26 1 U 25
27 1 U 26
28 1 U 27
29 0 U 28
30 0 U -1
31 0 U 30
32 0 U 31
33 0 U 32
34 0 U 33
35 0 U 34
36 0 U -1
37 1 U 36
38 1 U 37
39 0 U 38
40 0 U 39
41 0 U 40
42 1 U -1
43
0 1 U -1
1 1 U 0
2 1 U 1
3 0 U 2
4 1 U 3
5 0 U 4
6 1 U -1
7 1 U 6
8 0 U 7
9 1 U 8
10 0 U 9
11 1 U 10
12 0 U 1
13 0 U 10
14 1 L 5
15 1 U 14
16 0 U 15
17 0 U 16
18 0 U -1
19 0 U 18
20 1 U 19
21 0 U 20
22 1 U 21
23 1 U 22
24 0 U 13
25 0 U 24
26 1 U 25
27 1 U 26
28 1 U 27
29 0 U 28
30 0 U -1
31 0 U 30
32 0 L 4
33 0 U 32
34 0 U 33
35 0 U 34
36 0 U -1
37 1 U 36
38 1 U 37
39 0 U 38
40 0 U 39
41 0 U 40
42 1 U -1
43
0 1 U -1
1 1 U 0
2 1 U 1
3 0 U 2
4 0 L 1
5 0 U 4
6 1 U -1
7 1 U 6
8 0 U 7
9 1 U 8
10 0 U 9
11 1 U 10
12 0 U -1
13 0 U 12
14 0 U 13
15 1 U 14
16 0 U 15
17 0 U 16
18 0 U -1
19 0 U 18
20 1 U 19
21 0 U 20
22 0 U 15
23 1 U 22
24 0 U -1
25 0 U 24
26 1 U 25
27 1 U 26
28 1 U 27
29 0 U 28
30 0 U -1
31 0 U 30
32 0 U 31
33 0 U 32
34 0 U 33
35 0 U 34
36 0 U -1
37 1 U 36
38 1 L 29
39 0 U 38
40 1 L 14
41 0 U 40
42 1 U 4
43
0 1 U -1
1 1 U 0
2 1 U 1
3 0 U 2
4 0 L 1
5 0 U 4
6 1 U -1
7 1 U 6
8 0 U 7
9 1 U 8
10 0 U 9
11 1 U 10
12 0 U -1
13 1 L 6
14 0 U 13
15 0 U 7
16 0 U 15
17 0 U 3
18 0 U -1
19 0 U 18
20 0 L 14
21 0 U 20
22 0 L 12
23 1 U 22
24 0 U -1
25 0 U 24
26 1 U 25
27 1 U 26
28 1 U 27
29 0 U 28
30 0 U -1
31 0 U 30
32 0 U 31
33 0 U 32
34 0 U 33
35 1 L 29
36 0 U -1
37 1 U 36
38 1 L 29
39 0 U 38
40 1 L 14
41 0 U 40
42 1 U 4
43
0 1 U -1
1 1 U 0
2 1 U 1
3 0 U 2
4 0 L 1
5 0 U 4
6 1 L -1
7 1 U 6
8 0 U 7
9 1 U 8
10 0 U 0
11 1 U 10
12 1 L 11
13 0 U 12
14 0 U 13
15 1 U 14
16 0 U 15
17 0 U 16
18 0 U -1
19 0 U 18
20 1 U 19
21 0 U 20
22 0 U 15
23 1 U 22
24 0 U -1
25 0 U 24
26 0 L 12
27 1 U 26
28 1 U 27
29 0 U 28
30 0 U -1
31 0 U 30
32 0 U 31
33 0 U 32
34 0 U 33
35 0 U 34
36 0 U -1
37 1 U 36
38 1 L 29
39 0 U 38
40 1 L 14
41 0 U 40
42 1 U 4
43
0 1 U -1
1 1 U -1
2 1 U 1
3 0 U 2
4 0 L 1
5 0 U 4
6 1 U -1
7 1 U 6
8 1 U 0
9 1 U 1
10 0 U 9
11 1 U 10
12 0 U 6
13 1 L 3
14 0 U 13
15 1 U 14
16 0 U 11
17 0 U 16
18 0 U -1
19 0 U 18
20 1 U 19
21 0 U 20
22 0 U 15
23 1 U 22
24 0 U -1
25 0 U 24
26 1 U 25
27 1 U 26
28 1 U 27
29 0 U 28
30 0 U -1
31 0 U 30
32 0 U 31
33 0 U 32
34 0 U 33
35 0 U 34
36 0 U -1
37 1 U 36
38 1 L 29
39 0 U 38
40 1 L 14
41 0 U 40
42 1 U 4
43
0 1 U -1
1 1 U 0
2 1 U 1
3 0 U 2
4 0 L 2
5 0 U 4
6 1 U -1
7 1 U 6
8 0 U 7
9 1 L -1
10 0 U 9
11 1 U 10
12 0 U -1
13 0 U 12
14 0 U 13
15 1 U 14
16 0 U 15
17 0 U 16
18 0 U -1
19 0 U 18
20 1 U 19
21 0 U 20
22 0 U 15
23 1 U 22
24 0 U -1
25 0 U 24
26 1 U 25
27 1 U 26
28 1 U 27
29 0 U 28
30 0 U -1
31 0 U 30
32 0 U 31
33 0 U 32
34 0 U 33
35 0 U 34
36 0 U -1
37 1 U 36
38 1 L 29
39 0 U 38
40 1 L 14
41 1 L 39
42 0 L 4
43
0 1 U -1
1 0 U 0
2 1 U 1
3 0 U 2
4 0 L 1
5 0 U 4
6 0 L 3
7 1 U 6
8 0 U 7
9 1 U 8
10 0 U 9
11 1 U 10
12 1 U 7
13 0 U 12
14 0 U 11
15 1 U 14
16 0 U 15
17 0 U 16
18 0 U -1
19 0 U 18
20 1 U 15
21 0 U 20
22 0 U 15
23 1 U 22
24 0 U -1
25 0 U 24
26 1 U 25
27 1 U 26
28 1 U 27
29 0 U 28
30 0 U -1
31 0 U 30
32 0 U 31
33 0 U 32
34 0 U 33
35 1 U 10
36 0 U -1
37 1 U 36
38 0 L 4
39 0 U 38
40 1 U 29
41 0 U 40
42 1 U 4
43
0 1 U -1
1 1 U 0
2 1 U 1
3 0 U 2
4 1 U -1
5 0 U 4
6 1 U -1
7 1 U 6
8 0 U 7
9 1 U 8
10 0 U 9
11 1 U 10
12 0 U -1
13 0 U 12
14 0 U 13
15 1 U 14
16 0 U 15
17 0 U 16
18 0 L 0
19 0 U 18
20 1 U 19
21 0 U 20
22 0 U 15
23 1 U 22
24 0 U -1
25 0 U 24
26 1 L 10
27 1 U 26
28 1 U 27
29 0 U 16
30 0 U -1
31 0 U 30
32 0 U 31
33 0 U 32
34 0 U 33
35 0 U 34
36 0 U -1
37 1 U 36
38 1 L 29
39 0 U 38
40 1 L 14
41 0 U 40
42 1 U 4
43
0 1 U -1
1 1 U 0
2 1 U 1
3 0 L -1
4 1 U -1
5 0 U 4
6 1 U -1
7 1 U 6
8 0 U 7
9 1 U 8
10 0 U 9
11 1 U 10
12 0 U -1
13 1 L 2
14 0 U 13
15 1 U 14
16 0 U 15
17 0 U 16
18 0 L 0
19 0 U 18
20 1 U 19
21 0 U 20
22 0 U 15
23 1 U 22
24 0 U -1
25 0 U 24
26 1 L 10
27 1 U 26
28 1 U 27
29 0 U 16
30 0 U -1
31 1 L 28
32 0 U 31
33 0 U 32
34 0 U 29
35 0 U 34
36 0 U -1
37 1 U 36
38 0 L 23
39 0 U 38
40 1 L 14
41 0 U 40
42 1 U 4
43
0 1 U -1
1 1 U 0
2 1 U 1
3 0 U 2
4 0 L 0
5 0 U 4
6 1 U -1
7 1 U 6
8 0 U 7
9 1 U 8
10 0 U 9
11 1 U 10
12 0 U -1
13 0 U 12
14 0 U 13
15 1 U 14
16 0 U 15
17 0 U 16
18 0 L 0
19 0 U 18
20 1 U 19
21 1 L 19
22 0 U 15
23 1 U 22
24 0 U -1
25 0 U 24
26 1 L 10
27 1 U 26
28 1 U 27
29 0 U 16
30 0 U -1
31 0 U 30
32 0 U 31
33 0 U 32
34 0 U 33
35 0 U 34
36 0 U -1
37 1 U 36
38 0 L 21
39 0 U 38
40 1 U 12
41 0 U 40
42 1 U 4
43
0 1 U -1
1 1 U 0
2 1 U 1
3 0 U 2
4 1 U -1
5 0 U 4
6 1 U -1
7 1 U 6
8 0 U 7
9 1 U 8
10 0 U 9
11 1 U 10
12 0 U -1
13 0 U 12
14 1 U 13
15 1 U 14
16 0 U 15
17 0 U 16
18 0 L 0
19 0 U 18
20 1 U 3
21 0 U 20
22 0 U 15
23 1 U 22
24 0 U -1
25 0 U 24
26 1 L 10
27 1 U 26
28 0 U 8
29 0 U 16
30 0 U -1
31 0 U 30
32 0 U 31
33 0 U 32
34 0 U 33
35 0 U 34
36 0 U -1
37 1 U 36
38 1 L 29
39 0 U 38
40 1 L 14
41 0 U 40
42 1 U 4
43
0 1 U -1
1 1 U 0
2 1 U 1
3 0 U 2
4 1 U -1
5 0 U 4
6 1 U -1
7 1 U 6
8 0 U 7
9 1 U 8
10 0 U 9
11 1 U 10
12 0 U -1
13 0 U 12
14 0 U 13
15 0 L 7
16 0 U 15
17 0 U 16
18 0 U 9
19 0 U 18
20 1 U 19
21 0 U 20
22 0 U 15
23 1 U 22
24 0 U -1
25 0 U 24
26 1 L 10
27 1 U 26
28 1 U 27
29 0 U 16
30 0 U -1
31 0 U 26
32 1 U 23
33 0 U 32
34 0 U 33
35 0 U 34
36 0 U -1
37 0 L 1
38 1 L 29
39 0 U 38
40 1 L 14
41 0 U 40
42 1 U 4
43
0 1 U -1
1 1 U 0
2 1 U 1
3 0 U 1
4 1 U -1
5 0 U 4
6 1 U -1
7 1 U 6
8 0 U 7
9 1 U 8
10 0 U 9
11 1 U 10
12 0 U -1
13 0 U 12
14 0 U 13
15 1 U 14
16 0 U 15
17 0 U 16
18 0 L 0
19 0 U 18
20 1 U 19
21 0 U 20
22 0 U 15
23 1 U 22
24 0 U -1
25 0 U 24
26 1 L 10
27 1 L 16
28 1 U 27
29 0 U 16
30 0 U -1
31 0 U 30
32 0 U 31
33 0 U 32
34 0 U 33
35 0 U 34
36 0 U -1
37 1 U 36
38 1 L 29
39 0 U 38
40 1 L 14
41 0 U 40
42 1 U 4
43
0 0 U -1
1 1 U 0
2 1 U 1
3 0 U 2
4 1 U -1
5 0 U 4
6 1 U -1
7 1 U 6
8 0 U 7
9 1 U 8
10 0 U 9
11 1 U 10
12 0 U -1
13 0 U 12
14 0 U 13
15 1 U 14
16 0 U 15
17 0 U 16
18 0 L 0
19 0 U 18
20 1 U 19
21 0 U 20
22 0 U 15
23 1 U 22
24 0 U -1
25 1 U -1
26 1 L 10
27 1 U 26
28 0 U 6
29 0 U 16
30 0 U 26
31 0 U 30
32 0 U 31
33 0 U 32
34 0 U 33
35 0 U 34
36 0 U -1
37 1 U 36
38 1 L 29
39 0 U 38
40 1 L 14
41 0 U 38
42 1 U 4
43
0 0 L -1
1 1 U 0
2 1 U 1
3 0 U 2
4 1 U -1
5 0 U 4
6 1 U -1
7 1 U 6
8 0 U 7
9 1 U 8
10 0 U 9
11 1 U 10
12 0 U -1
13 0 U 12
14 0 U 13
15 1 U 14
16 0 U 15
17 0 U 16
18 0 L 0
19 0 U 18
20 1 U 19
21 0 U 20
22 0 U 15
23 1 U 22
24 0 U -1
25 0 U 24
26 1 L 10
27 1 U 26
28 1 U 5
29 0 U 16
30 0 U -1
31 0 U 30
32 0 U 31
33 0 U 32
34 0 U 33
35 0 U 34
36 0 U -1
37 1 U 36
38 1 L 29
39 0 U 38
40 1 L 14
41 0 U 40
42 1 U 4
43
0 1 U -1
1 1 U 0
2 1 U 1
3 0 U 2
4 0 U 1
5 0 U 4
6 1 U -1
7 1 U 6
8 0 U 7
9 1 U 8
10 0 L -1
11 1 U 10
12 0 U -1
13 0 U 12
14 0 U 13
15 1 U 14
16 1 U 8
17 0 L 8
18 0 L 7
19 1 U 14
20 1 U 19
21 1 U 7
22 0 U 15
23 1 U 22
24 0 U -1
25 1 U 12
26 1 U 12
27 1 U 26
28 0 L 9
29 0 U 16
30 0 U -1
31 0 U 30
32 0 U 31
33 0 U 32
34 0 U 33
35 0 U 34
36 0 U -1
37 1 U 36
38 1 L 29
39 0 U 38
40 1 L 14
41 0 U 40
42 1 U 4
43
0 1 U -1
1 1 U 0
2 1 U 1
3 1 L 1
4 1 U -1
5 0 U 4
6 1 U -1
7 0 L 1
8 0 U 7
9 1 U 8
10 0 U 9
11 1 U 10
12 0 U -1
13 0 U 12
14 0 U 13
15 0 L 1
16 0 U 15
17 0 U 16
18 0 L 0
19 0 U 18
20 1 U 19
21 0 U 20
22 1 L 0
23 1 U 22
24 0 U -1
25 0 U 24
26 1 L 10
27 1 U 26
28 1 U 27
29 0 U 16
30 1 L 17
31 0 U 30
32 0 U 31
33 0 U 32
34 0 U 33
35 0 U 34
36 0 U -1
37 1 U 36
38 0 U 7
39 0 U 38
40 1 L 14
41 0 U 40
42 0 L 6
43
0 1 U -1
1 1 U 0
2 1 U 1
3 0 U 2
4 1 U -1
5 0 U 4
6 1 U -1
7 1 U 6
8 0 U 7
9 1 U 8
10 0 U 9
11 0 L 10
12 1 L 7
13 0 U 12
14 0 U 13
15 1 U 14
16 0 U 15
17 0 U 16
18 0 L 0
19 0 U 18
20 1 U 19
21 0 U 20
22 0 U 8
23 1 U 13
24 0 U -1
25 0 U 24
26 1 L 10
27 1 U 26
28 1 U 27
29 0 U 16
30 0 U -1
31 0 U 30
32 0 U 31
33 1 L 30
34 0 U 33
35 0 U 34
36 0 U -1
37 1 U 36
38 1 L 29
39 0 U 38
40 0 U 36
41 0 U 40
42 1 U 4
43
0 1 U -1
1 1 U 0
2 1 U 1
3 0 U 2
4 1 U -1
5 0 U 4
6 1 U -1
7 0 L 5
8 0 U 7
9 1 U 8
10 0 U 9
11 1 U 10
12 0 U -1
13 0 U 12
14 0 U 13
15 1 U 14
16 0 U 15
17 0 U 16
18 0 L 0
19 0 U 18
20 0 L 3
21 0 U 20
22 0 U 15
23 1 U 22
24 0 U -1
25 0 U 24
26 1 L 10
27 1 U 26
28 1 U 27
29 1 U 27
30 0 U -1
31 0 U 30
32 0 L 30
33 1 U 0
34 1 U 6
35 0 U 34
36 0 U 8
37 1 U 36
38 1 L 29
39 0 U 38
40 1 U 4
41 0 U 40
42 1 U 4
43
0 1 U -1
1 1 L 0
2 1 U 1
3 0 U 2
4 1 U -1
5 1 L 0
6 1 U -1
7 1 U 6
8 0 U 7
9 1 U 8
10 0 U 9
11 1 U 10
12 0 U -1
13 0 U 12
14 0 U 13
15 1 U 14
16 0 U 15
17 0 U 16
18 0 L 0
19 0 U 17
20 1 U 19
21 0 U 20
22 0 U 15
23 1 U 22
24 0 U -1
25 0 U 24
26 1 L 10
27 1 U 26
28 1 U 27
29 0 U 16
30 0 U -1
31 0 U 30
32 0 U 19
33 0 U 32
34 0 U 29
35 0 U 34
36 0 L 27
37 1 U 36
38 1 L 29
39 0 U 38
40 1 L 14
41 0 U 40
42 1 U 4
43
0 1 U -1
1 1 U 0
2 1 U 1
3 0 U 2
4 1 U -1
5 0 U 4
6 1 U -1
7 1 U 6
8 0 U 7
9 1 U 8
10 0 U 9
11 1 U 10
12 0 U -1
13 0 U 12
14 0 U 13
15 1 U 14
16 0 U 15
17 0 U 16
18 0 L 0
19 0 U 18
20 1 U 19
21 0 U 20
22 0 U 15
23 1 U 22
24 0 U -1
25 0 U 24
26 1 L 10
27 1 L 18
28 1 U 27
29 0 U 16
30 0 U -1
31 0 U 30
32 0 U 31
33 0 U 32
34 0 U 33
35 0 U 5
36 0 U -1
37 1 U 36
38 1 L 29
39 0 U 38
40 1 L 14
41 0 U 40
42 1 L -1
43
0 1 U -1
1 1 U -1
2 1 U -1
3 0 U 2
4 1 U -1
5 1 U 4
6 1 U -1
7 1 U 6
8 0 U 7
9 0 U 6
10 0 U 9
11 1 U 10
12 0 U -1
13 0 U 12
14 0 U 13
15 1 U 14
16 0 U 15
17 0 U 16
18 0 L 0
19 0 U 18
20 1 U 19
21 0 L 18
22 0 U 15
23 1 U 22
24 0 U -1
25 0 U 24
26 1 L 10
27 1 U 26
28 1 U 27
29 0 U 16
30 0 U -1
31 0 U 30
32 0 U 31
33 0 U 32
34 0 U 33
35 0 U 34
36 0 U -1
37 1 U 36
38 1 L 29
39 1 L 13
40 1 L 14
41 0 U 40
42 1 U 4
43
0 1 U -1
1 1 U 0
2 1 U 1
3 0 U 2
4 1 U -1
5 0 U 4
6 1 U -1
7 1 U 6
8 0 U 7
9 1 L 8
10 0 U 9
11 1 U 10
12 0 U -1
13 0 U 12
14 0 U 13
15 1 U 14
16 0 U 15
17 0 U 16
18 0 L 0
19 0 U 18
20 1 U 19
21 0 U 20
22 0 U 15
23 1 L 5
24 0 U -1
25 0 U 24
26 1 L 10
27 1 U 26
28 1 U 27
29 0 U 16
30 0 U -1
31 0 U 30
32 0 U 31
33 0 U 32
34 0 U 33
35 0 U 34
36 0 U -1
37 0 L 17
38 1 L 29
39 0 U 38
40 1 L 14
41 0 U 40
42 1 U 4
43
0 1 U -1
1 1 U 0
2 1 U 1
3 0 U 2
4 1 U -1
5 0 U 4
6 1 U -1
7 1 U 6
8 0 U 7
9 0 L 1
10 0 U 9
11 1 U 10
12 0 U -1
13 0 U 12
14 0 U 13
15 1 U 14
16 0 U 15
17 0 L 9
18 0 L 0
19 0 U 18
20 1 U 19
21 0 U 20
22 0 L 21
23 1 U 22
24 0 U -1
25 0 U 24
26 1 L 10
27 1 U 26
28 1 U 27
29 0 U 1
30 0 U -1
31 0 U 30
32 0 U 31
33 0 U 32
34 0 U 33
35 1 U 3
36 1 L 15
37 1 U 36
38 1 L 15
39 0 U 38
40 1 L 14
41 0 U 40
42 1 U 4
43
0 1 U -1
1 1 U 0
2 1 U 1
3 0 U 2
4 1 U -1
5 0 U 4
6 1 U -1
7 1 U 6
8 0 U 7
9 1 U 8
10 1 U 2
11 1 U 10
12 0 U -1
13 0 U 12
14 1 L 12
15 1 U 14
16 0 U 15
17 0 U 1
18 0 L 0
19 0 U 18
20 1 U 19
21 0 U 20
22 0 U 15
23 1 U 22
24 0 U -1
25 0 U 24
26 1 L 17
27 1 U 26
28 1 U 27
29 0 U 16
30 0 U -1
31 0 U 30
32 1 L 23
33 0 U 32
34 0 U 33
35 0 U 34
36 0 U -1
37 1 U 36
38 1 L 29
39 0 U 38
40 1 L 14
41 0 U 40
42 1 U 4
43
0 1 U -1
1 1 U 0
2 0 U 1
3 0 U 2
4 1 U -1
5 0 U 4
6 0 U 0
7 1 U 6
8 0 U 7
9 1 U 8
10 0 U 9
11 1 U 10
12 0 U -1
13 0 U 12
14 0 U 13
15 1 U 14
16 0 L 9
17 0 U 16
18 0 L 0
19 0 U 18
20 1 U 19
21 0 U 20
22 0 U 15
23 1 U 22
24 0 U -1
25 0 U 24
26 1 L 10
27 1 U 26
28 1 U 27
29 0 U 16
30 0 U -1
31 0 U 30
32 0 U 31
33 0 U 32
34 0 U 33
35 0 U 34
36 0 U -1
37 1 L 15
38 1 L 29
39 1 L 34
40 1 L 14
41 0 U 40
42 1 U 4
43
0 1 U -1
1 1 U 0
2 1 U 1
3 0 U 2
4 1 U -1
5 0 U 4
6 1 U -1
7 1 U 6
8 0 U 7
9 1 L 7
10 0 U 9
11 1 U 10
12 0 U -1
13 0 U 12
14 0 U 13
15 1 U 14
16 0 U 15
17 0 U 16
18 0 L 0
19 0 U 18
20 1 U 19
21 0 U 20
22 0 U 15
23 1 U 22
24 0 U -1
25 0 U 24
26 1 L 10
27 1 U 26
28 1 U 27
29 0 U 16
30 0 U -1
31 0 U 30
32 0 U 31
33 0 U 32
34 0 U 33
35 0 U 34
36 0 U -1
37 1 U 36
38 0 L 21
39 0 U 38
40 1 L 14
41 0 U 40
42 1 U 4
43
0 1 U -1
1 1 U 0
2 0 L -1
3 0 U 2
4 1 U -1
5 0 U 4
6 1 U -1
7 1 U 6
8 0 U 7
9 1 U 8
10 0 U 9
11 1 L 0
12 0 U -1
13 0 U 12
14 0 U 13
15 1 U 14
16 0 U 15
17 0 U 16
18 0 L 0
19 0 U 18
20 1 U 19
21 0 U 20
22 0 U 15
23 1 U 22
24 0 U -1
25 0 U 24
26 1 L 10
27 1 L 16
28 1 U 27
29 0 U 16
30 0 U -1
31 0 U 30
32 0 U 31
33 0 U 32
34 0 U 33
35 0 U 34
36 1 L -1
37 1 U 36
38 1 L 29
39 1 U 22
40 1 L 14
41 0 U 28
42 0 U 21
43
0 1 U -1
1 1 U 0
2 1 U 1
3 0 U 2
4 1 U -1
5 0 U 4
6 1 U -1
7 1 U 6
8 0 U 7
9 1 U 8
10 0 U 9
11 1 U 10
12 0 U -1
13 0 U 12
14 0 U 13
15 1 U 9
16 0 U 15
17 0 U 16
18 0 L 0
19 0 U 18
20 1 U 19
21 0 U 20
22 0 U 15
23 1 U 22
24 0 U -1
25 0 U 24
26 1 L 10
27 1 U 26
28 1 U 27
29 0 U 16
30 0 U -1
31 0 U 30
32 0 U 31
33 0 U 32
34 0 U 33
35 0 U 34
36 0 U -1
37 1 U 36
38 0 U 15
39 0 U 38
40 1 L 14
41 0 U 40
42 1 U 4
43
0 1 U -1
1 1 U 0
2 1 U 1
3 0 U 2
4 1 U -1
5 0 U 4
6 1 L 3
7 1 U 6
8 0 U 7
9 1 U 8
10 0 U 9
11 0 L 0
12 0 U -1
13 0 U 12
14 0 U 13
15 1 U 14
16 0 U 15
17 0 U 16
18 0 L 0
19 0 U 18
20 1 U 19
21 0 U 20
22 0 U 15
23 1 U 22
24 0 U -1
25 0 U 24
26 0 U 16
27 1 U 26
28 1 U 27
29 0 U 16
30 0 U -1
31 0 U 30
32 0 U 31
33 0 U 32
34 0 U 33
35 0 U 34
36 0 U -1
37 1 U 36
38 1 L 29
39 0 U 38
40 1 L 14
41 0 U 40
42 1 U 4
43
0 1 U -1
1 1 U 0
2 1 U 1
3 0 U 2
4 1 U -1
5 0 U 4
6 1 U -1
7 1 U 6
8 0 U 7
9 1 U 8
10 0 U 9
11 1 U 10
12 0 U -1
13 0 U 12
14 0 U 13
15 1 U 14
16 0 U 15
17 0 U 16
18 0 L 0
19 0 U 18
20 1 U 19
21 0 U 20
22 0 U 15
23 1 U 22
24 0 U -1
25 0 U 24
26 1 L 10
27 1 U 26
28 1 U 27
29 0 U 16
30 0 U -1
31 0 U 30
32 0 U 31
33 0 U 32
34 0 U 33
35 1 L 16
36 0 U -1
37 1 U 36
38 1 L 29
39 0 U 38
40 1 L 14
41 0 U 40
42 1 U 4
43
0 1 U -1
1 1 U 0
2 1 U 1
3 0 U 2
4 1 U -1
5 0 U 4
6 1 U -1
7 1 U 6
8 0 U 7
9 1 U 8
10 0 U 9
11 1 U 10
12 0 U -1
13 0 U 12
14 0 U 13
15 1 U 14
16 0 U 15
17 0 U 16
18 0 L 0
19 0 U 18
20 1 U 19
21 0 U 20
22 0 U 15
23 1 U 22
24 0 U -1
25 0 U 24
26 1 L 10
27 1 U 26
28 1 U 27
29 0 U 16
30 0 U -1
31 0 U 30
32 0 U 31
33 0 U 32
34 0 U 33
35 0 U 34
36 0 U -1
37 1 U 36
38 1 L 29
39 0 U 38
40 1 L 14
41 0 U 40
42 1 U 4
43
0 1 U -1
1 1 U 0
2 1 U 1
3 0 U 2
4 1 U -1
5 0 U 4
6 1 U -1
7 1 U 6
8 0 U 7
9 1 U 8
10 0 U 9
11 1 U 10
12 0 U -1
13 0 U 12
14 0 U 13
15 1 U 14
16 0 U 15
17 0 U 16
18 0 L 0
19 0 U 18
20 1 U 19
21 0 U 20
22 0 U 15
23 1 U 22
24 0 U -1
25 0 L 12
26 1 U 22
27 1 U 26
28 1 U 27
29 0 U 16
30 0 U -1
31 0 U 30
32 0 U 31
33 0 U 32
34 0 U 33
35 0 U 34
36 0 U -1
37 1 U 36
38 1 L 29
39 0 U 9
40 1 L 14
41 0 U 40
42 1 U 4
43
0 1 U -1
1 1 U 0
2 1 U 1
3 0 U 2
4 1 U -1
5 0 U 4
6 0 U 5
7 1 U 6
8 0 U 7
9 0 L 5
10 0 U 9
11 1 U 10
12 0 U -1
13 0 U 12
14 0 U 13
15 1 U 14
16 0 U 15
17 0 U 16
18 0 L 0
19 0 U 18
20 1 U 19
21 0 U 20
22 0 U 15
23 1 U 22
24 0 U -1
25 0 U 24
26 1 L 22
27 1 U 26
28 1 U 27
29 0 U 16
30 0 U -1
31 0 U 30
32 0 U 31
33 0 U 32
34 0 U 33
35 0 U 21
36 0 L 9
37 1 U 36
38 1 L 29
39 0 U 38
40 1 L 14
41 0 U 40
42 1 U 4
43
0 1 U -1
1 1 U 0
2 1 U 1
3 0 U 2
4 1 U -1
5 0 U 4
6 0 U 3
7 1 U 6
8 0 U 7
9 1 U 8
10 1 U 5
11 1 L 10
12 0 U -1
13 0 U 12
14 0 U 13
15 1 U 14
16 0 U 15
17 0 U 16
18 0 L 0
19 0 L 10
20 1 U 19
21 0 U 20
22 0 U 15
23 1 U 22
24 0 U -1
25 0 U 24
26 1 L 10
27 1 U 26
28 1 U 27
29 0 U 16
30 0 U -1
31 0 U 30
32 0 U 31
33 0 U 32
34 1 U 2
35 0 U 34
36 0 U -1
37 1 U 36
38 1 L 29
39 0 U 38
40 1 L 14
41 1 U 18
42 1 U 4
43
0 1 U -1
1 1 U 0
2 1 L -1
3 0 U 2
4 1 U -1
5 0 U 4
6 1 U -1
7 1 U 0
8 0 U 7
9 0 L 5
10 0 U 9
11 1 U 10
12 0 U -1
13 0 U 12
14 0 U 13
15 1 U 14
16 0 U 15
17 0 U 16
18 0 L 0
19 0 U 18
20 1 U 19
21 0 U 20
22 0 U 15
23 0 L 2
24 0 U -1
25 0 U 24
26 1 L 10
27 1 U 26
28 1 U 27
29 0 U 16
30 0 U -1
31 0 U 30
32 0 U 31
33 0 U 32
34 0 U 33
35 0 U 34
36 0 U -1
37 1 U 36
38 1 L 29
39 0 U 38
40 0 U 19
41 0 U 40
42 1 U 4
43
0 1 U -1
1 1 U 0
2 1 U 1
3 0 U 2
4 1 U -1
5 0 U 4
6 1 U -1
7 1 U 6
8 0 U 7
9 1 U 6
10 0 U 9
11 1 U 10
12 0 U -1
13 1 L 12
14 0 U 13
15 1 U 14
16 1 U 12
17 0 U 16
18 0 L 0
19 0 U 18
20 1 U 19
21 0 U 20
22 0 U 15
23 1 U 22
24 0 U -1
25 0 U 24
26 1 L 10
27 1 U 26
28 1 U 27
29 0 U 16
30 1 L 29
31 0 U 30
32 0 U 31
33 0 U 32
34 0 U 33
35 0 U 34
36 0 U -1
37 1 U 36
38 1 L 29
39 0 U 38
40 1 L 14
41 0 U 40
42 1 U 4
43
0 1 U -1
1 1 L 0
2 1 U 1
3 0 U 2
4 1 U -1
5 0 U 4
6 1 U -1
7 1 U 0
8 0 U 7
9 1 U 8
10 0 U 9
11 1 U 10
12 0 U -1
13 0 U 12
14 0 U 13
15 1 U 14
16 0 U 15
17 0 U 16
18 0 L 0
19 0 U 2
20 1 U 19
21 0 U 20
22 0 U 15
23 1 U 22
24 0 U -1
25 0 U 24
26 1 L 10
27 1 U 26
28 1 U 27
29 0 U 16
30 0 U -1
31 0 U 30
32 0 U 31
33 0 U 32
34 0 U 33
35 0 U 34
36 0 U -1
37 1 U 36
38 1 L 29
39 0 U 38
40 1 L 14
41 0 U 40
42 1 U 4
43
0 1 U -1
1 1 U 0
2 1 U 1
3 0 U 2
4 1 U -1
5 0 U 4
6 1 U -1
7 1 U 6
8 0 U 7
9 1 U 8
10 0 U 9
11 1 U 10
12 1 L 7
13 0 U 12
14 0 U 13
15 1 U 14
16 0 U 15
17 0 U 16
18 0 L 0
19 0 U 18
20 1 U 19
21 0 U 20
22 0 U 15
23 1 L 20
24 0 U -1
25 0 U 13
26 1 L 10
27 1 U 26
28 1 U 27
29 0 U 16
30 0 U -1
31 0 U 30
32 0 U 31
33 0 U 32
34 0 U 33
35 0 U 34
36 0 U -1
37 1 U 36
38 1 L 29
39 0 U 38
40 1 L 14
41 0 U 40
42 1 U 4
43
0 1 U -1
1 1 U 0
2 1 U 1
3 0 U 2
4 1 U -1
5 0 U 4
6 0 L 4
7 1 U 6
8 0 U 7
9 1 U 8
10 0 U 9
11 1 U 10
12 0 U -1
13 0 U 12
14 0 U 13
15 1 U 14
16 0 U 15
17 0 U 16
18 0 L 0
19 1 U 16
20 1 U 19
21 0 U 20
22 0 U 15
23 1 U 22
24 0 U -1
25 0 U 24
26 1 L 10
27 0 U 19
28 1 U 27
29 0 U 16
30 0 U -1
31 0 U 30
32 0 U 31
33 0 U 32
34 0 U 33
35 0 U 34
36 0 U -1
37 1 U 36
38 1 L 29
39 0 U 38
40 1 U 11
41 0 U 40
42 1 U 4
43
0 1 U -1
1 1 U 0
2 1 U 1
3 0 U 2
4 1 U -1
5 0 U 4
6 1 U -1
7 1 U 6
8 0 U 7
9 1 U 8
10 0 U 9
11 1 U 10
12 0 U -1
13 0 U 12
14 0 U 6
15 1 U 14
16 0 U 15
17 0 U 16
18 0 L 0
19 0 U 18
20 1 U 19
21 0 U 20
22 0 U 15
23 1 U 22
24 0 U -1
25 0 U 24
26 1 L 10
27 1 U 26
28 1 U 27
29 0 U 16
30 0 U -1
31 0 U 30
32 0 U 31
33 0 U 32
34 0 U 33
35 0 U 34
36 0 U -1
37 1 L 26
38 1 L 29
39 0 U 38
40 1 L 14
41 0 U 40
42 1 U 4
43
0 1 U -1
1 1 U 0
2 1 U 1
3 0 U 2
4 1 U -1
5 0 U 1
6 1 U -1
7 1 U 6
8 0 U 7
9 1 U 8
10 0 U 9
11 1 U 10
12 0 U -1
13 0 U 12
14 0 U 5
15 1 U 14
16 0 U 15
17 0 U 16
18 0 L 0
19 0 U 18
20 0 L 6
21 0 U 20
22 0 U 15
23 0 L 3
24 0 U -1
25 0 U 24
26 0 U 21
27 1 U 15
28 1 U 27
29 0 U 16
30 0 U -1
31 0 U 30
32 0 U 31
33 0 U 32
34 0 U 33
35 0 U 34
36 0 U -1
37 1 U 36
38 1 L 29
39 0 U 38
40 1 L 14
41 0 U 40
42 1 U 4
43
0 1 U -1
1 1 U 0
2 1 U 1
3 0 U 2
4 1 U -1
5 0 U 4
6 1 U -1
7 1 U 6
8 0 U 7
9 1 U 8
10 0 U 9
11 1 U 10
12 0 U -1
13 0 U 12
14 0 U 13
15 1 U 14
16 0 U 15
17 0 U 16
18 0 L 0
19 0 U 18
20 1 U 19
21 0 U 20
22 0 U 15
23 1 U 22
24 0 U -1
25 0 U 24
26 1 L 10
27 1 U 26
28 1 U 27
29 0 U 6
30 0 U -1
31 0 U 30
32 0 U 31
33 0 U 32
34 0 U 33
35 0 U 34
36 0 U -1
37 1 U 36
38 1 L 29
39 0 U 38
40 1 L 14
41 0 U 40
42 1 U 4
43
0 1 U -1
1 1 U 0
2 1 U 1
3 0 U 2
4 1 U -1
5 0 U 4
6 1 U -1
7 1 U 6
8 0 U 7
9 1 U 8
10 0 U 9
11 1 U 10
12 0 U -1
13 0 U 12
14 0 U 13
15 1 U 14
16 0 U 15
17 0 U 16
18 0 U 16
19 0 U 18
20 1 U 19
21 0 U 20
22 0 U 15
23 1 U 22
24 1 L 14
25 0 U 24
26 1 L 16
27 1 L 20
28 1 U 27
29 0 U 16
30 0 U -1
31 0 U 30
32 1 U 31
33 0 U 32
34 0 U 33
35 0 L 3
36 0 U -1
37 1 U 36
38 1 L 29
39 0 U 38
40 1 L 14
41 0 U 40
42 1 U 4
43
0 1 U -1
1 1 U 0
2 1 U 1
3 0 L 1
4 1 U -1
5 0 U 4
6 1 U -1
7 1 U 6
8 0 U 7
9 1 L 4
10 0 U 9
11 1 U 10
12 0 U -1
13 0 U 12
14 0 U 13
15 1 L 6
16 0 U 15
17 0 U 16
18 0 L 0
19 0 U 18
20 0 U 13
21 0 U 20
22 0 U 15
23 1 U 22
24 1 L 10
25 0 U 24
26 0 L 3
27 1 U 8
28 1 U 27
29 0 U 16
30 0 U -1
31 0 U 30
32 0 U 31
33 0 U 32
34 0 U 33
35 0 U 34
36 0 U -1
37 1 L 15
38 1 L 29
39 0 U 38
40 1 L 14
41 0 U 6
42 1 U 4
43
0 1 U -1
1 1 U 0
2 1 U 1
3 0 U 2
4 1 U -1
5 0 U 4
6 1 U -1
7 1 U 6
8 0 U 7
9 1 U 0
10 0 U 9
11 1 U 10
12 0 U -1
13 0 U 12
14 0 U 13
15 1 U 14
16 0 U 15
17 1 L 11
18 0 L 0
19 1 U 11
20 0 U 3
21 0 U 20
22 0 U 15
23 1 U 22
24 0 U -1
25 0 U 24
26 1 L 10
27 1 U 26
28 1 U 27
29 0 U 16
30 0 U 7
31 0 U 30
32 0 U 31
33 0 U 32
34 0 U 33
35 1 U 18
36 0 U -1
37 1 U 36
38 1 L 29
39 0 U 38
40 1 L 14
41 0 U 40
42 1 U 4
43
0 1 U -1
1 0 L -1
2 1 U 1
3 0 U 2
4 1 U -1
5 0 U 4
6 1 U -1
7 1 U 6
8 0 U 7
9 1 U 8
10 0 U 9
11 1 U 10
12 0 U -1
13 0 U 12
14 0 U 13
15 1 U 14
16 0 U 15
17 0 U 16
18 0 L 0
19 0 U 18
20 1 U 19
21 0 U 20
22 0 U 15
23 1 U 22
24 0 U -1
25 0 U 24
26 1 L 10
27 1 U 26
28 1 U 27
29 0 U 16
30 0 U -1
31 0 U 30
32 0 U 31
33 0 U 32
34 0 U 33
35 1 U 24
36 0 U -1
37 1 U 36
38 1 L 29
39 0 U 38
40 1 L 14
41 0 U 40
42 1 U 4
43
0 0 U -1
1 1 U 0
2 1 U 1
3 0 U 2
4 1 U -1
5 0 U 4
6 1 U -1
7 1 U 6
8 0 L 0
9 0 U 2
10 0 U 9
11 1 U 10
12 0 U -1
13 0 U 7
14 0 U 13
15 1 U 14
16 0 U 15
17 1 L 12
18 0 L 16
19 0 U 18
20 1 U 19
21 0 U 20
22 0 U 15
23 1 U 22
24 0 U -1
25 0 U 24
26 1 L 10
27 1 U 26
28 1 U 27
29 0 U 16
30 0 U -1
31 0 U 30
32 0 U 31
33 0 U 32
34 0 U 33
35 0 U 34
36 0 U -1
37 1 U 36
38 1 L 29
39 0 U 38
40 1 L 14
41 0 U 40
42 1 U 4
43
0 1 U -1
1 1 U 0
2 1 U 1
3 1 U 1
4 1 U -1
5 0 U 4
6 1 U -1
7 1 U 6
8 0 U 7
9 1 U 8
10 0 U 9
11 1 U 10
12 0 U -1
13 0 U 12
14 0 U 13
15 1 U 14
16 0 U 15
17 0 U 16
18 0 L 0
19 0 U 18
20 1 U 19
21 0 U 20
22 0 L 10
23 1 U 22
24 0 U -1
25 0 U 24
26 1 L 10
27 1 L 24
28 1 U 27
29 0 U 16
30 0 U -1
31 0 L 26
32 0 U 31
33 0 U 32
34 0 U 33
35 0 U 34
36 0 U -1
37 1 U 36
38 1 L 29
39 0 U 38
40 1 L 14
41 1 U 13
42 1 U 4
43
0 1 U -1
1 1 U 0
2 1 U 1
3 0 U 2
4 1 U -1
5 0 U 4
6 1 U -1
7 1 U 6
8 0 U 7
9 1 U 8
10 0 U 9
11 1 U 10
12 0 U -1
13 1 L -1
14 0 U 13
15 1 U 14
16 0 U 15
17 0 U 16
18 0 L 0
19 0 U 18
20 1 U 19
21 0 L 1
22 0 U 15
23 1 U 22
24 0 U -1
25 0 U 24
26 1 L 10
27 1 U 26
28 1 U 27
29 1 U -1
30 0 U -1
31 0 U 30
32 0 U 31
33 0 L 13
34 0 U 33
35 1 U -1
36 0 U -1
37 1 U 36
38 1 L 29
39 0 U 38
40 1 L 14
41 0 U 40
42 1 U 4
43
0 1 U -1
1 1 U 0
2 1 U 1
3 0 U 2
4 1 U -1
5 0 U 2
6 1 U -1
7 1 U 6
8 1 U 2
9 1 U 8
10 0 U 9
11 1 U 10
12 0 U -1
13 0 U 12
14 0 L -1
15 1 U 14
16 0 U 15
17 0 U 16
18 0 L 0
19 0 U 18
20 1 U 19
21 0 U 20
22 0 U 15
23 1 U 22
24 0 U -1
25 0 U 24
26 1 L 10
27 1 U 26
28 1 L 11
29 0 U 16
30 0 U -1
31 0 U 30
32 0 U 31
33 0 U 32
34 0 L 8
35 0 U 34
36 0 U -1
37 1 U 36
38 1 L 29
39 0 U 38
40 1 L 14
41 0 L -1
42 1 U 4
43
0 1 U -1
1 1 U 0
2 0 U 0
3 0 U 2
4 1 U -1
5 0 U 4
6 0 U 3
7 1 L 3
8 0 U 7
9 1 U 8
10 1 L 3
11 1 U 10
12 0 U -1
13 0 U 12
14 0 U 13
15 1 U 14
16 0 U 15
17 0 U 16
18 0 L 0
19 0 U 18
20 0 L 13
21 0 U 20
22 0 U 15
23 1 U 22
24 0 U -1
25 0 U 24
26 0 U 24
27 1 U 26
28 1 U 27
29 0 U 16
30 0 U -1
31 1 U 24
32 0 U 31
33 0 U 32
34 0 U 33
35 0 U 34
36 0 U -1
37 1 U 36
38 1 L 29
39 0 U 38
40 1 L 14
41 0 U 40
42 1 U 4
43
0 1 U -1
1 1 U 0
2 1 U 1
3 0 U 2
4 1 L 2
5 1 L 2
6 1 U -1
7 1 U 6
8 0 U 7
9 1 U 8
10 0 U 9
11 1 U 10
12 0 U -1
13 0 U 12
14 0 U 13
15 1 U 14
16 0 U 15
17 0 U 16
18 0 L 0
19 1 U -1
20 1 U 19
21 0 U 20
22 0 U 15
23 1 U 22
24 0 U -1
25 0 U 24
26 1 L 10
27 1 U 26
28 1 U 3
29 0 U 16
30 0 U -1
31 0 U 30
32 0 U 31
33 0 U 32
34 0 U 33
35 0 U 34
36 0 U -1
37 1 U 36
38 1 L 29
39 0 U 38
40 1 L 14
41 0 U 40
42 1 U 4
43
0 1 U -1
1 1 U 0
2 1 U 1
3 0 U 2
4 1 U -1
5 0 U 4
6 1 U -1
7 1 U 6
8 0 U 7
9 0 U 6
10 0 U 9
11 1 U 10
12 0 U -1
13 0 U 12
14 0 U 13
15 1 U 14
16 0 U 15
17 0 U 16
18 0 L 0
19 0 U 18
20 1 U 19
21 0 L 7
22 0 U 15
23 1 U 22
24 0 U -1
25 0 L 3
26 1 L 10
27 1 U 26
28 1 U 27
29 0 U 16
30 0 U -1
31 0 U 30
32 0 U 31
33 0 U 32
34 0 U 33
35 0 U 34
36 0 U -1
37 1 U 36
38 1 L 29
39 0 U 38
40 1 L 14
41 0 U 40
42 1 U 4
43
0 1 U -1
1 1 U -1
2 1 U 1
3 0 U 2
4 1 U -1
5 0 U 4
6 1 U -1
7 1 U -1
8 0 U 7
9 1 U 8
10 0 U 9
11 1 U 10
12 0 U -1
13 0 U 12
14 0 U 13
15 1 U 14
16 0 U 15
17 0 U 16
18 0 L 0
19 1 U 9
20 1 U 19
21 0 U 20
22 0 U 15
23 1 U 22
24 0 U -1
25 0 U 24
26 1 L 10
27 1 L 17
28 1 U 27
29 0 U 16
30 0 U -1
31 0 U 30
32 0 U 31
33 0 U 0
34 0 U 33
35 0 U 34
36 0 U -1
37 1 U 36
38 1 L 29
39 0 U 38
40 1 L 14
41 0 U 40
42 1 U 4
43
0 1 U -1
1 1 U 0
2 1 U 1
3 0 U 2
4 1 U -1
5 0 U 4
6 1 U -1
7 1 U 6
8 0 U 7
9 1 L 5
10 0 U 9
11 1 U 10
12 0 U -1
13 0 U 12
14 0 U 13
15 1 U 14
16 0 U 15
17 0 U 16
18 0 L 0
19 0 U 18
20 1 U 19
21 0 U 20
22 0 U 15
23 1 L 13
24 0 U -1
25 0 U 24
26 1 L 10
27 1 U 26
28 1 U 27
29 0 U 16
30 0 U -1
31 0 U 30
32 0 U 31
33 0 U 32
34 0 U 33
35 0 U 34
36 0 U -1
37 1 U 36
38 1 L 29
39 0 U 38
40 1 L 8
41 1 U 19
42 1 U 4
43
0 1 U -1
1 1 U 0
2 1 U 1
3 0 L 2
4 1 U -1
5 0 U 4
6 1 U -1
7 1 U 6
8 0 U 7
9 1 U 8
10 0 U 9
11 1 U 10
12 0 U -1
13 0 U 12
14 0 U 13
15 0 U 13
16 0 U 15
17 0 U 16
18 0 L 0
19 0 U 18
20 1 U 19
21 0 U 20
22 0 U 15
23 1 U 22
24 0 U -1
25 0 U 24
26 1 L 10
27 1 U 26
28 1 U 27
29 0 U 16
30 0 U -1
31 0 U 30
32 0 U 31
33 1 L 1
34 0 U 33
35 0 U 34
36 0 U -1
37 1 U 36
38 1 L 29
39 0 U 38
40 1 L 14
41 0 U 40
42 1 U 4
43
0 1 U -1
1 1 U 0
2 1 L 0
3 0 U 2
4 1 U -1
5 0 U 4
6 1 U -1
7 1 U 6
8 0 U 7
9 1 U 8
10 0 U 9
11 1 U 10
12 0 U -1
13 0 U 12
14 0 U 13
15 1 U 14
16 0 U 15
17 0 U 16
18 0 L 0
19 0 U 18
20 1 U 19
21 1 U 19
22 0 U 15
23 1 U 22
24 0 U -1
25 0 U 24
26 1 L 10
27 1 U 26
28 1 U 27
29 0 U 16
30 0 U -1
31 0 U 30
32 0 U 31
33 0 U 32
34 0 L 13
35 0 U 34
36 0 U -1
37 1 U 36
38 1 L 29
39 0 U 38
40 1 L 14
41 0 U 40
42 1 U 4
43
0 1 U -1
1 1 U 0
2 1 U 1
3 0 U 2
4 1 U -1
5 0 U 4
6 1 U -1
7 1 U 6
8 0 U 7
9 1 U 8
10 0 U 9
11 1 U 10
12 0 U -1
13 0 U 12
14 0 U 13
15 1 U 14
16 0 U 10
17 0 U 16
18 0 L 0
19 0 U 18
20 1 U 19
21 0 U 20
22 0 U 15
23 1 U 22
24 0 U -1
25 0 U 24
26 1 L 10
27 0 U 26
28 1 U 27
29 0 U 16
30 0 U -1
31 0 U 30
32 0 U 31
33 0 U 32
34 0 U 33
35 0 U 34
36 1 L 23
37 1 U 36
38 1 L 29
39 0 U 38
40 1 L 14
41 0 U 40
42 1 U 4
43
0 1 U -1
1 1 U 0
2 1 U 1
3 0 U 2
4 1 U -1
5 0 U 4
6 1 U -1
7 1 U 6
8 0 U 7
9 1 U 8
10 0 U 9
11 1 U 10
12 0 U -1
13 0 U 12
14 0 U 13
15 1 U 14
16 0 U 15
17 0 U 16
18 0 L 0
19 0 U 18
20 0 L 9
21 0 U 3
22 0 U 15
23 1 U 22
24 0 U -1
25 1 L 6
26 1 L 10
27 1 U 26
28 1 U 27
29 1 L 13
30 0 U -1
31 0 U 30
32 0 L 24
33 0 U 32
34 0 U 33
35 0 U 34
36 0 U -1
37 1 U 36
38 1 L 29
39 0 L 3
40 1 L 14
41 0 U 40
42 0 U 32
43
0 1 U -1
1 1 U 0
2 1 U 1
3 0 U 2
4 1 U -1
5 0 U 4
6 1 U -1
7 1 U 6
8 0 U 7
9 1 U 8
10 0 U 9
11 1 U -1
12 0 U -1
13 0 U 12
14 0 U 13
15 1 U 14
16 0 U 15
17 0 U 16
18 0 L 0
19 0 U 18
20 1 U 19
21 0 U 20
22 0 U 15
23 1 U 22
24 0 U -1
25 0 U 24
26 1 L 10
27 1 U 26
28 1 U 27
29 0 U 16
30 0 U -1
31 0 U 30
32 0 U 31
33 0 U 32
34 1 U 14
35 0 U 34
36 0 U -1
37 1 U 36
38 1 L 29
39 0 L 12
40 1 U 3
41 0 U 40
42 1 U 4
43
0 1 U -1
1 1 U 0
2 1 U 1
3 0 U 2
4 1 U -1
5 0 U 4
6 1 U -1
7 1 U 6
8 0 U 4
9 1 U 8
10 0 U 9
11 1 U 10
12 0 U -1
13 0 U 12
14 0 U 13
15 1 U 14
16 0 U 15
17 0 U 16
18 0 L 0
19 0 U 18
20 1 U 19
21 0 U 20
22 0 U 15
23 1 U 22
24 1 L 5
25 0 U 24
26 1 L 10
27 1 U 26
28 1 U 27
29 0 U 16
30 0 U -1
31 0 U 30
32 0 U 31
33 0 U 32
34 0 U 33
35 0 U 34
36 0 U -1
37 1 U 36
38 1 L 29
39 0 U 38
40 1 L 14
41 0 U 40
42 1 U 4
43
0 1 U -1
1 1 U 0
2 1 U 1
3 0 U 2
4 1 U -1
5 0 U 4
6 1 U -1
7 1 U 6
8 0 U 7
9 1 U 8
10 0 U 9
11 1 U 10
12 0 U 6
13 0 U 12
14 0 U 13
15 1 U 14
16 0 U 15
17 0 U 16
18 0 L 0
19 0 U 18
20 1 U 19
21 0 U 20
22 0 U 15
23 1 U 22
24 0 U -1
25 0 U 24
26 1 L 10
27 1 U 26
28 1 U 27
29 0 U 16
30 0 U -1
31 0 U 30
32 0 U 31
33 0 U 32
34 0 U 33
35 0 U 34
36 1 L -1
37 1 L 11
38 1 L 29
39 0 U 38
40 1 L 14
41 0 U 40
42 1 U 4
43
0 1 U -1
1 1 U 0
2 1 U 1
3 0 U 2
4 1 U -1
5 0 U 4
6 1 U -1
7 1 U 6
8 0 U 7
9 1 U 8
10 0 U 9
11 1 U 10
12 1 L 9
13 0 U 12
14 1 U 2
15 1 U 14
16 0 U 15
17 0 U 16
18 0 L 0
19 0 U 9
20 1 L 17
21 0 U 20
22 0 U 15
23 1 U 22
24 0 U -1
25 0 U 24
26 1 L 10
27 1 U 26
28 1 U 27
29 0 U 16
30 0 U -1
31 0 U 30
32 0 U 31
33 0 U 32
34 0 U 33
35 0 U 34
36 0 U -1
37 1 U 36
38 1 L 29
39 0 U 38
40 0 L 19
41 0 U 40
42 1 U 4
43
0 1 U -1
1 1 U -1
2 1 U 1
3 0 U 2
4 1 U -1
5 0 U 4
6 0 L -1
7 1 U 6
8 0 U 7
9 1 U 8
10 0 U 9
11 1 U 10
12 0 U -1
13 0 U 12
14 0 U 13
15 1 U 14
16 0 U 15
17 0 U 16
18 0 L 0
19 0 U 18
20 1 U 19
21 0 U 13
22 0 U 16
23 1 U 22
24 0 U -1
25 0 U 24
26 1 L 10
27 1 U 26
28 1 U 27
29 0 U 16
30 0 U -1
31 0 L 19
32 0 U 31
33 0 U 32
34 0 U 33
35 0 U 18
36 0 U -1
37 1 U -1
38 1 L 29
39 0 U 38
40 1 L 14
41 0 U 40
42 1 U 4
43
0 1 U -1
1 1 U 0
2 1 U 1
3 0 U 2
4 1 U -1
5 0 U 4
6 1 U -1
7 1 U 6
8 0 U 7
9 1 U 8
10 0 U 9
11 1 U 10
12 0 U -1
13 0 U 12
14 0 U 13
15 1 U 14
16 0 U 2
17 0 U 16
18 0 L 0
19 0 U 18
20 1 U 19
21 0 U 20
22 0 U 15
23 1 U 22
24 0 U -1
25 0 U 24
26 1 L 10
27 1 U 26
28 1 U 27
29 0 U 16
30 0 U -1
31 0 U 30
32 0 U 31
33 0 U 32
34 0 U 33
35 0 U 34
36 0 U -1
37 1 U 36
38 1 L 29
39 0 U 38
40 1 L 14
41 0 U 40
42 1 U 4
43
0 1 U -1
1 0 L 0
2 1 U 1
3 0 U 2
4 1 U -1
5 0 U 4
6 1 U -1
7 1 U 6
8 0 U 7
9 1 U 8
10 0 U 9
11 1 L 7
12 0 U -1
13 0 U 12
14 0 U 13
15 0 L 7
16 0 L -1
17 0 U 16
18 0 L 0
19 0 U 18
20 1 U 19
21 0 U 20
22 0 U 15
23 1 U 22
24 0 U -1
25 0 U 24
26 1 L 10
27 1 U 26
28 1 U 27
29 1 U 12
30 0 U -1
31 0 U 30
32 0 U 31
33 0 U 32
34 0 U 33
35 0 U 34
36 0 U -1
37 1 U 36
38 1 L 29
39 0 U 38
40 1 L 14
41 1 U 8
42 1 U 4
43
0 1 U -1
1 1 U 0
2 1 U 1
3 0 U 2
4 1 U -1
5 0 U 4
6 1 U -1
7 1 U 6
8 0 U 7
9 1 U 8
10 0 U 9
11 1 U 10
12 0 U -1
13 0 U 12
14 0 U 13
15 1 U 14
16 0 U 15
17 1 L 15
18 0 L 0
19 0 U 18
20 1 U 19
21 0 U 20
22 0 U 15
23 1 U 22
24 0 U -1
25 0 U 24
26 1 L 10
27 1 U 26
28 1 U 27
29 0 U 16
30 0 U -1
31 0 U 30
32 0 U 31
33 0 U 32
34 0 U 33
35 0 U 34
36 0 U -1
37 1 U 36
38 0 U 33
39 0 U 38
40 1 L 14
41 0 U 40
42 1 U 4
43
0 0 U -1
1 1 U 0
2 1 U 1
3 0 U 2
4 1 U -1
5 0 U 4
6 1 U 5
7 1 U 6
8 1 L 6
9 1 U 8
10 0 U 9
11 1 U 10
12 0 U -1
13 0 U 12
14 0 U 13
15 1 U 14
16 0 U 15
17 0 U 16
18 0 L 0
19 0 U 18
20 1 U 19
21 0 U 20
22 0 U 15
23 1 U 22
24 0 U -1
25 0 U 24
26 1 L 10
27 1 U 26
28 1 U 27
29 0 U 16
30 0 U -1
31 0 U 30
32 0 U 31
33 0 U 32
34 0 U 33
35 0 U 34
36 0 U -1
37 1 U 36
38 0 L 3
39 0 U 38
40 1 L 14
41 0 U 40
42 1 U 4
43
0 1 U -1
1 1 U 0
2 1 U 1
3 0 U 2
4 1 L 3
5 0 U 4
6 1 U -1
7 1 U 6
8 0 U 7
9 1 U 8
10 0 U 9
11 1 U 10
12 0 U -1
13 0 U 12
14 0 U 13
15 1 U 14
16 0 U 15
17 0 U 16
18 0 L 0
19 0 U 18
20 1 U 19
21 0 L 3
22 0 U 15
23 1 U 22
24 0 U -1
25 0 U 24
26 1 U 5
27 1 U 26
28 1 U 27
29 0 U 16
30 0 U -1
31 0 U 30
32 0 U 31
33 0 U 32
34 0 U 33
35 0 U 34
36 0 U -1
37 1 U 36
38 1 L 29
39 0 U 38
40 1 L 14
41 0 U 40
42 1 U 4
43
0 1 U -1
1 1 U 0
2 1 U 1
3 0 U 2
4 1 U -1
5 0 U 4
6 1 U -1
7 1 U 6
8 0 U 7
9 1 U 8
10 0 U 0
11 1 U 10
12 0 U 5
13 0 U 12
14 0 U 13
15 1 U 14
16 0 U 15
17 0 U 16
18 0 L 0
19 0 U 18
20 1 U 19
21 0 U 20
22 0 U 15
23 1 U 22
24 0 L 7
25 0 U 24
26 1 L 10
27 1 U 26
28 1 U 27
29 0 U 16
30 0 U -1
31 0 U 30
32 0 U 31
33 0 U 32
34 0 U 33
35 0 U 34
36 0 U -1
37 1 U 36
38 1 L 29
39 0 U 38
40 1 L 14
41 0 U 40
42 1 U 4
43
0 1 U -1
1 1 U 0
2 1 U 1
3 0 U 2
4 1 U -1
5 0 U 4
6 1 U -1
7 0 U 0
8 0 U 7
9 1 U 8
10 0 U 9
11 1 U 10
12 0 U -1
13 0 L 9
14 0 U 13
15 1 U 14
16 0 U 15
17 0 U 16
18 0 L 0
19 0 U 18
20 1 U 19
21 0 U 20
22 0 U 15
23 1 U 22
24 0 U -1
25 0 U 24
26 1 L 10
27 1 U 26
28 1 U 27
29 0 U 16
30 0 U -1
31 0 U 30
32 0 U 31
33 0 U 32
34 0 U 33
35 0 U 34
36 0 U -1
37 1 U 36
38 1 L 29
39 0 U 38
40 1 L 14
41 0 U 40
42 1 U 4
43
0 1 U -1
1 1 U 0
2 1 U 1
3 0 U 2
4 1 U -1
5 0 U 4
6 1 U -1
7 1 U 6
8 0 U 7
9 1 U 8
10 0 U 9
11 1 U 10
12 0 U -1
13 0 U 12
14 0 U 13
15 1 U 14
16 0 U 15
17 0 U 16
18 0 L 0
19 0 L 3
20 1 U 19
21 0 U 20
22 0 U 15
23 1 U 22
24 0 U -1
25 0 U 24
26 1 L 10
27 1 U 26
28 1 U 27
29 0 U 16
30 0 U -1
31 0 U 30
32 1 L 3
33 0 U 32
34 0 L 26
35 0 U 34
36 0 U -1
37 1 U 36
38 0 L 36
39 0 U 38
40 1 L 14
41 0 U 40
42 0 U 11
43
0 1 U -1
1 1 U 0
2 1 U 1
3 0 U 2
4 1 U -1
5 0 U 4
6 1 U 3
7 1 U 6
8 0 U 7
9 1 U 8
10 0 U 9
11 1 U 10
12 1 L 8
13 0 U 12
14 0 U 13
15 0 L 3
16 0 U 15
17 0 U 16
18 0 L 0
19 0 U 18
20 1 U 7
21 0 U 20
22 0 U 15
23 1 U 22
24 0 U -1
25 0 U 24
26 1 L 10
27 1 U 26
28 1 U 27
29 0 U 16
30 0 U -1
31 0 U 30
32 0 U 31
33 0 U 32
34 0 U 33
35 0 U 34
36 0 U -1
37 1 U 36
38 1 U 0
39 0 U 38
40 1 L 14
41 0 U 40
42 1 U 4
43
0 1 U -1
1 1 U 0
2 1 U 1
3 0 U 2
4 0 L 1
5 0 U 4
6 1 U -1
7 1 U 6
8 0 U 7
9 1 U 8
10 0 U 9
11 1 U 10
12 0 U -1
13 0 U 12
14 0 U 13
15 1 U 14
16 1 L 11
17 0 U 16
18 0 L 0
19 0 L 0
20 1 U 19
21 0 U 20
22 0 U 15
23 1 U 22
24 0 U -1
25 0 U 24
26 1 L 21
27 1 U 26
28 1 U 27
29 0 U 16
30 0 U -1
31 0 U 30
32 0 U 31
33 0 U 32
34 0 U 33
35 0 U 34
36 0 U -1
37 1 U 36
38 1 L 29
39 0 U 38
40 1 L 14
41 0 U 40
42 1 U 4
43
0 1 U -1
1 1 U 0
2 1 U 1
3 0 U 2
4 1 U -1
5 0 U 4
6 1 U -1
7 1 U 6
8 1 L 1
9 1 U 8
10 0 U 9
11 1 U 10
12 0 U -1
13 0 U 12
14 0 U 13
15 1 U 14
16 0 U 15
17 1 U 1
18 0 L 0
19 0 U 18
20 1 U 19
21 0 U 20
22 0 U 15
23 1 U 22
24 0 U -1
25 0 U 24
26 1 L 10
27 1 U 26
28 1 L 8
29 0 U 16
30 0 U -1
31 0 U 30
32 0 L 0
33 0 U 32
34 0 U 33
35 0 U 34
36 0 U -1
37 1 U 36
38 1 L 29
39 0 U 38
40 1 L 14
41 0 U 40
42 1 U 4
43
0 0 U -1
1 0 U -1
2 1 U 1
3 0 U -1
4 1 U -1
5 0 U 4
6 1 U -1
7 1 U 6
8 0 U 7
9 1 U 8
10 0 U 9
11 1 U 10
12 0 U -1
13 0 U 12
14 0 U 13
15 1 U 14
16 0 U 15
17 0 U 16
18 0 L 0
19 0 U 18
20 0 U 13
21 0 U 20
22 0 U 15
23 0 U 12
24 0 U -1
25 0 U 24
26 1 L 10
27 1 U 26
28 1 U 27
29 0 U 16
30 0 U 3
31 0 U 11
32 0 U 31
33 0 U 32
34 0 U 33
35 0 U 34
36 0 U -1
37 1 U 36
38 1 L 29
39 0 U 38
40 1 L 14
41 0 U 40
42 1 U 4
43
0 1 U -1
1 1 U 0
2 1 U 1
3 0 U 2
4 1 U -1
5 0 U 4
6 0 U 5
7 1 U 6
8 0 U 7
9 1 U 8
10 0 U 9
11 1 U 10
12 0 U -1
13 0 U 12
14 1 U 4
15 1 U 14
16 0 U 15
17 0 U 16
18 0 L 0
19 0 U 18
20 1 U 19
21 0 U 20
22 0 U 15
23 1 U 22
24 0 U -1
25 0 U 24
26 1 U 15
27 1 U 26
28 1 U 27
29 0 U 16
30 0 U -1
31 0 U 30
32 0 U 31
33 0 U 32
34 1 L 31
35 0 U 34
36 1 U 33
37 1 U 17
38 1 L 29
39 0 U 38
40 1 L 14
41 0 U 40
42 1 U 4
43
0 1 U -1
1 1 U 0
2 1 U 1
3 0 U 2
4 1 U -1
5 0 U 4
6 1 U -1
7 1 U 6
8 0 U 7
9 1 U 8
10 0 U 9
11 0 U 8
12 0 U -1
13 0 U 12
14 0 U 13
15 1 U 14
16 0 U 15
17 0 U 16
18 0 L 0
19 0 U 18
20 1 U 19
21 0 U 20
22 0 U 15
23 1 U 22
24 0 U -1
25 0 U 24
26 1 L 10
27 1 U 26
28 1 U 27
29 0 U 16
30 0 U -1
31 0 U 30
32 0 U 31
33 0 U 32
34 0 U 33
35 0 L 24
36 0 U -1
37 1 U 36
38 1 L 29
39 0 U 38
40 1 L 14
41 0 U 40
42 1 U 4
43
0 1 U -1
1 1 U 0
2 1 U 1
3 0 U 2
4 1 U -1
5 0 U 0
6 1 U -1
7 1 U 0
8 0 U 7
9 1 U 8
10 0 U 9
11 0 L 0
12 0 U -1
13 0 U 12
14 0 U 13
15 1 U 14
16 0 U 15
17 0 U 16
18 0 L 0
19 0 U 18
20 1 U 19
21 0 U 20
22 0 U 15
23 1 U 22
24 0 U -1
25 0 U 24
26 1 U 10
27 1 U 26
28 1 U 27
29 0 U 16
30 0 U -1
31 0 U 30
32 0 U 31
33 0 U 32
34 0 U 33
35 0 U 34
36 0 L 34
37 1 U 36
38 1 L 29
39 0 U 38
40 1 U 20
41 0 U 40
42 1 U 4
43
0 1 U -1
1 1 U 0
2 0 U 1
3 1 L 2
4 1 U -1
5 0 U 0
6 1 U -1
7 1 U 0
8 0 U 7
9 1 U 8
10 0 U 9
11 0 L 0
12 0 U -1
13 0 U 12
14 0 U 13
15 1 U 14
16 0 U 15
17 0 U 16
18 0 L 0
19 0 U 18
20 1 U 19
21 0 U 15
22 0 U 15
23 1 U 22
24 0 U -1
25 0 U 24
26 1 U 10
27 1 U 26
28 1 U 27
29 0 U 16
30 0 U -1
31 0 U 30
32 0 U 31
33 0 U 32
34 0 U 33
35 0 U 34
36 0 L 34
37 1 U 36
38 1 L 29
39 0 U 38
40 1 U 20
41 0 U 40
42 1 L 33
43
0 1 U -1
1 1 U 0
2 1 U 1
3 0 U 2
4 1 U -1
5 0 U 0
6 0 U 1
7 1 U 0
8 0 U 7
9 1 U 8
10 0 U 9
11 0 L 0
12 0 U -1
13 0 U 12
14 0 U 8
15 1 U 14
16 0 U 15
17 1 L 2
18 0 L 0
19 0 U 1
20 1 U 19
21 0 U 20
22 1 L 13
23 1 U 22
24 0 U -1
25 0 U 24
26 1 U 10
27 0 L 12
28 1 U 27
29 0 U 16
30 0 U -1
31 0 U 30
32 0 U 31
33 0 U 32
34 0 U 33
35 0 U 34
36 0 L 34
37 1 U 36
38 1 L 29
39 0 U 38
40 1 U 20
41 1 L 33
42 1 U 4
43
0 1 U -1
1 1 U 0
2 1 U 1
3 0 U 2
4 1 U -1
5 0 U 0
6 1 U -1
7 1 U 0
8 0 U 7
9 1 U 8
10 0 U 9
11 0 L 0
12 0 U -1
13 0 U 12
14 0 U 13
15 1 U 14
16 0 U 15
17 0 U 16
18 0 L 0
19 0 U 18
20 1 U 19
21 0 U 20
22 0 U 15
23 1 U 22
24 0 U -1
25 0 U 24
26 1 U 10
27 1 U 26
28 1 U 27
29 0 U 16
30 1 L 17
31 0 U 30
32 0 L 3
33 0 U 32
34 0 U 33
35 0 U 34
36 0 L 34
37 1 U 36
38 1 L 29
39 0 U 38
40 1 U 20
41 1 U 20
42 1 U 4
43
0 1 L -1
1 0 L -1
2 1 U 1
3 0 U 2
4 1 U -1
5 0 U 0
6 1 U -1
7 1 U 0
8 0 U 7
9 1 U 8
10 0 U 9
11 0 L 0
12 0 U -1
13 0 U 12
14 0 U 13
15 1 U 14
16 0 U 15
17 0 U 16
18 0 L 0
19 0 U 18
20 1 U 19
21 0 U 20
22 0 U 15
23 1 L 16
24 0 U -1
25 0 U 24
26 1 U 10
27 1 U 26
28 1 U 4
29 0 U 16
30 0 U -1
31 0 U 30
32 0 U 31
33 0 U 32
34 0 U 33
35 1 L 11
36 0 L 34
37 1 U 36
38 1 L 29
39 0 U 38
40 1 U 20
41 0 U 29
42 1 U 31
43
0 1 U -1
1 1 U 0
2 1 U 1
3 0 U 2
4 1 U -1
5 0 U 0
6 1 U -1
7 1 U 0
8 0 U 7
9 1 U 8
10 0 U 9
11 0 L 0
12 0 U -1
13 0 U 12
14 0 U 13
15 1 U 14
16 1 U 0
17 0 U 10
18 0 L 0
19 0 U 18
20 1 U 19
21 1 U 8
22 0 U 15
23 1 U 22
24 0 U -1
25 0 U 24
26 1 U 10
27 1 U 26
28 1 U 27
29 0 U 16
30 0 U -1
31 0 U 30
32 0 U 31
33 0 U 32
34 0 U 33
35 0 U 34
36 0 L 34
37 1 U 36
38 1 L 29
39 0 U 38
40 1 U 20
41 0 U 40
42 1 U 4
43
0 1 U -1
1 1 U 0
2 1 U 1
3 0 U 2
4 1 U -1
5 0 U 0
6 1 U -1
7 1 U 0
8 0 U 7
9 1 U 8
10 0 U 9
11 0 L 0
12 0 U -1
13 0 U 12
14 1 U 9
15 1 U 14
16 0 U 15
17 1 U 12
18 1 L 2
19 0 U 18
20 1 U 19
21 0 U 20
22 0 U 15
23 1 U 22
24 0 U -1
25 0 L 18
26 1 U 10
27 0 U 21
28 1 U 27
29 0 U 16
30 0 U -1
31 0 U 30
32 0 U 31
33 0 U 32
34 0 U 33
35 0 U 34
36 0 L 34
37 1 U 36
38 1 L 29
39 0 U 38
40 1 U 20
41 0 U 40
42 1 U 4
43
0 1 U -1
1 1 U 0
2 1 U 1
3 0 U 2
4 1 U -1
5 0 U 0
6 1 U -1
7 1 U 0
8 0 U 7
9 1 U 8
10 0 U 9
11 0 L 0
12 0 U -1
13 0 U 12
14 0 U 13
15 1 U 14
16 0 U 15
17 0 U 16
18 0 U 8
19 0 U 18
20 1 U 19
21 0 U 20
22 0 U 11
23 1 U 22
24 0 U -1
25 0 U 24
26 1 U 10
27 1 U 26
28 1 U 27
29 0 U 16
30 0 U -1
31 0 U 30
32 0 U 31
33 0 U 32
34 0 U 33
35 0 U 34
36 1 U 21
37 1 U 36
38 1 L 29
39 0 U 38
40 1 U 20
41 0 U 40
42 1 U 4
43
0 1 U -1
1 1 U 0
2 1 U 1
3 0 U 2
4 1 U -1
5 0 U 0
6 1 U -1
7 1 U 0
8 0 U 7
9 1 U 8
10 0 U 9
11 0 L 0
12 0 U -1
13 0 U 12
14 0 U 13
15 1 U 14
16 0 U 15
17 0 U 16
18 0 L 0
19 0 U 18
20 1 U 19
21 0 U 20
22 0 U 15
23 1 U 22
24 0 U -1
25 0 U 24
26 1 U 10
27 1 U 26
28 1 U 27
29 0 U 16
30 0 U -1
31 1 L 22
32 0 U 31
33 0 U 32
34 0 U 33
35 0 U 34
36 0 L 34
37 1 U 36
38 1 L 29
39 0 U 38
40 1 U 20
41 0 U 40
42 1 U 4
43
0 1 U -1
1 1 U 0
2 0 L -1
3 0 U 2
4 0 U 2
5 0 U 0
6 1 U -1
7 1 U 0
8 0 U 7
9 1 U 8
10 0 U 9
11 0 L 0
12 0 U -1
13 0 U 12
14 0 U 13
15 1 U 14
16 0 U 15
17 0 U 16
18 1 L 1
19 0 U 18
20 1 U 19
21 0 U 20
22 0 U 15
23 1 U 22
24 0 U -1
25 0 U 24
26 1 L 12
27 1 U 26
28 1 U 27
29 0 U 16
30 0 L 18
31 0 U 30
32 0 U 31
33 0 U 32
34 0 U 33
35 0 U 34
36 0 L 34
37 1 U 36
38 1 L 29
39 0 U 0
40 1 U 20
41 1 L 22
42 1 U 4
43
0 1 U -1
1 1 U 0
2 1 U 1
3 0 U 2
4 1 U -1
5 0 U 0
6 1 U -1
7 1 U 0
8 0 U 7
9 1 L 3
10 0 U 9
11 0 L 0
12 0 U -1
13 0 U 5
14 0 U 13
15 1 U 14
16 0 U 15
17 0 U 16
18 0 L 0
19 0 U 18
20 1 U 19
21 0 U 20
22 0 U 15
23 1 U 22
24 0 U -1
25 0 U 24
26 1 U 10
27 1 U 26
28 1 U 27
29 0 U 16
30 0 U -1
31 0 U 30
32 0 U 31
33 0 U 32
34 1 L 18
35 0 U 34
36 0 L 34
37 1 U 36
38 1 L 29
39 0 U 38
40 1 U 20
41 0 U 40
42 1 U 4
43
0 0 U -1
1 1 U 0
2 1 U 1
3 0 U 2
4 1 U -1
5 0 U 0
6 1 U -1
7 1 U 0
8 0 L 4
9 1 U 8
10 0 U 9
11 0 L 0
12 0 U -1
13 0 U 12
14 0 U 13
15 1 U 14
16 0 U 15
17 1 L 4
18 0 L 0
19 0 U 18
20 1 U 6
21 0 U 20
22 0 U 15
23 1 U 22
24 0 U -1
25 0 U 24
26 1 U 10
27 1 U 26
28 1 U 27
29 0 L 20
30 0 U -1
31 0 U 19
32 0 U 31
33 0 U 32
34 0 U 33
35 0 U 34
36 0 U 33
37 1 U 36
38 1 L 29
39 0 U 38
40 1 U 20
41 0 U 40
42 1 U 4
43
0 1 U -1
1 1 U 0
2 1 U 1
3 0 U 2
4 1 U -1
5 0 U 0
6 1 U -1
7 1 U 0
8 0 U 7
9 1 U 8
10 0 U 9
11 1 U 6
12 0 U -1
13 0 U 12
14 0 U 13
15 1 U 14
16 0 U 15
17 0 U 16
18 0 L 0
19 0 U 18
20 0 L 16
21 0 U 20
22 0 U 15
23 1 U 22
24 0 U -1
25 0 U 24
26 1 L 14
27 1 U 26
28 1 U 27
29 0 U 16
30 0 U -1
31 0 U 30
32 0 U 31
33 1 U 32
34 1 U 20
35 0 U 34
36 0 L 34
37 1 U 36
38 1 L 29
39 0 U 38
40 1 U 20
41 0 U 40
42 1 U 4
43
0 1 L -1
1 1 U 0
2 1 U 1
3 1 L 0
4 1 U 2
5 0 U 0
6 1 U -1
7 1 U 0
8 0 U 7
9 1 U 8
10 1 U 2
11 0 U 7
12 0 U -1
13 0 U 12
14 0 U 13
15 1 U 14
16 0 U 15
17 0 U 16
18 0 L 0
19 0 U 18
20 1 U 19
21 0 U 20
22 0 U 5
23 1 U 22
24 0 U -1
25 0 U 24
26 1 U 10
27 1 U 26
28 1 U 27
29 0 U 16
30 0 U -1
31 0 U 30
32 0 U 31
33 0 U 32
34 0 U 33
35 0 U 34
36 0 L 34
37 1 U 36
38 1 L 29
39 0 L 14
40 1 U 20
41 0 U 40
42 1 U 4
43
0 1 L -1
1 1 U 0
2 1 U 1
3 0 U 2
4 1 U -1
5 0 U 0
6 1 U -1
7 1 U 0
8 0 U 7
9 1 U 8
10 0 U 9
11 0 L 0
12 1 U 2
13 0 U 12
14 0 U 13
15 1 U 14
16 0 U 15
17 0 U 16
18 0 L 0
19 0 U 18
20 0 L 14
21 0 U 20
22 0 U 15
23 1 L 22
24 0 U -1
25 0 U 24
26 1 U 10
27 1 U 26
28 1 U 27
29 0 U 16
30 0 U -1
31 0 U 30
32 0 U 31
33 0 U 32
34 0 U 33
35 0 U 34
36 0 L 34
37 1 U 36
38 1 L 29
39 0 U 38
40 1 U 20
41 0 U 40
42 1 U 4
43
0 1 U -1
1 1 U 0
2 1 U 1
3 0 U 2
4 1 U -1
5 0 U 0
6 1 U -1
7 1 U 0
8 0 U 7
9 1 U 8
10 0 U 9
11 0 L 0
12 0 U -1
13 0 U 12
14 0 U 13
15 1 U 14
16 0 U 15
17 0 U 16
18 0 L 0
19 0 U 18
20 1 U 19
21 0 U 20
22 0 U 15
23 1 U 22
24 0 U -1
25 0 U 24
26 1 U 10
27 1 U 26
28 1 U 27
29 0 L 7
30 0 L 7
31 0 U 7
32 0 U 31
33 0 U 32
34 0 U 33
35 0 U 34
36 0 L 34
37 1 U 36
38 1 L 29
39 1 U 4
40 1 U 20
41 0 U 40
42 1 U 4
43
0 1 U -1
1 1 U 0
2 0 U 1
3 0 U 2
4 1 U -1
5 0 U 0
6 1 L -1
7 1 U 0
8 0 U 7
9 1 U 8
10 0 U -1
11 0 L 0
12 0 U -1
13 0 U 12
14 0 U 13
15 0 U 8
16 0 U 15
17 0 U 16
18 0 L 0
19 0 U 18
20 1 U 19
21 0 U 20
22 0 U 15
23 1 U 20
24 0 U -1
25 0 U 24
26 1 U 10
27 1 U 26
28 1 U 27
29 0 U 16
30 0 U -1
31 1 L 6
32 0 L 6
33 0 U 32
34 0 U 33
35 0 U 34
36 0 L 34
37 1 U 36
38 0 U 33
39 0 U 38
40 1 U 20
41 0 U 40
42 1 L 5
43
0 1 U -1
1 0 U -1
2 1 L 1
3 1 L 1
4 0 U 3
5 0 U 0
6 1 U -1
7 1 U 0
8 0 U 7
9 1 U 8
10 0 U 9
11 0 L 0
12 0 U -1
13 0 U 12
14 0 U 13
15 1 U 14
16 0 U 15
17 0 U 16
18 0 L 0
19 0 L 4
20 1 U 19
21 1 L -1
22 0 U 15
23 1 U 22
24 0 U -1
25 0 U 24
26 1 U 10
27 1 U 26
28 1 U 27
29 0 U 16
30 0 U -1
31 0 U 30
32 0 U 31
33 0 U 32
34 0 U 33
35 0 U 34
36 0 L 34
37 1 U 11
38 1 L 29
39 0 U 38
40 1 U 11
41 1 L 37
42 1 U 4
43
0 1 U -1
1 0 L 0
2 0 U 1
3 0 U 2
4 1 U -1
5 0 U 0
6 0 U 5
7 1 L 0
8 0 U 7
9 1 U 8
10 0 U 9
11 0 L 0
12 0 U -1
13 0 L 8
14 0 U 13
15 1 U 14
16 0 U 15
17 0 U 16
18 0 L 0
19 0 L 13
20 1 U 19
21 0 U 20
22 0 U 15
23 1 U 22
24 0 U -1
25 0 U 24
26 1 U 10
27 1 U 26
28 1 U 27
29 0 U 16
30 0 U -1
31 0 U 30
32 0 U 31
33 0 U 32
34 0 U 33
35 0 U 34
36 0 L 34
37 1 U 36
38 1 L 29
39 0 U 38
40 1 U 20
41 0 U 40
42 1 U 4
43
0 1 U -1
1 1 U 0
2 1 U 1
3 0 U 2
4 1 U -1
5 1 U 2
6 1 U -1
7 1 U 0
8 0 U 7
9 1 U 8
10 0 U 9
11 0 L 0
12 0 U -1
13 0 U 12
14 0 U 13
15 1 L 5
16 0 U 15
17 0 U 16
18 0 L 0
19 0 U 18
20 1 U 19
21 0 U 20
22 0 U 15
23 1 U 22
24 0 U -1
25 0 U 24
26 1 U 10
27 1 U 26
28 1 U 27
29 0 L 21
30 0 U -1
31 0 U 30
32 1 L 12
33 0 U 32
34 0 L 0
35 0 U 34
36 0 L 34
37 1 U 36
38 1 L 29
39 0 U 38
40 1 U 20
41 0 U 40
42 1 U 10
43
0 0 L -1
1 1 U 0
2 1 U 1
3 0 U 2
4 1 L 3
5 0 U 0
6 1 U -1
7 1 U 0
8 0 U 7
9 1 U 8
10 0 U 9
11 0 L 0
12 0 U -1
13 0 U 12
14 0 L -1
15 1 U 14
16 0 U 15
17 0 U 16
18 0 L 0
19 0 U 18
20 1 U 19
21 1 U 6
22 0 U 15
23 0 L 7
24 0 U -1
25 0 U 24
26 1 U 10
27 1 U 26
28 1 U 27
29 0 U 16
30 0 U -1
31 0 U 30
32 1 L 9
33 0 U 32
34 0 U 33
35 0 U 34
36 0 L 34
37 1 U 36
38 1 L 29
39 0 U 24
40 1 U 20
41 0 U 40
42 1 U 4
43
0 1 L -1
1 1 U 0
2 1 U 1
3 0 U 2
4 1 U -1
5 0 U 0
6 1 U -1
7 1 U 0
8 1 U 7
9 1 U 8
10 0 U 9
11 0 L 0
12 0 U -1
13 0 U 12
14 0 L 7
15 1 U 14
16 0 U 15
17 0 U 16
18 0 L 0
19 0 U 18
20 1 U 19
21 0 U 20
22 0 U 15
23 1 U 22
24 0 U -1
25 0 U 24
26 1 U 10
27 1 U 26
28 1 U 27
29 0 U 16
30 0 U -1
31 0 U 30
32 0 U 31
33 0 U 32
34 0 U 33
35 0 U 34
36 0 L 34
37 1 U 3
38 1 L 29
39 0 U 38
40 1 U 20
41 0 U 40
42 1 U 4
43
0 1 U -1
1 1 U 0
2 1 U 1
3 1 L -1
4 1 U -1
5 1 U 4
6 1 U -1
7 1 U 0
8 0 U 7
9 1 U 8
10 0 U 9
11 0 L 0
12 0 U -1
13 0 U 12
14 0 U 13
15 1 U 14
16 0 U 15
17 1 U 8
18 0 L 0
19 0 U 18
20 1 L 7
21 0 U 20
22 0 U 15
23 1 U 22
24 0 U -1
25 0 U 24
26 1 U 10
27 1 U 26
28 1 U 27
29 0 U 16
30 0 U -1
31 0 U 30
32 0 U 31
33 0 U 32
34 0 U 33
35 0 U 34
36 0 L 34
37 1 U 36
38 1 L 29
39 0 U 38
40 1 U 20
41 0 U 40
42 1 U 4
43
0 1 U -1
1 1 U 0
2 1 U 1
3 0 U 2
4 1 U 2
5 0 U 0
6 1 U -1
7 1 U 0
8 0 U 7
9 1 U 8
10 0 U 9
11 0 L 0
12 0 U -1
13 0 U 12
14 0 U 13
15 1 U 12
16 0 U 15
17 0 U 16
18 0 L 0
19 0 U 18
20 1 U 19
21 0 U 20
22 0 U 15
23 1 U 22
24 0 U -1
25 0 U 24
26 1 U 10
27 1 U 26
28 1 U 27
29 0 U 4
30 0 U -1
31 0 U 30
32 0 U 31
33 0 U 32
34 0 U 33
35 0 U 34
36 0 L 34
37 1 U 36
38 1 L 29
39 0 U 38
40 1 U 13
41 0 U 40
42 1 U 4
43
0 1 U -1
1 1 U 0
2 1 U 1
3 0 U 2
4 1 U -1
5 0 U 0
6 1 L -1
7 1 U 0
8 0 U 7
9 1 U 8
10 0 U 9
11 0 L 0
12 0 U -1
13 0 U 12
14 0 U 13
15 1 U 14
16 0 U 15
17 0 L 3
18 0 L 0
19 0 U 18
20 1 U 19
21 0 U 20
22 0 U 15
23 1 U 22
24 0 U -1
25 0 U 19
26 1 U 10
27 1 U 26
28 1 U 27
29 0 U 16
30 0 U -1
31 0 U 30
32 0 U 31
33 0 U 32
34 0 U 33
35 0 U 34
36 0 L 34
37 1 U 36
38 1 L 29
39 0 U 38
40 1 U 20
41 0 U 40
42 1 U 4
43
0 1 U -1
1 1 U 0
2 1 U 1
3 0 U 2
4 1 U -1
5 0 U 0
6 1 U -1
7 1 U 0
8 0 U 7
9 1 U 8
10 0 U 9
11 0 L 0
12 0 U -1
13 0 U 12
14 0 U 13
15 1 U 14
16 0 U 15
17 0 U 16
18 0 L 0
19 0 U 18
20 1 U 19
21 0 U 20
22 0 U 15
23 1 U 22
24 0 U -1
25 0 U 24
26 1 U 9
27 1 U 26
28 1 U 27
29 0 U 16
30 0 U -1
31 0 U 30
32 0 U 31
33 0 U 32
34 0 U 33
35 0 U 34
36 0 L 34
37 1 U 36
38 1 L 29
39 0 U 38
40 1 U 20
41 0 U 40
42 1 U 4
43
0 0 U -1
1 1 U 0
2 1 U 1
3 0 U 2
4 1 U -1
5 0 U 0
6 1 L 3
7 1 U 0
8 0 U 7
9 1 U 8
10 0 U 9
11 0 L 0
12 0 U -1
13 0 U 12
14 0 U 13
15 1 U 14
16 1 L -1
17 0 U 16
18 0 L 0
19 0 U 18
20 1 U 19
21 0 U 20
22 0 U 15
23 1 U 22
24 0 U -1
25 0 U 24
26 1 U 10
27 1 U 26
28 1 U 27
29 0 U 16
30 0 U -1
31 0 U 30
32 1 U 26
33 0 U 1
34 0 U 33
35 0 U 34
36 1 L 17
37 1 U 36
38 1 L 29
39 0 U 38
40 1 U 20
41 0 U 40
42 1 U 4
43
0 1 U -1
1 1 U 0
2 1 U 1
3 0 U 2
4 1 U -1
5 0 U 0
6 0 U 5
7 1 U 0
8 0 U 7
9 1 U 8
10 0 U 9
11 0 L 0
12 0 U -1
13 0 U 12
14 0 U 13
15 1 U 14
16 0 U 15
17 1 U 5
18 0 L 0
19 0 U 18
20 1 U 19
21 0 U 20
22 0 U 15
23 1 U 22
24 0 U -1
25 0 U 24
26 1 U 10
27 1 U 26
28 1 U 27
29 0 L 28
30 0 U -1
31 0 U 30
32 0 U 31
33 0 U 32
34 0 U 33
35 0 U 34
36 0 L 34
37 1 U 36
38 1 L 29
39 0 U 38
40 1 U 20
41 0 U 40
42 1 U 4
43
0 1 U -1
1 1 U 0
2 1 U 1
3 0 U 2
4 1 U -1
5 0 U 0
6 1 U -1
7 1 U 0
8 0 U 7
9 1 U 8
10 0 U 9
11 0 L 0
12 0 U -1
13 0 U 12
14 0 U 13
15 1 U 14
16 0 U 15
17 0 U 16
18 0 L 0
19 0 U 18
20 1 U 19
21 0 U 20
22 0 U 15
23 1 U 22
24 0 U -1
25 0 U 24
26 1 U 10
27 1 U 26
28 1 U 27
29 0 U 16
30 0 U -1
31 1 L 12
32 0 U 31
33 0 U 32
34 0 U 33
35 0 U 34
36 0 L 34
37 0 U 29
38 1 L 29
39 0 U 38
40 1 U 20
41 0 U 40
42 1 U 4
43
0 1 U -1
1 1 U 0
2 1 U 1
3 0 U 0
4 1 U -1
5 0 U 0
6 1 U -1
7 1 U 0
8 0 U 7
9 1 U 8
10 0 U 9
11 0 L 0
12 0 U -1
13 0 U 12
14 0 U 13
15 1 U 14
16 0 U 15
17 0 U 16
18 0 L 0
19 0 U 18
20 0 L 16
21 0 U 20
22 0 U 15
23 1 U 22
24 1 U 3
25 0 U 24
26 1 U 10
27 1 U 26
28 1 U 27
29 0 U 16
30 0 U -1
31 0 U 30
32 0 U 31
33 0 U 32
34 0 U 33
35 0 U 34
36 0 L 34
37 1 U 36
38 0 L 12
39 0 U 38
40 1 U 20
41 0 U 40
42 1 L 13
43
0 1 U -1
1 1 U 0
2 1 U 1
3 0 L -1
4 1 U -1
5 0 U 0
6 1 U -1
7 1 U 0
8 0 U 7
9 1 U 8
10 0 U 9
11 0 L 0
12 0 U -1
13 0 U 12
14 0 U 13
15 1 U 14
16 0 U 15
17 0 U 16
18 0 L 0
19 0 U 18
20 1 U 19
21 0 U 20
22 0 U 5
23 1 U 22
24 0 U -1
25 0 U 24
26 1 U 10
27 1 U 26
28 1 U 27
29 0 U 16
30 0 U -1
31 0 U 30
32 0 U 31
33 0 U 32
34 0 U 33
35 0 U 34
36 0 U 31
37 1 U 36
38 1 L 29
39 0 U 38
40 1 U 20
41 0 U 40
42 1 U 4
43
0 1 U -1
1 1 U 0
2 1 U 1
3 0 U 2
4 1 U -1
5 0 U 0
6 1 U -1
7 1 U 0
8 0 U 7
9 1 U 8
10 0 U 9
11 0 L 0
12 0 U -1
13 0 U 12
14 0 U 13
15 1 U 14
16 0 U 15
17 1 U -1
18 0 L 0
19 0 U 18
20 1 U 19
21 0 U 20
22 0 U 15
23 1 U 22
24 0 U -1
25 0 U 24
26 1 U 10
27 1 U 26
28 1 U 27
29 0 U 16
30 0 U -1
31 0 U 30
32 0 U 31
33 0 U 32
34 0 U 33
35 0 U 34
36 0 L 34
37 1 U 36
38 1 L 29
39 0 U 38
40 1 U 20
41 0 U 40
42 0 L 31
43
0 1 U -1
1 1 U 0
2 1 U 1
3 0 U 2
4 1 U -1
5 0 U 0
6 1 U -1
7 1 U 0
8 0 U 7
9 1 U 8
10 0 U 9
11 0 L 0
12 0 U -1
13 1 U 11
14 0 U 13
15 1 U 14
16 0 U 15
17 0 U 16
18 0 L 0
19 0 U 18
20 1 U 19
21 0 U 20
22 1 U 9
23 1 U 22
24 0 U -1
25 0 U 24
26 0 L 16
27 1 U 26
28 1 U 27
29 0 U 16
30 0 U -1
31 0 U 30
32 0 U 31
33 0 U 32
34 0 L 10
35 0 U 34
36 0 L 34
37 1 U 36
38 1 L 29
39 0 U 38
40 1 U 20
41 0 U 40
42 1 U 4
43
0 1 U -1
1 1 U 0
2 1 U 1
3 0 U 2
4 1 U -1
5 0 U 0
6 0 U 2
7 1 U 0
8 1 L 7
9 1 U 8
10 0 U 2
11 0 L 0
12 0 U -1
13 0 U 12
14 0 U 13
15 1 U 14
16 0 U 15
17 0 U 16
18 0 L 0
19 0 U 18
20 1 U 19
21 0 U 20
22 0 U 15
23 0 U 11
24 0 U -1
25 0 U 24
26 1 U 10
27 1 U 26
28 1 U 27
29 1 U 3
30 0 U -1
31 0 U 30
32 0 U 31
33 0 U 32
34 0 U 33
35 0 U 34
36 0 L 34
37 0 L 20
38 1 L 29
39 0 U 38
40 1 L 30
41 0 U 40
42 1 L 8
43
0 1 U -1
1 0 U -1
2 1 U 1
3 1 L 0
4 1 U -1
5 0 U 0
6 1 U -1
7 1 U 0
8 0 U 7
9 1 U 8
10 1 L -1
11 0 L 0
12 0 U -1
13 0 U 11
14 1 L 6
15 1 U 14
16 0 U 15
17 0 U 16
18 0 L 0
19 0 U 18
20 1 L 3
21 0 U 20
22 0 U 15
23 1 U 22
24 0 U -1
25 0 U 24
26 1 U 10
27 0 U 12
28 1 U 27
29 0 U 16
30 1 U 23
31 0 U 30
32 0 U 31
33 0 L -1
34 0 U 33
35 0 U 34
36 0 L 34
37 1 U 36
38 0 L 19
39 0 U 38
40 1 U 20
41 0 U 40
42 1 U 4
43
0 1 U -1
1 1 U 0
2 1 U 1
3 0 U 2
4 1 U -1
5 0 U 0
6 1 U -1
7 1 U 0
8 0 U 7
9 1 U 8
10 0 U 9
11 0 L 0
12 0 U -1
13 0 U 12
14 0 U 13
15 1 U 14
16 0 U 15
17 0 U 16
18 0 L 0
19 0 U 18
20 1 U 19
21 0 U 20
22 0 U 15
23 1 U 22
24 0 U -1
25 0 U 24
26 1 U 10
27 1 U 26
28 1 L 8
29 0 U 16
30 0 U -1
31 0 U 30
32 0 U 2
33 0 U 32
34 0 U 33
35 0 U 34
36 0 L 34
37 0 U 1
38 1 L 29
39 0 U 38
40 1 U 20
41 0 U 40
42 1 U 4
43
0 1 U -1
1 1 U 0
2 1 U 1
3 0 U 2
4 1 U -1
5 0 U 0
6 1 U -1
7 1 U 0
8 0 U 7
9 1 U 8
10 0 U 9
11 0 L 0
12 0 U -1
13 0 U 12
14 0 U 13
15 1 U 14
16 0 U 15
17 0 U 16
18 0 L 0
19 0 U 18
20 1 U 19
21 0 U 20
22 0 L 1
23 0 U 4
24 0 U -1
25 0 U 24
26 1 U 10
27 1 U 26
28 1 U 27
29 0 U 16
30 0 U 7
31 0 U 30
32 0 U 31
33 0 U 32
34 0 U 33
35 0 U 34
36 0 L 34
37 1 U 36
38 1 L 29
39 0 U 38
40 1 U 20
41 0 U 40
42 1 U 4
43
0 1 U -1
1 1 U 0
2 1 U 1
3 0 U 2
4 1 U -1
5 0 U 0
6 1 U -1
7 1 U 0
8 0 U 7
9 1 U 8
10 0 U 9
11 0 L 0
12 1 U 1
13 0 U 12
14 0 U 13
15 1 U 14
16 0 U 15
17 0 U 16
18 0 L 0
19 0 U 18
20 1 U 19
21 1 L 6
22 0 U 15
23 1 U 22
24 0 U -1
25 0 U 24
26 1 U 10
27 0 L 19
28 1 U 27
29 0 U 16
30 0 U -1
31 0 U 30
32 0 U 31
33 1 U 6
34 0 U 33
35 0 U 34
36 0 L 34
37 1 U 36
38 1 L 29
39 0 L 3
40 0 L 12
41 0 U 40
42 1 U 4
43
0 1 U -1
1 1 U 0
2 1 U 1
3 0 U 2
4 1 U -1
5 0 U 0
6 1 U -1
7 1 U 0
8 0 U 7
9 1 U 8
10 0 L -1
11 0 L 0
12 0 U -1
13 0 U 12
14 0 U 13
15 1 U 14
16 0 U 15
17 0 U 16
18 0 U 12
19 0 U 18
20 1 U 19
21 0 U 20
22 0 U 15
23 1 U 22
24 0 L 2
25 0 U 24
26 1 U 10
27 1 U 26
28 1 U 27
29 0 U 16
30 0 U -1
31 0 U 30
32 0 U 31
33 0 U 32
34 0 U 33
35 1 L 28
36 0 L 34
37 1 U 36
38 1 L 29
39 1 U 9
40 1 U 20
41 0 U 40
42 1 U 4
43
0 1 U -1
1 1 U 0
2 1 U 1
3 0 U 2
4 1 L -1
5 0 U 0
6 1 U -1
7 1 U 0
8 0 U 7
9 1 U 8
10 0 U 9
11 0 L 0
12 0 U -1
13 0 U 12
14 0 U 13
15 1 U 14
16 0 U 15
17 0 U 16
18 0 L 0
19 0 U 18
20 1 U 19
21 0 U 20
22 0 L 3
23 1 U 22
24 0 U -1
25 0 U 24
26 1 U 10
27 1 U 26
28 1 U 27
29 0 U 16
30 0 U -1
31 0 U 30
32 0 U 31
33 0 U 32
34 0 U 33
35 0 U 34
36 0 L 34
37 1 U 36
38 1 L 29
39 0 U 38
40 1 U 20
41 0 U 40
42 1 U 4
43
0 1 U -1
1 1 U 0
2 1 U 1
3 0 U 2
4 1 U -1
5 0 U 0
6 1 U -1
7 1 U 0
8 0 U 7
9 1 U 8
10 1 L -1
11 0 L 0
12 0 U -1
13 0 U 12
14 1 U 1
15 0 L 4
16 0 U 15
17 0 U 16
18 0 L 0
19 0 U 18
20 1 U 19
21 0 U 20
22 0 U 15
23 1 U 22
24 0 U -1
25 0 U 24
26 1 U 10
27 1 U 26
28 1 U 27
29 0 U 16
30 0 U -1
31 0 U 30
32 0 U 31
33 0 U 32
34 0 U 33
35 0 U 30
36 0 L 25
37 1 U 36
38 1 L 29
39 0 U 38
40 1 U 20
41 0 U 40
42 1 U 4
43
0 1 U -1
1 1 U 0
2 1 U 1
3 0 U 2
4 1 U -1
5 1 L 2
6 1 U -1
7 1 U 0
8 0 U 7
9 1 U 8
10 0 U 9
11 0 L 0
12 0 U -1
13 1 L 4
14 0 U 13
15 1 U 14
16 0 U 15
17 0 U 16
18 0 L 0
19 0 U 18
20 1 U 19
21 0 U 20
22 0 U 15
23 1 U 22
24 0 U -1
25 0 U 24
26 1 U 10
27 1 U 26
28 1 U 27
29 0 U 16
30 0 U -1
31 0 U 30
32 0 U 31
33 0 U 32
34 0 U 33
35 0 U 34
36 0 L 34
37 1 U 36
38 1 L 29
39 0 U 38
40 1 U 20
41 0 U 40
42 1 U 4
43
0 0 L -1
1 1 U 0
2 1 U 1
3 0 U 2
4 1 U 1
5 0 U 0
6 1 U -1
7 1 U 0
8 0 U 7
9 1 U 8
10 0 L 9
11 1 L -1
12 0 U -1
13 0 U 12
14 0 U 13
15 1 U 14
16 0 U 15
17 0 U 16
18 0 L 0
19 0 U 18
20 1 U 19
21 0 U 20
22 0 U 15
23 1 U 22
24 0 U -1
25 0 U 24
26 1 U 10
27 1 U 26
28 1 U 27
29 0 U 16
30 0 L 19
31 0 U 30
32 0 U 31
33 0 U 32
34 0 U 33
35 0 U 34
36 0 L 34
37 1 U 36
38 1 L 29
39 0 U 38
40 1 U 20
41 0 U 40
42 1 U 4
43
0 1 U -1
1 1 U -1
2 1 U 1
3 0 U 2
4 1 U -1
5 1 L 2
6 1 U -1
7 1 U 0
8 0 U 7
9 1 U 8
10 0 U 9
11 0 L 0
12 0 U -1
13 0 U 12
14 1 L 8
15 1 U 14
16 0 U 15
17 1 U 0
18 0 L 0
19 0 U 18
20 1 U 19
21 0 U 20
22 0 U 15
23 1 U 22
24 0 U -1
25 0 U 24
26 1 U 10
27 1 U 26
28 1 U 27
29 0 U 16
30 0 U -1
31 0 U 30
32 0 U 31
33 1 U 17
34 0 U 33
35 0 U 34
36 1 L 1
37 1 U 36
38 1 L 29
39 0 U 38
40 1 U 20
41 0 U 40
42 1 U 4
43
0 1 U -1
1 1 U 0
2 1 U 1
3 0 U 2
4 1 U -1
5 0 U 0
6 1 U -1
7 0 L 4
8 0 U 7
9 1 U 8
10 0 U 9
11 0 L 0
12 0 U -1
13 0 U 12
14 0 U 13
15 1 U 14
16 0 U 15
17 0 U 16
18 0 L 0
19 0 U 18
20 1 U 19
21 0 U 20
22 0 U 15
23 1 U 22
24 0 U -1
25 0 U 24
26 1 U 10
27 1 U 26
28 1 U 27
29 0 U 16
30 0 L 16
31 0 U 30
32 0 U 31
33 0 U 32
34 0 U 33
35 0 U 34
36 0 L 34
37 1 U 36
38 1 L 29
39 0 U 38
40 1 U 20
41 0 U 40
42 1 U 4
43
0 1 U -1
1 0 U -1
2 1 U 1
3 0 U 2
4 1 U -1
5 0 U 0
6 1 U -1
7 1 U 0
8 0 U 7
9 1 U 8
10 0 U 9
11 0 L 0
12 0 U -1
13 0 U 12
14 0 U 13
15 1 U 14
16 0 U 15
17 0 U 16
18 1 L 16
19 0 U 18
20 0 U 8
21 0 U 20
22 0 U 15
23 0 L -1
24 0 U -1
25 0 U 24
26 1 U 10
27 1 U 26
28 1 U 27
29 0 U 16
30 0 U -1
31 0 U 30
32 0 U 31
33 0 U 32
34 0 U 33
35 0 U 34
36 1 L 5
37 1 U 36
38 1 L 29
39 0 U 38
40 1 U 20
41 0 U 40
42 1 U 4
43
0 1 U -1
1 1 U 0
2 1 U 1
3 0 U 2
4 1 U -1
5 0 U 0
6 1 U -1
7 1 U 0
8 0 U 7
9 1 U 8
10 0 U 9
11 0 L 0
12 0 U -1
13 0 U 12
14 0 U 13
15 1 U 14
16 0 U 15
17 0 U 16
18 0 L 0
19 0 U 18
20 1 L 5
21 0 U 20
22 0 U 15
23 1 U 22
24 0 U -1
25 0 U 24
26 1 U 10
27 1 U 26
28 1 U 27
29 0 U 16
30 0 U -1
31 0 U 30
32 0 U 30
33 0 U 32
34 0 U 33
35 0 U 34
36 0 L 34
37 1 U 36
38 1 L 29
39 0 U 38
40 1 U 20
41 0 U 40
42 1 U 4
43
0 1 U -1
1 1 U 0
2 1 U 1
3 0 U 2
4 1 L 1
5 0 L -1
6 1 U -1
7 1 U 0
8 0 U 7
9 0 L 7
10 0 U 9
11 0 L 0
12 0 U -1
13 0 U 12
14 0 U 4
15 1 U 3
16 0 U 15
17 0 U 16
18 0 L 0
19 0 U 18
20 1 U 19
21 0 L 4
22 0 U 15
23 1 U 22
24 0 U -1
25 0 U 24
26 1 U 10
27 1 U 26
28 1 U 27
29 0 U 16
30 0 U -1
31 0 U 30
32 0 U 31
33 0 U 32
34 0 U 33
35 0 U 34
36 0 L 34
37 1 U 36
38 1 L 29
39 0 U 38
40 1 U 20
41 0 U 40
42 1 U 4
43
0 1 U -1
1 1 U 0
2 1 U 1
3 0 U 2
4 1 U -1
5 0 U 0
6 1 U -1
7 1 U 0
8 0 U 7
9 0 L 5
10 1 L -1
11 0 L 0
12 1 L 5
13 0 U 12
14 0 U 13
15 1 U 14
16 0 U 11
17 0 U 16
18 0 L 0
19 0 U 18
20 0 U 8
21 0 U 20
22 0 U 15
23 1 U 22
24 0 U -1
25 0 U 24
26 1 U 10
27 1 U 26
28 1 U 27
29 0 U 16
30 0 U -1
31 0 U 30
32 0 U 31
33 0 U 32
34 0 U 33
35 0 U 9
36 0 L 34
37 1 U 36
38 1 L 29
39 0 U 38
40 1 U 20
41 0 U 40
42 1 U 4
43
0 1 U -1
1 1 U 0
2 1 U 1
3 0 U 2
4 1 U -1
5 0 U 0
6 0 U 1
7 1 U 0
8 0 U 5
9 1 U 8
10 0 U 9
11 0 L 0
12 0 U -1
13 0 U 12
14 0 U 13
15 1 U 14
16 0 U 15
17 0 U 1
18 1 L 11
19 0 U 18
20 1 U 19
21 0 U 20
22 0 U 15
23 1 U 22
24 0 U -1
25 0 U 24
26 1 U 10
27 1 U 26
28 1 U 27
29 0 U 16
30 0 U -1
31 0 U 30
32 0 U 31
33 0 U 32
34 0 U 33
35 1 L 18
36 0 L 34
37 1 U 36
38 1 L 29
39 0 U 38
40 1 U 20
41 0 L 13
42 1 L 20
43
0 1 U -1
1 1 U 0
2 1 U 1
3 0 U 2
4 1 U -1
5 0 U 0
6 1 U -1
7 1 L -1
8 1 L -1
9 1 U 8
10 0 U 9
11 0 L 0
12 0 U -1
13 0 U 12
14 0 U 13
15 1 U 14
16 0 U 15
17 0 U 16
18 0 L 0
19 0 U 18
20 1 U 19
21 1 L 15
22 0 U 15
23 1 U 22
24 0 U -1
25 0 U 24
26 1 U 10
27 1 U 26
28 1 U 27
29 0 U 16
30 0 U 24
31 0 U 30
32 0 U 31
33 0 U 32
34 0 U 33
35 0 U 34
36 1 L 1
37 1 U 36
38 1 U 6
39 0 U 1
40 1 U 20
41 0 U 27
42 1 U 4
43
0 1 U -1
1 1 U 0
2 0 U -1
3 0 U 2
4 1 U -1
5 0 U 0
6 1 U -1
7 1 U 0
8 0 U 7
9 1 U 8
10 0 U 9
11 0 L 0
12 0 U -1
13 0 U 12
14 0 U 13
15 1 U 14
16 0 U 15
17 0 U 16
18 0 U 9
19 0 U 18
20 1 U 19
21 0 U 20
22 0 U 15
23 1 U 22
24 0 U -1
25 0 U 24
26 1 U 10
27 1 U 26
28 1 U 27
29 0 U 16
30 0 U -1
31 0 U 30
32 0 U 31
33 1 U 21
34 0 U 33
35 0 U 34
36 0 L 0
37 1 U 36
38 1 L 29
39 0 U 38
40 1 U 20
41 0 U 40
42 1 U 4
43
0 0 L -1
1 1 U 0
2 1 U 1
3 0 U 2
4 1 U -1
5 0 U 0
6 1 U -1
7 1 U 0
8 0 U 7
9 0 U 8
10 0 U 9
11 0 L 0
12 0 U -1
13 1 U 9
14 0 U 13
15 1 U 14
16 0 U 15
17 0 U 16
18 0 L 0
19 0 U 18
20 1 U 19
21 0 U 20
22 0 L 7
23 1 U 22
24 0 U -1
25 0 U 24
26 1 U 10
27 1 U 26
28 1 U 8
29 0 U 16
30 0 U -1
31 1 U 20
32 0 U 31
33 0 U 32
34 0 U 33
35 0 U 34
36 0 L 34
37 1 U 36
38 1 L 29
39 0 U 38
40 1 U 20
41 0 U 40
42 1 U 4
43
0 0 U -1
1 1 L 0
2 1 U 1
3 0 U 2
4 1 U -1
5 0 U 0
6 1 U -1
7 1 U 0
8 1 L 4
9 0 L 2
10 0 U 9
11 0 L 0
12 0 U -1
13 0 U 12
14 0 L 5
15 1 U 14
16 0 U 15
17 0 U 16
18 0 L 0
19 1 L 6
20 1 U 19
21 0 U 20
22 0 U 15
23 1 U 22
24 0 U -1
25 0 L 14
26 1 U 10
27 1 U 16
28 1 U 27
29 0 U 16
30 0 U -1
31 0 U 30
32 0 U 31
33 1 L 29
34 0 U 26
35 0 U 34
36 0 U 1
37 1 U 36
38 1 L 29
39 0 U 38
40 1 U 20
41 0 U 40
42 1 U 4
43
0 1 U -1
1 1 U 0
2 1 U 1
3 0 U 2
4 1 U -1
5 0 U 0
6 1 U -1
7 1 U 0
8 0 U 7
9 1 U 8
10 0 U 9
11 0 L 0
12 0 U -1
13 0 U 12
14 0 U 13
15 1 U 14
16 0 U 15
17 0 U 16
18 0 L 0
19 0 U 18
20 1 U 19
21 0 U 20
22 0 U 15
23 1 U 22
24 0 U -1
25 0 U 24
26 1 U 10
27 1 U 26
28 1 U 27
29 0 U 16
30 0 U -1
31 0 U 30
32 0 U 31
33 0 U 32
34 0 U 33
35 0 U 34
36 0 L 34
37 1 U 36
38 1 L 29
39 0 U 38
40 1 U 20
41 0 U 40
42 1 U 4
43
0 1 U -1
1 1 U 0
2 1 U 1
3 0 U 2
4 1 U -1
5 0 U 0
6 1 U -1
7 1 U 0
8 0 U 7
9 1 U 8
10 0 U 9
11 0 L 0
12 0 L 0
13 0 U 12
14 0 U 13
15 1 U 14
16 0 U 15
17 0 U 16
18 0 L 0
19 0 U 18
20 1 U 19
21 0 U 20
22 0 U 15
23 1 U 22
24 1 L 6
25 0 U 24
26 1 U 10
27 1 U 26
28 1 U 27
29 0 U 16
30 0 U -1
31 0 U 30
32 0 U 31
33 0 U 32
34 1 L 4
35 0 U 34
36 0 L 34
37 1 L 13
38 1 L 29
39 0 U 38
40 1 U 20
41 0 U 40
42 1 U 4
43
0 1 U -1
1 1 U -1
2 1 U -1
3 0 U 2
4 1 U -1
5 0 U 0
6 1 U -1
7 1 U 0
8 1 L 0
9 1 U 8
10 0 U 9
11 0 L 0
12 0 U -1
13 0 U 12
14 0 U 13
15 1 U 14
16 0 U 15
17 0 U 16
18 0 L 0
19 0 U 18
20 1 U 19
21 0 U 20
22 0 U 15
23 1 U 22
24 0 U -1
25 0 U 24
26 1 U 10
27 1 U 26
28 1 U 27
29 0 U 16
30 0 U -1
31 0 U 30
32 0 U 31
33 0 U 32
34 0 U 33
35 0 U 34
36 0 L 34
37 1 U 36
38 1 L 29
39 0 U 38
40 1 U 20
41 0 U 40
42 1 U 4
43
0 1 U -1
1 1 U 0
2 1 U 1
3 0 U 2
4 1 U -1
5 0 U 0
6 1 U -1
7 1 U 0
8 0 U 7
9 1 U 8
10 0 U 9
11 0 L 0
12 0 U -1
13 0 U 12
14 1 L 4
15 1 U 14
16 0 U 15
17 0 U 16
18 0 L 0
19 0 U 18
20 1 U 19
21 0 U 20
22 1 L 14
23 1 U 22
24 0 U -1
25 0 U 24
26 0 U 12
27 1 U 26
28 1 U 27
29 0 U 16
30 0 U -1
31 1 L 21
32 0 U 31
33 1 U 21
34 0 U 33
35 0 U 1
36 0 L 34
37 1 U 36
38 1 L 29
39 0 U 38
40 1 U 20
41 0 U 40
42 1 U 4
43
0 1 U -1
1 1 U 0
2 1 U 1
3 0 U 2
4 1 U -1
5 0 U 0
6 1 U -1
7 1 U 0
8 0 U 7
9 1 U 8
10 0 U 9
11 0 L 0
12 0 U -1
13 0 U 6
14 0 U 3
15 1 U 14
16 0 U 15
17 0 U 16
18 0 L 0
19 0 U 18
20 1 U 19
21 0 U 20
22 0 U 15
23 1 U 22
24 0 U -1
25 0 U 24
26 1 U 10
27 1 U 26
28 1 U 27
29 0 U 16
30 0 U -1
31 0 U 30
32 0 U 31
33 0 U 32
34 0 U 33
35 0 U 34
36 0 L 34
37 1 L 34
38 1 L 29
39 0 L 17
40 1 U 20
41 0 U 40
42 1 U 4
43
0 1 U -1
1 1 U 0
2 1 U 1
3 0 U 2
4 1 U -1
5 0 U 0
6 1 U -1
7 1 U 0
8 0 U 7
9 1 U 8
10 1 L 6
11 0 L 0
12 0 U -1
13 0 U 12
14 0 U 13
15 1 U 14
16 0 U 15
17 0 U 16
18 0 L 0
19 0 U 18
20 0 U 0
21 0 U 20
22 0 U 15
23 1 U 22
24 0 U -1
25 1 U 0
26 1 U 10
27 1 U 26
28 0 U 11
29 0 U 16
30 0 U -1
31 0 U 30
32 0 U 31
33 0 U 32
34 0 U 33
35 0 U 34
36 0 L 34
37 1 U 36
38 1 L 29
39 0 U 38
40 1 U 20
41 0 U 40
42 1 L 28
43
0 1 U -1
1 1 U 0
2 1 U 1
3 0 U 2
4 1 U -1
5 0 U 0
6 1 U -1
7 1 U 0
8 0 U 7
9 1 U 8
10 0 U 9
11 0 L 0
12 0 U -1
13 0 U 12
14 0 U 13
15 1 U 14
16 0 U 15
17 0 U 6
18 0 L 0
19 0 U 18
20 1 U 19
21 0 U 20
22 0 U 15
23 1 U 22
24 0 U -1
25 0 U 24
26 1 U 10
27 1 U 26
28 1 U 27
29 0 U 16
30 0 L 6
31 0 U 30
32 0 U 31
33 0 U 32
34 0 U 33
35 0 U 34
36 0 L 34
37 1 U 36
38 1 L 29
39 0 U 38
40 1 U 20
41 0 U 40
42 1 U 4
43
0 1 U -1
1 1 U 0
2 1 U 1
3 0 U 2
4 1 U -1
5 0 U 0
6 1 U -1
7 0 U -1
8 0 U 7
9 1 U 8
10 0 U 0
11 0 L 0
12 0 U -1
13 0 U 12
14 0 U 13
15 1 U 14
16 0 U 15
17 0 U 16
18 0 L 0
19 0 U 18
20 1 U 19
21 0 U 20
22 0 U 15
23 1 U 22
24 0 U -1
25 0 U 24
26 1 U 10
27 1 U 26
28 1 U 27
29 0 U 16
30 0 U -1
31 0 U 30
32 0 U -1
33 0 U 32
34 0 U 33
35 1 L 5
36 0 L 34
37 1 U 36
38 1 L 29
39 0 U 38
40 1 U 20
41 0 U 40
42 1 U 4
43
0 1 U -1
1 1 U 0
2 1 U 1
3 0 U 2
4 1 U -1
5 0 U 0
6 0 L 4
7 1 U 0
8 0 U 7
9 1 U 8
10 0 U 9
11 0 L 0
12 0 U -1
13 0 U 12
14 0 U 13
15 1 U 14
16 0 U 15
17 0 U 16
18 0 L 0
19 0 U 18
20 1 U 19
21 0 U 20
22 0 L -1
23 1 U 22
24 0 U -1
25 0 U 24
26 1 U 10
27 1 U 26
28 0 L 19
29 0 U 16
30 0 U -1
31 0 U 30
32 0 U 31
33 0 U 32
34 0 U 33
35 0 U 34
36 0 L 34
37 1 U 36
38 1 L 29
39 0 U 38
40 1 U 20
41 0 U 40
42 1 U 4
43
0 1 U -1
1 1 U 0
2 1 U 1
3 0 U 2
4 1 U -1
5 0 U 0
6 1 U -1
7 1 U 0
8 0 U 7
9 1 U 8
10 0 U 9
11 0 L 0
12 0 L 10
13 0 U 12
14 0 U 13
15 1 U 14
16 0 U 15
17 0 U 16
18 0 L 0
19 0 U 18
20 1 U 19
21 0 U 20
22 0 U 15
23 1 U 22
24 0 U -1
25 0 U 24
26 1 U 10
27 1 U 26
28 0 U 16
29 0 U 16
30 0 U -1
31 0 U 30
32 0 U 31
33 0 U 32
34 0 U 33
35 0 U 34
36 0 L 34
37 1 U 36
38 1 L 29
39 0 U 38
40 1 U 20
41 0 U 40
42 1 U 4
43
0 1 U -1
1 1 U 0
2 1 U 1
3 0 U 2
4 1 U -1
5 0 U 0
6 1 U -1
7 1 U 0
8 0 U 7
9 1 U 8
10 0 U 9
11 0 L 0
12 0 U -1
13 0 U 12
14 0 U 13
15 1 U 14
16 0 U 15
17 1 L 5
18 0 L 0
19 0 U 10
20 1 U 19
21 0 U 20
22 0 U 15
23 1 U 22
24 0 U -1
25 0 U 24
26 1 U 10
27 1 U 26
28 1 U 27
29 0 U 16
30 0 U -1
31 0 U 30
32 1 L 7
33 0 U 32
34 1 U 18
35 0 U 34
36 0 L 17
37 1 U 36
38 1 L 29
39 0 L 13
40 1 U 20
41 0 U 40
42 1 U 4
43
0 1 U -1
1 0 L 0
2 1 U 1
3 0 U 2
4 1 U -1
5 0 U 0
6 1 U -1
7 1 U 0
8 0 U 7
9 1 U 8
10 0 U 9
11 0 L 0
12 0 U -1
13 0 U 12
14 0 U 13
15 1 U 14
16 1 L 13
17 0 U 16
18 0 L 0
19 0 U 18
20 1 U 6
21 0 U 20
22 0 U 15
23 1 U 9
24 0 U -1
25 0 U 24
26 1 U 10
27 1 U 26
28 1 U 27
29 0 U 16
30 0 U -1
31 0 U 30
32 0 U 31
33 1 L 32
34 0 U 33
35 0 U 34
36 0 L 34
37 1 U 36
38 1 L 29
39 0 U 38
40 1 L 7
41 0 U 40
42 0 L 24
43
0 1 U -1
1 1 U 0
2 1 L 1
3 0 U 2
4 1 U -1
5 0 U 0
6 1 U -1
7 1 U 0
8 0 U 7
9 1 U 8
10 0 U 9
11 0 L 0
12 0 U -1
13 0 U 12
14 0 U 3
15 1 U 14
16 0 U 15
17 0 U 16
18 0 L 0
19 0 U 18
20 1 L 15
21 0 U 20
22 0 L 2
23 1 U 22
24 0 U -1
25 0 U 24
26 0 L 21
27 1 U 26
28 1 U 27
29 0 U 16
30 0 U -1
31 0 U 30
32 0 U 31
33 1 L 4
34 0 U 33
35 0 U 34
36 0 L 34
37 1 U 36
38 0 L 0
39 1 U 32
40 1 U 20
41 0 U 40
42 1 U 4
43
0 1 U -1
1 1 U 0
2 1 U 1
3 0 U 2
4 1 U -1
5 0 U 0
6 1 U -1
7 1 U 0
8 0 U 7
9 1 U 8
10 0 U 9
11 0 U 10
12 0 U -1
13 0 U 12
14 0 U 13
15 0 U 2
16 0 U 15
17 0 U 16
18 0 L 0
19 0 U 18
20 1 U 19
21 0 U 20
22 0 U 15
23 1 U 22
24 0 U -1
25 0 U 24
26 1 U 10
27 1 U 26
28 1 U 27
29 1 L 19
30 0 U -1
31 0 U 30
32 0 U 31
33 0 U 32
34 0 U 33
35 0 U 34
36 0 L 34
37 1 U 36
38 1 L 29
39 0 U 38
40 1 U 20
41 0 U 40
42 1 U 4
43
0 1 U -1
1 1 U 0
2 1 U 1
3 0 U 2
4 1 U -1
5 0 U 0
6 1 U -1
7 1 U 0
8 0 U 7
9 1 U 8
10 0 U 9
11 0 L 0
12 0 U -1
13 0 L 5
14 0 U 13
15 1 U 14
16 0 U 15
17 0 U 16
18 0 L 0
19 0 U 18
20 1 U 19
21 0 U 20
22 0 U 15
23 1 U 2
24 0 U -1
25 0 U 24
26 1 U 10
27 1 U 26
28 1 U 27
29 0 U 16
30 0 U -1
31 0 U 30
32 0 U 31
33 0 U 32
34 0 U 33
35 0 U 34
36 0 L 34
37 1 U 36
38 1 L 29
39 0 U 38
40 1 U 20
41 1 U 31
42 1 L 12
43
0 1 U -1
1 1 U 0
2 1 U 1
3 0 U 2
4 1 U -1
5 0 U 0
6 0 L 2
7 1 L 2
8 0 U 7
9 1 U 8
10 0 U 9
11 0 L 0
12 0 U -1
13 0 U 12
14 0 U 13
15 1 U 14
16 1 U 0
17 0 U 16
18 0 L 0
19 0 U 18
20 1 U 19
21 0 U 20
22 0 U 15
23 0 L 4
24 0 U -1
25 1 L 15
26 1 U 10
27 1 U 26
28 1 U 27
29 0 U 16
30 0 U -1
31 0 U 30
32 0 U 31
33 0 U 32
34 0 U 33
35 0 U 34
36 0 U 13
37 1 U 36
38 1 L 29
39 0 U 38
40 1 U 20
41 0 U 40
42 1 U 4
43
0 1 U -1
1 1 U 0
2 1 U 1
3 0 U 2
4 1 U -1
5 0 U 0
6 1 U -1
7 1 U 0
8 0 U 7
9 1 U 8
10 0 U 9
11 0 L 0
12 0 U -1
13 0 U 12
14 0 U 13
15 1 U 14
16 0 U 15
17 0 U 16
18 1 L 1
19 0 U 18
20 1 U 19
21 0 U 20
22 0 L 3
23 1 U 22
24 0 U -1
25 0 U 24
26 1 U 10
27 1 U 26
28 1 U 27
29 0 U 16
30 0 U -1
31 0 U 30
32 0 U 31
33 0 U 32
34 0 U 33
35 0 U 34
36 0 L 34
37 1 U 36
38 0 L 18
39 0 U 38
40 1 U 20
41 0 U 40
42 1 U 4
43
0 1 U -1
1 1 U 0
2 0 U 1
3 0 U 2
4 1 U -1
5 0 U 0
6 1 U -1
7 1 U 0
8 0 U 7
9 1 U 8
10 0 U 9
11 0 L 0
12 0 U 9
13 0 U 12
14 0 U 13
15 1 U 2
16 1 L 1
17 0 U 16
18 0 L 0
19 1 U 10
20 0 U 15
21 0 U 20
22 0 U 15
23 1 U 22
24 0 U -1
25 0 U 24
26 1 U 10
27 1 U 26
28 1 U 27
29 0 U 16
30 0 U -1
31 0 U 30
32 0 U 31
33 1 U 21
34 0 U 33
35 0 U 34
36 0 L 34
37 1 U 36
38 1 L 29
39 1 L 33
40 1 U 20
41 0 U 40
42 1 U 4
43
0 1 U -1
1 1 U 0
2 1 U 1
3 0 U 2
4 1 U -1
5 0 U 0
6 1 U -1
7 1 U 0
8 0 U 7
9 1 U 8
10 0 U 9
11 0 L 0
12 0 U -1
13 0 U 12
14 0 U 13
15 1 U 14
16 0 U 15
17 0 U 16
18 0 L 0
19 0 U 18
20 1 U 19
21 0 U 20
22 0 U 15
23 1 U 22
24 0 L 4
25 0 U 24
26 0 U 2
27 1 U 26
28 1 U 27
29 1 L 13
30 0 U -1
31 0 U 30
32 0 U 31
33 0 U 32
34 0 U 33
35 0 U 34
36 0 L 34
37 1 U 36
38 1 L 29
39 1 L 17
40 1 U 20
41 0 U 40
42 1 U 4
43
0 1 U -1
1 1 U 0
2 1 U 1
3 0 U 2
4 1 U -1
5 0 U 0
6 1 U -1
7 1 U 0
8 0 U 7
9 1 U 8
10 0 U 9
11 0 L 0
12 0 U -1
13 0 U 12
14 0 U 13
15 1 U 14
16 0 U 15
17 0 U 16
18 0 L 17
19 0 U 18
20 1 U 19
21 0 U 20
22 0 U 15
23 1 U 22
24 0 U -1
25 0 U 24
26 1 U 10
27 1 U 26
28 0 U 18
29 0 U 16
30 0 U -1
31 0 U 30
32 0 U 31
33 0 U 32
34 0 U 33
35 0 U 34
36 1 U 19
37 1 U 7
38 1 L 29
39 0 U 38
40 1 U 20
41 0 U 40
42 1 U 4
43
0 1 U -1
1 1 U 0
2 0 L 0
3 0 U 2
4 1 U -1
5 0 U 0
6 1 U -1
7 1 U 0
8 0 U 7
9 1 U 8
10 0 U 9
11 0 L 0
12 0 U -1
13 0 U 12
14 0 U 13
15 1 U 14
16 0 U 15
17 0 U 16
18 0 L 14
19 0 U 18
20 1 U 19
21 0 U 20
22 0 U 15
23 1 U 1
24 0 U -1
25 0 U 24
26 1 U 10
27 1 U 26
28 1 U 27
29 0 U 16
30 0 U -1
31 0 U 30
32 0 U 31
33 0 U 32
34 0 U 33
35 0 U 34
36 0 L 34
37 1 U 36
38 1 L 29
39 0 U 38
40 1 U 20
41 0 U 40
42 1 U 4
43
0 1 U -1
1 1 U 0
2 1 U 1
3 0 U 2
4 1 U -1
5 0 U 0
6 1 U -1
7 1 U 0
8 0 U 7
9 1 U 8
10 0 U 9
11 0 L 0
12 1 L -1
13 0 U 12
14 0 U 13
15 1 U 14
16 0 U 15
17 0 U 16
18 0 L 0
19 0 U 18
20 1 U 19
21 0 U 20
22 0 U 15
23 1 U 22
24 0 U -1
25 0 U 24
26 1 U 10
27 1 U 26
28 1 U 27
29 0 U 16
30 0 U -1
31 0 U 30
32 0 U 31
33 0 U 32
34 0 U 33
35 0 U 34
36 0 L 34
37 1 U 36
38 1 L 29
39 0 U 38
40 1 U 20
41 1 L 26
42 1 U 26
43
0 1 U -1
1 1 U 0
2 0 L 1
3 0 U 2
4 1 U -1
5 0 U 0
6 1 U 0
7 1 U 0
8 0 U 7
9 1 U 8
10 0 U 4
11 0 L 0
12 0 U -1
13 0 U 12
14 0 U 13
15 1 U 14
16 0 U 15
17 0 U 16
18 0 L 0
19 0 U 18
20 1 U 19
21 1 L 9
22 0 U 15
23 1 U 22
24 0 U -1
25 0 U 24
26 1 U 10
27 1 U 26
28 1 U 27
29 0 U 16
30 0 U -1
31 0 U 30
32 0 U 31
33 0 U 32
34 0 U 33
35 0 U 34
36 0 L 34
37 1 U 36
38 1 U 9
39 0 U 38
40 1 U 20
41 0 U 40
42 1 U 4
43
0 1 U -1
1 1 U 0
2 1 U 1
3 0 U 2
4 1 U -1
5 0 U 0
6 1 U -1
7 1 U 0
8 0 U 7
9 1 U 8
10 0 U 9
11 0 L 0
12 0 U -1
13 0 U 12
14 0 L 1
15 0 L 4
16 0 U 15
17 0 U 16
18 0 L 0
19 0 U 18
20 1 U 19
21 0 U 20
22 0 U 15
23 1 U 22
24 0 U -1
25 0 U 24
26 1 U 10
27 1 U 26
28 1 U 27
29 0 U 16
30 0 U -1
31 0 U 30
32 0 U 31
33 0 U 32
34 0 U 33
35 0 U 34
36 0 L 34
37 1 U 36
38 1 L 29
39 1 U 37
40 1 U 20
41 0 U 40
42 1 U 4
43
0 1 U -1
1 1 U 0
2 1 U 1
3 0 U 2
4 1 U -1
5 0 U 0
6 1 U -1
7 1 U 0
8 0 U 7
9 1 U 8
10 0 U 9
11 0 L 0
12 0 U -1
13 1 L 4
14 0 U 13
15 1 U 14
16 0 U 3
17 0 L 6
18 0 L 0
19 0 U 18
20 1 U 19
21 0 U 20
22 0 U 15
23 1 U 22
24 0 U -1
25 0 U 24
26 1 U 10
27 1 U 26
28 1 U 27
29 0 U 16
30 0 U -1
31 0 U 30
32 0 U 31
33 0 U 32
34 0 U 33
35 1 U 32
36 0 L 34
37 1 U 36
38 1 L 29
39 0 U 38
40 1 U 20
41 0 U 40
42 1 U 4
43
0 1 U -1
1 1 U 0
2 1 U 1
3 0 U 2
4 1 U -1
5 0 U 0
6 1 U -1
7 1 L -1
8 0 U 7
9 1 U 8
10 0 U 9
11 0 L 0
12 0 U -1
13 0 U 12
14 0 U 13
15 1 U 14
16 0 U 15
17 0 U 16
18 0 L 0
19 0 U 18
20 1 U 19
21 0 U 20
22 0 U 15
23 1 U 22
24 0 U -1
25 0 U 24
26 1 U 10
27 1 U 26
28 1 U 27
29 0 U 16
30 0 U -1
31 0 U 30
32 0 U 31
33 0 U 32
34 0 U 33
35 0 U 34
36 0 U 23
37 1 U 36
38 1 L 29
39 0 U 38
40 1 U 20
41 0 U 40
42 1 U 4
