31
0 0 U -1
1 1 U 0
2 1 U 1
3 1 U 2
4 1 U 3
5 0 U -1
6 1 U 5
7 1 U 6
8 1 U 7
9 1 U 8
10 0 U -1
11 1 U 10
12 0 U 11
13 0 U 12
14 0 U 13
15 1 U -1
16 1 U 15
17 0 U 16
18 1 U 17
19 0 U 18
20 0 U -1
21 1 U 20
22 0 U 21
23 0 U 22
24 0 U 23
25 1 U -1
26 1 U 25
27 1 U 26
28 1 U 27
29 1 U 28
30 1 U -1
31
0 0 U -1
1 1 U 0
2 1 U 1
3 1 U 2
4 1 U 3
5 0 U -1
6 1 U 5
7 1 U 6
8 1 U 7
9 1 U 8
10 0 U -1
11 1 U 10
12 0 U 11
13 0 U 12
14 0 U 13
15 1 U -1
16 1 U 15
17 0 U 16
18 0 U 10
19 0 U 18
20 0 U -1
21 1 U 20
22 0 U 21
23 0 U 22
24 0 U 23
25 1 U -1
26 1 U 25
27 1 U 26
28 1 U 27
29 1 U 28
30 1 U -1
31
0 0 U -1
1 1 U 0
2 1 U 1
3 1 U 2
4 1 U 3
5 0 U -1
6 1 U 5
7 1 U 6
8 1 U 7
9 1 U 8
10 0 U -1
11 0 U 3
12 0 U 11
13 0 U 12
14 0 U 13
15 1 U -1
16 1 U 15
17 0 U 16
18 0 U 10
19 0 U 18
20 0 U -1
21 1 U 20
22 0 U 21
23 0 U 22
24 0 U 23
25 1 U -1
26 1 U 25
27 1 U 26
28 1 U 27
29 1 U 28
30 1 U -1
31
0 0 U -1
1 1 U 0
2 1 U 1
3 1 U 2
4 1 U 3
5 0 U -1
6 1 U 5
7 1 U 6
8 1 U 7
9 1 U 8
10 0 U -1
11 1 U 10
12 0 U 11
13 0 U 12
14 0 U 13
15 1 U -1
16 1 U 15
17 0 U 16
18 0 U 10
19 0 U 18
20 0 U -1
21 1 U 20
22 0 U 21
23 0 U 9
24 0 U 23
25 1 U -1
26 1 U 25
27 1 U 12
28 1 U 8
29 1 U 28
30 1 U -1
31
0 0 U -1
1 1 U 0
2 1 U 1
3 1 U 2
4 1 U 3
5 0 U -1
6 1 U 5
7 1 U 6
8 1 U 7
9 1 U 8
10 0 U -1
11 1 U 10
12 0 U 5
13 0 U 12
14 1 U 1
15 1 U -1
16 1 U 15
17 0 U 16
18 0 U 10
19 1 L 17
20 0 U -1
21 1 U 20
22 0 U 21
23 0 U 9
24 0 U 23
25 1 U -1
26 1 U 25
27 1 U 12
28 1 U 8
29 1 U 28
30 1 U -1
31
0 0 U -1
1 1 U 0
2 0 L 0
3 1 U 2
4 1 U 3
5 0 U -1
6 1 U 5
7 1 U 6
8 0 L 5
9 1 U 8
10 0 U -1
11 1 U 10
12 0 U 2
13 0 U 12
14 0 U 13
15 1 U -1
16 1 U 15
17 0 U 16
18 0 U 10
19 0 U 18
20 0 U -1
21 1 U 20
22 0 U 21
23 0 U 9
24 0 U 23
25 0 U 18
26 1 U 25
27 1 U 12
28 1 U 8
29 1 U 28
30 1 U -1
31
0 0 U -1
1 1 U 0
2 1 U 1
3 1 U 2
4 1 U 3
5 0 U -1
6 1 U 5
7 1 U 6
8 1 U 7
9 1 U 8
10 0 U -1
11 1 U 10
12 0 U 11
13 0 U 12
14 0 U 13
15 1 U -1
16 1 U 13
17 0 U 16
18 0 U 10
19 0 U 18
20 0 U -1
21 1 U 20
22 0 U 21
23 0 U 9
24 0 U 13
25 1 U -1
26 1 U 25
27 1 U 10
28 1 U 8
29 1 U 28
30 1 U -1
31
0 0 U -1
1 1 U 0
2 1 U 1
3 1 U 2
4 1 U 3
5 0 U -1
6 1 U 5
7 1 U 6
8 1 L 6
9 1 U 8
10 1 U -1
11 1 U 10
12 0 U 11
13 0 U 12
14 0 U 13
15 1 U -1
16 0 U 9
17 0 U 16
18 0 U 10
19 0 U 18
20 0 U -1
21 1 U 20
22 0 U 21
23 0 U 9
24 0 U 23
25 1 U -1
26 1 U 25
27 1 U 12
28 1 U 8
29 0 L 1
30 1 U -1
31
0 0 U -1
1 1 L -1
2 1 U 1
3 1 U 2
4 1 U 3
5 0 U -1
6 1 U 5
7 1 U 6
8 1 L 6
9 1 U 8
10 1 U -1
11 1 U 10
12 0 U 11
13 0 U 12
14 0 U 13
15 1 U -1
16 0 U 9
17 0 U 16
18 0 U 10
19 0 U 18
20 0 U -1
21 1 U 20
22 0 U 21
23 0 U 9
24 0 U 23
25 1 U -1
26 1 U 25
27 1 U 12
28 1 U 8
29 0 L 3
30 1 U -1
31
0 0 U -1
1 1 U 0
2 1 U 1
3 1 U 2
4 1 U 0
5 0 U -1
6 1 U 5
7 1 U 6
8 1 L 5
9 1 U 8
10 1 U -1
11 1 U 10
12 0 U 11
13 0 U 12
14 0 U 13
15 1 U -1
16 0 U 9
17 0 U 16
18 0 U 10
19 0 U 18
20 0 U -1
21 1 U 20
22 0 U 21
23 0 U 9
24 0 U 23
25 1 U -1
26 1 U 25
27 0 L 11
28 1 U 8
29 0 L 1
30 1 U -1
31
0 0 U -1
1 1 U 0
2 1 L 0
3 1 U 2
4 1 U 3
5 0 U -1
6 0 U 4
7 1 U 6
8 1 L 6
9 1 U 8
10 1 U -1
11 1 L 3
12 0 U 11
13 0 U 12
14 0 U 13
15 1 U -1
16 0 U 9
17 0 L 2
18 0 U 10
19 0 U 18
20 1 U 10
21 1 U 20
22 0 U 21
23 0 U 9
24 0 U 23
25 1 U -1
26 1 U 25
27 1 U 12
28 1 U 8
29 0 L 1
30 1 U -1
31
0 0 U -1
1 1 U 0
2 1 U 1
3 1 U 2
4 1 U 3
5 0 U -1
6 1 U 5
7 1 U 6
8 1 L 6
9 1 U 8
10 1 U -1
11 1 U 10
12 0 U 11
13 0 U 12
14 0 U 13
15 1 U -1
16 0 U 9
17 1 U 6
18 1 L 8
19 0 U 18
20 0 U -1
21 1 U 20
22 0 U 21
23 0 U 9
24 0 U 23
25 1 U -1
26 1 U 25
27 1 U 12
28 1 U 8
29 0 L 15
30 1 U -1
31
0 0 U -1
1 0 L -1
2 1 U 1
3 0 L -1
4 1 U 3
5 0 U -1
6 1 U 5
7 1 U 6
8 1 L 6
9 1 U 8
10 1 U -1
11 1 U 10
12 0 U 11
13 0 U 12
14 0 U 13
15 1 U -1
16 0 U 9
17 0 U 16
18 0 U 10
19 0 U 18
20 0 U -1
21 1 U 20
22 0 L 14
23 0 U 9
24 0 U 23
25 1 U -1
26 1 U 20
27 0 U 24
28 1 U 8
29 0 L 1
30 1 U -1
31
0 0 U -1
1 1 U -1
2 1 U 1
3 0 L 2
4 1 U 3
5 0 U -1
6 1 U 5
7 1 U 6
8 1 L 6
9 1 U 8
10 1 U -1
11 1 U 10
12 0 U 11
13 0 U 12
14 0 U 13
15 1 U -1
16 0 U 9
17 0 U 16
18 0 U 10
19 0 U 18
20 0 U -1
21 1 U 20
22 0 U 21
23 0 U 9
24 0 U 23
25 1 U -1
26 1 U 25
27 1 U 12
28 1 L 27
29 0 L 1
30 1 U -1
31
0 0 U -1
1 1 U 0
2 1 U 1
3 1 U 2
4 1 U 3
5 0 U -1
6 1 U 5
7 1 U 6
8 1 L 6
9 1 U 8
10 1 U -1
11 1 U 10
12 0 U 11
13 0 U 12
14 0 U 13
15 1 U -1
16 0 U 9
17 0 U 16
18 0 U 10
19 0 U 18
20 0 L 15
21 1 U 20
22 0 U 21
23 0 U 9
24 0 U 23
25 1 U -1
26 1 U 25
27 1 U 12
28 1 U 8
29 0 L 1
30 1 U -1
31
0 0 U -1
1 1 U -1
2 1 U 1
3 1 U 2
4 1 U 3
5 0 U -1
6 1 U 5
7 1 U 6
8 1 L 6
9 1 U 8
10 1 U -1
11 1 U 10
12 0 U 11
13 1 L 1
14 0 U 13
15 1 U -1
16 1 L 5
17 0 U 16
18 0 U 10
19 0 U 18
20 0 L 9
21 1 U 20
22 1 L 8
23 0 U 9
24 0 U 23
25 1 U -1
26 1 U 25
27 1 U 12
28 1 U 8
29 0 L 1
30 1 U 13
31
0 0 U -1
1 1 U 0
2 1 U 1
3 1 U 2
4 1 U 3
5 0 U -1
6 1 U 5
7 1 U 6
8 1 L 6
9 1 U 8
10 1 U -1
11 1 U 10
12 0 U 11
13 0 U 12
14 0 U 13
15 1 U -1
16 0 U 9
17 0 U 16
18 1 U 12
19 0 U 18
20 0 L 15
21 1 U 20
22 0 L 4
23 0 U 9
24 0 U 23
25 1 U -1
26 1 U 25
27 1 U 12
28 1 U 8
29 0 L 1
30 1 U -1
31
0 0 U -1
1 1 U 0
2 1 U 1
3 1 U 2
4 1 U 3
5 0 U -1
6 1 U 5
7 1 U 6
8 1 L 6
9 1 U 8
10 1 U -1
11 1 U 10
12 0 U 11
13 0 U 12
14 0 U 13
15 1 U -1
16 0 U 9
17 0 U 16
18 0 U 10
19 0 U 18
20 1 L 13
21 1 U 20
22 1 U 21
23 0 U 9
24 0 U 23
25 1 U -1
26 1 U 25
27 0 U 18
28 1 U 8
29 0 L 1
30 1 U -1
31
0 0 U -1
1 1 U 0
2 1 U 1
3 1 U 2
4 1 U 3
5 0 U -1
6 1 U 5
7 1 U 6
8 1 L 6
9 1 U 8
10 1 L 8
11 0 L 1
12 0 U 11
13 1 U 11
14 0 U 13
15 1 U -1
16 1 L 10
17 0 U 16
18 0 L 5
19 0 U 18
20 0 L 15
21 1 U 20
22 0 U 21
23 0 U 9
24 0 U 23
25 1 U -1
26 1 U 25
27 1 U 12
28 1 U 8
29 0 L 1
30 1 U -1
31
0 0 U -1
1 1 U 0
2 1 U 1
3 1 U 2
4 1 U 3
5 0 U -1
6 1 U 5
7 1 U 6
8 1 L 6
9 1 U 8
10 1 U -1
11 1 U 10
12 0 U 11
13 0 U 12
14 0 U 13
15 1 U -1
16 0 U 9
17 0 U 16
18 0 U 10
19 0 U 18
20 0 L 15
21 1 U 20
22 0 U 21
23 0 U 20
24 0 U 23
25 1 U -1
26 1 U 25
27 1 U 12
28 1 U 8
29 0 L 1
30 1 U -1
31
0 0 U -1
1 1 U 0
2 1 U 1
3 1 U 0
4 1 U 0
5 0 U -1
6 1 U 5
7 1 U 6
8 1 L 6
9 1 U 8
10 1 U -1
11 1 U 10
12 0 U 11
13 0 L 3
14 0 U 13
15 1 U -1
16 0 U 9
17 0 U 16
18 0 U 10
19 1 U 3
20 0 L 15
21 1 U 20
22 0 U 21
23 0 U 9
24 0 U 23
25 1 U -1
26 1 U 25
27 1 U 12
28 0 U 24
29 0 L 1
30 1 U -1
31
0 0 U -1
1 1 U 0
2 1 U 1
3 1 U 2
4 1 U 3
5 0 U -1
6 1 U 5
7 1 U 6
8 1 L 6
9 1 U 8
10 0 L 3
11 1 U 10
12 0 U 11
13 1 U -1
14 0 U 13
15 1 U -1
16 0 U 9
17 0 U 16
18 0 U 10
19 0 U 18
20 0 L 15
21 1 U 20
22 0 U 21
23 0 U 9
24 0 U 23
25 1 L 18
26 1 U 25
27 1 U 12
28 1 U 8
29 0 L 1
30 1 U -1
31
0 0 U -1
1 1 U 0
2 1 U 1
3 1 U 2
4 1 U 3
5 0 U -1
6 1 U 5
7 1 U 6
8 1 L 6
9 1 U 8
10 1 U -1
11 1 U 10
12 0 U 11
13 0 U 12
14 0 U 13
15 1 L 11
16 0 U 9
17 0 U 16
18 0 U 10
19 0 U 18
20 0 L 15
21 1 U 20
22 0 U 21
23 0 U 9
24 0 U 23
25 1 U -1
26 1 U 25
27 1 U 12
28 1 U 8
29 0 L 1
30 1 U -1
31
0 0 U -1
1 1 U 0
2 1 U 1
3 1 U 2
4 1 U 3
5 0 U -1
6 1 U 5
7 1 U 6
8 1 L 6
9 0 U 6
10 1 U -1
11 1 U 10
12 0 U 11
13 0 U 12
14 0 U 13
15 1 U -1
16 1 L 13
17 0 U 16
18 0 U 10
19 0 U 18
20 0 L 15
21 1 U 20
22 0 U 21
23 0 U 9
24 0 U 23
25 1 U -1
26 1 U 25
27 1 U 12
28 1 U 8
29 0 L 1
30 1 U -1
31
0 0 U -1
1 1 U -1
2 1 L -1
3 1 U 2
4 1 U 3
5 0 U -1
6 1 U 5
7 1 U 6
8 1 L 6
9 1 U 8
10 0 U 7
11 1 U 7
12 0 U 11
13 0 U 12
14 0 U 13
15 1 U -1
16 0 U 9
17 0 U 16
18 0 U 10
19 0 U 18
20 0 L 15
21 1 U 20
22 0 U 21
23 0 U 9
24 0 U 23
25 1 U -1
26 1 U 25
27 1 U 12
28 1 U 8
29 0 L 1
30 1 U -1
31
0 0 U -1
1 1 U 0
2 0 L -1
3 1 U 2
4 1 U 2
5 0 U -1
6 1 U 5
7 1 U 6
8 1 L 6
9 1 U 8
10 1 U -1
11 1 U 10
12 0 U 11
13 0 U 12
14 0 U 13
15 1 U -1
16 0 U 9
17 0 U 16
18 0 U 10
19 0 U 15
20 0 L 15
21 1 U 20
22 0 U 21
23 0 U 9
24 0 U 23
25 1 U -1
26 1 U 25
27 1 U 12
28 1 U 8
29 0 L 1
30 1 U -1
31
0 0 U -1
1 1 U 0
2 1 U 1
3 1 U 2
4 1 U 3
5 0 U -1
6 1 U 5
7 1 U 6
8 1 L 6
9 1 U 8
10 1 U -1
11 1 U 10
12 0 U 11
13 0 U 12
14 0 U 13
15 1 U -1
16 0 U 9
17 0 U 16
18 0 U 10
19 0 U 18
20 0 L 15
21 1 U 20
22 0 U 21
23 0 U 9
24 0 U 23
25 1 U -1
26 1 U 25
27 1 U 12
28 1 U 8
29 0 L 1
30 1 U -1
31
0 0 U -1
1 1 U 0
2 1 U 1
3 1 U 2
4 0 L 0
5 0 U -1
6 1 U 5
7 1 U 6
8 1 L -1
9 0 U 2
10 1 U -1
11 1 U 10
12 0 U 11
13 0 U 12
14 0 U 13
15 1 U -1
16 0 U 9
17 0 U 16
18 0 L 15
19 0 U 18
20 0 L 15
21 1 U 20
22 0 U 21
23 0 U 9
24 0 U 23
25 1 U -1
26 1 U 25
27 1 U 12
28 1 U 8
29 0 L 1
30 1 U -1
31
0 0 U -1
1 0 U -1
2 1 U 1
3 1 U 2
4 1 U 3
5 0 U -1
6 1 U 5
7 1 U 6
8 1 L 6
9 1 U 8
10 1 U -1
11 1 U 10
12 0 L 2
13 0 U 12
14 0 U 13
15 1 U -1
16 1 L 2
17 0 U 16
18 0 U 10
19 0 U 18
20 0 L 15
21 1 U 20
22 0 U 21
23 0 U 9
24 0 U 23
25 1 U -1
26 1 U 25
27 1 U 12
28 1 U 8
29 0 L 1
30 1 U -1
31
0 0 U -1
1 1 U 0
2 1 U 1
3 1 L 0
4 1 U 3
5 0 U -1
6 1 U 5
7 1 U 6
8 0 U 6
9 1 U 8
10 1 U -1
11 1 U 10
12 0 U 11
13 0 U 12
14 0 U 13
15 1 U -1
16 0 U 9
17 0 U 16
18 0 U 10
19 0 U 18
20 1 U 14
21 1 U 20
22 0 U 21
23 0 U 9
24 0 U 23
25 1 U -1
26 1 U 25
27 1 U 12
28 1 U 8
29 0 L 1
30 1 U -1
31
0 0 U -1
1 1 U 0
2 1 L -1
3 1 L -1
4 1 U 3
5 0 U -1
6 1 U 5
7 1 U 6
8 1 L 6
9 1 U 8
10 1 U -1
11 1 U 10
12 0 U 11
13 0 U 12
14 1 U 2
15 1 U -1
16 0 U 9
17 1 U 2
18 0 U 10
19 0 U 18
20 1 U 3
21 1 U 20
22 0 U 21
23 0 U 9
24 0 U 23
25 1 U -1
26 1 U 25
27 1 U 12
28 1 U 8
29 0 L 1
30 1 U -1
31
0 0 U -1
1 1 U 0
2 0 U -1
3 1 U 2
4 1 U 3
5 0 U -1
6 1 U 5
7 1 U 6
8 1 L 6
9 1 U 8
10 1 U -1
11 1 U 10
12 0 L 4
13 0 U 12
14 0 U 13
15 1 U -1
16 0 U 9
17 0 U 16
18 0 U 10
19 0 U 18
20 0 L 15
21 1 U 20
22 0 U 21
23 0 U 9
24 0 U 23
25 0 L 18
26 1 U 25
27 0 U 12
28 1 U 8
29 0 L 1
30 1 U -1
31
0 0 U -1
1 1 U 0
2 1 U 1
3 1 U 2
4 1 U 3
5 0 U -1
6 1 U 5
7 1 U 6
8 1 L 6
9 1 U 8
10 1 U -1
11 1 U -1
12 0 U 11
13 0 U 12
14 0 U 4
15 1 U -1
16 0 U 9
17 0 U 16
18 0 U 10
19 0 U 18
20 0 L 15
21 1 U 20
22 0 U 21
23 0 U 9
24 0 U 23
25 1 U -1
26 1 U 25
27 1 U 12
28 1 U 8
29 0 L 1
30 1 U -1
31
0 0 U -1
1 1 U 0
2 0 L 0
3 1 U 2
4 1 U 3
5 0 U -1
6 1 U 5
7 1 U 6
8 1 L 6
9 0 U 4
10 0 L 4
11 1 U 10
12 0 U 11
13 0 U 12
14 0 L 9
15 1 U -1
16 0 U 9
17 0 U 16
18 0 U 10
19 0 U 18
20 0 L 15
21 1 U 20
22 0 U 21
23 0 U 9
24 0 U 23
25 1 U -1
26 1 L 2
27 1 U 12
28 1 U 8
29 0 L 1
30 1 U -1
31
0 0 U -1
1 1 U 0
2 1 U 1
3 1 U 2
4 1 U 3
5 0 U -1
6 1 U 5
7 0 L 2
8 1 L 6
9 1 U 8
10 1 L 5
11 1 U 10
12 0 U 11
13 0 U 12
14 0 U 13
15 1 U -1
16 0 U 9
17 0 U 16
18 0 U 10
19 0 U 18
20 0 L 15
21 1 U 20
22 0 U 21
23 0 U 9
24 0 U 23
25 1 U -1
26 1 U 25
27 1 U 12
28 1 U 8
29 0 L 1
30 1 U -1
31
0 0 U -1
1 1 L 0
2 1 U 1
3 1 U 1
4 1 U 3
5 0 U -1
6 1 U 5
7 1 U 6
8 1 L 6
9 1 U 8
10 1 U -1
11 1 U 10
12 0 U 11
13 0 U 12
14 0 L 9
15 1 U -1
16 0 U 9
17 0 U 16
18 0 L 12
19 0 U 18
20 0 L 15
21 1 U 20
22 0 U 21
23 0 U 9
24 0 U 23
25 1 L 10
26 1 U 25
27 1 U 12
28 1 U 8
29 0 L 1
30 1 L 12
31
0 0 U -1
1 1 U 0
2 1 U 1
3 1 U 2
4 1 U 3
5 0 U -1
6 1 U 5
7 1 U 6
8 1 L 6
9 1 U 8
10 1 U -1
11 1 U 10
12 0 U 11
13 0 U 12
14 0 U 13
15 1 U -1
16 0 U 9
17 1 L 3
18 0 U 10
19 0 U 18
20 0 L 15
21 1 U 20
22 0 U 21
23 0 U 9
24 0 U 23
25 1 U -1
26 0 U 10
27 1 U 12
28 1 U 8
29 0 L 1
30 1 U -1
31
0 0 U -1
1 1 U 0
2 1 U 1
3 1 U 2
4 1 U 3
5 1 U 0
6 1 U 5
7 1 U 6
8 1 L 6
9 1 U 8
10 1 U -1
11 1 U 10
12 0 U 2
13 0 U 12
14 0 U 13
15 1 U -1
16 0 U 9
17 0 U 16
18 0 U 10
19 0 U 18
20 0 L 15
21 1 U 20
22 0 U 21
23 0 U 9
24 0 U 23
25 1 U -1
26 1 U 25
27 1 U 12
28 1 U 8
29 0 L 1
30 0 L 19
31
0 0 U -1
1 1 U 0
2 1 U 1
3 1 U 2
4 1 U 3
5 0 U -1
6 1 U 5
7 1 U 6
8 1 L 6
9 1 U 8
10 1 U -1
11 1 U 10
12 0 U 11
13 0 U 12
14 0 U 13
15 0 U 6
16 0 U 9
17 0 U 16
18 0 L 2
19 0 U 18
20 0 L 15
21 1 U 20
22 0 U 21
23 0 U 9
24 0 U 23
25 1 U -1
26 1 U 25
27 1 U 12
28 1 U 8
29 0 L 1
30 1 U -1
31
0 0 U -1
1 1 U 0
2 1 U 1
3 1 U 2
4 1 U 3
5 0 U -1
6 1 U 5
7 1 U 6
8 1 L 6
9 1 U 8
10 1 U -1
11 1 U 10
12 0 U 11
13 0 U 12
14 0 U 13
15 1 U -1
16 0 L 1
17 0 U 16
18 0 U 10
19 0 U 18
20 0 L 15
21 1 U 20
22 1 L 12
23 0 U 9
24 0 U 23
25 1 U -1
26 1 U 25
27 1 U 12
28 0 U 21
29 0 L 1
30 1 U -1
31
0 0 U -1
1 1 U 0
2 1 U 1
3 1 L 2
4 1 U 3
5 0 U -1
6 1 U 5
7 1 U 6
8 1 L 6
9 1 U 8
10 1 L 3
11 1 U 10
12 0 U 11
13 0 U 5
14 0 U 13
15 1 U -1
16 0 U 9
17 0 U 16
18 0 U 10
19 0 U 18
20 0 L 15
21 1 U 20
22 0 U 10
23 0 U 9
24 0 U 23
25 1 U -1
26 1 U 25
27 1 U 12
28 1 U 8
29 0 L 1
30 1 U -1
31
0 0 U -1
1 1 U 0
2 1 U 1
3 1 U 2
4 1 U 3
5 0 U -1
6 1 U 5
7 1 U 6
8 1 L 6
9 1 U 8
10 0 U 1
11 1 U 10
12 0 U 11
13 1 L 1
14 0 U 13
15 1 U -1
16 0 U 9
17 0 U 16
18 0 U 10
19 0 U 18
20 0 L 15
21 1 U 20
22 0 U 21
23 0 U 9
24 0 U 23
25 1 U -1
26 1 U 25
27 1 U 12
28 1 U 8
29 0 L 1
30 1 U -1
31
0 0 U -1
1 1 U 0
2 1 U 1
3 1 U 2
4 1 U 3
5 0 L 1
6 1 U 5
7 1 U 6
8 1 L 6
9 1 U 8
10 1 U -1
11 1 U 10
12 0 U 11
13 0 U 12
14 0 U 13
15 1 U -1
16 0 U 9
17 0 U 16
18 0 U 10
19 0 U 18
20 0 L 15
21 1 U 20
22 0 U 21
23 0 U 9
24 0 U 23
25 1 U -1
26 0 U 8
27 1 U 12
28 1 U 20
29 1 U 15
30 1 U -1
31
0 0 U -1
1 1 U 0
2 1 U 1
3 1 U 2
4 1 U 3
5 0 U -1
6 1 U 5
7 1 U 6
8 1 L 6
9 1 U 8
10 1 U 8
11 1 U 10
12 0 U 2
13 0 U 12
14 0 U 13
15 1 L 2
16 0 U 9
17 0 U 16
18 0 U 10
19 0 U 18
20 0 L 15
21 1 U 20
22 0 U 21
23 0 U 9
24 0 U 23
25 1 U -1
26 1 U 7
27 1 U 12
28 1 U 8
29 0 L 1
30 1 U -1
31
0 0 U -1
1 1 U 0
2 1 U 1
3 1 U 2
4 1 U 3
5 0 U -1
6 1 U 5
7 1 U 6
8 1 L 6
9 1 U 8
10 1 U -1
11 1 U 10
12 0 U 11
13 0 U 12
14 0 U 13
15 1 U -1
16 0 L 10
17 0 U 16
18 0 U 10
19 0 U 18
20 0 L 15
21 1 U 20
22 0 U 21
23 0 U 9
24 0 U 23
25 1 U -1
26 1 U 25
27 1 U 12
28 1 U 8
29 0 L 1
30 1 U -1
31
0 0 U -1
1 1 U 0
2 1 U 1
3 1 U 2
4 1 U 3
5 0 U -1
6 1 U 5
7 0 U 0
8 1 L 6
9 1 U 8
10 1 U -1
11 1 U 10
12 0 U 11
13 0 U 12
14 0 U 13
15 0 L 8
16 0 U 9
17 0 U 16
18 0 U 10
19 0 U 18
20 0 L 15
21 1 U 20
22 0 U 21
23 0 U 9
24 0 U 23
25 0 U 7
26 1 U 25
27 1 U 12
28 1 U 8
29 0 L 1
30 1 U -1
31
0 0 U -1
1 1 U 0
2 1 U 1
3 1 U 2
4 1 U 3
5 0 U -1
6 1 U 5
7 1 U 6
8 1 L 6
9 1 U 8
10 1 U -1
11 1 U 10
12 0 U 11
13 0 U 12
14 0 U 13
15 1 U -1
16 0 U 9
17 0 U 16
18 0 U 10
19 0 U 18
20 0 L 15
21 1 U 20
22 0 U 21
23 0 U 9
24 0 U 23
25 1 U -1
26 1 U 25
27 1 U 12
28 1 U 8
29 0 L 1
30 1 U -1
31
0 0 U -1
1 1 U 0
2 1 U 1
3 1 U 2
4 1 U 3
5 0 U -1
6 1 U 5
7 1 U 6
8 1 L 6
9 1 U 5
10 1 U -1
11 1 U 10
12 0 U 11
13 1 L 1
14 0 U 13
15 0 L 11
16 0 U 9
17 0 U 16
18 0 U 10
19 0 U 18
20 0 L 15
21 1 U 20
22 0 U 21
23 0 U 9
24 0 U 23
25 1 U -1
26 1 U 25
27 1 U 12
28 1 U 8
29 0 L 1
30 1 U -1
31
0 1 U -1
1 1 U 0
2 0 U 0
3 1 U 2
4 1 U 3
5 0 U -1
6 1 U 5
7 1 U 6
8 1 L 6
9 1 U 8
10 1 U -1
11 1 U 10
12 0 U 11
13 0 U 12
14 0 U 13
15 1 U -1
16 0 U 9
17 0 U 16
18 0 U 10
19 0 U 18
20 0 L 15
21 1 U 20
22 0 U 21
23 0 U 9
24 0 U 23
25 1 U -1
26 1 U 25
27 1 U 12
28 1 U 8
29 0 L 1
30 1 U -1
31
0 0 U -1
1 1 U 0
2 1 U 1
3 1 U 1
4 1 U 3
5 0 U -1
6 1 U 5
7 1 U 6
8 1 L 6
9 1 U 8
10 1 U -1
11 1 U 10
12 0 U 11
13 0 U 12
14 0 U 13
15 1 U -1
16 0 U 9
17 0 U 16
18 0 U 10
19 0 U -1
20 0 L 15
21 1 U 20
22 0 U 21
23 0 U 9
24 0 U 23
25 1 U -1
26 1 U 25
27 1 U 12
28 1 U 8
29 0 L 1
30 1 U -1
31
0 0 U -1
1 1 U 0
2 1 U 1
3 1 U 2
4 1 U 1
5 0 U -1
6 1 L 2
7 1 U 6
8 1 L 6
9 1 U 8
10 1 U -1
11 1 U 10
12 0 U 11
13 0 U 12
14 0 U 13
15 1 U -1
16 0 U 9
17 0 U 16
18 0 U 10
19 0 U 18
20 0 L 15
21 1 U 20
22 0 U 21
23 0 U 9
24 0 U 23
25 1 U -1
26 1 U 25
27 1 U 12
28 1 U 8
29 0 L 1
30 1 U -1
31
0 0 U -1
1 1 U 0
2 1 U 1
3 1 U 2
4 1 U 3
5 0 U -1
6 1 U 5
7 1 U 6
8 1 L 6
9 1 U 8
10 1 U 0
11 0 L 3
12 0 U 11
13 0 U 12
14 0 U 13
15 1 U -1
16 0 U 9
17 0 U 16
18 0 U 10
19 0 U 18
20 0 L 15
21 1 U 20
22 0 U 21
23 0 U 9
24 0 U 23
25 1 U -1
26 1 U 19
27 1 U 12
28 1 L 20
29 0 L 1
30 1 U -1
31
0 0 U -1
1 1 U 0
2 1 U 1
3 1 U 2
4 1 U 3
5 0 U -1
6 1 U 5
7 1 U 6
8 1 L 6
9 1 U 8
10 1 U 2
11 1 U 10
12 0 U 11
13 0 U 12
14 0 U 13
15 1 U -1
16 0 U 9
17 0 U 16
18 0 U 10
19 0 U 18
20 0 L 15
21 0 U 7
22 0 U 21
23 0 U 9
24 0 U 23
25 1 U -1
26 1 U 25
27 1 U 12
28 1 U 8
29 0 L 1
30 1 U -1
31
0 0 U -1
1 1 U 0
2 1 U 1
3 1 U 2
4 1 U 3
5 0 U -1
6 1 U 5
7 1 U 6
8 1 L 6
9 0 L 8
10 1 U -1
11 1 U 10
12 0 U 11
13 0 U 12
14 0 U 13
15 1 U -1
16 0 U 9
17 0 U 16
18 1 U 8
19 0 U 18
20 0 L 15
21 1 U 20
22 0 U 21
23 1 L 12
24 0 U 23
25 1 U -1
26 1 U 25
27 1 U 12
28 1 U 8
29 0 L 1
30 1 U -1
31
0 0 U -1
1 1 U 0
2 1 U 1
3 1 U 2
4 1 U 3
5 0 U -1
6 1 U 5
7 1 U 6
8 1 L 6
9 1 U 8
10 1 U -1
11 1 U 10
12 0 U 11
13 0 U 12
14 0 L -1
15 1 U -1
16 1 U 8
17 0 U 6
18 0 U 10
19 0 U 18
20 0 L 15
21 1 U 20
22 0 U 21
23 0 U 9
24 0 U 23
25 1 U -1
26 1 U 25
27 1 U 12
28 1 U 8
29 0 L 1
30 1 U -1
31
0 0 U -1
1 1 U 0
2 1 U 1
3 1 U 2
4 1 U 3
5 0 U -1
6 1 U 5
7 1 U 6
8 1 L 6
9 1 U 8
10 0 L 9
11 1 U 10
12 0 U 11
13 0 U 12
14 0 L 1
15 1 U -1
16 0 U 9
17 0 U 16
18 0 U 10
19 0 U 18
20 0 L 15
21 1 U 20
22 0 U 21
23 0 U 9
24 0 U 23
25 0 L 8
26 1 U 25
27 1 U 12
28 1 L 12
29 0 L 1
30 1 U -1
31
0 0 U -1
1 1 U 0
2 1 U 1
3 1 L 2
4 1 U 3
5 0 U -1
6 1 U 5
7 1 U 6
8 1 L 6
9 0 U 7
10 1 U -1
11 1 U 10
12 0 U 11
13 0 U 12
14 0 U 13
15 1 U -1
16 0 U 9
17 1 L 5
18 0 U 10
19 0 U 18
20 0 L 15
21 1 U 20
22 0 U 21
23 0 U 9
24 0 U 23
25 1 U -1
26 1 U 25
27 1 U 12
28 1 U 8
29 0 L 1
30 1 U -1
31
0 0 U -1
1 1 U 0
2 1 U 1
3 1 U 2
4 1 U 3
5 0 U -1
6 1 U 5
7 1 U 6
8 1 L 6
9 1 U 8
10 1 U -1
11 1 U 10
12 0 L 2
13 1 L 9
14 0 U 13
15 1 U -1
16 0 U 9
17 0 U 16
18 0 U 10
19 0 U 18
20 0 L 15
21 1 L -1
22 0 U 21
23 0 U 9
24 0 U 23
25 1 U -1
26 1 U 25
27 1 U 12
28 1 U 8
29 0 L 1
30 1 U -1
31
0 0 U -1
1 1 U 0
2 1 U 1
3 1 U 2
4 1 U 3
5 0 U -1
6 1 U 5
7 1 U 6
8 1 L 6
9 1 U 8
10 1 U -1
11 1 U 10
12 0 U 11
13 0 U 12
14 0 U 13
15 1 U -1
16 0 U 9
17 0 U 8
18 0 U 10
19 0 U 18
20 0 L 15
21 1 U 20
22 0 U 21
23 0 U 9
24 0 U 23
25 1 U -1
26 0 U 21
27 1 U 12
28 1 U 8
29 0 L 1
30 1 U -1
31
0 0 U -1
1 1 U 0
2 1 U 1
3 1 U 2
4 1 U 3
5 0 U -1
6 1 U 5
7 1 U 6
8 1 L 6
9 1 U 8
10 1 U -1
11 1 U 10
12 0 U 11
13 0 U 12
14 0 U 13
15 1 U -1
16 0 U 9
17 0 U 16
18 0 U 10
19 0 L 13
20 0 L 15
21 0 U -1
22 0 U 19
23 0 U 9
24 0 U 23
25 0 U 23
26 1 U 25
27 0 L 8
28 1 U 8
29 0 L 1
30 1 U -1
31
0 0 U -1
1 1 U 0
2 1 U 1
3 1 U 2
4 1 L 0
5 0 U -1
6 1 U 5
7 1 U 6
8 1 L 6
9 0 U 6
10 1 U -1
11 1 U 10
12 0 U 8
13 0 U 12
14 0 U 13
15 1 U -1
16 1 L 15
17 0 U 16
18 0 U 10
19 0 U 18
20 0 L 15
21 1 U 20
22 0 U 21
23 0 U 9
24 0 U 23
25 1 U -1
26 1 U 25
27 0 U 26
28 1 U 8
29 0 L 1
30 1 U -1
31
0 0 U -1
1 1 U 0
2 1 U 1
3 1 U 2
4 1 U 3
5 0 U -1
6 1 U 5
7 1 U 6
8 1 L 6
9 1 U 8
10 1 U -1
11 1 U 10
12 0 U 11
13 1 L 7
14 0 U 13
15 1 U -1
16 0 U 9
17 0 U 16
18 0 U 10
19 0 U 18
20 0 L 15
21 1 U 20
22 0 U 21
23 0 U 9
24 0 U 23
25 1 U -1
26 1 U 25
27 1 U 12
28 1 U 8
29 0 L 1
30 1 L 2
31
0 0 U -1
1 1 U 0
2 1 U 1
3 1 U 2
4 1 U 3
5 0 U -1
6 1 U 5
7 1 U 6
8 1 L 6
9 1 U 8
10 1 U -1
11 1 U 10
12 0 U 11
13 0 U 12
14 0 U 13
15 1 U -1
16 0 U 9
17 0 U 16
18 0 U 10
19 0 U 18
20 0 L 15
21 1 U 20
22 0 U 21
23 0 U 9
24 0 U 23
25 1 U -1
26 1 U 25
27 1 U 12
28 1 U 8
29 0 L 1
30 1 U -1
31
0 0 L -1
1 1 U 0
2 1 U 1
3 1 U 2
4 1 U 1
5 0 U -1
6 1 U 5
7 1 U 6
8 1 L 6
9 1 U 8
10 1 U -1
11 1 U 10
12 0 U 11
13 0 L 7
14 0 L 13
15 1 U -1
16 0 U 9
17 0 U 16
18 0 U 10
19 0 U 18
20 0 L 15
21 1 U 20
22 0 U 21
23 0 U 9
24 0 U 23
25 1 U -1
26 1 U 25
27 1 U 12
28 1 U 8
29 0 L 1
30 1 U -1
31
0 1 U -1
1 1 U 0
2 1 U 1
3 1 U 2
4 1 U 3
5 0 U -1
6 1 U 5
7 1 U 6
8 0 U -1
9 1 U 8
10 1 U -1
11 1 U 10
12 0 U 11
13 0 U 12
14 0 U 13
15 1 U -1
16 0 U 9
17 0 U 16
18 0 U 10
19 0 U 18
20 0 L 15
21 1 U 20
22 0 U 21
23 0 U 9
24 0 U 23
25 1 U -1
26 1 U 25
27 1 U 12
28 1 U 8
29 1 L 23
30 1 U -1
31
0 0 U -1
1 1 U 0
2 1 U 1
3 1 U 2
4 1 U 3
5 0 U -1
6 1 U 5
7 1 U 6
8 1 L 6
9 1 U 8
10 1 U -1
11 1 U 10
12 0 U 11
13 0 U 12
14 0 U 13
15 1 U -1
16 0 U 9
17 0 U 16
18 0 U 10
19 0 U 18
20 0 L 15
21 1 U 20
22 0 U 21
23 0 U 9
24 0 U 23
25 1 U -1
26 1 U 25
27 1 U 12
28 1 U 8
29 0 L 1
30 1 U -1
31
0 0 U -1
1 1 U 0
2 1 U 1
3 1 U 2
4 1 U 3
5 0 U -1
6 1 U 5
7 1 U 6
8 1 L 6
9 1 U 8
10 1 U -1
11 1 U 10
12 0 U 11
13 0 U 12
14 0 U 13
15 1 U -1
16 0 U 9
17 0 U 16
18 0 U 17
19 0 U 18
20 0 U 0
21 0 L -1
22 0 U 21
23 0 U 9
24 0 U 23
25 1 U -1
26 1 U 25
27 1 U 12
28 1 U 8
29 0 L 1
30 1 U -1
31
0 0 U -1
1 1 U 0
2 1 U 1
3 1 U 2
4 1 U 3
5 0 U -1
6 0 U 1
7 1 U 6
8 1 L 6
9 1 U 8
10 1 U -1
11 1 U 10
12 0 U 11
13 0 U 12
14 0 U 13
15 1 U -1
16 0 U 9
17 0 U 16
18 0 U 10
19 0 U 18
20 0 L 15
21 1 U 20
22 0 U 21
23 0 U 9
24 0 U 23
25 1 U -1
26 1 U 25
27 1 U 12
28 1 U 8
29 0 L 1
30 1 U -1
31
0 0 U -1
1 1 U 0
2 1 U 1
3 1 U 2
4 1 U 3
5 0 U -1
6 1 U 5
7 1 L 0
8 1 L 6
9 1 U 8
10 1 U -1
11 1 U 10
12 0 U 11
13 0 U 12
14 1 L 12
15 1 U -1
16 0 U 9
17 0 U 16
18 0 U 10
19 0 U 18
20 0 L 15
21 1 U 9
22 0 U 21
23 0 U 9
24 1 U 13
25 1 U -1
26 1 U 25
27 1 U 12
28 1 U 8
29 1 U 22
30 1 L 29
31
0 0 U -1
1 0 L -1
2 1 U 1
3 1 U 2
4 1 U 3
5 0 L 0
6 1 U 5
7 1 U 6
8 1 L 6
9 1 U 8
10 1 U -1
11 1 U 10
12 0 U 11
13 0 U 12
14 0 U 13
15 1 U -1
16 0 U 9
17 0 U 16
18 0 U 10
19 0 U 18
20 0 L 15
21 1 U 20
22 0 U 21
23 0 L 21
24 0 U 23
25 1 U -1
26 1 U 25
27 1 U 12
28 1 U 8
29 0 L 1
30 1 U -1
31
0 0 U -1
1 1 U 0
2 1 U 1
3 1 U 2
4 1 U 0
5 0 U -1
6 1 L 0
7 1 U 6
8 1 L 6
9 1 U 8
10 1 U -1
11 1 U 10
12 0 U 11
13 0 U 5
14 0 U 13
15 1 U -1
16 0 U 9
17 1 U 10
18 0 U 10
19 0 U 13
20 0 U 0
21 1 U 20
22 0 U 21
23 0 U 9
24 0 U 23
25 1 U -1
26 1 U 25
27 1 U 0
28 1 U 8
29 0 L 1
30 1 U -1
31
0 0 U -1
1 1 U 0
2 1 U -1
3 1 U 2
4 1 U 3
5 0 U -1
6 1 U 5
7 1 U 6
8 1 L 6
9 1 U 8
10 1 U -1
11 1 U 10
12 0 U 11
13 0 U 12
14 0 U 13
15 0 U 12
16 0 U 9
17 0 U 16
18 0 U 10
19 0 U 18
20 0 U 0
21 1 U 4
22 1 L 1
23 0 U 9
24 0 U 23
25 1 U -1
26 1 U 25
27 1 U 12
28 1 U 8
29 1 U 19
30 1 U -1
31
0 0 U -1
1 1 U 0
2 1 U 1
3 1 U 2
4 1 U 3
5 0 U -1
6 1 U 5
7 1 U 6
8 1 L 6
9 1 U 8
10 1 U -1
11 1 U 10
12 0 U 11
13 0 U 12
14 0 U 13
15 1 U -1
16 0 U 9
17 0 U 16
18 0 U 10
19 0 U 18
20 0 L 15
21 1 U 20
22 0 U 21
23 0 U 9
24 0 U 23
25 1 L 15
26 1 U 25
27 0 U 9
28 1 U 8
29 0 L 1
30 1 U -1
31
0 0 U -1
1 1 U 0
2 1 U 1
3 1 U 2
4 1 U 3
5 0 U -1
6 1 U 5
7 1 U 6
8 1 L 6
9 1 U 8
10 1 U -1
11 1 U 10
12 0 U 11
13 1 L 11
14 0 U 13
15 1 U -1
16 0 U 9
17 1 L 10
18 0 U 10
19 0 U 18
20 0 L 15
21 1 U 20
22 0 U 21
23 0 U 9
24 0 U 23
25 1 U -1
26 1 U 25
27 1 U 12
28 1 U 8
29 0 L 1
30 0 L 0
31
0 0 U -1
1 1 U 0
2 1 U 1
3 1 U 2
4 1 U 3
5 1 U 4
6 1 U 5
7 1 U 6
8 1 L 6
9 1 U 1
10 1 U -1
11 1 U 10
12 0 U 11
13 0 U 12
14 0 U 13
15 1 U -1
16 0 U 9
17 1 L 13
18 0 U 10
19 0 U 18
20 0 L 15
21 1 U 20
22 0 U 21
23 0 U 4
24 0 U 23
25 1 U -1
26 1 U 25
27 0 L 4
28 1 U 8
29 0 L 1
30 1 U -1
31
0 0 U -1
1 1 U 0
2 1 U 1
3 1 U 2
4 1 U 3
5 0 U -1
6 1 U 5
7 1 U 6
8 1 L 6
9 1 U 8
10 1 U -1
11 1 U 10
12 0 U 11
13 0 U 12
14 0 U 13
15 1 U -1
16 0 U 9
17 0 U 16
18 0 U 8
19 0 U 18
20 0 L 15
21 1 U 20
22 0 U 21
23 0 U 9
24 0 U 23
25 1 U -1
26 1 U 25
27 1 U 12
28 1 U 8
29 0 L 1
30 1 U -1
31
0 0 U -1
1 1 U 0
2 0 U 0
3 1 U 2
4 1 U 3
5 0 U -1
6 1 U 5
7 0 L 3
8 1 L 6
9 1 U 8
10 1 U -1
11 1 U 10
12 0 U 11
13 0 U 12
14 0 U 13
15 1 U -1
16 0 U 9
17 0 U 16
18 0 U 10
19 0 U 18
20 0 L 15
21 1 U 20
22 0 U 21
23 0 U 13
24 0 U 23
25 0 L 21
26 1 U 25
27 1 U 12
28 1 U 8
29 0 L 1
30 1 L 27
31
0 0 U -1
1 1 U 0
2 1 U 1
3 1 L 2
4 1 U 3
5 0 U -1
6 1 L 0
7 1 U 6
8 1 L 6
9 1 U 8
10 1 U -1
11 1 U 10
12 0 U 11
13 0 U 12
14 0 L 2
15 1 U -1
16 0 U 9
17 0 U 16
18 0 U 10
19 0 U 18
20 0 L 15
21 1 U 20
22 0 U 21
23 0 U 9
24 0 U 23
25 1 U -1
26 1 U 25
27 1 U 12
28 1 U 8
29 0 L 1
30 1 U -1
31
0 0 U -1
1 1 U 0
2 1 U 1
3 1 U 2
4 1 U 3
5 0 U -1
6 1 U 5
7 1 U 6
8 1 L 6
9 1 U 8
10 1 U -1
11 1 U 10
12 0 U 11
13 0 U 12
14 1 L 5
15 1 U -1
16 0 U 9
17 0 U 16
18 0 U 10
19 0 U 18
20 0 L 15
21 1 U 20
22 0 U 21
23 0 U 9
24 0 U 23
25 1 U 1
26 1 U 25
27 1 U 12
28 1 U 8
29 0 L 1
30 1 U -1
31
0 0 U -1
1 1 U 0
2 1 L 0
3 1 U 2
4 1 U 3
5 0 U -1
6 1 U 5
7 1 U 6
8 1 L 6
9 1 U 8
10 1 U -1
11 1 U 10
12 0 U 11
13 0 U 12
14 0 U 13
15 1 U -1
16 0 U 9
17 0 U 16
18 0 U 10
19 0 U 18
20 0 L 15
21 0 U 18
22 0 U 21
23 0 U 9
24 0 U 23
25 1 U -1
26 1 U 25
27 1 U 12
28 1 U 8
29 0 L 1
30 1 U -1
31
0 0 U -1
1 1 U 0
2 1 U 1
3 1 U 2
4 1 U 3
5 0 U -1
6 0 L 4
7 1 U 6
8 1 L 6
9 1 L 4
10 1 U -1
11 1 U 10
12 0 U 11
13 0 U 12
14 0 U 13
15 1 U -1
16 1 U 12
17 0 U 16
18 0 U 10
19 0 U 18
20 0 L 15
21 1 U 20
22 0 U 21
23 0 U 9
24 0 U 23
25 1 U -1
26 1 U 25
27 1 U 12
28 1 U 25
29 0 L 1
30 1 U -1
31
0 0 U -1
1 1 U 0
2 1 U 1
3 1 U 2
4 1 U 3
5 0 U -1
6 0 L 4
7 0 L 5
8 1 L 6
9 1 U 8
10 1 U -1
11 1 U 10
12 0 U 11
13 0 U 12
14 0 U 13
15 1 U -1
16 0 U 9
17 0 U 16
18 1 U 0
19 0 U 18
20 0 L 15
21 1 U 20
22 0 U 21
23 0 U 9
24 0 U 23
25 1 U -1
26 1 U 24
27 1 L 22
28 1 U 8
29 0 L 1
30 1 U -1
31
0 0 U -1
1 1 U 0
2 1 U 1
3 1 U 2
4 1 U 3
5 0 L 3
6 1 U 5
7 1 U 6
8 1 L 6
9 1 U 8
10 1 U -1
11 1 U 10
12 0 U 11
13 0 U 12
14 0 U 13
15 1 U -1
16 0 U 9
17 0 U 16
18 0 U 10
19 0 U 18
20 0 L 15
21 1 U 5
22 0 U 21
23 0 U 9
24 0 U 23
25 0 L 11
26 1 U 25
27 1 U 12
28 1 U 8
29 0 L 1
30 1 U -1
31
0 0 U -1
1 1 U 0
2 1 U 1
3 1 U 2
4 1 U 3
5 0 U -1
6 1 L -1
7 0 L 4
8 1 L 6
9 1 U 8
10 1 U -1
11 1 U 10
12 0 U 11
13 0 U 12
14 1 L 4
15 1 U -1
16 0 U 0
17 1 U 9
18 0 U 10
19 0 U 18
20 0 L 15
21 0 L 9
22 1 U 10
23 0 U 9
24 0 U 23
25 1 U -1
26 1 U 25
27 1 U 12
28 1 L 1
29 0 L 1
30 1 U -1
31
0 0 U -1
1 1 U 0
2 1 U 1
3 0 U 2
4 1 U 3
5 0 U -1
6 1 U 5
7 1 U 6
8 1 L 6
9 1 U 8
10 1 U -1
11 0 U 7
12 0 U 11
13 0 U 12
14 0 U 13
15 1 U -1
16 0 U 9
17 0 U 16
18 0 U 10
19 0 U 18
20 0 L 15
21 1 U 20
22 0 U 21
23 0 U 9
24 0 U 23
25 1 U -1
26 1 U 25
27 1 U 12
28 1 U 8
29 0 L 1
30 1 U -1
31
0 0 U -1
1 1 U 0
2 1 U 1
3 1 U 2
4 1 U 3
5 0 U -1
6 1 U 5
7 1 U 6
8 1 L 6
9 1 U 8
10 1 U -1
11 1 U 0
12 0 U 11
13 0 U 12
14 0 U 13
15 0 U -1
16 0 U 9
17 0 U 16
18 0 U 10
19 0 U 18
20 0 L 15
21 1 U 20
22 0 L -1
23 0 U 9
24 0 U 23
25 1 U -1
26 1 U 25
27 1 U 12
28 1 U 8
29 0 L 1
30 1 U -1
31
0 0 U -1
1 1 U 0
2 1 U 1
3 1 U 2
4 1 U 3
5 0 U -1
6 1 U 5
7 1 U 6
8 1 L 6
9 1 U 8
10 0 U 4
11 1 U 10
12 0 U 11
13 0 U 12
14 0 U 13
15 1 U -1
16 0 U 9
17 0 U 16
18 0 U 10
19 0 U 18
20 0 U 9
21 1 U 20
22 0 U 21
23 0 L 20
24 0 U 23
25 1 U -1
26 1 U 25
27 1 U 12
28 1 U 8
29 0 L 1
30 1 U -1
31
0 1 L -1
1 1 L -1
2 1 U 1
3 1 U 2
4 1 U 3
5 0 U -1
6 1 U 5
7 1 U 6
8 1 L 6
9 1 U 8
10 1 U -1
11 1 U 10
12 0 U 11
13 0 U 12
14 0 L 1
15 1 U -1
16 0 U 9
17 0 U 16
18 0 U 10
19 0 U 18
20 0 L 15
21 1 U 20
22 0 U 21
23 0 U 9
24 0 U 23
25 1 L 13
26 1 U 25
27 1 U 12
28 0 U 17
29 0 L 1
30 0 U 15
31
0 1 U -1
1 1 U 0
2 1 U 1
3 1 U 2
4 0 U 1
5 0 U -1
6 1 U 5
7 0 U 2
8 1 L 6
9 1 U 8
10 1 L 2
11 1 U 10
12 0 U 11
13 0 U 12
14 0 U 13
15 1 U -1
16 1 U 12
17 0 U 16
18 1 L 8
19 0 U 2
20 0 L 15
21 0 L 0
22 0 U 21
23 0 U 9
24 0 U 23
25 1 U -1
26 1 U 25
27 1 U 12
28 1 U 8
29 1 U 3
30 1 U -1
31
0 0 U -1
1 1 U 0
2 1 U 1
3 1 L 2
4 1 U 3
5 0 U -1
6 1 U 5
7 1 U 6
8 1 L 6
9 1 U 8
10 1 L 0
11 1 U 2
12 0 U 11
13 0 U 12
14 0 U 13
15 1 U -1
16 0 U 9
17 0 U 16
18 0 U 10
19 0 U 18
20 0 U 11
21 1 U 4
22 0 U 21
23 0 U 9
24 0 U 23
25 1 U -1
26 1 U 25
27 1 U 12
28 0 U 23
29 0 L 1
30 1 U -1
31
0 0 U -1
1 1 U 0
2 1 U 1
3 1 U 2
4 0 U 2
5 0 L 2
6 1 U 5
7 1 U 6
8 1 L 6
9 1 U 8
10 1 U -1
11 1 U 10
12 0 U 11
13 0 U 12
14 0 U 13
15 1 U -1
16 0 U 9
17 0 U 16
18 0 U 10
19 0 U 18
20 0 L 15
21 0 L 10
22 0 U 21
23 0 U 9
24 0 U 23
25 1 U -1
26 1 U 25
27 1 U 12
28 1 U 11
29 0 L 1
30 1 U -1
31
0 0 U -1
1 1 U 0
2 1 U 1
3 1 U 2
4 1 U 3
5 0 U -1
6 1 U 5
7 1 U 6
8 1 L 6
9 1 U 8
10 1 U -1
11 1 U 10
12 0 U 11
13 0 U 7
14 0 U 13
15 1 U -1
16 0 U 9
17 0 U 16
18 0 U 10
19 0 U 18
20 1 U 17
21 1 U 20
22 0 L 9
23 0 U 9
24 0 U 23
25 1 U -1
26 1 U 25
27 1 U 12
28 1 U 8
29 1 L 14
30 1 L 15
31
0 0 U -1
1 1 U 0
2 1 L -1
3 1 U 2
4 1 U 3
5 0 U -1
6 1 U 5
7 1 U 6
8 1 L 6
9 1 U 8
10 1 U -1
11 1 U 10
12 0 U 11
13 0 U 12
14 0 U 13
15 1 U -1
16 0 U 9
17 0 U 16
18 0 U 10
19 0 U 18
20 0 L 15
21 1 U 20
22 0 U 21
23 0 U 9
24 0 U 23
25 1 U -1
26 1 U 25
27 1 U 19
28 1 U 2
29 0 L 1
30 0 L 7
31
0 0 U -1
1 1 U 0
2 1 U 1
3 1 U 2
4 1 L 1
5 0 U -1
6 0 L -1
7 1 U 6
8 1 L 6
9 0 L 6
10 1 U -1
11 1 U 10
12 0 U 11
13 0 U 12
14 0 U 13
15 1 U -1
16 0 U 9
17 0 U 16
18 0 U 10
19 0 U 18
20 1 U 6
21 1 U 20
22 0 U 21
23 0 U 9
24 0 L 4
25 1 U -1
26 0 L 23
27 1 U 12
28 1 U 8
29 0 L 1
30 0 U 19
31
0 1 U -1
1 1 U 0
2 1 U 1
3 1 U 2
4 1 U 3
5 0 U -1
6 1 U 5
7 1 U 6
8 1 L 6
9 1 U 8
10 0 U 7
11 1 U 3
12 0 U 11
13 0 U 12
14 0 U 13
15 1 U -1
16 0 U 9
17 0 U 16
18 0 U 10
19 0 U 18
20 0 L 15
21 1 U 20
22 0 U 21
23 0 U 9
24 0 U 23
25 1 U -1
26 1 U 25
27 1 U 12
28 1 U 8
29 1 U 27
30 1 U -1
31
0 0 U -1
1 1 U 0
2 1 U 1
3 1 U 2
4 1 U 1
5 0 U -1
6 1 U 5
7 1 U 6
8 1 L 6
9 1 U 8
10 1 U -1
11 1 U 10
12 1 U 5
13 0 U 12
14 0 U 13
15 1 U -1
16 0 U 9
17 0 U 16
18 0 U 10
19 0 U 18
20 0 L 15
21 1 U 20
22 0 U 21
23 0 U 9
24 0 U 1
25 1 U -1
26 1 U 25
27 1 U 12
28 1 U 8
29 1 L 6
30 1 U -1
31
0 0 U -1
1 1 U 0
2 1 U 1
3 1 U 2
4 1 U 3
5 0 U 0
6 1 U 5
7 1 U 6
8 1 L 6
9 1 U 8
10 0 L 3
11 1 U 10
12 0 U 11
13 0 U 12
14 0 U 13
15 1 U -1
16 0 U 9
17 0 U 9
18 0 U 10
19 0 U 18
20 0 L 15
21 1 U 20
22 0 L 3
23 0 U 9
24 0 U 23
25 1 L 18
26 1 U 25
27 1 U 12
28 1 U 8
29 0 L 1
30 1 U -1
31
0 0 U -1
1 1 U 0
2 1 U 1
3 1 U 2
4 1 U 3
5 1 L 0
6 1 U 5
7 1 U 0
8 1 L 6
9 1 U 8
10 1 U -1
11 1 U 10
12 0 U 11
13 0 U 5
14 1 L 12
15 1 U -1
16 0 U 9
17 0 U 16
18 0 U 10
19 0 U 18
20 0 L 15
21 1 U 20
22 0 U 21
23 0 U 9
24 0 U 23
25 1 U -1
26 1 U 25
27 1 U 12
28 1 L 19
29 0 L 1
30 1 U -1
31
0 0 U -1
1 1 U 0
2 1 U 1
3 1 U 2
4 1 U 3
5 0 U -1
6 1 U 5
7 1 U 2
8 1 L 6
9 1 U 8
10 1 U -1
11 1 U 10
12 0 U 11
13 0 U 12
14 0 U 13
15 1 U -1
16 0 U 9
17 0 U 10
18 0 U 10
19 0 U 18
20 0 L 15
21 1 U 20
22 0 U 21
23 0 U 9
24 0 U 23
25 1 U -1
26 1 U 25
27 1 U 12
28 1 U 8
29 0 L 1
30 1 U -1
31
0 0 U -1
1 1 U 0
2 1 U -1
3 1 U 2
4 1 U 3
5 0 U -1
6 1 U 5
7 1 U 6
8 0 L 4
9 1 U 8
10 0 U 7
11 1 U 10
12 0 U 11
13 0 U 12
14 0 U 13
15 1 U -1
16 0 U 9
17 0 U 16
18 1 U 9
19 0 U 18
20 1 U 1
21 1 U 20
22 0 U 21
23 0 U 9
24 0 U 23
25 1 U -1
26 1 U 25
27 1 U 12
28 1 U 8
29 0 L 1
30 1 U -1
31
0 0 U -1
1 1 U 0
2 1 U 1
3 0 L 0
4 1 U 3
5 0 U -1
6 1 U 5
7 1 U 6
8 1 L 6
9 1 U 8
10 1 U -1
11 1 U 10
12 0 U 11
13 0 U 12
14 0 L 9
15 1 U -1
16 0 U 9
17 0 U 16
18 1 L 2
19 0 U 18
20 0 L 15
21 1 U 20
22 0 U 21
23 0 U 9
24 0 U 23
25 1 U -1
26 1 U 25
27 0 L 2
28 1 U 8
29 0 L 1
30 1 U 15
31
0 0 L -1
1 1 U 0
2 1 U 1
3 1 U 2
4 1 U 3
5 0 U -1
6 1 U 5
7 1 U 6
8 1 L 6
9 1 U 8
10 1 U -1
11 1 U 10
12 0 U 11
13 0 U 12
14 0 U 13
15 1 U -1
16 0 U 9
17 0 U 16
18 0 U 10
19 0 U 18
20 0 L 15
21 1 U 20
22 0 U 21
23 0 U 4
24 0 U 23
25 1 U -1
26 1 U 25
27 1 U 12
28 1 U 8
29 0 L 1
30 1 U -1
31
0 0 U -1
1 1 U 0
2 1 U 1
3 0 U 2
4 1 U 3
5 0 U -1
6 1 U 5
7 1 U 6
8 1 L 6
9 1 U 8
10 1 U -1
11 1 U 10
12 0 U 11
13 0 U 12
14 1 U 6
15 1 U -1
16 0 U 9
17 1 U 11
18 0 U 10
19 0 U 18
20 0 L 15
21 0 U 18
22 0 U 21
23 0 U 9
24 0 U 23
25 1 U -1
26 1 U 25
27 1 U 12
28 1 U 8
29 0 L 1
30 0 U 26
31
0 0 U -1
1 1 U 0
2 1 U 1
3 0 U 2
4 1 U 3
5 0 U -1
6 1 U 5
7 1 U 6
8 1 L 6
9 1 U 8
10 1 U -1
11 1 U 10
12 0 U 11
13 0 U 12
14 0 U 13
15 1 U -1
16 0 U 9
17 0 U 16
18 0 U 10
19 1 L 7
20 1 L 8
21 1 U 20
22 0 U 8
23 0 U 9
24 0 U 23
25 1 U -1
26 1 U 25
27 1 U 12
28 1 U 8
29 0 L 1
30 1 U -1
