72
0 0 U -1
1 1 U 0
2 0 U 1
3 1 U 2
4 1 U 3
5 1 U 4
6 0 U 5
7 0 U 6
8 0 U -1
9 0 U 8
10 0 U 9
11 1 U 10
12 1 U 11
13 1 U 12
14 0 U 13
15 1 U 14
16 1 U -1
17 1 U 16
18 0 U 17
19 1 U 18
20 1 U 19
21 0 U 20
22 0 U 21
23 0 U 22
24 0 U -1
25 0 U 24
26 0 U 25
27 0 U 26
28 0 U 27
29 0 U 28
30 0 U 29
31 1 U 30
32 1 U -1
33 1 U 32
34 0 U 33
35 0 U 34
36 1 U 35
37 0 U 36
38 1 U 37
39 1 U 38
40 0 U -1
41 1 U 40
42 0 U 41
43 0 U 42
44 0 U 43
45 1 U 44
46 0 U 45
47 1 U 46
48 0 U -1
49 1 U 48
50 0 U 49
51 0 U 50
52 1 U 51
53 1 U 52
54 1 U 53
55 0 U 54
56 1 U -1
57 0 U 56
58 0 U 57
59 1 U 58
60 1 U 59
61 0 U 60
62 1 U 61
63 0 U 62
64 1 U -1
65 1 U 64
66 0 U 65
67 0 U 66
68 1 U 67
69 0 U 68
70 1 U 69
71 0 U 70
72
0 0 U -1
1 1 U 0
2 0 U 1
3 1 U 2
4 1 U 3
5 1 U 4
6 0 U 5
7 0 U 6
8 0 U -1
9 0 U -1
10 0 U 9
11 1 U 10
12 1 U 11
13 1 U 12
14 0 U 13
15 1 U 2
16 1 U -1
17 1 U 16
18 0 U 17
19 1 U 18
20 1 U 11
21 0 U 20
22 0 U 21
23 0 U 22
24 0 U -1
25 0 U 24
26 0 U 25
27 0 U 26
28 0 U 27
29 0 U 28
30 0 U 29
31 1 U 30
32 1 U -1
33 1 U 32
34 0 U 33
35 0 U 10
36 1 U 35
37 0 U 36
38 1 U 37
39 1 U 38
40 0 U -1
41 1 U 40
42 0 U 41
43 0 U 42
44 0 U 43
45 1 U 44
46 0 U 45
47 1 U 46
48 0 U -1
49 1 U 48
50 0 U 49
51 0 U 50
52 1 U 51
53 1 U 52
54 1 U 53
55 0 U 54
56 1 U -1
57 1 L 24
58 0 U 57
59 1 U 58
60 1 U 59
61 0 U 60
62 0 U 55
63 0 U 62
64 1 U -1
65 1 U 64
66 0 U 65
67 0 U 66
68 1 U 67
69 0 U 4
70 1 U 69
71 0 U 70
72
0 1 L -1
1 1 U 0
2 1 L 0
3 1 U 2
4 1 U 3
5 1 U 4
6 0 U 5
7 0 U 6
8 0 U -1
9 0 U -1
10 0 U 0
11 1 U 10
12 1 U 11
13 1 U 12
14 0 U 13
15 1 U 2
16 1 U -1
17 1 U 16
18 0 U 17
19 1 U 18
20 1 U 11
21 0 U 20
22 0 U 21
23 0 U 22
24 0 U -1
25 0 U 24
26 0 U 25
27 0 U 26
28 0 U 27
29 0 U 28
30 0 U 29
31 1 U 30
32 1 U -1
33 1 U 32
34 0 U 33
35 0 U 10
36 1 U 35
37 0 U 36
38 1 U 0
39 1 U 38
40 0 U -1
41 1 U 40
42 0 U 41
43 1 L 6
44 0 U 43
45 1 U 44
46 0 U 45
47 1 U 46
48 0 U -1
49 1 U 48
50 0 U 49
51 0 U 50
52 1 U 51
53 1 U 52
54 1 U 53
55 0 U 54
56 1 U 8
57 1 L 24
58 0 U 57
59 1 U 58
60 1 U 59
61 0 U 60
62 0 U 55
63 0 U 62
64 1 U -1
65 1 U 34
66 0 U 65
67 0 U 66
68 1 U 67
69 0 U 4
70 1 U 69
71 0 U 70
72
0 1 L -1
1 1 U 0
2 1 L 0
3 1 U 2
4 1 U 3
5 1 U 4
6 0 U 5
7 0 U 6
8 0 U -1
9 0 U -1
10 0 U 0
11 1 U 10
12 1 U 11
13 1 U 10
14 0 U 13
15 1 U 2
16 0 L 12
17 1 U 16
18 0 U 17
19 1 U 18
20 1 U 11
21 0 U 20
22 0 U 21
23 0 U 22
24 0 U -1
25 0 U 24
26 0 U 25
27 0 U 26
28 0 U 27
29 0 U 28
30 0 U 29
31 1 U 30
32 1 L 20
33 1 U 32
34 0 U 33
35 0 U 8
36 1 U 35
37 0 U 36
38 1 U 0
39 1 U 38
40 0 U -1
41 1 U 40
42 0 U 36
43 1 L 6
44 0 U 43
45 1 U 44
46 0 U 45
47 1 U 46
48 0 L 24
49 1 U 48
50 0 U 49
51 0 U 50
52 1 U 51
53 1 U 52
54 1 U 53
55 0 U 46
56 1 U 8
57 1 L 24
58 0 U 57
59 1 U 58
60 1 U 59
61 0 U 60
62 1 U 42
63 0 U 62
64 1 U -1
65 1 U 34
66 0 U 65
67 0 U 66
68 1 U 67
69 0 L 48
70 1 U 69
71 0 U 70
72
0 1 L -1
1 1 U 0
2 1 L 0
3 1 U 2
4 1 U 3
5 1 U 4
6 0 U 5
7 0 U 6
8 0 U -1
9 0 U -1
10 0 U 0
11 1 U 10
12 1 U 11
13 1 U 10
14 0 U 13
15 1 U 2
16 0 L 12
17 1 U 16
18 0 U 17
19 1 U 18
20 1 U 11
21 0 U 20
22 0 U 21
23 0 U 22
24 0 U -1
25 0 U 24
26 0 U 14
27 0 U 26
28 0 U 27
29 0 U 28
30 0 U 29
31 1 U 30
32 1 L 20
33 1 U 4
34 0 U 33
35 0 U 8
36 1 U 35
37 0 U 36
38 1 U 0
39 1 U 38
40 1 U 17
41 1 U 40
42 0 U 36
43 1 L 6
44 0 U 43
45 1 U 44
46 0 U 45
47 1 U 46
48 0 L 24
49 1 U 29
50 0 U 49
51 0 U 50
52 1 U 51
53 1 U 52
54 1 U 53
55 0 U 46
56 1 L 40
57 1 L 24
58 0 U 57
59 1 U 58
60 1 L 18
61 0 U 60
62 1 U 42
63 0 U 62
64 1 U -1
65 1 U 34
66 0 U 65
67 0 U 66
68 1 U 67
69 0 L 48
70 1 U 69
71 0 U 70
72
0 1 L -1
1 1 U 0
2 1 L 0
3 1 U 2
4 1 U 3
5 1 U 4
6 0 U 5
7 0 U 6
8 0 U -1
9 0 U -1
10 0 U 0
11 0 U 7
12 1 U 11
13 1 U 10
14 0 U 13
15 1 U 2
16 0 L 12
17 1 U 16
18 0 U 17
19 1 U 18
20 1 U 11
21 1 L 13
22 0 U 21
23 0 U 22
24 0 U -1
25 0 U 24
26 0 U 25
27 0 U 26
28 1 L 1
29 0 U 28
30 0 U 29
31 1 U 8
32 1 L 20
33 1 U 32
34 0 U 33
35 0 U 8
36 1 U 35
37 0 U 36
38 1 L 12
39 1 U 38
40 1 U 1
41 1 L 24
42 0 U 36
43 1 L 6
44 0 U 43
45 1 U 44
46 0 U 45
47 1 U 46
48 0 L 24
49 1 U 48
50 0 U 49
51 0 U 50
52 1 U 51
53 1 U 52
54 1 U 53
55 0 U 46
56 1 U 8
57 1 L 24
58 1 L 31
59 1 U 58
60 1 U 34
61 0 U 60
62 1 U 42
63 0 U 62
64 1 U -1
65 1 U 34
66 0 U 65
67 0 U 66
68 0 U 12
69 0 L 48
70 1 U 69
71 0 U 18
72
0 1 L -1
1 1 U 0
2 1 U 1
3 1 U 2
4 1 U 3
5 1 U 4
6 0 U 5
7 0 U 6
8 0 U -1
9 0 U -1
10 0 U 0
11 1 U 10
12 1 U 11
13 1 U 10
14 0 U 13
15 1 U 2
16 0 L 12
17 1 U 16
18 0 U 17
19 1 U 18
20 1 U 11
21 0 U 20
22 1 L 16
23 0 U 22
24 0 U -1
25 0 U 24
26 0 U 25
27 0 U 26
28 0 U 27
29 0 U 28
30 0 U 29
31 1 U 30
32 1 L 20
33 1 U 32
34 0 U 33
35 0 U 8
36 1 U 35
37 0 U 36
38 1 U 0
39 0 U 14
40 0 U -1
41 1 U 40
42 0 U 36
43 1 L 6
44 0 U 43
45 1 U 44
46 0 U 45
47 1 U 46
48 0 L 24
49 1 U 48
50 1 L 19
51 0 U 50
52 1 U 51
53 1 U 52
54 1 U 53
55 0 U 46
56 1 U 8
57 1 L 24
58 0 U 57
59 1 U 58
60 1 U 59
61 0 U 60
62 1 U 42
63 0 U 62
64 0 U 1
65 1 U 34
66 0 U 65
67 0 U 66
68 0 U 66
69 0 L 48
70 1 U 69
71 0 U 70
72
0 1 L -1
1 0 U -1
2 1 U 1
3 1 U 0
4 0 L 0
5 1 U 4
6 0 U 5
7 0 U 6
8 0 U -1
9 0 U -1
10 0 U 3
11 0 L 9
12 1 U 11
13 1 U 10
14 0 U 13
15 1 U 2
16 0 L 12
17 1 U 16
18 0 L 16
19 1 U 18
20 1 U 11
21 0 U 20
22 1 L 16
23 0 U 22
24 0 U -1
25 0 U 24
26 0 U 25
27 0 U 26
28 0 U 27
29 0 U 28
30 0 U 29
31 1 U 30
32 1 L 20
33 1 U 32
34 0 U 33
35 0 U 8
36 1 U 35
37 0 U 36
38 1 U 0
39 0 U 14
40 0 U -1
41 1 U 40
42 0 U 36
43 1 L 6
44 0 U 43
45 1 U 44
46 0 U 45
47 1 U 46
48 0 L 24
49 1 U 48
50 1 L 19
51 0 U 50
52 1 U 51
53 1 U 52
54 1 U 53
55 0 U 46
56 1 U 8
57 1 L 24
58 0 U 57
59 0 L 56
60 1 U 59
61 0 U 60
62 1 U 42
63 0 U 62
64 0 U 1
65 1 U 34
66 0 U 65
67 0 U 66
68 0 U 66
69 0 L 48
70 1 U 69
71 0 U 70
72
0 1 L -1
1 1 U 0
2 1 U 1
3 1 U 2
4 1 U 3
5 0 L 4
6 0 U 5
7 0 U 6
8 0 U -1
9 0 U -1
10 0 U 0
11 1 U 10
12 1 U 11
13 1 U 10
14 0 U 13
15 1 U 2
16 0 L 12
17 1 U 16
18 0 U 17
19 1 U 18
20 1 U 11
21 0 U 20
22 1 L 16
23 0 U 22
24 0 U -1
25 0 U 24
26 0 U 25
27 0 U 26
28 0 U 27
29 0 U 28
30 1 U 7
31 1 U 30
32 1 L 20
33 1 U 32
34 0 U 33
35 0 U 8
36 1 U 35
37 0 U 36
38 1 U 0
39 0 U 14
40 1 U 15
41 1 U 40
42 0 U 36
43 1 L 6
44 0 U 43
45 0 U 43
46 0 U 45
47 1 U 46
48 0 L 24
49 0 U 14
50 1 L 19
51 0 U 50
52 1 L 25
53 1 U 52
54 1 U 53
55 0 U 46
56 1 U 8
57 1 L 24
58 1 U 48
59 1 U 58
60 1 U 59
61 0 L 48
62 1 U 42
63 1 U 48
64 0 U 1
65 0 L 31
66 0 U 65
67 0 U 66
68 0 U 66
69 0 L 48
70 1 U 69
71 0 U 70
72
0 1 L -1
1 1 U 0
2 1 U 1
3 1 U 2
4 1 U 3
5 1 U 4
6 0 U 5
7 0 U 4
8 0 U -1
9 0 U -1
10 0 U 0
11 1 U 10
12 0 L 6
13 1 U 10
14 0 U 13
15 1 U 2
16 0 L 12
17 1 U 16
18 0 U 17
19 0 L 8
20 1 U 11
21 0 U 20
22 1 L 16
23 0 U 22
24 0 U -1
25 0 U 24
26 0 U 25
27 0 U 26
28 0 U 27
29 0 U 28
30 0 U 29
31 1 U 30
32 1 L 20
33 1 U 32
34 0 U 33
35 0 U 8
36 1 U 35
37 0 U 36
38 1 U 0
39 0 U 14
40 0 U -1
41 1 U 40
42 0 U 36
43 1 L 6
44 0 U 43
45 1 U 44
46 0 U 45
47 1 U 46
48 0 L 24
49 1 U 48
50 1 L 19
51 1 U 33
52 1 U 51
53 1 U 52
54 1 U 53
55 0 U 46
56 1 U 8
57 1 L 24
58 0 U 57
59 1 U 58
60 1 U 59
61 0 U 60
62 1 U 42
63 0 U 62
64 0 U 1
65 1 U 34
66 0 U 65
67 0 U 66
68 0 U 66
69 0 L 48
70 1 U 69
71 0 L 13
72
0 1 L -1
1 1 U 0
2 1 U 1
3 1 U 2
4 1 U 3
5 1 U 4
6 0 U 5
7 0 U 6
8 0 U -1
9 0 U 4
10 0 U 0
11 1 L 7
12 1 U 11
13 1 U 10
14 0 U 13
15 1 U 2
16 0 L 12
17 0 L 6
18 0 U 17
19 1 U 18
20 1 U 11
21 0 U 20
22 1 L 11
23 0 U 22
24 0 U -1
25 0 U 24
26 0 U 25
27 0 U 26
28 0 U 27
29 0 U 28
30 0 U 29
31 1 U 30
32 1 L 20
33 1 U 32
34 0 U 33
35 0 U 8
36 1 U 35
37 0 U 36
38 1 U 0
39 0 U 14
40 0 U -1
41 1 U 40
42 0 U 36
43 1 L 6
44 0 U 43
45 1 U 44
46 0 U 45
47 1 U 46
48 0 L 23
49 1 L 43
50 1 L 19
51 0 U 50
52 1 U 21
53 1 U 52
54 1 U 53
55 1 L 41
56 1 U 8
57 1 L 24
58 0 U 57
59 1 U 58
60 1 U 59
61 0 U 60
62 0 U 20
63 0 U 62
64 0 U 1
65 1 U 34
66 1 L 26
67 0 U 66
68 0 U 66
69 0 L 48
70 1 U 69
71 0 U 70
72
0 0 L -1
1 1 U 0
2 0 U 1
3 1 U 2
4 1 U 3
5 1 U 4
6 0 U 5
7 0 U 6
8 0 U -1
9 0 U -1
10 0 U 0
11 1 U 10
12 1 U 11
13 1 U 10
14 0 U 13
15 1 U 2
16 0 L 12
17 1 U 16
18 0 U 17
19 1 U 18
20 1 L 12
21 0 U 20
22 1 L 16
23 0 U 22
24 0 U -1
25 0 U 24
26 0 U 25
27 0 U 26
28 0 U 27
29 0 U 28
30 0 U 29
31 1 U 30
32 1 L 20
33 1 U 32
34 0 U 33
35 0 U 8
36 1 U 35
37 0 U 36
38 1 U 0
39 0 U 14
40 0 U -1
41 1 U 40
42 0 U 36
43 1 L 6
44 0 U 43
45 1 U 44
46 1 L 1
47 1 U 46
48 0 L 24
49 1 U 48
50 1 L 19
51 0 U 50
52 1 U 51
53 1 U 52
54 1 L 19
55 0 U 46
56 1 U 8
57 1 L 24
58 1 U 25
59 1 U 58
60 1 U 59
61 0 U 39
62 1 U 42
63 0 U 62
64 0 U 1
65 1 U 34
66 0 U 65
67 0 U 66
68 0 U 66
69 0 L 48
70 1 U 69
71 0 U 70
72
0 1 L -1
1 1 U 0
2 1 U 1
3 1 U 2
4 1 U 3
5 1 U 4
6 1 L 3
7 0 U 6
8 0 U -1
9 0 U -1
10 0 U 0
11 1 U 10
12 1 L 2
13 1 U 10
14 0 U 13
15 1 U 2
16 0 L 12
17 1 U 16
18 0 U 17
19 1 U 18
20 1 U 11
21 0 U 20
22 1 L 16
23 0 U 22
24 0 U -1
25 0 U 24
26 0 U 25
27 0 L 24
28 0 U 27
29 0 U 28
30 0 U 29
31 1 U 30
32 1 L 20
33 1 U 32
34 0 U 33
35 0 U 8
36 1 U 35
37 0 U 36
38 1 U 0
39 0 U 14
40 0 U -1
41 1 U 40
42 0 U 36
43 1 L 6
44 0 U 43
45 1 U 44
46 0 U 45
47 1 U 46
48 0 L 24
49 1 U 48
50 1 L 19
51 0 U 50
52 1 U 51
53 1 U 52
54 1 U 53
55 0 U 46
56 1 U 8
57 1 U 13
58 0 L 56
59 1 U 58
60 1 U 59
61 0 U 60
62 1 U 42
63 0 U 62
64 0 U 1
65 0 L 49
66 0 U 65
67 0 U 66
68 0 U 66
69 0 L 48
70 1 U 69
71 0 L 13
72
0 1 L -1
1 1 U 0
2 1 U 1
3 1 U -1
4 1 U 3
5 1 U 4
6 0 U 5
7 0 U 6
8 0 U -1
9 0 U -1
10 0 U 0
11 1 U 10
12 1 U 11
13 1 U 10
14 0 U 13
15 1 U 2
16 0 L 12
17 1 U 16
18 0 U 17
19 1 U 18
20 0 U 6
21 0 U 18
22 0 L 12
23 0 U 22
24 0 L 17
25 0 U 24
26 0 U 25
27 0 L 22
28 0 U 27
29 0 U 28
30 0 U 29
31 1 U 30
32 1 L 20
33 1 U 32
34 0 U 33
35 0 U 8
36 1 U 35
37 0 U 36
38 1 U 0
39 0 U 14
40 0 U -1
41 1 U 40
42 0 U 36
43 1 U 6
44 0 U 43
45 1 U 44
46 0 U 45
47 1 U 46
48 0 L 24
49 1 U 48
50 1 L 19
51 0 U 50
52 1 U 51
53 0 U 47
54 1 U 53
55 0 U 46
56 0 L 17
57 1 L 24
58 0 U 57
59 1 U 58
60 1 U 59
61 0 U 60
62 1 U 42
63 1 L 5
64 0 U 1
65 1 U 34
66 0 U 65
67 0 U 66
68 0 U 66
69 0 L 48
70 1 U 69
71 0 U 70
72
0 1 L -1
1 0 U 0
2 1 U 1
3 1 U 2
4 1 U 3
5 1 U 4
6 0 U 5
7 0 U 6
8 1 L 6
9 0 U -1
10 0 U 0
11 1 U 10
12 1 U 11
13 1 U 10
14 0 U 13
15 1 U 2
16 0 L 12
17 1 U 16
18 0 U 17
19 1 U 18
20 1 U 11
21 0 U 20
22 1 L 16
23 0 U 22
24 1 U 22
25 0 U 24
26 0 U 25
27 0 U 26
28 0 U 27
29 0 U 28
30 0 U 29
31 1 U 30
32 1 L 20
33 1 U 32
34 0 U 33
35 0 U 8
36 1 U 35
37 1 U 0
38 1 U 0
39 0 L 29
40 0 U -1
41 1 U 40
42 0 U 36
43 1 L 6
44 0 U 43
45 1 U 44
46 0 L 40
47 1 U 46
48 0 L 24
49 1 U 48
50 1 L 19
51 0 U 50
52 1 U 51
53 1 U 52
54 0 U 53
55 0 U 46
56 1 U 8
57 1 L 24
58 0 U 57
59 1 L 39
60 1 U 59
61 0 U 60
62 1 L 9
63 0 U 62
64 0 U 1
65 1 U 34
66 0 U 65
67 0 L 22
68 0 U 66
69 0 L 48
70 1 U 69
71 0 U 70
72
0 1 L -1
1 1 U 0
2 0 L 1
3 1 U 2
4 1 U 3
5 1 U 4
6 0 U 5
7 1 U 5
8 0 U -1
9 0 U -1
10 0 U 0
11 1 U 10
12 1 U 11
13 1 U 10
14 0 U 13
15 1 U 2
16 0 L 12
17 1 U 16
18 1 L -1
19 1 U 18
20 1 U 11
21 0 U 20
22 1 L 16
23 0 U 22
24 0 U -1
25 0 U 24
26 0 U 25
27 0 U 26
28 0 U 27
29 0 U 28
30 0 U 29
31 1 U 30
32 1 L 20
33 1 U 32
34 0 U 33
35 0 U 8
36 1 U 35
37 0 U 36
38 1 U 0
39 0 U 14
40 0 U -1
41 1 U 40
42 0 U 36
43 1 L 6
44 0 U 43
45 1 U 44
46 0 U 45
47 1 U 46
48 0 L 24
49 1 U 48
50 1 L 19
51 0 U 50
52 1 U 51
53 1 U 52
54 1 U 53
55 0 U 46
56 0 L 33
57 1 L 24
58 0 U 57
59 1 U 58
60 1 U 59
61 0 U 7
62 1 U 42
63 0 U 62
64 0 U 1
65 1 U 34
66 0 U 65
67 0 U 66
68 0 U 66
69 0 L 48
70 1 U 69
71 0 U 70
72
0 0 U -1
1 1 U 0
2 1 U 1
3 1 U 2
4 0 U 3
5 1 U 4
6 0 U 5
7 0 U 6
8 0 U -1
9 0 U -1
10 0 U 0
11 1 U 10
12 1 U 11
13 1 U 10
14 0 U 13
15 1 U 2
16 0 L 12
17 1 U 16
18 0 U 17
19 1 U 18
20 1 U 11
21 0 U 20
22 1 L 2
23 0 U 22
24 0 L 14
25 0 U 24
26 0 U 25
27 0 U 26
28 0 U 27
29 0 U 28
30 0 U 29
31 1 U 30
32 1 L 20
33 1 U 32
34 0 U 33
35 0 U 8
36 1 U 35
37 0 U 36
38 1 U 0
39 0 U 14
40 0 U -1
41 1 U 40
42 0 U 36
43 1 U 33
44 0 U 43
45 1 U 44
46 0 U 45
47 1 U 46
48 0 L 24
49 1 U 48
50 1 L 19
51 0 U 50
52 1 U 51
53 1 U 52
54 1 U 53
55 0 U 46
56 1 U 8
57 1 L 24
58 0 U 57
59 1 U 58
60 1 U 59
61 0 U 60
62 1 U 42
63 0 U 62
64 0 U 1
65 1 U 34
66 0 U 65
67 0 U 66
68 0 U 64
69 0 L 48
70 1 U 38
71 0 L 40
72
0 1 L -1
1 1 U 0
2 1 U 1
3 1 U 2
4 1 U 3
5 1 U 4
6 1 L 1
7 0 U 6
8 0 U -1
9 0 U -1
10 0 U 0
11 1 U 10
12 1 U 11
13 1 U 10
14 0 U 13
15 1 U 2
16 0 L 12
17 1 U 16
18 0 U 17
19 1 U 18
20 1 U 11
21 0 U 20
22 1 L 16
23 0 U 22
24 0 U -1
25 0 U 24
26 0 U 25
27 0 U 26
28 0 U 27
29 1 L 4
30 0 U 29
31 1 U 30
32 1 L 20
33 1 U 32
34 0 U 33
35 0 L 22
36 1 U 35
37 0 U 36
38 1 U 0
39 0 U 14
40 0 U -1
41 1 U 40
42 0 U 36
43 1 L 6
44 0 U 43
45 1 U 44
46 0 U 45
47 1 U 46
48 0 L 24
49 1 U 48
50 1 L 19
51 0 U 50
52 1 U 51
53 1 U 52
54 1 U 53
55 0 U 46
56 1 U 8
57 1 L 24
58 0 U 57
59 1 U 58
60 0 U 24
61 0 U 60
62 1 U 42
63 0 U 62
64 0 U 1
65 1 U 34
66 0 U 65
67 0 U 66
68 0 U 66
69 0 L 48
70 1 U 69
71 0 U 70
72
0 1 L -1
1 1 U 0
2 1 U 1
3 1 U 2
4 1 L 0
5 1 U 4
6 0 U 5
7 0 U 6
8 0 U -1
9 0 U -1
10 0 U 0
11 1 U 10
12 0 U 8
13 1 U 5
14 0 U 13
15 1 U 2
16 0 L 12
17 1 U 16
18 0 U 17
19 1 U 18
20 1 U 11
21 0 U 20
22 1 U 5
23 0 U 22
24 0 U -1
25 0 U 24
26 0 U 25
27 0 U 26
28 0 U 27
29 0 U 28
30 0 U 29
31 1 U 30
32 1 L 20
33 1 U 32
34 0 U 33
35 0 U 8
36 1 U 35
37 0 U 36
38 1 U 0
39 0 U 14
40 0 U -1
41 1 U 40
42 1 U 0
43 1 L 6
44 0 U 43
45 1 U 44
46 0 U 14
47 1 U 46
48 0 L 24
49 1 U 48
50 1 L 19
51 0 U 50
52 1 U 51
53 1 U 52
54 1 U 53
55 0 U 46
56 1 U 33
57 1 L 24
58 0 U 57
59 1 U 58
60 1 U 59
61 0 U 13
62 1 U 42
63 1 U 20
64 1 L 44
65 1 U 34
66 0 U 65
67 0 U 66
68 0 U 66
69 0 L 48
70 1 U 69
71 0 U 70
72
0 1 L -1
1 1 U 0
2 1 U 1
3 1 U 2
4 1 U 3
5 1 U 4
6 0 U 5
7 0 U 6
8 0 U -1
9 0 U -1
10 1 L 7
11 1 U 10
12 1 U 11
13 1 U 10
14 0 U 2
15 1 U 2
16 0 L 12
17 1 U 16
18 0 U 17
19 1 U 18
20 1 U 11
21 0 U 20
22 1 L 16
23 0 U 22
24 0 U -1
25 0 U 24
26 0 U 25
27 0 U 26
28 0 U 27
29 0 U 28
30 0 U 29
31 1 U 30
32 1 L 20
33 1 U 32
34 0 U 33
35 0 L 34
36 0 L 17
37 0 U 36
38 1 U 0
39 0 U 14
40 0 U -1
41 1 U 40
42 0 U 36
43 1 L 6
44 0 U 43
45 1 U 44
46 0 U 45
47 1 U 46
48 0 L 24
49 1 U 48
50 1 L 19
51 0 U 50
52 1 U 51
53 1 U 52
54 1 U 53
55 0 U 46
56 1 U 8
57 1 L 24
58 0 U 57
59 1 U 58
60 1 U 59
61 0 U 60
62 1 U 42
63 0 U 62
64 0 U 1
65 1 U 34
66 0 U 65
67 0 U 66
68 0 U 66
69 0 L 48
70 1 U 69
71 0 U 70
72
0 1 L -1
1 1 U 0
2 1 U 1
3 1 U 2
4 1 U 3
5 1 U 4
6 0 U 5
7 0 U 6
8 0 U -1
9 0 U -1
10 1 L 7
11 1 U 10
12 1 U 11
13 1 U 10
14 0 U 2
15 1 U 2
16 0 L 12
17 1 U 16
18 0 U 17
19 1 U 18
20 1 U 11
21 0 U 20
22 1 L 16
23 0 U 22
24 0 U -1
25 0 U 24
26 0 U 25
27 0 U 26
28 0 U 27
29 0 U 28
30 0 U 29
31 1 U 30
32 1 L 20
33 1 U 32
34 0 U 33
35 0 L 34
36 0 L 17
37 0 U 36
38 1 U 0
39 0 U 14
40 0 U -1
41 1 U 40
42 0 U 31
43 1 L 6
44 0 U 43
45 1 U 44
46 0 U 45
47 1 U 46
48 0 L 24
49 1 U 48
50 1 L 19
51 0 U 50
52 1 U 51
53 1 L 51
54 1 U 53
55 0 U 46
56 1 U 8
57 1 L 24
58 0 U 57
59 1 U 58
60 1 U 59
61 0 U 60
62 1 U 42
63 1 L 25
64 0 U 1
65 1 U 34
66 0 U 65
67 0 U 66
68 0 U 66
69 0 L 48
70 1 U 69
71 0 U 70
72
0 1 L -1
1 1 U 0
2 0 U 0
3 1 U 2
4 1 U 3
5 1 U 4
6 0 U 5
7 0 U 6
8 0 U -1
9 0 U -1
10 1 L 7
11 1 U 10
12 1 U 11
13 1 U 10
14 0 U 2
15 1 U 2
16 0 L 12
17 1 U 16
18 0 U 17
19 1 U 18
20 1 U 11
21 0 U 20
22 1 L 16
23 0 U 22
24 0 U -1
25 0 U 24
26 1 L 2
27 0 U 26
28 0 U 27
29 1 U 21
30 0 U 29
31 1 U 30
32 1 L 20
33 1 U 32
34 0 U 33
35 0 L 34
36 0 L 17
37 0 U 36
38 1 U 0
39 0 U 14
40 0 U -1
41 1 U 40
42 0 U 36
43 1 L 6
44 0 U 43
45 1 U 44
46 0 U 45
47 1 U 46
48 0 L 24
49 1 U 48
50 1 L 19
51 0 U 50
52 1 U 51
53 1 U 52
54 1 U 53
55 0 U 46
56 1 U 8
57 1 L 24
58 0 U 57
59 1 U 58
60 1 U 59
61 0 U 60
62 1 U 42
63 0 U 62
64 0 U 1
65 1 U 34
66 0 U 65
67 0 U 66
68 0 U 66
69 0 L 48
70 1 U 69
71 0 U 70
72
0 1 L -1
1 1 U 0
2 1 U 1
3 1 U 2
4 1 U 3
5 1 U 4
6 0 U 5
7 0 U 6
8 0 U -1
9 0 U -1
10 1 L 7
11 1 U 10
12 0 U -1
13 1 U 10
14 1 U 13
15 1 U 2
16 0 L 12
17 1 U 16
18 0 U 17
19 1 U 18
20 1 U 11
21 0 U 20
22 1 L 16
23 0 U 10
24 0 U -1
25 0 U 24
26 0 U 25
27 0 U 26
28 0 U 27
29 0 U 28
30 0 U 29
31 0 U 24
32 1 L 2
33 0 L 20
34 0 U 33
35 0 L 34
36 1 L 0
37 0 U 36
38 1 U 0
39 0 U 14
40 0 U -1
41 1 U 40
42 0 U 36
43 1 L 6
44 0 U 43
45 1 U 44
46 0 U 45
47 1 U 46
48 0 L 24
49 1 U 48
50 1 L 19
51 0 U 50
52 1 U 51
53 1 U 52
54 1 U 53
55 0 U 46
56 1 U 8
57 1 L 24
58 0 U 57
59 1 U 58
60 1 U 59
61 0 U 60
62 1 U 42
63 0 U 35
64 0 U 1
65 1 U 34
66 0 U 65
67 0 U 66
68 0 U 66
69 0 L 48
70 1 U 69
71 0 U 70
72
0 1 L -1
1 0 U -1
2 1 U 1
3 1 U 2
4 1 U 3
5 1 U 4
6 0 U 5
7 0 U 6
8 0 U -1
9 0 U -1
10 1 L 7
11 1 U 10
12 0 L 9
13 1 U 10
14 0 U 2
15 1 L 8
16 0 L 12
17 1 U 16
18 0 U 17
19 1 U 18
20 1 U 11
21 0 U 20
22 1 L 16
23 0 U 22
24 0 U -1
25 0 U 24
26 0 U 25
27 0 U 26
28 0 U 27
29 0 U 28
30 1 L 13
31 1 U 30
32 1 L 20
33 1 U 32
34 0 U 33
35 0 L 34
36 0 L 17
37 0 U 36
38 1 U 0
39 0 U 14
40 0 U -1
41 1 U 40
42 0 U 36
43 1 L 6
44 0 U 43
45 1 U 44
46 0 U 45
47 1 U 46
48 0 L 24
49 0 U 8
50 1 L 19
51 0 U 50
52 1 U 51
53 1 U 52
54 1 U 53
55 0 U 46
56 1 U 8
57 1 L 24
58 0 U 57
59 1 U 58
60 1 U 59
61 0 U 60
62 1 U 42
63 0 U 62
64 0 U 1
65 1 U 34
66 0 U 33
67 0 U 66
68 0 U 66
69 0 L 48
70 1 U 69
71 0 U 70
72
0 1 L -1
1 1 U 0
2 1 U 1
3 1 U 2
4 1 U 3
5 1 U 4
6 0 U 5
7 0 U 6
8 0 U -1
9 0 U -1
10 1 L 7
11 1 U 10
12 1 U 11
13 1 U 10
14 0 U 2
15 1 U 2
16 0 L 12
17 1 U 16
18 0 U 17
19 1 U 18
20 1 U 11
21 0 U 20
22 1 L 16
23 0 U 22
24 0 U -1
25 0 U 24
26 0 U 25
27 0 U 26
28 0 U 27
29 0 U 16
30 0 U 29
31 1 U 30
32 1 L 20
33 1 U 32
34 0 U 9
35 0 L 34
36 0 L 17
37 1 L 7
38 1 U 0
39 0 U 14
40 0 U -1
41 1 U 40
42 0 U 36
43 1 L 6
44 0 U 43
45 1 U 44
46 0 L 0
47 1 U 46
48 0 L 24
49 1 U 48
50 0 U 20
51 0 U 50
52 1 U 51
53 1 U 52
54 1 U 53
55 0 U 46
56 1 U 8
57 1 L 24
58 0 U 57
59 1 U 58
60 0 L 19
61 1 U 1
62 1 U 32
63 0 U 62
64 1 L 36
65 1 U 34
66 0 U 65
67 0 U 66
68 0 U 66
69 0 L 48
70 1 U 69
71 0 U 70
72
0 1 L -1
1 1 U 0
2 1 U 1
3 1 U 2
4 1 U 3
5 1 U 4
6 0 U 5
7 0 U 6
8 0 U -1
9 0 U -1
10 1 L 7
11 1 U 10
12 0 L 8
13 1 U 10
14 0 U 2
15 1 U 2
16 0 L 12
17 1 U 16
18 0 U 17
19 1 U 18
20 1 U 11
21 0 U 20
22 1 L 16
23 0 L 10
24 0 U -1
25 0 U 24
26 0 U 25
27 0 U 26
28 0 U 27
29 0 U 28
30 0 U 29
31 1 U 14
32 1 L 20
33 1 U 32
34 0 U 33
35 0 L 34
36 0 L 17
37 0 U 36
38 1 U 0
39 0 U 14
40 0 U -1
41 0 U 31
42 0 U 36
43 1 L 6
44 0 U 43
45 1 U 44
46 0 U 45
47 1 U 46
48 0 L 24
49 1 U 48
50 1 L 19
51 0 U 50
52 1 U 51
53 1 L 31
54 1 U 53
55 0 U 46
56 1 U 8
57 1 L 24
58 0 U 41
59 1 U 58
60 1 U 59
61 0 U 60
62 1 U 42
63 0 U 62
64 0 U 1
65 1 U 34
66 0 U 65
67 0 U 9
68 0 U 66
69 0 L 48
70 1 U 69
71 0 U 70
72
0 0 U -1
1 1 U 0
2 1 L 1
3 1 U 2
4 1 U 3
5 1 U 4
6 0 U 5
7 0 U 6
8 1 U 4
9 0 U -1
10 1 L 7
11 1 U 10
12 1 U 11
13 1 U 10
14 0 U 2
15 1 U 2
16 0 L 12
17 1 U 16
18 0 L 13
19 1 U 18
20 1 U 11
21 0 U 20
22 1 L 16
23 0 U 22
24 0 U -1
25 1 U 13
26 0 U 25
27 1 L 3
28 0 U 27
29 0 U 28
30 0 U 29
31 1 U 30
32 1 L 20
33 1 U 32
34 0 U 33
35 0 L 34
36 0 L 17
37 0 U 36
38 0 L 30
39 0 U 14
40 0 U -1
41 1 U 40
42 1 L 34
43 1 L 6
44 0 U 43
45 0 L 3
46 0 U 45
47 1 U 46
48 0 L 24
49 1 U 48
50 1 L 37
51 0 U 15
52 1 U 51
53 1 U 52
54 1 U 53
55 0 U 46
56 1 U 8
57 1 L 24
58 0 U 57
59 1 U 58
60 1 U 59
61 0 U 25
62 1 U 42
63 0 U 62
64 0 U 1
65 1 U 34
66 0 U 65
67 0 U 66
68 0 L 9
69 0 L 48
70 1 U 69
71 0 U 70
72
0 1 L -1
1 1 U 0
2 1 U 1
3 1 U 2
4 1 U 3
5 1 U 4
6 0 U 5
7 0 U 6
8 0 U -1
9 0 U -1
10 1 L 7
11 1 U 10
12 1 U 11
13 1 U 10
14 0 U 2
15 1 U 2
16 0 L 12
17 1 U 16
18 0 U 17
19 0 U 12
20 0 U 14
21 0 U 20
22 1 U 21
23 0 U 22
24 0 U -1
25 0 U 24
26 0 U 25
27 0 U 26
28 0 U 27
29 0 U 28
30 0 U 29
31 1 U 30
32 1 L 20
33 1 U 32
34 0 U 33
35 0 L 34
36 0 L 17
37 0 U 36
38 1 U 0
39 0 U 14
40 0 U -1
41 1 U 40
42 0 U 36
43 0 U 37
44 0 U 43
45 1 U 44
46 0 U 45
47 1 L 17
48 0 L 24
49 0 L 44
50 1 L 19
51 0 U 50
52 1 U 51
53 1 U 52
54 1 U 53
55 0 U 46
56 1 U 8
57 0 U 13
58 0 U 57
59 1 U 58
60 1 U 59
61 0 U 60
62 1 U 42
63 0 U 62
64 0 U 1
65 1 U 34
66 0 U 65
67 0 U 66
68 0 U 66
69 0 L 48
70 0 L 68
71 0 U 70
72
0 1 L -1
1 1 U 0
2 1 U 1
3 1 U 2
4 0 L 1
5 1 U 4
6 0 U 5
7 0 U 6
8 0 U -1
9 0 U -1
10 1 L 7
11 1 U 10
12 1 U 11
13 1 U 10
14 0 U 2
15 1 U 2
16 0 L 12
17 1 U 16
18 0 U 17
19 1 U 18
20 1 U 11
21 1 U 14
22 1 L 16
23 0 U 22
24 0 U -1
25 0 U 24
26 0 U 25
27 0 U 22
28 0 U 27
29 0 U 28
30 0 U 29
31 1 U 30
32 1 L 20
33 1 U 32
34 0 U 33
35 0 L 34
36 0 L 17
37 0 U 36
38 1 U 0
39 0 U 14
40 0 U -1
41 1 U 40
42 0 U 36
43 1 L 6
44 0 U 43
45 1 U 44
46 0 U 45
47 1 U 46
48 0 L 24
49 1 U 48
50 1 U 6
51 0 U 50
52 1 U 51
53 1 U 52
54 1 U 53
55 0 U 46
56 1 U 8
57 1 L 24
58 0 U 57
59 1 U 58
60 1 U 59
61 0 U 60
62 1 U 42
63 0 U 62
64 0 U 1
65 1 U 34
66 1 L 3
67 0 U 66
68 1 L 62
69 0 L 48
70 1 U 69
71 0 U 70
72
0 1 L -1
1 1 U 0
2 1 U 1
3 1 U 2
4 1 U 3
5 1 U 4
6 0 U 5
7 0 U 6
8 0 U -1
9 0 U -1
10 1 L 7
11 0 L 10
12 1 U 11
13 1 U 10
14 0 U 2
15 1 U 2
16 0 L 12
17 1 U 16
18 0 U 17
19 1 U 18
20 1 U 11
21 0 U 20
22 1 L 16
23 0 U 22
24 0 U -1
25 0 U 24
26 0 U 25
27 0 U 26
28 0 U 27
29 0 U 28
30 0 U 29
31 1 U 30
32 1 L 20
33 1 U 32
34 0 U 33
35 0 L 34
36 0 L 17
37 0 U 36
38 1 U 0
39 1 L 15
40 0 U -1
41 1 U 40
42 0 U 36
43 1 L 6
44 0 U 43
45 1 U 44
46 0 L 31
47 1 U 46
48 0 L 24
49 1 U 48
50 1 L 19
51 0 U 50
52 1 U 51
53 1 L 22
54 1 U 53
55 0 U 46
56 1 U 8
57 1 L 24
58 0 U 57
59 1 U 58
60 1 U 59
61 0 U 60
62 1 U 42
63 0 U 62
64 0 U 1
65 1 U 34
66 0 U 65
67 0 U 9
68 0 U 66
69 0 L 48
70 1 U 69
71 0 U 70
72
0 1 L -1
1 1 U 0
2 1 U 1
3 1 U 2
4 1 U 3
5 1 U 4
6 0 U 5
7 0 U 6
8 0 U -1
9 0 U -1
10 1 L 7
11 1 U 10
12 1 U 11
13 1 U 10
14 0 U 2
15 1 U 2
16 0 L 12
17 1 U 16
18 0 U 17
19 1 U 18
20 1 U 11
21 0 U 20
22 1 L 16
23 0 U 22
24 0 U -1
25 1 U 4
26 0 U 25
27 0 U 26
28 0 U 27
29 0 U 28
30 0 U 29
31 1 U 30
32 1 L 20
33 1 U 32
34 1 U 3
35 0 L 34
36 0 L 17
37 0 U 36
38 1 U 0
39 0 U 14
40 0 U -1
41 1 U 40
42 0 U 36
43 0 L 23
44 0 U 43
45 1 U 44
46 0 U 45
47 1 U 46
48 0 L 24
49 0 L 29
50 1 L 19
51 0 U 50
52 1 U 51
53 1 U 52
54 1 U 10
55 0 U 46
56 1 U 8
57 1 L 24
58 0 U 57
59 1 U 58
60 1 U 59
61 0 U 60
62 1 U 42
63 0 U 62
64 1 L 0
65 0 L 4
66 0 U 65
67 0 U 66
68 0 U 66
69 0 L 48
70 1 U 69
71 0 L 14
72
0 1 L -1
1 1 U 0
2 1 U 1
3 1 U 2
4 1 U 3
5 1 U 4
6 0 U 3
7 0 U 6
8 0 U -1
9 0 U -1
10 1 L 5
11 1 U 10
12 0 U 11
13 1 U 10
14 0 U 2
15 1 U 2
16 0 L 12
17 1 U 16
18 0 U 17
19 1 U 18
20 1 U 11
21 0 U 20
22 1 L 16
23 0 U 22
24 0 U -1
25 0 U 24
26 0 U 25
27 0 U 26
28 0 U 27
29 0 U 28
30 0 U 29
31 1 U 30
32 1 L 20
33 1 U 32
34 0 U 33
35 0 L 34
36 0 L 17
37 0 U 36
38 1 U 0
39 0 U 14
40 0 U -1
41 1 U 40
42 0 U 36
43 0 U 37
44 0 U 43
45 1 U 44
46 0 U 45
47 0 L 40
48 0 L 24
49 1 L 6
50 1 L 19
51 0 U 50
52 1 U 51
53 1 L 10
54 1 U 53
55 0 U 46
56 1 U 8
57 1 L 24
58 0 U 57
59 1 U 58
60 1 U 59
61 0 U 60
62 0 L 16
63 0 U 62
64 0 U 1
65 1 U 34
66 0 U 65
67 0 U 66
68 0 U 66
69 0 L 48
70 1 U 69
71 1 U 18
72
0 1 L -1
1 1 U 0
2 1 U 1
3 1 U 2
4 1 U 3
5 1 U 4
6 0 L 1
7 0 U 6
8 0 U -1
9 0 U -1
10 1 L 7
11 1 U 10
12 0 U 2
13 1 U 10
14 0 U 2
15 1 U 2
16 0 L 12
17 1 U 16
18 0 U 17
19 1 U 18
20 0 L 18
21 0 U 20
22 1 L 16
23 0 U 22
24 0 U -1
25 0 U 13
26 0 U 25
27 0 U 26
28 0 U 27
29 0 U 28
30 0 L 17
31 1 U 30
32 1 L 20
33 1 U 32
34 0 U 33
35 0 L 34
36 0 L 17
37 0 U 36
38 1 U 0
39 0 U 14
40 0 U -1
41 1 L 9
42 0 U 36
43 1 L 6
44 0 U 43
45 1 U 44
46 0 U 45
47 1 U 46
48 0 L 24
49 1 U 48
50 1 L 19
51 0 U 50
52 1 U 51
53 1 U 52
54 1 U 53
55 0 U 46
56 1 U 8
57 1 L 24
58 0 U 57
59 1 U 58
60 1 L 55
61 0 U 60
62 1 U 42
63 0 U 62
64 0 U 1
65 1 U 34
66 0 U 65
67 0 U 66
68 0 U 66
69 0 L 48
70 1 U 69
71 0 U 70
72
0 1 L -1
1 0 L 0
2 1 U 1
3 1 U 2
4 1 U 3
5 1 U 4
6 0 U 5
7 0 U 6
8 0 U -1
9 0 U -1
10 1 L 7
11 1 U 10
12 1 U 11
13 1 U 10
14 0 U 2
15 1 U 2
16 0 L 12
17 1 U 16
18 0 U 17
19 1 U 18
20 0 L 12
21 0 U 20
22 1 L 16
23 0 U 3
24 0 L 0
25 0 U 24
26 0 U 25
27 0 U 26
28 0 U 27
29 0 U 28
30 0 U 29
31 1 U 30
32 1 L 20
33 1 U 32
34 0 U 33
35 0 L 34
36 0 L 17
37 0 U 36
38 1 U 0
39 0 U 14
40 0 U -1
41 1 U 40
42 0 U 36
43 1 L 6
44 0 U 43
45 1 U 44
46 0 U 45
47 1 U 46
48 0 U 36
49 1 U 48
50 1 L 19
51 0 U 50
52 1 U 51
53 1 U 52
54 1 U 53
55 0 U 46
56 1 U 8
57 1 L 24
58 0 U 57
59 1 U 58
60 1 U 59
61 0 U 60
62 1 U 42
63 0 U 62
64 0 U 1
65 1 U 34
66 0 U 65
67 0 U 66
68 0 U 66
69 0 L 48
70 0 L 0
71 1 L 31
72
0 1 L -1
1 1 U 0
2 1 U 1
3 1 U 2
4 1 U 3
5 1 U 1
6 0 U 5
7 0 U 6
8 0 U -1
9 0 U -1
10 1 L 7
11 1 U 10
12 1 U 11
13 1 U 10
14 0 U 2
15 1 U 11
16 0 L 12
17 1 U 16
18 0 U 17
19 1 U 18
20 1 L 14
21 0 U 20
22 1 L 16
23 0 U 22
24 0 U -1
25 0 U 24
26 0 U 25
27 0 U 26
28 0 U 27
29 0 L 14
30 0 U 29
31 1 U 30
32 1 L 10
33 1 U 32
34 0 U 33
35 0 L 34
36 0 L 17
37 0 U 36
38 1 U 0
39 0 U 14
40 0 U -1
41 1 U 40
42 0 U 36
43 1 L 6
44 0 U 43
45 1 U 44
46 0 U 45
47 1 U 46
48 0 L 24
49 1 U 48
50 1 L 19
51 0 U 50
52 1 U 51
53 1 U 52
54 1 U 53
55 0 U 2
56 1 U 8
57 1 L 24
58 0 U 57
59 1 U 58
60 1 U 59
61 0 U 60
62 0 U 29
63 0 U 62
64 0 U 1
65 1 U 34
66 0 U 65
67 0 U 66
68 0 U 66
69 0 L 48
70 1 U 69
71 0 U 70
72
0 1 L -1
1 1 U 0
2 1 U 0
3 1 U 2
4 1 U 3
5 1 U 4
6 0 U 5
7 0 U 6
8 0 U -1
9 0 U -1
10 1 L 7
11 1 U 10
12 1 U 11
13 1 U 10
14 0 U 2
15 0 U -1
16 0 L 12
17 1 U 16
18 0 U 17
19 1 U 18
20 1 U 11
21 0 U 20
22 0 L 3
23 0 U 22
24 0 U -1
25 0 U 24
26 0 U 25
27 0 U 7
28 0 U 27
29 0 U 28
30 0 U 29
31 1 U 30
32 1 L 20
33 1 U 32
34 0 U 33
35 0 U 25
36 0 L 17
37 0 U 36
38 1 U 0
39 0 U 14
40 0 U -1
41 1 U 40
42 0 U 36
43 1 L 6
44 0 U 43
45 0 L 31
46 0 U 45
47 1 U 46
48 0 L 24
49 1 U 48
50 0 L 31
51 0 U 50
52 1 U 51
53 1 U 52
54 1 U 53
55 0 U 46
56 1 U 8
57 1 U 14
58 0 U 57
59 1 U 58
60 1 U 59
61 1 L 4
62 0 L 53
63 0 U 62
64 0 U 1
65 1 U 34
66 0 U 65
67 0 U 66
68 0 U 66
69 0 L 48
70 1 U 69
71 1 U 13
72
0 1 L -1
1 1 U 0
2 1 U 1
3 1 U 2
4 1 U 3
5 1 U 4
6 0 U 5
7 0 U 6
8 0 U -1
9 0 U -1
10 1 L 7
11 0 U 8
12 1 U 11
13 1 U 10
14 1 L 10
15 1 U 2
16 1 L 12
17 1 U 16
18 0 U 17
19 1 U 18
20 1 U 11
21 0 U 20
22 1 L 16
23 0 U -1
24 1 L 7
25 0 U 24
26 0 L 15
27 0 U 26
28 0 U 27
29 0 U 28
30 0 U 29
31 1 U 30
32 1 L 20
33 1 U 32
34 0 U 33
35 0 L 34
36 0 L 17
37 0 U 36
38 1 U 0
39 0 U 14
40 0 U -1
41 1 L 0
42 0 U 36
43 1 L 6
44 0 U 43
45 1 U 44
46 0 U 45
47 1 U 46
48 0 L 24
49 1 U 48
50 1 L 19
51 0 U 50
52 1 U 51
53 1 U 52
54 1 L 19
55 0 U 46
56 1 U 8
57 1 L 24
58 1 L 30
59 1 U 58
60 1 U 59
61 0 U 60
62 1 U 42
63 0 U 33
64 0 U 1
65 1 U 34
66 0 U 65
67 0 U 66
68 0 U 66
69 1 L 18
70 1 U 69
71 0 U 70
72
0 1 L -1
1 1 U 0
2 1 U 1
3 1 U 2
4 1 U 3
5 1 U 4
6 0 U 5
7 0 U 6
8 0 U -1
9 0 U -1
10 0 U 7
11 1 U 10
12 1 U 11
13 1 U 10
14 0 U 2
15 1 U 2
16 0 L 12
17 1 U 16
18 0 U 17
19 1 U 18
20 1 U 11
21 0 U 20
22 1 L 16
23 0 U 22
24 0 U -1
25 0 L 16
26 0 U 25
27 0 U 26
28 0 U 27
29 0 U 28
30 0 U 29
31 1 U 30
32 1 L 20
33 1 U 32
34 0 U 33
35 1 L 21
36 0 L 17
37 0 U 36
38 1 U 0
39 0 U 14
40 0 U -1
41 1 U 17
42 0 U 36
43 1 L 6
44 0 U 43
45 1 U 44
46 0 U 45
47 1 U 46
48 0 L 24
49 1 U 48
50 1 L 19
51 0 U 50
52 1 U 51
53 1 U 52
54 1 U 53
55 0 U 46
56 1 U 8
57 1 L 24
58 0 U 57
59 1 U 58
60 1 U 59
61 0 U 60
62 1 U 42
63 1 L 23
64 0 U 1
65 1 U 34
66 0 U 65
67 0 U 66
68 0 U 66
69 1 U 25
70 1 U 69
71 0 U 70
72
0 1 L -1
1 1 U 0
2 1 U 1
3 1 U 2
4 1 U 3
5 1 U 4
6 0 U 5
7 0 U 6
8 0 U -1
9 0 U -1
10 1 L 7
11 1 U 10
12 1 U 11
13 1 U 10
14 0 U 2
15 1 U 2
16 0 L 12
17 1 U 16
18 0 U 17
19 1 U 18
20 1 U 11
21 0 U 20
22 1 L 16
23 0 U 22
24 0 L 20
25 0 U 24
26 0 U 25
27 0 U 26
28 0 U 27
29 0 U 28
30 0 U 29
31 1 U 30
32 1 L 20
33 1 U 32
34 0 U 33
35 1 L 34
36 1 U 17
37 0 U 36
38 1 U 0
39 0 U 14
40 1 L 4
41 1 U 40
42 0 U 36
43 1 L 6
44 0 U 43
45 1 U 44
46 0 U 45
47 1 U 46
48 0 L 24
49 1 U 48
50 1 L 19
51 0 U 50
52 1 L 12
53 1 U 52
54 1 U 53
55 0 U 46
56 1 U 8
57 1 L 24
58 0 U 57
59 1 U 58
60 1 U 59
61 0 U 60
62 1 U 42
63 0 U 62
64 0 U 1
65 1 U 34
66 0 U 65
67 0 U 66
68 0 U 66
69 0 L 48
70 1 U 69
71 0 U 70
72
0 1 L -1
1 1 U 0
2 1 U 1
3 1 U 2
4 1 U 3
5 1 U 4
6 0 U 5
7 0 U 6
8 0 U -1
9 0 U -1
10 1 L 7
11 1 U 10
12 1 U 11
13 1 U 10
14 0 U 2
15 1 U 2
16 0 L 12
17 1 L 4
18 0 U 17
19 1 U 18
20 1 U 11
21 0 U 20
22 1 L 16
23 0 U 22
24 0 U -1
25 0 U 24
26 0 U 25
27 0 U 26
28 0 L 7
29 0 U 28
30 0 U 29
31 1 U 30
32 1 L 20
33 1 U 32
34 0 U 33
35 0 L 34
36 0 L 17
37 0 U 36
38 1 U 0
39 0 U 14
40 0 U -1
41 1 U 40
42 0 U 36
43 1 L 6
44 0 U 43
45 1 U 44
46 0 U 45
47 1 U 46
48 0 L 24
49 1 U 48
50 1 U 35
51 0 U 50
52 1 U 51
53 1 U 52
54 1 U 53
55 1 U 20
56 1 U 8
57 1 L 24
58 0 U 57
59 1 U 58
60 1 U 59
61 0 U 60
62 1 U 42
63 0 U 62
64 0 U 1
65 1 U 34
66 0 U 65
67 0 U 66
68 0 U 66
69 0 L 48
70 1 U 69
71 0 U 70
72
0 1 L -1
1 1 U 0
2 1 U 1
3 1 U 2
4 1 U 3
5 1 U 3
6 0 U 5
7 1 L 0
8 0 U -1
9 0 U -1
10 1 L 7
11 1 U 10
12 1 U 11
13 1 U 10
14 0 U 2
15 1 U 2
16 0 L 12
17 1 U 16
18 1 L 9
19 1 U 18
20 1 U 11
21 0 U 20
22 1 L 16
23 0 U 22
24 0 U -1
25 0 U 24
26 0 U 25
27 0 U 26
28 0 U 27
29 0 U 28
30 0 U 29
31 1 U 30
32 1 L 20
33 1 U 32
34 0 U 33
35 0 L 34
36 0 L 17
37 0 U 36
38 1 U 17
39 1 L 24
40 0 U -1
41 1 U 40
42 0 U 36
43 1 L 6
44 0 U 43
45 1 U 44
46 0 U 45
47 1 U 46
48 0 L 24
49 1 U 48
50 1 L 19
51 0 U 50
52 0 U 33
53 1 U 52
54 1 U 53
55 0 U 46
56 1 U 8
57 1 L 24
58 0 U 57
59 1 U 58
60 1 U 59
61 0 U 60
62 1 U 42
63 0 U 62
64 1 U 33
65 1 U 34
66 0 U 65
67 0 U 66
68 0 U 66
69 0 L 48
70 1 U 69
71 0 U 70
72
0 1 L -1
1 1 U 0
2 0 L -1
3 1 U 2
4 1 U 3
5 1 U 4
6 0 U 5
7 0 U 6
8 0 U -1
9 1 L 5
10 1 L 7
11 1 U 10
12 1 U 11
13 1 U 10
14 0 U 2
15 1 U 2
16 0 L 12
17 1 U 16
18 0 U 2
19 1 U 18
20 1 U 11
21 0 U 20
22 1 L 16
23 0 U 22
24 0 U -1
25 0 U 24
26 0 U 25
27 0 U 26
28 0 U 27
29 0 U 28
30 0 U 29
31 1 U 30
32 0 U 6
33 1 U 32
34 0 U 33
35 0 U 15
36 0 L 9
37 1 U 22
38 1 U 0
39 0 U 14
40 1 U 35
41 0 U 30
42 0 U 36
43 1 L 6
44 0 U 43
45 1 U 44
46 0 U 45
47 1 U 46
48 0 L 24
49 1 U 36
50 1 L 19
51 0 U 50
52 1 U 51
53 1 U 52
54 0 U 49
55 0 U 46
56 1 U 8
57 1 L 24
58 0 U 57
59 0 L 32
60 1 U 59
61 0 U 60
62 1 U 42
63 0 U 62
64 0 U 1
65 1 U 34
66 0 U 65
67 0 U 66
68 0 U 66
69 0 L 48
70 1 U 69
71 0 U 70
72
0 1 L -1
1 1 U 0
2 1 U 1
3 1 U 2
4 1 U 3
5 1 U 4
6 1 L 4
7 0 U 6
8 0 U -1
9 0 U -1
10 1 L 7
11 1 U 10
12 1 U 11
13 1 U 10
14 0 U 2
15 1 U 2
16 0 L 12
17 1 U 9
18 0 U 17
19 1 U 18
20 1 U 11
21 0 U 20
22 1 L 16
23 0 U 22
24 0 U -1
25 0 U 24
26 1 L 0
27 0 U 26
28 0 U 27
29 0 U 28
30 0 U 29
31 1 U 30
32 1 L 20
33 1 U 32
34 0 U 33
35 0 L 34
36 0 L 17
37 0 U 36
38 1 U 0
39 0 U 14
40 0 U -1
41 1 U 40
42 0 U 36
43 1 L 6
44 0 U 43
45 1 U 44
46 0 U 45
47 1 U 46
48 0 L 24
49 1 U 48
50 1 L 19
51 1 L 41
52 0 U 16
53 1 U 52
54 1 U 53
55 0 U 46
56 1 U 8
57 1 L 24
58 0 U 57
59 1 U 58
60 1 U 59
61 0 U 60
62 1 U 42
63 0 U 62
64 0 U 1
65 1 U 34
66 0 U 65
67 0 U 66
68 0 U 66
69 0 L 48
70 1 U 69
71 0 U 70
72
0 1 L -1
1 1 U 0
2 1 L -1
3 1 U 2
4 1 U 3
5 1 U 4
6 0 U 5
7 1 L -1
8 0 U -1
9 0 U -1
10 1 L 7
11 1 U 10
12 1 U 11
13 1 U 10
14 0 U 2
15 1 U 2
16 0 L 12
17 1 U 16
18 0 U 17
19 1 U 18
20 1 U 11
21 0 U 20
22 1 L 16
23 0 U 22
24 1 U 1
25 0 U 24
26 0 U 25
27 0 U 26
28 0 U 27
29 0 U 28
30 0 U 29
31 1 U 30
32 1 L 20
33 1 U 32
34 0 U 33
35 0 L 34
36 0 L 17
37 0 L 32
38 1 U 0
39 0 L 15
40 0 U -1
41 1 U 40
42 0 U 36
43 1 L 6
44 0 U 43
45 1 U 44
46 0 U 45
47 0 U 24
48 0 L 24
49 1 U 48
50 1 L 19
51 0 U 50
52 1 U 51
53 1 L 44
54 1 U 53
55 1 U 33
56 1 U 8
57 1 L 24
58 0 U 57
59 1 U 58
60 1 U 59
61 0 U 60
62 0 U 51
63 0 U 62
64 1 L 14
65 1 U 13
66 0 U 65
67 0 U 66
68 0 U 66
69 0 L 48
70 1 U 69
71 0 U 70
72
0 1 L -1
1 1 U 0
2 1 U -1
3 1 L -1
4 1 U 3
5 1 U 4
6 0 U 5
7 0 U 6
8 0 U -1
9 1 U 8
10 1 L 7
11 1 U 10
12 1 U 11
13 1 U 10
14 0 U 2
15 1 U 2
16 0 L 12
17 1 U 16
18 0 U 17
19 1 U 18
20 0 U 10
21 0 U 20
22 1 L 16
23 0 U 22
24 0 U -1
25 0 U 24
26 0 U 25
27 0 U 26
28 1 U 8
29 0 U 28
30 0 U 20
31 1 U 30
32 1 L 20
33 1 L 25
34 0 U 33
35 0 L 34
36 0 L 17
37 0 U 36
38 1 L 2
39 0 U 14
40 0 U -1
41 1 U 40
42 0 U 36
43 1 L 6
44 0 U 43
45 1 U 44
46 0 U 45
47 1 U 46
48 0 L 24
49 1 U 48
50 0 L 23
51 0 U 36
52 1 U 51
53 1 U 52
54 1 U 53
55 0 U 46
56 1 U 8
57 1 L 24
58 1 U 35
59 1 U 58
60 1 U 59
61 0 U 60
62 1 U 42
63 0 U 10
64 0 U 1
65 0 U 49
66 0 U 65
67 0 U 66
68 0 U 66
69 0 L 48
70 1 U 69
71 0 U 70
72
0 1 L -1
1 1 L -1
2 1 U 1
3 1 U 2
4 1 U 3
5 1 U 4
6 0 U 5
7 1 U 2
8 0 U -1
9 0 U -1
10 1 L 7
11 1 U 10
12 1 U 11
13 1 U 10
14 0 U 2
15 1 U 2
16 0 L 12
17 1 U 16
18 0 U 17
19 1 U 18
20 1 U 11
21 0 U 20
22 1 L 16
23 0 U 22
24 0 U -1
25 0 U 24
26 0 U 7
27 0 U 26
28 0 U 27
29 0 U 28
30 0 U 29
31 1 U 30
32 1 L 20
33 1 U 32
34 0 U 33
35 0 L 34
36 1 L -1
37 0 U 36
38 1 U 0
39 0 U 14
40 0 U -1
41 1 U 40
42 0 U 36
43 0 U 21
44 0 U 43
45 1 U 44
46 0 U 45
47 1 L 41
48 0 L 24
49 1 U 48
50 1 L 19
51 0 U 50
52 1 U 51
53 1 U 52
54 1 U 53
55 0 U 46
56 1 U 8
57 1 L 24
58 0 U 57
59 1 U 58
60 1 U 59
61 0 L 41
62 1 U 42
63 0 U 62
64 0 U 1
65 1 U 34
66 0 U 65
67 1 U 53
68 0 U 66
69 0 L 48
70 1 U 69
71 1 L 49
72
0 1 L -1
1 1 U 0
2 1 U 1
3 1 U 2
4 1 U 3
5 1 U 4
6 0 U 5
7 0 U 6
8 0 U -1
9 0 U -1
10 1 L 7
11 1 L 2
12 1 U 11
13 1 U 10
14 0 U 2
15 1 U 2
16 0 L 12
17 1 U 16
18 0 U 17
19 1 U 18
20 1 U 11
21 0 U 20
22 1 L 10
23 0 U 22
24 0 U -1
25 0 U 24
26 0 U 25
27 0 U 26
28 0 U 27
29 0 U 28
30 0 U 29
31 1 U 30
32 1 L 20
33 1 U 32
34 0 U 33
35 0 L 34
36 0 L 17
37 0 U 36
38 1 U 0
39 0 U 14
40 0 U -1
41 1 U 40
42 0 U 36
43 1 L 6
44 0 U 43
45 1 U 44
46 0 U 45
47 1 U 46
48 0 L 24
49 0 L 24
50 1 L 19
51 0 U 50
52 1 U 51
53 1 U 52
54 1 U 53
55 0 U 46
56 1 U 8
57 1 L 24
58 0 U 57
59 1 U 58
60 1 U 59
61 0 U 60
62 1 U 42
63 0 U 62
64 0 U 1
65 1 U 34
66 0 U 65
67 0 U 66
68 0 U 66
69 0 L 48
70 1 L 62
71 0 U 70
72
0 1 L -1
1 1 U 0
2 1 U 1
3 1 U -1
4 1 U 3
5 1 U 4
6 0 L 4
7 0 U 6
8 0 U -1
9 0 U -1
10 1 L 7
11 1 U 10
12 1 U 11
13 1 U 10
14 0 U 2
15 1 U 2
16 0 L 12
17 1 U 16
18 0 U 17
19 1 U 18
20 1 U 11
21 0 U 20
22 1 L 16
23 0 U 22
24 0 U -1
25 0 U 24
26 0 U 25
27 0 U 26
28 0 U 27
29 0 U 28
30 0 U 29
31 1 L 12
32 1 L 20
33 1 U 32
34 0 U 33
35 0 L 34
36 0 L 17
37 0 U 36
38 1 U 0
39 0 U 14
40 0 U -1
41 1 U 40
42 0 U 36
43 1 L 6
44 0 U 43
45 1 U 44
46 0 U 45
47 1 U 46
48 1 L 34
49 1 U 48
50 0 U 23
51 0 U 50
52 1 U 51
53 1 U 52
54 1 U 53
55 0 U 46
56 1 U 8
57 1 L 24
58 0 U 57
59 1 U 58
60 1 U 59
61 0 U 60
62 1 U 29
63 0 U 62
64 0 U 1
65 1 U 34
66 0 U 65
67 1 U 1
68 0 U 66
69 0 L 48
70 1 U 69
71 0 U 70
72
0 1 L -1
1 1 U 0
2 1 U 1
3 1 U 2
4 1 U 3
5 1 U 4
6 0 U 5
7 0 U 6
8 0 U -1
9 1 L 0
10 1 L 7
11 1 U 10
12 1 U 11
13 1 U 10
14 0 U 2
15 1 U 2
16 0 L 12
17 1 U 16
18 0 U 17
19 1 U 18
20 0 L 0
21 0 U 20
22 1 U 5
23 0 U 22
24 0 U -1
25 0 U 24
26 0 U 25
27 0 U 26
28 0 U 27
29 0 U 28
30 0 U 29
31 1 U 30
32 1 L 20
33 1 U 32
34 0 U 33
35 0 L 34
36 0 L 17
37 0 U 36
38 1 U 0
39 0 U 14
40 0 U -1
41 1 U 40
42 1 L 39
43 1 L 6
44 0 U 43
45 1 U 44
46 0 U 45
47 1 L 46
48 0 L 24
49 1 U 48
50 1 L 19
51 0 U 50
52 1 U 51
53 1 U 52
54 1 U 53
55 0 U 46
56 1 U 8
57 1 L 24
58 0 U 13
59 1 U 58
60 1 U 59
61 0 U 60
62 1 U 42
63 0 U 62
64 0 U 1
65 0 U 11
66 0 U 65
67 0 U 66
68 0 L 44
69 0 L 48
70 1 U 69
71 0 U 34
72
0 1 L -1
1 1 U 0
2 1 U 1
3 1 U 2
4 1 L 2
5 1 U 4
6 0 U 5
7 1 L -1
8 0 U -1
9 0 U -1
10 0 U 7
11 1 U 10
12 0 U 6
13 1 U 10
14 1 L 4
15 1 U 2
16 1 U 6
17 1 U 16
18 0 U 17
19 1 U 18
20 1 U 11
21 0 U 20
22 1 L 16
23 0 U 22
24 0 U -1
25 0 U 24
26 0 U 25
27 0 U 26
28 0 U 27
29 0 U 28
30 0 U 29
31 1 U 30
32 1 L 20
33 1 U 32
34 0 U 33
35 0 L 34
36 0 L 17
37 0 U 36
38 1 U 0
39 0 U 14
40 0 U -1
41 1 U 40
42 0 U 36
43 1 L 6
44 0 U 43
45 1 U 44
46 0 U 45
47 1 U 46
48 1 L -1
49 1 U 48
50 1 L 19
51 0 U 50
52 1 U 51
53 1 U 52
54 1 U 53
55 0 U 46
56 1 U 8
57 0 U 24
58 0 U 57
59 1 U 30
60 1 U 59
61 0 U 60
62 1 U 42
63 0 U 62
64 0 U 1
65 1 U 34
66 0 U 65
67 0 U 66
68 0 U 66
69 1 L 43
70 1 U 69
71 0 U 70
72
0 1 L -1
1 1 U 0
2 1 U 1
3 1 U 2
4 1 U 3
5 1 U 4
6 0 U 5
7 0 U 6
8 0 U -1
9 0 U -1
10 1 L 3
11 1 U 10
12 1 U 11
13 1 U 10
14 0 U 2
15 1 U 2
16 0 L 12
17 1 U 16
18 0 U 17
19 1 U 18
20 1 U 11
21 0 U 20
22 1 L 16
23 0 U 22
24 0 U -1
25 1 U 20
26 0 U 25
27 0 U 26
28 0 U 27
29 0 U 28
30 0 U 29
31 1 U 30
32 1 L 20
33 1 U 32
34 0 U 33
35 0 L 34
36 0 L 17
37 0 U 36
38 1 U 0
39 0 U 14
40 1 U 1
41 1 U 40
42 0 U 36
43 1 L 6
44 0 U 43
45 1 L 11
46 0 U 45
47 1 U 46
48 0 L 24
49 1 U 48
50 1 L 19
51 0 U 50
52 1 U 51
53 1 U 52
54 1 U 53
55 0 U 46
56 1 U 8
57 1 L 24
58 0 U 57
59 1 U 58
60 1 U 59
61 0 U 60
62 1 U 42
63 0 U 62
64 0 U 1
65 0 U 23
66 0 U 65
67 0 U 66
68 0 U 66
69 0 L 48
70 1 L 22
71 0 U 70
72
0 1 L -1
1 1 U 0
2 1 U 1
3 1 U 2
4 1 U 3
5 1 U 4
6 0 U 5
7 0 U 6
8 0 U -1
9 1 L 4
10 1 L 7
11 1 U 10
12 1 U 11
13 1 U 10
14 0 U 2
15 1 U 2
16 0 L 12
17 1 U 16
18 0 U 17
19 1 U 18
20 1 U 11
21 0 U 20
22 1 L 16
23 0 U 22
24 0 U -1
25 0 U 24
26 0 U 25
27 0 U 26
28 0 U 27
29 0 U 28
30 1 L 6
31 1 U 30
32 1 L 20
33 1 U 32
34 0 U 33
35 0 L 34
36 0 L 17
37 0 U 36
38 1 U 0
39 0 U 14
40 0 U -1
41 1 U 40
42 0 U 36
43 1 L 6
44 0 U 43
45 0 L 29
46 1 L 19
47 1 U 46
48 0 L 24
49 1 U 48
50 1 L 19
51 0 U 50
52 1 U 51
53 0 L 33
54 1 U 53
55 0 U 46
56 1 U 8
57 1 U 49
58 0 U 57
59 1 U 58
60 1 U 59
61 0 U 60
62 1 U 42
63 0 U 62
64 0 U 1
65 1 U 34
66 0 U 65
67 0 U 66
68 1 U 32
69 0 L 48
70 1 U 69
71 0 U 70
72
0 1 L -1
1 1 L 0
2 1 U 1
3 1 U 2
4 1 U 3
5 0 L 4
6 0 U 5
7 0 U 6
8 0 U -1
9 0 U -1
10 1 L 7
11 1 L 0
12 1 L 3
13 1 U 10
14 0 U 2
15 1 U 2
16 0 L 12
17 1 U 16
18 0 U 17
19 1 U 18
20 1 U 11
21 0 U 20
22 1 U 7
23 0 U 11
24 0 U -1
25 0 U 24
26 0 U 25
27 0 U 26
28 1 U 9
29 0 U 28
30 0 U 29
31 1 U 30
32 1 L 20
33 1 U 32
34 0 L 18
35 0 L 34
36 0 L 17
37 0 U 17
38 1 U 0
39 0 U 14
40 0 U -1
41 1 U 40
42 1 L 0
43 1 L 6
44 0 U 43
45 1 U 44
46 0 U 45
47 1 U 46
48 0 L 24
49 1 U 48
50 1 L 19
51 0 U 50
52 1 U 51
53 1 U 52
54 1 U 53
55 0 U 46
56 1 U 8
57 1 L 24
58 0 L 12
59 1 U 58
60 1 U 59
61 0 U 60
62 1 U 42
63 0 U 62
64 0 U 1
65 1 U 34
66 0 U 65
67 1 U 50
68 0 U 66
69 0 L 48
70 1 U 69
71 0 U 70
72
0 1 L -1
1 1 U 0
2 1 U 1
3 1 U 2
4 1 U 3
5 1 U 4
6 0 U 5
7 0 U 6
8 0 U -1
9 0 U -1
10 1 L 7
11 1 U 10
12 1 U 11
13 1 U 10
14 0 U 2
15 1 U 2
16 0 L 12
17 1 U 16
18 0 U 17
19 1 U 18
20 1 U 11
21 0 U 20
22 1 L 16
23 0 U 22
24 0 U -1
25 0 U 24
26 0 U 25
27 0 U 26
28 0 U 27
29 0 U 12
30 0 U 29
31 1 U 30
32 1 L 20
33 1 U 32
34 0 U 33
35 0 L 34
36 0 L 17
37 0 U 36
38 1 U 0
39 0 U 14
40 0 U -1
41 1 U 40
42 0 U 36
43 1 L 6
44 0 U 43
45 1 U 44
46 0 U 45
47 1 U 46
48 0 L 24
49 1 U 48
50 1 L 19
51 0 U 50
52 1 U 51
53 1 U 52
54 1 U 13
55 0 U 12
56 1 U 8
57 1 L 24
58 1 L 4
59 1 U 58
60 0 L 40
61 1 U 56
62 1 U 42
63 0 U 31
64 0 U 1
65 1 U 34
66 0 U 65
67 0 U 66
68 0 U 66
69 0 L 48
70 1 U 69
71 0 U 70
72
0 1 L -1
1 1 U 0
2 1 U 1
3 1 U 2
4 1 U 3
5 1 U 4
6 0 U 5
7 0 L 4
8 0 U -1
9 0 U -1
10 1 L 7
11 1 U 10
12 1 U 11
13 0 U 2
14 0 U 2
15 1 U 5
16 0 L 12
17 1 U 16
18 0 U 17
19 1 U 18
20 1 U 11
21 0 U 20
22 1 L 16
23 0 U 22
24 0 U -1
25 0 U 24
26 0 U 25
27 0 L 1
28 0 U 27
29 0 U 28
30 0 U 29
31 1 U 30
32 0 L 15
33 1 U 32
34 0 U 33
35 1 U 26
36 0 L 17
37 0 U 36
38 1 U 0
39 0 U 35
40 0 U -1
41 1 U 40
42 0 U 36
43 1 L 6
44 0 U 43
45 0 U 38
46 0 U 45
47 1 U 46
48 0 L 24
49 1 U 48
50 1 L 19
51 0 U 50
52 1 U 51
53 1 U 52
54 1 U 53
55 0 U 46
56 1 U 8
57 1 L 24
58 0 U 57
59 1 U 58
60 1 U 59
61 1 U 29
62 1 U 42
63 0 U 62
64 0 U 1
65 1 U 34
66 0 U 65
67 0 U 66
68 0 U 66
69 0 L 48
70 1 U 69
71 0 U 70
72
0 1 L -1
1 1 U 0
2 1 U 1
3 1 U 2
4 1 U 3
5 1 U 3
6 0 U 5
7 0 U 6
8 0 U -1
9 0 U -1
10 0 U 2
11 1 U 10
12 1 U 11
13 1 U 10
14 0 U 2
15 1 U 2
16 0 L 12
17 1 U 16
18 0 U 17
19 1 U 18
20 1 U 11
21 0 U 20
22 1 L 16
23 0 U 22
24 0 U -1
25 0 U 24
26 1 L 19
27 0 U 26
28 0 U 27
29 0 U 28
30 0 U 29
31 1 L 16
32 1 L 20
33 1 U 32
34 0 U 33
35 0 L 34
36 0 L 17
37 0 U 36
38 1 U 0
39 0 L 5
40 1 U 26
41 1 U 40
42 0 U 36
43 1 L 6
44 0 U 43
45 1 U 44
46 0 U 45
47 0 L 11
48 0 L 21
49 1 U 48
50 1 L 19
51 0 U 50
52 1 U 30
53 1 U 11
54 1 U 53
55 1 L 29
56 1 U 8
57 1 L 24
58 0 U 57
59 1 L 56
60 1 U 59
61 0 U 60
62 0 U 59
63 0 U 62
64 0 U 1
65 1 U 34
66 0 U 65
67 0 U 66
68 0 U 66
69 0 L 48
70 1 U 69
71 0 U 70
72
0 1 L -1
1 1 U 0
2 1 U 1
3 1 L 0
4 1 L -1
5 1 L 2
6 0 U 5
7 0 U 6
8 1 U 7
9 0 U -1
10 1 L 7
11 1 U 10
12 1 U 11
13 1 U 10
14 0 U 2
15 1 U 2
16 0 L 12
17 1 U 16
18 0 U 17
19 1 U 18
20 1 U 11
21 0 U 20
22 0 L -1
23 0 U 22
24 0 U -1
25 0 U 24
26 0 U 25
27 0 U 26
28 0 U 27
29 0 U 28
30 0 U 29
31 1 U 30
32 1 U 14
33 1 U 32
34 0 U 33
35 0 L 34
36 0 L 17
37 0 U 36
38 1 U 0
39 1 L -1
40 0 U -1
41 1 U 40
42 0 U 36
43 1 L 6
44 0 U 43
45 1 U 44
46 0 U 45
47 1 U 46
48 0 L 24
49 1 U 48
50 1 L 19
51 0 U 50
52 1 U 51
53 1 U 52
54 1 U 53
55 0 U 46
56 1 U -1
57 1 L 24
58 0 U 57
59 1 L 42
60 1 L 44
61 0 U 60
62 1 U 42
63 0 U 62
64 0 U 1
65 1 U 34
66 0 U 65
67 0 U 66
68 0 U 66
69 0 L 48
70 0 U 66
71 1 L 34
72
0 1 L -1
1 1 U 0
2 1 U 1
3 0 U 0
4 1 U 3
5 1 U 4
6 0 U 5
7 0 L 6
8 0 U -1
9 0 U -1
10 1 L 7
11 1 U 10
12 0 L 2
13 1 U 10
14 0 U 2
15 1 U 2
16 0 L 12
17 1 U 16
18 0 U 17
19 0 L 15
20 1 U 11
21 0 U 20
22 1 L 16
23 0 U 22
24 0 U -1
25 0 U 24
26 0 U 25
27 0 U 12
28 0 U 27
29 1 L 12
30 1 L 18
31 1 U 30
32 1 L 20
33 1 U 8
34 0 U 2
35 0 L 34
36 0 L 17
37 0 U 36
38 1 U 0
39 0 U 14
40 0 U -1
41 1 U 40
42 0 U 36
43 0 L 25
44 0 U 43
45 1 U 44
46 0 U 45
47 1 U 46
48 0 L 24
49 1 U 41
50 1 L 19
51 0 L 5
52 1 U 51
53 1 U 35
54 1 U 47
55 1 U 9
56 1 U 8
57 1 L 24
58 0 U 57
59 1 U 58
60 0 U 44
61 0 U 60
62 1 U 42
63 0 U 62
64 0 U 1
65 1 U 34
66 0 U 65
67 0 U 66
68 0 U 66
69 0 L 48
70 1 U 34
71 0 U 70
72
0 1 L -1
1 1 U 0
2 1 U 1
3 1 U 2
4 1 U 3
5 1 U 4
6 0 U 5
7 1 U 4
8 0 U -1
9 0 U -1
10 1 L 7
11 1 U 10
12 1 U 11
13 1 U 10
14 0 U 2
15 1 U 2
16 0 L 12
17 1 U 16
18 0 U 17
19 1 U 9
20 1 U 11
21 0 U 20
22 1 L 16
23 0 U 22
24 0 U -1
25 0 U 24
26 0 L 19
27 0 U 26
28 0 U 27
29 0 U 28
30 0 U 29
31 1 U 30
32 1 L 20
33 1 U 32
34 0 U 33
35 0 L 34
36 0 L 17
37 0 U 36
38 1 U 0
39 0 U 14
40 1 U 20
41 1 U 40
42 0 U 36
43 1 L 6
44 0 U 43
45 1 U 44
46 0 L 29
47 1 U 46
48 0 L 24
49 1 U 48
50 1 L 19
51 0 U 50
52 1 U 51
53 1 U 52
54 1 U 53
55 0 U 46
56 1 U 8
57 1 L 24
58 0 U 57
59 1 U 20
60 1 U 59
61 0 U 60
62 1 U 42
63 0 U 62
64 0 U 1
65 1 U 34
66 0 U 65
67 0 U 66
68 0 U 66
69 0 L 48
70 1 U 69
71 0 U 70
72
0 1 L -1
1 1 U 0
2 1 U 1
3 1 U 0
4 1 U 3
5 1 U 4
6 0 U 5
7 0 U 6
8 0 U -1
9 0 U -1
10 0 U 7
11 1 U 10
12 1 U 11
13 1 U 10
14 0 U 2
15 1 U 2
16 0 L 12
17 1 U 16
18 0 U 17
19 1 U 18
20 1 U 11
21 0 L 17
22 1 L 16
23 0 U 22
24 0 U -1
25 0 U 24
26 0 U 25
27 0 U 26
28 0 U 27
29 0 U 28
30 0 U 29
31 1 U 30
32 1 L 20
33 1 U 32
34 0 U 33
35 1 U 30
36 0 L 17
37 0 L 0
38 1 U 0
39 0 U 14
40 0 U -1
41 1 U 40
42 0 U 36
43 1 L 6
44 0 U 14
45 1 U 44
46 0 U 45
47 0 L 21
48 0 L 24
49 0 L 35
50 1 L 19
51 0 U 50
52 1 U 51
53 1 U 52
54 0 L 27
55 0 U 46
56 1 U 8
57 1 L 24
58 0 U 57
59 1 U 58
60 1 U 59
61 0 U 60
62 1 U 42
63 0 U 62
64 0 U 1
65 1 U 34
66 0 U 65
67 0 U 66
68 0 U 66
69 1 L 18
70 0 L 35
71 0 U 70
72
0 1 L -1
1 1 U 0
2 1 U 1
3 1 U 2
4 1 U 3
5 1 U 4
6 0 U 5
7 0 U 6
8 0 U -1
9 0 U -1
10 1 L 7
11 0 L 7
12 1 U 11
13 1 U 10
14 0 L 11
15 1 U 2
16 0 L 12
17 1 U 16
18 0 U 17
19 1 U 18
20 1 U 11
21 0 U 20
22 1 L 16
23 0 U 22
24 0 U -1
25 0 U 24
26 0 U 25
27 0 U 26
28 0 U 27
29 0 U 28
30 0 U 29
31 1 U 30
32 1 L 20
33 1 U 32
34 0 U 33
35 0 L 34
36 0 L 17
37 0 U 36
38 1 U 0
39 0 U 14
40 0 U -1
41 1 L 4
42 0 U 36
43 1 L 6
44 0 U 43
45 1 U 44
46 0 U 45
47 1 U 46
48 0 L 24
49 0 L 11
50 1 L 19
51 0 U 50
52 1 U 51
53 1 U 52
54 1 U 53
55 0 U 46
56 1 U 8
57 1 L 24
58 0 U 57
59 1 U 58
60 1 L 54
61 0 U 60
62 1 U 42
63 0 U 62
64 0 U 1
65 1 U 34
66 0 U 65
67 0 U 66
68 1 U 58
69 0 L 48
70 1 U 69
71 0 L 49
72
0 1 U -1
1 1 U 0
2 1 U 1
3 1 U 2
4 1 U 3
5 1 U 4
6 0 U 5
7 0 U 6
8 0 U -1
9 0 U -1
10 1 L 7
11 1 U 10
12 1 U 11
13 1 U 10
14 0 U 2
15 1 U 2
16 0 L 12
17 1 U 16
18 0 U 17
19 1 U 18
20 1 U 11
21 0 U 20
22 1 L 16
23 1 U 1
24 0 U -1
25 0 U 24
26 0 U 25
27 0 U 26
28 0 U 27
29 0 U 28
30 0 U 29
31 1 U 30
32 1 L 20
33 1 U 32
34 0 U 33
35 0 L 34
36 0 L 17
37 0 U 36
38 1 U 0
39 1 L 14
40 0 U -1
41 1 U 40
42 0 U 36
43 0 U 13
44 0 U 43
45 1 U 44
46 0 U 45
47 1 U 46
48 0 L 24
49 1 U 48
50 1 L 19
51 0 U 50
52 1 U 51
53 1 L 2
54 1 U 53
55 0 U 46
56 1 U 8
57 1 L 24
58 0 U 57
59 1 U 58
60 1 U 59
61 0 U 60
62 1 U 42
63 0 U 62
64 0 U 1
65 1 U 34
66 0 U 65
67 0 U 66
68 0 U 66
69 0 L 48
70 1 U 69
71 0 U 70
72
0 1 L -1
1 1 U 0
2 1 U 1
3 1 U 2
4 1 U 3
5 1 U 4
6 0 U 5
7 1 U 6
8 0 U -1
9 0 U -1
10 0 U 9
11 1 U 10
12 1 U 11
13 1 U 10
14 0 U 2
15 1 U 2
16 0 L 12
17 1 U 16
18 0 U 17
19 0 L 14
20 1 U 11
21 0 U 20
22 1 L 16
23 0 U 22
24 0 U -1
25 0 U 24
26 0 U 25
27 0 U 26
28 0 U 27
29 0 U 28
30 0 U 29
31 1 U 30
32 1 L 20
33 1 U 32
34 0 U 33
35 0 L 34
36 0 L 17
37 0 U 36
38 1 U 0
39 0 U 14
40 0 U -1
41 1 U 40
42 0 U 36
43 1 L 6
44 0 U 43
45 1 U 44
46 0 U 45
47 0 L 0
48 0 L 24
49 1 U 48
50 1 U 6
51 0 U 50
52 1 U 51
53 1 U 52
54 1 U 53
55 0 U 46
56 1 U 8
57 1 L 24
58 0 U 57
59 1 U 58
60 1 U 59
61 0 U 60
62 1 U 42
63 0 U 47
64 0 U 1
65 1 U 34
66 0 U 65
67 0 U 66
68 0 U 66
69 0 L 48
70 0 U 41
71 0 U 70
72
0 1 L -1
1 1 U 0
2 1 U 1
3 1 U 2
4 1 U 3
5 1 U 4
6 0 U 5
7 1 L 5
8 0 U -1
9 0 U -1
10 1 L 7
11 1 U 10
12 1 U 11
13 1 U 10
14 0 U 2
15 1 U 2
16 0 L 12
17 1 U 16
18 0 U 17
19 1 U 18
20 1 U 11
21 0 U 20
22 1 L 16
23 0 U 22
24 0 U -1
25 0 U 24
26 0 U 25
27 0 U 26
28 0 U 27
29 0 U 28
30 0 U 29
31 1 U 30
32 1 L 20
33 1 U 32
34 0 U 33
35 0 L 34
36 0 L 17
37 0 U 36
38 1 U 0
39 0 U 14
40 0 U -1
41 1 U 40
42 0 U 36
43 1 L 6
44 0 U 43
45 0 L 10
46 0 U 43
47 1 U 46
48 0 L 24
49 1 U 48
50 1 L 19
51 1 L 14
52 1 U 51
53 1 U 52
54 1 U 53
55 0 L 37
56 1 U 8
57 1 L 24
58 0 U 57
59 1 U 58
60 1 U 59
61 0 U 60
62 1 U 42
63 0 U 62
64 0 U 1
65 1 U 34
66 0 U 65
67 0 U 66
68 0 U 66
69 0 L 48
70 1 U 69
71 0 U 70
72
0 1 L -1
1 1 U 0
2 1 U 1
3 1 U 2
4 1 U 3
5 1 U 4
6 0 U 5
7 0 U 6
8 0 U -1
9 0 U -1
10 1 L 7
11 1 U 10
12 1 U 11
13 1 U 10
14 0 U 2
15 1 U 2
16 0 L 12
17 1 U 16
18 0 U 17
19 1 U 18
20 1 U 11
21 0 U 20
22 1 L 16
23 0 U 22
24 0 U -1
25 0 U 24
26 0 U 25
27 0 U 26
28 0 U 27
29 0 U 28
30 0 U 15
31 1 U 30
32 1 L 20
33 1 U 19
34 0 U 33
35 0 L 34
36 0 L 17
37 0 U 36
38 1 U 0
39 0 U 14
40 0 U -1
41 1 U 40
42 0 U 36
43 1 L 6
44 0 U 43
45 1 U 44
46 0 U 45
47 1 U 46
48 0 L 24
49 1 L 8
50 1 L 19
51 0 U 50
52 1 U 51
53 1 U 52
54 1 U 53
55 0 U 46
56 1 U 8
57 1 L 24
58 0 L 7
59 1 U 58
60 1 U 59
61 0 U 60
62 1 U 42
63 0 U 62
64 1 U 42
65 1 U 34
66 0 U 65
67 0 U 66
68 0 U 66
69 0 L 48
70 1 U 69
71 0 U 70
72
0 1 L -1
1 1 U 0
2 1 U 1
3 1 U 2
4 1 U 3
5 1 U 4
6 0 L 3
7 0 U -1
8 0 U -1
9 0 U -1
10 1 L 7
11 1 U 10
12 1 U 11
13 0 U 4
14 0 U 2
15 1 U 2
16 0 L 12
17 1 U 16
18 0 U 17
19 1 U 18
20 1 U 11
21 0 U 20
22 1 L 16
23 0 U 22
24 0 U -1
25 1 U 4
26 0 U 25
27 0 U 4
28 1 U 1
29 0 U -1
30 0 U 29
31 1 U 30
32 1 L 20
33 1 U 32
34 0 U 33
35 0 L 34
36 0 L 17
37 0 U 36
38 1 U 0
39 0 U 14
40 0 U -1
41 1 U 40
42 0 U 36
43 1 L 6
44 1 U 28
45 0 L 34
46 0 U 45
47 1 U 46
48 1 U 4
49 0 U 45
50 1 L 19
51 0 U 50
52 1 U 51
53 1 U 52
54 1 U 53
55 0 U 46
56 1 U 8
57 1 L 24
58 0 U 57
59 1 U 58
60 1 U 59
61 0 U 60
62 1 U 42
63 0 U 62
64 0 U 1
65 1 U 34
66 0 U 65
67 0 U 66
68 0 U 66
69 0 L 48
70 1 U 69
71 0 U 70
72
0 1 L -1
1 1 U 0
2 1 U 1
3 1 U 2
4 1 U 3
5 0 U 3
6 1 U 2
7 0 U 6
8 0 U -1
9 0 U -1
10 1 L 7
11 0 L 9
12 1 U 11
13 1 U 3
14 0 U 2
15 1 L 5
16 0 L 12
17 1 U 16
18 0 U 17
19 1 U 18
20 1 U 11
21 0 U 20
22 1 L 16
23 0 U 22
24 0 U -1
25 0 U 24
26 0 U 25
27 0 U 26
28 0 U 27
29 0 U 28
30 0 U 29
31 1 U 30
32 1 L 20
33 1 U 32
34 0 U 33
35 0 L 34
36 0 L 17
37 0 U 36
38 0 U 28
39 0 U 14
40 0 U -1
41 1 U 40
42 0 U 36
43 1 L 6
44 1 L 22
45 1 U 44
46 0 U 45
47 1 U 46
48 0 L 24
49 1 U 48
50 1 L 19
51 0 U 50
52 1 U 51
53 1 U 52
54 1 U 53
55 0 U 46
56 1 U 8
57 1 L 24
58 1 L 48
59 1 L 42
60 1 U 59
61 0 U 60
62 1 L 6
63 0 U 62
64 0 U 1
65 1 U 34
66 0 U 65
67 0 U 66
68 0 U 66
69 0 L 48
70 1 U 69
71 0 U 70
72
0 1 L -1
1 1 U 0
2 1 U 1
3 1 U 2
4 1 U 3
5 1 U 4
6 0 U 5
7 0 U 4
8 0 U -1
9 0 U -1
10 1 U 2
11 1 U 10
12 1 U 11
13 1 U 10
14 0 U 2
15 1 U 2
16 0 L 12
17 1 U 16
18 1 L 9
19 1 U 18
20 1 U 11
21 0 U 20
22 1 L 16
23 0 U 9
24 0 U 11
25 0 U 24
26 0 U 25
27 0 U 26
28 0 U 27
29 0 U 28
30 0 U 29
31 1 U 30
32 1 L 20
33 1 U 32
34 0 U 33
35 0 L 34
36 0 L 3
37 0 U 29
38 1 U 0
39 0 U 14
40 0 U -1
41 1 U 40
42 0 U 36
43 1 L 6
44 0 U 43
45 1 U 44
46 0 U 45
47 1 U 46
48 0 L 24
49 1 U 48
50 1 L 19
51 0 U 50
52 1 U 51
53 1 U 52
54 1 L 24
55 0 U 46
56 1 U 8
57 1 U 35
58 0 U 57
59 0 L -1
60 1 U 59
61 0 U 60
62 1 U 42
63 0 U 62
64 0 U 1
65 1 U 34
66 0 U 65
67 0 U 66
68 0 U 66
69 0 L 48
70 1 U 69
71 0 U 70
72
0 1 L -1
1 1 U 0
2 1 U 1
3 1 U 2
4 1 U 3
5 1 L 2
6 0 U 5
7 0 U 6
8 0 U -1
9 0 U -1
10 1 L 7
11 1 U 10
12 1 U 11
13 1 U 10
14 0 U 2
15 1 U 2
16 0 L 12
17 1 U 16
18 0 U 17
19 1 U 18
20 1 U 11
21 0 U 20
22 1 L 16
23 0 L 20
24 0 U -1
25 0 U 24
26 0 U 25
27 0 U 26
28 0 U 27
29 1 L 21
30 0 U 29
31 1 U 30
32 1 L 20
33 1 U 32
34 0 U 33
35 0 L 34
36 0 L 17
37 1 U 10
38 1 U 0
39 0 U 14
40 0 U -1
41 1 U 40
42 0 U 36
43 1 L 6
44 0 U 43
45 1 L 37
46 0 U 45
47 1 U 46
48 1 L 36
49 1 U 48
50 1 L 19
51 0 U 50
52 1 U 51
53 1 U 52
54 1 U 53
55 0 U 1
56 1 U 8
57 1 L 24
58 0 U 57
59 1 U 58
60 1 U 59
61 1 U 1
62 1 U 42
63 0 U 62
64 0 U 1
65 1 U 34
66 0 U 65
67 0 U 66
68 0 U 66
69 0 L 48
70 1 U 69
71 0 U 70
72
0 1 L -1
1 1 U 0
2 1 U 1
3 1 U 2
4 1 U 3
5 1 U 4
6 0 U 5
7 0 U 6
8 0 U -1
9 0 L 6
10 1 U 1
11 1 U 10
12 1 U 11
13 1 U 10
14 0 U 2
15 1 U 2
16 0 L 12
17 1 U 16
18 0 U 17
19 1 U 18
20 1 U 11
21 0 U 20
22 1 L 16
23 0 U 22
24 0 U -1
25 0 U 24
26 0 U 25
27 0 U 26
28 0 U 27
29 0 U 28
30 0 U 29
31 1 U 30
32 1 L 20
33 1 U 32
34 0 U 33
35 0 L 34
36 0 L 17
37 0 U 36
38 1 U 0
39 0 U 14
40 0 L 24
41 1 U 40
42 0 U 36
43 1 L 6
44 0 U 37
45 1 U 44
46 0 U 45
47 1 U 46
48 0 L 24
49 1 U 33
50 1 L 19
51 0 U 50
52 1 U 51
53 1 U 52
54 1 U 53
55 0 U 46
56 1 U 8
57 1 L 24
58 0 U 57
59 1 U 10
60 1 U 59
61 0 U 60
62 1 U 42
63 0 U 62
64 0 U 1
65 1 U 34
66 0 U 65
67 1 U 23
68 0 U 66
69 0 L 48
70 1 U 69
71 0 U 70
72
0 1 L -1
1 1 U 0
2 1 U 1
3 1 U 2
4 1 U 3
5 1 U 4
6 0 U 2
7 0 U 3
8 0 U -1
9 0 U -1
10 1 L 7
11 1 L 9
12 1 U 11
13 1 U 10
14 0 U 1
15 1 U 2
16 0 L 12
17 1 U 16
18 0 U 17
19 1 U 18
20 0 U 13
21 0 U 20
22 0 L 17
23 0 U 22
24 0 U -1
25 0 U 9
26 0 U 25
27 1 U 7
28 0 U 27
29 0 U 28
30 0 U 29
31 1 U 30
32 1 L 20
33 1 U 32
34 0 U 33
35 0 L 34
36 0 L 17
37 0 U 36
38 1 U 0
39 1 U 6
40 0 U -1
41 1 U 40
42 0 U 36
43 1 L 6
44 0 U 43
45 1 U 44
46 0 U 45
47 1 U 46
48 0 L 24
49 1 U 48
50 1 L 19
51 0 U 50
52 1 U 51
53 1 U 52
54 1 U 53
55 0 U 46
56 1 U 8
57 1 L 24
58 0 U 57
59 1 U 58
60 0 U 38
61 0 U 60
62 1 U 42
63 0 U 62
64 0 U 1
65 1 U 34
66 0 U 65
67 0 U 66
68 0 U 66
69 0 L 48
70 1 U 69
71 0 U 70
72
0 1 L -1
1 1 U 0
2 1 U 1
3 1 U 2
4 1 U 3
5 1 U 4
6 0 U 2
7 1 U 2
8 0 U -1
9 1 L 6
10 1 L 7
11 1 L 9
12 1 L 7
13 1 U 10
14 0 U 1
15 1 U 2
16 0 L 12
17 1 U 16
18 0 U 17
19 1 U 18
20 0 U 13
21 0 U 20
22 0 L 17
23 0 U 22
24 0 U -1
25 0 U 9
26 0 U 25
27 1 U 7
28 0 U 19
29 0 U 28
30 0 U 29
31 1 U 30
32 1 L 20
33 1 U 19
34 0 U 33
35 0 L 34
36 0 L 17
37 0 U 36
38 1 U 0
39 1 U 6
40 0 U -1
41 1 U 40
42 0 U 36
43 1 U 40
44 0 U 43
45 1 U 44
46 1 L 25
47 1 U 46
48 1 U 27
49 1 U 48
50 1 L 19
51 0 U 50
52 1 U 51
53 0 L 9
54 1 U 53
55 0 U 46
56 1 U 8
57 1 L 27
58 0 U 57
59 1 U 58
60 0 U 38
61 0 U 60
62 1 U 42
63 0 U 62
64 0 U 1
65 1 U 34
66 0 U 65
67 0 U 66
68 0 U 66
69 0 L 48
70 1 U 69
71 0 U 70
72
0 1 L -1
1 1 U 0
2 1 U 1
3 1 U 2
4 1 U 3
5 0 L 4
6 0 U 2
7 0 U 3
8 0 U -1
9 0 U -1
10 1 L 7
11 1 L 9
12 1 U 11
13 1 U 10
14 0 U 1
15 1 U 2
16 0 L 12
17 1 U 16
18 0 U 17
19 1 U 18
20 0 U 13
21 0 U 20
22 1 U 4
23 0 U 22
24 0 U -1
25 0 U 9
26 0 U 25
27 1 U 7
28 0 U 27
29 0 U 28
30 1 U 4
31 1 U 30
32 1 L 20
33 0 U 32
34 0 U 33
35 0 L 34
36 0 L 17
37 0 U 36
38 1 U 0
39 1 U 6
40 0 U -1
41 1 U 40
42 0 U 34
43 1 L 6
44 0 U 43
45 1 U 44
46 0 U 45
47 1 U 46
48 0 L 24
49 1 U 48
50 1 L 19
51 0 U 50
52 1 U 51
53 1 U 52
54 1 U 53
55 1 U 51
56 1 U 8
57 1 L 24
58 0 U 57
59 1 U 58
60 0 U 38
61 0 L 15
62 1 U 42
63 0 U 62
64 1 L 24
65 1 U 34
66 0 U 65
67 0 U 66
68 0 U 66
69 0 L 48
70 1 U 69
71 0 U 70
72
0 1 L -1
1 1 U 0
2 1 U 1
3 1 U 2
4 1 U 3
5 1 U 4
6 0 U 2
7 0 U 3
8 0 U -1
9 0 U -1
10 1 L 7
11 1 L 9
12 1 U 11
13 1 U 10
14 0 U 1
15 1 U 2
16 0 U 8
17 1 U 16
18 0 U 16
19 1 U 18
20 0 U 13
21 0 U 20
22 0 L 17
23 0 U 22
24 1 U 6
25 0 U 9
26 0 U 25
27 1 U 7
28 0 U 27
29 0 U 9
30 0 U 23
31 1 U 30
32 1 U 7
33 0 U 2
34 0 U 33
35 0 L 34
36 0 L 17
37 0 U 36
38 1 U 0
39 1 U 6
40 0 U -1
41 1 U 40
42 0 U 36
43 1 L 6
44 0 U 43
45 0 L 24
46 0 U 45
47 1 U 46
48 0 L 24
49 1 U 48
50 1 L 19
51 0 U 50
52 1 U 51
53 1 U 52
54 1 U 53
55 0 U 46
56 1 U 8
57 1 L 24
58 0 U 57
59 1 U 58
60 0 U 38
61 0 U 60
62 1 U 42
63 0 U 62
64 0 U 1
65 1 U 34
66 0 U 65
67 0 U 66
68 1 U 30
69 0 L 48
70 1 U 69
71 0 U 61
72
0 1 L -1
1 1 U 0
2 1 U 1
3 1 U 2
4 1 U 3
5 1 U 4
6 0 L 1
7 0 U 3
8 0 U -1
9 0 U -1
10 1 L 7
11 1 L 9
12 1 U 11
13 1 U 10
14 0 U 1
15 1 U 2
16 0 L 12
17 0 U 10
18 0 U 17
19 1 U 18
20 0 U 13
21 0 U 20
22 0 L 17
23 0 U 22
24 0 L 22
25 0 U 9
26 0 U 25
27 0 L 12
28 0 U 27
29 0 U 28
30 0 U 29
31 1 U 30
32 1 L 20
33 1 U 32
34 0 U 33
35 0 L 21
36 0 U 31
37 0 L 29
38 1 U 0
39 0 U 36
40 0 U -1
41 0 L 8
42 0 U 36
43 1 L 6
44 0 U 43
45 1 U 44
46 0 U 45
47 1 U 46
48 0 L 24
49 1 U 48
50 0 U 34
51 0 U 50
52 1 U 51
53 1 U 52
54 1 U 53
55 1 L 50
56 1 U 8
57 1 L 24
58 0 U 57
59 1 U 58
60 0 U 38
61 0 U 60
62 1 U 42
63 0 U 62
64 0 U 1
65 1 U 34
66 0 U 65
67 0 U 66
68 0 U 66
69 0 L 48
70 1 U 69
71 0 U 70
72
0 0 U -1
1 1 U 0
2 1 L 0
3 1 U 2
4 1 U 3
5 1 U 4
6 0 U 2
7 0 U 3
8 0 U -1
9 0 U 7
10 1 L 4
11 1 L 9
12 1 U 11
13 1 U 10
14 0 U 1
15 1 L 5
16 0 L 12
17 1 U 16
18 0 U 17
19 1 U 18
20 0 U 13
21 0 U 20
22 0 L 17
23 0 U 22
24 0 U -1
25 0 U 9
26 0 U 25
27 1 U 7
28 0 U 27
29 0 U 28
30 0 U 29
31 1 U 30
32 1 L 20
33 1 U 32
34 0 U 33
35 0 L 34
36 0 L 2
37 0 U 36
38 1 U 0
39 1 U 6
40 0 U -1
41 1 U 40
42 0 U 5
43 1 L 6
44 0 U 43
45 1 U 44
46 0 U 45
47 1 U 46
48 0 L 24
49 1 U 48
50 1 L 19
51 0 U 50
52 1 U 51
53 1 U 52
54 1 U 53
55 0 U 46
56 1 U 8
57 1 L 24
58 0 U 57
59 1 U 58
60 0 U 38
61 0 U 60
62 1 U 42
63 0 U 62
64 0 U 1
65 1 U 34
66 0 U 65
67 0 U 66
68 0 U 66
69 0 L 48
70 1 U 69
71 0 U 70
72
0 1 L -1
1 1 U 0
2 1 U 1
3 1 U 2
4 1 U 3
5 1 L -1
6 0 U 2
7 0 U 3
8 0 U -1
9 0 U -1
10 1 L 7
11 1 L 9
12 1 U 11
13 1 U 10
14 0 U 1
15 1 U 2
16 1 L 14
17 1 U 16
18 0 U 17
19 0 U 18
20 0 U 0
21 0 U 20
22 0 L 17
23 0 U 22
24 0 U -1
25 0 U 9
26 0 U 25
27 1 U 7
28 0 U 27
29 0 U 28
30 0 U 29
31 1 U 30
32 1 L 20
33 1 L 30
34 0 U 33
35 0 L 34
36 0 L 17
37 0 U 36
38 1 L 25
39 1 U 6
40 0 U -1
41 1 U 40
42 0 U 36
43 1 L 6
44 0 U 43
45 1 U 44
46 0 U -1
47 1 U 46
48 0 L 24
49 1 U 48
50 1 L 19
51 0 U 50
52 0 L 50
53 1 U 52
54 1 U 53
55 0 U 46
56 1 U 8
57 1 L 24
58 0 U 57
59 0 L 4
60 0 U 38
61 0 U 60
62 1 U 42
63 0 U 62
64 1 L 45
65 1 U 34
66 0 U 65
67 0 U 66
68 0 U 66
69 0 L 48
70 1 U 69
71 0 U 70
72
0 1 L -1
1 1 U 0
2 1 U 1
3 1 U 2
4 1 U 3
5 1 U 4
6 0 U 2
7 0 U 3
8 0 U -1
9 0 U -1
10 1 L 7
11 1 L 9
12 1 U 11
13 1 U 10
14 0 U 1
15 1 U 2
16 0 L 12
17 1 U 16
18 0 U 17
19 1 U 18
20 0 U 13
21 0 U 20
22 0 L 17
23 0 U 22
24 0 L 2
25 0 U 9
26 0 U 25
27 1 U 7
28 0 U 27
29 0 U 28
30 0 U 29
31 1 U 30
32 0 L 29
33 1 U 32
34 0 U 25
35 0 L 19
36 0 L 17
37 0 U 36
38 1 U 0
39 1 U 6
40 0 U -1
41 1 U 40
42 0 U 36
43 1 L 6
44 0 U 43
45 1 U 44
46 0 U 45
47 1 U 46
48 0 L 24
49 1 U 48
50 1 L 19
51 0 U 50
52 1 U 51
53 1 U 52
54 1 U 53
55 0 U 46
56 1 U 8
57 1 L 24
58 0 U 57
59 1 U 58
60 1 L 26
61 0 U 60
62 0 L 39
63 0 U 62
64 0 L 4
65 1 U 34
66 0 U 65
67 0 U 66
68 0 U 66
69 0 L 48
70 1 U 69
71 0 U 70
