99
0 1 U -1
1 1 U 0
2 1 U 1
3 0 U 2
4 1 U 3
5 0 U 4
6 1 U 5
7 0 U 6
8 0 U 7
9 1 U -1
10 0 U 9
11 0 U 10
12 1 U 11
13 0 U 12
14 0 U 13
15 1 U 14
16 0 U 15
17 0 U 16
18 0 U -1
19 1 U 18
20 0 U 19
21 1 U 20
22 0 U 21
23 1 U 22
24 0 U 23
25 0 U 24
26 1 U 25
27 1 U -1
28 1 U 27
29 0 U 28
30 0 U 29
31 0 U 30
32 0 U 31
33 1 U 32
34 1 U 33
35 0 U 34
36 0 U -1
37 0 U 36
38 0 U 37
39 1 U 38
40 0 U 39
41 1 U 40
42 0 U 41
43 0 U 42
44 0 U 43
45 0 U -1
46 1 U 45
47 1 U 46
48 1 U 47
49 0 U 48
50 0 U 49
51 1 U 50
52 1 U 51
53 1 U 52
54 0 U -1
55 1 U 54
56 1 U 55
57 1 U 56
58 1 U 57
59 1 U 58
60 0 U 59
61 0 U 60
62 1 U 61
63 0 U -1
64 0 U 63
65 0 U 64
66 0 U 65
67 1 U 66
68 1 U 67
69 0 U 68
70 0 U 69
71 1 U 70
72 0 U -1
73 1 U 72
74 1 U 73
75 1 U 74
76 0 U 75
77 1 U 76
78 1 U 77
79 1 U 78
80 0 U 79
81 1 U -1
82 1 U 81
83 0 U 82
84 1 U 83
85 0 U 84
86 0 U 85
87 1 U 86
88 0 U 87
89 0 U 88
90 0 U -1
91 0 U 90
92 1 U 91
93 1 U 92
94 0 U 93
95 1 U 94
96 0 U 95
97 1 U 96
98 0 U 97
99
0 1 U -1
1 1 U 0
2 1 U 1
3 0 U 2
4 1 U 3
5 0 L -1
6 1 U 5
7 0 U 6
8 0 U 7
9 1 U 5
10 1 L 1
11 0 U 10
12 1 U 11
13 0 U 12
14 0 U 13
15 1 U 14
16 0 U 15
17 0 U 16
18 0 U -1
19 1 U 18
20 0 U 19
21 1 U 20
22 0 U 21
23 1 U 22
24 0 U 23
25 0 U 24
26 1 U 25
27 1 U -1
28 1 U 27
29 0 L 11
30 0 U 29
31 0 U 30
32 1 U 15
33 1 U 32
34 1 U 33
35 0 U 34
36 0 U -1
37 0 U 36
38 0 U 37
39 1 U 38
40 0 U 39
41 1 U 40
42 0 U 41
43 0 U 42
44 1 L 26
45 0 U -1
46 1 U 45
47 1 U 46
48 1 U 47
49 0 U 48
50 0 U 49
51 1 U 50
52 1 U 51
53 1 U 52
54 0 U -1
55 1 U 54
56 1 U 55
57 1 U 56
58 1 U 57
59 1 U 58
60 0 U 59
61 0 U 60
62 1 U 61
63 0 U -1
64 0 U 63
65 0 U 64
66 0 U 65
67 1 U 66
68 1 U 67
69 0 U 68
70 0 L 21
71 1 U 70
72 0 U -1
73 1 U 72
74 1 U 73
75 1 U 74
76 0 U 75
77 1 U 76
78 1 U 77
79 1 U 78
80 0 U 79
81 1 U -1
82 1 U 81
83 0 U 82
84 1 U 83
85 0 U 84
86 0 U 85
87 1 U 86
88 0 U 87
89 0 U 88
90 0 U -1
91 0 U 90
92 1 U 81
93 1 U 92
94 0 U 93
95 1 U 94
96 1 L 27
97 1 U 96
98 0 U 97
99
0 1 U -1
1 1 U 0
2 1 U 1
3 0 U 2
4 0 L 0
5 0 U 4
6 1 U 5
7 0 U 6
8 1 L 2
9 1 U -1
10 0 U 9
11 0 U 10
12 1 U 11
13 1 U 4
14 0 L 8
15 1 U 14
16 0 U 15
17 0 U 16
18 0 U -1
19 1 U 18
20 0 U 19
21 1 U 17
22 0 U 21
23 0 U 15
24 0 U 23
25 0 U 2
26 0 U 4
27 1 U -1
28 1 U 27
29 0 U 28
30 0 U 29
31 0 U 30
32 0 U 31
33 1 U 32
34 1 U 33
35 0 U 34
36 0 U -1
37 0 U 36
38 0 U 37
39 1 U 38
40 0 U 39
41 1 U 40
42 0 U 41
43 0 U 42
44 1 L 41
45 0 U -1
46 1 U 45
47 1 U 46
48 1 U 12
49 0 U 48
50 0 U 47
51 1 U 50
52 1 U 21
53 1 U 52
54 0 U -1
55 1 U 54
56 1 U 55
57 1 U 56
58 1 U 57
59 1 U 58
60 0 U 59
61 0 L 13
62 1 U 61
63 0 U -1
64 0 U 63
65 0 U 64
66 0 L 43
67 1 U 66
68 1 U 67
69 0 U 68
70 0 U 69
71 1 U 70
72 0 U -1
73 1 U 72
74 1 U 73
75 1 U 74
76 0 U 75
77 1 U 76
78 1 U 77
79 1 U 78
80 0 U 79
81 0 U 46
82 1 U 81
83 0 U 82
84 1 U 83
85 0 U 84
86 0 U 85
87 1 U 86
88 0 U 87
89 0 U 88
90 0 U -1
91 0 U 58
92 1 U 91
93 0 L 0
94 0 U 93
95 1 U 94
96 0 U 95
97 1 U 96
98 0 U 97
99
0 1 U -1
1 1 U 0
2 1 L 1
3 0 U 2
4 1 U 2
5 0 U 4
6 1 U 5
7 0 U 6
8 0 U 7
9 1 L -1
10 0 U 9
11 0 U 10
12 1 U 11
13 0 U 12
14 0 U 13
15 1 U 14
16 0 U 15
17 0 U 16
18 0 U -1
19 1 U 18
20 0 U 19
21 1 U 20
22 0 U 21
23 1 U 22
24 0 L 6
25 0 U 24
26 1 U 25
27 1 U -1
28 1 U 27
29 0 U 28
30 0 L 10
31 0 U 30
32 0 U 31
33 1 U 32
34 1 U 33
35 0 U 34
36 0 U -1
37 0 U 36
38 0 U 37
39 1 U 38
40 0 U 39
41 1 U 40
42 0 U 41
43 0 U 42
44 0 U 43
45 0 U -1
46 1 U 45
47 1 U 46
48 1 U 47
49 0 U 48
50 0 U 49
51 1 U 50
52 1 U 51
53 0 L 50
54 0 U -1
55 1 L 5
56 1 U 55
57 1 U 56
58 1 L 18
59 1 U 58
60 0 U 59
61 0 U 60
62 1 U 61
63 0 U -1
64 0 U 63
65 0 U 7
66 0 U 65
67 1 U 66
68 1 U 67
69 0 U 68
70 0 U 69
71 1 U 70
72 0 L 50
73 1 U 72
74 1 U 73
75 1 U 74
76 0 U 75
77 1 U 76
78 1 U 77
79 1 U 78
80 0 U 79
81 1 U -1
82 1 U 81
83 0 U 82
84 1 U 83
85 0 U 84
86 0 U 85
87 1 U 86
88 0 U 87
89 0 U 88
90 0 U -1
91 0 U 90
92 1 U 91
93 1 U 92
94 0 U 93
95 1 U 94
96 0 U 95
97 1 U 96
98 0 U 97
99
0 1 U -1
1 1 U 0
2 1 U 1
3 0 U 2
4 1 U 3
5 0 U 4
6 1 U 5
7 0 U 6
8 0 U 7
9 1 U -1
10 0 U 9
11 1 L 1
12 1 U 11
13 0 U 12
14 0 U 13
15 1 U 14
16 0 U 15
17 0 U 16
18 0 U -1
19 1 U 18
20 0 U 19
21 1 U 20
22 0 U 21
23 1 U 22
24 0 U 6
25 0 U 24
26 1 U 25
27 1 U -1
28 1 U 27
29 0 U 28
30 0 U 29
31 0 U 30
32 0 U 31
33 0 L 6
34 0 L 32
35 1 L 10
36 0 U -1
37 0 U 36
38 0 L 37
39 1 U 38
40 0 U 39
41 1 U 40
42 0 U 41
43 0 U 42
44 0 U 43
45 0 U -1
46 1 U 45
47 1 U 46
48 1 U 47
49 0 U 48
50 0 U 49
51 1 U 50
52 1 U 51
53 1 L 15
54 0 U -1
55 1 U 54
56 1 U 47
57 1 U 56
58 1 U 57
59 1 U 58
60 0 L 22
61 0 U 56
62 1 U 61
63 0 U -1
64 0 U 63
65 0 U 64
66 0 U 65
67 1 U 66
68 1 U 54
69 0 U 68
70 0 U 69
71 1 U 70
72 0 U 43
73 1 U 72
74 1 U 73
75 1 U 74
76 0 U 75
77 1 U 76
78 1 U 77
79 1 U 78
80 0 U 79
81 1 U -1
82 1 U 81
83 0 U 82
84 1 U 83
85 0 U 84
86 0 U 85
87 1 U 86
88 0 U 87
89 0 U 88
90 0 U -1
91 0 U 90
92 1 U 91
93 1 U 92
94 0 U 93
95 1 U 94
96 0 U 95
97 1 U 96
98 0 U 97
99
0 1 U -1
1 1 U 0
2 1 U 1
3 0 U 2
4 1 U 3
5 0 U 4
6 1 U 5
7 0 U 6
8 0 U 7
9 1 U -1
10 0 U 9
11 0 U 10
12 1 U 11
13 0 U 12
14 0 U 13
15 0 U 8
16 0 U 15
17 0 U 16
18 0 U -1
19 1 U 18
20 0 U 19
21 1 U 20
22 0 U 21
23 1 U 22
24 0 U 23
25 0 U 24
26 1 U 25
27 1 U -1
28 1 U 27
29 0 U 28
30 0 U 29
31 1 U 15
32 0 U 31
33 0 L 10
34 1 U 33
35 0 U 34
36 0 L 17
37 0 U 36
38 0 L 36
39 1 U 38
40 0 U 39
41 1 U 40
42 0 U 41
43 0 U 42
44 0 U 43
45 0 U -1
46 1 U 39
47 1 U 46
48 1 U 47
49 0 U 48
50 0 U 49
51 1 U 50
52 1 U 51
53 1 U 52
54 0 U -1
55 1 U 54
56 1 U 55
57 1 U 56
58 1 U 57
59 1 U 58
60 0 U 59
61 0 U 60
62 1 U 61
63 0 L 52
64 0 U 63
65 0 U 64
66 0 U 65
67 1 U 62
68 1 U 67
69 0 U 68
70 0 U 69
71 1 U 70
72 0 U -1
73 1 U 72
74 1 U 73
75 1 U 74
76 0 U 75
77 1 U 76
78 1 U 77
79 1 U 78
80 0 U 79
81 1 U -1
82 1 U 81
83 1 L 72
84 1 U 83
85 0 U 84
86 0 U 85
87 1 U 42
88 1 U 7
89 0 U 88
90 0 U -1
91 0 U 90
92 1 U 91
93 1 U 92
94 0 U 93
95 1 U 94
96 0 U 95
97 1 U 96
98 0 U 97
99
0 1 U -1
1 1 U 0
2 1 U 1
3 0 U 2
4 1 U 3
5 0 U 4
6 1 U 5
7 0 U 6
8 0 U 7
9 1 U -1
10 0 U 9
11 0 U 10
12 1 U 11
13 0 U 12
14 0 U 13
15 0 U 8
16 0 U 15
17 0 U 16
18 0 U -1
19 1 U 18
20 0 U 19
21 1 U 20
22 0 U 21
23 1 U 22
24 0 L 17
25 0 U 24
26 1 U 25
27 1 U -1
28 1 U 27
29 0 L 22
30 0 U 29
31 1 U 15
32 0 U 31
33 1 U 32
34 1 L 7
35 0 U 31
36 0 U 18
37 0 U 36
38 0 L 36
39 1 U 38
40 0 U 39
41 1 U 40
42 0 U 41
43 0 U 42
44 0 U 43
45 0 U -1
46 1 U 39
47 1 U 46
48 1 U 47
49 0 U 48
50 0 U 49
51 1 U 50
52 0 L 16
53 1 U 52
54 0 U -1
55 1 U 54
56 1 U 55
57 1 U 56
58 1 U 57
59 1 U 58
60 0 U 59
61 0 U 60
62 1 U 61
63 0 L 52
64 0 U 63
65 0 U 64
66 0 U 65
67 1 U 0
68 1 U 67
69 0 U 68
70 0 U 69
71 1 U 70
72 0 U -1
73 1 U 72
74 1 U 73
75 1 U 74
76 0 U 75
77 1 U 76
78 1 U 77
79 1 U 78
80 0 U 79
81 1 U -1
82 1 U 81
83 1 L 72
84 1 U 83
85 0 U 84
86 0 U 85
87 1 U 7
88 1 U 7
89 0 U 88
90 0 U -1
91 0 U 90
92 1 U 91
93 1 U 92
94 0 U 93
95 1 U 94
96 0 U 95
97 1 U 96
98 0 U 97
99
0 1 U -1
1 1 U 0
2 1 U 1
3 0 U 2
4 0 U 1
5 0 U 4
6 1 U 5
7 0 U 6
8 0 U 7
9 1 U -1
10 0 U 9
11 0 U 10
12 1 U 11
13 0 U 12
14 0 U 13
15 0 U 8
16 0 U 15
17 0 U 16
18 0 U -1
19 1 U 18
20 0 U 19
21 1 U 20
22 0 U 21
23 1 U 22
24 0 U 23
25 1 L 0
26 1 U 25
27 1 U -1
28 1 U 27
29 0 U 28
30 0 U 29
31 1 U 15
32 0 U 31
33 0 L 10
34 1 U 33
35 0 U 34
36 0 L 17
37 0 U 36
38 0 L 36
39 1 U 38
40 0 U 39
41 1 U 40
42 0 U 41
43 0 U 42
44 0 U 43
45 0 U -1
46 0 U 24
47 1 U 46
48 1 U 47
49 0 U 48
50 0 U 49
51 1 U 50
52 1 U 51
53 1 U 52
54 0 U 16
55 0 L 23
56 0 L 13
57 1 U 56
58 1 U 57
59 1 U 58
60 0 U 59
61 0 U 60
62 1 U 61
63 0 L 52
64 0 U 63
65 0 U 64
66 0 U 65
67 1 U 62
68 1 U 67
69 0 U 68
70 0 U 69
71 1 U 70
72 0 U -1
73 1 U 72
74 1 U 73
75 1 L 61
76 0 U 75
77 1 U 76
78 1 U 77
79 0 L 41
80 0 U 79
81 1 U -1
82 1 U 81
83 1 L 72
84 1 U 83
85 1 L 5
86 0 U 85
87 1 U 42
88 1 U 7
89 0 U 88
90 0 U -1
91 0 U 90
92 1 U 91
93 1 U 92
94 0 U 93
95 1 U 94
96 0 U 95
97 1 U 96
98 0 U 97
99
0 1 U -1
1 1 U 0
2 1 U 1
3 0 U 2
4 0 U 1
5 0 U 4
6 1 U 5
7 0 U 6
8 0 U 7
9 1 U 7
10 0 U 9
11 0 U 10
12 1 U 11
13 0 U 12
14 0 U 13
15 0 U 8
16 0 U 15
17 0 U 16
18 1 U 15
19 1 U 18
20 0 U 19
21 1 U 20
22 0 U 21
23 1 U 22
24 0 U 23
25 1 L 0
26 1 U 25
27 1 U -1
28 1 U 27
29 0 U 28
30 0 U 29
31 1 U 15
32 0 U 31
33 0 L 10
34 1 U 33
35 0 U 34
36 0 L 17
37 0 U 36
38 0 L 36
39 1 U 38
40 0 U 39
41 1 U 40
42 0 U 41
43 0 U 42
44 0 U 43
45 0 U -1
46 0 U 24
47 1 U 46
48 1 U 47
49 0 U 48
50 0 U 49
51 1 U 50
52 1 U 51
53 1 U 52
54 0 U 16
55 0 L 23
56 0 L 13
57 1 U 56
58 1 U 57
59 1 U 58
60 0 U 59
61 0 U 60
62 1 U 61
63 0 L 52
64 0 U 63
65 0 U 64
66 0 U 65
67 1 U 62
68 1 U 67
69 0 U 68
70 0 U 69
71 0 L 56
72 0 U -1
73 1 U 72
74 1 U 73
75 1 L 61
76 0 U 75
77 1 U 76
78 1 U 77
79 0 L 41
80 0 U 79
81 0 U 41
82 0 U 54
83 1 L 72
84 1 U 83
85 1 L 5
86 0 U 85
87 1 U 42
88 1 U 7
89 0 U 84
90 0 U -1
91 0 U 90
92 1 U 91
93 1 U 92
94 0 U 93
95 1 U 94
96 0 U 95
97 1 U 96
98 0 U 97
99
0 0 U -1
1 1 U 0
2 1 U 1
3 0 U 2
4 0 U 1
5 0 U 4
6 1 U 5
7 0 L 1
8 0 U 7
9 1 U 7
10 0 U 9
11 0 U 10
12 1 U 11
13 0 U 12
14 0 U 13
15 0 U 8
16 0 U 15
17 0 U 16
18 1 U 15
19 0 U 1
20 0 U 19
21 1 U 20
22 0 U 21
23 1 U 22
24 0 U 23
25 1 L 0
26 1 U 25
27 1 U -1
28 1 U 27
29 0 U 28
30 0 U 29
31 1 U 15
32 0 U 31
33 0 L 10
34 1 U 33
35 0 U 34
36 0 U 34
37 0 L 23
38 0 L 36
39 1 U 38
40 0 U 39
41 1 U 40
42 0 U 41
43 0 U 42
44 0 U 43
45 0 U -1
46 1 U 32
47 1 U 46
48 1 U 47
49 0 U 48
50 0 U 49
51 1 U 50
52 1 U 51
53 1 U 52
54 0 U 16
55 0 L 23
56 0 L 13
57 1 U 56
58 1 U 57
59 1 U 58
60 0 U 59
61 0 U 60
62 1 U 10
63 0 L 52
64 0 U 63
65 0 U 64
66 0 U 65
67 0 U 22
68 1 U 67
69 0 U 68
70 0 U 69
71 0 L 56
72 0 U -1
73 1 U 72
74 0 L 70
75 1 L 61
76 0 U 75
77 1 U 76
78 1 U 77
79 0 L 41
80 0 U 79
81 0 U 41
82 0 U 54
83 1 L 72
84 0 L 27
85 1 L 5
86 0 U 48
87 1 U 42
88 1 U 7
89 0 U 84
90 0 U -1
91 0 U 90
92 1 U 91
93 1 U 92
94 0 U 16
95 1 U 94
96 0 U 95
97 1 U 96
98 0 U 97
99
0 1 U -1
1 1 U 0
2 1 U 1
3 0 U 2
4 0 U 1
5 0 U 4
6 1 U 5
7 0 U 6
8 1 L 5
9 1 U 7
10 0 U 9
11 0 U 10
12 1 U 11
13 0 U 12
14 0 U 13
15 0 U 8
16 0 U 15
17 0 U 16
18 1 U 15
19 1 U 18
20 1 L 5
21 1 U 20
22 0 U 21
23 1 U 22
24 0 U 23
25 1 L 0
26 1 U 25
27 1 U -1
28 1 U 27
29 0 U 28
30 0 U 17
31 1 U 15
32 0 U 31
33 0 L 10
34 1 U 33
35 0 U 34
36 0 L 17
37 0 U 36
38 0 L 36
39 1 U 38
40 0 U 39
41 1 U 40
42 0 U 41
43 0 U 42
44 1 L 43
45 0 U -1
46 0 U 24
47 1 U 46
48 1 U 47
49 0 U 48
50 0 U 11
51 1 U 50
52 1 U 51
53 1 U 52
54 0 U 16
55 0 L 23
56 0 L 13
57 1 U 56
58 1 U 57
59 1 U 58
60 0 U 59
61 0 U 60
62 1 U 31
63 0 L 52
64 0 U 63
65 0 U 64
66 0 U 65
67 1 U 62
68 1 U 67
69 0 U 68
70 0 U 69
71 0 L 56
72 0 U -1
73 1 U 72
74 1 U 73
75 1 L 61
76 0 U 75
77 1 U 76
78 1 U 77
79 0 L 41
80 0 L 57
81 0 U 41
82 0 U 54
83 1 L 72
84 1 U 83
85 1 L 5
86 0 U 85
87 1 U 42
88 1 U 7
89 0 U 84
90 0 U -1
91 0 U 90
92 1 U 91
93 1 U 92
94 0 U 93
95 1 U 94
96 0 U 95
97 1 U 96
98 0 U 97
99
0 0 U -1
1 1 U 0
2 1 U 1
3 0 U 2
4 1 L 1
5 0 U 4
6 1 U 5
7 0 U 6
8 0 U 7
9 1 U 7
10 0 U 9
11 0 U 10
12 1 U 11
13 0 U 12
14 0 U 13
15 1 U 12
16 0 U 15
17 0 U 16
18 1 U 15
19 1 L 10
20 0 U 19
21 1 U 20
22 0 U 21
23 1 U 22
24 0 U 23
25 1 L 0
26 1 U 25
27 1 U -1
28 1 U 27
29 0 U 28
30 0 U 29
31 1 U 15
32 0 U 31
33 1 U 10
34 1 U 33
35 0 U 34
36 0 L 17
37 0 L 31
38 0 L 36
39 1 U 38
40 0 U 39
41 1 U 40
42 1 U 39
43 0 U 42
44 0 U 43
45 0 U -1
46 0 U 24
47 1 U 46
48 1 U 47
49 0 U 48
50 0 U 49
51 1 U 50
52 1 U 51
53 1 L 15
54 0 U 16
55 0 L 23
56 0 L 13
57 1 U 56
58 1 U 57
59 1 U 58
60 0 U 59
61 0 U 60
62 1 U 61
63 0 L 52
64 0 U 63
65 0 U 64
66 0 U 65
67 1 U 62
68 1 U 67
69 0 U 68
70 0 U 69
71 0 L 56
72 0 U -1
73 1 U 72
74 1 U 73
75 1 L 61
76 0 U 75
77 1 U 76
78 1 U 77
79 0 L 41
80 0 U 79
81 1 U 50
82 0 U 54
83 1 L 72
84 1 U 83
85 1 L 5
86 0 U 85
87 1 U 42
88 1 U 7
89 0 U 84
90 0 U -1
91 0 U 90
92 1 U 39
93 1 U 92
94 0 U 93
95 1 U 94
96 1 U 23
97 1 U 96
98 0 U 97
99
0 1 U -1
1 1 U 0
2 1 U 1
3 0 U 2
4 0 U 1
5 0 U 4
6 1 U 5
7 0 U 6
8 0 U 7
9 1 U 7
10 0 U 9
11 0 U 10
12 1 U 7
13 0 U 12
14 0 U 13
15 0 U 8
16 0 U 15
17 0 U 16
18 1 U 15
19 1 U 18
20 0 U 19
21 1 U 20
22 0 U 2
23 1 U 22
24 0 U 23
25 1 L 0
26 1 U 25
27 1 U -1
28 1 U 27
29 0 U 28
30 0 U 29
31 1 U 29
32 0 U 31
33 0 L 10
34 1 U 33
35 0 U 19
36 0 L 9
37 0 U 36
38 0 L 36
39 1 U 38
40 0 L 39
41 1 U 40
42 0 U 41
43 0 U 10
44 0 U 43
45 0 U -1
46 0 U 24
47 1 U 46
48 1 U 47
49 0 U 48
50 0 U 49
51 1 U 50
52 1 U 51
53 1 U 52
54 0 U 34
55 0 L 23
56 0 L 13
57 1 U 56
58 1 U 33
59 1 U 58
60 0 U 59
61 0 U 60
62 1 U 37
63 0 L 52
64 0 U 63
65 0 U 64
66 0 U 65
67 1 U 62
68 1 U 67
69 0 U 68
70 0 U 69
71 0 L 56
72 1 U 64
73 1 U 72
74 1 U 73
75 1 L 61
76 0 U 75
77 1 U 76
78 1 U 77
79 0 L 41
80 0 U 79
81 0 U 41
82 0 U 54
83 1 L 72
84 0 U 74
85 1 L 5
86 0 U 85
87 1 U 42
88 1 U 7
89 0 U 84
90 0 U -1
91 0 U 90
92 1 U 77
93 1 U 92
94 0 U 93
95 1 U 94
96 0 L 46
97 1 U 96
98 0 U 97
99
0 1 U -1
1 1 U 0
2 1 U 1
3 0 U 2
4 0 U 1
5 0 U 4
6 1 U 5
7 0 U 6
8 0 U 7
9 1 U 7
10 0 U 9
11 0 U 10
12 1 U 11
13 0 U 12
14 1 U 13
15 0 U 8
16 0 U 15
17 0 U 16
18 1 U 15
19 0 U 7
20 0 U 19
21 1 U 20
22 0 U 21
23 1 U 22
24 0 U 23
25 1 L 0
26 1 U 25
27 1 U -1
28 1 U 27
29 0 U 28
30 0 U 29
31 1 U 15
32 0 L 22
33 0 L 10
34 1 U 33
35 0 U 34
36 0 L 17
37 0 U 36
38 0 L 36
39 1 U 38
40 0 U 39
41 1 U 40
42 0 U 41
43 0 U 42
44 0 U 43
45 0 U -1
46 0 U 24
47 1 U 46
48 1 U 47
49 0 U 48
50 0 U 49
51 1 U 50
52 1 U 51
53 1 U 52
54 0 U 16
55 0 L 23
56 0 L 13
57 1 U 56
58 1 U 57
59 1 U 58
60 0 U 59
61 0 U 60
62 1 U 61
63 0 L 52
64 0 U 63
65 0 U 64
66 0 U 65
67 1 U 62
68 1 U 67
69 0 U 68
70 0 U 24
71 0 L 56
72 0 U -1
73 1 U 72
74 1 U 73
75 1 L 61
76 0 U 75
77 1 U 76
78 1 U 77
79 0 L 41
80 0 U 79
81 0 U 41
82 1 U 4
83 1 L 72
84 1 U 83
85 1 L 5
86 0 U 85
87 0 L 6
88 1 U 7
89 0 U 84
90 0 U -1
91 0 U 90
92 1 U 91
93 1 U 92
94 0 U 93
95 1 U 94
96 0 U 95
97 1 U 96
98 0 U 97
99
0 1 U -1
1 1 U 0
2 1 U 1
3 0 U 2
4 0 U 1
5 0 L 3
6 1 U 5
7 0 U 6
8 0 U 7
9 1 U 7
10 0 U 9
11 0 U 10
12 1 U 4
13 0 U 12
14 0 U 13
15 0 U 8
16 0 U 15
17 0 U 16
18 1 U 15
19 1 U 18
20 0 U 19
21 0 U 1
22 0 U 21
23 1 U 22
24 0 U 23
25 1 L 0
26 1 U 25
27 1 U -1
28 1 U 27
29 0 U 28
30 0 U 29
31 1 U 15
32 0 U 31
33 0 L 10
34 1 U 33
35 0 U 34
36 0 L 17
37 0 U 36
38 0 L 36
39 1 U 38
40 0 U 39
41 1 U 40
42 0 L 32
43 0 U 42
44 0 U 43
45 0 U -1
46 0 U 24
47 1 U 40
48 1 U 47
49 0 U 48
50 0 U 49
51 1 U 50
52 1 U 51
53 1 U 52
54 0 U 16
55 0 L 23
56 0 L 13
57 1 U 56
58 1 U 57
59 1 U 58
60 0 U 59
61 0 U 60
62 1 U 61
63 0 L 52
64 0 U 63
65 0 U 64
66 0 U 65
67 1 U 62
68 1 U 67
69 0 U 68
70 0 U 69
71 0 L 56
72 0 U -1
73 1 U 72
74 1 U 73
75 1 L 61
76 0 U 75
77 1 U 76
78 1 U 63
79 0 L 41
80 0 U 79
81 0 U 41
82 0 U 54
83 1 L 72
84 1 U 83
85 1 L 5
86 0 U 85
87 1 U 26
88 1 U 7
89 0 U 84
90 0 U -1
91 0 U 90
92 1 U 91
93 0 L 78
94 0 U 93
95 1 U 94
96 0 L 46
97 1 U 96
98 0 U 97
99
0 1 U -1
1 1 U 0
2 1 U 1
3 0 U 2
4 0 U 1
5 0 U 4
6 1 U 5
7 0 U 6
8 0 U 7
9 1 U 7
10 0 U 9
11 0 U 10
12 1 U 11
13 0 U 12
14 0 U 13
15 0 U 8
16 0 U 15
17 0 U 16
18 1 U 15
19 1 U 18
20 0 U 19
21 0 U 4
22 0 U 21
23 1 U 22
24 0 U 23
25 1 L 21
26 1 U 25
27 1 U -1
28 1 U 27
29 0 U 28
30 0 U 29
31 1 U 15
32 0 L 23
33 1 U 15
34 1 U 33
35 0 U 34
36 0 L 17
37 0 U 36
38 0 L 36
39 1 L 16
40 0 U 39
41 1 U 40
42 0 U 41
43 0 U 42
44 0 U 43
45 0 U -1
46 0 U 24
47 1 U 46
48 1 U 47
49 0 U 48
50 0 U 49
51 1 U 50
52 1 U 51
53 1 U 52
54 0 U 16
55 0 L 23
56 1 L 7
57 1 U 56
58 1 U 57
59 1 U 58
60 0 U 59
61 0 U 60
62 1 U 61
63 1 L 57
64 0 U 63
65 0 U 64
66 0 U 65
67 1 U 62
68 1 U 67
69 0 L -1
70 0 U 69
71 0 L 56
72 0 U -1
73 1 U 72
74 1 U 73
75 1 L 61
76 0 U 75
77 1 U 76
78 1 U 77
79 0 L 41
80 0 U 79
81 0 U 41
82 0 U 54
83 1 L 72
84 1 U 83
85 1 L 5
86 0 U 85
87 1 U 42
88 1 U 7
89 0 L 85
90 0 U -1
91 0 U 90
92 1 U 91
93 1 U 57
94 1 L 88
95 1 U 94
96 0 U 6
97 1 U 96
98 0 U 97
99
0 1 L -1
1 1 U 0
2 1 U 1
3 0 U 2
4 0 U 1
5 0 U 4
6 1 U 5
7 0 U 6
8 0 U 7
9 1 U 7
10 0 U 9
11 0 L 0
12 1 U 11
13 1 L -1
14 0 U 13
15 0 U 5
16 0 U 15
17 0 U 16
18 1 U 15
19 1 U 18
20 0 U 4
21 1 U 20
22 0 U 21
23 1 U 22
24 0 U 23
25 1 L 0
26 1 U 25
27 1 U -1
28 1 U 27
29 0 U 28
30 0 U 29
31 1 U 15
32 0 U 31
33 0 L 10
34 1 U 33
35 0 L 32
36 0 L 17
37 0 U 36
38 0 L 36
39 1 U 38
40 0 U 39
41 1 U 40
42 0 U 41
43 0 U 42
44 0 U 43
45 0 U -1
46 0 L 29
47 1 U 46
48 1 U 47
49 0 U 48
50 0 U 49
51 1 U 50
52 1 U 51
53 1 U 52
54 0 U 16
55 0 L 23
56 0 L 13
57 1 U 56
58 1 U 57
59 1 L 54
60 0 U 59
61 1 U 35
62 1 U 61
63 1 U 6
64 0 U 63
65 0 U 64
66 0 U 65
67 1 U 62
68 1 U 67
69 0 U 68
70 0 U 69
71 0 L 56
72 0 U -1
73 1 U 72
74 1 U 73
75 1 L 61
76 0 U 75
77 1 U 76
78 1 U 77
79 0 L 41
80 0 U 79
81 0 U 41
82 0 U 54
83 0 L 48
84 1 U 83
85 1 L 5
86 0 U 85
87 1 U 42
88 1 U 7
89 0 U 84
90 0 U -1
91 0 U 7
92 0 L 12
93 1 U 92
94 0 U 93
95 1 U 94
96 0 U 95
97 1 U 96
98 0 U 97
99
0 1 U -1
1 1 U 0
2 1 U 1
3 0 U 2
4 0 U 1
5 0 U 4
6 1 U 1
7 0 U 6
8 0 U 7
9 1 U 7
10 0 U 9
11 0 U 10
12 1 U 11
13 0 U 12
14 0 U 13
15 0 U 8
16 0 U 15
17 0 U 16
18 1 U 15
19 1 U 18
20 0 U 19
21 1 U 20
22 0 U 21
23 1 U 22
24 0 U 23
25 1 L 0
26 1 U 25
27 1 U -1
28 1 U 27
29 0 U 28
30 1 U 15
31 1 U 15
32 1 L 25
33 0 L 10
34 0 L 8
35 0 U 34
36 0 L 17
37 1 U 8
38 0 L 32
39 1 U 38
40 0 U 39
41 1 U 40
42 0 U 41
43 0 U 42
44 0 U 43
45 0 U -1
46 0 U 24
47 1 U 46
48 0 U 1
49 0 U 48
50 0 U 49
51 1 U 39
52 1 U 51
53 1 U 52
54 0 U 16
55 0 L 23
56 0 L 13
57 1 U 56
58 1 U 57
59 1 U 58
60 0 U 59
61 0 U 60
62 1 U 61
63 0 L 52
64 0 U 63
65 0 U 64
66 0 U 65
67 1 U 62
68 1 U 67
69 0 U 68
70 0 U 69
71 0 L 56
72 0 U -1
73 0 U 68
74 1 U 73
75 1 L 61
76 0 U 75
77 1 U 76
78 1 U 77
79 0 L 41
80 0 U 79
81 0 U 41
82 0 U 54
83 1 L 72
84 1 U 83
85 1 L 5
86 0 U 85
87 1 U 42
88 1 U 7
89 0 U 84
90 1 U 84
91 0 L 22
92 1 U 91
93 1 U 92
94 0 U 93
95 0 U 83
96 0 U 95
97 1 U 96
98 0 U 97
99
0 1 U -1
1 1 U 0
2 0 L 1
3 0 L 1
4 1 L 1
5 0 U 4
6 1 U 5
7 0 U 6
8 0 U 7
9 1 U 0
10 0 U 9
11 0 U 10
12 0 U 11
13 0 L 3
14 0 U 13
15 0 U 8
16 0 U 15
17 0 U 16
18 0 U 12
19 1 U 18
20 0 U 19
21 1 U 20
22 0 U 21
23 1 U 22
24 0 U 23
25 1 L 0
26 1 U 23
27 1 U -1
28 1 U 27
29 0 U 28
30 0 U 29
31 1 U 15
32 0 U 31
33 0 L 10
34 1 L 31
35 0 U 34
36 0 L 17
37 0 U 36
38 0 L 36
39 1 U 38
40 0 U 39
41 1 U 40
42 0 U 41
43 0 U 42
44 0 U 43
45 0 U -1
46 0 U 24
47 1 U 46
48 1 U 47
49 0 U 31
50 0 U 49
51 1 U 50
52 1 U 51
53 1 U 52
54 0 U 16
55 0 L 23
56 0 L 13
57 1 U 56
58 1 U 57
59 1 U 58
60 0 U 59
61 0 U 60
62 1 U 61
63 0 L 24
64 0 U 63
65 0 U 64
66 0 U 65
67 1 U 62
68 0 L 34
69 0 U 68
70 0 U 69
71 0 L 33
72 0 U -1
73 1 U 72
74 1 U 73
75 1 L 61
76 0 U 75
77 1 U 76
78 1 U 77
79 0 L 41
80 0 U 79
81 1 L 21
82 0 U 54
83 1 L 72
84 1 U 83
85 1 L 5
86 0 U 85
87 1 U 42
88 1 U 7
89 0 U 84
90 0 U -1
91 0 U 90
92 1 U 91
93 1 U 92
94 0 U 93
95 1 U 94
96 1 U 63
97 1 U 96
98 0 U 97
99
0 1 U -1
1 1 U 0
2 1 U 1
3 0 U 2
4 0 U 1
5 0 U 4
6 1 U 5
7 0 U 6
8 0 U 7
9 1 U 7
10 0 U 9
11 0 U 10
12 1 U 11
13 0 U 12
14 0 U 13
15 0 L 7
16 0 U 15
17 0 U 14
18 1 U 15
19 1 U 18
20 0 U 19
21 1 U 20
22 0 U 21
23 1 U 22
24 0 U 23
25 1 L 0
26 1 U 25
27 1 U -1
28 1 U 27
29 0 L 2
30 0 U 29
31 1 U 15
32 0 U 31
33 0 L 10
34 1 U 33
35 0 U 34
36 0 L 17
37 0 L 24
38 0 L 36
39 1 U 38
40 0 U 39
41 1 L 20
42 0 U 41
43 0 U 42
44 0 U 43
45 0 U -1
46 0 U 24
47 1 U 46
48 1 U 47
49 0 U 48
50 0 U 49
51 1 U 50
52 1 U 51
53 1 U 52
54 0 U 50
55 0 L 23
56 0 L 13
57 0 L 7
58 1 U 57
59 0 U 49
60 0 U 59
61 0 U 60
62 1 U 61
63 0 L 52
64 0 U 63
65 0 U 64
66 0 U 65
67 0 U 27
68 1 U 67
69 0 U 68
70 1 L 13
71 0 L 56
72 0 U -1
73 0 U 41
74 1 U 73
75 1 L 61
76 0 U 75
77 1 U 76
78 1 L 48
79 0 L 41
80 0 U 79
81 0 U 41
82 0 U 54
83 1 L 72
84 0 L 72
85 1 L 5
86 0 U 85
87 1 U 42
88 1 U 7
89 0 U 24
90 0 U -1
91 0 U 90
92 1 U 91
93 1 U 92
94 0 U 93
95 1 U 94
96 0 U 95
97 1 U 96
98 0 U 97
99
0 1 U -1
1 1 U 0
2 1 U 1
3 0 U 2
4 0 U 1
5 0 U -1
6 1 U 5
7 0 U 6
8 1 L 4
9 1 U 7
10 0 U 9
11 0 U 10
12 1 U 11
13 0 U 12
14 0 U 13
15 0 L 0
16 0 U 15
17 0 U 16
18 1 U 15
19 1 U 18
20 0 U 19
21 1 U 20
22 0 U 21
23 1 U 22
24 0 U 23
25 1 L 0
26 1 U 25
27 1 U -1
28 1 U 27
29 0 U 28
30 0 U 29
31 1 L 16
32 0 U 31
33 0 L 10
34 1 U 33
35 0 U 34
36 0 L 17
37 0 U 36
38 0 U 32
39 1 U 38
40 0 U 39
41 1 U 40
42 0 U 41
43 0 U 42
44 0 U 43
45 0 U -1
46 0 U 24
47 0 U 36
48 1 U 47
49 0 U 48
50 0 U 49
51 1 U 50
52 1 U 51
53 1 U 52
54 0 U 16
55 0 L 23
56 0 L 13
57 1 U 56
58 1 U 57
59 1 U 58
60 0 U 59
61 0 L 1
62 1 U 61
63 0 L 52
64 0 U 63
65 0 U 64
66 0 U 65
67 1 U 62
68 1 U 67
69 0 U 68
70 0 U 69
71 0 L 56
72 0 U -1
73 1 U 72
74 0 U 64
75 1 L 61
76 0 U 9
77 1 U 76
78 1 U 77
79 0 L 41
80 1 L 7
81 0 U 41
82 0 U 54
83 1 L 72
84 1 U 83
85 0 L 2
86 0 U 85
87 1 U 42
88 1 U 7
89 0 U 84
90 0 U -1
91 0 U 90
92 1 U 91
93 1 U 92
94 0 U 93
95 1 U 94
96 0 U 95
97 1 U 96
98 0 U 97
99
0 1 U -1
1 1 U 0
2 1 U 1
3 0 U 2
4 0 U 1
5 0 U 4
6 1 L 1
7 0 U 6
8 0 U 7
9 1 U 7
10 0 U 9
11 0 L 9
12 1 U 11
13 0 U 12
14 0 U 13
15 0 U 8
16 0 U 15
17 0 U 16
18 1 U 15
19 1 U 18
20 0 U 19
21 1 U 20
22 0 U 21
23 1 U 22
24 0 U 23
25 1 L 0
26 1 U 25
27 0 U 0
28 1 U 27
29 0 U 28
30 0 U 29
31 1 U 15
32 0 U 31
33 0 L 10
34 1 U 33
35 0 U 34
36 0 L 31
37 0 U 36
38 0 L 36
39 1 L 0
40 0 U 39
41 1 U 40
42 0 U 41
43 0 U 42
44 0 U 43
45 0 U -1
46 0 L 17
47 1 U 46
48 0 U 43
49 0 U 48
50 0 U 49
51 1 U 50
52 1 U 51
53 1 U 52
54 1 L 39
55 0 L 23
56 0 L 52
57 1 U 56
58 1 U 57
59 1 U 58
60 0 U 59
61 0 U 60
62 1 U 61
63 0 L 52
64 0 U 63
65 0 U 64
66 0 U 65
67 1 U 62
68 1 U 67
69 0 U 68
70 0 U 69
71 0 L 56
72 0 U -1
73 1 U 72
74 1 U 73
75 1 L 61
76 0 U 75
77 1 U 76
78 0 U 1
79 0 L 41
80 0 U 79
81 0 U 41
82 0 U 54
83 1 L 72
84 1 U 83
85 1 L 5
86 0 U 85
87 1 U 42
88 1 U 7
89 0 U 84
90 0 U -1
91 1 L 29
92 1 U 91
93 1 U 92
94 0 U 93
95 1 U 94
96 0 U 95
97 1 U 96
98 0 U 97
99
0 1 U -1
1 1 L -1
2 1 U 1
3 0 U 2
4 0 U 1
5 0 U 4
6 1 U 5
7 0 U 6
8 0 U 7
9 1 U 7
10 0 U 9
11 0 L 2
12 1 U 11
13 0 U 12
14 1 L 9
15 0 U 8
16 0 U 15
17 0 U 16
18 0 U 16
19 1 U 18
20 0 U 19
21 0 U 10
22 0 U 21
23 1 U 22
24 0 U 23
25 1 L 0
26 1 U 25
27 1 U -1
28 1 U 27
29 1 L 27
30 0 U 29
31 1 L 0
32 0 U 31
33 0 L 10
34 1 U 33
35 0 U 34
36 0 L 17
37 0 U 36
38 0 L 36
39 1 U 38
40 0 U 39
41 1 U 40
42 0 U 41
43 0 U 42
44 0 L 14
45 0 U -1
46 0 U 24
47 1 U 46
48 1 U 47
49 0 U 48
50 0 U 49
51 1 L 39
52 1 U 51
53 1 U 52
54 0 U 16
55 0 L 23
56 0 L 13
57 1 U -1
58 1 U 57
59 1 U 58
60 0 U 59
61 0 U 60
62 1 U 61
63 0 L 52
64 0 U 63
65 1 U 13
66 0 U 65
67 0 L 13
68 1 U 67
69 0 U 68
70 0 U 69
71 0 L 56
72 0 U -1
73 1 U 72
74 1 U 73
75 1 L 61
76 1 U 30
77 1 U 76
78 1 U 57
79 0 L 41
80 0 U 79
81 0 U 41
82 0 U 54
83 1 L 72
84 1 U 83
85 1 L 35
86 0 U 85
87 1 U 42
88 1 U 7
89 0 U 84
90 0 U -1
91 0 U 90
92 0 U 70
93 1 U 92
94 0 U 93
95 0 U 46
96 0 U 95
97 1 U 96
98 0 U 97
99
0 1 U -1
1 1 U 0
2 1 U 1
3 0 U 2
4 0 U 1
5 0 U 4
6 1 U 5
7 0 L 2
8 0 U 7
9 1 U 7
10 0 U 9
11 0 U 10
12 1 U 11
13 0 U 12
14 0 L 5
15 0 U 8
16 0 U 15
17 0 U 16
18 1 U 15
19 1 U 18
20 0 U 19
21 1 U 20
22 0 U 21
23 1 L 4
24 0 U 23
25 1 L 0
26 1 U 25
27 1 U -1
28 1 U 27
29 0 U 28
30 0 U 29
31 1 U 15
32 0 U 31
33 0 L 10
34 1 U 33
35 0 U 34
36 0 L 17
37 0 U 36
38 0 L 36
39 1 U 38
40 0 U 39
41 1 U 40
42 0 U 41
43 0 U 42
44 0 U 43
45 0 U -1
46 0 U 24
47 1 U 46
48 1 U 47
49 0 U 48
50 0 U 49
51 0 L 44
52 1 U 51
53 1 U 52
54 0 U 16
55 0 L 23
56 0 L 13
57 1 U 56
58 1 U 57
59 1 U 58
60 0 U 59
61 0 U 60
62 1 U 61
63 0 L 52
64 0 U 57
65 0 U 64
66 0 U 65
67 1 U 62
68 1 U 67
69 0 U 68
70 0 U 69
71 0 L 56
72 0 U -1
73 1 U 72
74 1 U 73
75 1 L 61
76 0 U 75
77 1 U 76
78 1 U 77
79 0 L 41
80 0 U 79
81 0 U 41
82 0 U 54
83 1 L 72
84 1 U 83
85 1 L 5
86 0 U 85
87 1 U 42
88 1 U 7
89 0 U 84
90 0 U -1
91 0 U 90
92 1 U 91
93 1 U 92
94 0 U 93
95 1 U 94
96 0 U 95
97 1 U 96
98 0 U 97
99
0 1 U -1
1 1 U -1
2 1 U 1
3 0 U 2
4 0 U 1
5 0 U 4
6 0 U 3
7 0 U 6
8 0 U 7
9 1 U 7
10 0 U 9
11 0 U 9
12 1 U 11
13 0 U 12
14 0 U 2
15 0 U 8
16 0 U 15
17 0 U 16
18 1 U 15
19 1 U 18
20 0 U 19
21 1 U 20
22 0 U 21
23 1 U 22
24 1 L -1
25 1 L 0
26 1 U 25
27 1 U -1
28 1 U 27
29 0 U 28
30 1 U 11
31 1 U 15
32 0 U 31
33 0 L 10
34 1 U 33
35 0 U 34
36 0 L 17
37 0 U 36
38 0 L 36
39 1 U 38
40 0 U 39
41 1 U 40
42 0 U 41
43 0 U 42
44 0 U 43
45 0 U -1
46 0 U 24
47 1 U 46
48 1 U 47
49 0 U 48
50 0 U 49
51 1 U 50
52 1 U 51
53 1 U 52
54 0 U 16
55 1 L 4
56 0 U 24
57 1 U 56
58 1 U 57
59 1 U 58
60 0 U 59
61 0 U 60
62 1 U 61
63 0 L 52
64 1 U 27
65 0 U 64
66 0 U 65
67 1 U 62
68 1 U 67
69 0 U 68
70 0 U 69
71 0 L 56
72 1 L 70
73 1 U 72
74 1 U 73
75 1 L 61
76 0 U 75
77 1 U 76
78 1 U 77
79 0 L 41
80 0 U 79
81 0 U 41
82 0 U 54
83 1 L 72
84 1 U 83
85 1 L 5
86 0 U 85
87 1 U 52
88 1 U 7
89 0 L 87
90 0 U -1
91 0 U 90
92 1 U 91
93 1 U 92
94 0 U 93
95 1 U 94
96 0 U 95
97 0 L 66
98 1 U 31
99
0 1 U -1
1 1 U 0
2 0 L -1
3 0 U 2
4 1 U 1
5 1 L -1
6 1 U 5
7 0 U 6
8 0 U 7
9 1 U 7
10 0 U 8
11 0 U 10
12 1 U 11
13 0 U 12
14 0 U 13
15 0 U 8
16 0 U 15
17 0 U 16
18 1 U 15
19 1 U 18
20 0 U 19
21 1 U 20
22 0 U 21
23 1 U 22
24 0 U 23
25 1 L 0
26 1 U 25
27 1 U -1
28 1 U 27
29 0 U 28
30 0 U 29
31 1 U 15
32 0 U 31
33 0 L 14
34 1 U 33
35 0 U 34
36 0 L 17
37 0 U 36
38 0 L 36
39 1 U 38
40 0 U 39
41 1 U 30
42 0 U 41
43 0 U 42
44 0 U 43
45 0 U -1
46 0 U 24
47 1 U 46
48 1 U 47
49 0 U 48
50 0 U 49
51 1 U 50
52 1 U 51
53 1 U 52
54 0 U 16
55 0 L 23
56 0 L 13
57 1 U 56
58 1 U 57
59 1 U 58
60 0 U 59
61 0 U 60
62 0 L 30
63 0 L 52
64 0 U 56
65 1 L 60
66 0 U 65
67 0 L 64
68 1 U 67
69 0 U 68
70 0 U 64
71 0 L 56
72 0 U -1
73 1 U 72
74 1 U 73
75 1 L 61
76 0 U 75
77 1 U 76
78 1 U 77
79 0 L 41
80 0 U 79
81 0 U 41
82 0 U 54
83 1 L 72
84 1 U 83
85 1 L 5
86 0 U 85
87 1 U 42
88 1 U 7
89 0 U 84
90 0 U -1
91 0 U 90
92 1 U 91
93 1 U 92
94 0 U 0
95 1 U 94
96 0 U 95
97 1 U 96
98 0 U 97
99
0 1 U -1
1 1 U 0
2 1 U 1
3 0 U 2
4 0 U 1
5 0 U 4
6 1 U 5
7 0 U 6
8 0 U 7
9 1 U 7
10 0 U 9
11 1 L 3
12 1 U 11
13 0 U 12
14 0 U 13
15 0 U 8
16 0 U 15
17 0 U 16
18 1 U 15
19 1 U 18
20 0 U 19
21 1 U 20
22 0 U 21
23 1 U 22
24 0 U 23
25 1 L 0
26 1 U 25
27 0 U 14
28 1 U 27
29 0 U 28
30 0 U 29
31 1 U 15
32 0 U 31
33 0 L 10
34 1 U 33
35 0 U 34
36 0 L 17
37 0 U 36
38 0 L 36
39 1 U 38
40 1 U 21
41 1 U 40
42 0 U 5
43 0 U 42
44 1 U 18
45 0 U -1
46 0 U 24
47 1 U 46
48 1 U 47
49 0 U 48
50 0 U 49
51 1 U 50
52 1 U 51
53 1 U 52
54 0 U 16
55 0 L 23
56 0 L 13
57 1 U 56
58 1 U 57
59 1 U 58
60 0 U 59
61 0 U 60
62 1 U 61
63 0 L 52
64 0 U 63
65 0 U 64
66 0 U 65
67 1 L 27
68 1 U 67
69 0 U 68
70 0 L 39
71 0 L 56
72 0 U -1
73 1 U 51
74 1 U 73
75 1 L 61
76 0 U 75
77 1 U 76
78 1 U 77
79 0 L 64
80 0 U 79
81 0 U 41
82 0 U 54
83 1 L 72
84 1 U 83
85 1 L 5
86 0 U 85
87 1 U 42
88 1 U 7
89 0 U 84
90 0 U -1
91 0 U 90
92 1 U 91
93 1 U 92
94 0 U 93
95 1 U 94
96 0 L 89
97 1 U 96
98 0 U 97
99
0 1 U -1
1 1 U 0
2 1 U 1
3 0 U 2
4 0 U 1
5 0 U 4
6 1 U 5
7 0 U 6
8 0 U 7
9 1 U 7
10 0 U 9
11 0 U 10
12 1 U 11
13 0 U 12
14 0 U 13
15 0 U 8
16 0 U 15
17 0 L 0
18 1 U 15
19 1 U 18
20 0 U 19
21 1 U 20
22 0 U 21
23 1 U 22
24 0 U 23
25 1 L 0
26 1 U 25
27 1 U -1
28 1 U 27
29 0 U 28
30 0 L 14
31 1 U 15
32 0 U 31
33 0 U 8
34 1 U 33
35 0 U 34
36 0 L 17
37 0 U 36
38 0 L 36
39 1 U 38
40 0 U 39
41 1 U 40
42 0 U 41
43 0 U 42
44 0 U 43
45 0 U -1
46 0 U 24
47 1 U 46
48 1 U 47
49 0 U 48
50 0 U 49
51 1 U 50
52 1 U 51
53 1 U 52
54 0 U 16
55 0 L 49
56 0 L 13
57 1 U 56
58 1 U 57
59 1 U 58
60 0 U 59
61 0 U 60
62 1 U 61
63 0 L 52
64 1 L 4
65 0 U 64
66 0 U 65
67 1 U 62
68 1 U 67
69 0 U 68
70 0 U 69
71 0 L 56
72 0 U -1
73 1 U 72
74 1 U 73
75 1 L 61
76 0 U 75
77 1 U 76
78 1 U 77
79 1 L 24
80 0 U 79
81 0 U 41
82 1 L 77
83 1 L 72
84 1 U 83
85 1 L 5
86 0 U 85
87 1 U 42
88 1 U 7
89 0 U 84
90 0 U -1
91 0 U 90
92 1 U 91
93 1 U 92
94 1 L 63
95 1 U 94
96 0 U 95
97 1 U 96
98 0 U 97
99
0 1 U -1
1 1 U 0
2 1 U 1
3 0 U 2
4 0 U 1
5 0 U 4
6 1 U 5
7 1 U 6
8 0 U 7
9 1 U 7
10 1 U 1
11 0 U 10
12 1 U 11
13 0 U 12
14 0 U 13
15 0 U 8
16 0 U 15
17 0 U 16
18 1 U 15
19 1 U 18
20 0 U 19
21 1 U 20
22 0 L 13
23 0 L 15
24 0 U 21
25 1 U 17
26 1 U 25
27 1 U -1
28 0 U 1
29 0 U 28
30 0 U 29
31 1 U 15
32 0 U 31
33 0 L 10
34 1 U 33
35 0 U 34
36 0 L 17
37 0 U 36
38 0 L 36
39 1 U 38
40 0 U 39
41 1 U 40
42 0 L 26
43 0 U 42
44 0 U 43
45 0 U -1
46 0 U 24
47 0 U 0
48 1 U 47
49 0 U 48
50 0 U 49
51 1 U 50
52 1 U 51
53 1 U 52
54 1 U 17
55 0 L 23
56 0 L 13
57 1 U 56
58 1 U 17
59 1 U 58
60 0 U 59
61 0 U 60
62 1 L 57
63 0 L 52
64 0 U 63
65 0 L 20
66 0 U 65
67 1 U 62
68 1 U 67
69 0 U 52
70 0 U 69
71 0 L 56
72 0 U -1
73 1 U 72
74 1 U 56
75 1 L 61
76 0 U 75
77 1 U 76
78 1 U 77
79 0 L 41
80 0 U 79
81 0 U 41
82 0 U 54
83 1 L 72
84 1 U 83
85 1 L 5
86 0 U 85
87 1 U 42
88 1 U 7
89 1 L 33
90 0 U -1
91 0 U 90
92 1 U 91
93 1 U 92
94 0 U 93
95 1 U 94
96 0 U 95
97 1 U 39
98 0 U 97
99
0 1 U -1
1 1 U 0
2 0 U -1
3 0 U 2
4 0 U 1
5 0 U 4
6 1 L 0
7 0 U 6
8 0 U 7
9 1 U 7
10 0 U 9
11 0 U 10
12 1 U 11
13 0 U -1
14 0 U 13
15 0 U 8
16 0 U 15
17 0 U 16
18 1 U 15
19 1 U 18
20 0 U 8
21 1 U 20
22 1 U 21
23 1 U 22
24 0 U 23
25 1 L 0
26 1 U 25
27 1 U -1
28 1 U 27
29 0 U 28
30 0 U 29
31 1 U 15
32 0 U 31
33 1 U 10
34 1 U 4
35 0 U 34
36 0 L 17
37 1 L 2
38 0 L 36
39 1 U 38
40 0 U 39
41 1 U 40
42 0 U 41
43 1 L 38
44 0 U 43
45 0 U -1
46 0 U 24
47 1 U 46
48 1 U 47
49 0 U 48
50 0 U 49
51 1 U 50
52 1 U 51
53 1 L 47
54 0 U 16
55 0 L 23
56 0 L 13
57 1 U 56
58 0 U 48
59 1 U 58
60 0 U 59
61 0 U 13
62 1 U 61
63 0 L 52
64 0 U 63
65 0 U 64
66 0 U 65
67 1 U 62
68 1 U 67
69 0 U 68
70 0 U 69
71 0 L 56
72 0 U 53
73 1 U 72
74 1 U 73
75 1 L 61
76 0 U 75
77 0 U 3
78 1 U 77
79 0 L 41
80 0 U 79
81 0 U 41
82 0 U 54
83 1 L 72
84 1 U 83
85 1 L 5
86 0 U 85
87 1 U 42
88 1 U 7
89 0 U 84
90 0 L 47
91 0 U 90
92 1 U 91
93 1 U 92
94 0 U 93
95 1 U 94
96 0 U 95
97 1 U 40
98 0 U 97
99
0 1 U -1
1 1 U 0
2 1 U 1
3 0 U 2
4 0 U 1
5 1 L 4
6 1 U 5
7 0 U 6
8 0 U 7
9 1 U 7
10 0 U 9
11 0 U 10
12 1 U 11
13 1 L 3
14 0 U 13
15 0 U 13
16 0 U 15
17 0 U 16
18 1 U 15
19 1 U 18
20 0 U 19
21 1 U 20
22 0 U 21
23 1 U 22
24 0 U 23
25 1 L 0
26 1 U 25
27 1 U -1
28 1 U 27
29 0 U 28
30 0 U 29
31 1 U 15
32 0 U 31
33 0 L 10
34 1 U 33
35 0 U 34
36 0 L 17
37 0 U 36
38 0 L 36
39 1 U 38
40 0 U 39
41 1 U 40
42 0 U 41
43 0 U 42
44 0 U 43
45 0 U -1
46 0 U 24
47 1 U 46
48 1 U 47
49 0 U 48
50 0 U 49
51 1 U 50
52 1 U 51
53 1 U 52
54 0 U 16
55 0 L 23
56 0 L 13
57 1 U 56
58 1 U 57
59 1 L 16
60 1 U 14
61 0 U 60
62 1 U 61
63 0 L 52
64 0 U 63
65 0 U 64
66 0 U 65
67 1 U 62
68 1 U 67
69 0 U 68
70 0 U 69
71 0 L 56
72 0 U -1
73 1 U 72
74 1 U 73
75 1 L 61
76 0 U 75
77 1 U 76
78 1 U 77
79 0 L 41
80 0 U 79
81 0 U 41
82 0 U 54
83 1 L 72
84 1 U 83
85 1 L 5
86 0 U 85
87 1 U 42
88 1 U 7
89 0 U 84
90 1 U 80
91 0 U 90
92 1 U 91
93 1 U 92
94 0 U 93
95 1 U 94
96 0 U 95
97 0 L 25
98 0 U 97
99
0 1 U -1
1 1 U 0
2 1 U 1
3 0 U 2
4 0 U 1
5 0 L 1
6 1 U 5
7 0 U 6
8 0 U 7
9 1 U 7
10 0 U 9
11 0 U 10
12 1 U 11
13 0 U 12
14 0 U 13
15 0 U 8
16 0 U 15
17 0 U 16
18 1 U 15
19 0 L 17
20 0 U 19
21 1 U 20
22 0 U 21
23 1 U 22
24 0 U 23
25 1 U 15
26 1 U 25
27 1 U -1
28 1 U 27
29 0 U 28
30 0 U 5
31 1 U 15
32 0 U 31
33 0 L 10
34 1 U 33
35 0 U 34
36 0 L 17
37 0 U 36
38 0 L 36
39 1 U 38
40 0 U 39
41 1 U 40
42 0 U 41
43 0 U 21
44 0 U 43
45 0 U -1
46 0 U 30
47 1 U 46
48 1 U 47
49 0 U 48
50 0 U 49
51 1 U 7
52 1 U 51
53 1 U 52
54 1 L 17
55 0 L 23
56 0 L 13
57 1 U 56
58 1 U 57
59 1 U 58
60 0 U 59
61 0 U 60
62 1 U 61
63 0 L 52
64 0 U 63
65 0 U 64
66 0 U 65
67 1 U 62
68 0 L 18
69 0 U 68
70 0 U 69
71 0 L 56
72 0 U -1
73 1 U 72
74 1 U 73
75 1 L 61
76 0 U 75
77 1 U 76
78 1 U 77
79 0 L 41
80 0 U 79
81 0 U 41
82 0 U 54
83 1 L 72
84 1 U 83
85 1 L 5
86 0 U 85
87 1 U 42
88 1 U 7
89 0 U 84
90 1 L 66
91 0 L 21
92 1 U 91
93 1 U 92
94 0 U 93
95 1 U 94
96 0 U 95
97 1 U 96
98 0 U 97
99
0 1 U -1
1 1 U 0
2 1 U 1
3 0 U 2
4 0 U 1
5 0 U -1
6 1 U 5
7 0 U 6
8 0 U 7
9 1 U 4
10 0 U 9
11 0 U 10
12 1 U 11
13 0 U 12
14 0 U 13
15 0 U 8
16 0 U 15
17 1 U 3
18 1 U 15
19 1 U 18
20 0 U 19
21 1 U 20
22 0 U 21
23 1 U 22
24 0 U 23
25 1 L 0
26 0 L 22
27 1 U -1
28 1 U 27
29 0 U 28
30 0 U 29
31 1 U 15
32 0 U 31
33 0 L 10
34 0 U 17
35 0 U 34
36 0 L 17
37 0 U 36
38 0 L 36
39 1 U 38
40 0 U 39
41 1 U 40
42 0 U 41
43 0 U 42
44 0 U 43
45 0 U -1
46 0 U 24
47 1 U 46
48 1 U 47
49 0 U 48
50 0 U 49
51 1 U 50
52 1 U 51
53 1 U 52
54 0 U 16
55 0 L 23
56 0 L 13
57 1 U 56
58 1 U 57
59 1 U 58
60 0 U 59
61 0 U 60
62 1 U 61
63 0 L 52
64 0 U 63
65 0 U 64
66 0 U 65
67 1 U 62
68 1 U 67
69 0 U 68
70 0 U 69
71 0 L 56
72 0 L 60
73 1 U 72
74 1 U 62
75 1 L 61
76 0 U 75
77 1 U 76
78 1 U 77
79 1 L 5
80 0 U 79
81 0 U 41
82 0 U 54
83 1 L 72
84 0 U 16
85 1 L 5
86 0 U 85
87 1 U 42
88 1 U 7
89 0 U 84
90 0 U 60
91 0 U 90
92 1 U 91
93 1 U 92
94 0 U 93
95 1 U 94
96 0 U 95
97 1 U 96
98 0 U 97
99
0 1 U -1
1 1 U 0
2 1 U 1
3 0 U 2
4 0 U 1
5 0 U 4
6 1 U 5
7 0 U 6
8 0 U 7
9 1 U 7
10 0 U 9
11 1 L 8
12 1 U 11
13 0 U 12
14 0 U 13
15 0 U 8
16 0 U 14
17 0 U 16
18 0 L 16
19 1 U 18
20 1 L 0
21 1 U 12
22 0 U 21
23 1 U 22
24 0 U 23
25 0 U 2
26 1 U 25
27 1 U -1
28 1 U 27
29 1 L 7
30 0 U 29
31 1 U 7
32 0 U 31
33 0 L 10
34 1 U 33
35 0 U 34
36 0 L 17
37 0 U 36
38 0 L 36
39 1 U 38
40 0 U 39
41 1 U 40
42 0 U 41
43 0 U 42
44 0 U 43
45 0 U -1
46 0 U 24
47 1 U 46
48 1 U 47
49 0 U 48
50 0 U 49
51 1 U 50
52 1 U 51
53 1 U 52
54 0 U 16
55 0 L 1
56 0 L 13
57 1 U 56
58 1 U 57
59 1 U 58
60 0 U 59
61 0 U 60
62 1 U 61
63 0 L 52
64 0 U 63
65 0 U 64
66 0 L 44
67 1 U 62
68 1 L 32
69 0 U 68
70 0 L 55
71 0 L 56
72 0 U -1
73 1 U 72
74 1 U 73
75 1 L 61
76 0 U 75
77 1 U 10
78 1 U 77
79 0 L 41
80 0 U 79
81 0 U 41
82 0 U 54
83 1 L 72
84 1 U 83
85 1 L 5
86 0 U 85
87 1 U 42
88 1 U 7
89 0 U 84
90 0 U -1
91 0 U 90
92 1 U 91
93 1 U 92
94 0 U 93
95 1 U 94
96 0 U 68
97 0 U 84
98 0 U 97
99
0 1 U -1
1 1 U 0
2 1 U 1
3 0 U 2
4 0 U 1
5 0 U 4
6 1 U 5
7 0 U 6
8 0 U 7
9 1 U 7
10 0 U 9
11 1 U 6
12 1 U 1
13 0 U 12
14 0 U 13
15 0 U 8
16 0 U 15
17 0 U 16
18 1 U 15
19 1 U 18
20 0 U 19
21 1 U 20
22 0 U 21
23 1 U 22
24 0 U 23
25 0 U 19
26 1 U 25
27 0 L 13
28 1 U 1
29 0 U 28
30 0 U 29
31 1 U 15
32 0 U 31
33 0 U 2
34 1 U 33
35 0 U 34
36 0 L 17
37 0 U 36
38 0 L 36
39 1 U 38
40 0 U 39
41 1 U 40
42 0 U 41
43 0 U 42
44 0 U 43
45 0 U -1
46 0 U 24
47 1 U 46
48 1 U 47
49 0 U 48
50 0 U 49
51 1 U 50
52 1 U 51
53 1 U 52
54 0 U 16
55 0 L 23
56 0 L 13
57 1 U 56
58 1 U 57
59 1 U 38
60 0 U 59
61 0 U 60
62 1 U 61
63 0 L 52
64 0 U 63
65 0 U 64
66 0 U 65
67 1 U 62
68 1 U 67
69 0 U 68
70 0 U 69
71 0 L 56
72 0 U -1
73 1 U 72
74 1 U 73
75 1 L 61
76 0 U 75
77 1 U 76
78 1 U 77
79 0 L 41
80 0 U 79
81 0 L 44
82 0 U 54
83 1 L 72
84 1 U 83
85 0 L 15
86 0 U 85
87 1 U 42
88 1 U 7
89 0 U 84
90 0 U -1
91 0 U 90
92 0 U 1
93 1 U 92
94 0 U 93
95 1 U 94
96 0 U 95
97 0 U 73
98 0 U 97
99
0 1 U -1
1 1 U 0
2 1 U 1
3 0 U 2
4 0 U 1
5 0 U 4
6 1 U 5
7 0 U 6
8 0 U 7
9 1 U 7
10 0 U 9
11 0 U 10
12 1 U 11
13 0 U 12
14 0 U 13
15 0 U 8
16 1 L 15
17 0 U 16
18 1 U 15
19 1 U 18
20 0 U 19
21 1 U 20
22 1 U 15
23 1 U 22
24 0 U 23
25 1 L 0
26 1 U 25
27 1 U 16
28 1 U 27
29 0 U 28
30 0 U 29
31 1 U 15
32 0 U 31
33 0 L 10
34 1 U 33
35 0 U 34
36 0 L 17
37 0 U 36
38 0 L 36
39 1 U 38
40 0 U 39
41 1 L 20
42 0 U 41
43 0 U 42
44 0 U 43
45 0 U -1
46 0 U 24
47 0 L 15
48 1 U 47
49 0 U 48
50 0 U 49
51 1 U 50
52 1 U 51
53 1 U 52
54 0 U 16
55 0 L 23
56 0 L 13
57 1 U 56
58 1 U 57
59 1 U 58
60 0 U 59
61 0 U 60
62 1 U 61
63 0 L 52
64 0 U 63
65 0 U 64
66 0 U 65
67 1 U 62
68 1 U 67
69 0 U 68
70 0 U 69
71 0 U 33
72 0 U -1
73 1 U 72
74 1 U 73
75 1 L 61
76 0 U 75
77 1 U 76
78 1 U 77
79 0 L 41
80 0 L 67
81 0 U 41
82 0 U 54
83 1 L 72
84 1 U 83
85 1 L 5
86 1 L 69
87 1 U 42
88 1 U 7
89 0 U 84
90 0 U -1
91 0 U 90
92 1 U 91
93 1 L 54
94 0 U 93
95 0 L 37
96 0 U 95
97 1 U 96
98 0 U 97
99
0 1 U -1
1 1 U 0
2 0 U -1
3 0 U 2
4 0 U 1
5 0 U 4
6 1 U 5
7 0 U 6
8 0 U 7
9 1 U 7
10 0 U 9
11 1 U 4
12 1 U 11
13 0 U 12
14 0 U 13
15 0 U 8
16 0 U 15
17 0 U 16
18 1 U 15
19 1 U 18
20 0 U 19
21 1 U 20
22 0 U 21
23 1 U 3
24 0 U 23
25 1 L 0
26 1 U 25
27 1 L 18
28 0 U 24
29 0 U 28
30 0 U 29
31 1 U 15
32 0 U 31
33 0 L 10
34 1 U 33
35 0 U 34
36 0 L 17
37 0 U 36
38 0 L 36
39 1 U 38
40 0 U 39
41 1 U 40
42 0 U 41
43 0 U 42
44 0 U 43
45 0 U -1
46 0 U 24
47 1 U 46
48 0 U 16
49 0 U 48
50 0 L 29
51 1 U 50
52 1 U 51
53 1 U 52
54 0 U 16
55 0 L 23
56 0 L 13
57 1 U 56
58 0 U 57
59 1 U 58
60 0 U 59
61 0 U 60
62 1 U 61
63 0 L 52
64 0 U 63
65 0 U 33
66 1 U 33
67 1 U 62
68 1 U 67
69 0 U 68
70 0 U 69
71 0 L 56
72 0 U -1
73 1 U 72
74 1 U 73
75 1 L 61
76 0 U 75
77 1 U 76
78 1 U 77
79 0 L 41
80 0 U 79
81 0 U 41
82 0 U 71
83 1 L 72
84 1 U 83
85 1 L 5
86 0 U 85
87 1 L 59
88 1 U 7
89 0 U 84
90 1 U 11
91 0 U 90
92 1 U 91
93 1 U 92
94 0 U 93
95 1 U 94
96 0 U 95
97 1 U 96
98 0 U 97
99
0 1 U -1
1 1 U 0
2 1 U 1
3 0 U 2
4 0 U 1
5 0 U 4
6 1 U 5
7 0 U 6
8 0 U 7
9 1 L 2
10 0 U 9
11 0 U 10
12 1 U 11
13 1 L 3
14 0 U 13
15 0 U 8
16 0 U 15
17 0 U 16
18 1 U 15
19 1 U 18
20 0 L 19
21 1 U 20
22 0 U 21
23 1 U 22
24 0 U 23
25 1 L 0
26 1 U 25
27 1 U -1
28 1 U 27
29 0 U 28
30 0 U 29
31 1 U 15
32 0 U 22
33 0 L 10
34 1 U 33
35 0 U 34
36 0 L 17
37 0 U 36
38 0 L 36
39 1 U 38
40 0 U 39
41 1 U 40
42 0 U 41
43 0 U 42
44 0 U 43
45 0 U -1
46 0 U 24
47 1 U 46
48 1 U 47
49 0 U 48
50 0 U 49
51 1 U 50
52 1 U 35
53 1 U 52
54 0 U 16
55 0 L 23
56 0 L 13
57 1 U 56
58 1 U 57
59 1 U 58
60 0 U 59
61 0 U 60
62 1 U 61
63 0 L 52
64 0 U 63
65 0 U 64
66 0 U 65
67 0 U 9
68 1 U 67
69 0 L 19
70 0 U 69
71 0 L 56
72 0 U -1
73 1 U 72
74 1 U 73
75 1 L 61
76 0 U 75
77 1 U 76
78 1 U 77
79 0 L 41
80 0 U 79
81 0 U 41
82 0 U 54
83 1 L 72
84 1 U 83
85 1 L 5
86 0 U 85
87 1 U 42
88 1 U 7
89 0 U 84
90 0 U -1
91 0 U 90
92 1 U 91
93 1 U 92
94 0 U 93
95 1 U 94
96 0 U 95
97 1 U 27
98 0 U 97
99
0 1 U -1
1 1 U 0
2 1 U 1
3 0 U 2
4 0 U 1
5 0 U 4
6 1 U 5
7 0 U 6
8 0 U 7
9 1 U 7
10 0 U 9
11 0 U 10
12 1 U 11
13 0 U 12
14 0 U 13
15 0 U 8
16 0 U 15
17 0 U 16
18 1 L 2
19 1 U 18
20 0 U 19
21 1 U 20
22 0 U 21
23 1 U 22
24 0 U 23
25 1 L 0
26 1 U 25
27 1 L 0
28 1 U 27
29 0 U 28
30 0 U 29
31 1 U 15
32 0 U 31
33 0 L 10
34 1 U 33
35 0 U 34
36 0 U 19
37 0 U 36
38 0 L 36
39 1 U 38
40 0 U 39
41 1 U 40
42 0 U 41
43 0 U 42
44 0 U 43
45 0 U -1
46 0 U 24
47 1 U 46
48 1 U 47
49 0 U 48
50 0 U 49
51 1 U 50
52 1 U 51
53 1 U 52
54 0 U 16
55 0 L 23
56 0 L 13
57 1 U 56
58 1 U 57
59 1 U 58
60 0 U 59
61 0 U 60
62 1 U 61
63 0 L 52
64 0 U 63
65 0 U 64
66 0 U 65
67 1 U 62
68 0 L 51
69 0 U 68
70 0 U 69
71 1 L 61
72 0 U -1
73 1 U 72
74 1 U 73
75 1 L 61
76 0 U 75
77 1 U 76
78 1 U 77
79 0 L 41
80 1 L 7
81 0 U 41
82 0 U 41
83 1 L 72
84 0 L 50
85 1 L 5
86 1 U 33
87 1 U 42
88 1 U 7
89 0 U 84
90 0 U -1
91 0 U 90
92 1 U 91
93 1 U 92
94 0 U 93
95 1 U 94
96 0 U 95
97 1 U 96
98 0 U 97
99
0 1 U -1
1 1 U 0
2 1 U 1
3 0 U -1
4 0 U 1
5 0 U 4
6 1 U 5
7 0 U 6
8 0 U 7
9 1 U 7
10 0 U 9
11 0 U 10
12 1 U 11
13 1 L 3
14 0 U 13
15 0 U 8
16 0 U 15
17 0 U 16
18 1 U 15
19 1 U 18
20 0 U 19
21 1 U 20
22 0 U 21
23 1 U 22
24 0 U 23
25 1 L 0
26 1 U 25
27 1 U -1
28 1 U 27
29 0 U 28
30 0 U 29
31 1 U 15
32 1 U 3
33 0 L 10
34 0 L 23
35 0 U 34
36 0 L 17
37 0 U 36
38 0 L 36
39 1 U 38
40 0 U 39
41 0 U 5
42 0 U 41
43 0 U 42
44 0 U 43
45 0 U -1
46 0 U 24
47 1 U 46
48 1 U 47
49 0 U 48
50 0 U 49
51 1 U 50
52 1 U 51
53 1 U 52
54 0 U 16
55 0 L 23
56 0 L 13
57 1 U 56
58 1 U 57
59 1 U 58
60 0 U 59
61 0 U 60
62 1 U 61
63 0 L 52
64 0 U 63
65 0 U 64
66 0 U 65
67 1 U 62
68 1 U 67
69 1 L 12
70 0 U 69
71 0 L 56
72 0 U -1
73 1 U 72
74 1 U 73
75 1 L 61
76 0 U 75
77 1 U 76
78 1 U 77
79 0 L 41
80 0 U 79
81 0 U 41
82 0 U 54
83 1 L 72
84 1 U 83
85 1 L 5
86 0 L 63
87 1 L 75
88 1 U 7
89 0 U 84
90 0 U -1
91 0 U 90
92 1 U 91
93 1 U 92
94 0 U 93
95 0 U 75
96 0 U 95
97 1 U 96
98 0 U 97
99
0 1 U -1
1 1 U 0
2 1 U 1
3 1 L 0
4 0 U 1
5 0 U 4
6 1 U 5
7 0 U 6
8 0 U 7
9 1 U 7
10 0 U 9
11 0 U 10
12 1 L -1
13 0 U 12
14 0 U 13
15 0 U 8
16 0 U 15
17 0 U 16
18 1 U 15
19 1 U 18
20 0 U 19
21 1 U 20
22 0 U 21
23 1 U 22
24 0 U 23
25 1 L 0
26 1 U 25
27 1 U -1
28 1 U 27
29 0 U 28
30 1 L 20
31 1 U 15
32 0 U 31
33 0 L 10
34 1 U 3
35 0 U 34
36 0 L 17
37 0 U 36
38 0 L 36
39 1 U 38
40 0 U 39
41 1 U 40
42 0 U 41
43 0 U 42
44 0 U 43
45 0 U -1
46 0 U 24
47 1 U 46
48 1 U 47
49 0 U 48
50 0 U 8
51 1 U 50
52 1 U 51
53 0 U 51
54 0 U 50
55 0 L 23
56 0 L 13
57 1 U 56
58 1 U 57
59 0 L 29
60 0 U 59
61 0 U 60
62 1 U 61
63 0 L 46
64 0 U 63
65 0 U 64
66 0 U 65
67 1 U 62
68 1 U 67
69 0 U 68
70 1 U 26
71 0 L 56
72 0 L 57
73 1 U 72
74 1 U 73
75 1 L 61
76 0 U 75
77 1 U 76
78 1 U 77
79 0 L 41
80 0 U 79
81 0 U 41
82 0 U 54
83 1 L 72
84 1 U 83
85 1 L 5
86 0 U 85
87 1 U 42
88 1 U 7
89 0 U 84
90 0 U -1
91 0 U 90
92 1 U 91
93 0 U 16
94 0 U 93
95 1 U 94
96 0 U 95
97 1 U 96
98 0 U 97
99
0 1 U -1
1 1 U 0
2 1 U 1
3 0 U 2
4 0 U 1
5 0 U 4
6 1 U 5
7 0 U 6
8 0 U 7
9 1 U 7
10 1 L 2
11 0 L -1
12 1 U 11
13 0 U 12
14 0 U 13
15 0 U 8
16 0 U 15
17 0 U 16
18 1 U 15
19 1 U 18
20 0 U 19
21 1 U 20
22 0 U 21
23 0 U 6
24 0 U 23
25 1 L 0
26 1 U 25
27 1 L 1
28 1 U 27
29 0 U 28
30 0 U 29
31 1 U 15
32 0 U 31
33 0 L 10
34 1 U 33
35 0 U 34
36 0 L 17
37 0 U 36
38 0 L 36
39 1 U 38
40 0 U 39
41 1 U 40
42 0 U 41
43 0 U 42
44 0 U 43
45 1 U 3
46 0 L 33
47 1 U 46
48 1 U 47
49 0 U 48
50 0 U 49
51 1 U 50
52 1 U 51
53 1 U 52
54 0 U 16
55 0 L 23
56 0 L 13
57 1 U 56
58 1 L 54
59 1 U 58
60 0 U 59
61 0 U 60
62 1 U 61
63 0 L 52
64 0 U 63
65 0 U 64
66 0 U 65
67 1 U 62
68 1 U 67
69 0 U 68
70 0 U 69
71 0 L 56
72 0 U -1
73 1 U 72
74 1 U 73
75 1 L 61
76 0 U 75
77 1 U 76
78 1 U 77
79 1 U 31
80 1 U 69
81 0 U 41
82 0 U 54
83 1 L 72
84 1 U 83
85 1 L 5
86 0 U 85
87 1 U 42
88 0 L 57
89 0 U 84
90 0 U -1
91 0 U 90
92 1 U 91
93 1 U 47
94 0 U 93
95 1 U 94
96 0 U 95
97 1 U 96
98 0 L 76
99
0 1 U -1
1 1 U 0
2 1 U 1
3 0 U 2
4 0 U 1
5 0 U 4
6 1 U 5
7 0 U 6
8 0 U 7
9 1 U 7
10 0 U 9
11 0 U 10
12 1 U 11
13 0 U 12
14 0 U 13
15 0 U 8
16 0 U 15
17 0 U 16
18 1 U 15
19 1 U 18
20 0 U 19
21 0 U 20
22 1 L 13
23 1 U 22
24 0 U 23
25 1 L 9
26 1 U 25
27 1 L 26
28 1 U 27
29 0 U 28
30 0 U 29
31 0 L 21
32 0 U 31
33 0 L 10
34 1 U 33
35 1 L 18
36 0 L 17
37 0 U 36
38 0 L 36
39 1 L 19
40 0 U 39
41 1 U 40
42 0 U 41
43 0 U 42
44 0 U 43
45 0 U -1
46 0 U 24
47 1 U 46
48 1 U 47
49 0 U 48
50 0 U 49
51 1 U 50
52 1 U 51
53 0 U 27
54 0 U 16
55 0 L 23
56 0 L 13
57 1 U 56
58 1 U 57
59 1 U 58
60 0 U 32
61 0 U 60
62 1 U 61
63 0 L 52
64 0 U 63
65 0 U 64
66 0 U 65
67 1 U 62
68 1 U 67
69 0 U 68
70 0 U 49
71 0 L 56
72 0 U -1
73 1 U 72
74 1 U 73
75 1 L 61
76 1 L 57
77 1 U 76
78 1 U 77
79 0 L 41
80 0 U 79
81 0 U 41
82 0 U 54
83 1 L 72
84 1 U 83
85 1 L 5
86 0 U 85
87 0 U 62
88 1 U 7
89 1 U 66
90 0 U -1
91 0 U 90
92 1 U 91
93 1 U 92
94 0 U 93
95 1 U 94
96 0 U 95
97 1 U 96
98 0 U 97
99
0 1 U -1
1 1 U 0
2 1 U 1
3 0 U 2
4 0 U 1
5 0 U 4
6 1 U 5
7 0 U 6
8 0 U 7
9 1 U 7
10 0 U 9
11 0 U 10
12 1 U 11
13 0 U 12
14 0 U 13
15 0 U 8
16 0 U 15
17 0 U 16
18 1 U 15
19 1 U 18
20 0 U 19
21 1 U 20
22 0 U 21
23 1 U 22
24 0 U 23
25 1 L 0
26 1 U 25
27 1 U -1
28 1 U 27
29 0 U 28
30 0 U 29
31 1 U 15
32 0 U 31
33 0 L 10
34 1 U 33
35 0 U 34
36 0 L 17
37 0 U 36
38 0 L 36
39 1 U 38
40 0 U 39
41 1 U 40
42 0 U 41
43 0 U 42
44 0 U 43
45 0 U -1
46 0 U 24
47 1 U 46
48 1 U 47
49 0 U 48
50 0 U 22
51 1 U 50
52 1 U 51
53 1 U 52
54 0 U 16
55 0 L 23
56 0 L 13
57 1 U 56
58 1 U 57
59 1 U 58
60 0 U 59
61 0 U 60
62 1 U 61
63 0 L 52
64 0 U 63
65 0 U 64
66 0 U 65
67 1 U 62
68 1 U 67
69 0 U 68
70 1 U 37
71 0 L 56
72 1 L 61
73 1 U 72
74 1 U 73
75 1 U 13
76 0 U 75
77 1 U 76
78 1 U 77
79 0 L 41
80 0 U 79
81 0 U 41
82 0 U 54
83 1 L 72
84 1 U 83
85 1 L 5
86 0 U 85
87 1 U 42
88 1 U 7
89 1 U 18
90 0 U -1
91 0 U 90
92 1 U 91
93 1 U 92
94 0 U 93
95 1 U 94
96 0 U 95
97 1 U 96
98 0 U 97
99
0 1 U -1
1 1 U 0
2 1 U 1
3 0 U 2
4 0 U 1
5 0 U 4
6 1 U 5
7 0 U 6
8 0 U 7
9 1 U -1
10 0 U 9
11 0 U 10
12 1 U 11
13 0 U 12
14 0 U 13
15 0 U 8
16 0 U 15
17 0 U 15
18 1 U 15
19 1 U 18
20 0 L 9
21 0 L 0
22 0 U 21
23 1 U 22
24 0 U 23
25 0 U 10
26 1 U 25
27 1 U -1
28 0 U 8
29 0 U 28
30 0 U 29
31 1 U 15
32 0 U 31
33 0 L 10
34 0 U 22
35 0 U 34
36 0 L 17
37 0 U 36
38 0 L 36
39 1 U 38
40 0 U 39
41 1 U 40
42 0 U 41
43 0 L 31
44 0 U 43
45 0 L 4
46 0 U 24
47 1 U 46
48 1 U 47
49 0 U 48
50 0 U 49
51 1 U 50
52 1 U 51
53 1 U 52
54 0 U 16
55 0 L 23
56 0 L 13
57 1 U 56
58 1 U 57
59 1 U 58
60 0 U 59
61 0 U 60
62 1 U 61
63 0 L 52
64 1 L 51
65 0 U 64
66 0 U 65
67 1 L 14
68 1 U 67
69 0 U 68
70 0 L 65
71 0 U 16
72 0 U -1
73 1 U 72
74 1 U 73
75 0 U 6
76 0 L 70
77 1 U 76
78 1 U 77
79 0 L 41
80 0 U 79
81 0 U 41
82 0 U 54
83 1 L 72
84 1 U 83
85 1 L 5
86 0 U 85
87 1 U 42
88 1 U 7
89 0 U 84
90 0 U -1
91 0 U 90
92 1 U 91
93 1 U 92
94 0 L 40
95 1 U 94
96 0 U 95
97 1 U 96
98 0 U 97
99
0 1 U -1
1 1 U 0
2 1 U 1
3 0 U 2
4 0 U 1
5 0 U 4
6 1 U 5
7 0 U 6
8 0 U 7
9 1 U 7
10 0 U 9
11 0 U 10
12 1 U 11
13 0 U 12
14 0 U 13
15 0 U 8
16 0 U 15
17 0 U 16
18 1 U 15
19 1 U 18
20 0 U 19
21 1 U 20
22 0 U 21
23 1 U 22
24 0 L 18
25 1 L 0
26 1 U 25
27 1 U -1
28 1 U 27
29 0 U 28
30 0 U 29
31 1 U 15
32 0 U 31
33 0 L 10
34 1 U 33
35 0 L 0
36 1 U 1
37 0 U 36
38 0 L 36
39 1 U 38
40 0 U 39
41 0 U 0
42 0 U 41
43 0 U 42
44 0 U 43
45 0 U -1
46 0 U 24
47 1 U 46
48 1 U 47
49 0 U 48
50 0 U 1
51 1 U 50
52 1 U 51
53 1 U 52
54 0 U 16
55 0 L 23
56 0 U 33
57 1 U 56
58 1 U 57
59 1 U 58
60 0 U 59
61 0 U 60
62 1 U 61
63 0 L 52
64 0 U 63
65 0 U 64
66 0 U 65
67 1 U 62
68 1 U 67
69 0 U 68
70 0 U 69
71 0 L 56
72 0 U -1
73 1 U 72
74 1 U 73
75 1 L 61
76 0 U 75
77 1 U 76
78 1 U 77
79 0 L 41
80 0 U 79
81 1 L 62
82 0 U 33
83 1 L 72
84 1 U 83
85 1 L 5
86 0 U 85
87 1 U 42
88 1 U 43
89 0 U 84
90 0 U -1
91 1 U 41
92 1 U 91
93 1 U 92
94 0 U 93
95 1 U 94
96 0 U 95
97 1 U 96
98 0 U 97
99
0 1 U -1
1 1 U 0
2 0 L -1
3 0 U 2
4 0 U 1
5 0 U 4
6 1 U 5
7 0 U 6
8 0 U 7
9 1 U 7
10 0 U 9
11 0 U 10
12 1 U 11
13 0 U 12
14 0 U 13
15 0 U 8
16 0 U 15
17 0 U 16
18 1 U 15
19 1 U 18
20 0 U 19
21 1 U 20
22 0 U 21
23 0 U 7
24 0 U 23
25 1 L 0
26 1 U 25
27 1 U -1
28 1 U 27
29 0 U 28
30 0 U 29
31 1 U 15
32 0 U 31
33 0 L 10
34 1 U 33
35 0 U 34
36 0 L 17
37 0 U 36
38 0 L 36
39 1 U 38
40 0 U 39
41 1 U 40
42 1 U 8
43 0 U 42
44 0 U 43
45 0 U -1
46 0 U 24
47 1 U 46
48 1 U 47
49 0 U 48
50 1 L 39
51 1 U 50
52 1 U 51
53 1 U 52
54 0 U 16
55 0 L 23
56 0 L 13
57 1 U 56
58 1 U 57
59 1 U 58
60 0 U 59
61 0 U 60
62 1 U 61
63 0 L 52
64 0 U 63
65 0 U 64
66 0 U 65
67 1 U 62
68 1 U 67
69 0 U 68
70 0 U 69
71 0 L 56
72 0 U -1
73 1 U 72
74 1 U 73
75 1 L 61
76 0 U 75
77 1 L 64
78 1 U 77
79 0 L 41
80 0 U 79
81 0 U 41
82 0 U 54
83 1 L 72
84 1 U 83
85 1 L 5
86 0 U 85
87 1 U 42
88 1 U 7
89 0 U 84
90 0 U -1
91 0 U 90
92 0 U 17
93 1 U 60
94 0 U 91
95 1 U 94
96 0 U 95
97 1 U 96
98 0 U 97
99
0 1 U -1
1 1 U 0
2 1 U 1
3 0 U 2
4 0 U 1
5 0 U 4
6 1 U 5
7 0 U 6
8 0 U 7
9 1 U 7
10 0 L 3
11 0 U 10
12 1 U 11
13 0 U 12
14 0 U 13
15 0 U 8
16 0 U 15
17 0 U 16
18 1 U 15
19 1 U 1
20 0 U 19
21 1 U 20
22 0 U 21
23 1 U 22
24 0 U 23
25 0 L 12
26 1 U 25
27 1 U -1
28 1 U 27
29 0 U 28
30 0 L 0
31 0 L 21
32 0 U 31
33 0 L 10
34 1 U 33
35 0 U 34
36 0 L 17
37 0 U 36
38 0 L 36
39 1 U 38
40 0 U 39
41 1 U 40
42 1 U 21
43 0 U 42
44 0 U 43
45 0 U -1
46 0 U 24
47 1 U 46
48 1 U 47
49 0 U 48
50 0 U 49
51 1 U 50
52 1 U 51
53 1 U 52
54 0 U 16
55 0 U 6
56 0 L 13
57 1 U 56
58 0 L 3
59 1 U 58
60 0 U 59
61 0 U 60
62 1 U 61
63 0 L 52
64 1 U 38
65 0 U 64
66 0 U 65
67 1 U 62
68 1 U 67
69 0 U 68
70 0 U 69
71 0 L 56
72 0 U -1
73 1 U 72
74 1 U 73
75 0 U 10
76 0 U 75
77 1 U 76
78 1 U 77
79 1 U 33
80 0 U 79
81 0 U 41
82 0 U 54
83 1 L 72
84 1 U 83
85 1 L 5
86 0 U 85
87 0 L 77
88 1 U 7
89 0 U 84
90 0 U -1
91 0 U 90
92 1 U 91
93 1 U 92
94 0 U 93
95 1 U 94
96 0 U 95
97 1 U 96
98 0 U 97
99
0 1 U -1
1 1 U 0
2 1 U 1
3 0 U 2
4 0 U 1
5 0 U 4
6 0 U 1
7 0 U 6
8 0 U 7
9 1 U 7
10 0 U 9
11 0 U 10
12 1 U 11
13 0 U 12
14 0 U 13
15 1 L 6
16 1 U 5
17 0 U 16
18 1 U 15
19 1 U 18
20 0 U 19
21 1 U 20
22 0 U 21
23 1 U 22
24 0 U 23
25 1 L 0
26 1 U 25
27 1 U -1
28 1 U 27
29 0 L 24
30 0 U 29
31 1 U 15
32 0 U 31
33 0 L 10
34 1 U 33
35 0 U 34
36 0 L 17
37 0 U 36
38 0 L 36
39 1 U 38
40 1 U 32
41 1 U 40
42 0 U 41
43 1 U 17
44 0 U 43
45 0 U -1
46 0 U 12
47 1 U 46
48 1 U 47
49 0 U 48
50 0 U 49
51 1 U 50
52 1 U 51
53 0 U 5
54 0 U 16
55 0 L 23
56 0 L 13
57 1 U 56
58 1 U 57
59 0 U 48
60 0 L 52
61 1 U 59
62 1 U 61
63 0 L 52
64 0 U 63
65 0 U 64
66 0 U 65
67 1 U 62
68 1 U 67
69 0 U 68
70 0 L 29
71 0 L 56
72 0 U -1
73 1 U 72
74 1 U 73
75 1 L 61
76 0 U 75
77 1 U 76
78 0 U 21
79 0 L 41
80 0 U 79
81 0 U 80
82 0 U 54
83 1 L 72
84 1 U 83
85 1 L 5
86 0 U 85
87 1 U 42
88 1 U 7
89 0 U 84
90 0 U -1
91 0 U 90
92 1 U 91
93 1 U 92
94 0 U 93
95 1 U 94
96 0 U 95
97 1 U 96
98 0 U 97
99
0 1 U -1
1 1 U 0
2 1 U 1
3 0 U 2
4 0 U 1
5 0 U 4
6 1 U 5
7 0 U 6
8 0 U 7
9 1 U 7
10 0 U 9
11 0 U 10
12 1 U 11
13 0 L 7
14 0 L -1
15 0 U 8
16 0 U 15
17 0 U 16
18 1 U 15
19 1 U 18
20 0 U 19
21 1 U 20
22 0 U 21
23 1 U 22
24 0 U 23
25 1 L 0
26 1 U 25
27 1 U -1
28 1 U 27
29 0 U 28
30 0 U 29
31 1 U 15
32 0 U 31
33 0 L 10
34 1 U 33
35 0 U 34
36 0 L 17
37 0 U 36
38 0 L 36
39 1 U 38
40 0 U 39
41 1 U 40
42 0 U 41
43 0 U 42
44 0 U 43
45 0 U -1
46 0 U 24
47 1 U 38
48 1 U 47
49 0 U 48
50 0 U 0
51 1 U 50
52 1 U 51
53 1 U 52
54 0 U 16
55 0 U 16
56 0 L 13
57 1 U 45
58 0 U 51
59 1 L 39
60 0 U 59
61 0 L 12
62 1 U 61
63 0 L 52
64 0 U 63
65 0 U 64
66 0 U 65
67 1 U 62
68 1 U 67
69 1 U 33
70 0 U 69
71 1 U -1
72 0 U -1
73 1 U 72
74 1 U 73
75 1 L 61
76 0 U 75
77 1 U 76
78 1 U 77
79 0 L 41
80 0 U 79
81 0 U 41
82 0 U 54
83 1 L 72
84 1 U 83
85 1 L 5
86 0 U 85
87 1 U 42
88 1 U 7
89 0 U 84
90 0 U 37
91 1 L 86
92 1 U 91
93 1 U 92
94 0 U 93
95 1 U 94
96 0 U 95
97 1 U 96
98 0 U 97
99
0 1 U -1
1 1 U 0
2 1 U 1
3 0 U 2
4 0 U 1
5 0 U 4
6 1 U 5
7 0 U 6
8 0 U 7
9 1 U 7
10 0 U 9
11 0 U 10
12 1 U 11
13 0 U 12
14 0 U 13
15 0 U 8
16 0 U 15
17 0 U 16
18 1 U 15
19 1 U 18
20 0 U 19
21 1 U 20
22 0 U 21
23 1 U 22
24 0 U 23
25 1 L 0
26 1 U 25
27 1 U -1
28 1 U 18
29 0 L 23
30 0 U 29
31 1 U 15
32 0 U 31
33 0 L 10
34 1 U 33
35 0 U 34
36 0 L 17
37 0 U 36
38 0 L 36
39 1 U 38
40 0 U 14
41 1 U 40
42 1 U 7
43 0 U 42
44 0 U 43
45 0 U -1
46 0 U 24
47 0 U 22
48 1 U 47
49 0 U 48
50 0 U 49
51 1 U 50
52 1 U 51
53 1 U 52
54 0 U 16
55 1 L 49
56 0 L 13
57 1 U 56
58 1 U 57
59 1 U 58
60 0 U 59
61 0 L 22
62 1 U 61
63 0 L 52
64 0 U 63
65 0 U 64
66 0 U 65
67 1 U 62
68 1 U 67
69 0 U 68
70 0 U 69
71 0 L 56
72 0 U -1
73 1 U 72
74 1 U 73
75 1 L 61
76 0 U 75
77 1 U 76
78 1 U 77
79 0 L 41
80 0 U 79
81 0 U 41
82 0 U 54
83 1 L 72
84 1 U 83
85 1 L 5
86 0 U 85
87 1 U 42
88 1 U 7
89 0 U 84
90 0 U -1
91 0 U 90
92 1 U 91
93 1 U 92
94 1 U 12
95 1 U 94
96 0 U 95
97 1 U 96
98 0 U 97
99
0 1 U -1
1 1 L 0
2 1 U 1
3 0 U 2
4 0 U 1
5 0 U 4
6 1 U 5
7 0 U 6
8 0 U 7
9 1 U 7
10 0 L 0
11 1 L 4
12 1 U 11
13 0 U 12
14 0 U 13
15 0 U 8
16 0 U 15
17 0 U 16
18 1 U 15
19 1 U 18
20 0 U 19
21 1 U 20
22 0 U 21
23 1 U 22
24 0 U 23
25 1 L 0
26 1 U 25
27 1 U -1
28 1 U 27
29 0 U 28
30 0 U 29
31 1 U 15
32 0 U 31
33 0 L 10
34 1 U 33
35 1 L 28
36 0 L 17
37 1 U 35
38 0 L 36
39 1 U 38
40 0 U 39
41 1 U 40
42 0 U 41
43 0 U 42
44 0 U 43
45 0 U -1
46 0 U 24
47 1 U 46
48 1 U 47
49 0 U 48
50 0 U 49
51 1 U 50
52 1 U 51
53 1 U 52
54 0 U 16
55 0 L 23
56 0 L 13
57 1 U 56
58 0 L 19
59 1 U 58
60 0 U 59
61 0 U 60
62 1 U 61
63 0 L 52
64 0 U 63
65 0 U 64
66 1 U 9
67 1 U 62
68 1 L 20
69 0 U 68
70 0 U 69
71 0 L 56
72 0 U -1
73 1 U 72
74 0 U 8
75 1 L 61
76 0 U 75
77 1 U 76
78 1 U 77
79 1 L 0
80 0 U 79
81 0 U 41
82 0 U 54
83 0 U 67
84 1 U 83
85 0 U 37
86 0 U 85
87 1 U 42
88 1 U 7
89 0 U 84
90 0 U -1
91 0 U 90
92 1 U 26
93 1 U 92
94 0 U 93
95 1 U 94
96 0 U 95
97 1 U 96
98 0 U 97
99
0 1 U -1
1 1 U 0
2 1 U 1
3 0 U 2
4 1 U 0
5 0 U 4
6 1 U 5
7 1 L 6
8 1 L -1
9 1 U 7
10 0 U 7
11 0 U 10
12 1 U 11
13 0 U 12
14 0 U 10
15 0 U 8
16 0 U 15
17 0 U 16
18 1 U 15
19 1 U 18
20 0 U 19
21 1 U 20
22 0 U 21
23 1 U 22
24 0 U 23
25 1 L 0
26 1 U 25
27 1 U -1
28 1 U 27
29 0 U 28
30 0 U 29
31 0 U 18
32 0 U 31
33 0 L 10
34 0 L 17
35 0 U 34
36 0 L 17
37 1 U 33
38 0 L 36
39 1 U 38
40 0 U 39
41 1 U 40
42 0 U 41
43 0 U 42
44 0 U 43
45 0 U -1
46 0 U 24
47 1 U 46
48 0 U 1
49 0 U 48
50 0 U 49
51 1 U 50
52 1 U 51
53 1 U 52
54 0 U 16
55 0 L 23
56 0 L 13
57 1 U 56
58 1 U 57
59 1 U 1
60 0 U 59
61 0 U 60
62 1 U 61
63 0 L 52
64 0 L 49
65 0 U 64
66 0 U 65
67 1 U 62
68 1 U 67
69 0 U 68
70 0 U 69
71 0 L 56
72 0 U -1
73 1 U 72
74 1 U 73
75 1 L 61
76 0 U 75
77 1 U 76
78 1 U 77
79 0 L 41
80 0 U 79
81 0 U 41
82 0 U 54
83 1 L 72
84 1 U 83
85 1 L 5
86 0 U 85
87 1 U 42
88 1 U 7
89 0 U 84
90 0 U -1
91 0 U 90
92 1 U 91
93 1 U 92
94 0 U 93
95 1 U 94
96 0 U 95
97 1 U 96
98 0 U 97
99
0 0 U -1
1 1 U 0
2 1 U 1
3 0 U 2
4 0 U 1
5 0 U 4
6 0 L -1
7 0 U 6
8 0 U 7
9 1 U 7
10 0 U 9
11 0 U 10
12 1 U 11
13 0 U 12
14 0 U 13
15 0 U 8
16 0 U 15
17 0 U 16
18 1 U 15
19 0 L 7
20 0 U 19
21 1 L 18
22 0 U 21
23 1 U 22
24 0 U 23
25 1 L 0
26 1 U 25
27 1 U -1
28 1 U 27
29 0 U 28
30 0 U 29
31 1 U 15
32 0 U 31
33 0 L 10
34 1 U 33
35 0 U 34
36 0 L 17
37 0 U 36
38 0 L 36
39 0 U 13
40 0 U 39
41 1 U 40
42 0 U 41
43 0 U 42
44 0 U 43
45 0 U -1
46 0 U 24
47 1 U 46
48 1 U 47
49 0 U 48
50 0 U 49
51 1 U 50
52 1 U 51
53 1 U 52
54 0 U 16
55 0 L 23
56 0 L 13
57 1 U 56
58 1 L 3
59 1 U 58
60 0 U 59
61 0 U 60
62 1 U 61
63 0 L 52
64 0 U 63
65 0 U 64
66 0 U 65
67 1 U 62
68 1 U 67
69 0 U 68
70 0 U 69
71 0 L 56
72 0 U -1
73 1 U 72
74 1 U 73
75 1 L 61
76 0 U 75
77 0 L 31
78 1 U 77
79 0 L 41
80 0 U 79
81 1 U 31
82 0 U 54
83 1 L 72
84 1 U 83
85 1 L 5
86 0 U 85
87 1 U 42
88 1 U 7
89 0 U 84
90 0 U -1
91 0 U 90
92 1 U 91
93 1 U 33
94 0 U 93
95 1 U 94
96 0 L 93
97 1 U 96
98 0 U 97
99
0 1 U -1
1 1 U 0
2 1 U 1
3 1 U 1
4 0 U 1
5 0 U 4
6 1 U 5
7 0 U 6
8 0 U 7
9 1 U 7
10 0 U 9
11 0 U 10
12 1 U 11
13 0 U 12
14 0 U 13
15 0 U 8
16 0 U 15
17 0 U 16
18 1 U 15
19 1 U 18
20 0 U 19
21 1 U 20
22 0 U 21
23 1 U 22
24 0 U 23
25 0 L 1
26 1 U 25
27 1 L 11
28 1 U 27
29 0 U 28
30 0 U 29
31 1 U 15
32 0 U 31
33 0 L 10
34 1 U 33
35 0 U 34
36 0 L 17
37 0 U 36
38 0 L 36
39 1 U 38
40 0 L 4
41 1 U 40
42 0 U 41
43 0 U 42
44 0 U 43
45 0 U -1
46 0 U 24
47 1 U 27
48 1 U 47
49 0 U 48
50 0 U 49
51 1 U 50
52 1 U 51
53 1 U 52
54 0 U 16
55 0 L 23
56 0 L 13
57 1 U 56
58 1 U 57
59 1 U 58
60 0 U 59
61 0 U 60
62 1 U 61
63 0 L 52
64 0 U 63
65 0 U 64
66 0 U 65
67 1 U 62
68 1 U 67
69 0 U 68
70 0 U 69
71 0 L 56
72 0 U -1
73 1 L 31
74 1 U 73
75 1 L 61
76 0 U 75
77 1 U 76
78 1 U 77
79 0 L 41
80 0 U 79
81 0 U 41
82 0 U 54
83 1 L 72
84 1 U 1
85 1 L 5
86 0 L 41
87 1 U 42
88 1 U 7
89 0 U 84
90 0 U -1
91 0 U 90
92 1 U 91
93 1 L 80
94 0 U 93
95 1 U 94
96 0 U 95
97 1 U 96
98 0 U 97
99
0 1 U -1
1 1 U 0
2 1 U 1
3 0 U 2
4 0 U 1
5 0 U 4
6 1 U 5
7 0 U 6
8 1 U 7
9 0 L 5
10 0 U 9
11 0 U 10
12 1 U 11
13 0 U 12
14 0 U 13
15 0 U 8
16 0 U 15
17 0 U 16
18 1 U 15
19 1 U 18
20 0 U 19
21 1 U 20
22 0 U 21
23 1 U 22
24 0 U 23
25 1 L 0
26 1 U 25
27 1 U -1
28 1 L 23
29 0 U 28
30 1 U 0
31 1 U 15
32 0 U 31
33 0 L 10
34 1 U 33
35 0 U 34
36 0 L 17
37 0 U 36
38 1 L 33
39 1 U 38
40 0 U 39
41 0 U 35
42 0 U 32
43 0 U 42
44 0 U 43
45 0 U -1
46 0 U 24
47 1 L 26
48 1 U 47
49 0 U 48
50 0 U 49
51 1 U 50
52 1 L 48
53 1 U 52
54 0 U 16
55 0 L 23
56 0 L 13
57 0 U 18
58 1 U 57
59 1 U 58
60 0 U 59
61 0 U 60
62 1 U 61
63 0 L 52
64 0 U 63
65 0 U 64
66 0 U 65
67 1 U 62
68 1 U 67
69 0 U 68
70 0 U 69
71 0 L 56
72 0 U -1
73 1 U 72
74 1 U 73
75 1 L 61
76 0 U 75
77 1 U 76
78 1 U 77
79 0 L 41
80 0 U 79
81 0 U 41
82 0 U 54
83 1 L 72
84 1 U 83
85 1 L 5
86 1 U 37
87 1 U 42
88 1 U 7
89 0 U 84
90 0 U -1
91 0 U 90
92 0 L 11
93 1 U 92
94 0 U 93
95 1 U 94
96 0 U 95
97 1 U 96
98 0 U 73
99
0 1 U -1
1 1 U 0
2 1 U 1
3 0 U 2
4 0 U 1
5 0 U 4
6 1 U 5
7 0 U 6
8 0 U 7
9 1 U 7
10 0 U 9
11 0 U 10
12 0 U 3
13 0 U 12
14 0 U 13
15 0 U 8
16 0 U 15
17 0 U 16
18 1 U 15
19 1 U 18
20 0 U 19
21 1 U 20
22 0 U 21
23 1 U 22
24 0 U 23
25 0 U 5
26 1 U 25
27 1 U -1
28 1 U 27
29 0 U 28
30 0 U 29
31 1 U 15
32 0 L 21
33 0 L 10
34 1 U 33
35 0 U 34
36 0 L 17
37 0 U 36
38 0 L 36
39 1 U 38
40 0 U 39
41 1 U 40
42 0 U 41
43 0 U 42
44 1 U 7
45 0 U 36
46 0 U 24
47 1 U 46
48 1 U 47
49 0 U 48
50 0 U 49
51 1 U 50
52 1 U 51
53 1 U 52
54 0 U 16
55 0 L 23
56 1 U 11
57 1 U 56
58 1 U 57
59 1 U 58
60 0 U 59
61 0 U 60
62 1 U 61
63 0 L 52
64 0 U 63
65 0 U 64
66 1 U 10
67 1 U 62
68 1 U 67
69 0 U 68
70 0 U 69
71 0 L 56
72 0 U -1
73 1 U 50
74 1 U 73
75 1 L 61
76 0 U 75
77 1 U 76
78 1 U 77
79 0 L 41
80 0 U 79
81 0 U 41
82 0 U 54
83 0 L 69
84 1 U 83
85 1 L 5
86 0 U 85
87 1 U 42
88 1 U 7
89 0 U 84
90 0 U -1
91 0 U 90
92 1 U 91
93 1 U 92
94 1 L 21
95 1 U 94
96 0 U 95
97 1 U 96
98 0 L 35
99
0 1 U -1
1 1 U 0
2 1 U 1
3 0 U 2
4 0 U 1
5 0 U 4
6 1 U 5
7 0 U 6
8 0 U 7
9 1 U 7
10 0 U 9
11 0 U 10
12 1 U 11
13 0 U 12
14 0 U 13
15 0 U 8
16 0 U 15
17 0 U 16
18 1 U 15
19 1 U 18
20 0 U 19
21 0 L 13
22 0 U 21
23 0 U 19
24 0 U 23
25 1 L 2
26 1 U 25
27 1 U -1
28 1 U 27
29 0 U 28
30 0 U 29
31 1 U 15
32 0 U 31
33 0 L 10
34 1 U 33
35 1 L 18
36 0 L 17
37 0 U 36
38 0 L 36
39 1 U 38
40 0 U 39
41 1 U 40
42 0 U 41
43 0 U 42
44 0 U 43
45 0 U -1
46 0 U 24
47 1 U 46
48 1 U 47
49 0 U 48
50 0 U 49
51 1 U 50
52 1 U 51
53 1 U 52
54 0 U 16
55 0 L 23
56 0 L 13
57 1 U 56
58 1 U 57
59 1 U 58
60 0 U 59
61 0 U 60
62 1 U 61
63 0 L 52
64 0 L 50
65 0 U 64
66 0 U 65
67 1 U 62
68 1 U 67
69 0 U 68
70 0 U 69
71 0 L 56
72 0 U -1
73 1 U 72
74 1 U 73
75 0 L 19
76 0 U 75
77 1 U 76
78 1 U 77
79 0 L 41
80 0 U 79
81 0 U 41
82 0 U 54
83 1 L 72
84 1 U 83
85 1 L 5
86 0 U 85
87 1 U 42
88 1 U 7
89 0 U 84
90 0 U -1
91 0 U 90
92 1 U 91
93 1 U 92
94 0 U 93
95 1 U 94
96 0 U 95
97 1 U 96
98 0 U 97
99
0 0 L -1
1 1 U 0
2 1 U 1
3 0 U 2
4 0 U 1
5 0 U 4
6 1 U 5
7 0 U 6
8 0 U 7
9 1 U 7
10 0 U 6
11 0 U 10
12 1 U 11
13 0 U 12
14 0 U 13
15 0 L -1
16 0 L 10
17 0 U 16
18 1 U 15
19 0 L 13
20 0 U 19
21 1 U 20
22 0 U 21
23 1 U 22
24 0 U 23
25 1 L 0
26 1 U 25
27 1 U -1
28 1 U 27
29 0 U 28
30 0 L 2
31 1 U 15
32 0 U 31
33 0 L 10
34 1 U 33
35 0 U 34
36 0 L 17
37 0 U 36
38 0 L 36
39 1 U 38
40 0 U 39
41 1 U 40
42 0 U 41
43 0 U 42
44 0 U 43
45 0 U -1
46 0 U 24
47 1 U 46
48 1 U 47
49 0 U 48
50 0 U 49
51 1 U 50
52 1 U 51
53 1 U 52
54 0 U 16
55 0 L 23
56 0 L 13
57 1 U 56
58 1 U 57
59 1 U 58
60 1 U 42
61 1 L 60
62 1 U 61
63 0 L 52
64 0 U 63
65 1 U 44
66 0 U 65
67 1 U 62
68 1 U 67
69 0 U 68
70 0 U 69
71 0 L 56
72 0 U -1
73 1 U 72
74 1 U 73
75 1 L 61
76 0 U 75
77 1 U 76
78 1 U 77
79 1 U 23
80 0 U 79
81 0 U 41
82 1 U 39
83 1 L 72
84 1 U 83
85 1 L 5
86 0 U 85
87 1 U 42
88 1 U 7
89 0 U 84
90 0 U -1
91 0 U 90
92 1 L 6
93 1 U 92
94 0 U 93
95 1 U 94
96 0 U 95
97 1 U 96
98 0 U 97
99
0 1 U -1
1 1 U 0
2 1 U 1
3 0 U 2
4 0 U 1
5 0 U 4
6 1 U 5
7 0 U 6
8 0 U 7
9 1 U 7
10 0 U 9
11 0 U 10
12 1 U 11
13 0 U 12
14 0 U 13
15 0 U 8
16 0 U 15
17 0 U 16
18 1 U 15
19 1 U 18
20 0 U 19
21 1 U 20
22 0 U 21
23 1 U 22
24 0 U 23
25 1 L 0
26 1 U 25
27 1 U -1
28 1 U 27
29 0 U 28
30 0 U 29
31 1 U 15
32 0 U 31
33 0 L 10
34 1 U 33
35 1 L 14
36 0 L 17
37 0 U 36
38 0 L 36
39 1 U 38
40 0 U 39
41 0 U 31
42 0 U 41
43 0 U 42
44 0 U 43
45 0 U -1
46 0 U 24
47 1 U 46
48 1 U 47
49 0 U 48
50 0 U 49
51 1 U 50
52 1 U 51
53 1 U 52
54 0 U 16
55 0 L 23
56 0 L 0
57 1 U 56
58 1 U 57
59 1 U 58
60 0 U 59
61 0 U 60
62 1 U 61
63 0 L 52
64 0 U 63
65 0 U 64
66 0 U 65
67 1 U 62
68 1 U 67
69 0 U 68
70 0 U 69
71 0 L 56
72 0 U -1
73 1 U 72
74 1 U 73
75 1 L 61
76 0 U 75
77 1 U 76
78 0 L 42
79 1 U 54
80 0 L 1
81 0 U 41
82 0 U 54
83 1 L 72
84 1 U 83
85 1 L 5
86 0 U 85
87 1 U 42
88 1 U 7
89 0 U 84
90 0 U -1
91 0 U 90
92 1 U 91
93 1 U 92
94 0 U 93
95 1 U 94
96 0 U 95
97 1 U 96
98 0 U 97
99
0 1 U -1
1 1 U 0
2 1 U 1
3 0 U 2
4 0 U 1
5 0 U 4
6 1 U 5
7 0 U 6
8 1 U 4
9 1 U 7
10 0 U 9
11 0 U 10
12 1 U 11
13 0 U 12
14 0 U 13
15 1 L 10
16 0 U 15
17 0 U 16
18 1 U 15
19 1 U 18
20 0 L 17
21 0 L 14
22 0 U 21
23 1 U 22
24 0 U 23
25 1 L 0
26 1 U 25
27 1 U -1
28 1 U 27
29 0 U 28
30 0 U 29
31 1 U 15
32 0 U 31
33 0 L 10
34 1 U 33
35 0 U 34
36 0 L 17
37 0 U 36
38 0 L 36
39 1 U 38
40 0 U 39
41 1 U 40
42 0 U 41
43 0 U 42
44 0 U 43
45 0 U -1
46 0 U 24
47 1 U 46
48 1 U 47
49 0 U 48
50 0 U 49
51 1 U 38
52 1 U 51
53 1 U 52
54 0 U 16
55 0 L 23
56 0 L 13
57 1 U 56
58 1 U 57
59 1 U 58
60 0 L 18
61 0 U 60
62 1 U 61
63 0 L 52
64 0 U 63
65 0 U 64
66 0 U 65
67 1 U 62
68 1 U 67
69 0 U 68
70 0 U 69
71 0 L 56
72 0 U -1
73 1 U 72
74 1 U 73
75 1 L 61
76 0 L 65
77 1 U 76
78 1 U 77
79 0 L 41
80 0 U 79
81 0 U 41
82 0 U 54
83 1 L 72
84 1 U 83
85 1 L 5
86 0 U 85
87 1 U 42
88 1 U 7
89 0 U 84
90 0 U -1
91 0 U 90
92 1 U 91
93 1 U 92
94 0 U 93
95 1 U 94
96 0 U 95
97 1 U 96
98 0 U 97
