48
0 1 U -1
1 1 U 0
2 1 U 1
3 1 U 2
4 1 U 3
5 1 U 4
6 0 U -1
7 0 U 6
8 0 U 7
9 1 U 8
10 0 U 9
11 1 U 10
12 1 U -1
13 0 U 12
14 1 U 13
15 0 U 14
16 1 U 15
17 1 U 16
18 1 U -1
19 1 U 18
20 0 U 19
21 0 U 20
22 0 U 21
23 1 U 22
24 1 U -1
25 0 U 24
26 1 U 25
27 1 U 26
28 0 U 27
29 0 U 28
30 1 U -1
31 0 U 30
32 0 U 31
33 0 U 32
34 1 U 33
35 1 U 34
36 1 U -1
37 0 U 36
38 0 U 37
39 0 U 38
40 1 U 39
41 0 U 40
42 1 U -1
43 0 U 42
44 1 U 43
45 1 U 44
46 1 U 45
47 0 U 46
48
0 1 U -1
1 1 U 0
2 1 U 1
3 1 U 2
4 1 U 3
5 1 U 4
6 0 U -1
7 0 U 6
8 0 U 7
9 1 U 8
10 0 U 9
11 1 U 10
12 1 U -1
13 0 U 12
14 0 L 5
15 0 U 14
16 1 U 15
17 0 L 6
18 1 U -1
19 1 U 18
20 0 U 19
21 0 U 20
22 0 U 21
23 1 U 15
24 1 U -1
25 0 U 24
26 1 U 25
27 1 U 26
28 0 U 27
29 0 U 28
30 1 U -1
31 0 L 10
32 0 U 31
33 1 L 6
34 1 U 33
35 1 U 34
36 1 U -1
37 0 U 36
38 0 U 37
39 0 U 38
40 1 U 39
41 0 U 40
42 1 U -1
43 1 U 0
44 1 U 43
45 1 U 44
46 1 U 45
47 0 U 46
48
0 1 U -1
1 1 U 0
2 1 U 1
3 1 U 2
4 1 U 3
5 1 U 4
6 0 U -1
7 0 U 6
8 0 U 7
9 1 U 8
10 0 L 0
11 1 U 10
12 1 U -1
13 0 U 12
14 1 U 13
15 0 U 14
16 1 U 15
17 1 U 16
18 1 U -1
19 1 U 18
20 0 U 19
21 0 U 20
22 0 U 21
23 1 U 22
24 1 U -1
25 0 U 24
26 1 U 25
27 1 U 26
28 0 U 27
29 0 U 28
30 1 U -1
31 1 L 14
32 0 U 31
33 0 U 32
34 1 U 30
35 1 U 34
36 1 U -1
37 0 U 36
38 0 U 37
39 0 U 38
40 1 U 39
41 0 U 40
42 1 U -1
43 0 U 42
44 1 U 43
45 1 U 44
46 1 U 45
47 0 U 46
48
0 0 U -1
1 1 U 0
2 1 U 1
3 1 U 2
4 1 U 3
5 1 U 4
6 0 U -1
7 0 U 6
8 1 L 1
9 1 U 8
10 0 U 9
11 1 U 10
12 1 U -1
13 0 U 12
14 1 U 13
15 0 U 14
16 1 U 15
17 1 U 16
18 0 L 0
19 0 L 7
20 0 U 19
21 0 U 20
22 0 U 21
23 1 U 22
24 1 U -1
25 0 U 24
26 1 U 12
27 1 U 26
28 0 U 27
29 0 U 28
30 1 U -1
31 0 U 30
32 0 U 31
33 0 U 32
34 1 U 33
35 1 U 34
36 1 U -1
37 0 U 36
38 0 U 37
39 0 U 38
40 1 U 39
41 0 U 40
42 1 U -1
43 0 U 42
44 1 U 43
45 0 L 27
46 1 U 45
47 0 U 46
48
0 1 U -1
1 1 U 0
2 1 U 1
3 1 U 2
4 1 L 2
5 1 U 4
6 0 U -1
7 0 U 6
8 0 U 7
9 1 L 4
10 0 U 9
11 1 U 10
12 1 U -1
13 0 U 12
14 1 U 13
15 0 U 14
16 1 U 15
17 1 U 16
18 1 U -1
19 1 U 18
20 0 U 19
21 0 U 20
22 0 U 21
23 1 U 22
24 1 U -1
25 0 U 24
26 1 U 25
27 1 U 26
28 0 U 27
29 0 U 28
30 1 U -1
31 0 U 30
32 0 L 1
33 0 U 32
34 1 U 33
35 1 U 34
36 1 U -1
37 0 U 36
38 0 U 37
39 0 U 38
40 1 U 39
41 0 U 40
42 1 U -1
43 0 U 42
44 1 U 43
45 1 U 44
46 1 U 45
47 0 U 46
48
0 1 U -1
1 1 U 0
2 1 U 1
3 1 U 2
4 0 U 1
5 0 L -1
6 0 U -1
7 0 U 6
8 0 U 7
9 1 U 8
10 0 U 9
11 1 U 10
12 1 U -1
13 0 U 12
14 1 U 13
15 0 U 14
16 1 U 15
17 1 U 16
18 1 U -1
19 1 U 18
20 1 U 5
21 0 U 20
22 0 U 21
23 1 U 22
24 1 U -1
25 0 U 24
26 1 U 25
27 1 U 26
28 0 U 27
29 0 U 28
30 1 U -1
31 0 U 30
32 0 U 31
33 0 L 32
34 1 U 33
35 1 U 34
36 1 U -1
37 0 U 36
38 0 U 37
39 0 U 38
40 1 U 39
41 0 U 40
42 1 U -1
43 0 U 42
44 1 U 43
45 1 U 44
46 1 U 45
47 0 U 46
48
0 1 U -1
1 1 U 0
2 1 U 1
3 1 U 2
4 1 U 3
5 1 U 4
6 0 U -1
7 0 U 6
8 0 U 7
9 1 U 8
10 0 U 9
11 1 U 10
12 1 U -1
13 0 U 12
14 1 U 13
15 0 U 14
16 1 U 15
17 1 U 16
18 1 U -1
19 1 U 18
20 1 U -1
21 0 U 20
22 0 U 21
23 1 U 22
24 1 U -1
25 0 U 24
26 1 U 25
27 1 U 26
28 0 U 27
29 0 U 28
30 1 U -1
31 0 U 30
32 0 U 31
33 0 U 32
34 1 U 33
35 1 U 34
36 1 U -1
37 0 U 36
38 0 U 37
39 0 U 38
40 0 U 3
41 0 L 34
42 1 U -1
43 0 U 42
44 0 U 2
45 1 U 44
46 1 U 45
47 0 U 46
48
0 1 U -1
1 1 U 0
2 1 U 1
3 1 U 2
4 1 U 3
5 1 U 4
6 0 U -1
7 0 U 6
8 0 U 7
9 1 U 8
10 0 U 9
11 1 U 10
12 1 U -1
13 0 U 12
14 1 U 13
15 0 U 14
16 1 U 15
17 1 U 16
18 1 U -1
19 1 U 18
20 0 U 19
21 0 U 20
22 0 U 21
23 1 U 22
24 1 U -1
25 0 U 24
26 1 U 25
27 1 U 26
28 0 U 27
29 0 U 28
30 1 U -1
31 0 U 30
32 0 U 31
33 0 U 32
34 1 U 33
35 1 U 34
36 1 U -1
37 0 U 15
38 0 U 37
39 0 U 9
40 1 U 39
41 0 U 40
42 1 U -1
43 0 U 42
44 1 U 43
45 1 U 44
46 1 U 45
47 0 U 46
48
0 1 U -1
1 1 U 0
2 1 U 1
3 1 U 2
4 1 U 3
5 1 U 4
6 0 U -1
7 0 U 6
8 0 U 1
9 1 U 8
10 0 U 9
11 1 U 10
12 1 U -1
13 0 U 12
14 1 U 13
15 0 U 14
16 1 U 15
17 1 U 16
18 1 U -1
19 1 U 18
20 0 U 19
21 1 U 5
22 0 U 21
23 1 U 22
24 1 U -1
25 0 U 24
26 1 U 25
27 0 U 5
28 0 U 27
29 0 U 28
30 1 U -1
31 0 U 30
32 0 U 31
33 0 U 32
34 1 U 33
35 1 U 34
36 1 U -1
37 0 L 24
38 0 U 37
39 0 U 38
40 1 U 39
41 0 U 40
42 1 U -1
43 0 U 42
44 0 L 16
45 1 U 44
46 1 U 45
47 0 U 46
48
0 1 U -1
1 1 U 0
2 1 U 1
3 1 U 2
4 1 U 3
5 0 L 0
6 0 U -1
7 0 U 6
8 0 U 1
9 1 U 8
10 0 U 9
11 1 U 10
12 1 U -1
13 0 U 12
14 1 U 13
15 0 U 14
16 1 U 15
17 1 U 16
18 0 L 11
19 1 U 18
20 0 U 19
21 1 U 5
22 0 U 21
23 1 U 22
24 1 U -1
25 0 U 24
26 1 U 25
27 0 U 5
28 0 U 27
29 0 U 28
30 1 U -1
31 0 U 30
32 0 U 31
33 0 U 32
34 1 U 33
35 0 L 12
36 1 U -1
37 0 L 24
38 1 L 26
39 0 U 38
40 1 U 39
41 0 U 40
42 1 U -1
43 0 U 42
44 0 L 16
45 1 U 44
46 1 U 45
47 0 U 46
48
0 0 L -1
1 1 U 0
2 1 U 1
3 1 U 2
4 1 U 3
5 1 U 4
6 0 U -1
7 0 U 6
8 1 L 6
9 1 U 8
10 0 U 9
11 1 U 10
12 0 U 5
13 0 U 12
14 1 U 13
15 0 U 14
16 1 U 15
17 1 U 16
18 1 U -1
19 1 U 18
20 0 U 19
21 1 U 5
22 0 U 21
23 1 U 22
24 1 U -1
25 1 U 10
26 1 U 25
27 0 U 5
28 0 U 27
29 0 U 28
30 1 U -1
31 0 U 30
32 0 U 31
33 0 U 32
34 1 U 33
35 1 U 34
36 1 U -1
37 0 L 24
38 0 U 37
39 0 U 38
40 1 U 39
41 1 L 38
42 1 U -1
43 0 U 42
44 0 L 16
45 1 U 44
46 1 U 45
47 0 U 46
48
0 1 U -1
1 1 U 0
2 1 U 1
3 1 U 2
4 1 U 3
5 1 U 2
6 0 U -1
7 0 U 6
8 0 U 1
9 1 U 8
10 0 U 9
11 1 U 10
12 1 U -1
13 0 L 5
14 1 U 13
15 0 U 14
16 0 U -1
17 1 U 16
18 1 U -1
19 1 U 18
20 0 U 19
21 1 L 19
22 0 U 21
23 1 U 22
24 1 U -1
25 0 U 24
26 1 U 25
27 0 U 5
28 0 U 27
29 0 U 28
30 1 U -1
31 0 U 30
32 0 U 31
33 0 U 32
34 1 U 33
35 1 U 34
36 1 U -1
37 0 L 24
38 1 L 30
39 0 L 31
40 1 U 39
41 0 U 3
42 1 U -1
43 0 U 42
44 0 L 16
45 1 U 44
46 1 L 29
47 0 U 46
48
0 1 U -1
1 1 U 0
2 1 U 1
3 1 U 2
4 1 U 3
5 1 U 4
6 0 U -1
7 0 U 6
8 0 U 1
9 1 U 8
10 0 U -1
11 1 U 10
12 1 U -1
13 0 U 12
14 1 U 13
15 0 U 14
16 1 U 15
17 1 U 16
18 1 U -1
19 1 U 18
20 0 U 19
21 1 U 5
22 0 U 21
23 1 U 22
24 1 U -1
25 0 U 24
26 0 L 15
27 0 U 5
28 0 U 27
29 0 U 28
30 1 U -1
31 0 U 30
32 0 U 18
33 0 U 32
34 1 U 33
35 1 U 34
36 1 U -1
37 0 L 24
38 0 U 37
39 0 U 38
40 1 U 39
41 0 U 40
42 1 L 24
43 0 U 42
44 0 L 16
45 1 U 44
46 1 U 45
47 0 U 46
48
0 1 U -1
1 1 U 0
2 1 U 1
3 1 U 2
4 1 U 3
5 1 U 4
6 0 U -1
7 0 U 6
8 0 U 1
9 1 U 8
10 0 U 9
11 1 U 10
12 1 U -1
13 1 L 4
14 1 U 13
15 0 U 14
16 1 U 15
17 1 U 5
18 1 U -1
19 1 U 18
20 1 U 9
21 1 U 5
22 0 U 21
23 0 U 0
24 1 U -1
25 0 U 24
26 1 U 25
27 0 U 5
28 0 U 27
29 0 U 28
30 1 U -1
31 0 U 30
32 0 U 31
33 0 U 32
34 1 L 29
35 1 U 34
36 1 U -1
37 0 L 24
38 0 U 37
39 0 U 38
40 1 U 39
41 0 U 40
42 1 U -1
43 0 U 42
44 1 U 17
45 1 U 44
46 1 U 45
47 0 U 46
48
0 1 U -1
1 1 U 0
2 1 U 1
3 1 U 2
4 1 U 3
5 1 U 4
6 0 U -1
7 0 U 6
8 0 U 1
9 1 U 8
10 0 U 9
11 1 U 10
12 1 U -1
13 0 U 12
14 1 U 13
15 0 U 14
16 1 U 15
17 1 U 16
18 1 U -1
19 1 U 18
20 0 U 19
21 1 U 5
22 0 U 21
23 1 U 22
24 1 U -1
25 0 U 24
26 1 U 25
27 0 U 5
28 0 U 27
29 0 U 28
30 1 U -1
31 0 U 30
32 0 U 31
33 0 U 32
34 1 U 33
35 1 U 34
36 1 U -1
37 0 L 24
38 0 U 37
39 0 L 37
40 1 U 39
41 0 U 40
42 1 U -1
43 0 U 42
44 1 U 11
45 1 U 44
46 1 U 45
47 0 L -1
48
0 1 U -1
1 1 U 0
2 0 L -1
3 0 U 0
4 1 U 3
5 1 U 4
6 0 U -1
7 0 U 6
8 0 U 1
9 1 U 8
10 0 U 9
11 1 U 10
12 1 U -1
13 0 U 12
14 1 U 13
15 1 U 2
16 1 U 15
17 1 U 4
18 1 U -1
19 1 U 18
20 0 U 19
21 1 U 6
22 0 U 21
23 1 U 22
24 1 U -1
25 0 U 24
26 1 U 25
27 0 U 5
28 0 U 27
29 0 U 28
30 1 U -1
31 0 U 30
32 0 U 31
33 0 U 32
34 1 U 33
35 1 U 34
36 0 U 17
37 0 L 24
38 0 U 37
39 0 U 38
40 1 U 39
41 0 U 40
42 1 U -1
43 0 U 0
44 0 L 16
45 0 U 15
46 1 U 45
47 0 U 46
48
0 1 L -1
1 1 U 0
2 1 U 1
3 1 U 2
4 1 U 3
5 1 U 4
6 0 U -1
7 0 U 6
8 0 U 1
9 1 U 8
10 0 U 9
11 1 U 10
12 1 U -1
13 0 U 12
14 1 U 13
15 0 U 14
16 1 U 15
17 1 U 16
18 1 U -1
19 1 U 18
20 0 U 19
21 1 U 5
22 0 U 21
23 1 U 22
24 1 U -1
25 0 U 24
26 1 U 25
27 0 U 5
28 0 U 27
29 0 U 28
30 1 U -1
31 0 U 30
32 0 U 31
33 0 U 32
34 1 U 33
35 1 U 34
36 1 U -1
37 0 L 5
38 0 U 37
39 0 U 38
40 1 U 39
41 0 U 40
42 1 U -1
43 0 U 42
44 0 L 16
45 1 U 44
46 1 U 45
47 0 U 46
48
0 1 U -1
1 1 U 0
2 1 U 1
3 1 U 2
4 1 U 3
5 1 U 4
6 0 U -1
7 0 U 6
8 0 U 1
9 1 U 8
10 0 U 9
11 1 U 10
12 1 U -1
13 0 U 12
14 1 U 13
15 0 U 14
16 1 U 15
17 1 U 16
18 1 U -1
19 1 U 18
20 0 U 19
21 1 U 5
22 0 U 21
23 0 L 7
24 1 U -1
25 0 U 24
26 1 U 25
27 0 U 5
28 0 U 27
29 0 U 28
30 1 U -1
31 0 U 30
32 0 U 31
33 0 U 32
34 1 U 33
35 1 U 34
36 1 U -1
37 0 L 24
38 0 U 37
39 1 L 33
40 1 U 39
41 0 U 40
42 1 U -1
43 0 U 42
44 0 U 2
45 1 U 44
46 1 U 45
47 0 U 46
48
0 1 U -1
1 1 U 0
2 1 U 1
3 1 L 0
4 1 U 3
5 1 U 4
6 0 U -1
7 0 U 6
8 0 U 1
9 1 U 8
10 0 U 9
11 1 U 10
12 1 U -1
13 0 U 12
14 1 U 13
15 0 U 14
16 1 U 15
17 1 U 16
18 1 U -1
19 1 U 18
20 0 U 19
21 0 L 8
22 0 U 21
23 1 U 22
24 1 U -1
25 0 U 24
26 1 U 25
27 0 U 5
28 0 U 27
29 0 U 28
30 1 U -1
31 0 U 30
32 0 U 31
33 0 U 32
34 1 U 33
35 1 U 34
36 1 U -1
37 1 U 30
38 0 U 37
39 0 U 38
40 1 U 39
41 1 U 16
42 1 U -1
43 0 U 41
44 1 L 6
45 1 U 44
46 1 U 45
47 0 U 46
48
0 1 U -1
1 1 U 0
2 1 U 1
3 1 U 2
4 1 U 3
5 1 U 4
6 0 U -1
7 0 U 6
8 0 U 1
9 1 U 8
10 0 U 9
11 1 U 10
12 0 U 4
13 0 U 12
14 1 U 13
15 0 U 14
16 1 U 15
17 1 U 16
18 1 U -1
19 1 U 14
20 0 U 19
21 1 U 5
22 0 U 21
23 1 U 22
24 1 U -1
25 0 U 24
26 1 U 25
27 0 U 5
28 0 U 27
29 0 U 28
30 1 U -1
31 0 U 30
32 0 U 31
33 0 U 32
34 1 U 33
35 1 U 34
36 1 U -1
37 0 L 24
38 0 U 37
39 0 U 38
40 1 U 39
41 0 U 40
42 1 U -1
43 0 U 42
44 0 L 16
45 1 U 44
46 1 U 45
47 0 U 46
48
0 1 U -1
1 1 U 0
2 1 U 1
3 1 U 2
4 1 L 1
5 1 L 3
6 0 U -1
7 0 U 6
8 0 U 1
9 1 U 8
10 0 U 9
11 1 U 10
12 0 U 4
13 1 U 6
14 1 U 13
15 1 L 2
16 1 U 15
17 1 U 16
18 1 U -1
19 1 U 14
20 0 U 19
21 1 U 5
22 0 U 21
23 1 U 22
24 1 U -1
25 0 U 24
26 0 U 23
27 0 U 5
28 0 U 15
29 0 U 28
30 1 U -1
31 0 U 30
32 0 U 31
33 0 U 32
34 0 U 8
35 1 U 34
36 1 U -1
37 0 L 24
38 0 U 37
39 0 U 38
40 1 U 39
41 0 U 40
42 1 U -1
43 0 U 42
44 0 L 16
45 1 U 44
46 1 U 45
47 0 U 46
48
0 1 U -1
1 1 U 0
2 1 U 1
3 1 U 2
4 1 U 3
5 1 U 4
6 0 U -1
7 0 U 6
8 0 U 1
9 1 U 8
10 0 U 9
11 1 U 10
12 0 U 2
13 0 U 12
14 1 U 7
15 0 U 14
16 1 U 15
17 1 U 16
18 1 U -1
19 1 U 14
20 0 U 19
21 1 U 5
22 0 U 21
23 1 L 22
24 1 U -1
25 0 U 24
26 1 U 25
27 0 U 5
28 0 U 27
29 0 U 28
30 1 U -1
31 0 U 30
32 0 U 31
33 0 U 32
34 1 U 17
35 1 U 34
36 1 U -1
37 0 L 24
38 0 U 37
39 0 U 38
40 1 U 39
41 0 L 11
42 1 U -1
43 0 U 42
44 0 L 16
45 1 U 44
46 1 U 45
47 0 L 22
48
0 1 U -1
1 1 U 0
2 1 U 1
3 1 U 2
4 1 U 3
5 1 U 4
6 1 L 4
7 0 U 6
8 0 U 1
9 1 U 8
10 0 U 9
11 1 U 10
12 0 U 4
13 0 U 12
14 1 U 13
15 0 U 14
16 1 U 15
17 1 U 16
18 1 U -1
19 1 U 14
20 0 L 12
21 1 U 5
22 0 U 21
23 1 U 22
24 1 U -1
25 0 U 24
26 1 U 25
27 0 U 5
28 0 U 27
29 0 U 28
30 1 U -1
31 0 U 30
32 0 U 31
33 0 U 32
34 1 U 33
35 1 U 22
36 1 U -1
37 0 L 24
38 0 U 37
39 0 U 38
40 1 U 39
41 0 U 40
42 1 U -1
43 0 U 42
44 0 L 16
45 1 U 44
46 0 U 22
47 0 U 46
48
0 1 U -1
1 1 U 0
2 1 U 1
3 1 U 2
4 1 U 3
5 1 U 4
6 0 U -1
7 0 U 6
8 0 U 1
9 0 U 8
10 0 U 9
11 1 U 10
12 0 U 4
13 0 U 12
14 1 U 13
15 0 U 14
16 1 U 15
17 1 U 16
18 0 U 2
19 1 U 14
20 0 U 19
21 1 U 1
22 0 U 21
23 1 U 22
24 1 U -1
25 0 U 24
26 1 U 25
27 0 U 5
28 0 U 27
29 0 U 28
30 1 L 17
31 0 U 30
32 0 U 31
33 0 U 32
34 1 U 33
35 1 U 34
36 1 U -1
37 0 L 24
38 0 U 37
39 0 U 10
40 1 U 39
41 1 L -1
42 1 U -1
43 0 U 42
44 0 L 16
45 1 U 44
46 1 U 45
47 0 U 46
48
0 1 U -1
1 1 U 0
2 1 U 1
3 1 U 2
4 1 U 3
5 1 U 4
6 0 U -1
7 0 U 5
8 0 U 1
9 1 U 8
10 0 U 9
11 1 U 10
12 0 U 4
13 0 U 12
14 1 U 13
15 0 U 14
16 1 U 15
17 1 U 16
18 1 U -1
19 1 U 14
20 1 L -1
21 1 U 5
22 0 U 21
23 1 U 22
24 1 U -1
25 0 U 24
26 1 U 25
27 0 U 5
28 0 U 27
29 0 U 28
30 1 U -1
31 0 U 30
32 0 U 31
33 0 U 32
34 1 U 33
35 1 U 34
36 1 U -1
37 1 U -1
38 0 U 37
39 0 U 38
40 1 U 39
41 0 U 40
42 1 U -1
43 0 U 42
44 0 L 30
45 1 U 44
46 1 U 45
47 0 U 46
48
0 1 U -1
1 1 U 0
2 1 U 1
3 1 U 2
4 1 U 3
5 1 U 4
6 0 U -1
7 0 U 6
8 0 U 1
9 1 U 8
10 0 U 9
11 1 U 10
12 0 U 4
13 0 U 12
14 1 U 13
15 0 U 14
16 0 U 5
17 1 U 16
18 1 U -1
19 1 U 14
20 0 U 19
21 1 U 5
22 1 U 9
23 1 L 18
24 1 U -1
25 0 U 24
26 1 U 25
27 0 U 5
28 0 U 1
29 0 U 28
30 1 U -1
31 0 U 30
32 0 U 31
33 0 U 32
34 1 U 33
35 1 U 34
36 1 U -1
37 0 L 24
38 0 U 37
39 0 U 38
40 1 U 39
41 0 U 40
42 1 U -1
43 0 U 42
44 0 L 16
45 1 U 44
46 1 U 45
47 0 U 46
48
0 1 U -1
1 1 U 0
2 1 U 1
3 1 U 2
4 0 U 2
5 1 U 4
6 0 U -1
7 0 U 6
8 0 U 1
9 1 U 8
10 0 U 9
11 1 U 10
12 0 L 2
13 0 U 12
14 1 U 13
15 0 U 14
16 1 U 15
17 1 U 16
18 1 U -1
19 1 U 14
20 0 U 19
21 1 U 5
22 0 U 21
23 1 U 22
24 0 U 23
25 0 U 24
26 1 U 25
27 0 U 5
28 0 U 27
29 0 U 28
30 1 U -1
31 0 U 14
32 0 U 31
33 0 U 32
34 1 U 33
35 1 U 34
36 0 U 1
37 0 L 24
38 0 U 37
39 0 U 38
40 1 U 39
41 0 U 15
42 1 U -1
43 0 U 42
44 0 L 16
45 1 U 44
46 1 U 45
47 0 U 46
48
0 1 U -1
1 1 U 0
2 1 U 1
3 1 U 2
4 1 U 3
5 1 U 4
6 0 U -1
7 0 U 6
8 0 U 1
9 1 U 8
10 0 U 9
11 1 U 10
12 0 U 4
13 0 U 12
14 1 U 13
15 0 U 14
16 1 U 15
17 1 U 16
18 1 U -1
19 1 U 14
20 0 U 9
21 1 U 5
22 0 U 21
23 1 U 22
24 1 U -1
25 0 U 24
26 1 U 25
27 0 U 5
28 0 U 27
29 0 U 28
30 1 U -1
31 0 U 30
32 0 U 31
33 0 U 32
34 1 U 33
35 1 U 34
36 1 U -1
37 0 L 24
38 0 U 37
39 0 U 38
40 1 U 39
41 0 U 40
42 1 U -1
43 0 U 42
44 0 L 16
45 1 U 44
46 1 U 45
47 0 U 46
48
0 1 U -1
1 1 U 0
2 1 U 1
3 1 U 2
4 0 L -1
5 0 L 2
6 0 U -1
7 0 U 6
8 0 U 1
9 1 U 8
10 0 U 9
11 1 U 10
12 0 U 4
13 0 U 12
14 1 U 13
15 0 U 14
16 1 U 15
17 0 U 2
18 1 U -1
19 1 U 14
20 0 U 19
21 1 L 19
22 0 U 21
23 1 U 22
24 0 U 12
25 0 U 24
26 1 U 25
27 0 U 5
28 0 U 27
29 0 U 28
30 1 U -1
31 0 U 30
32 0 U 31
33 0 U 32
34 1 U 33
35 1 U 34
36 1 U -1
37 0 L 24
38 0 U 37
39 0 U 38
40 1 U 39
41 0 U 40
42 1 U -1
43 0 U 42
44 0 L 16
45 1 U 44
46 1 U 45
47 0 U 46
48
0 1 U -1
1 1 U 0
2 1 U 1
3 1 U 2
4 1 U 3
5 1 L 1
6 0 U -1
7 0 U 6
8 0 U 1
9 0 U 2
10 0 U 9
11 1 U 10
12 0 U 4
13 0 U 12
14 1 U 13
15 1 L 2
16 1 U 15
17 1 U 16
18 1 U -1
19 1 U 14
20 0 U 19
21 1 U 5
22 0 U 21
23 1 U 22
24 1 U -1
25 0 U 24
26 1 U 25
27 0 U 5
28 0 U 27
29 0 U 28
30 1 U -1
31 0 U 30
32 0 U 31
33 0 U 32
34 1 U 33
35 1 U 34
36 1 U -1
37 0 U 8
38 0 U 37
39 0 L 32
40 1 U 39
41 0 U 40
42 1 U -1
43 0 U 42
44 0 L 16
45 1 U 44
46 1 U 45
47 0 U 46
48
0 1 U -1
1 1 U 0
2 1 U 1
3 1 U 2
4 1 U 3
5 1 U 4
6 0 U -1
7 0 U 6
8 0 U 1
9 1 U 8
10 0 U 9
11 1 U 10
12 0 U 4
13 0 U 12
14 1 U 13
15 0 U 14
16 1 U 15
17 1 U 16
18 1 U -1
19 1 U 14
20 0 U 19
21 0 L 5
22 0 L 15
23 0 U 1
24 0 L 9
25 0 U 24
26 1 U 25
27 0 U 5
28 0 U 27
29 0 U 28
30 1 U -1
31 0 U 30
32 0 U 31
33 0 U 32
34 0 U 21
35 1 U 34
36 0 U 29
37 0 L 24
38 0 U 37
39 0 U 38
40 1 U 39
41 0 U 40
42 1 U -1
43 0 U 42
44 0 L 16
45 1 U 44
46 1 L 34
47 0 U 46
48
0 1 U -1
1 1 U 0
2 1 U 1
3 1 U 2
4 1 U 3
5 1 U 4
6 0 U -1
7 1 L 1
8 0 U 1
9 1 U 8
10 0 U 9
11 1 U 10
12 0 U 4
13 0 U 12
14 1 U 13
15 0 U 14
16 1 U 15
17 1 U 16
18 0 U 10
19 1 L 2
20 0 U 19
21 1 U 5
22 0 U 21
23 1 U 22
24 1 U -1
25 0 U 24
26 1 U 25
27 0 U 5
28 0 U 27
29 0 U 28
30 1 U -1
31 0 U 30
32 0 U 31
33 0 U 32
34 1 U 33
35 1 U 34
36 1 U -1
37 0 L 24
38 0 U 37
39 0 U 38
40 1 U 39
41 0 U 40
42 1 U -1
43 0 U 42
44 0 L 16
45 0 U 26
46 0 U 34
47 1 L 30
48
0 1 U -1
1 1 U 0
2 1 U 1
3 1 U 2
4 1 U 3
5 0 L 0
6 0 L 1
7 1 L 1
8 0 U 1
9 1 U 0
10 0 U 9
11 1 U 10
12 0 U 4
13 0 U 12
14 1 L 6
15 0 U 14
16 1 U 15
17 1 U 16
18 0 U 10
19 1 L 2
20 0 L 12
21 1 U 9
22 0 U 21
23 1 U 22
24 1 U -1
25 0 U 24
26 1 U 25
27 0 U 5
28 0 U 27
29 0 U 28
30 1 U -1
31 0 U 30
32 0 U 20
33 1 L 13
34 1 U 33
35 0 U 2
36 1 U -1
37 0 L 24
38 0 U 37
39 0 U 38
40 1 U 39
41 0 U 40
42 1 U -1
43 0 U 42
44 0 L 16
45 0 U 26
46 0 U 34
47 1 L 30
48
0 1 U -1
1 1 U 0
2 1 U 1
3 1 L -1
4 1 U 3
5 1 U 4
6 0 U -1
7 1 L 1
8 0 U 1
9 1 U 8
10 0 U 9
11 1 U 7
12 0 U 4
13 0 U 12
14 1 L 3
15 0 U 14
16 1 U 15
17 1 U 16
18 0 U 10
19 1 L 2
20 0 U 19
21 1 U 4
22 0 U 21
23 1 L 16
24 1 U -1
25 0 U 10
26 1 U 25
27 0 U 5
28 0 U 27
29 0 U 28
30 1 U -1
31 0 U 30
32 0 U 31
33 0 U 32
34 1 U 33
35 1 U 34
36 1 U -1
37 0 L 24
38 0 U 37
39 0 U 38
40 1 U 39
41 0 U 40
42 1 U -1
43 0 U 42
44 0 L 16
45 0 U 26
46 0 U 34
47 1 L 30
48
0 1 U -1
1 1 U 0
2 0 U -1
3 1 U 2
4 1 U 3
5 1 U 4
6 0 U -1
7 1 L 2
8 0 L 1
9 1 U 8
10 0 U 9
11 1 U 10
12 0 U 7
13 0 U 12
14 1 U 13
15 0 U 14
16 1 U 15
17 1 U 16
18 0 U 10
19 1 L 2
20 0 U 19
21 1 U 5
22 1 U 19
23 1 U 22
24 1 U -1
25 0 U 24
26 1 U 25
27 0 U 5
28 0 U 27
29 0 U 28
30 1 U -1
31 0 U 30
32 0 U 31
33 0 U 32
34 1 U 33
35 1 U 34
36 1 U -1
37 0 U 21
38 0 U 37
39 0 U 38
40 1 L 26
41 0 U 40
42 1 U -1
43 0 U 42
44 0 L 16
45 0 U 26
46 0 U 26
47 1 L 30
48
0 1 U -1
1 1 U 0
2 0 U 1
3 0 U 0
4 1 U 3
5 1 U 4
6 0 U 3
7 1 L 1
8 0 U 1
9 1 U 8
10 0 U 9
11 1 U 10
12 0 U 4
13 0 U 12
14 1 U 13
15 0 U 14
16 1 U 15
17 1 U 16
18 0 U 10
19 1 L 16
20 0 U 19
21 1 U 5
22 0 U 21
23 1 U 22
24 1 U -1
25 0 U 24
26 1 U 25
27 0 U 5
28 0 U 27
29 0 U 28
30 1 U -1
31 0 U 18
32 0 U 31
33 0 U 32
34 1 U 33
35 1 U 34
36 1 U -1
37 0 L 24
38 0 U 37
39 0 U 38
40 1 U 39
41 0 U 40
42 1 U -1
43 0 U 42
44 0 L 16
45 0 U 26
46 0 U 34
47 1 L 30
48
0 1 U -1
1 1 U 0
2 1 U 1
3 1 U 2
4 1 U 3
5 1 U 4
6 0 U -1
7 1 L 1
8 0 U 1
9 1 U 8
10 0 U 9
11 1 U 10
12 0 U 4
13 0 U 12
14 1 U 13
15 0 U 14
16 1 U 15
17 1 U 16
18 0 U 10
19 1 L 2
20 1 U 5
21 1 U 5
22 0 U 21
23 1 U 22
24 1 U -1
25 0 U 24
26 1 U 25
27 0 U 5
28 0 U 27
29 0 U 28
30 1 U -1
31 0 U 30
32 0 U 31
33 0 U 32
34 1 U 33
35 1 U 34
36 1 U -1
37 0 L 24
38 0 U 37
39 0 U 38
40 1 U 39
41 0 U 40
42 1 U -1
43 0 U 42
44 0 L 16
45 0 U 26
46 0 U 34
47 1 L 30
48
0 1 U -1
1 1 U 0
2 1 U 1
3 1 U 2
4 1 L 2
5 1 U 4
6 0 U -1
7 1 L 1
8 0 U 1
9 1 U 8
10 0 U 9
11 1 U 10
12 0 U 4
13 0 U 12
14 1 U 13
15 0 U 14
16 1 U 15
17 1 U 16
18 0 U 10
19 1 L 15
20 0 U 19
21 0 L 5
22 0 U 21
23 1 U 22
24 1 U -1
25 0 U 24
26 1 U 25
27 0 U 5
28 0 U 27
29 0 U 28
30 0 L 8
31 0 U 30
32 0 U 31
33 0 U 32
34 1 U 33
35 1 U 34
36 0 U 15
37 0 L 24
38 0 U 37
39 0 U 38
40 1 U 39
41 0 U 40
42 1 U -1
43 0 U 24
44 0 L 16
45 0 U 26
46 0 U 34
47 1 L 30
48
0 1 U -1
1 1 U 0
2 1 U 1
3 1 U 2
4 1 U 3
5 1 U 4
6 0 U -1
7 1 L 1
8 0 U 1
9 1 U 8
10 0 U 9
11 0 U 2
12 0 U 4
13 0 U 12
14 1 U 13
15 0 U 14
16 1 U 15
17 1 U 16
18 0 U 10
19 1 L 2
20 1 L 10
21 1 U 5
22 0 U 21
23 1 U 22
24 1 U -1
25 0 U 24
26 1 U 25
27 0 U 5
28 0 U 27
29 0 U 28
30 1 L 11
31 0 U 30
32 0 U 31
33 1 L 16
34 1 U 33
35 1 U 34
36 1 U -1
37 0 L 24
38 0 U 37
39 0 U 38
40 1 U 39
41 0 U 40
42 1 U -1
43 0 U 42
44 0 L 16
45 0 U 26
46 0 U 34
47 1 L 30
48
0 1 U -1
1 1 U 0
2 1 U 1
3 1 U 2
4 1 U 3
5 1 U 4
6 0 L -1
7 1 L 1
8 0 U 1
9 1 U 8
10 0 U 2
11 1 U 10
12 0 U 3
13 0 U 12
14 1 U 13
15 1 U 7
16 1 U 15
17 1 U 16
18 0 U 10
19 1 L 2
20 0 U 19
21 1 U 5
22 0 U 21
23 1 U 22
24 1 U -1
25 0 U 24
26 1 U 25
27 0 U 5
28 0 U 27
29 0 U 28
30 0 L 12
31 0 U 30
32 0 U 31
33 1 U 28
34 1 U 33
35 1 U 34
36 1 U -1
37 0 L 24
38 0 U 37
39 0 U 38
40 1 U 39
41 0 U 40
42 1 U -1
43 0 U 42
44 0 L 16
45 1 U 0
46 0 L 38
47 1 L 30
48
0 1 U -1
1 1 U 0
2 1 U 1
3 1 U 2
4 0 L -1
5 1 U 4
6 0 U -1
7 1 L 1
8 0 U 1
9 1 U 8
10 0 U 9
11 1 U 10
12 0 U 4
13 1 L 6
14 1 U 13
15 0 U 14
16 1 U 15
17 1 U 16
18 0 U 10
19 1 L 2
20 0 U 19
21 1 U 5
22 0 U 21
23 1 U 22
24 1 U -1
25 0 U 24
26 1 U 25
27 0 U 5
28 0 U 27
29 0 U 28
30 1 U -1
31 1 L 12
32 0 L 30
33 0 U 32
34 1 U 33
35 1 U 34
36 1 U -1
37 0 U 0
38 1 L 21
39 0 U 38
40 1 U 39
41 0 U 40
42 1 U -1
43 0 U 42
44 0 L 16
45 0 U 26
46 0 L 12
47 0 U 23
