99
0 1 U -1
1 0 U 0
2 1 U 1
3 1 U 2
4 1 U 3
5 1 U 4
6 1 U 5
7 0 U 6
8 0 U 7
9 0 U -1
10 0 U 9
11 0 U 10
12 1 U 11
13 0 U 12
14 1 U 13
15 0 U 14
16 1 U 15
17 1 U 16
18 0 U -1
19 0 U 18
20 0 U 19
21 0 U 20
22 1 U 21
23 1 U 22
24 0 U 23
25 1 U 24
26 0 U 25
27 0 U -1
28 1 U 27
29 1 U 28
30 1 U 29
31 0 U 30
32 0 U 31
33 1 U 32
34 0 U 33
35 0 U 34
36 0 U -1
37 0 U 36
38 1 U 37
39 1 U 38
40 0 U 39
41 0 U 40
42 0 U 41
43 1 U 42
44 0 U 43
45 0 U -1
46 0 U 45
47 1 U 46
48 1 U 47
49 1 U 48
50 1 U 49
51 1 U 50
52 0 U 51
53 0 U 52
54 0 U -1
55 1 U 54
56 1 U 55
57 0 U 56
58 0 U 57
59 0 U 58
60 0 U 59
61 1 U 60
62 1 U 61
63 0 U -1
64 0 U 63
65 0 U 64
66 1 U 65
67 1 U 66
68 0 U 67
69 0 U 68
70 1 U 69
71 0 U 70
72 1 U -1
73 0 U 72
74 0 U 73
75 0 U 74
76 1 U 75
77 1 U 76
78 1 U 77
79 0 U 78
80 0 U 79
81 0 U -1
82 1 U 81
83 0 U 82
84 0 U 83
85 1 U 84
86 1 U 85
87 0 U 86
88 0 U 87
89 0 U 88
90 0 U -1
91 0 U 90
92 0 U 91
93 1 U 92
94 1 U 93
95 1 U 94
96 0 U 95
97 1 U 96
98 0 U 97
99
0 1 U -1
1 0 U 0
2 1 U 1
3 1 U 2
4 1 U 3
5 1 U -1
6 1 U 5
7 0 U 6
8 0 U 7
9 0 U 4
10 0 U 9
11 0 U 10
12 1 U 11
13 0 U 12
14 1 U 13
15 0 U 14
16 1 U 15
17 1 U 16
18 1 L 9
19 0 U 18
20 0 U 19
21 0 U 20
22 1 U 21
23 1 U 22
24 0 U 23
25 1 U 22
26 0 U 25
27 0 U -1
28 1 U 27
29 1 U 28
30 1 L 15
31 0 U 30
32 0 U 31
33 1 U 32
34 0 L 5
35 0 U 34
36 0 U -1
37 0 U 36
38 1 L 19
39 1 U 38
40 0 U 39
41 0 U 40
42 0 U 41
43 1 L 33
44 0 U 43
45 0 U -1
46 0 U 45
47 1 U 46
48 1 U 47
49 1 U 48
50 1 U 49
51 1 U 50
52 0 U 51
53 0 U 52
54 0 U -1
55 1 U 54
56 1 U 55
57 0 U 56
58 0 U 57
59 1 U 31
60 0 U 59
61 1 U 60
62 1 U 61
63 0 U -1
64 0 U 63
65 0 U 64
66 1 U 65
67 1 U 66
68 0 U 67
69 0 U 68
70 1 U 69
71 0 U 70
72 1 U -1
73 0 U 72
74 0 U 73
75 0 U 74
76 0 L 51
77 1 U 76
78 1 U 77
79 0 U 78
80 0 U 79
81 0 U -1
82 1 U 81
83 0 U 82
84 0 U 83
85 1 U 84
86 1 U 85
87 0 U 86
88 0 U 87
89 0 U 88
90 1 U 70
91 0 U 90
92 0 U 91
93 1 U 92
94 1 U 93
95 1 U 94
96 0 U 67
97 1 U 96
98 0 U 97
99
0 1 U -1
1 0 U 0
2 1 U 1
3 1 U 2
4 1 U 3
5 1 U -1
6 1 L 3
7 0 U 6
8 0 U 7
9 0 U 4
10 0 U 9
11 0 U 10
12 1 U 11
13 0 U 12
14 1 U 13
15 0 U 14
16 1 U 15
17 1 U 16
18 1 L 9
19 0 U 18
20 0 U 19
21 1 U -1
22 1 U 21
23 1 U 22
24 0 U 23
25 1 U 22
26 0 U 25
27 0 U -1
28 1 U 27
29 1 U 28
30 1 L 15
31 0 U 30
32 0 U 31
33 1 U 32
34 0 L 5
35 0 L 20
36 0 U -1
37 1 U 12
38 1 L 19
39 1 U 38
40 0 U 39
41 0 U 40
42 0 U 41
43 1 L 33
44 0 L 6
45 0 U -1
46 0 U 45
47 1 L 39
48 1 U 47
49 1 U 48
50 1 U 41
51 1 U 50
52 0 U 51
53 0 U 52
54 0 L 42
55 1 U 54
56 1 U 55
57 0 U 56
58 0 U 57
59 1 U 31
60 0 U 59
61 1 U 60
62 1 U 61
63 0 U -1
64 0 U 63
65 0 U 64
66 0 U 47
67 1 U 66
68 0 U 67
69 1 U 41
70 1 U 69
71 0 U 70
72 1 U -1
73 0 U 72
74 0 U 73
75 0 U 74
76 0 L 51
77 1 U 76
78 1 U 77
79 0 U 78
80 0 U 79
81 0 U -1
82 1 U 81
83 1 U 51
84 0 U 83
85 1 U 84
86 1 U 85
87 0 U 86
88 0 U 87
89 0 U 88
90 1 U 70
91 0 U 90
92 0 U 91
93 1 U 92
94 1 U 93
95 1 U 94
96 0 U 67
97 1 U 96
98 1 U 35
99
0 1 U -1
1 0 U 0
2 1 U 1
3 0 U -1
4 1 U 3
5 0 U 0
6 1 U 5
7 0 U -1
8 0 U 7
9 0 U 4
10 0 U 9
11 0 U 10
12 1 U 11
13 0 U 12
14 1 U 13
15 0 U 14
16 1 U 15
17 1 U 16
18 1 L -1
19 0 U 18
20 0 U 19
21 0 U 20
22 1 U 21
23 1 U 22
24 0 U 23
25 1 U 22
26 0 U 25
27 0 U 0
28 1 U 27
29 1 U 28
30 1 L 15
31 0 U 30
32 0 U 31
33 1 U 32
34 0 L 5
35 0 U 34
36 0 U -1
37 0 U 36
38 1 L 19
39 1 U 38
40 0 U 39
41 0 U 40
42 0 U 41
43 1 L 33
44 0 U 43
45 0 U -1
46 0 U 45
47 1 U 46
48 1 U 47
49 1 U 48
50 1 U 49
51 1 U 50
52 0 U 51
53 0 U 52
54 0 U -1
55 1 U 54
56 1 U 55
57 0 U 56
58 0 U 51
59 1 U 31
60 0 U 59
61 1 U 60
62 1 U 61
63 1 U 15
64 0 U 63
65 0 U 64
66 1 U 65
67 1 U 66
68 0 U 67
69 0 U 68
70 1 U 69
71 0 U 17
72 1 U -1
73 0 U 72
74 0 U 73
75 0 U 74
76 0 L 51
77 1 U 76
78 1 U 77
79 0 U 78
80 0 U 79
81 0 U -1
82 1 U 81
83 0 U 82
84 0 U 83
85 1 U 84
86 1 U 85
87 0 U 86
88 0 U 87
89 0 U 88
90 1 U 70
91 0 U 90
92 0 U 91
93 1 U 92
94 1 U 93
95 1 U 94
96 0 U 67
97 0 U 4
98 1 U 44
99
0 1 U -1
1 1 L 0
2 1 U 1
3 1 U 2
4 1 U 3
5 1 U -1
6 1 U 5
7 0 U 6
8 0 U 7
9 0 U 4
10 0 U 9
11 0 U 10
12 1 U 11
13 0 U 12
14 1 U 13
15 0 U 14
16 0 U 9
17 1 U 16
18 0 L 3
19 0 U 18
20 0 U 19
21 0 U 20
22 1 U 21
23 1 U 22
24 0 U 23
25 1 U 22
26 0 U 25
27 0 U -1
28 1 U 27
29 0 U 2
30 1 U 24
31 0 L 15
32 0 U 31
33 1 U 32
34 0 L 5
35 0 U 34
36 0 U -1
37 1 L 25
38 1 L 19
39 1 U 38
40 0 U 39
41 0 U 40
42 0 U 41
43 1 L 33
44 0 U 43
45 0 U -1
46 0 U 45
47 1 U 5
48 1 U 47
49 1 U 48
50 0 L -1
51 1 U 50
52 0 U 51
53 0 U 52
54 0 U -1
55 1 U 54
56 1 U 55
57 0 U 56
58 0 U 57
59 1 U 31
60 0 U 59
61 1 U 60
62 0 L 5
63 0 U -1
64 0 U 63
65 0 U 64
66 1 U 65
67 1 U 66
68 0 U 67
69 0 U 68
70 1 U 69
71 0 U 70
72 1 U -1
73 0 U 72
74 0 U 73
75 0 U 74
76 0 L 51
77 1 U 76
78 1 U 77
79 0 L 59
80 0 U 79
81 0 U -1
82 1 U 81
83 0 U 82
84 0 U 83
85 1 U 84
86 1 U 85
87 1 L 51
88 0 U 87
89 0 U 88
90 1 U 70
91 0 U 90
92 0 U 91
93 1 U 92
94 1 U 93
95 1 U 94
96 0 U 67
97 1 U 96
98 0 U 97
99
0 1 U -1
1 0 U 0
2 1 U 1
3 1 U 2
4 1 U 3
5 1 U -1
6 1 U 5
7 1 U 0
8 0 U 7
9 0 U 4
10 0 U 9
11 0 U 10
12 1 U 11
13 0 U 12
14 1 U 13
15 0 U 14
16 1 U 15
17 1 U 16
18 1 L 9
19 0 U 18
20 0 U 19
21 0 U 20
22 1 U 21
23 1 U 22
24 0 U 23
25 1 U 22
26 0 U 25
27 0 U -1
28 1 U 27
29 1 U 28
30 1 L 15
31 0 U 30
32 0 U 31
33 1 U 32
34 0 L 5
35 0 U 34
36 0 U -1
37 0 U 36
38 1 L 19
39 1 U 38
40 0 U 39
41 0 U 40
42 0 U 41
43 1 L 33
44 0 U 43
45 0 U 6
46 0 U 45
47 1 U 21
48 1 U 47
49 1 U 48
50 1 L 20
51 1 U 50
52 0 U 51
53 0 U 52
54 0 U -1
55 1 U 54
56 1 U 55
57 0 U 56
58 0 U 57
59 1 L 49
60 0 U 59
61 1 U 60
62 1 U 61
63 0 U -1
64 0 U 63
65 0 U 64
66 1 U 65
67 1 U 66
68 1 U 63
69 0 U 68
70 0 U 15
71 0 U 70
72 1 U -1
73 0 U 72
74 0 U 73
75 0 U 74
76 0 L 51
77 1 U 76
78 1 U 77
79 1 L 23
80 1 L 46
81 0 U -1
82 1 U 81
83 1 U 35
84 0 U 83
85 1 U 84
86 1 U 85
87 0 U 86
88 0 U 87
89 0 U 88
90 1 U 70
91 0 U 90
92 0 U 91
93 1 U 92
94 1 U 93
95 1 U 94
96 0 U 67
97 1 U 96
98 0 U 97
99
0 1 U -1
1 0 U 0
2 1 U 1
3 1 U 2
4 1 U 3
5 1 U -1
6 1 U 5
7 0 U 6
8 0 U 7
9 0 U 4
10 0 U 9
11 0 U 10
12 1 U 11
13 0 U 12
14 0 L 2
15 0 U 8
16 1 U 15
17 1 U 16
18 1 L 9
19 0 U 18
20 0 U 19
21 0 U 20
22 0 L 20
23 0 L 16
24 0 U 23
25 1 U 22
26 0 U 25
27 0 U -1
28 1 U 27
29 1 U 28
30 0 U 29
31 0 U 28
32 0 U 31
33 1 U 32
34 0 L 5
35 0 U 34
36 0 U -1
37 0 U 36
38 1 L 19
39 1 U 38
40 0 U 39
41 0 U 40
42 0 U 41
43 1 L 33
44 0 U 43
45 0 U -1
46 0 U 45
47 1 U 46
48 1 U 47
49 1 U 48
50 1 U 49
51 1 U 50
52 0 U 51
53 0 U 52
54 0 U -1
55 1 U 54
56 1 U 55
57 0 U 56
58 0 U 57
59 1 U 31
60 0 U 59
61 1 U 60
62 1 U 61
63 0 U -1
64 0 U 35
65 0 U 64
66 0 L 46
67 1 U 66
68 0 U 67
69 0 U 68
70 1 U 69
71 0 U 70
72 1 L 37
73 0 U 72
74 0 U 73
75 0 U 74
76 0 L 51
77 1 U 76
78 1 U 77
79 0 U 78
80 0 U 79
81 0 U -1
82 1 U 81
83 0 U 82
84 0 U 83
85 1 U 84
86 1 U 85
87 0 U 86
88 0 U 87
89 0 U 88
90 1 U 70
91 0 U 90
92 0 U 91
93 1 U 92
94 1 U 93
95 1 U 94
96 0 U 67
97 1 U 96
98 0 U 97
99
0 1 U -1
1 0 U 0
2 1 U 1
3 1 U 2
4 1 U 3
5 1 U -1
6 1 U 5
7 0 U 6
8 0 U 7
9 0 U 4
10 1 L 9
11 0 U 10
12 1 U 11
13 0 U 12
14 1 U 13
15 0 U 14
16 1 U 15
17 1 U 16
18 1 L 9
19 0 U 18
20 0 U 19
21 0 U 20
22 1 U 21
23 1 U 22
24 1 L 10
25 1 U 22
26 0 U 20
27 0 U -1
28 1 U 27
29 1 U 28
30 1 L 15
31 0 U 30
32 0 U 31
33 1 U 32
34 1 L 19
35 0 L -1
36 0 U -1
37 0 U 36
38 1 L 19
39 1 U 38
40 0 U 39
41 0 U 40
42 0 U 41
43 1 L 33
44 0 U 43
45 0 U 8
46 0 U 45
47 1 U 46
48 1 U 47
49 1 U 48
50 1 U 49
51 1 U 50
52 0 U 51
53 0 U 52
54 0 U -1
55 1 U 54
56 1 U 55
57 0 U 56
58 0 U 57
59 1 U 31
60 0 U 59
61 1 U 60
62 1 U 61
63 0 U -1
64 0 U 63
65 0 U 64
66 1 U 65
67 1 U 66
68 1 L 21
69 0 U 68
70 1 U 69
71 0 U 70
72 1 U -1
73 0 U 72
74 0 U 73
75 0 U 74
76 0 L 51
77 1 U 76
78 1 U 77
79 0 U 78
80 0 U 79
81 0 U -1
82 1 U 81
83 0 U 82
84 0 U 83
85 1 U 84
86 1 U 85
87 0 U 86
88 0 U 87
89 0 U 88
90 1 U 70
91 0 U 90
92 0 U 91
93 1 U 92
94 1 U 93
95 1 U 54
96 0 U 67
97 1 U 96
98 0 U 97
99
0 1 U -1
1 0 U 0
2 0 L 0
3 1 U 2
4 1 U 3
5 1 U -1
6 1 U 5
7 1 L 3
8 0 U 7
9 0 U 4
10 0 U 9
11 0 U 0
12 1 U 11
13 0 U 12
14 1 U 13
15 0 U 14
16 0 L -1
17 1 U 16
18 1 L 9
19 0 U 18
20 0 U 19
21 0 U 20
22 1 U 21
23 1 U 22
24 0 U 23
25 1 U 22
26 0 U 25
27 1 U 10
28 1 U 27
29 1 U 28
30 1 L 15
31 0 U 30
32 0 U 31
33 1 U 32
34 1 U 27
35 0 U 34
36 0 U -1
37 0 U 36
38 1 L 19
39 1 U 38
40 0 U 39
41 0 U 40
42 0 U 41
43 1 L 33
44 0 U 43
45 0 U -1
46 0 U 45
47 1 U 46
48 1 U 47
49 1 U 48
50 1 U 49
51 1 U 50
52 0 U 51
53 0 U 52
54 1 L -1
55 1 U 54
56 1 U 55
57 0 U 56
58 0 U 57
59 1 U 31
60 1 L 43
61 1 U 60
62 1 U 61
63 0 U 1
64 0 U 63
65 0 U 64
66 1 U 65
67 1 U 66
68 0 U 67
69 0 U 68
70 1 U 69
71 0 U 70
72 1 U -1
73 0 U 72
74 0 U 73
75 0 U 74
76 0 L 51
77 1 U 76
78 1 U 77
79 0 U 78
80 0 U 79
81 0 U -1
82 1 U 81
83 0 U 82
84 0 U 83
85 1 U 84
86 0 U 1
87 0 U 86
88 0 U 87
89 0 U 88
90 1 U 70
91 0 U 90
92 0 U 91
93 1 U 92
94 1 U 93
95 1 U 94
96 0 U 67
97 1 U 96
98 0 U 97
99
0 1 U -1
1 0 U 0
2 1 U 1
3 1 U 2
4 1 U 3
5 1 U -1
6 1 U 5
7 0 U 6
8 0 U 7
9 0 U 4
10 0 U 9
11 0 U 10
12 1 U 11
13 0 U 12
14 1 U 13
15 0 U 14
16 1 U 15
17 1 U 16
18 1 L 9
19 0 U 18
20 0 U 1
21 0 U 20
22 1 U 21
23 1 U 22
24 0 U 23
25 1 U 22
26 1 U 12
27 0 U -1
28 1 U 27
29 1 U 28
30 1 L 15
31 1 L 1
32 0 U 31
33 1 U 32
34 0 L 5
35 0 U 34
36 0 U -1
37 0 U 36
38 1 L 19
39 0 L 4
40 0 U 39
41 0 U 40
42 0 U 41
43 1 L 33
44 0 U 43
45 0 U -1
46 0 U 45
47 1 U 46
48 1 U 47
49 0 L 15
50 1 U 49
51 1 U 50
52 0 U 51
53 0 U 52
54 0 U -1
55 1 U 54
56 1 U 55
57 0 U 56
58 1 L 29
59 1 U 31
60 0 U 59
61 0 U 48
62 1 U 61
63 0 U -1
64 0 U 63
65 0 U 64
66 1 U 65
67 0 L 19
68 0 L 59
69 0 U 68
70 1 U 69
71 0 U 70
72 1 U -1
73 0 U 72
74 0 U 73
75 0 U 74
76 0 L 51
77 1 L 19
78 1 U 77
79 0 U 78
80 0 U 79
81 0 U -1
82 1 U 81
83 0 U 82
84 0 U 83
85 1 U 84
86 1 U 85
87 0 U 86
88 0 U 87
89 0 U 88
90 1 U 70
91 0 U 90
92 0 U 91
93 1 U 92
94 1 U 93
95 1 U 94
96 0 U 67
97 1 U 96
98 0 U 97
99
0 0 L -1
1 0 U 0
2 1 U 1
3 1 U 2
4 1 U 3
5 1 U -1
6 1 U 5
7 0 U 6
8 0 U 7
9 0 U 4
10 0 U 9
11 0 U 10
12 1 U 11
13 0 U 12
14 1 L 9
15 0 U 14
16 1 U 15
17 1 U 16
18 1 L 9
19 1 U 14
20 0 U 19
21 0 U 20
22 1 U 21
23 1 U 22
24 0 U 23
25 1 U 22
26 0 U 25
27 0 U -1
28 1 U 27
29 1 U 28
30 1 L 15
31 0 U 30
32 0 U 31
33 1 U 32
34 0 L 5
35 0 U 34
36 0 U -1
37 0 U 36
38 1 L 19
39 1 U 38
40 0 U 22
41 0 U 40
42 0 U 41
43 1 L 33
44 0 U 43
45 1 L 24
46 0 U 45
47 1 U 46
48 1 U 47
49 1 L 12
50 1 U 49
51 1 U 50
52 0 U 51
53 0 U 52
54 0 U -1
55 1 U 54
56 1 U 55
57 0 U 56
58 0 U 57
59 1 U 31
60 0 U 59
61 1 U 60
62 1 U 61
63 0 U -1
64 0 U 63
65 0 U 64
66 1 U 65
67 1 U 66
68 0 U 67
69 0 U 68
70 1 U 69
71 0 U 70
72 1 U -1
73 0 U 72
74 0 U 73
75 0 U 74
76 0 L 51
77 1 U 76
78 1 U 77
79 0 U 78
80 0 U 79
81 0 U -1
82 1 U 81
83 0 U 82
84 0 U 83
85 1 U 84
86 1 U 85
87 0 U 86
88 0 U 87
89 0 L 6
90 1 U 70
91 0 U 90
92 0 U 91
93 1 U 92
94 1 U 93
95 1 U 94
96 0 U 67
97 1 U 96
98 0 U 97
99
0 1 U -1
1 0 U 0
2 1 U 1
3 1 U 2
4 1 U 3
5 1 L 3
6 1 U 5
7 0 U 6
8 0 U 7
9 0 U 4
10 0 U 9
11 0 U 10
12 0 U 10
13 0 U 12
14 1 U 13
15 0 U 14
16 1 U 7
17 1 U 16
18 1 L 9
19 1 L 1
20 0 U 19
21 0 U 20
22 1 U 21
23 1 U 22
24 0 U 23
25 1 U 22
26 0 U 25
27 0 U 21
28 1 U 27
29 1 U 28
30 1 L 15
31 0 L 24
32 0 U 31
33 1 U 32
34 1 L 1
35 0 U 34
36 0 U -1
37 0 U 36
38 1 L 19
39 1 U 38
40 0 U 10
41 0 L 31
42 0 U 41
43 1 L 33
44 0 U 43
45 0 U -1
46 0 U 45
47 1 U 46
48 1 U 47
49 1 U 48
50 1 U 49
51 1 U 50
52 0 U 51
53 0 U 52
54 0 U -1
55 1 U 54
56 1 U 55
57 0 U 56
58 0 U 57
59 1 U 31
60 0 U 59
61 1 U 60
62 0 L 20
63 0 U -1
64 0 U 63
65 0 U 64
66 1 U 65
67 1 U 66
68 0 U 67
69 0 U 68
70 1 L -1
71 0 L 13
72 1 U -1
73 0 U 72
74 0 U 73
75 1 U 73
76 0 L 51
77 1 U 76
78 1 U 77
79 0 U 78
80 0 U 79
81 0 U -1
82 1 U 81
83 0 U 82
84 0 U 83
85 1 U 84
86 1 U 85
87 0 U 52
88 0 U 87
89 0 U 88
90 1 U 70
91 0 U 90
92 0 U 91
93 1 U 92
94 1 U 93
95 1 U 94
96 0 U 67
97 1 U 96
98 0 U 97
99
0 1 U -1
1 0 U 0
2 1 U 1
3 1 U 2
4 1 U 3
5 1 U -1
6 1 U 5
7 0 U 6
8 1 L 0
9 0 U 4
10 0 U 9
11 0 U 10
12 1 U 11
13 0 U 12
14 1 U 13
15 0 U 14
16 1 U 15
17 1 L 8
18 1 L 9
19 0 L 14
20 0 U 19
21 0 U 20
22 1 U 21
23 1 U 22
24 0 U 23
25 1 U 22
26 0 U 25
27 0 U -1
28 1 U 27
29 1 U 28
30 1 L 15
31 0 U 30
32 0 U 31
33 1 U 32
34 0 L 5
35 0 U 34
36 0 U -1
37 0 U 36
38 1 L 19
39 1 U 38
40 0 U 39
41 0 U 40
42 0 U 41
43 1 L 33
44 0 U 43
45 0 U -1
46 0 U 45
47 1 U 46
48 1 U 47
49 1 U 48
50 1 U 49
51 1 U 50
52 0 U 51
53 0 U 52
54 0 U -1
55 1 U 54
56 1 U 55
57 0 U 56
58 0 U 57
59 1 U 31
60 0 U 59
61 1 U 60
62 1 U 61
63 0 U -1
64 0 U 63
65 0 U 64
66 1 U 65
67 1 U 66
68 0 U 67
69 0 U 68
70 1 U 69
71 0 U 70
72 1 U -1
73 0 U 72
74 0 U 73
75 0 U 74
76 1 L 29
77 1 U 76
78 1 U 77
79 0 U 78
80 0 U 79
81 0 U -1
82 1 U 81
83 0 U 82
84 0 U 83
85 1 U 84
86 1 U 85
87 0 U 86
88 0 U 87
89 0 U 88
90 1 U 70
91 0 U 90
92 0 U 45
93 1 U 92
94 1 U 93
95 1 U 94
96 0 U 67
97 1 U 96
98 0 U 97
99
0 1 U -1
1 0 U 0
2 1 U 1
3 1 U 2
4 1 U 3
5 1 U -1
6 1 U 5
7 0 U 6
8 0 L -1
9 0 U 4
10 0 U 9
11 0 U 10
12 1 U 11
13 0 U 12
14 1 U 13
15 0 U 14
16 1 U 15
17 1 L 1
18 1 L 9
19 0 U 18
20 0 U 19
21 0 U 20
22 1 U 21
23 1 U 22
24 0 U 23
25 1 U 22
26 0 U 25
27 0 U -1
28 1 U 27
29 1 U 28
30 1 L 15
31 0 U 30
32 0 U 31
33 1 U 32
34 0 L 5
35 0 U 34
36 1 U 25
37 1 U 22
38 1 L 19
39 1 U 38
40 0 U 39
41 0 U 40
42 0 U 41
43 1 L 33
44 0 U 43
45 0 U -1
46 0 U 45
47 1 U 46
48 1 U 47
49 1 U 48
50 1 U 49
51 1 U 50
52 0 U 51
53 0 U 52
54 0 U -1
55 1 L 35
56 1 U 55
57 0 U 56
58 0 U 57
59 1 U 31
60 0 U 22
61 1 U 60
62 1 U 61
63 0 U -1
64 0 U 63
65 0 U 64
66 1 U 65
67 1 U 66
68 1 L 30
69 0 U 68
70 1 U 69
71 0 U 70
72 1 U -1
73 1 L 22
74 0 U 73
75 0 U 74
76 0 L 51
77 1 U 76
78 1 U 77
79 0 U 78
80 0 U 79
81 0 U -1
82 1 U 74
83 0 U 81
84 0 U 83
85 1 U 84
86 1 U 85
87 0 U 86
88 0 U 87
89 0 U 88
90 1 U 70
91 0 U 90
92 0 U 91
93 1 U 92
94 1 U 93
95 1 U 94
96 0 U 67
97 1 U 96
98 0 U 97
99
0 1 U -1
1 0 U 0
2 1 U 1
3 1 U 2
4 1 U 3
5 1 U -1
6 1 U 5
7 0 U 6
8 0 U 7
9 0 U 4
10 0 U 9
11 0 U 10
12 1 U 11
13 0 U 12
14 1 U 13
15 0 U 14
16 1 U 15
17 1 U 16
18 1 L 9
19 0 U 18
20 0 U 19
21 0 U 16
22 1 U 21
23 1 U 22
24 0 U 23
25 1 U 22
26 0 U 25
27 0 U -1
28 1 U 27
29 1 U 28
30 1 L 15
31 0 U 30
32 0 U 31
33 1 U 32
34 0 L 5
35 1 U 33
36 0 U -1
37 1 L 22
38 1 L 19
39 1 U 9
40 0 U 4
41 0 U 40
42 0 U 15
43 1 L 33
44 0 U 43
45 0 U -1
46 0 U 45
47 0 U 14
48 1 U 47
49 1 U 48
50 1 U 49
51 1 U 50
52 0 U 51
53 0 U 52
54 0 U 16
55 1 U 54
56 1 U 55
57 0 U 56
58 0 U 57
59 1 U 31
60 0 U 59
61 1 U 60
62 1 U 61
63 0 U -1
64 0 U 63
65 0 U 64
66 1 U 65
67 1 U 66
68 0 U 67
69 0 U 68
70 1 U 69
71 0 U 70
72 1 U -1
73 0 U 72
74 0 U 73
75 0 U 74
76 0 L 51
77 1 U 76
78 0 U 44
79 0 U 78
80 0 U 79
81 0 U -1
82 1 U 81
83 0 U 82
84 0 U 83
85 1 U 84
86 1 U 85
87 0 U 86
88 0 U 87
89 0 U 88
90 1 U 70
91 0 U 90
92 0 U 91
93 1 L 58
94 1 U 93
95 1 U 94
96 0 U 67
97 1 U 96
98 0 U 97
99
0 1 L -1
1 0 U 0
2 1 U 1
3 1 U 2
4 1 U 1
5 1 U -1
6 1 U 5
7 0 U 6
8 0 U 7
9 0 U 4
10 0 U 9
11 0 U 10
12 1 U 11
13 0 U 12
14 1 U 13
15 0 U 14
16 1 U 15
17 1 U 16
18 1 L 9
19 0 U 18
20 0 U 19
21 0 U 16
22 1 U 21
23 0 L 8
24 0 U 23
25 1 U 22
26 0 U 25
27 0 U -1
28 1 U 27
29 1 U 28
30 1 L 15
31 0 U 30
32 0 U 31
33 1 U 32
34 0 L 5
35 1 U 33
36 0 U 16
37 1 L 22
38 1 L 19
39 1 U 9
40 0 U 4
41 0 U 40
42 0 U 15
43 1 L 33
44 1 L 33
45 0 U -1
46 0 U 45
47 0 U 14
48 1 U 47
49 1 U 48
50 1 U 49
51 1 U 50
52 0 U 51
53 0 U 52
54 0 U 16
55 1 U 54
56 1 U 55
57 0 U 56
58 0 U 57
59 1 U 31
60 0 U 59
61 1 U 60
62 1 U 61
63 0 U -1
64 0 U 63
65 0 U 64
66 1 U 65
67 1 U 66
68 0 U 67
69 1 L 52
70 1 U 69
71 0 U 70
72 1 U -1
73 0 U 72
74 0 U 73
75 0 U 74
76 0 L 51
77 0 U 73
78 0 U 44
79 0 U 78
80 0 U 79
81 1 U 25
82 1 U 81
83 1 L 24
84 0 U 83
85 1 U 84
86 1 U 19
87 0 U 86
88 0 U 87
89 0 U 88
90 1 U 70
91 0 U 90
92 0 U 91
93 1 L 58
94 1 U 93
95 1 U 94
96 0 U 67
97 1 U 96
98 0 U 97
99
0 1 U -1
1 0 U 0
2 1 U 1
3 1 U 2
4 0 U 1
5 1 U -1
6 1 U 5
7 0 U 6
8 0 U 7
9 0 U 4
10 0 U 9
11 0 U 10
12 1 U 11
13 0 U 12
14 1 U 13
15 0 U 14
16 1 U 15
17 1 U 16
18 1 L 9
19 0 U 18
20 0 U 19
21 0 U 16
22 1 U 21
23 1 U 22
24 0 U 23
25 1 U 22
26 0 U 25
27 0 U -1
28 1 U 27
29 1 U 28
30 1 L 15
31 0 U 30
32 0 U 31
33 0 L 1
34 0 L 5
35 1 U 33
36 0 U -1
37 1 L 22
38 1 L 19
39 0 U 35
40 0 U 4
41 0 U 40
42 0 U 15
43 1 L 33
44 0 U 43
45 0 U -1
46 0 U 45
47 0 U 14
48 1 U 20
49 1 U 48
50 1 U 49
51 1 U 50
52 1 U 29
53 0 U 52
54 0 U 16
55 1 U 54
56 1 U 55
57 0 U 56
58 0 U 57
59 0 U 13
60 0 U 59
61 1 U 60
62 1 U 61
63 0 U -1
64 0 U 63
65 0 U 64
66 1 U 65
67 1 U 66
68 0 U 67
69 0 U 68
70 1 U 69
71 0 U 70
72 1 U -1
73 0 U 72
74 0 U 73
75 0 U 74
76 0 L 51
77 1 U 76
78 0 U 44
79 0 U 78
80 0 U 79
81 0 U -1
82 1 U 81
83 0 U 82
84 0 L 47
85 1 U 84
86 1 U 85
87 0 U 86
88 0 U 51
89 0 U 88
90 1 U 70
91 0 U 90
92 0 U 91
93 1 L 58
94 0 U 69
95 1 U 94
96 0 U 67
97 1 U 96
98 0 U 97
99
0 0 U -1
1 0 U 0
2 1 U 1
3 1 U -1
4 1 U 3
5 1 U -1
6 1 U 5
7 0 U 6
8 0 U 7
9 0 L 7
10 0 U 9
11 0 U 10
12 1 U 11
13 0 U 12
14 1 U 13
15 0 U 14
16 1 U 15
17 1 U 16
18 1 L 9
19 0 U 18
20 0 U 19
21 0 U 16
22 1 U 21
23 1 U 22
24 0 U 23
25 1 U 22
26 0 U 25
27 0 U -1
28 1 U 27
29 1 U 28
30 1 L 15
31 0 U 30
32 0 U 31
33 1 U 32
34 0 L 5
35 1 U 33
36 0 U -1
37 1 L 22
38 1 L 19
39 1 U 9
40 0 U 4
41 0 U 40
42 0 U 15
43 0 L 31
44 0 U 43
45 0 U -1
46 0 U 45
47 0 U 14
48 1 U 47
49 1 U 48
50 1 U 49
51 1 L 15
52 0 U 51
53 1 U 49
54 0 U 16
55 1 U 54
56 1 U 55
57 0 U 56
58 0 U 57
59 1 U 31
60 0 U 59
61 1 U 60
62 1 U 61
63 0 U -1
64 0 U 63
65 0 U 64
66 1 U 65
67 1 U 66
68 0 U 67
69 0 U 68
70 1 U 69
71 0 U 70
72 1 U -1
73 0 U 72
74 0 U 73
75 0 U 74
76 0 L 51
77 1 U 76
78 0 U 44
79 0 U 78
80 0 U 79
81 0 U -1
82 1 U 81
83 0 U 17
84 0 U 83
85 1 U 84
86 1 U 85
87 0 U 86
88 0 U 87
89 0 U 88
90 1 U 70
91 0 U 90
92 0 U 91
93 1 L 58
94 1 U 93
95 1 U 94
96 0 U 67
97 1 U 96
98 0 U 97
99
0 1 U -1
1 0 U 0
2 1 U 1
3 1 U 2
4 1 U 3
5 1 U 4
6 1 U 5
7 0 U 6
8 0 U 7
9 0 U 4
10 0 U 9
11 0 U 10
12 1 U 11
13 0 U 12
14 1 U 13
15 0 U 14
16 1 U 15
17 1 U 16
18 1 L 9
19 0 U 18
20 0 U 19
21 0 U 16
22 1 U 21
23 1 U 22
24 0 U 23
25 1 U 22
26 1 L 17
27 0 U -1
28 0 U 15
29 1 U 28
30 1 L 15
31 0 U 30
32 0 U 31
33 0 U 27
34 0 L 5
35 1 U 33
36 0 U -1
37 1 L 22
38 1 L 19
39 1 U 9
40 0 U 4
41 0 U 40
42 0 U 15
43 1 U 10
44 0 L 22
45 0 U -1
46 0 U 45
47 1 L 9
48 1 U 47
49 1 U 48
50 1 U 49
51 1 U 50
52 0 U 51
53 1 L 16
54 0 U 16
55 1 U 42
56 1 U 55
57 0 U 56
58 0 U 57
59 1 U 31
60 0 U 59
61 1 U 60
62 1 U 61
63 0 U -1
64 0 U 63
65 0 U 64
66 1 U 65
67 1 U 66
68 0 U 67
69 0 U 68
70 1 U 69
71 0 U 70
72 1 U -1
73 0 U 72
74 0 U 73
75 0 U 74
76 0 L 51
77 1 U 76
78 0 U 44
79 0 U 78
80 0 U 79
81 0 U -1
82 1 U 81
83 0 U 82
84 0 U 83
85 0 U 71
86 1 U 85
87 0 U 86
88 0 U 87
89 0 L 46
90 1 U 70
91 0 U 90
92 0 U 91
93 1 L 58
94 0 U 70
95 1 U 94
96 0 U 67
97 1 U 96
98 0 U 97
99
0 1 U -1
1 0 U 0
2 1 U 1
3 1 U 2
4 1 U 3
5 1 U -1
6 1 U 5
7 0 U 6
8 0 U 7
9 0 U 4
10 0 L 9
11 0 U 10
12 1 U 11
13 0 U 12
14 1 U 13
15 0 U 14
16 1 U 15
17 0 U 1
18 0 U 3
19 0 U 18
20 0 U 19
21 1 U 10
22 1 U 21
23 1 U 22
24 0 U 23
25 1 U 22
26 0 U 25
27 0 U -1
28 1 U 27
29 1 U 28
30 1 L 15
31 0 U 30
32 0 U 31
33 1 U 32
34 0 L 5
35 1 U 33
36 0 U -1
37 1 L 22
38 1 L 19
39 1 U 9
40 0 U 4
41 0 U 40
42 0 U 15
43 1 L 33
44 0 U 43
45 0 U -1
46 0 U 45
47 0 U 14
48 1 U 47
49 1 U 48
50 1 U 49
51 1 U 40
52 0 U 51
53 0 U 52
54 0 U 16
55 1 U 54
56 1 U 55
57 0 U 56
58 0 U 57
59 1 U 31
60 0 U 59
61 1 U 60
62 1 U 61
63 0 U -1
64 0 U 63
65 0 U 64
66 1 U 65
67 1 U 66
68 0 U 67
69 0 U 68
70 1 U 69
71 1 L 38
72 1 U -1
73 1 L 69
74 0 U 73
75 0 U 74
76 0 L 51
77 1 U 76
78 0 U 44
79 0 U 78
80 0 U 79
81 0 U -1
82 1 U 81
83 0 U 82
84 0 U 83
85 1 U 84
86 1 U 85
87 0 U 86
88 0 U 87
89 0 U 88
90 1 U 70
91 0 U 90
92 0 U 91
93 1 L 58
94 1 U 93
95 1 U 94
96 0 L 40
97 1 U 96
98 0 U 97
99
0 1 U -1
1 0 U 0
2 1 U 1
3 1 U 2
4 1 U 3
5 1 U -1
6 1 U 5
7 0 U 6
8 0 U 7
9 0 U 4
10 0 U 9
11 0 U 10
12 1 L 5
13 0 U 12
14 1 U 13
15 0 U 14
16 1 U 15
17 1 U 16
18 0 U 9
19 0 U 18
20 1 U 3
21 0 U 16
22 1 U 21
23 1 U 22
24 0 U 23
25 1 U 22
26 0 U 25
27 0 U -1
28 1 U 27
29 1 U 28
30 0 L 10
31 0 U 30
32 0 U 31
33 1 U 32
34 1 U 13
35 1 U 33
36 0 U -1
37 1 L 22
38 1 L 19
39 1 U 9
40 0 U 4
41 0 U 40
42 0 U 15
43 0 U 14
44 0 U 43
45 0 U -1
46 0 U 14
47 0 U 14
48 1 U 47
49 1 U 48
50 1 U 49
51 1 U 50
52 0 U 4
53 0 U 52
54 0 U 16
55 1 U 54
56 0 U 46
57 0 U 56
58 0 U 57
59 1 U 31
60 0 U 59
61 0 L 25
62 1 U 61
63 0 U -1
64 0 U 63
65 0 U 64
66 1 U 65
67 1 U 66
68 0 U 67
69 0 U 68
70 1 U 69
71 0 U 70
72 1 U -1
73 0 U 72
74 0 U 73
75 1 L 9
76 0 L 51
77 1 U 76
78 0 U 44
79 0 U 78
80 0 U 79
81 0 U -1
82 1 U 81
83 0 U 82
84 0 U 83
85 1 U 84
86 1 U 85
87 0 U 86
88 0 U 87
89 1 U 36
90 1 L 37
91 0 U 90
92 0 U 91
93 1 L 58
94 1 U 93
95 1 U 94
96 0 U 67
97 1 U 96
98 0 U 97
99
0 1 U -1
1 0 U 0
2 1 U 1
3 1 U 2
4 1 U 3
5 1 L 3
6 1 U 5
7 0 U 6
8 0 U 7
9 0 U 4
10 0 U 9
11 0 U 10
12 1 U 11
13 1 L 1
14 1 U 13
15 0 U 14
16 1 U 15
17 1 U 16
18 1 L 9
19 0 U 18
20 0 U 19
21 0 U 16
22 0 U 8
23 1 U 22
24 0 U 23
25 1 U 22
26 0 U 25
27 0 U -1
28 1 U 27
29 1 U 28
30 1 L 15
31 0 U 30
32 0 U 31
33 0 L 21
34 0 L 5
35 1 U 33
36 0 L 24
37 1 L 22
38 1 L 19
39 1 U 9
40 0 U 4
41 0 U 40
42 1 L 15
43 1 L 33
44 0 U 43
45 0 U -1
46 0 U 45
47 0 U 41
48 1 U 47
49 0 L 5
50 1 U 49
51 1 U 50
52 0 U 51
53 0 U 52
54 0 U 16
55 1 U 54
56 1 U 55
57 0 U 56
58 0 U 57
59 1 U 31
60 0 U 59
61 1 U 60
62 1 U 61
63 0 U -1
64 0 U 63
65 0 U 64
66 1 U 65
67 1 U 66
68 0 L 55
69 0 U 68
70 1 U 69
71 0 U 70
72 1 L 70
73 0 L 68
74 0 U 73
75 0 U 74
76 0 L 51
77 1 U 76
78 0 U 44
79 0 U 78
80 0 U 79
81 0 U -1
82 1 U 81
83 0 U 82
84 0 L 31
85 1 U 84
86 1 L 16
87 0 U 86
88 0 U 87
89 0 U 88
90 1 U 70
91 0 U 90
92 0 U 91
93 1 L 58
94 1 U 93
95 1 U 94
96 0 U 67
97 1 U 96
98 0 U 97
99
0 1 U -1
1 0 U 0
2 1 U 1
3 1 U 2
4 1 U 3
5 1 U -1
6 1 U 5
7 1 L 1
8 0 U 7
9 0 U 4
10 0 U 9
11 0 U 10
12 1 U 11
13 0 U 12
14 1 U 13
15 0 U 14
16 1 U 15
17 1 U 16
18 1 L 9
19 0 U 18
20 0 U 19
21 0 U 16
22 1 U 21
23 1 U 22
24 0 U 23
25 1 U 22
26 0 U 25
27 0 U -1
28 1 U 27
29 0 U 8
30 1 L 15
31 0 U 30
32 0 U 31
33 1 U 32
34 0 L 5
35 1 U 33
36 0 U -1
37 1 L 22
38 1 L 19
39 1 U 9
40 0 U 4
41 0 U 40
42 0 U 15
43 1 L 33
44 0 U 43
45 0 U -1
46 0 U 45
47 0 U 14
48 1 U 47
49 1 U 48
50 1 U 49
51 0 L 41
52 0 U 51
53 0 U 52
54 0 U 16
55 1 U 54
56 1 L 4
57 0 U 56
58 0 U 57
59 1 U 31
60 0 U 59
61 1 U 60
62 1 U 61
63 0 U -1
64 0 U 63
65 0 U 64
66 1 U 65
67 1 U 66
68 0 U 67
69 1 U 57
70 1 U 69
71 0 U 8
72 1 U -1
73 0 U 72
74 0 U 73
75 0 U 74
76 0 L 27
77 1 U 76
78 0 U 44
79 0 U 78
80 0 U 79
81 1 U 74
82 1 U 81
83 0 U 82
84 0 U 83
85 1 U 84
86 1 U 85
87 0 U 86
88 0 U 87
89 1 L 47
90 1 U 70
91 0 U 90
92 0 U 91
93 1 L 58
94 0 U 38
95 1 U 94
96 0 U 67
97 1 U 96
98 0 U 97
99
0 1 U -1
1 0 U 0
2 1 U 1
3 1 U 2
4 1 U 3
5 0 U 4
6 1 U 5
7 0 U 0
8 1 L 5
9 0 U 4
10 0 U 9
11 1 L 5
12 1 U 11
13 0 U 12
14 1 U 13
15 0 U 14
16 1 U 15
17 1 U 16
18 1 L 9
19 0 U 18
20 0 U 19
21 0 U 16
22 1 U 21
23 1 U 22
24 0 U 23
25 1 U 22
26 0 U 25
27 0 U -1
28 1 U 27
29 1 U 28
30 1 L 15
31 0 U 30
32 0 U 31
33 1 U 32
34 0 L 5
35 1 U 33
36 0 U -1
37 1 L 22
38 1 L 19
39 1 U 9
40 0 U 4
41 0 U 40
42 0 U 15
43 1 L 33
44 0 U 43
45 0 U -1
46 0 U 45
47 0 U 14
48 1 U 47
49 1 U 48
50 1 U 49
51 1 U 50
52 0 U 51
53 0 U 52
54 0 U 21
55 1 U 54
56 1 U 55
57 0 U 56
58 0 U 57
59 1 U 31
60 0 U 59
61 1 U 60
62 1 U 61
63 1 L 15
64 0 U 63
65 0 U 64
66 1 U 65
67 1 U 66
68 0 U 67
69 0 U 68
70 1 U 69
71 1 U 19
72 1 U -1
73 0 U 72
74 0 U 73
75 0 U 74
76 0 L 51
77 1 U 76
78 0 U 44
79 0 U 78
80 1 U 46
81 0 U -1
82 1 U 81
83 0 U 82
84 0 U 83
85 1 U 84
86 1 U 85
87 0 U 86
88 0 U 87
89 0 U 88
90 1 U 70
91 0 U 90
92 0 U 91
93 1 L 58
94 1 U 93
95 1 U 94
96 0 U 67
97 0 U 64
98 0 U 97
99
0 0 L -1
1 0 U 0
2 1 U 1
3 1 U 2
4 1 U 3
5 1 U -1
6 1 U 5
7 1 L 6
8 1 U 0
9 1 L 3
10 0 U 9
11 0 U 10
12 1 U 11
13 1 L 9
14 1 U 13
15 0 U 14
16 1 U 15
17 1 U 16
18 1 L 11
19 0 U 18
20 0 U 19
21 0 U 16
22 1 U 21
23 1 U 22
24 0 U 23
25 1 U 22
26 0 U 25
27 0 U -1
28 1 U 27
29 1 U 28
30 1 L 15
31 0 U 30
32 0 U 31
33 1 U 32
34 0 L 5
35 1 U 33
36 0 U -1
37 1 L 22
38 1 U 20
39 0 L 26
40 0 U 4
41 0 U 40
42 0 U 15
43 1 L 33
44 0 U 43
45 1 U -1
46 0 U 45
47 0 U 14
48 1 U 47
49 1 U 48
50 1 U 49
51 1 U 50
52 0 U 51
53 0 U 52
54 0 U 16
55 1 U 54
56 1 U 55
57 0 U 56
58 0 U 57
59 1 U 31
60 0 U 59
61 1 U 60
62 1 U 61
63 0 U -1
64 0 U 63
65 0 U 64
66 1 U 65
67 1 U 66
68 0 U 67
69 0 U 68
70 0 L 48
71 0 U 70
72 1 U -1
73 0 U 72
74 0 U 39
75 0 U 74
76 0 L 51
77 1 U 76
78 0 U 44
79 0 U 78
80 0 U 79
81 0 U -1
82 1 U 81
83 0 U 37
84 0 U 83
85 1 U 84
86 1 U 85
87 0 L 55
88 0 U 87
89 0 U 88
90 1 U 70
91 0 U 90
92 0 U 91
93 1 L 58
94 0 L 35
95 1 U 77
96 0 U 67
97 1 U 96
98 0 U 97
99
0 1 U -1
1 0 U 0
2 1 U 1
3 1 U 2
4 1 U 3
5 1 U -1
6 1 U 5
7 0 U 6
8 0 U 7
9 0 U 4
10 0 U 9
11 0 U 10
12 1 L 1
13 0 U 12
14 1 U 13
15 0 U 14
16 1 U 15
17 0 L 4
18 1 L 9
19 0 U 18
20 0 U 19
21 0 U 16
22 1 U 21
23 1 U 9
24 0 U 23
25 1 U 22
26 0 U 25
27 0 U -1
28 1 U 27
29 1 U 28
30 1 L 15
31 0 U 30
32 0 U 31
33 1 U 32
34 0 L 5
35 1 U 33
36 0 U -1
37 1 U 11
38 0 U 21
39 1 U 9
40 0 U 4
41 0 U 40
42 0 U 15
43 1 L 33
44 0 U 43
45 0 U -1
46 0 U 45
47 0 U 14
48 1 U 47
49 1 U 48
50 1 U 49
51 1 U 50
52 0 U 51
53 0 U 52
54 0 U 16
55 1 U 54
56 1 U 55
57 0 U 56
58 0 U 11
59 1 U 31
60 0 U 59
61 1 U 60
62 1 U 61
63 0 U -1
64 0 U 63
65 0 U 64
66 1 U 65
67 0 L 20
68 0 U 67
69 0 U 68
70 1 U 69
71 0 U 70
72 1 U -1
73 0 U 61
74 0 U 73
75 0 U 74
76 0 L 51
77 1 U 76
78 0 U 44
79 0 U 78
80 0 U 79
81 1 L 65
82 1 U 81
83 0 U 82
84 0 U 83
85 1 U 84
86 1 U 85
87 0 U 86
88 0 U 87
89 0 U 88
90 1 U 70
91 0 U 90
92 0 U 91
93 1 L 58
94 1 U 93
95 1 U 94
96 0 U 67
97 1 U 96
98 0 U 97
99
0 0 U -1
1 0 U 0
2 1 U 1
3 1 U 2
4 1 U 3
5 1 U -1
6 1 U 5
7 0 U 6
8 0 U 7
9 0 U 4
10 0 U 9
11 0 U 10
12 1 U 11
13 0 U 12
14 1 U 13
15 0 U 14
16 1 U 15
17 1 U 16
18 1 L 9
19 0 L 8
20 0 U 19
21 0 U 16
22 1 U 21
23 1 U 22
24 0 U 11
25 1 U 22
26 1 U 11
27 0 U -1
28 1 U 27
29 1 U 28
30 1 U 29
31 0 U 30
32 1 L 22
33 1 U 32
34 0 L 5
35 1 U 33
36 0 U -1
37 1 L 22
38 0 L 27
39 1 U 9
40 0 U 4
41 0 U 40
42 0 U 15
43 1 L 33
44 0 U 43
45 0 U -1
46 0 U 45
47 0 U 14
48 1 U 47
49 1 L 5
50 0 U 3
51 1 U 14
52 0 U 51
53 0 U 52
54 0 U 16
55 1 U 54
56 0 U 33
57 0 U 56
58 0 U 57
59 1 U 31
60 0 U 59
61 1 U 60
62 1 U 61
63 0 U -1
64 0 U 63
65 0 U 64
66 1 U 65
67 1 U 66
68 0 U 67
69 1 U 21
70 1 U 69
71 0 U 70
72 1 U -1
73 0 U 72
74 0 U 73
75 0 U 74
76 0 L 51
77 1 U 76
78 0 U 44
79 0 U 78
80 0 U 79
81 0 U -1
82 1 U 81
83 0 U 82
84 0 U 40
85 1 U 84
86 0 U 65
87 1 U 26
88 0 U 87
89 0 U 88
90 1 U 70
91 0 U 90
92 1 L 72
93 1 L 58
94 1 U 93
95 1 U 94
96 0 U 67
97 1 U 96
98 0 U 97
99
0 1 U -1
1 1 L 0
2 1 U 1
3 1 U 2
4 1 U 3
5 1 U -1
6 1 L 1
7 0 U 6
8 0 U 7
9 0 U 4
10 0 U 9
11 0 U 10
12 1 U 11
13 0 U 12
14 1 U -1
15 0 U 14
16 1 U 15
17 1 U 16
18 1 L 9
19 0 U 18
20 0 U 19
21 0 U 16
22 1 U 21
23 1 U 22
24 0 U 23
25 1 U 22
26 0 U 25
27 0 U -1
28 1 U 27
29 1 U 28
30 0 U 20
31 0 L 28
32 0 U 31
33 1 U 32
34 0 L 5
35 1 U 33
36 0 U 6
37 1 L 22
38 1 L 19
39 1 U 9
40 1 U -1
41 0 U 40
42 0 U 15
43 1 L 33
44 0 U 43
45 0 U -1
46 0 U 45
47 0 U 14
48 1 U 47
49 1 U 48
50 1 U 49
51 1 U 50
52 0 U 51
53 0 U 52
54 0 U 16
55 1 U 54
56 1 U 55
57 0 U 56
58 0 U 57
59 1 U 31
60 0 U 59
61 1 U 60
62 1 U 61
63 0 U -1
64 0 U 63
65 1 U 56
66 1 U 65
67 1 U 66
68 0 U 67
69 0 U 68
70 1 U 69
71 1 U 6
72 1 U -1
73 0 U 72
74 0 L 65
75 0 U 74
76 0 L 51
77 1 U 76
78 0 U 44
79 0 U 78
80 0 U 79
81 0 U -1
82 1 U 81
83 0 U 82
84 0 U 83
85 1 U 84
86 1 U 85
87 0 U 86
88 0 U 87
89 0 L 36
90 1 U 70
91 0 U 90
92 0 U 91
93 1 L 58
94 1 U 93
95 1 U 94
96 0 U 67
97 1 U 96
98 0 U 97
99
0 1 U -1
1 0 U 0
2 1 U 1
3 1 U 2
4 1 U 3
5 1 L 2
6 1 U 5
7 0 U 6
8 0 U 7
9 0 U 4
10 0 U 9
11 1 U 3
12 1 U 11
13 0 U 12
14 1 U 13
15 1 L 9
16 1 U 15
17 1 U 16
18 1 L 9
19 0 U 18
20 0 U -1
21 0 U 16
22 1 U 21
23 1 U 22
24 0 U 23
25 1 U 22
26 0 U 25
27 0 U -1
28 1 U 27
29 1 U 28
30 1 L 15
31 0 U 30
32 0 U 31
33 1 U 32
34 0 L 5
35 1 U 33
36 0 U -1
37 1 L 22
38 1 L 19
39 1 U 9
40 0 U 4
41 0 U 40
42 0 U 15
43 1 L 33
44 0 U 43
45 0 U -1
46 0 U 45
47 0 U 14
48 0 L 25
49 1 U 48
50 1 U 31
51 1 U 50
52 0 U 51
53 0 U 52
54 0 U 16
55 1 U 54
56 1 U 55
57 0 U 56
58 0 U 57
59 1 U 31
60 1 U 24
61 1 U 60
62 1 U 61
63 0 U -1
64 0 U 30
65 1 L 17
66 1 U 65
67 1 U 66
68 0 U 67
69 0 U 68
70 1 U 69
71 0 U 70
72 1 U -1
73 0 U 72
74 0 U 73
75 0 U 74
76 0 L 51
77 1 U 76
78 0 U 44
79 0 U 78
80 1 L 74
81 0 U -1
82 1 U 81
83 0 U 82
84 0 U 83
85 1 U 84
86 1 U 80
87 0 U 86
88 0 U 87
89 0 U 88
90 1 U 70
91 0 U 90
92 0 U 91
93 1 L 58
94 1 U 93
95 1 U 94
96 0 U 67
97 0 L 23
98 0 U 97
99
0 1 U -1
1 0 U 0
2 1 U 1
3 1 U 2
4 1 U 3
5 1 U -1
6 1 U 5
7 0 U 6
8 0 U 7
9 0 U 4
10 0 U 9
11 0 U 10
12 1 U 11
13 0 U 12
14 1 U 13
15 0 U 14
16 1 U 15
17 1 U 16
18 1 L 9
19 0 U 18
20 0 U 19
21 0 U 16
22 1 U 21
23 0 L 14
24 0 U 23
25 1 U 22
26 0 U 25
27 0 U -1
28 1 U 27
29 1 U 28
30 1 L 15
31 0 U 30
32 0 U 31
33 1 U 32
34 1 L 18
35 1 U 33
36 0 U -1
37 1 L 22
38 1 L 19
39 1 U 9
40 0 U 4
41 0 U 40
42 1 L 25
43 1 L 33
44 0 U 43
45 0 U -1
46 0 U 45
47 0 U 14
48 0 U 34
49 1 U 48
50 0 U 24
51 1 U 50
52 0 U 51
53 0 U 52
54 0 U 16
55 1 U 54
56 1 U 55
57 0 U 56
58 0 U 57
59 1 U 31
60 0 U 59
61 1 U 60
62 1 U 61
63 0 U -1
64 0 U 63
65 0 U 64
66 1 U 65
67 1 U 66
68 0 U 67
69 0 U 68
70 1 U 69
71 0 U 70
72 1 U -1
73 0 U 72
74 0 U 73
75 0 U 74
76 0 L 51
77 1 U 76
78 0 U 44
79 0 U 78
80 1 U 28
81 0 U -1
82 0 U 40
83 0 U 82
84 0 U 83
85 1 U 84
86 1 U 85
87 0 U 86
88 0 U 87
89 0 U 88
90 1 U 70
91 0 U 90
92 0 U 91
93 1 L 58
94 1 U 93
95 1 U 94
96 0 U 67
97 1 U 96
98 0 U 97
99
0 1 U -1
1 0 U 0
2 1 U 1
3 1 U 2
4 1 U 3
5 1 U -1
6 1 U 5
7 0 U 6
8 0 U 7
9 0 U 4
10 0 U 9
11 0 U 10
12 1 U 11
13 0 U 12
14 0 L 11
15 0 U 14
16 1 U 15
17 1 U 16
18 1 L 9
19 0 U 18
20 0 U 19
21 1 L 7
22 1 U 21
23 1 U 22
24 0 L 17
25 1 U 22
26 0 U 25
27 0 U -1
28 1 U 27
29 1 U 28
30 1 L 15
31 0 U 30
32 0 U 31
33 1 U 32
34 1 L 25
35 1 U 33
36 0 U -1
37 1 L 22
38 1 L 19
39 1 U 9
40 0 U 4
41 0 U 40
42 0 U 15
43 1 L 33
44 0 U 43
45 0 U -1
46 0 U 45
47 0 U 14
48 1 U 47
49 1 U 48
50 1 U 49
51 1 U 50
52 0 U 51
53 0 U 52
54 0 U 16
55 1 U 54
56 1 U 55
57 0 U 56
58 0 U 57
59 1 U 31
60 0 U 59
61 1 U 60
62 1 U 61
63 1 L 6
64 0 U 63
65 0 U 64
66 1 U 65
67 1 U 66
68 0 U 67
69 0 U 68
70 0 L 8
71 0 U 70
72 0 L 44
73 0 U 72
74 0 U 73
75 0 U 74
76 0 L 51
77 0 U 22
78 0 U 44
79 0 U 78
80 1 U 67
81 0 U -1
82 1 U 81
83 0 U 82
84 0 U 83
85 1 U 84
86 1 U 85
87 0 U 86
88 0 U 87
89 0 U 88
90 1 U 70
91 0 U 90
92 0 U 91
93 1 L 58
94 1 U 93
95 1 U 94
96 0 U 45
97 0 U 53
98 0 U 97
99
0 1 U -1
1 0 U 0
2 1 U 1
3 1 U 2
4 1 U 3
5 1 U -1
6 1 U 5
7 0 U 6
8 0 U 7
9 1 L 7
10 0 U 9
11 0 U 10
12 1 U 11
13 0 U 12
14 0 L 11
15 0 U 14
16 1 U 15
17 1 U 16
18 1 L 9
19 0 U 18
20 0 U 19
21 1 L 7
22 1 U 21
23 1 U 22
24 0 L 17
25 1 U 22
26 0 U 25
27 0 U -1
28 1 U 27
29 1 U 28
30 1 L 15
31 0 U 30
32 0 U 31
33 1 U 32
34 1 L 25
35 1 U 33
36 0 U -1
37 1 L 22
38 1 L 19
39 1 U 9
40 0 U 4
41 0 U 40
42 0 U 15
43 1 L 33
44 0 U 43
45 0 U -1
46 0 U 45
47 0 U 14
48 1 U 47
49 1 U 48
50 1 U 49
51 1 U 50
52 0 U 51
53 0 U 52
54 0 U 16
55 1 U 54
56 1 U 55
57 0 U 56
58 0 U 57
59 1 U 31
60 0 U 59
61 1 U 60
62 1 U 61
63 1 L 6
64 0 L 9
65 0 U 64
66 0 L -1
67 1 U 66
68 0 U 67
69 0 L 31
70 0 L 8
71 0 U 70
72 0 L 44
73 0 U 72
74 0 U 73
75 1 U 60
76 0 L 74
77 0 U 22
78 0 U 44
79 0 U 78
80 1 U 67
81 0 L 11
82 1 U 81
83 0 U 82
84 0 U 83
85 1 U 84
86 1 U 85
87 0 U 86
88 0 U 87
89 0 U 88
90 1 U 70
91 0 U 90
92 0 U 91
93 1 L 58
94 1 U 93
95 1 U 94
96 0 U 45
97 0 U 53
98 0 U 97
99
0 1 U -1
1 0 U 0
2 1 U 1
3 1 U 2
4 1 U 3
5 1 U -1
6 1 U 5
7 0 U 6
8 0 U 7
9 0 U 4
10 0 U 9
11 0 L 3
12 1 U 11
13 0 U 12
14 0 L 11
15 0 U 14
16 1 U 15
17 1 U 16
18 1 L 9
19 0 U 18
20 0 U 19
21 1 L 7
22 1 U 21
23 1 U 22
24 0 L 17
25 1 U 22
26 0 U 25
27 0 U -1
28 1 U 27
29 1 U 28
30 1 L 15
31 0 U 30
32 0 U 31
33 1 U 32
34 1 L 25
35 1 U 33
36 0 U -1
37 1 L 22
38 1 L 19
39 1 U 9
40 0 U 4
41 0 U 40
42 0 U 15
43 1 L 33
44 0 U 43
45 0 U -1
46 0 U 45
47 0 U 14
48 1 U 47
49 1 U 48
50 1 U 49
51 1 U 50
52 0 U 51
53 1 U 34
54 1 L 21
55 1 U 54
56 1 U 55
57 0 U 56
58 0 U 57
59 1 U 31
60 0 U 59
61 1 U 60
62 1 U 61
63 1 L 6
64 0 U 48
65 0 U 64
66 1 U 65
67 1 U 66
68 0 U 67
69 0 U 68
70 0 L 8
71 1 U 44
72 0 L 44
73 0 U 72
74 0 U 73
75 0 U 74
76 0 L 51
77 0 U 22
78 0 U 44
79 0 U 78
80 1 U 67
81 0 U -1
82 1 U 81
83 0 U 82
84 0 U 83
85 1 U 84
86 1 U 85
87 0 U 86
88 0 U 87
89 0 U 88
90 1 U 70
91 0 U 90
92 0 U 91
93 1 L 58
94 1 U 93
95 1 U 94
96 0 U 45
97 0 U 53
98 0 U 97
99
0 1 U -1
1 0 U 0
2 1 U 1
3 1 U 2
4 1 U 3
5 1 U -1
6 1 U 5
7 0 U 6
8 0 U 7
9 0 U 4
10 0 U 9
11 1 L 10
12 1 U 11
13 0 U 12
14 0 L 11
15 0 U 14
16 1 U 15
17 1 U 16
18 1 L 9
19 0 U 7
20 0 U 19
21 1 L 7
22 1 U 21
23 1 U 22
24 0 L 17
25 1 U 22
26 0 U 25
27 0 U -1
28 1 U 27
29 1 U 28
30 1 L 15
31 0 U 30
32 0 U 31
33 1 U 32
34 1 L 25
35 0 L 34
36 0 U -1
37 1 L 22
38 1 U 24
39 1 U 9
40 0 U 4
41 0 U 40
42 0 U 15
43 1 L 33
44 0 U 43
45 0 U -1
46 0 U 45
47 1 U 26
48 1 L 31
49 1 U 48
50 1 U 49
51 1 U 50
52 0 U 51
53 0 U 52
54 0 U 16
55 1 U 54
56 1 L 44
57 0 U 56
58 0 U 57
59 1 U 31
60 0 U 59
61 1 U 60
62 0 L 2
63 1 L 6
64 0 U 63
65 0 U 64
66 1 U 65
67 1 U 66
68 0 U 67
69 0 U 68
70 0 L 8
71 0 U 70
72 0 L 44
73 0 U 72
74 0 U 73
75 0 U 74
76 0 L 51
77 0 U 22
78 0 U 44
79 0 U 78
80 1 U 67
81 0 U -1
82 0 U 40
83 0 U 82
84 0 U 83
85 1 U 84
86 1 U 85
87 1 L 39
88 1 L 58
89 0 U 88
90 1 U 70
91 0 U 90
92 1 U 59
93 1 L 58
94 1 U 93
95 0 U 19
96 0 U 45
97 0 U 53
98 0 U 97
99
0 1 U -1
1 1 U 0
2 1 U 1
3 1 U 2
4 1 U 3
5 1 U -1
6 1 U 5
7 0 U 6
8 1 L 7
9 0 U 4
10 0 U 9
11 0 U 10
12 1 U 11
13 0 U 12
14 0 L 11
15 0 U 14
16 1 U 15
17 1 U 16
18 1 L 9
19 0 U 15
20 0 U 19
21 1 L 7
22 1 U 21
23 1 U 22
24 0 L 17
25 1 U 22
26 0 U 25
27 0 U -1
28 1 U 27
29 1 U 28
30 1 L 15
31 0 U 30
32 0 U 31
33 1 U 32
34 1 L 25
35 1 U 33
36 0 L 28
37 1 L 22
38 1 L 19
39 1 U 9
40 0 U 4
41 0 U 40
42 0 U 15
43 1 L 33
44 0 U 43
45 0 U -1
46 0 U 45
47 0 U 14
48 1 U 47
49 1 U 48
50 1 U 49
51 1 U 50
52 0 U 51
53 0 U 52
54 0 U 16
55 1 U 54
56 1 U 55
57 0 U 56
58 0 U 57
59 1 U 31
60 1 L 18
61 1 U 60
62 1 U 61
63 1 L 6
64 0 U 63
65 0 U 64
66 1 U 65
67 1 U 66
68 0 U 67
69 0 U 68
70 0 L 8
71 0 U 70
72 0 L 44
73 0 U 72
74 0 U 73
75 0 U 74
76 0 L 51
77 0 U 22
78 0 U 44
79 0 U 78
80 1 U 69
81 0 U -1
82 1 U 81
83 0 U 82
84 0 U 83
85 1 U 84
86 1 U 85
87 0 U 86
88 0 U 87
89 1 L 26
90 1 L 36
91 0 U 90
92 0 U 91
93 1 L 58
94 1 U 93
95 1 U 94
96 0 U 45
97 0 U 53
98 0 U 97
99
0 1 U -1
1 0 U 0
2 0 L -1
3 1 U 2
4 1 U 3
5 1 U -1
6 1 U 5
7 1 L 2
8 0 U 7
9 0 U 4
10 0 U 9
11 0 U 10
12 1 U 11
13 0 U 12
14 0 L 11
15 0 U 14
16 1 U 15
17 1 U 16
18 1 L 9
19 0 U 18
20 0 U 19
21 1 L 7
22 1 U 21
23 1 U 22
24 0 L 17
25 1 U 22
26 0 U 4
27 0 L 24
28 1 U 27
29 1 U 28
30 0 U 2
31 0 U 30
32 0 U 31
33 1 U 32
34 0 L 4
35 1 U 33
36 0 L 35
37 1 L 22
38 1 L 19
39 1 U 9
40 0 U 4
41 0 U 40
42 0 U 15
43 1 L 33
44 0 U 43
45 0 U -1
46 0 U 45
47 0 U 14
48 1 U 47
49 1 U 48
50 1 U 49
51 0 L 14
52 0 U 51
53 0 U 52
54 0 U 16
55 1 L 42
56 1 L 9
57 0 U 56
58 0 U 57
59 1 U 31
60 0 U 59
61 1 U 60
62 1 U 61
63 1 U 25
64 0 U 63
65 0 U 64
66 1 U 65
67 1 U 66
68 0 U 67
69 0 U 68
70 0 L 8
71 0 U 70
72 0 L 44
73 0 U 72
74 0 U 72
75 0 U 74
76 0 L 51
77 0 U 22
78 0 U 44
79 0 L 26
80 1 U 67
81 0 U -1
82 1 U 81
83 0 U 82
84 0 U 83
85 1 U 68
86 1 U 85
87 0 U 86
88 0 U 87
89 0 U 88
90 1 U 70
91 0 U 65
92 0 U 91
93 1 L 58
94 1 U 93
95 1 U 94
96 0 U 45
97 0 U 53
98 0 U 97
99
0 1 U -1
1 1 L -1
2 1 U 1
3 1 U 2
4 1 U 3
5 1 U -1
6 1 U 5
7 0 U 6
8 1 U 2
9 0 U 4
10 0 U 9
11 0 U 10
12 1 U 11
13 0 U 12
14 0 L 11
15 0 U 14
16 1 U 15
17 1 U 16
18 1 L 9
19 0 U 18
20 0 U 19
21 1 L 7
22 1 U 21
23 1 U 22
24 1 L 0
25 1 U 22
26 0 U 25
27 0 U -1
28 1 U 27
29 1 U 28
30 1 L 15
31 0 U 30
32 0 U 31
33 1 U 32
34 1 L 25
35 1 U 33
36 0 U -1
37 1 L 22
38 1 L 19
39 1 U 9
40 0 U 4
41 0 U 40
42 0 U 15
43 1 L 33
44 0 U 43
45 0 U -1
46 0 U 45
47 0 U 14
48 1 U 47
49 1 U 48
50 1 U 49
51 1 U 50
52 0 U 51
53 0 U 52
54 0 U 16
55 1 U 54
56 1 U 55
57 0 U 56
58 0 U 57
59 1 U 31
60 1 U 32
61 1 U 60
62 1 U 61
63 0 L 5
64 0 U 63
65 0 U 64
66 0 U 54
67 0 U 50
68 0 U 67
69 0 U 68
70 0 L 8
71 0 U 70
72 0 L 44
73 0 U 72
74 0 U 73
75 0 U 74
76 0 L 51
77 0 U 22
78 1 L 13
79 0 U 78
80 1 U 67
81 0 U -1
82 1 U 81
83 0 U 82
84 0 U 83
85 1 U 84
86 1 U 85
87 0 U 86
88 0 U 87
89 0 U 88
90 1 U 70
91 0 U 90
92 0 U 91
93 1 L 58
94 1 U 93
95 1 U 94
96 0 U 45
97 1 U 59
98 0 U 97
99
0 1 U -1
1 0 U 0
2 1 U 1
3 1 U 2
4 0 U 2
5 1 U -1
6 1 U 5
7 0 U 6
8 0 U 7
9 0 U 4
10 0 U 9
11 0 U 10
12 1 U 11
13 0 U 12
14 1 U 4
15 0 U 14
16 1 U 15
17 1 U 16
18 1 L 9
19 0 U 18
20 0 U 19
21 1 L 7
22 0 U 2
23 1 U 22
24 0 L 17
25 1 U 22
26 0 U 25
27 0 U 6
28 1 U 27
29 1 U 28
30 1 L 15
31 0 U 30
32 0 U 31
33 1 U 32
34 1 L 25
35 1 U 33
36 0 L 6
37 1 L 22
38 1 L 19
39 1 U 9
40 0 U 4
41 0 U 40
42 0 U 15
43 1 L 33
44 0 U 43
45 0 U -1
46 1 U 3
47 0 U 14
48 1 U 47
49 1 U 48
50 1 U 49
51 1 U 50
52 0 U 0
53 1 L 50
54 0 U 16
55 1 U 54
56 1 U 55
57 0 U 56
58 0 U 57
59 1 U 31
60 1 L 26
61 1 U 6
62 1 U 61
63 1 L 6
64 0 U 63
65 0 U 64
66 1 U 65
67 1 U 66
68 0 U 67
69 0 U 68
70 0 L 50
71 0 U 70
72 1 U 23
73 0 U 72
74 0 U 73
75 0 U 74
76 0 L 51
77 0 U 22
78 0 U 44
79 0 U 78
80 1 U 67
81 0 U -1
82 1 U 81
83 0 U 82
84 0 U 83
85 1 U 84
86 1 U 85
87 0 U 86
88 0 U 87
89 0 U 88
90 1 U 70
91 0 U 90
92 0 U 91
93 1 L 58
94 1 U 93
95 1 U 94
96 0 U 45
97 0 U 53
98 0 U 97
99
0 1 U -1
1 0 U 0
2 1 L 1
3 0 U 0
4 1 U 3
5 1 U -1
6 1 U 5
7 0 L 3
8 0 U 7
9 0 U 4
10 0 U 9
11 0 U 10
12 1 U 11
13 0 U 12
14 0 U -1
15 0 U 14
16 1 U 15
17 1 U 16
18 1 L 9
19 0 U 18
20 0 U 19
21 1 L 7
22 1 U 15
23 1 U 22
24 0 L 17
25 1 U 22
26 0 U 25
27 0 U -1
28 1 U 27
29 1 U 28
30 1 L 15
31 0 U 30
32 0 U 31
33 1 U 32
34 1 L 25
35 1 U 33
36 0 U -1
37 1 L 22
38 1 L 19
39 1 U 9
40 0 U 4
41 0 U 40
42 0 U 15
43 1 L 33
44 0 U 43
45 0 U -1
46 0 L 36
47 0 U 14
48 1 U 47
49 1 U 48
50 1 U 49
51 1 U 50
52 0 U 51
53 0 U 52
54 0 U 16
55 1 U 54
56 1 U 55
57 0 U 56
58 0 U 57
59 1 U 31
60 0 U 59
61 1 U 60
62 1 U 61
63 1 L 6
64 0 U 63
65 0 U 64
66 1 U 65
67 1 U 66
68 0 U 67
69 0 U 68
70 0 L 8
71 0 U 70
72 0 L 44
73 0 U 72
74 0 U 73
75 0 U 74
76 0 L 51
77 0 U 22
78 0 U 44
79 0 U 78
80 1 U 67
81 0 U -1
82 1 U 81
83 0 U 82
84 0 U 83
85 1 U 84
86 1 U 85
87 0 U 86
88 0 U 87
89 0 L 7
90 1 U 70
91 0 U 90
92 1 U 56
93 1 L 58
94 1 U 93
95 1 U 94
96 0 U 45
97 0 U 53
98 0 U 97
99
0 0 U -1
1 0 U 0
2 1 U 1
3 1 U 2
4 1 U 3
5 1 U -1
6 1 U 5
7 0 U 6
8 0 U 7
9 0 U 4
10 0 U 9
11 0 U 10
12 1 U 11
13 0 U 12
14 0 L 11
15 0 U 14
16 1 U 15
17 1 U 16
18 1 L 9
19 0 U 3
20 0 U 19
21 1 L 7
22 1 U 21
23 1 U 22
24 0 L 17
25 1 U 22
26 0 U 25
27 0 U -1
28 1 U 27
29 1 U 28
30 1 L 15
31 0 U 30
32 0 U 31
33 1 U 32
34 1 L 25
35 1 U 33
36 0 U -1
37 1 L 22
38 1 L 19
39 1 U 9
40 0 U 4
41 0 U 40
42 0 U 15
43 1 L 33
44 0 U 43
45 0 U -1
46 0 L 9
47 0 U 14
48 1 U 47
49 1 U 48
50 1 U 49
51 0 L 41
52 0 U 51
53 0 U 52
54 0 U 16
55 1 U 54
56 1 U 55
57 0 U 56
58 0 U 57
59 1 U 31
60 0 U 59
61 1 U 60
62 1 U 61
63 1 L 6
64 0 L 47
65 0 U 64
66 1 U 65
67 1 U 66
68 0 U 67
69 0 U 68
70 0 L 8
71 0 U 70
72 0 L 44
73 0 U 72
74 0 U 73
75 0 U 74
76 0 L 51
77 0 U 22
78 0 U 44
79 0 U 78
80 1 U 67
81 0 U -1
82 1 U 81
83 0 U 82
84 1 U 72
85 1 U 84
86 1 L 34
87 0 U 86
88 0 U 87
89 0 U 88
90 1 U 70
91 0 U 90
92 0 U 91
93 0 L 87
94 1 U 93
95 1 U 94
96 0 U 45
97 0 U 53
98 0 U 97
99
0 0 U -1
1 0 U 0
2 1 U 1
3 1 U 2
4 1 U 3
5 1 U -1
6 1 U 5
7 0 U 6
8 0 U 7
9 0 U 4
10 0 U 9
11 0 U 10
12 1 U 11
13 0 U 12
14 0 L 11
15 1 L 4
16 1 U 15
17 1 U 16
18 1 L 9
19 0 U 18
20 0 U 19
21 1 L 7
22 1 U 21
23 1 U 22
24 0 L 17
25 1 U 22
26 0 U 25
27 0 U -1
28 1 U 27
29 1 U 28
30 1 L 15
31 0 U 30
32 0 U 31
33 1 L 22
34 1 L 25
35 1 U 33
36 0 U -1
37 1 L 22
38 1 L 19
39 1 U 9
40 0 U 4
41 0 U 40
42 0 U 15
43 1 L 33
44 0 U 43
45 0 U -1
46 1 U 31
47 0 U 14
48 1 U 47
49 1 U 48
50 1 U 49
51 1 U 50
52 0 U 51
53 0 U 52
54 1 U 13
55 1 U 54
56 1 U 55
57 0 U 31
58 0 U 57
59 1 U 31
60 0 U 59
61 1 U 60
62 1 U 61
63 1 L 6
64 0 U 63
65 0 U 64
66 1 U 65
67 1 U 66
68 0 U 67
69 0 U 68
70 0 L 8
71 0 U 70
72 0 L 44
73 0 U 72
74 0 U 73
75 0 U 74
76 0 L 51
77 0 U 22
78 1 L 66
79 0 U 78
80 1 U 67
81 0 U -1
82 1 U 81
83 0 U 82
84 0 L 36
85 1 U 84
86 1 U 85
87 0 U 61
88 0 U 87
89 0 U 88
90 1 U 70
91 0 U 90
92 0 U 91
93 1 L 58
94 1 U 93
95 1 U 94
96 0 U 45
97 0 U 53
98 0 U 97
99
0 1 U -1
1 1 L 0
2 1 U 1
3 1 U 2
4 1 U 3
5 0 L 1
6 1 U 5
7 0 U 6
8 0 U 7
9 0 U 4
10 0 U 7
11 0 U 10
12 1 U 11
13 0 U 12
14 0 L 11
15 0 U 14
16 1 U -1
17 1 U 16
18 1 L 9
19 0 U 18
20 0 U 19
21 1 L 7
22 1 U 21
23 1 U 22
24 0 L 17
25 1 U 22
26 0 U 25
27 0 U -1
28 1 U 27
29 1 U 28
30 1 L 15
31 0 U 30
32 0 U 31
33 1 U 32
34 1 L 25
35 1 U 33
36 0 U -1
37 1 L 22
38 1 L 19
39 1 U 9
40 0 U 4
41 0 U 40
42 0 U 15
43 1 L 33
44 0 U 43
45 0 U -1
46 0 U 45
47 0 U 14
48 1 U 47
49 1 U 48
50 1 U 49
51 1 U 50
52 0 U 51
53 0 U 6
54 0 U 16
55 1 U 54
56 1 U 55
57 0 U 56
58 0 U 57
59 1 U 31
60 0 U 59
61 1 U 60
62 1 U 61
63 1 L 6
64 0 U 63
65 0 U 64
66 1 L 18
67 1 U 66
68 0 U 67
69 0 U 68
70 0 L 8
71 0 U 70
72 0 L 44
73 0 U 72
74 0 U 73
75 0 U 74
76 0 L 51
77 0 L 21
78 0 U 44
79 0 U 78
80 1 U 67
81 0 U -1
82 1 U 81
83 0 U 82
84 1 L 33
85 1 U 84
86 1 U 85
87 0 U 86
88 0 U 87
89 0 U 88
90 1 U 70
91 0 U 90
92 0 U 91
93 0 L 20
94 1 U 93
95 1 U 94
96 0 U 45
97 0 U 53
98 0 U 97
99
0 1 U -1
1 0 U 0
2 1 U 1
3 1 U 2
4 1 U 3
5 1 U -1
6 1 U 5
7 0 U 6
8 0 U 7
9 0 U 4
10 0 U 9
11 0 U 10
12 1 U 11
13 0 U 12
14 1 U 12
15 0 U 14
16 1 U 15
17 1 U 16
18 1 L 9
19 0 U 18
20 0 U 19
21 1 L 7
22 1 U 21
23 1 U 22
24 0 L 17
25 1 U 22
26 0 U 25
27 0 U -1
28 1 U 27
29 1 U 28
30 1 L 15
31 0 U 30
32 0 U 31
33 1 U 32
34 1 L 25
35 1 U 33
36 0 U -1
37 0 U 13
38 1 L 19
39 1 U 9
40 0 U 4
41 0 U 40
42 0 U 15
43 1 L 33
44 0 U 43
45 0 U -1
46 0 U 45
47 0 U 14
48 1 U 47
49 1 U 48
50 1 U 49
51 1 U 50
52 0 U 51
53 0 U 52
54 0 U 16
55 1 U 54
56 1 U 55
57 0 U 56
58 0 U 57
59 1 U 31
60 0 U 59
61 1 U 60
62 1 U 61
63 1 L 6
64 0 U 63
65 0 U 64
66 1 U 65
67 1 U 66
68 0 U 47
69 0 U 68
70 0 L 8
71 0 U 70
72 0 L 44
73 0 U 72
74 0 U 73
75 0 U 74
76 0 L 51
77 0 U 40
78 0 U 44
79 0 U 78
80 1 U 67
81 0 U -1
82 1 U 81
83 0 U 82
84 0 U 83
85 1 U 84
86 1 U 85
87 0 U 86
88 0 U 87
89 0 U 88
90 1 U 70
91 0 U 90
92 0 U 91
93 1 L 58
94 1 U 93
95 1 U 94
96 0 U 32
97 0 U 53
98 0 U 97
99
0 1 U -1
1 0 U 0
2 1 U 1
3 1 U 2
4 1 U 3
5 1 U 2
6 1 U 5
7 0 U 6
8 0 U 7
9 0 U 4
10 0 U 9
11 0 U 10
12 1 U 11
13 0 U 12
14 0 L 11
15 0 U 14
16 0 L 7
17 1 U 16
18 1 L 9
19 0 U 18
20 0 U 19
21 1 U 16
22 1 U 21
23 1 U 22
24 0 L 17
25 1 U 22
26 0 U 25
27 0 U -1
28 1 U 27
29 1 U 28
30 1 L 15
31 0 U 30
32 0 U 31
33 1 U 32
34 1 L 25
35 1 U 33
36 0 U -1
37 1 L 22
38 1 L 19
39 1 U 9
40 0 U 4
41 0 U 40
42 1 L 25
43 1 L 33
44 0 U 43
45 0 U -1
46 0 U 45
47 0 U 14
48 1 U 47
49 1 U 48
50 1 U 49
51 1 U 50
52 1 U 35
53 0 U 52
54 0 L 14
55 0 L 23
56 1 U 55
57 0 U 56
58 0 U 57
59 0 U 31
60 1 U 32
61 1 U 60
62 1 U 61
63 1 L 60
64 0 U 63
65 0 U 64
66 1 U 65
67 1 U 66
68 0 U 67
69 0 U 68
70 0 L 8
71 0 U 70
72 0 L 44
73 0 U 72
74 0 U 73
75 1 L 8
76 0 L 51
77 0 U 22
78 0 U 44
79 0 U 78
80 1 U 67
81 0 L 1
82 1 U 81
83 0 U 82
84 0 U 83
85 1 U 84
86 1 U 85
87 0 U 86
88 0 U 87
89 0 U 88
90 1 U 70
91 0 U 90
92 0 U 91
93 1 L 58
94 1 U 93
95 1 U 94
96 0 U 45
97 0 L 91
98 0 U 97
99
0 1 U -1
1 0 U 0
2 1 U 1
3 1 U 2
4 1 U 3
5 1 U -1
6 0 L 4
7 0 U 6
8 0 U 7
9 0 U 4
10 0 U 9
11 0 U 10
12 1 U 11
13 0 U 12
14 0 L 11
15 0 U 14
16 1 U 15
17 1 U 16
18 1 L 9
19 0 U 18
20 0 U 19
21 1 L 7
22 1 U 21
23 1 U 22
24 0 L 17
25 1 U 22
26 0 U 25
27 0 U -1
28 1 U 27
29 1 U 28
30 1 L 15
31 0 U 30
32 0 U 5
33 1 U 32
34 1 L 25
35 1 U 33
36 1 U 25
37 1 L 22
38 1 L 19
39 1 U 9
40 0 U 4
41 0 U 40
42 0 U 15
43 1 L 33
44 0 U 43
45 0 U -1
46 0 U 45
47 0 U 14
48 1 U 47
49 1 U 48
50 1 U 49
51 1 U 50
52 0 U 51
53 0 U 52
54 0 U 16
55 1 U 54
56 1 U 55
57 0 U 56
58 0 U 57
59 1 U 31
60 1 U 25
61 1 U 60
62 1 U 61
63 1 L 6
64 0 U 63
65 0 U 64
66 1 U 65
67 1 U 65
68 0 U 67
69 0 U 68
70 0 L 8
71 0 U 70
72 0 L 44
73 0 U 72
74 0 U 73
75 0 U 74
76 0 L 51
77 0 U 22
78 0 U 44
79 0 U 78
80 1 U 67
81 0 U -1
82 1 U 81
83 0 U 82
84 0 L 81
85 1 U 84
86 1 U 85
87 0 U 86
88 0 U 87
89 0 U 88
90 1 U 70
91 0 U 90
92 0 U 91
93 1 L 58
94 0 U 21
95 1 U 94
96 0 U 45
97 0 U 53
98 1 U 39
99
0 1 U -1
1 0 U 0
2 1 U 1
3 0 L 0
4 1 U 3
5 1 U -1
6 1 U 5
7 0 U 6
8 0 U 7
9 0 U 4
10 0 U 9
11 0 U 10
12 1 U 11
13 0 U 12
14 0 L 11
15 0 U 14
16 1 U 15
17 1 U 16
18 1 L 3
19 0 U 18
20 0 U 19
21 1 L 7
22 1 U 21
23 1 U 22
24 1 L 9
25 1 U 22
26 0 U 25
27 0 U -1
28 1 U 27
29 1 U 28
30 1 L 15
31 0 U 30
32 1 U 17
33 1 U 32
34 1 L 25
35 1 U 33
36 0 U -1
37 1 L 22
38 1 L 25
39 1 U 9
40 0 U 4
41 0 U 40
42 0 U 15
43 1 L 33
44 0 U 43
45 0 U -1
46 0 U 45
47 0 U 14
48 1 U 47
49 0 U 2
50 1 U 49
51 1 U 50
52 0 U 25
53 0 U 52
54 0 U 16
55 1 U 33
56 1 U 55
57 0 U 56
58 0 U 57
59 1 U 31
60 0 U 59
61 1 U 60
62 1 L 18
63 1 L 6
64 0 U 63
65 0 L 50
66 1 U 65
67 1 U 66
68 0 U 67
69 0 U 68
70 0 L 8
71 0 U 70
72 0 L 44
73 0 U 72
74 1 L 54
75 0 U 74
76 0 L 51
77 0 U 22
78 1 L 28
79 0 U 78
80 1 L 50
81 1 U 9
82 1 U 81
83 0 U 41
84 0 U 83
85 1 U 84
86 1 U 85
87 0 U 86
88 0 U 87
89 0 L 62
90 1 U 70
91 0 U 90
92 0 U 91
93 1 L 58
94 1 U 93
95 1 U 94
96 1 U 46
97 0 U 53
98 0 U 97
99
0 1 U -1
1 0 U 0
2 1 U 1
3 1 U 2
4 1 U 3
5 1 U -1
6 1 U 5
7 0 U 6
8 0 U 7
9 0 U 4
10 0 U 9
11 0 U 10
12 1 U 11
13 0 U 12
14 0 L 11
15 0 U 14
16 1 U 15
17 1 U 16
18 1 L 9
19 0 U 18
20 0 U 19
21 1 L 7
22 1 U 21
23 1 U 22
24 1 U 0
25 1 U 22
26 0 U 25
27 0 U -1
28 1 U 27
29 1 U 28
30 1 L 15
31 0 U 30
32 0 U 31
33 1 U 32
34 1 L 25
35 1 U 33
36 0 U -1
37 1 L 22
38 1 L 19
39 1 U 9
40 1 L 21
41 0 U 40
42 0 U 15
43 1 L 33
44 0 U 43
45 0 L 14
46 0 U 45
47 0 U 14
48 1 U 47
49 1 U 28
50 1 U 49
51 1 U 50
52 0 U 51
53 0 U 52
54 0 U 16
55 1 U 54
56 1 U 55
57 1 L 51
58 0 U 57
59 0 L 34
60 0 U 59
61 1 U 60
62 1 U 61
63 1 L 6
64 0 U 63
65 0 U 64
66 1 U 65
67 1 U 66
68 0 U 67
69 0 U 68
70 0 L 8
71 0 U 70
72 0 L 44
73 1 L 21
74 0 U 73
75 0 U 74
76 0 L 49
77 0 U 22
78 0 U 44
79 0 U 78
80 1 U 67
81 0 U -1
82 1 U 81
83 0 U 82
84 0 U 83
85 1 U 84
86 1 U 85
87 0 U 86
88 0 U 87
89 0 U 88
90 1 U 70
91 0 U 90
92 0 U 91
93 1 L 58
94 1 U 93
95 1 U 94
96 0 U 45
97 0 U 53
98 0 U 97
99
0 1 U -1
1 0 U 0
2 1 U 1
3 1 U 2
4 1 U 3
5 1 U -1
6 1 U 5
7 0 U 6
8 0 U 7
9 0 U 4
10 0 U 9
11 0 U 10
12 1 U 11
13 0 U 12
14 0 L 11
15 0 U 14
16 1 U 15
17 1 U 16
18 1 L 7
19 0 U 18
20 0 U 19
21 1 L 7
22 1 U 21
23 1 U 22
24 0 L 17
25 1 U 22
26 0 U 25
27 1 L -1
28 1 U 27
29 1 U 28
30 1 L 15
31 0 U 30
32 0 U 31
33 1 U 32
34 1 L 25
35 1 U 33
36 0 U -1
37 1 U 27
38 1 L 19
39 1 U 9
40 0 U 4
41 0 U 40
42 0 U 15
43 0 U 17
44 0 U 43
45 0 U -1
46 0 U 34
47 0 U 14
48 1 U 47
49 1 U 48
50 1 U 49
51 1 U 50
52 0 U 51
53 0 U 52
54 0 U 16
55 1 U 54
56 1 U 55
57 0 U 56
58 0 U 57
59 1 U 24
60 0 U 59
61 1 U 60
62 1 U 61
63 1 L 6
64 0 U 63
65 0 U 64
66 1 U 65
67 1 U 66
68 0 U 67
69 1 U 20
70 0 L 8
71 0 L 24
72 0 L 44
73 0 U 72
74 0 U 73
75 0 U 74
76 0 L 51
77 0 U 22
78 0 U 44
79 0 U 78
80 1 U 67
81 0 U -1
82 0 L 2
83 0 U 82
84 0 U 83
85 1 U 84
86 1 U 85
87 0 U 86
88 0 U 87
89 0 U 88
90 1 U 70
91 0 U 90
92 0 U 91
93 1 L 58
94 1 U 93
95 1 U 94
96 0 U 45
97 0 U 53
98 0 U 97
99
0 1 U -1
1 0 U 0
2 1 U 1
3 1 U 2
4 0 U 3
5 1 U -1
6 1 U 5
7 1 U 2
8 0 U 7
9 0 U 4
10 0 U 9
11 0 U 10
12 1 U 11
13 0 U 12
14 0 L 11
15 0 U 14
16 1 U 15
17 1 U 16
18 1 L 9
19 0 U 18
20 0 U 19
21 1 L 7
22 1 U 21
23 1 U 22
24 0 L 17
25 1 U 22
26 0 U 25
27 0 U -1
28 1 U 27
29 1 U 28
30 1 L 15
31 0 U 30
32 1 L 31
33 1 U 32
34 1 L 25
35 1 U 33
36 0 U -1
37 1 L 22
38 1 L 19
39 1 U 9
40 0 U 4
41 0 U 40
42 0 U 15
43 1 L 33
44 0 U 43
45 0 U -1
46 0 U 45
47 0 L 26
48 1 L 38
49 1 U 48
50 1 U 49
51 1 U 50
52 0 U 51
53 0 U 52
54 0 U 16
55 1 U 54
56 1 L 12
57 0 U 56
58 0 U 57
59 1 U 31
60 0 U 59
61 1 U 60
62 1 U 61
63 1 L 6
64 0 U 63
65 0 U 64
66 1 U 65
67 1 U 66
68 0 U 67
69 0 U 68
70 0 L 8
71 0 U 70
72 0 L 44
73 0 U 72
74 0 U 73
75 0 U 74
76 0 L 51
77 0 U 22
78 0 U 44
79 0 U 78
80 1 U 67
81 0 U -1
82 1 U 81
83 0 U 82
84 0 U 83
85 1 U 84
86 1 U 85
87 0 U 86
88 0 U 87
89 0 U 88
90 1 U 70
91 0 U 90
92 0 U 91
93 1 L 58
94 1 U 93
95 1 U 94
96 0 U 45
97 1 L 83
98 1 U 19
99
0 1 U -1
1 0 L -1
2 1 U 1
3 1 U 2
4 0 U 2
5 1 U -1
6 1 U 5
7 0 U 6
8 0 U 7
9 0 U 4
10 0 U 9
11 0 U 10
12 1 U 11
13 0 U 12
14 0 L 11
15 0 U 14
16 1 U 15
17 1 U 16
18 1 L 9
19 0 U 18
20 0 U 19
21 1 L 7
22 1 U 21
23 1 U 22
24 0 L 17
25 0 U -1
26 0 U 25
27 0 U -1
28 1 U 27
29 1 U 28
30 1 L 15
31 1 L 1
32 0 U 31
33 1 U 32
34 1 L 25
35 1 U 33
36 0 U -1
37 1 L 22
38 1 L 19
39 1 U 9
40 0 U 32
41 0 U 40
42 0 U 15
43 1 L 33
44 0 U 43
45 0 U -1
46 1 L 15
47 0 U 14
48 1 U 47
49 1 U 48
50 1 U 49
51 1 U 50
52 0 U 51
53 0 U 52
54 0 U 16
55 1 U 54
56 1 U 55
57 0 U 56
58 0 U 57
59 1 U 31
60 0 U 59
61 1 U 60
62 0 L 42
63 1 L 6
64 0 U 63
65 0 U 64
66 1 U 65
67 1 L 38
68 0 U 67
69 0 U 68
70 0 L 8
71 0 U 70
72 0 L 44
73 0 U 72
74 0 U 73
75 0 U 74
76 0 L 70
77 0 U 22
78 0 U 44
79 0 U 78
80 1 U 67
81 0 U -1
82 1 U 81
83 0 U 82
84 1 L 50
85 0 L 1
86 1 U 85
87 0 U 86
88 0 U 87
89 0 U 88
90 0 L 48
91 0 U 90
92 1 L 45
93 1 L 58
94 0 L 23
95 1 U 94
96 0 U 45
97 0 U 53
98 0 U 97
99
0 1 U -1
1 0 U 0
2 1 U 1
3 1 U 2
4 1 U 3
5 1 U -1
6 1 U 5
7 0 L 1
8 0 U 7
9 0 U 4
10 1 U 5
11 0 U 10
12 1 U 11
13 0 U 12
14 1 U 6
15 0 U 14
16 1 U 15
17 1 U 16
18 1 L 9
19 0 U 18
20 0 U 19
21 1 L 7
22 1 U 21
23 1 U 22
24 0 L 17
25 1 U 22
26 0 U 25
27 0 U -1
28 1 U 27
29 1 U 28
30 1 L 15
31 0 U 30
32 0 U 31
33 1 U 32
34 1 L 25
35 1 L 4
36 0 U -1
37 1 L 22
38 1 L 19
39 1 U 9
40 0 U 4
41 0 U 40
42 0 U 15
43 1 L 33
44 1 U 8
45 0 U -1
46 0 U 45
47 0 U 14
48 1 U 47
49 1 U 48
50 1 U 49
51 1 U 50
52 0 U 51
53 0 U 52
54 0 U 16
55 1 U 54
56 1 U 55
57 0 U 56
58 0 U 57
59 1 U 31
60 0 U 59
61 0 U 25
62 1 U 61
63 1 L 49
64 0 U 63
65 0 U 64
66 0 U 14
67 1 U 66
68 0 U 67
69 0 U 68
70 1 U 5
71 0 U 70
72 0 L 44
73 1 L 19
74 0 U 73
75 0 U 74
76 0 L 51
77 0 U 22
78 0 U 44
79 0 U 78
80 1 U 67
81 0 U -1
82 1 U 81
83 0 U 82
84 0 U 83
85 1 U 84
86 1 U 85
87 0 U 86
88 0 U 87
89 0 U 88
90 1 U 70
91 0 U 90
92 0 U 45
93 1 L 58
94 1 U 93
95 1 U 94
96 0 U 45
97 0 U 53
98 0 L 68
99
0 1 U -1
1 0 U 0
2 1 U 1
3 1 U 2
4 1 U 3
5 1 U -1
6 1 U 5
7 0 U 6
8 0 U 7
9 0 U 4
10 0 U 9
11 0 U 10
12 1 U 11
13 0 U 12
14 0 L 6
15 0 U 14
16 1 U 15
17 1 U 16
18 1 L 9
19 0 U 18
20 0 U 19
21 0 U 6
22 1 U 21
23 1 U 22
24 0 L 17
25 1 U 22
26 1 L 2
27 0 U -1
28 1 U 27
29 1 U 28
30 1 L 15
31 0 U 30
32 0 U 31
33 1 U 32
34 1 L 25
35 1 U 33
36 0 U -1
37 1 L 22
38 1 L 19
39 1 U 9
40 0 U 4
41 0 U 40
42 0 U 15
43 1 L 2
44 0 U 43
45 0 U -1
46 0 U 45
47 1 L 1
48 1 U 47
49 1 U 48
50 1 U 49
51 1 U 50
52 0 U 51
53 0 U 52
54 0 U 16
55 1 U 54
56 1 U 50
57 1 U 27
58 0 U 57
59 1 U 1
60 0 U 59
61 1 U 60
62 1 U 61
63 1 L 6
64 0 U 63
65 1 L 43
66 1 U 65
67 1 U 66
68 0 U 67
69 1 L 53
70 0 L 8
71 0 U 70
72 0 L 44
73 0 U 72
74 0 U 73
75 0 U 74
76 0 L 51
77 0 U 22
78 0 U 44
79 0 U 78
80 1 L 6
81 0 U -1
82 1 U 81
83 1 L 32
84 0 U 83
85 1 U 70
86 1 U 85
87 0 U 86
88 0 L 86
89 0 U 88
90 1 U 70
91 0 U 90
92 0 U 91
93 0 L 12
94 1 U 93
95 1 U 94
96 0 U 45
97 0 U 53
98 0 U 97
99
0 1 U -1
1 0 U 0
2 1 U 1
3 1 U 2
4 1 U 3
5 1 U -1
6 1 U 5
7 0 U 6
8 0 U 7
9 0 U 4
10 0 U 9
11 1 L 6
12 1 U 11
13 0 U 12
14 0 L 11
15 0 U 14
16 1 U 15
17 1 U 16
18 1 L 9
19 0 U 18
20 0 U 19
21 1 L 7
22 1 U 21
23 1 U 22
24 0 L 17
25 1 U 22
26 0 U 25
27 0 U -1
28 1 U 27
29 1 U 28
30 1 L 15
31 0 U 30
32 0 U 31
33 1 U 32
34 1 L 25
35 1 U 33
36 0 U -1
37 1 L 22
38 1 L 19
39 1 U 9
40 0 U 4
41 0 U 40
42 1 U 26
43 1 U 39
44 0 U 43
45 0 U 10
46 0 U 45
47 0 U 14
48 1 U 47
49 1 U 48
50 1 U 49
51 1 U 50
52 0 U 51
53 0 U 52
54 0 U 16
55 1 U 54
56 1 L 21
57 0 U 56
58 0 U 57
59 1 U 31
60 0 U 59
61 1 U 60
62 1 U 61
63 1 L 6
64 0 U 63
65 0 U 64
66 1 U 65
67 1 U 66
68 0 U 67
69 0 U 68
70 0 L 8
71 0 U 70
72 0 L 44
73 0 U 72
74 0 U 73
75 0 U 74
76 0 L 51
77 0 U 22
78 0 U 44
79 0 U 78
80 1 U 67
81 0 U -1
82 1 U 81
83 0 U 82
84 0 U 83
85 1 U 84
86 1 U 85
87 0 U 86
88 0 U 87
89 0 U 88
90 1 U 70
91 0 U 90
92 0 U 91
93 1 L 58
94 1 U 93
95 1 U 94
96 0 U 45
97 0 U 53
98 0 U 97
99
0 1 U -1
1 0 U -1
2 1 U 1
3 1 U 2
4 1 U 0
5 0 L 3
6 1 U 5
7 0 U 6
8 0 U 7
9 1 U 5
10 1 L 9
11 1 L 6
12 1 U 11
13 0 U 12
14 0 U 1
15 0 U 14
16 1 U 15
17 1 U 16
18 1 L 9
19 0 U 18
20 0 U 19
21 1 L 7
22 1 U 21
23 1 U 22
24 0 L 17
25 1 U 22
26 0 U 25
27 0 U -1
28 1 U 27
29 1 U 28
30 1 L 15
31 0 U 30
32 0 U 31
33 1 U 32
34 1 L 25
35 1 U 33
36 0 U -1
37 1 L 22
38 1 L 19
39 1 U 9
40 0 U 4
41 0 U 40
42 1 U 26
43 1 U 39
44 0 U 43
45 0 U 34
46 0 U 45
47 0 U 14
48 1 U 47
49 1 U 48
50 1 U 49
51 1 U 50
52 0 U 51
53 0 U 52
54 0 U 16
55 1 U 54
56 1 L 21
57 0 U 56
58 0 U 57
59 1 U 31
60 0 U 59
61 1 U 60
62 1 U 61
63 1 L 6
64 0 U 63
65 0 U 64
66 1 U 63
67 0 L 1
68 0 U 67
69 0 U 68
70 0 L 8
71 0 U 70
72 0 L 44
73 0 U 72
74 0 U 73
75 0 U 74
76 0 L 51
77 0 U 22
78 0 U 44
79 0 U 78
80 1 U 67
81 0 U -1
82 1 U 81
83 0 U 82
84 0 U 83
85 1 U 84
86 1 U 85
87 0 U 86
88 0 L 56
89 0 U 88
90 1 U 70
91 0 U 90
92 0 U 91
93 1 L 58
94 1 U 93
95 1 U 94
96 0 U 45
97 0 U 53
98 0 U 97
99
0 1 U -1
1 0 U 0
2 1 U 1
3 1 U 2
4 1 U 3
5 1 U 0
6 1 U 5
7 0 U 6
8 0 U 7
9 0 U 4
10 0 U 9
11 1 L 6
12 1 U 11
13 0 U 12
14 0 L 11
15 0 U 14
16 1 U 15
17 1 U 16
18 1 L 9
19 0 U 18
20 0 U 19
21 1 U 15
22 1 U 21
23 1 U 22
24 0 L 17
25 1 U 22
26 0 U 25
27 0 U -1
28 1 U 27
29 1 U 28
30 1 L 15
31 0 U 30
32 0 U 31
33 1 L 7
34 1 L 25
35 1 U 33
36 0 U -1
37 1 L 22
38 1 L 19
39 1 U 9
40 1 U 16
41 0 U 40
42 1 L 0
43 1 U 39
44 0 U 43
45 0 U 10
46 0 U 45
47 1 L 36
48 1 U 47
49 1 U 48
50 1 U 49
51 1 U 50
52 0 U 51
53 0 U 52
54 0 U 16
55 1 U 54
56 1 L 21
57 0 U 56
58 0 U 57
59 1 U 31
60 0 U 59
61 1 U 60
62 1 U 61
63 1 L 6
64 0 U 63
65 0 U 64
66 1 U 65
67 1 U 66
68 0 U 67
69 0 U 68
70 0 L 8
71 0 U 70
72 1 U 67
73 0 U 72
74 0 U 73
75 0 U 74
76 0 L 51
77 0 U 22
78 0 U 44
79 0 U 78
80 1 U 67
81 0 U -1
82 1 U 81
83 0 U 82
84 0 U 83
85 1 U 84
86 1 U 85
87 0 U 86
88 0 U 87
89 0 U 88
90 1 U 70
91 0 U 90
92 0 U 91
93 1 L 58
94 1 U 93
95 1 U 94
96 0 U 45
97 0 U 53
98 0 U 97
99
0 1 U -1
1 0 U 0
2 1 U 1
3 1 U 2
4 1 U 3
5 0 U 4
6 1 U 5
7 0 U 6
8 0 U 7
9 0 U 4
10 0 U 3
11 1 L 6
12 1 U 11
13 0 U 12
14 0 L 11
15 0 U 14
16 1 U 15
17 1 U 16
18 1 L 9
19 0 L 15
20 0 U 19
21 1 L 7
22 1 U 21
23 1 U 22
24 0 L 17
25 1 U 22
26 0 U 25
27 0 U -1
28 1 U 27
29 0 L -1
30 1 L 15
31 0 U 30
32 1 U 12
33 1 U 32
34 1 L 25
35 1 U 33
36 0 U -1
37 1 U 12
38 0 U 12
39 1 U 9
40 0 U 4
41 0 U 40
42 1 U 26
43 1 U 39
44 0 U 43
45 0 U 37
46 0 U 45
47 0 U 14
48 1 U 47
49 1 U 48
50 1 U 49
51 1 U 50
52 1 L 15
53 0 U 52
54 0 U 16
55 1 U 54
56 1 L 21
57 0 U 56
58 0 U 57
59 1 U 31
60 0 U 59
61 1 U 60
62 1 U 61
63 1 L 6
64 0 U 63
65 0 U 64
66 1 U 65
67 1 U 66
68 0 U 67
69 0 U 68
70 0 L 8
71 0 U 70
72 0 L 44
73 0 U 72
74 0 U 73
75 0 U 74
76 0 L 51
77 1 U 44
78 0 U 44
79 0 U 78
80 1 U 67
81 0 U -1
82 1 L 16
83 0 U 82
84 0 U 83
85 1 U 84
86 1 U 85
87 0 U 86
88 1 U 9
89 0 U 88
90 1 U 70
91 0 U 90
92 0 U 91
93 1 L 58
94 0 L 69
95 1 U 94
96 0 U 45
97 0 U 53
98 0 U 97
99
0 1 U -1
1 0 U 0
2 1 U 1
3 1 U 2
4 1 U 3
5 1 U -1
6 1 U 5
7 0 U 6
8 0 U 7
9 0 U 4
10 0 U 1
11 1 U 3
12 1 U 11
13 0 U 12
14 0 L 11
15 0 U 14
16 1 U 15
17 1 U 16
18 1 L 9
19 0 U 18
20 0 U 19
21 1 L 7
22 1 U 21
23 1 U 22
24 1 L 16
25 1 U 22
26 0 U 25
27 0 U -1
28 1 U 27
29 1 U 28
30 1 L 15
31 0 U 30
32 0 U 31
33 1 U 32
34 1 L 25
35 1 U 33
36 0 U -1
37 1 L 13
38 1 L 11
39 1 U 9
40 0 U 4
41 0 U 40
42 1 U 26
43 1 U 39
44 0 U 43
45 0 U 10
46 0 U 45
47 0 U 14
48 1 U 47
49 1 U 48
50 1 U 49
51 1 U 50
52 0 U 51
53 0 U 52
54 0 U 16
55 1 U 54
56 1 L 21
57 0 U 56
58 0 U 57
59 1 U 31
60 0 U 59
61 1 U 60
62 1 U 61
63 1 L 6
64 0 U 63
65 0 U 64
66 1 U 65
67 1 U 66
68 0 U 67
69 0 U 68
70 0 L 8
71 0 U 70
72 0 L 44
73 0 U 72
74 0 U 73
75 0 U 74
76 0 L 51
77 0 U 22
78 0 U 44
79 0 U 78
80 1 U 67
81 0 U -1
82 1 U 81
83 1 U 15
84 0 U 83
85 1 U 84
86 1 U 85
87 1 U 81
88 0 U 87
89 0 U 88
90 1 U 70
91 0 U 90
92 0 U 91
93 1 L 58
94 1 U 93
95 0 U 48
96 0 U 45
97 0 U 53
98 0 U 97
99
0 1 U -1
1 0 U 0
2 1 U 1
3 1 U 2
4 1 U 3
5 1 U -1
6 1 U 5
7 0 U 6
8 0 U 7
9 0 U 4
10 1 U 1
11 1 L 6
12 1 U 11
13 0 U 12
14 0 L 11
15 1 U -1
16 1 U 15
17 1 U 16
18 1 L 9
19 0 U 18
20 0 U 19
21 1 L 7
22 1 U 13
23 1 U 22
24 0 L 17
25 1 U 22
26 0 U 25
27 0 U -1
28 1 U 27
29 1 U 28
30 1 L 15
31 0 U 30
32 0 U 31
33 0 U 25
34 1 L 25
35 0 U 23
36 0 U -1
37 1 L 22
38 1 L 19
39 1 U 9
40 0 U 4
41 0 U 40
42 1 U 26
43 1 U 39
44 0 U 43
45 0 U 10
46 0 U 45
47 0 U 14
48 1 U 47
49 1 U 48
50 1 U 49
51 1 U 50
52 1 L 7
53 1 U 11
54 0 U 16
55 1 U 54
56 1 L 21
57 0 U 56
58 0 U 57
59 1 U 31
60 0 L 57
61 1 U 60
62 1 U 61
63 1 L 6
64 0 U 63
65 0 U 64
66 1 U 65
67 0 L 45
68 0 U 67
69 0 U 68
70 0 L 34
71 0 U 70
72 0 L 44
73 0 U 72
74 0 U 73
75 0 U 74
76 0 L 51
77 0 U 22
78 0 U 44
79 0 U 78
80 1 U 20
81 0 L 61
82 1 U 81
83 1 U 42
84 0 U 83
85 0 L 11
86 0 U 82
87 1 U 21
88 0 U 87
89 0 U 88
90 1 U 70
91 0 U 90
92 0 U 91
93 1 U 10
94 1 U 93
95 1 U 94
96 0 U 45
97 0 U 53
98 0 U 97
99
0 1 U -1
1 0 U 0
2 0 U 0
3 1 U 2
4 1 U 3
5 1 U -1
6 0 L 0
7 0 U 6
8 0 U 4
9 0 U 4
10 0 U 9
11 1 L 6
12 1 U 11
13 0 U 12
14 0 L 11
15 0 U 14
16 1 U 15
17 1 U 16
18 1 L 9
19 0 U 9
20 0 U 19
21 1 L 7
22 1 U 21
23 1 U 22
24 0 L 17
25 1 U 22
26 0 U 25
27 1 L 20
28 1 U 27
29 1 U 28
30 1 L 15
31 0 U 30
32 0 U 31
33 1 U 32
34 1 L 25
35 0 L 20
36 0 U -1
37 1 U 23
38 1 L 19
39 1 U 9
40 0 U 4
41 0 U 40
42 1 U 26
43 1 U 39
44 0 U 43
45 0 U 10
46 0 U 45
47 0 U 14
48 1 U 47
49 1 L 12
50 1 U 49
51 1 U 50
52 0 U 51
53 0 U 52
54 0 L 23
55 1 U 54
56 1 L 21
57 0 U 56
58 0 U 57
59 1 U 31
60 0 U 59
61 1 U 60
62 1 U 61
63 1 L 6
64 0 U 63
65 0 U 64
66 1 U 65
67 0 U 11
68 0 U 67
69 0 U 68
70 0 L 8
71 0 U 70
72 0 L 44
73 0 U 72
74 0 U 73
75 0 L 23
76 1 U 12
77 0 U 22
78 0 U 44
79 0 U 78
80 1 U 67
81 0 U -1
82 1 U 81
83 0 U 82
84 0 U 83
85 1 U 84
86 1 U 85
87 0 U 86
88 0 U 87
89 0 U 88
90 1 U 70
91 0 U 90
92 0 U 91
93 1 L 58
94 1 U 93
95 1 U 94
96 0 U 45
97 0 U 53
98 0 U 97
99
0 1 U -1
1 0 U 0
2 1 U 1
3 1 U 2
4 1 U 3
5 1 U -1
6 1 U 5
7 0 U 6
8 0 U 7
9 0 U 4
10 0 U 9
11 1 L 6
12 1 U 11
13 0 U 12
14 1 U 3
15 0 U 14
16 1 U 15
17 1 U 16
18 1 L 9
19 0 U 18
20 0 U 19
21 1 L 7
22 1 U 21
23 1 U 22
24 0 L 17
25 1 U 22
26 0 U 25
27 0 U -1
28 0 U 17
29 1 U 28
30 1 L 15
31 0 U 30
32 0 U 31
33 1 U 32
34 1 L 25
35 1 U 33
36 0 U -1
37 0 U 33
38 0 L 26
39 1 U 9
40 0 U 10
41 0 U 40
42 1 U 26
43 1 U 39
44 0 U 43
45 0 U 10
46 0 U 45
47 0 U 14
48 1 U 47
49 1 U 48
50 1 U 9
51 0 L 29
52 0 U -1
53 0 U 52
54 0 U 16
55 1 U 54
56 1 L 21
57 0 U 56
58 0 U 57
59 1 U 31
60 0 U 59
61 1 U 60
62 1 U 61
63 1 L 6
64 0 U 63
65 0 U 64
66 1 U 65
67 1 U 66
68 1 U 47
69 0 U 68
70 0 L 8
71 0 U 70
72 0 L 44
73 0 U 72
74 0 U 73
75 0 U 4
76 0 L 51
77 0 U 22
78 0 U 44
79 0 U 78
80 1 U 67
81 0 U -1
82 1 U 81
83 0 U 82
84 0 U 83
85 1 U 84
86 1 U 85
87 0 U 86
88 0 U 87
89 0 U 88
90 1 U 70
91 0 U 90
92 0 U 91
93 1 L 58
94 1 U 93
95 1 U 94
96 0 U 45
97 0 U 53
98 0 U 97
99
0 1 U -1
1 0 U 0
2 1 U 1
3 1 U 2
4 1 U 3
5 0 L 4
6 1 U 5
7 0 U 6
8 0 U 7
9 0 U 4
10 0 U 9
11 1 L 6
12 1 U 11
13 0 U 12
14 0 L 11
15 0 U 14
16 1 U 15
17 1 U 16
18 1 L 9
19 0 U 18
20 0 U 19
21 1 L 7
22 1 U 21
23 1 U 22
24 0 L 17
25 1 U 22
26 1 U 4
27 0 U -1
28 1 U 27
29 1 U 28
30 1 L 15
31 0 U 30
32 0 U 31
33 1 U 32
34 1 L 25
35 1 U 33
36 0 U -1
37 1 L 22
38 0 U 6
39 1 U 9
40 0 U 4
41 0 U 40
42 0 U 31
43 1 U 39
44 0 U 43
45 0 U 10
46 0 U 45
47 0 U 14
48 1 U 47
49 1 L 19
50 1 U 49
51 1 U 50
52 0 U 51
53 0 U 52
54 0 U 16
55 1 U 54
56 1 L 21
57 0 U 56
58 0 U 57
59 1 U 31
60 0 U 59
61 1 U 60
62 1 U 61
63 1 L 6
64 0 U 63
65 0 U 64
66 1 U 65
67 1 U 66
68 0 U 67
69 0 U 68
70 0 L 8
71 1 U 53
72 0 L 44
73 0 U 72
74 0 U 73
75 0 U 74
76 0 L 51
77 0 U 22
78 0 U 44
79 0 U 78
80 1 U 67
81 0 U -1
82 1 U 81
83 0 U 82
84 0 U 83
85 1 U 84
86 1 U 85
87 0 U 86
88 0 U 87
89 0 U 73
90 1 U 70
91 0 U 90
92 0 U 91
93 1 L 58
94 1 U 93
95 1 U 94
96 0 U 45
97 0 U 53
98 0 U 97
99
0 1 U -1
1 0 U 0
2 1 U -1
3 1 U 2
4 1 U 3
5 1 U -1
6 1 U 5
7 0 U 6
8 1 L 4
9 0 U 4
10 0 U 9
11 1 L 6
12 1 U 11
13 0 U 12
14 0 L 11
15 0 U 14
16 1 U 15
17 0 U 1
18 1 L 9
19 0 U 18
20 0 U 19
21 1 L 7
22 1 U 21
23 0 U -1
24 0 L 17
25 1 U 22
26 0 U 25
27 0 U -1
28 1 U 27
29 0 L 22
30 1 L 15
31 0 U 30
32 0 U 31
33 1 U 32
34 1 L 25
35 1 U 33
36 0 U -1
37 1 L 22
38 1 L 19
39 1 U 9
40 0 U 4
41 1 U 9
42 1 U 26
43 1 U 39
44 0 U 43
45 0 U 10
46 0 U 45
47 0 U 14
48 1 U 47
49 1 U 48
50 1 U 49
51 1 U 50
52 0 U 51
53 0 U 52
54 1 L 53
55 0 L 45
56 1 L 21
57 0 U 56
58 0 U 57
59 1 U 31
60 0 U 59
61 1 U 13
62 1 U 61
63 1 L 6
64 0 U 63
65 0 U 64
66 1 U 65
67 1 U 66
68 0 U 67
69 0 U 68
70 0 L 8
71 0 U 70
72 0 L 44
73 0 U 72
74 0 U 73
75 0 U 74
76 0 L 51
77 0 U 22
78 0 U 44
79 0 U 78
80 1 U 67
81 0 U -1
82 1 U 81
83 0 U 82
84 0 U 83
85 1 U 84
86 1 U 85
87 0 U 86
88 0 U 87
89 0 U 88
90 1 U 70
91 0 U 90
92 0 U 91
93 1 L 58
94 1 U 93
95 1 U 94
96 0 U 45
97 0 U 53
98 0 U 97
99
0 1 U -1
1 1 L 0
2 1 U 1
3 1 U 2
4 1 U 3
5 1 U -1
6 1 U 5
7 0 U 6
8 0 U 7
9 0 L 5
10 0 U 9
11 0 L 4
12 1 U 11
13 0 U 12
14 1 U 0
15 0 U 14
16 0 U 15
17 1 U 16
18 1 L 9
19 0 U 18
20 0 L 3
21 1 L 7
22 1 U 21
23 1 U 22
24 0 L 17
25 1 U 22
26 0 U 25
27 0 U -1
28 1 U 27
29 1 U 28
30 0 U 0
31 0 U 30
32 0 U 31
33 1 U 32
34 1 L 25
35 1 U 33
36 1 L 33
37 1 L 22
38 1 L 19
39 1 U 9
40 0 U 4
41 1 L 37
42 1 U 26
43 0 L 20
44 0 U 43
45 0 U 10
46 0 U 45
47 1 L 45
48 0 L 19
49 1 U 48
50 1 U 49
51 1 U 50
52 0 U 51
53 0 U 52
54 0 U 16
55 1 U 54
56 1 L 21
57 1 U 42
58 0 U 57
59 1 U 31
60 0 U 59
61 1 U 58
62 1 U 61
63 1 L 6
64 0 U 63
65 0 U 64
66 1 L 62
67 1 U 66
68 0 U 67
69 0 U 68
70 0 L 8
71 0 U 70
72 0 L 44
73 0 U 71
74 0 U 73
75 0 U 74
76 1 U 16
77 0 U 22
78 0 U 44
79 1 L 38
80 1 L 77
81 0 U -1
82 1 U 81
83 0 U 82
84 1 L 75
85 1 U 84
86 1 U 85
87 0 U 86
88 0 U 87
89 0 U 88
90 1 U 70
91 0 U 90
92 0 U 91
93 1 L 58
94 1 U 93
95 1 U 94
96 0 U 45
97 0 U 53
98 0 U 97
99
0 1 U -1
1 0 U 0
2 1 U 1
3 1 U 2
4 1 U 3
5 0 L 0
6 1 U 5
7 0 U 6
8 0 U 7
9 0 U 4
10 0 U 9
11 1 L 6
12 1 U 11
13 0 U 12
14 0 L 11
15 0 U 14
16 1 U 15
17 1 U 16
18 1 L 9
19 0 U 18
20 0 U 19
21 1 L 7
22 1 U 21
23 1 U 22
24 0 L 17
25 1 U 22
26 0 U 25
27 0 U -1
28 1 U 27
29 1 U 27
30 1 L 15
31 1 L 18
32 0 U 31
33 1 U 32
34 1 L 25
35 1 U 33
36 0 U -1
37 1 L 22
38 1 L 19
39 1 U 9
40 0 U 4
41 0 L 23
42 1 U 26
43 1 U 39
44 0 U 43
45 0 U 10
46 0 U 45
47 0 U 14
48 1 U 47
49 1 U 48
50 1 U 26
51 1 U 50
52 0 U 51
53 0 U 52
54 0 U 16
55 1 U 54
56 1 L 21
57 0 U 56
58 0 U 57
59 1 U 31
60 0 U 59
61 1 U 60
62 1 U 61
63 1 L 6
64 0 U 63
65 0 U 64
66 1 U 65
67 1 U 66
68 0 U 67
69 0 U 68
70 0 L 8
71 0 U 70
72 0 L 44
73 0 U 72
74 0 U 73
75 0 U 74
76 0 L 51
77 0 U 22
78 0 U 44
79 0 U 78
80 1 U 67
81 0 U -1
82 1 U 81
83 0 U 82
84 0 U 83
85 1 U 84
86 1 U 85
87 0 U 86
88 0 U 87
89 0 U 88
90 1 U 70
91 0 U 90
92 0 U 91
93 1 L 58
94 1 U 93
95 1 U 94
96 0 U 45
97 0 U 53
98 0 U 97
99
0 1 U -1
1 0 U 0
2 1 U 1
3 1 U 2
4 1 U 3
5 1 U -1
6 1 U 5
7 1 U -1
8 0 U 7
9 0 U 4
10 0 U 9
11 1 L 6
12 1 L 7
13 0 U 12
14 0 L 11
15 0 U 14
16 1 U 15
17 1 U 16
18 1 L 9
19 0 U 18
20 0 U 19
21 1 L 7
22 1 U 6
23 1 U 22
24 0 L 17
25 1 U 22
26 0 U 25
27 0 U 26
28 1 U 27
29 1 L 17
30 1 L 15
31 0 U 30
32 0 U 31
33 1 U 32
34 1 L 25
35 1 U 33
36 0 U -1
37 1 L 22
38 1 L 19
39 1 U 9
40 0 U 6
41 0 U 11
42 1 U 26
43 1 U 39
44 0 U 43
45 0 U 10
46 0 U 45
47 1 L 36
48 1 U 47
49 1 U 48
50 1 U 49
51 1 U 50
52 0 U 51
53 0 U 52
54 0 U 16
55 1 U 54
56 1 L 21
57 0 U 56
58 0 U 57
59 1 U 31
60 0 U 59
61 1 U 60
62 1 U 61
63 1 L 6
64 0 U 63
65 0 U 64
66 1 U 65
67 1 L 45
68 0 U 67
69 1 L 42
70 0 L 8
71 0 U 38
72 0 L 44
73 0 U 72
74 0 U 73
75 0 U 74
76 0 L 51
77 0 U 22
78 0 U 44
79 0 U 78
80 1 U 67
81 0 U -1
82 0 U 1
83 0 U 82
84 0 U 83
85 1 U 84
86 1 U 85
87 0 U 50
88 0 U 87
89 0 U 88
90 1 U 70
91 1 U 87
92 0 U 91
93 1 L 58
94 1 U 93
95 1 U 94
96 0 U 45
97 0 U 53
98 0 U 97
99
0 1 U -1
1 0 U 0
2 1 U 1
3 1 U 2
4 1 U 3
5 1 U -1
6 1 U 5
7 0 U 6
8 0 U 7
9 0 U 4
10 0 U 9
11 1 L 6
12 1 U 11
13 0 U 12
14 0 L 11
15 0 U 14
16 1 L 10
17 1 U 16
18 1 L 9
19 0 U 18
20 0 U 19
21 1 L 7
22 1 U 21
23 1 U 22
24 0 L 17
25 1 U 22
26 0 U 25
27 0 U -1
28 1 U 27
29 1 U 28
30 1 L 15
31 0 U 30
32 0 U 31
33 1 U 32
34 1 U 2
35 1 U 33
36 0 U -1
37 1 L 22
38 1 L 19
39 1 U 9
40 0 U 10
41 0 U 40
42 1 U 26
43 1 U 39
44 1 U 42
45 0 U 10
46 0 U 45
47 0 U 14
48 1 U 47
49 1 U 48
50 1 U 49
51 1 U 50
52 0 U 51
53 0 U 52
54 0 U 16
55 1 U 54
56 1 L 21
57 0 L 47
58 0 U 57
59 1 U 31
60 0 U 59
61 1 U 60
62 1 U 61
63 1 L 6
64 0 U 63
65 0 U 64
66 1 U 65
67 0 L 7
68 0 U 67
69 0 U 68
70 0 L 8
71 0 U 70
72 0 L 44
73 0 U 72
74 0 U 73
75 0 U 74
76 0 U 71
77 0 U 22
78 0 U 44
79 1 U 48
80 1 U 67
81 0 U -1
82 1 U 81
83 0 U 82
84 0 U 83
85 1 U 84
86 1 U 85
87 0 U 86
88 0 U 87
89 0 U 88
90 1 U 70
91 0 U 90
92 0 U 91
93 1 L 58
94 1 U 93
95 1 U 94
96 0 U 45
97 0 U 39
98 0 U 97
99
0 1 U -1
1 0 U 0
2 1 U 1
3 1 U 2
4 0 U 3
5 1 U -1
6 1 U 5
7 0 U 6
8 0 U 7
9 1 L 8
10 0 U 9
11 1 L 6
12 1 U 11
13 0 U 2
14 0 L 11
15 1 L 2
16 1 U 15
17 1 U 16
18 1 L 9
19 0 U 18
20 0 U 19
21 1 L 7
22 1 U 21
23 1 U 22
24 1 U 21
25 1 U 22
26 0 U 25
27 0 U -1
28 1 U 27
29 1 U 28
30 1 L 15
31 0 U 30
32 0 U 31
33 1 U 32
34 1 L 25
35 1 U 33
36 0 U -1
37 1 L 22
38 1 L 19
39 0 U 14
40 0 U 4
41 0 U 40
42 1 U 26
43 0 L 20
44 0 U 43
45 0 U 18
46 0 U 45
47 0 U 14
48 1 U 47
49 1 U 48
50 1 U 49
51 1 U 50
52 0 U 51
53 0 U 42
54 0 U 16
55 1 U 54
56 1 L 21
57 0 U 56
58 0 U 57
59 1 L 49
60 0 U 59
61 1 U 60
62 1 U 61
63 1 L 6
64 0 U 63
65 0 U 64
66 1 U 65
67 1 U 66
68 0 U 67
69 0 U 68
70 0 L 8
71 0 U 70
72 1 U 39
73 0 U 72
74 0 U 73
75 0 U 74
76 0 L 51
77 0 U 44
78 0 U 44
79 0 U 78
80 1 U 67
81 0 U -1
82 1 U 81
83 0 U 82
84 0 U 83
85 1 U 84
86 1 U 85
87 0 U 86
88 0 U 87
89 0 L 41
90 1 U 70
91 0 U 90
92 0 U 91
93 1 L 58
94 1 U 93
95 1 U 94
96 0 U 45
97 0 U 53
98 0 U 97
99
0 1 U -1
1 0 U 0
2 1 U 1
3 1 U 2
4 1 U 3
5 1 U -1
6 1 L 3
7 0 U 6
8 0 U 7
9 0 U 4
10 0 U 9
11 0 L 6
12 1 U 11
13 0 U 12
14 1 U 8
15 0 U 14
16 1 U 15
17 1 U 16
18 1 L 9
19 0 U 18
20 0 U 19
21 1 L 7
22 1 U 21
23 1 U 22
24 0 L 17
25 1 U 22
26 0 U 25
27 0 U -1
28 1 U 27
29 1 U 28
30 1 L 15
31 0 L 26
32 0 U 31
33 1 U 32
34 1 L 25
35 1 U 33
36 0 U -1
37 1 L 22
38 1 L 19
39 1 U 9
40 1 L 26
41 0 U 40
42 1 U 26
43 1 U 39
44 0 U 43
45 0 U 10
46 0 U 45
47 0 U 14
48 1 U 47
49 1 U 48
50 1 U 49
51 1 U 50
52 0 U 51
53 0 U 52
54 0 U 16
55 1 U 54
56 1 L 21
57 1 U 4
58 0 U 57
59 0 L 8
60 0 U 59
61 1 U 60
62 1 U 61
63 1 L 6
64 0 U 63
65 0 U 64
66 1 U 65
67 0 U 24
68 0 U 67
69 0 U 68
70 0 L 8
71 0 U 14
72 0 L 44
73 0 U 72
74 0 U 73
75 0 U 74
76 1 U 1
77 0 U 32
78 0 U 44
79 0 U 78
80 1 U 67
81 0 U -1
82 1 U 81
83 0 U 82
84 0 U 83
85 1 U 84
86 1 U 85
87 0 U 86
88 0 U 87
89 0 U 88
90 1 U 70
91 0 U 90
92 0 U 91
93 1 L 58
94 1 U 93
95 1 U 94
96 0 U 45
97 0 U 60
98 0 U 97
99
0 1 U -1
1 0 U 0
2 1 U 1
3 1 U 2
4 1 U 3
5 1 U -1
6 1 U 5
7 0 U 6
8 0 U 7
9 0 U 4
10 0 U 9
11 1 L 6
12 1 U 11
13 0 U 12
14 1 U -1
15 0 U 14
16 1 U 15
17 1 U 16
18 1 L 9
19 0 U 18
20 0 U 19
21 1 U 16
22 1 U 21
23 1 U 22
24 0 L 17
25 1 U 22
26 0 U 25
27 0 U -1
28 1 U 27
29 1 U 28
30 1 L 15
31 0 U -1
32 0 U 31
33 1 U 32
34 1 L 25
35 0 L 16
36 0 U -1
37 1 L 22
38 1 L 19
39 1 U 9
40 0 U 4
41 0 U 40
42 1 U 26
43 1 U 39
44 0 U 43
45 0 U 10
46 0 U 45
47 0 U 14
48 1 U 47
49 1 U 48
50 1 U 49
51 1 U 50
52 1 L 8
53 0 U 52
54 0 U 16
55 1 U 54
56 1 L 21
57 0 U 56
58 0 U 57
59 1 U 31
60 0 U 59
61 1 U 60
62 1 U 61
63 1 L 6
64 0 U 63
65 0 U 64
66 1 U 65
67 1 U 66
68 0 U 67
69 0 U 68
70 0 L 8
71 0 U 70
72 0 L 44
73 0 U 72
74 0 U 73
75 0 U 74
76 0 L 51
77 0 U 22
78 0 U 44
79 0 U 16
80 1 U 33
81 0 U -1
82 1 U 81
83 0 U 82
84 0 U 83
85 1 U 84
86 1 U 85
87 0 U 86
88 1 U 50
89 0 U 88
90 1 U 70
91 0 U 90
92 0 U 91
93 1 L 58
94 1 U 93
95 1 U 94
96 0 U 45
97 0 U 53
98 0 U 97
99
0 1 U -1
1 0 U 0
2 1 U 1
3 1 U 2
4 1 U 3
5 1 U -1
6 1 U 5
7 0 U 6
8 0 U 7
9 1 U 2
10 0 U 9
11 1 L 6
12 1 U 11
13 0 U 12
14 0 L 11
15 1 U 3
16 1 U 15
17 1 U 16
18 1 L 9
19 0 U 18
20 0 U 19
21 1 L 7
22 1 U 21
23 1 U 22
24 1 L 2
25 1 U 22
26 0 U 25
27 0 U -1
28 1 U 27
29 1 U 28
30 1 L 15
31 0 U 30
32 0 U 31
33 1 U 32
34 1 L 25
35 1 U 33
36 0 U -1
37 1 L 22
38 1 L 19
39 1 U 20
40 1 L 4
41 0 U 40
42 1 U 26
43 1 U 39
44 0 U 43
45 0 U 10
46 0 U 45
47 0 U 14
48 1 U 47
49 1 U 43
50 1 U 49
51 1 U 50
52 0 U 51
53 0 U 52
54 0 L 46
55 1 U 54
56 1 L 21
57 0 U 56
58 0 U 57
59 1 U 31
60 0 U 59
61 1 U 60
62 1 U 61
63 1 L 6
64 0 U 63
65 0 U 64
66 1 U 65
67 1 U 66
68 0 U 67
69 0 U 68
70 0 U 60
71 0 U 70
72 0 L 44
73 0 U 72
74 0 U 73
75 0 U 74
76 0 L 51
77 0 L 65
78 0 U 44
79 0 L 44
80 1 U 67
81 0 U -1
82 1 U 81
83 0 U 82
84 0 U 83
85 1 U 84
86 1 U 85
87 0 U 86
88 0 U 87
89 0 U 88
90 1 U 70
91 0 U 90
92 0 U 91
93 1 L 1
94 1 U 93
95 1 U 94
96 0 U 45
97 0 U 53
98 0 U 97
99
0 1 U -1
1 0 U 0
2 0 L 0
3 1 U 2
4 1 U 3
5 1 U -1
6 0 L 5
7 0 U 6
8 0 U 7
9 0 U 4
10 0 U 9
11 1 L 6
12 1 U 11
13 0 U 12
14 0 L 11
15 0 U 14
16 1 U 15
17 1 U 16
18 1 L 9
19 0 U 18
20 0 U 19
21 1 L 7
22 1 U 14
23 0 U 13
24 0 L 17
25 1 U 22
26 0 U 25
27 0 U -1
28 1 U 27
29 1 U 19
30 1 U 9
31 0 U 30
32 0 U 31
33 1 U 32
34 1 L 25
35 1 U 33
36 0 U -1
37 1 L 22
38 1 L 19
39 1 U 9
40 0 U 4
41 0 U 40
42 1 U 26
43 1 L 1
44 0 U 43
45 0 U 10
46 0 U 45
47 0 U 14
48 1 U 47
49 1 U 48
50 1 U 49
51 1 U 50
52 0 U 36
53 0 U 52
54 0 U 16
55 1 U 54
56 1 L 21
57 0 U 56
58 0 U 57
59 1 U 31
60 0 U 59
61 1 L 18
62 1 U 44
63 1 L 6
64 0 U 63
65 0 U 64
66 1 U 65
67 1 U 66
68 0 U 67
69 0 U 68
70 0 L 8
71 0 U 70
72 0 L 44
73 0 U 72
74 0 U 73
75 0 U 74
76 0 L 51
77 0 U 22
78 0 U 44
79 0 U 78
80 1 U 67
81 0 U -1
82 1 U 81
83 0 U 82
84 0 U 52
85 1 U 84
86 1 U 85
87 0 U 86
88 0 U 87
89 0 U 88
90 1 U 70
91 0 U 90
92 0 U 91
93 1 L 58
94 1 U 93
95 1 U 94
96 1 U 49
97 0 U 53
98 0 U 97
99
0 1 U -1
1 0 U 0
2 1 U 1
3 1 U 2
4 1 U 3
5 1 U -1
6 1 U 5
7 0 U 6
8 0 L 4
9 0 U 4
10 0 U 9
11 1 L 6
12 1 U 11
13 0 U 12
14 0 L 11
15 0 U 14
16 1 U 15
17 1 U 16
18 1 L 9
19 0 U 18
20 0 U 19
21 1 L 7
22 1 U 21
23 1 U 22
24 0 L 17
25 1 U 22
26 0 U 25
27 0 U -1
28 1 U 27
29 1 U 28
30 1 L 15
31 0 U 30
32 0 U 31
33 1 U 32
34 1 L 25
35 1 U 33
36 0 U -1
37 1 L 22
38 1 L 19
39 1 U 9
40 0 U 4
41 0 U 40
42 1 U 26
43 1 U 39
44 0 U 43
45 0 U 10
46 0 U 45
47 0 U 14
48 1 U 47
49 1 U 48
50 1 U 49
51 1 U 50
52 0 U 51
53 0 U 52
54 0 U 16
55 1 U 54
56 1 L 7
57 0 U 56
58 0 U 57
59 1 U 31
60 0 U 59
61 1 U 60
62 1 U 61
63 1 L 6
64 0 U 63
65 0 U 64
66 1 U 65
67 1 U 66
68 0 U 67
69 0 U 68
70 0 L 8
71 0 U 70
72 0 L 44
73 0 U 72
74 0 U 73
75 0 U 74
76 0 L 51
77 1 U 62
78 0 U 44
79 0 U 78
80 1 U 67
81 0 U -1
82 1 U 81
83 0 U 82
84 0 U 83
85 1 U 84
86 1 U 85
87 0 U 86
88 0 U 87
89 0 U 88
90 1 U 70
91 0 U 90
92 0 U 91
93 1 L 79
94 1 U 93
95 1 U 94
96 0 U 45
97 0 U 53
98 0 U 97
99
0 1 U -1
1 0 U 0
2 1 U 1
3 0 U 0
4 1 U 3
5 1 U -1
6 1 U 5
7 1 L -1
8 0 U 7
9 0 U 4
10 0 U 9
11 1 L 6
12 1 U 11
13 0 L 3
14 0 L 11
15 0 U 14
16 1 U 15
17 1 U 16
18 1 L 9
19 0 U 18
20 0 U 19
21 1 L 7
22 1 U 21
23 1 U 22
24 0 L 17
25 1 U 22
26 0 U 25
27 0 U -1
28 1 U 27
29 1 U 28
30 0 L 11
31 0 U 30
32 0 U 31
33 1 U 32
34 1 L 17
35 1 U 33
36 0 U -1
37 1 L 22
38 1 L 19
39 1 U 9
40 0 U 4
41 0 U 40
42 1 U 26
43 1 U 39
44 0 U 43
45 0 U 10
46 0 L 32
47 0 U 14
48 1 U 47
49 1 U 48
50 1 U 49
51 1 U 50
52 0 U 51
53 0 U 52
54 0 U 16
55 1 U 54
56 1 L 21
57 0 U 56
58 0 U 57
59 1 U 31
60 0 U 59
61 1 U 60
62 0 U 45
63 1 L 6
64 1 L 2
65 0 U 64
66 1 U 65
67 1 U 66
68 0 U 67
69 0 U 68
70 0 L 8
71 1 U 8
72 0 L 44
73 0 U 72
74 0 U 73
75 0 U 74
76 0 L 51
77 0 U 22
78 0 U 44
79 0 U 78
80 1 U 67
81 0 U -1
82 1 U 81
83 0 U 82
84 0 U 83
85 1 U 84
86 1 U 85
87 0 U 86
88 0 U 87
89 0 U 88
90 1 U 70
91 0 U 90
92 0 U 91
93 1 L 58
94 1 U 93
95 1 U 94
96 0 U 45
97 0 U 53
98 0 U 97
99
0 1 U -1
1 0 U 0
2 1 U 1
3 1 U 2
4 1 U 3
5 1 U -1
6 1 U 5
7 0 U 6
8 0 U 7
9 0 U 4
10 0 U 9
11 1 L 6
12 1 U 11
13 0 U 12
14 0 L 11
15 0 U 14
16 1 U 15
17 1 U 16
18 1 L 9
19 0 U 18
20 0 U 19
21 1 L 7
22 1 U 21
23 1 U 22
24 0 L 17
25 0 L 21
26 0 U 25
27 0 U -1
28 1 U 27
29 1 U 28
30 1 L 15
31 0 U 30
32 1 L 3
33 1 U 32
34 1 L 25
35 1 U 33
36 1 U 7
37 1 L 22
38 1 L 19
39 0 U 13
40 0 U 35
41 0 U 40
42 1 U 26
43 1 U 39
44 0 U 43
45 0 U 10
46 0 U 45
47 0 U 14
48 1 U 47
49 1 U 48
50 1 U 49
51 1 U 50
52 0 U 51
53 0 L 22
54 0 U 16
55 1 U 54
56 1 L 21
57 0 U 56
58 0 U 57
59 1 U 9
60 0 U 59
61 1 U 60
62 1 U 61
63 1 L 6
64 0 U 63
65 0 U 64
66 1 U 65
67 1 U 66
68 0 U 67
69 0 U 68
70 0 L 8
71 0 U 70
72 0 L 44
73 0 U 72
74 0 U 73
75 0 U 74
76 0 L 51
77 0 U 22
78 0 U 44
79 0 U 78
80 1 U 67
81 0 U -1
82 1 U 81
83 0 U 82
84 0 U 83
85 1 U 84
86 1 U 85
87 0 U 86
88 0 U 87
89 0 U 88
90 1 U 70
91 0 U 90
92 1 L 39
93 1 L 58
94 1 U 93
95 1 U 94
96 0 U 56
97 0 U 53
98 0 U 97
99
0 1 U -1
1 0 U 0
2 1 U 1
3 1 U 2
4 1 U 3
5 1 U -1
6 1 L 1
7 0 U 6
8 0 U 7
9 0 U 4
10 0 U 9
11 1 L 6
12 1 U 11
13 0 U 12
14 0 L 11
15 0 U 14
16 1 U 15
17 0 L 12
18 1 L 9
19 1 U 10
20 0 U 19
21 1 L 7
22 1 U 21
23 1 U 22
24 0 L 17
25 1 U 22
26 0 U 25
27 0 U -1
28 1 U 27
29 1 U 28
30 1 L 15
31 0 U 30
32 0 U 31
33 1 U 32
34 1 L 25
35 1 U 33
36 0 U -1
37 1 U 34
38 1 L 19
39 1 U 9
40 0 U 4
41 0 U 40
42 1 U 26
43 1 U 39
44 0 U 43
45 0 U 10
46 0 U 45
47 0 U 14
48 1 U 47
49 1 U 48
50 1 U 49
51 1 U 50
52 0 U 51
53 0 U 52
54 0 U 16
55 1 U 54
56 1 L 21
57 0 U 56
58 0 U 57
59 0 L 50
60 0 U 59
61 1 U 60
62 1 U 61
63 1 L 6
64 0 U 63
65 0 U 64
66 1 U 65
67 1 U 66
68 0 U 67
69 0 U 68
70 0 L 8
71 0 U 70
72 0 L 44
73 0 U 72
74 0 U 73
75 0 U 74
76 0 L 51
77 0 U 22
78 0 U 44
79 0 U 78
80 1 U 67
81 0 U -1
82 1 U 81
83 1 U 64
84 0 U 83
85 1 U 84
86 1 U 85
87 0 U 86
88 0 U 87
89 0 U 81
90 1 U 70
91 1 U 88
92 0 U 91
93 1 L 58
94 1 U 93
95 1 U 94
96 0 U 45
97 0 U 53
98 0 U 97
99
0 1 U -1
1 0 U 0
2 1 U 1
3 1 U 2
4 1 U 3
5 1 U -1
6 1 U 5
7 0 U 6
8 0 U 7
9 0 U 4
10 0 U 9
11 1 L 6
12 1 U 11
13 0 U 12
14 0 L 11
15 0 U 14
16 1 U 15
17 1 U 16
18 1 L 9
19 0 U 18
20 0 U 19
21 1 L 7
22 1 U 21
23 0 L 11
24 0 L 17
25 1 U 22
26 0 U 25
27 0 U -1
28 1 U 27
29 1 U 28
30 1 L 15
31 0 U 30
32 0 U 31
33 1 U 32
34 1 L 25
35 1 U 2
36 0 U -1
37 1 L 22
38 1 L 19
39 0 L 26
40 0 L 15
41 0 U 40
42 1 U 26
43 1 U 39
44 0 U 43
45 0 U 10
46 0 U 45
47 1 U 5
48 1 U 47
49 1 U 48
50 0 U 2
51 1 U 50
52 0 U 51
53 0 U 49
54 0 U 16
55 1 U 54
56 1 L 21
57 0 U 56
58 0 U 57
59 0 L 57
60 0 U 59
61 1 U 60
62 1 U 61
63 1 L 6
64 0 U 63
65 0 U 64
66 1 U 65
67 1 U 66
68 0 U 67
69 0 U 68
70 0 L 8
71 0 U 70
72 0 L 44
73 0 L 63
74 0 U 73
75 0 U 24
76 0 L 51
77 0 U 22
78 0 U 44
79 0 U 78
80 1 U 67
81 0 U -1
82 1 U 81
83 0 U 82
84 0 U 83
85 1 U 84
86 1 U 85
87 0 U 86
88 0 U 87
89 0 U 88
90 1 U 70
91 1 U 36
92 0 U 91
93 1 L 58
94 1 L 57
95 1 U 94
96 0 U 45
97 0 U 53
98 0 U 97
99
0 1 U -1
1 0 U 0
2 1 U 1
3 1 U 2
4 1 U 3
5 1 U -1
6 1 U 5
7 0 U 6
8 0 U 7
9 0 U 4
10 0 U 9
11 1 L 6
12 1 U 11
13 0 U 12
14 0 L 11
15 0 U 14
16 1 U 15
17 1 U 16
18 0 L -1
19 0 U 18
20 0 U 19
21 1 L 7
22 1 U 21
23 1 U 22
24 0 L 17
25 1 U 22
26 0 U 25
27 0 U -1
28 0 L 16
29 0 U 25
30 1 L 15
31 0 U 30
32 0 U 31
33 1 U 32
34 1 L 25
35 1 U 33
36 0 U -1
37 1 L 22
38 1 L 19
39 1 U 9
40 0 U 4
41 0 U 40
42 1 U 26
43 1 U 16
44 0 U 43
45 0 U 10
46 0 U 45
47 0 U 14
48 1 U 47
49 1 U 48
50 1 U 49
51 0 U 46
52 0 U 51
53 0 U 52
54 0 U 16
55 1 U 54
56 1 L 21
57 0 U 56
58 0 U 57
59 1 U 31
60 0 U 59
61 1 U 60
62 1 U 61
63 1 L 6
64 0 U 63
65 0 U 64
66 1 U 65
67 1 U 66
68 0 U -1
69 0 U 68
70 0 L 8
71 0 U 70
72 0 L 44
73 0 L 52
74 0 U 73
75 0 U 74
76 0 L 51
77 0 U 22
78 0 U 44
79 0 U 78
80 1 U 67
81 0 U -1
82 1 U 81
83 1 U 48
84 0 U 83
85 1 U 84
86 1 U 85
87 0 L 14
88 0 U 87
89 0 U 88
90 1 U 70
91 0 U 90
92 1 U 63
93 1 L 58
94 1 U 93
95 1 U 94
96 0 U 45
97 0 U 53
98 0 U 97
99
0 1 U -1
1 0 U 0
2 1 U 1
3 1 U 2
4 1 U 3
5 1 U -1
6 1 U 5
7 0 U 3
8 0 L 7
9 0 U 4
10 0 U 9
11 1 L 6
12 1 U 11
13 0 U 12
14 0 L 11
15 0 U 14
16 1 U 15
17 1 U 16
18 1 U 11
19 0 U 18
20 0 U 19
21 1 L 7
22 1 U 21
23 1 U 22
24 1 L 12
25 1 U 22
26 0 L 11
27 0 U -1
28 1 U 27
29 1 U 28
30 1 L 15
31 0 U 30
32 0 U 31
33 1 U 32
34 1 L 25
35 1 U 33
36 0 U -1
37 1 L 22
38 1 L 19
39 1 L 19
40 0 U 4
41 0 U 40
42 1 U 26
43 1 U 39
44 0 U 43
45 0 U 10
46 0 U 45
47 0 U 14
48 1 L 5
49 1 U 16
50 0 U 46
51 1 U 50
52 0 U 51
53 0 U 52
54 0 U 16
55 1 U 54
56 1 L 21
57 0 U 56
58 0 U 57
59 1 U 31
60 0 U 59
61 1 U 60
62 1 U 61
63 1 L 6
64 0 U 63
65 0 U 64
66 1 U 65
67 1 U 66
68 0 U 67
69 0 U 68
70 0 L 8
71 0 U 70
72 0 L 44
73 0 U 72
74 0 U 73
75 0 U 74
76 0 L 51
77 0 U 22
78 0 U 44
79 0 U 78
80 1 U 67
81 0 L 43
82 1 U 81
83 0 U 82
84 0 U 83
85 1 U 21
86 1 U 85
87 0 U 86
88 0 U 87
89 0 U 88
90 1 U 70
91 0 U 57
92 1 L 81
93 1 L 58
94 1 U 93
95 1 U 94
96 0 U 45
97 0 U 53
98 0 U 97
99
0 1 U -1
1 0 U 0
2 1 U 1
3 1 U 2
4 1 U 3
5 1 U -1
6 1 U 5
7 1 L 1
8 0 U 7
9 0 U 4
10 0 U 9
11 1 L 6
12 1 U 11
13 0 U 11
14 1 L 5
15 0 U 14
16 1 U 15
17 1 U 16
18 1 L 9
19 0 U 18
20 0 U 19
21 1 L 7
22 1 U 21
23 1 U 22
24 0 L 17
25 1 U 22
26 0 L 10
27 0 U -1
28 1 U 27
29 1 U 28
30 1 L 15
31 0 U 30
32 0 U 31
33 1 U 32
34 1 L 16
35 1 U 33
36 0 U -1
37 1 L 22
38 1 L 19
39 1 U 9
40 0 U 4
41 0 U 40
42 1 U 26
43 1 U 39
44 0 U 43
45 0 U 10
46 0 U 45
47 0 U 14
48 1 U 47
49 1 U 48
50 1 U 49
51 1 U 50
52 0 U 51
53 0 U 52
54 0 U 16
55 1 U 54
56 1 L 21
57 0 U 56
58 0 U 57
59 1 U 31
60 0 U 59
61 1 U 60
62 1 L 61
63 1 L 6
64 0 U 63
65 0 U 64
66 1 U 65
67 1 U 66
68 0 U 67
69 0 U 68
70 0 L 8
71 0 U 70
72 0 L 44
73 0 U 72
74 0 U 73
75 0 U 74
76 0 L 51
77 0 U 22
78 0 U 44
79 0 U 78
80 1 U 25
81 0 U -1
82 1 U 81
83 0 U 82
84 0 U 83
85 1 U 84
86 1 U 85
87 0 U 86
88 0 U 87
89 0 U 88
90 1 U 70
91 0 U 90
92 0 U 91
93 0 L 22
94 1 U 93
95 1 U 94
96 0 U 45
97 0 U 53
98 1 U 95
99
0 1 U -1
1 0 U 0
2 1 U 1
3 1 U 2
4 1 U 3
5 1 U -1
6 1 U 5
7 0 U 6
8 0 U 7
9 0 U 4
10 0 U 9
11 1 L 6
12 1 U 11
13 0 U 12
14 0 L 11
15 0 U 14
16 1 U 15
17 1 U 16
18 1 L 9
19 0 U 18
20 0 U 19
21 0 L 20
22 1 U 21
23 0 U 20
24 0 L 17
25 1 U 22
26 0 U 25
27 0 U -1
28 1 U 27
29 0 U 12
30 1 L 15
31 0 U 30
32 0 U 31
33 1 U 32
34 1 L 25
35 1 U 33
36 1 L 9
37 1 L 22
38 1 L 19
39 1 U 9
40 0 U 4
41 0 U 40
42 1 U 26
43 1 U 39
44 0 U 43
45 0 U 10
46 0 U 45
47 1 U 0
48 1 U 47
49 1 U 48
50 1 U 49
51 1 U 50
52 0 U 51
53 0 U 52
54 0 U 16
55 1 U 54
56 1 L 21
57 0 U 56
58 0 U 57
59 1 U 31
60 0 U 59
61 1 U 60
62 1 U 61
63 1 L 6
64 0 L 33
65 0 U 64
66 1 U 65
67 1 U 66
68 0 U 67
69 0 U 68
70 0 L 8
71 0 U 70
72 0 U 26
73 0 U 72
74 0 U 73
75 0 U 74
76 0 L 51
77 0 U 22
78 0 U 44
79 0 U 78
80 1 U 67
81 0 U -1
82 1 U 81
83 0 U 82
84 0 U 83
85 1 U 84
86 1 U 85
87 0 L 17
88 0 U 87
89 0 U 88
90 1 U 70
91 0 U 90
92 0 U 91
93 1 L 58
94 1 U 93
95 1 U 94
96 0 U 45
97 0 U 53
98 0 U 97
99
0 1 U -1
1 0 U 0
2 1 U 1
3 1 U 2
4 1 U 3
5 1 U -1
6 1 U 5
7 0 U 6
8 0 U 7
9 0 U 4
10 0 U 9
11 1 L 6
12 1 U 11
13 0 U 12
14 0 L 11
15 0 U 14
16 1 U 15
17 1 U 16
18 1 L 9
19 0 U 18
20 0 U 19
21 1 L 7
22 1 U 21
23 1 U 22
24 0 L 17
25 1 U 22
26 0 U 25
27 0 U -1
28 1 U 27
29 1 U 28
30 0 U 1
31 0 U 30
32 0 U 31
33 0 U 27
34 1 L 25
35 1 U 33
36 0 U -1
37 1 L 22
38 1 L 19
39 1 U 9
40 0 U 4
41 0 U 40
42 1 U 26
43 1 U 20
44 0 U 43
45 0 U 10
46 0 U 45
47 0 U 14
48 0 L 30
49 1 L 47
50 1 U 49
51 1 U 50
52 0 U 51
53 0 U 52
54 0 U 16
55 1 U 54
56 1 U 1
57 0 U 56
58 0 U 57
59 1 U 31
60 0 U 59
61 1 U 60
62 1 U 61
63 1 L 6
64 0 U 63
65 0 U 64
66 1 U 65
67 0 U 11
68 0 U 67
69 0 U 68
70 0 L 8
71 0 U 70
72 1 L 10
73 0 U 72
74 0 U 73
75 0 U 74
76 0 L 51
77 0 U 22
78 0 U 44
79 0 U 78
80 1 U 67
81 0 U -1
82 1 U 81
83 0 U 82
84 0 U 83
85 1 U 84
86 1 U 85
87 0 U 86
88 0 U 87
89 0 U 88
90 0 L 82
91 0 U 90
92 0 U 91
93 1 L 58
94 0 L 92
95 0 U 79
96 0 U 45
97 0 U 53
98 0 U 97
99
0 1 U -1
1 0 U 0
2 1 U 1
3 1 U 2
4 0 U 0
5 1 U -1
6 1 U 5
7 0 U 6
8 0 U 7
9 0 U 4
10 0 U 9
11 1 L 6
12 1 U 11
13 0 U 12
14 0 L 11
15 0 U 14
16 1 U 15
17 1 U 16
18 1 L 9
19 0 U 18
20 0 U 19
21 1 L 7
22 1 U 21
23 1 U 22
24 0 L 17
25 1 U 22
26 0 U 25
27 0 U -1
28 0 U 25
29 1 U 28
30 1 L 15
31 0 U 30
32 1 U 20
33 1 U 32
34 1 L 25
35 1 U 33
36 0 U -1
37 1 L 22
38 1 L 19
39 1 U 9
40 1 U 26
41 0 U 40
42 1 U 26
43 1 U 39
44 0 U 43
45 0 U 10
46 0 U 45
47 0 U 14
48 1 U 47
49 1 U 48
50 1 U 49
51 1 U 50
52 0 U 51
53 0 U 24
54 0 U 16
55 1 U 54
56 1 L 21
57 0 U 56
58 0 U 57
59 1 U 31
60 0 U 59
61 1 U 60
62 1 L 14
63 1 L 6
64 1 U 38
65 0 U 64
66 1 U 65
67 1 U 66
68 1 U 21
69 0 U 68
70 0 L 8
71 0 U 70
72 0 L 44
73 0 U 72
74 0 U 73
75 0 U 74
76 0 L 51
77 0 U 22
78 0 U 44
79 0 U 78
80 1 U 67
81 0 U -1
82 1 U 81
83 0 U 82
84 0 U 83
85 1 U 84
86 1 U 85
87 0 U 86
88 0 U 87
89 0 U 88
90 1 U 70
91 0 U 90
92 0 U 91
93 0 U 76
94 1 U 93
95 1 U 94
96 0 U 45
97 0 U 53
98 0 L 50
99
0 1 U -1
1 0 U 0
2 1 U 1
3 1 U 2
4 1 U 3
5 1 U -1
6 1 L -1
7 0 U 6
8 0 U 7
9 0 U 4
10 0 U 9
11 1 L 6
12 1 U 11
13 1 L -1
14 0 L 11
15 0 U 14
16 1 U 15
17 1 U 16
18 1 L 9
19 1 L 0
20 0 U 19
21 1 L 7
22 1 U 21
23 1 U 22
24 0 L 17
25 1 U 22
26 0 U 25
27 0 U -1
28 1 U 27
29 1 U 28
30 1 L 15
31 0 U 30
32 0 U 31
33 1 U 32
34 1 L 25
35 0 U 0
36 0 U -1
37 1 L 22
38 1 L 19
39 1 U 9
40 0 L 9
41 0 U 40
42 1 U 26
43 1 U 39
44 0 U 43
45 0 U 10
46 0 U 45
47 0 U 14
48 1 U 47
49 1 U 48
50 1 U 49
51 1 U 50
52 0 U 51
53 0 U 52
54 0 U 16
55 1 U 54
56 1 L 21
57 0 U 56
58 0 U 57
59 1 U 31
60 0 U 59
61 1 U 60
62 1 U 61
63 1 L 6
64 0 U 63
65 0 U 64
66 0 U 1
67 1 U 66
68 0 U 67
69 0 U 68
70 0 L 8
71 1 L 39
72 1 L 7
73 0 U 72
74 0 U 73
75 0 U 74
76 0 L 51
77 0 U 22
78 0 U 44
79 0 U 78
80 1 U 67
81 0 U -1
82 1 U 81
83 1 U 6
84 0 U 83
85 1 U 84
86 1 U 85
87 0 U 86
88 0 U 87
89 0 U 88
90 1 U 70
91 0 U 90
92 0 U 8
93 1 L 58
94 1 U 93
95 1 U 94
96 0 U 45
97 0 L 31
98 0 U 97
99
0 1 U -1
1 0 U 0
2 0 L 1
3 1 U -1
4 1 U 3
5 1 U -1
6 1 U 5
7 1 U 6
8 0 U 7
9 0 U 4
10 0 U 9
11 1 L 6
12 1 U 11
13 0 U 12
14 0 L 11
15 0 U 14
16 1 U 15
17 1 L 1
18 1 L 9
19 0 U 18
20 0 U 19
21 1 L 7
22 1 U 21
23 1 U 22
24 0 L 17
25 1 U 22
26 0 U 25
27 0 U -1
28 1 U 27
29 1 U 28
30 1 L 15
31 0 U 30
32 0 U 31
33 1 U 32
34 1 L 25
35 1 U 33
36 0 U -1
37 0 L 2
38 1 L 19
39 1 U 9
40 1 L 8
41 0 U 40
42 1 U 26
43 1 U 39
44 0 U 43
45 1 L 4
46 0 U 45
47 0 U 14
48 1 U 3
49 1 U 48
50 1 U 49
51 1 U 50
52 0 U 51
53 0 U 52
54 0 U 16
55 1 U 54
56 1 L 21
57 0 U 56
58 0 U 57
59 1 U 6
60 0 U 59
61 1 U 60
62 1 U 61
63 1 U 17
64 0 U 63
65 0 U 64
66 1 U 65
67 1 U 66
68 0 U 67
69 0 U 68
70 0 L 10
71 0 U 70
72 0 L 44
73 0 U 72
74 0 U 73
75 0 U 74
76 0 L 51
77 0 U 22
78 0 U 44
79 0 U 78
80 1 L 58
81 0 U -1
82 1 U 81
83 0 U 68
84 0 L 34
85 1 U 84
86 1 U 85
87 0 U 86
88 0 U 87
89 0 U 88
90 1 U 70
91 0 U 90
92 0 U 91
93 1 L 58
94 1 U 93
95 1 U 94
96 0 U 45
97 0 U 53
98 0 U 97
99
0 1 U -1
1 0 U 0
2 1 U 1
3 1 U 2
4 1 U 3
5 1 U -1
6 1 U 5
7 0 U 6
8 0 U 7
9 1 U 0
10 1 L 1
11 1 L 6
12 1 U 11
13 0 U 12
14 0 L 11
15 0 U 14
16 1 U 15
17 1 L 13
18 1 L 9
19 0 U 18
20 0 U 19
21 1 L 7
22 1 U 21
23 1 U 22
24 0 L 17
25 1 U 22
26 0 U 25
27 0 U -1
28 1 U 27
29 1 U 28
30 1 L 15
31 0 U 30
32 0 U 31
33 1 U 32
34 1 L 25
35 1 U 33
36 0 U -1
37 1 L 22
38 1 L 19
39 1 U 9
40 0 U 4
41 0 U 40
42 1 U 26
43 1 U 39
44 0 U 43
45 0 U 10
46 0 U 45
47 0 U 14
48 1 U 47
49 1 U 48
50 1 U 49
51 1 U 50
52 0 U 51
53 0 U 52
54 0 U 16
55 1 U 54
56 1 L 21
57 0 U 56
58 0 U 57
59 1 U 31
60 0 U 59
61 1 U 60
62 1 U 61
63 1 L 6
64 0 U 63
65 0 U 64
66 1 U 65
67 1 U 66
68 0 U 67
69 0 U 68
70 0 L 8
71 0 U 70
72 0 L 44
73 0 U 72
74 0 U 73
75 0 U 74
76 0 L 51
77 0 U 22
78 0 U 44
79 0 U 78
80 1 U 67
81 0 U -1
82 1 U 81
83 0 U 82
84 1 U 73
85 1 U 84
86 1 U 85
87 0 U 86
88 0 U 87
89 0 U 88
90 1 U 70
91 0 U 90
92 0 U 91
93 0 L 28
94 1 U 93
95 1 U 94
96 0 U 45
97 0 U 53
98 0 U 97
