82
0 1 U -1
1 1 U 0
2 0 U 1
3 0 U 2
4 0 U 3
5 1 U 4
6 1 U 5
7 1 U 6
8 0 U 7
9 1 U -1
10 1 U 9
11 0 U 10
12 0 U 11
13 0 U 12
14 0 U 13
15 0 U 14
16 1 U 15
17 0 U 16
18 1 U -1
19 0 U 18
20 1 U 19
21 0 U 20
22 1 U 21
23 0 U 22
24 0 U 23
25 1 U 24
26 1 U 25
27 0 U -1
28 0 U 27
29 0 U 28
30 0 U 29
31 1 U 30
32 1 U 31
33 0 U 32
34 0 U 33
35 1 U 34
36 1 U -1
37 0 U 36
38 0 U 37
39 1 U 38
40 0 U 39
41 0 U 40
42 0 U 41
43 1 U 42
44 1 U 43
45 0 U -1
46 0 U 45
47 1 U 46
48 1 U 47
49 1 U 48
50 0 U 49
51 1 U 50
52 1 U 51
53 0 U 52
54 1 U -1
55 1 U 54
56 0 U 55
57 1 U 56
58 1 U 57
59 1 U 58
60 0 U 59
61 1 U 60
62 0 U 61
63 1 U -1
64 1 U 63
65 1 U 64
66 1 U 65
67 0 U 66
68 1 U 67
69 1 U 68
70 1 U 69
71 1 U 70
72 0 U -1
73 0 U 72
74 1 U 73
75 0 U 74
76 0 U 75
77 0 U 76
78 0 U 77
79 1 U 78
80 1 U 79
81 0 U -1
82
0 1 U -1
1 1 U 0
2 0 U 1
3 0 L 1
4 0 U 3
5 1 U 4
6 1 U 5
7 0 L 5
8 0 U 7
9 1 U -1
10 1 U 9
11 0 U 10
12 0 U 11
13 1 L 0
14 0 U 13
15 0 U 14
16 1 U 15
17 0 U 16
18 1 U -1
19 0 U 18
20 1 U 19
21 0 U 20
22 1 U 21
23 0 U 22
24 0 U 23
25 1 U 24
26 1 U 25
27 0 U -1
28 0 U 27
29 0 U 28
30 0 U 29
31 1 U 9
32 1 U 31
33 0 U 32
34 0 U 33
35 1 U 34
36 1 U -1
37 0 U 36
38 0 U 37
39 1 U 38
40 1 U 27
41 0 U 40
42 0 U 41
43 1 U 42
44 1 U 43
45 0 U -1
46 0 U 45
47 1 U 46
48 1 U 47
49 1 U 48
50 0 U 49
51 1 U 50
52 1 U 51
53 0 U 52
54 1 U -1
55 1 U 54
56 0 U 55
57 1 U 56
58 1 U 57
59 1 U 58
60 0 U 59
61 1 U 60
62 0 L 41
63 1 U -1
64 1 U 63
65 1 U 64
66 1 U 65
67 0 U 66
68 1 U 67
69 1 U 68
70 1 U 69
71 1 U 70
72 0 U -1
73 0 U 72
74 1 U 73
75 0 U 74
76 0 U 75
77 0 U 76
78 0 L 40
79 1 U 78
80 1 U 79
81 0 U -1
82
0 1 U -1
1 1 U 0
2 0 U 1
3 0 U 2
4 1 L 3
5 0 L 3
6 1 U 5
7 1 U 6
8 0 L -1
9 1 U -1
10 1 U 9
11 0 U 10
12 0 U 11
13 0 U 12
14 0 U 13
15 0 U 14
16 1 U 15
17 0 U 16
18 1 U -1
19 0 U 18
20 1 U 19
21 1 L 13
22 1 U 21
23 0 U 22
24 0 U 23
25 1 U 24
26 1 U 25
27 0 U -1
28 0 U 27
29 0 U 28
30 0 U 29
31 1 U 30
32 1 U 31
33 0 U 32
34 0 U 33
35 1 U 34
36 1 U -1
37 0 U 36
38 0 U 37
39 1 U 38
40 0 U 39
41 0 U 40
42 0 U 41
43 1 U 42
44 1 U 43
45 1 L 9
46 0 U 32
47 0 L 21
48 1 U 47
49 1 U 48
50 0 U 49
51 1 U 50
52 1 U 51
53 0 L 12
54 0 U 19
55 1 U 54
56 0 U 55
57 1 U 56
58 1 U 57
59 1 U 58
60 0 U 59
61 1 U 60
62 0 U 61
63 1 U -1
64 1 U 63
65 1 U 64
66 1 U 65
67 0 U 35
68 1 U 67
69 1 U 68
70 1 U 69
71 1 U 70
72 0 U -1
73 0 U 72
74 1 U 73
75 0 U 74
76 0 U 75
77 0 U 76
78 0 U 77
79 1 U 78
80 1 U 79
81 0 U -1
82
0 1 U -1
1 1 U 0
2 0 U 1
3 0 U 2
4 1 L 3
5 0 L 3
6 1 U 5
7 1 U 6
8 0 L -1
9 1 U -1
10 1 U 9
11 0 U 10
12 0 U 11
13 0 U 12
14 0 U 13
15 0 U 14
16 1 U 3
17 0 U 16
18 1 U -1
19 0 L -1
20 1 U 19
21 1 L 13
22 1 U 21
23 0 U 22
24 0 U 23
25 1 U 24
26 0 U 10
27 0 U -1
28 0 U 27
29 0 U 28
30 0 U 24
31 1 U 30
32 1 U 31
33 0 L 13
34 0 U 33
35 1 U 34
36 1 U -1
37 0 U 36
38 0 U 37
39 1 U 38
40 0 U 39
41 0 U 40
42 0 U 41
43 1 U 42
44 1 U 43
45 1 L 9
46 0 U 32
47 0 L 21
48 1 U 47
49 1 U 48
50 0 U 49
51 1 U 50
52 1 U 51
53 1 L -1
54 0 U 19
55 1 U 54
56 0 U 55
57 1 U 56
58 1 U 57
59 1 U 58
60 0 U 59
61 0 U 57
62 0 U 61
63 1 U -1
64 1 U 63
65 1 U 64
66 1 U 65
67 0 U 35
68 1 U 67
69 1 U 68
70 1 L 53
71 1 U 70
72 0 U -1
73 0 U 72
74 1 U 73
75 0 U 74
76 0 U 75
77 0 U 76
78 0 U 77
79 1 U 78
80 1 U 79
81 0 U -1
82
0 1 U -1
1 1 U 0
2 0 U 1
3 0 U 2
4 1 L 3
5 0 L 3
6 1 U 5
7 1 U 6
8 0 L -1
9 1 U -1
10 1 U 9
11 0 U 10
12 0 U 11
13 0 U 12
14 0 U 13
15 0 U 14
16 1 U 3
17 1 U 1
18 1 U -1
19 0 L -1
20 1 U 19
21 1 L 13
22 1 U 21
23 0 U 22
24 0 U 23
25 1 U 24
26 0 L 24
27 0 U -1
28 1 U 6
29 0 U 28
30 0 U 24
31 1 U 30
32 1 U 31
33 0 L 13
34 0 U 33
35 1 U 34
36 1 U -1
37 0 U 36
38 0 U 37
39 1 U 38
40 0 U 39
41 0 U 40
42 0 U 41
43 1 U 42
44 1 U 43
45 1 L 9
46 0 U 32
47 0 L 21
48 1 U 47
49 1 U 48
50 0 U 0
51 1 U 50
52 1 U 51
53 1 L -1
54 0 U 19
55 1 U 54
56 1 U 28
57 1 U 56
58 1 U 57
59 1 U 58
60 0 U 59
61 0 U 57
62 0 U 61
63 1 U -1
64 1 U 63
65 1 U 64
66 1 U 65
67 0 U 35
68 1 L 43
69 1 U 68
70 1 L 53
71 1 U 70
72 0 U -1
73 0 U 11
74 1 U 73
75 0 U 74
76 0 U 75
77 0 U 76
78 0 U 77
79 1 U 78
80 1 U 79
81 0 U -1
82
0 1 U -1
1 1 U 0
2 0 U 1
3 1 U -1
4 1 L 3
5 0 L 3
6 1 U 5
7 1 U 6
8 0 L -1
9 1 U -1
10 1 U 9
11 0 U 10
12 0 U 11
13 0 U 12
14 0 U 13
15 1 L 6
16 1 U 3
17 0 U 16
18 1 U -1
19 0 L 11
20 1 U 19
21 1 L 13
22 1 U 21
23 0 U 22
24 0 U 23
25 1 U 24
26 0 U 10
27 0 U -1
28 0 U 27
29 1 L 3
30 0 U 24
31 1 U 30
32 1 U 31
33 0 L 13
34 0 U 33
35 1 U 34
36 1 U -1
37 0 U 36
38 0 U 37
39 1 U 38
40 0 U 39
41 0 U 40
42 0 U 41
43 1 U 42
44 1 U 38
45 1 L 9
46 0 U 32
47 0 U 11
48 1 U 47
49 1 U 48
50 0 U 49
51 1 U 50
52 1 U 51
53 1 L -1
54 0 U 19
55 1 U 54
56 0 U 55
57 1 U 56
58 1 U 57
59 1 U 58
60 0 U 59
61 0 L 17
62 0 U 61
63 1 U -1
64 1 U 63
65 1 U 64
66 1 U 65
67 0 U 35
68 1 U 67
69 1 U 68
70 1 L 53
71 1 U 70
72 0 U -1
73 0 U 72
74 1 U 73
75 0 U 74
76 0 U 75
77 0 U 76
78 0 U 77
79 1 U 78
80 1 U 79
81 0 U -1
82
0 1 U -1
1 1 U 0
2 0 U 1
3 1 U -1
4 1 L 3
5 0 L 3
6 1 U 5
7 1 U 6
8 0 L -1
9 1 U -1
10 0 L -1
11 0 U 10
12 0 U 11
13 0 U 12
14 0 U 13
15 1 L 6
16 1 U 3
17 0 U 16
18 1 U -1
19 0 L 11
20 1 U 19
21 1 L 13
22 1 U 21
23 0 U 22
24 0 U 23
25 1 U 24
26 0 U 10
27 0 U -1
28 0 U 27
29 1 L 3
30 0 U 24
31 1 U 30
32 1 U 31
33 1 U 9
34 0 U 33
35 1 U 34
36 1 U -1
37 0 U 36
38 0 U 37
39 1 U 38
40 0 U 39
41 1 U 7
42 0 U 41
43 1 U 42
44 1 U 38
45 1 L 9
46 0 U 32
47 0 U 11
48 1 U 47
49 0 U 6
50 0 U 49
51 0 L 11
52 1 U 51
53 1 L -1
54 0 U 19
55 1 U 54
56 0 L 23
57 0 U 48
58 1 L 14
59 1 U 58
60 0 U 59
61 0 L 17
62 0 U 61
63 1 U -1
64 1 U 63
65 1 U 64
66 1 U 65
67 0 U 35
68 0 L 22
69 1 U 68
70 1 L 53
71 1 U 70
72 0 U -1
73 1 L 37
74 1 U 73
75 0 L 47
76 1 L 26
77 0 U 76
78 0 U 77
79 1 L 65
80 1 U 79
81 0 U -1
82
0 1 U -1
1 1 U 0
2 0 U 1
3 1 U 1
4 1 L 3
5 0 L 3
6 1 U 5
7 1 U 6
8 0 L -1
9 1 U -1
10 1 U 9
11 0 U 10
12 0 U 4
13 0 U 12
14 0 U 13
15 1 L 6
16 1 U 3
17 0 U 16
18 1 U -1
19 0 L 11
20 1 U 19
21 1 L 13
22 1 U 21
23 0 U 22
24 0 U 23
25 1 U 24
26 0 U 10
27 1 U 24
28 0 U 27
29 1 L 3
30 0 U 24
31 1 U 30
32 1 U 31
33 0 L 13
34 0 U 33
35 1 U 34
36 1 U -1
37 0 U 36
38 0 U 37
39 1 U 38
40 0 U 39
41 0 U 40
42 0 U 41
43 1 U 42
44 1 U 38
45 1 L 9
46 0 U 32
47 0 U 11
48 1 U 47
49 1 U 48
50 0 U 49
51 1 U 50
52 1 U 51
53 1 L -1
54 0 U 19
55 1 U 54
56 0 U 55
57 1 U 56
58 0 L 42
59 1 U 58
60 0 U 53
61 0 L 17
62 0 U 61
63 1 U -1
64 1 U 63
65 1 U 64
66 0 U 57
67 0 U 35
68 1 U 67
69 1 U 68
70 1 L 53
71 1 U 70
72 0 U -1
73 0 U 72
74 1 U 73
75 0 U 74
76 0 U 75
77 0 U 76
78 0 U 77
79 0 L 43
80 1 U 79
81 0 U -1
82
0 1 U -1
1 1 U 0
2 0 U 1
3 1 U -1
4 1 L 3
5 0 L 3
6 1 U 5
7 1 U 6
8 0 L -1
9 1 U -1
10 1 U 9
11 0 U 10
12 0 U 11
13 0 U 12
14 0 U 13
15 0 L 12
16 1 U 3
17 0 U 16
18 1 U -1
19 0 L 11
20 0 L 9
21 1 L 13
22 1 U 21
23 0 U 22
24 0 U 23
25 1 U 24
26 0 U 10
27 0 U -1
28 0 U 27
29 1 L 3
30 0 U 24
31 1 U 30
32 1 U 31
33 0 L 32
34 0 U 33
35 1 U 34
36 1 U -1
37 0 U 36
38 0 L 12
39 1 U 38
40 0 U 39
41 0 U 40
42 0 U 41
43 1 U 42
44 1 U 38
45 1 L 9
46 0 U 32
47 0 U 11
48 0 L 20
49 1 U 7
50 0 U 49
51 1 U 50
52 1 U 51
53 1 L -1
54 0 U 19
55 0 U 26
56 0 U 55
57 1 U 56
58 1 U 57
59 1 L 31
60 0 U 59
61 0 L 17
62 0 U 61
63 1 U -1
64 1 U 63
65 1 U 64
66 1 U 65
67 0 U 35
68 1 U 67
69 1 U 68
70 1 L 53
71 1 U 70
72 0 U -1
73 0 U 72
74 1 U 73
75 0 U 74
76 0 U 75
77 0 U 76
78 0 U 77
79 1 U 78
80 1 U 79
81 1 L 60
82
0 1 U -1
1 1 U 0
2 0 U 1
3 1 U -1
4 1 L 3
5 0 L 3
6 0 L 5
7 1 U 6
8 0 L -1
9 1 U -1
10 1 U 9
11 0 U 10
12 0 U 11
13 0 U 12
14 0 U 13
15 1 L 6
16 1 U 3
17 1 U 6
18 1 U -1
19 0 L 11
20 1 U 19
21 1 L 13
22 1 U 21
23 1 L 12
24 0 U 23
25 1 U 24
26 0 U 10
27 0 U -1
28 0 U 27
29 1 L 3
30 0 U 24
31 1 U 30
32 1 U 31
33 0 L 13
34 0 U 33
35 1 U 34
36 1 U -1
37 0 U 36
38 0 U 37
39 1 U 38
40 0 U 39
41 0 U 40
42 0 U 41
43 1 U 42
44 1 U 38
45 1 L 9
46 0 U 32
47 0 U 11
48 1 U 47
49 1 U 48
50 1 U 26
51 1 L 30
52 1 U 51
53 1 L -1
54 0 U 19
55 1 U 54
56 0 U 55
57 1 U 56
58 1 U 57
59 1 U 58
60 0 U 59
61 0 L 17
62 0 U 61
63 0 U 55
64 1 U 42
65 1 U 64
66 1 U 65
67 0 L 23
68 1 U 67
69 1 U 68
70 1 L 53
71 1 U 70
72 0 U -1
73 0 U 72
74 1 U 73
75 0 U 74
76 0 U 75
77 0 U 76
78 1 L 48
79 1 U 78
80 1 U 79
81 0 U -1
82
0 1 U -1
1 1 U 0
2 0 U 1
3 1 U -1
4 1 L 3
5 0 L 3
6 1 U 5
7 1 U 6
8 0 L -1
9 1 U -1
10 1 U 9
11 0 U 10
12 0 U 11
13 0 U 12
14 0 U 13
15 1 U 6
16 1 U 3
17 0 U 16
18 1 U -1
19 0 L 11
20 1 U 19
21 1 L 13
22 1 U 21
23 0 U 22
24 0 U 23
25 1 U 24
26 0 U 10
27 0 U -1
28 0 U 27
29 1 L 3
30 0 U 20
31 1 U 30
32 1 U 31
33 1 L 10
34 0 U 33
35 1 U 34
36 1 L 5
37 0 U 36
38 0 U 37
39 1 U 14
40 0 U 39
41 1 U 29
42 0 U 41
43 1 U 42
44 1 U 38
45 1 L 9
46 0 U 32
47 0 U 11
48 1 U 47
49 1 U 48
50 0 U 49
51 1 U 50
52 1 U 18
53 1 L -1
54 0 U 19
55 1 U 54
56 0 U 55
57 1 U 56
58 1 U 57
59 1 U 58
60 0 U 59
61 0 L 17
62 0 U 61
63 1 U -1
64 1 U 63
65 1 U 64
66 1 U 65
67 0 U 35
68 1 U 67
69 1 U 68
70 1 L 53
71 1 U 70
72 0 U -1
73 0 U 72
74 1 U 73
75 0 U 74
76 0 U 75
77 0 U 76
78 0 U 77
79 1 U 78
80 1 U 79
81 0 U -1
82
0 1 U -1
1 1 U 0
2 0 U 1
3 0 U 0
4 1 L 3
5 0 L 3
6 1 U 5
7 1 U 6
8 0 L -1
9 1 U -1
10 1 L 9
11 1 L 9
12 0 U 11
13 0 U 12
14 0 U 13
15 1 U 6
16 1 U 3
17 0 U 16
18 1 U -1
19 0 L 11
20 1 U 19
21 1 L 13
22 1 U 21
23 0 U 22
24 0 U 23
25 1 U 24
26 0 U 10
27 0 U -1
28 0 U 27
29 1 L 3
30 0 U 20
31 1 U 30
32 1 U 31
33 1 L 10
34 0 U 33
35 1 U 34
36 1 L 5
37 0 U 36
38 0 U 37
39 1 U 14
40 0 U 39
41 1 U 29
42 0 U 41
43 1 U 42
44 1 U 38
45 1 L 9
46 0 U 27
47 1 U 46
48 1 U 15
49 1 U 48
50 0 U 49
51 0 L 39
52 1 U 18
53 1 L -1
54 0 U 8
55 1 U 54
56 0 U 55
57 1 U 56
58 1 U 57
59 1 U 58
60 0 U 59
61 0 L 17
62 0 U 61
63 1 U -1
64 1 U 63
65 1 U 64
66 1 U 65
67 0 U 35
68 1 U 67
69 1 U 68
70 1 L 53
71 1 U 70
72 0 U -1
73 0 U 72
74 1 U 73
75 0 U 74
76 0 U 75
77 0 U 76
78 0 U 77
79 1 U 78
80 0 L 70
81 0 U -1
82
0 1 U -1
1 1 U 0
2 0 U 1
3 1 U -1
4 1 L 3
5 0 L 3
6 1 U 5
7 1 U 6
8 0 L -1
9 1 U -1
10 1 U 9
11 1 L 3
12 0 U 11
13 0 U 12
14 0 U 13
15 1 U 6
16 1 U 3
17 0 U 16
18 1 L 0
19 0 L 11
20 1 U 19
21 1 L 13
22 1 U 21
23 0 U 22
24 0 U 23
25 1 U 24
26 0 U 10
27 0 U -1
28 0 U 27
29 1 L 3
30 0 U 20
31 1 U 30
32 0 U 30
33 0 L 18
34 0 U 33
35 1 U 34
36 1 L 5
37 0 U 36
38 0 U 37
39 0 L 0
40 0 U 39
41 1 U 29
42 0 U 41
43 1 U 20
44 1 U 38
45 1 L 9
46 0 U 32
47 0 U 11
48 1 U 47
49 1 U 48
50 0 U 49
51 1 U 50
52 1 U 18
53 1 U 14
54 0 U 19
55 1 U 54
56 0 U 55
57 1 U 56
58 1 U 57
59 1 U 58
60 0 U 59
61 0 L 17
62 0 U 61
63 1 U -1
64 1 U 63
65 1 U 64
66 1 U 65
67 0 U 35
68 1 U 67
69 1 U 68
70 1 L 53
71 1 U 70
72 0 U -1
73 0 U 72
74 1 U 73
75 1 L 51
76 1 U 6
77 0 U 76
78 0 U 77
79 1 U 78
80 1 U 79
81 0 U -1
82
0 1 U -1
1 1 U 0
2 0 U 1
3 1 U -1
4 1 L 3
5 0 L 3
6 1 U 5
7 1 U 6
8 0 L -1
9 1 U -1
10 1 U 9
11 0 U 10
12 0 U 11
13 0 U 12
14 0 U 13
15 1 U 6
16 1 U 3
17 0 U 16
18 1 U -1
19 0 L 11
20 1 U 19
21 1 L 13
22 1 U 21
23 0 U 22
24 0 U 23
25 1 U 24
26 0 U 10
27 0 U -1
28 0 U 27
29 1 L 3
30 0 U 20
31 1 U 30
32 1 U 31
33 1 L 10
34 0 U 22
35 1 U 34
36 1 L 5
37 1 L 34
38 0 U 37
39 1 U 14
40 0 U 39
41 1 U 29
42 0 U 41
43 1 U 42
44 1 U 38
45 1 L 9
46 0 U 32
47 0 U 11
48 1 U 47
49 1 U 48
50 0 U 49
51 1 U 50
52 1 U 18
53 1 L -1
54 0 U 19
55 1 U 54
56 0 U 55
57 0 U 15
58 1 U 57
59 1 U 58
60 0 U 59
61 0 L 17
62 0 U 61
63 1 U -1
64 1 U 63
65 1 U 64
66 1 U 40
67 0 U 35
68 1 U 67
69 1 U 68
70 1 L 53
71 1 U 70
72 0 U -1
73 0 U 72
74 1 U 73
75 0 U 74
76 0 U 75
77 0 U 76
78 0 U 77
79 1 U 78
80 1 U 79
81 0 U -1
82
0 1 U -1
1 1 U 0
2 0 U 1
3 1 U -1
4 1 L 3
5 0 L 0
6 1 U 5
7 1 U 6
8 0 L -1
9 1 U -1
10 1 U 9
11 0 U 10
12 0 U 11
13 0 U 12
14 0 U 13
15 1 U 6
16 1 U 3
17 0 U 16
18 1 U -1
19 0 L 11
20 1 U 19
21 1 L 13
22 1 U 21
23 0 U 22
24 0 U 23
25 1 U 24
26 0 U 10
27 0 U -1
28 0 U 27
29 1 L 3
30 0 U 20
31 1 U 30
32 1 U 31
33 1 L 10
34 0 U 33
35 1 U 34
36 1 L 5
37 0 U 36
38 0 U 37
39 1 U 14
40 0 U 39
41 1 U 29
42 0 U 41
43 1 U 42
44 1 U 38
45 1 L 9
46 0 U 32
47 0 U 11
48 1 U 47
49 1 U 48
50 0 U 49
51 1 U 50
52 1 U 18
53 1 L -1
54 0 U 19
55 1 U 54
56 0 U 55
57 1 U 56
58 1 U 57
59 1 U 58
60 0 U 59
61 0 L 17
62 0 U 61
63 1 U -1
64 1 U 63
65 1 U 64
66 0 L 19
67 0 U 35
68 1 U 67
69 1 U 68
70 1 L 53
71 1 U 70
72 0 U -1
73 0 U 72
74 1 U 73
75 0 U 74
76 0 U 75
77 0 U 76
78 0 U 77
79 1 U 78
80 1 U 79
81 0 U -1
82
0 1 U -1
1 1 U 0
2 0 U 1
3 1 U -1
4 1 L 3
5 0 L 3
6 0 L 4
7 1 U 6
8 0 L -1
9 1 U -1
10 1 U 9
11 0 U 10
12 0 U 11
13 0 U 12
14 0 U 13
15 1 U 6
16 1 U 3
17 0 U 16
18 1 U -1
19 0 L 11
20 1 U 19
21 1 L 13
22 1 U 21
23 0 U 22
24 0 U 23
25 1 U 24
26 0 U 10
27 0 U 14
28 0 U 27
29 1 L 3
30 1 U 26
31 1 U 30
32 1 U 31
33 1 L 10
34 0 U 33
35 1 U 34
36 1 L 5
37 0 U 36
38 0 U 37
39 1 U 14
40 0 U 39
41 1 U 29
42 0 U 41
43 1 U 42
44 0 U 0
45 1 L 0
46 0 U 32
47 0 U 11
48 1 U 47
49 0 L 39
50 0 U 49
51 1 U 50
52 1 U 18
53 1 L -1
54 0 U 19
55 0 U 14
56 0 U 55
57 1 U 56
58 1 U 57
59 1 U 58
60 0 U 59
61 0 L 17
62 0 U 61
63 1 U -1
64 1 U 63
65 1 U 64
66 1 U 65
67 1 L 48
68 1 U 67
69 1 U 68
70 1 L 53
71 1 U 70
72 0 U -1
73 0 U 72
74 1 U 73
75 0 U 74
76 0 U 75
77 0 U 76
78 0 U 77
79 1 U 78
80 1 U 79
81 0 U -1
82
0 1 U -1
1 1 U 0
2 0 U 1
3 0 U 2
4 1 L 3
5 0 L 3
6 1 U 5
7 1 U 6
8 0 L -1
9 1 L 8
10 1 L 6
11 0 U 10
12 0 U 11
13 0 U 12
14 0 U 13
15 1 U 6
16 1 U 3
17 1 L 5
18 1 U -1
19 0 L 11
20 1 U 19
21 1 L 13
22 0 U 17
23 0 U 22
24 0 U 23
25 1 U 24
26 0 U 10
27 0 U -1
28 0 U 27
29 1 L 3
30 0 U 20
31 1 U 30
32 1 U 31
33 1 U 16
34 0 U 33
35 1 U 34
36 1 L 5
37 0 U 36
38 0 U 37
39 1 U 14
40 0 U 39
41 1 U 29
42 0 U 41
43 1 U 42
44 1 U 38
45 1 L 9
46 0 U 32
47 0 U 11
48 1 U 47
49 1 U 48
50 0 U 49
51 1 U 50
52 1 U 18
53 1 L -1
54 0 U 19
55 1 U 54
56 0 U 55
57 1 U 56
58 0 L 1
59 1 U 58
60 0 U 59
61 0 L 17
62 0 U 61
63 1 U -1
64 1 U 63
65 1 U 64
66 1 U 65
67 0 U 35
68 1 U 67
69 1 L 25
70 1 L 53
71 0 U 32
72 0 U -1
73 0 U 72
74 1 U 73
75 0 U 74
76 0 U 75
77 0 U 76
78 0 U 77
79 1 U 78
80 1 U 79
81 0 U -1
82
0 1 U -1
1 1 U 0
2 0 U 1
3 1 U -1
4 1 L 3
5 0 L 3
6 1 U 5
7 1 U 6
8 0 L -1
9 1 U -1
10 1 U 9
11 0 U 10
12 0 U 11
13 0 U 12
14 0 U 13
15 1 U 6
16 1 U 3
17 0 U 16
18 0 L 3
19 0 L 11
20 1 U 19
21 1 L 13
22 1 U 21
23 0 U 22
24 0 U 23
25 1 U 24
26 0 U 10
27 0 U -1
28 0 U 27
29 1 L 3
30 0 U 20
31 1 U 30
32 1 U 31
33 1 L 10
34 0 U 2
35 1 U 34
36 1 L 5
37 0 U 36
38 0 U 37
39 1 U 14
40 0 U 39
41 0 U 14
42 0 U 41
43 1 U 42
44 1 U 38
45 1 L 9
46 0 U 32
47 0 U 20
48 1 U 47
49 1 U 48
50 0 U 49
51 1 U 50
52 1 U 18
53 0 L 9
54 0 U 19
55 1 U 54
56 0 U 55
57 1 U 56
58 1 U 57
59 1 U 58
60 0 U 59
61 0 L 17
62 0 U 61
63 1 U -1
64 1 U 63
65 1 U 64
66 1 U 65
67 0 U 35
68 1 U 67
69 1 U 68
70 1 L 53
71 1 U 70
72 0 U -1
73 0 U 72
74 1 U 73
75 0 U 74
76 0 U 75
77 0 U 76
78 0 U 77
79 1 U 78
80 1 U 79
81 0 U -1
82
0 1 U -1
1 1 U 0
2 0 U 1
3 1 U -1
4 1 L 3
5 0 L 3
6 1 U 5
7 1 U 6
8 0 L -1
9 1 U -1
10 1 U 9
11 0 U 10
12 0 U 11
13 0 U 12
14 0 U 12
15 1 U 13
16 1 U 3
17 0 U 16
18 0 U 17
19 0 L 11
20 1 U 19
21 1 L 13
22 1 U 21
23 0 U 22
24 0 U 23
25 1 U 24
26 0 U 10
27 0 U -1
28 0 U 27
29 1 L 3
30 0 U 20
31 1 U 30
32 1 U 31
33 1 L 10
34 0 U 33
35 1 U 34
36 1 L 5
37 0 U 36
38 0 U 37
39 0 L 8
40 0 U 39
41 1 U 29
42 0 U 41
43 1 U 42
44 1 U 38
45 1 L 9
46 0 U 32
47 0 U 11
48 1 U 47
49 1 U 26
50 0 U 49
51 1 U 50
52 1 U 18
53 1 L -1
54 0 U 19
55 1 U 54
56 0 U 55
57 1 U 56
58 1 U 57
59 1 U 58
60 0 U 59
61 0 L 17
62 0 U 61
63 1 U -1
64 1 U 63
65 1 L 49
66 0 L 60
67 0 U 35
68 1 U 67
69 1 U 68
70 1 L 53
71 1 U 70
72 0 U -1
73 0 L 70
74 1 U 73
75 0 L 49
76 0 U 75
77 0 U 76
78 0 L 9
79 1 U 78
80 1 U 79
81 0 U -1
82
0 1 U -1
1 1 U 0
2 0 U 1
3 1 U -1
4 1 L 3
5 0 L 3
6 1 U 5
7 1 U 6
8 0 L -1
9 1 U -1
10 1 U 9
11 1 L 8
12 0 U 11
13 0 U 12
14 0 U 13
15 1 U 6
16 1 U 3
17 0 U 16
18 1 U -1
19 0 L 11
20 1 U 19
21 1 L 13
22 1 U 21
23 0 U 22
24 0 U 23
25 1 U 24
26 0 U 10
27 0 U -1
28 1 U 4
29 1 U 9
30 0 U 20
31 1 U 30
32 1 U 31
33 1 L 10
34 0 U 33
35 1 U 34
36 1 L 5
37 0 U 36
38 0 U 37
39 1 U 14
40 0 U 39
41 1 U 29
42 0 U 41
43 1 U 42
44 1 U 38
45 1 L 9
46 0 U 32
47 0 U 11
48 1 U 47
49 1 U 48
50 0 U 49
51 1 U 50
52 1 U 18
53 1 L -1
54 0 U 19
55 1 U 54
56 0 U 55
57 1 U 56
58 1 U 57
59 1 U 58
60 0 U 59
61 0 U 19
62 0 U 61
63 1 U -1
64 1 U 63
65 1 U 64
66 1 U 65
67 0 U 50
68 1 U 67
69 1 U 68
70 1 L 53
71 1 U 70
72 0 U -1
73 0 U 72
74 1 U 73
75 0 U 74
76 0 U 75
77 0 U 76
78 0 U 77
79 1 U 78
80 1 U 79
81 0 U -1
82
0 1 U -1
1 1 L 0
2 0 U 1
3 1 U -1
4 1 L 3
5 0 L 3
6 1 U 5
7 1 U 6
8 0 L -1
9 1 U -1
10 1 U 9
11 0 U 10
12 0 U 11
13 0 U 12
14 0 U 13
15 1 U 6
16 1 U 3
17 0 U 16
18 1 U -1
19 0 L 11
20 1 U 19
21 1 L 13
22 1 U 21
23 0 U 22
24 0 U 23
25 1 U 24
26 0 U 10
27 0 U -1
28 0 U 27
29 1 L 3
30 0 U 20
31 1 U 30
32 0 L -1
33 1 L 10
34 1 L 18
35 1 U 34
36 1 L 5
37 0 U 36
38 0 U 37
39 1 U 14
40 0 U 39
41 1 U 29
42 0 U 41
43 1 U 42
44 1 U 38
45 1 L 9
46 0 U 32
47 1 L 40
48 1 U 47
49 1 U 48
50 0 U 49
51 1 U 50
52 1 U 18
53 1 L -1
54 0 U 19
55 1 U 54
56 0 U 55
57 1 U 56
58 1 U 57
59 1 U 58
60 0 U 59
61 0 L 17
62 1 L 57
63 1 U -1
64 1 U 63
65 1 U 64
66 1 U 65
67 0 U 35
68 1 U 67
69 1 U 68
70 1 U 21
71 1 U 70
72 0 U -1
73 0 U 72
74 1 U 73
75 0 U 74
76 0 U 75
77 0 U 76
78 1 U 59
79 1 U 78
80 1 U 79
81 1 U 6
82
0 1 U -1
1 1 U 0
2 0 U 1
3 1 U -1
4 1 L 3
5 0 U 3
6 1 U 5
7 1 U 2
8 0 L -1
9 1 U 8
10 1 U 9
11 0 U 10
12 0 U 11
13 0 U 12
14 0 U 13
15 1 U 6
16 1 U 3
17 0 U 16
18 1 U -1
19 0 L 11
20 1 U 19
21 1 L 13
22 1 U 21
23 0 U 22
24 0 U 23
25 1 U 24
26 0 U 10
27 0 U -1
28 0 U 27
29 1 L 3
30 0 U 20
31 1 U 30
32 1 U 31
33 1 L 10
34 0 U 33
35 1 U 34
36 1 L 5
37 0 U 36
38 0 U 37
39 1 U 14
40 0 U 39
41 1 U 29
42 0 U 41
43 1 U 42
44 1 U 38
45 1 L 9
46 0 U 32
47 0 L 14
48 1 U 47
49 1 U 48
50 0 U 49
51 1 U 50
52 1 L 26
53 1 L -1
54 1 U 35
55 1 U 54
56 0 U 55
57 1 U 56
58 1 U 57
59 1 U 58
60 0 U 59
61 0 L 17
62 0 L 21
63 1 U -1
64 1 U 63
65 1 U 64
66 1 U 65
67 0 U 35
68 1 U 67
69 1 U 68
70 1 L 53
71 1 U 70
72 0 U -1
73 0 U 72
74 1 U 73
75 0 U 74
76 0 U 75
77 0 U 76
78 0 U 77
79 1 U 78
80 1 U 79
81 0 U -1
82
0 0 U -1
1 1 U 0
2 0 U 0
3 1 U -1
4 1 L 3
5 0 L 3
6 1 U 5
7 1 U 6
8 0 L -1
9 1 L 0
10 1 U 9
11 0 U 10
12 0 U 11
13 0 U 12
14 0 U 13
15 1 U 6
16 1 U 3
17 0 U 16
18 1 U -1
19 0 U 7
20 1 L 4
21 0 U 0
22 1 U 21
23 0 U 22
24 0 U 23
25 1 U 24
26 0 U 10
27 0 U -1
28 0 U 27
29 1 L 3
30 0 U 20
31 1 U 30
32 1 U 31
33 1 L 10
34 0 U 33
35 1 U 34
36 1 L 5
37 0 U 36
38 0 U 37
39 1 U 14
40 0 U 39
41 1 U 29
42 0 U 39
43 1 U 42
44 1 U 38
45 1 L 9
46 0 U 32
47 1 U 30
48 1 U 47
49 1 U 48
50 1 U 16
51 1 U 50
52 1 U 18
53 1 L -1
54 0 U 19
55 1 U 54
56 0 U 55
57 1 U 56
58 1 U 57
59 1 U 58
60 0 U 59
61 0 L 17
62 0 U 61
63 1 U -1
64 1 L 23
65 1 U 64
66 1 U 65
67 0 U 35
68 1 U 67
69 1 U 68
70 1 L 53
71 1 U 70
72 0 U -1
73 0 U 72
74 1 U 73
75 0 U 74
76 0 U 75
77 0 U 76
78 0 U 77
79 1 U 78
80 1 U 79
81 0 U -1
82
0 1 U -1
1 0 U 0
2 0 U 1
3 1 U -1
4 1 L 3
5 0 L 3
6 1 U 5
7 1 U 6
8 0 L -1
9 1 U -1
10 1 L 2
11 0 U 10
12 0 U 11
13 0 U 12
14 0 U 13
15 1 U 6
16 1 U 3
17 0 U 16
18 0 U 5
19 0 L 11
20 1 U 19
21 1 U 7
22 1 U 21
23 0 U 22
24 0 U 23
25 1 U 24
26 0 U 10
27 0 U -1
28 0 L -1
29 1 L 3
30 0 U 20
31 1 U 30
32 1 U 31
33 1 L 10
34 0 U 33
35 0 U 23
36 1 L 5
37 0 U 15
38 0 U 37
39 1 U 14
40 0 U 39
41 1 U 29
42 0 U 41
43 0 U 1
44 1 U 38
45 1 L 9
46 0 U 32
47 0 U 11
48 1 U 47
49 1 U 48
50 0 U 49
51 1 U 50
52 1 U 18
53 1 L -1
54 0 U 19
55 1 U 54
56 1 U 44
57 1 U 56
58 1 U 38
59 0 U 37
60 0 U 59
61 0 L 17
62 0 U 61
63 1 U -1
64 1 U 63
65 1 U 64
66 1 U 65
67 0 U 35
68 1 U 67
69 1 U 68
70 1 L 53
71 1 U 70
72 0 U -1
73 0 U 72
74 1 U 73
75 0 U 74
76 0 U 75
77 0 U 76
78 0 U 77
79 1 U 78
80 0 U 50
81 0 U -1
82
0 1 U -1
1 0 L 0
2 0 U 1
3 1 U -1
4 1 L 3
5 0 L 3
6 0 U 3
7 1 U 6
8 0 L -1
9 1 U -1
10 1 U 9
11 0 U 10
12 0 U 11
13 0 L 1
14 0 U 13
15 1 L 14
16 1 U 3
17 0 U 16
18 1 U -1
19 0 L 11
20 1 U 19
21 1 L 13
22 1 U 21
23 0 U 22
24 0 U 23
25 1 U 24
26 0 U 10
27 0 U -1
28 0 U 14
29 1 L 3
30 0 U 20
31 1 U 30
32 1 U 31
33 1 L 10
34 0 U 33
35 1 L 32
36 1 L 5
37 0 U 36
38 0 U 37
39 1 U 14
40 0 U 39
41 1 U 29
42 0 U 9
43 0 U -1
44 1 U 38
45 1 L 9
46 0 U 32
47 0 U 11
48 1 U 47
49 1 U 48
50 0 U 49
51 1 U 50
52 1 U 18
53 1 L -1
54 0 U 19
55 0 U -1
56 0 U 55
57 1 U 56
58 1 U 57
59 1 U 58
60 0 U 59
61 0 L 45
62 1 L 38
63 1 U -1
64 1 U 63
65 1 U 64
66 1 U 65
67 0 U 35
68 1 U 67
69 0 U 22
70 1 L 53
71 1 L 68
72 0 U -1
73 0 U 72
74 1 U 73
75 0 U 74
76 0 U 75
77 0 U 76
78 0 U 77
79 1 U 78
80 1 U 79
81 0 U -1
82
0 1 U -1
1 1 U 0
2 0 U 1
3 1 U -1
4 1 L 3
5 0 L 3
6 1 U 5
7 1 U 6
8 0 L -1
9 1 U 5
10 1 U 9
11 0 U 10
12 0 U 10
13 0 U 12
14 0 U 13
15 1 U 6
16 1 U 3
17 0 U 16
18 1 U -1
19 0 L 11
20 1 U 19
21 1 L 13
22 1 U 21
23 0 U 22
24 1 L 19
25 0 L 3
26 0 U 10
27 0 U -1
28 0 U 27
29 1 L 3
30 0 U 20
31 1 U 30
32 1 U 31
33 1 L 10
34 0 U 33
35 1 U 34
36 1 L 5
37 0 U 36
38 0 U 37
39 1 U 14
40 0 U 39
41 1 U 29
42 0 U 41
43 1 U 42
44 1 U 38
45 1 L 9
46 0 U 32
47 0 U 20
48 1 U 47
49 1 U 48
50 0 U 49
51 1 L 0
52 1 L 8
53 1 L -1
54 0 U 19
55 1 U 54
56 0 U 55
57 1 U 56
58 1 U 57
59 1 U 58
60 0 U 59
61 0 L 17
62 0 U 61
63 1 U -1
64 1 U 63
65 1 U 64
66 1 U 65
67 0 U 35
68 1 U 67
69 1 U 68
70 1 L 21
71 1 U 70
72 0 U -1
73 0 U 72
74 1 U 73
75 0 U 74
76 0 U 75
77 0 U 76
78 0 U 47
79 1 U 78
80 1 U 79
81 0 U -1
82
0 1 U -1
1 1 U 0
2 0 U 1
3 1 U -1
4 1 L 3
5 0 L 3
6 1 U 5
7 1 U 6
8 0 L -1
9 1 U 5
10 1 U 9
11 0 U 10
12 0 U 10
13 0 U 12
14 0 U 13
15 1 U 6
16 1 U 3
17 0 L 9
18 1 U -1
19 0 L 11
20 1 U 19
21 1 L 13
22 1 U 21
23 0 U 22
24 1 L 19
25 0 L 3
26 0 U 10
27 0 U -1
28 0 U 27
29 1 L 17
30 0 U 20
31 1 U 30
32 1 U 31
33 1 L 10
34 0 U 33
35 1 U 34
36 1 L 5
37 0 U 36
38 0 U 37
39 1 U 14
40 0 U 39
41 1 U 29
42 0 U 41
43 1 U 42
44 1 U 38
45 1 L 9
46 0 U 32
47 0 U 20
48 1 U 47
49 1 U 48
50 0 U 49
51 1 L 0
52 1 L 8
53 1 L -1
54 0 U 52
55 1 U 54
56 0 U 55
57 1 U 56
58 0 U 7
59 1 U 58
60 0 U 59
61 0 L 17
62 0 U 61
63 1 U -1
64 1 U 63
65 1 U 34
66 1 U 65
67 0 U 35
68 1 U 67
69 1 U 68
70 1 L 21
71 1 U 70
72 0 U -1
73 0 U 72
74 1 U 73
75 0 U 74
76 0 U 30
77 0 U 76
78 0 U 25
79 1 U 78
80 1 U 79
81 0 U -1
82
0 1 L -1
1 1 U 0
2 0 U 1
3 1 U -1
4 1 L 3
5 0 L 3
6 1 U 5
7 1 U 6
8 0 L -1
9 1 U 5
10 1 U 9
11 0 U 10
12 0 U 10
13 1 L -1
14 0 U 13
15 1 U 8
16 1 U 3
17 0 U 16
18 1 U -1
19 0 L 11
20 1 U 19
21 1 L 13
22 0 U 8
23 0 U 22
24 1 L 19
25 0 L 3
26 0 U 10
27 0 U -1
28 0 U 27
29 0 L 22
30 0 U 20
31 1 U 30
32 1 U 31
33 1 L 10
34 0 U 33
35 1 U 34
36 1 L 5
37 0 U 36
38 0 U 37
39 1 U 14
40 0 U 39
41 1 U 29
42 0 U 41
43 1 U 42
44 1 U 38
45 1 L 9
46 0 U 32
47 0 U 20
48 1 U 47
49 1 U 48
50 0 U 49
51 0 L 8
52 1 L 8
53 1 L -1
54 0 U 19
55 1 U 54
56 0 U 55
57 1 U 56
58 1 U 57
59 1 U 58
60 0 U 59
61 0 L 17
62 0 U 61
63 1 U -1
64 1 U 63
65 1 U 64
66 1 U 65
67 0 U 35
68 1 U 67
69 1 U 68
70 1 L 63
71 1 U 70
72 0 U -1
73 0 U 72
74 1 U 73
75 0 U 74
76 0 U 75
77 0 L 52
78 0 U 47
79 1 U 78
80 1 U 79
81 0 U -1
82
0 1 U -1
1 1 U 0
2 0 U 1
3 1 U -1
4 1 L 3
5 1 U 4
6 1 U 5
7 1 U 6
8 0 L -1
9 1 U 5
10 0 U 5
11 0 U 10
12 0 U 10
13 0 U 12
14 0 U 13
15 1 U 6
16 1 U 3
17 0 U 16
18 1 U -1
19 0 L 11
20 1 U 19
21 1 L 13
22 1 U 21
23 0 U 22
24 1 L 19
25 0 L 3
26 0 U 10
27 0 U -1
28 0 U 5
29 1 L 3
30 0 L 22
31 1 U 30
32 0 L 6
33 1 L 10
34 0 U 33
35 1 U 34
36 1 L 5
37 0 U 36
38 0 U 37
39 1 U 14
40 0 U 39
41 0 L 38
42 0 U 41
43 1 U 42
44 1 U 38
45 1 L 9
46 0 U 32
47 0 U 20
48 1 U 47
49 1 L 40
50 0 U 49
51 1 L 0
52 1 L 8
53 0 L 7
54 0 U 19
55 1 U 54
56 0 L 35
57 1 U 56
58 1 U 57
59 1 U 58
60 0 U 59
61 0 L 17
62 0 U 61
63 1 U -1
64 1 U 63
65 1 U 64
66 1 U 65
67 0 U 35
68 1 U 67
69 1 U 68
70 1 L 21
71 1 U 70
72 0 U -1
73 0 U 72
74 1 U 73
75 0 U 74
76 0 U 75
77 0 U 76
78 0 U 47
79 1 U 78
80 1 U 79
81 0 U -1
82
0 1 U -1
1 1 U 0
2 0 U 1
3 1 U -1
4 1 L 3
5 0 L 3
6 1 U 5
7 0 L 3
8 0 L -1
9 1 U 5
10 0 L 4
11 0 U 10
12 0 U 10
13 0 U 12
14 0 U 13
15 1 U 6
16 1 U 3
17 0 U 16
18 1 U -1
19 0 L 11
20 1 U 19
21 1 L 13
22 1 U 21
23 0 U 22
24 1 L 19
25 0 L 3
26 0 U 10
27 0 U -1
28 0 U 27
29 1 L 3
30 0 U 20
31 1 U 30
32 1 U 31
33 1 L 10
34 0 L 28
35 1 U 34
36 1 L 5
37 0 U 36
38 0 U 37
39 1 U 14
40 0 U 39
41 1 U 29
42 0 L 24
43 1 U 42
44 1 U 38
45 1 L 9
46 0 U 32
47 0 U 20
48 1 U 47
49 1 U 48
50 0 U 49
51 1 L 0
52 1 L 8
53 1 L -1
54 0 U 19
55 1 U 54
56 0 U 55
57 1 U 56
58 1 U 57
59 1 U 58
60 1 L 46
61 0 L 17
62 0 U 61
63 1 U -1
64 1 U 63
65 0 U 18
66 1 U 65
67 0 U 35
68 1 U 67
69 1 U 68
70 1 L 21
71 1 U 70
72 0 U -1
73 0 U 72
74 1 L 47
75 0 U 74
76 0 U 75
77 0 U 76
78 0 U 47
79 1 U 78
80 1 U 79
81 0 U -1
82
0 1 U -1
1 1 U 0
2 0 U 1
3 1 U -1
4 1 L 3
5 0 L 3
6 1 U 5
7 1 U 6
8 0 L -1
9 1 U 5
10 1 U 9
11 0 U 10
12 0 U 10
13 0 U -1
14 0 U 13
15 1 U 6
16 1 U 3
17 0 U 16
18 1 U -1
19 0 L 11
20 1 U 19
21 1 L 13
22 1 U 21
23 0 U 22
24 0 L 9
25 0 L 3
26 0 U 3
27 0 U -1
28 0 U 27
29 1 L 3
30 1 U 0
31 1 U 30
32 1 U 31
33 1 L 10
34 0 U 33
35 1 U 34
36 1 L 5
37 0 U 36
38 0 U 37
39 1 U 14
40 0 U 39
41 1 U 29
42 0 U 41
43 1 U 42
44 1 U 38
45 1 L 9
46 0 U 32
47 0 U 20
48 1 U 47
49 1 U 48
50 0 U 49
51 1 L 0
52 1 U 42
53 0 L 4
54 0 U 19
55 1 U 54
56 0 U 55
57 1 U 56
58 1 U 57
59 1 L 24
60 0 U 59
61 0 L 17
62 0 U 61
63 1 U -1
64 0 L 19
65 1 U 64
66 1 U 65
67 0 U 35
68 1 U 67
69 1 U 68
70 1 L 21
71 1 U 70
72 0 U -1
73 0 L 8
74 0 L 48
75 0 U 74
76 0 U 75
77 0 U 76
78 0 U 47
79 1 U 78
80 1 U 79
81 0 U -1
82
0 1 U -1
1 1 U 0
2 0 U 1
3 1 U -1
4 1 L 3
5 0 L 3
6 1 U 5
7 1 U 6
8 0 L -1
9 1 U 5
10 1 U 9
11 0 U 10
12 0 U 10
13 0 U 12
14 0 U 13
15 1 U 6
16 1 U 3
17 0 U 16
18 1 U -1
19 0 L 11
20 1 U 19
21 1 L 13
22 1 U 21
23 0 U 22
24 1 L 19
25 0 L 3
26 1 L 18
27 0 U -1
28 0 U 27
29 1 L 3
30 0 U 20
31 1 U 30
32 1 U 31
33 1 L 10
34 0 U 33
35 1 U 34
36 1 L 5
37 0 U 16
38 0 U 37
39 1 U 14
40 0 U 39
41 1 U 29
42 0 U 41
43 1 U 42
44 1 U 38
45 1 L 9
46 0 U 32
47 0 U 20
48 1 U 47
49 1 U 41
50 0 U 49
51 1 L 0
52 1 L 8
53 1 L -1
54 0 U 19
55 1 U 54
56 0 U 55
57 1 U 56
58 1 L 46
59 1 U 58
60 0 U 59
61 0 L 17
62 0 U 61
63 1 U -1
64 1 U 63
65 1 U 64
66 1 U 65
67 0 U 35
68 1 U 67
69 1 U 68
70 1 L 21
71 1 U 70
72 0 U -1
73 0 L 21
74 1 U 73
75 0 U 74
76 0 U 75
77 0 L 5
78 0 U 47
79 1 U 78
80 1 U 8
81 0 U -1
82
0 1 U -1
1 1 U 0
2 1 L -1
3 1 U -1
4 1 L 3
5 0 L 3
6 1 U 5
7 1 U 6
8 0 L -1
9 1 U 5
10 1 U 9
11 0 U 10
12 0 U 10
13 0 U 12
14 0 U 13
15 1 U 6
16 1 U 3
17 0 U 16
18 1 U -1
19 0 L 11
20 1 U 19
21 1 L 13
22 1 U 21
23 0 U 22
24 0 U 1
25 0 L 3
26 0 U 10
27 0 U -1
28 0 U 27
29 1 L 3
30 0 L 11
31 1 U 30
32 0 L 20
33 1 L 10
34 1 L 15
35 1 U 34
36 1 L 5
37 0 U 36
38 0 U 37
39 1 U 38
40 0 U 39
41 1 U 29
42 0 U 41
43 1 U 3
44 1 U 38
45 1 L 9
46 0 U 32
47 0 U 20
48 1 U 47
49 1 U 32
50 0 U 49
51 1 L 0
52 1 L 8
53 1 L -1
54 0 U 19
55 1 U 54
56 0 U 55
57 1 U 56
58 1 U 57
59 1 U 58
60 0 U 59
61 0 L 17
62 0 U 61
63 0 U 48
64 1 U 63
65 1 U 64
66 1 U 65
67 0 U 35
68 1 U 67
69 1 U 68
70 1 L 21
71 0 L -1
72 1 U 58
73 0 U 72
74 1 U 73
75 0 U 74
76 0 U 75
77 0 U 76
78 0 U 47
79 1 U 78
80 1 U 79
81 0 U -1
82
0 1 L -1
1 1 U 0
2 1 L -1
3 1 U -1
4 1 L 3
5 0 L 3
6 0 L 4
7 1 U 6
8 0 L -1
9 1 U 5
10 1 U 9
11 0 U 10
12 0 U 10
13 0 U 12
14 0 U 13
15 1 U 6
16 1 U 3
17 0 U 16
18 1 U -1
19 0 L 11
20 1 U 19
21 1 L 13
22 1 U 21
23 0 U 22
24 0 U 1
25 0 L 3
26 0 U 10
27 0 U -1
28 0 U 27
29 1 L 3
30 0 L 11
31 1 U 13
32 0 L 20
33 1 L 10
34 1 L 15
35 1 U 34
36 1 L 5
37 0 U 36
38 0 L 35
39 1 U 38
40 0 U 39
41 1 U 29
42 0 U 41
43 1 U 3
44 1 U 38
45 1 L 9
46 0 U 32
47 0 U 20
48 1 U 47
49 1 U 32
50 0 U 49
51 1 L 0
52 0 L 47
53 1 L -1
54 0 U 19
55 1 U 54
56 1 U 23
57 1 U 56
58 1 U 57
59 1 U 58
60 0 U 59
61 0 L 17
62 0 U 61
63 0 U 48
64 1 U 63
65 1 U 64
66 1 U 53
67 0 L 12
68 1 U 67
69 1 U 68
70 1 L 21
71 0 L -1
72 1 U 58
73 0 U 72
74 1 U 73
75 0 U 74
76 0 U 75
77 0 U 76
78 0 U 47
79 0 L 14
80 1 U 79
81 0 U -1
82
0 1 U -1
1 1 U 0
2 1 L -1
3 1 U -1
4 1 L 3
5 0 L 3
6 1 U 5
7 1 U 6
8 0 L -1
9 1 U 5
10 1 U 9
11 0 U 10
12 0 U 10
13 0 U 12
14 0 U 13
15 1 U 6
16 1 U 3
17 0 U 16
18 1 U -1
19 0 L 11
20 1 U 19
21 1 L 13
22 1 U 21
23 0 U 22
24 0 U 1
25 0 L 3
26 0 U 10
27 1 L 14
28 0 U 27
29 0 L -1
30 0 L 11
31 1 U 30
32 0 L 20
33 0 U 27
34 1 L 15
35 1 U 34
36 1 L 5
37 0 U 36
38 0 U 37
39 1 U 38
40 0 U 39
41 1 U 29
42 0 U 41
43 1 U 3
44 0 U 24
45 1 L 9
46 0 U 32
47 0 U 20
48 1 L 46
49 1 U 32
50 0 U 49
51 1 L 0
52 1 L 8
53 1 L -1
54 0 U 19
55 1 U 54
56 0 U 55
57 1 U 56
58 1 U 57
59 1 U 58
60 0 U 59
61 0 L 17
62 0 U 61
63 0 U 48
64 1 U 63
65 1 U 64
66 1 U 65
67 0 U 35
68 1 U 67
69 1 U 68
70 1 L 21
71 0 L -1
72 1 U 58
73 0 U 72
74 1 U 73
75 0 U 74
76 0 U 75
77 0 U 76
78 0 U 47
79 1 U 78
80 1 U 79
81 0 U -1
82
0 1 U -1
1 1 U 0
2 1 L -1
3 1 U -1
4 1 L 3
5 0 L 3
6 1 U 5
7 1 U 6
8 0 L -1
9 1 U 5
10 1 U 9
11 1 U 1
12 0 U 10
13 0 U 12
14 0 U 13
15 1 U 6
16 1 U 3
17 0 U 16
18 1 U -1
19 0 L 11
20 1 U 19
21 1 L 13
22 1 U 21
23 0 U 22
24 0 U 22
25 0 L 3
26 0 U 10
27 0 U -1
28 0 U 27
29 0 L 11
30 0 L 11
31 1 U 30
32 0 L 20
33 1 L 10
34 1 L 21
35 1 U 34
36 1 L 5
37 0 U 36
38 0 L 6
39 1 U 38
40 0 U 39
41 1 U 29
42 0 U 41
43 1 U 3
44 1 U 38
45 1 L 9
46 0 U 32
47 0 U 20
48 1 U 47
49 1 U 32
50 0 U 49
51 1 L 0
52 1 L 8
53 1 L -1
54 0 U 19
55 0 L 49
56 1 L 7
57 1 U 56
58 1 U 57
59 1 U 58
60 0 U 59
61 0 L 17
62 0 U 61
63 0 U 48
64 1 U 63
65 1 U 64
66 1 U 65
67 0 L 60
68 1 L 28
69 1 U 68
70 1 L 21
71 0 L -1
72 1 U 58
73 0 U 72
74 1 U 73
75 0 U 74
76 0 U 75
77 0 U 76
78 0 U 47
79 1 U 78
80 1 U 79
81 0 U 69
82
0 1 U -1
1 1 U 0
2 1 L -1
3 1 U -1
4 1 L 3
5 0 L 3
6 1 U 5
7 1 U 6
8 0 L -1
9 1 U 5
10 1 U 9
11 0 U 10
12 0 L 10
13 0 U 12
14 0 U 13
15 1 U 6
16 1 U 3
17 0 U 16
18 1 U -1
19 0 L 11
20 1 U 19
21 1 L 13
22 1 U 21
23 0 U 22
24 0 U 1
25 0 L 3
26 0 U 10
27 0 U -1
28 0 U 6
29 1 L 3
30 0 L 11
31 1 U 30
32 0 L 20
33 1 L 10
34 1 L 15
35 1 U 34
36 1 L 5
37 0 U 36
38 0 U 37
39 1 U 38
40 0 U 39
41 1 U 29
42 0 U 41
43 1 U 3
44 1 U 38
45 1 L 9
46 0 U 32
47 0 U 20
48 1 U 47
49 1 U 32
50 0 U 49
51 1 L 0
52 1 L 8
53 1 L -1
54 0 U 19
55 1 U 54
56 0 U 55
57 1 L 43
58 1 U 57
59 1 U 58
60 0 U 59
61 0 L 59
62 0 U 61
63 0 U 48
64 1 U 63
65 1 U 64
66 1 U 65
67 0 U 35
68 1 U 67
69 1 U 68
70 1 L 21
71 0 L -1
72 1 U 58
73 0 U 72
74 1 U 73
75 0 U 74
76 0 U 75
77 0 U 76
78 0 U 47
79 1 U 78
80 1 U 79
81 0 L 68
82
0 1 U -1
1 1 U 0
2 1 L -1
3 1 U -1
4 1 L 3
5 0 L 3
6 1 U 5
7 1 U 6
8 0 L -1
9 1 U 5
10 1 U 9
11 0 U 10
12 0 U 10
13 0 U 12
14 0 U 13
15 1 U 6
16 1 U 3
17 0 U 16
18 1 U -1
19 0 L 11
20 1 U 19
21 1 L 13
22 1 U 21
23 0 U 22
24 0 U 1
25 0 L 3
26 0 L -1
27 0 U -1
28 0 U 27
29 1 L 3
30 0 L 11
31 1 U 30
32 0 L 20
33 1 L 10
34 1 L 15
35 1 U 34
36 1 U 17
37 0 U 36
38 0 U 37
39 1 U 38
40 0 U 39
41 1 U 29
42 0 U 41
43 1 U 3
44 1 U 38
45 1 L 9
46 0 U 32
47 0 U 14
48 1 U 47
49 1 U 45
50 0 U 49
51 1 L 0
52 1 L 8
53 1 L -1
54 0 U 19
55 1 U 54
56 1 U 40
57 1 U 56
58 1 U 57
59 1 U 58
60 0 U 59
61 1 U 6
62 0 U 61
63 0 U 48
64 1 U 63
65 1 U 64
66 1 U 65
67 0 U 35
68 1 U 67
69 1 U 68
70 1 L 21
71 0 L -1
72 0 U 8
73 0 U 72
74 1 U 73
75 0 U 74
76 1 L 51
77 1 L 41
78 0 U 47
79 1 U 78
80 1 U 79
81 0 U -1
82
0 1 U -1
1 1 U 0
2 1 L -1
3 1 U -1
4 1 L 3
5 0 L 3
6 1 U 5
7 1 U 6
8 0 L -1
9 1 U 5
10 1 U 9
11 0 U 10
12 0 U 10
13 0 U 12
14 0 U 13
15 1 U 6
16 1 U 3
17 0 U 16
18 1 U -1
19 0 L 11
20 1 U 19
21 1 L 13
22 1 U 21
23 0 U 22
24 0 U 1
25 1 L 10
26 0 U 10
27 0 U -1
28 0 U 27
29 1 L 3
30 0 L 11
31 1 U 30
32 0 U 15
33 1 L 10
34 1 L 15
35 1 U 34
36 1 L 5
37 0 U 36
38 0 U 37
39 1 U 38
40 1 U 9
41 1 U 29
42 0 U 41
43 1 U 3
44 1 U 38
45 1 L 9
46 0 U 32
47 0 U 20
48 1 U 47
49 1 U 32
50 0 U 49
51 1 L 0
52 1 L 8
53 1 U 14
54 0 U 19
55 1 U 54
56 0 U 55
57 1 U 56
58 1 U 57
59 0 L 34
60 0 U 59
61 0 L 17
62 0 U 61
63 0 U 48
64 1 U 63
65 1 U 64
66 1 U 65
67 0 U 35
68 1 U 67
69 1 U 68
70 1 L 21
71 0 L -1
72 1 U 58
73 0 U 72
74 1 U 73
75 0 U 74
76 0 U 75
77 0 U 76
78 0 U 47
79 1 U 78
80 1 U 79
81 0 U -1
82
0 1 U -1
1 1 U 0
2 1 L -1
3 1 U -1
4 1 L 3
5 0 L 3
6 1 U 5
7 1 U 6
8 0 L -1
9 1 U 5
10 1 U 9
11 0 U 10
12 0 U 10
13 0 U 12
14 0 U 13
15 1 U 6
16 1 U 3
17 0 U 16
18 1 U -1
19 0 L 11
20 1 U 19
21 1 L 13
22 1 U 21
23 0 U 22
24 0 U 1
25 0 L 3
26 1 U 10
27 0 U -1
28 0 U 27
29 0 U 15
30 0 L 11
31 1 U 30
32 0 L 20
33 1 L 10
34 1 L 15
35 1 U 34
36 1 L 5
37 0 U 36
38 0 U 37
39 0 U 37
40 0 U 39
41 1 U 29
42 1 L 16
43 1 U 3
44 1 U 38
45 1 L 9
46 0 U 32
47 0 U 20
48 1 U 47
49 1 U 32
50 1 L 29
51 1 L 0
52 1 L 8
53 1 L -1
54 0 U 19
55 1 U 54
56 0 U 55
57 1 U 56
58 1 U 57
59 1 U 58
60 0 U 59
61 0 L 17
62 0 U 61
63 0 U 48
64 1 U 63
65 1 U 64
66 1 U 65
67 0 U 35
68 1 U 67
69 1 U 5
70 1 L 21
71 0 L -1
72 1 U 58
73 0 U 72
74 1 U 73
75 0 U 74
76 0 U 75
77 0 U 76
78 0 U 47
79 1 U 78
80 1 U 79
81 0 U -1
82
0 1 U -1
1 1 L 0
2 1 L 0
3 1 U -1
4 0 U 1
5 0 L 3
6 1 U 5
7 1 U 6
8 0 L -1
9 0 L 2
10 1 U 9
11 0 U 10
12 0 U 10
13 0 U 12
14 0 U 13
15 1 U 6
16 1 U 3
17 0 U 16
18 1 U -1
19 0 L 11
20 1 U 19
21 1 L 13
22 0 L 20
23 0 U 22
24 0 U 1
25 0 L 3
26 0 U 10
27 0 U -1
28 0 U 27
29 1 L 3
30 0 L 11
31 1 U 30
32 0 L 20
33 1 L 10
34 1 L 15
35 1 U 34
36 1 L 5
37 0 U 36
38 0 U 37
39 1 U 38
40 0 U 39
41 0 U 1
42 0 U 41
43 1 U 3
44 1 U 38
45 1 L 9
46 0 U 32
47 0 U 20
48 1 U 47
49 1 L 42
50 0 U 49
51 1 L 0
52 1 L 8
53 1 L -1
54 0 U 5
55 1 U 54
56 0 U 55
57 1 U 56
58 1 U 57
59 1 U 58
60 0 U 59
61 0 L 17
62 0 U 61
63 0 U 48
64 0 U 40
65 1 U 64
66 1 U 65
67 0 U 35
68 1 U 67
69 1 U 68
70 1 L 21
71 0 L -1
72 1 U 58
73 0 U 72
74 1 U 73
75 0 U 74
76 0 U 75
77 0 U 76
78 0 U 47
79 1 U 78
80 1 U 79
81 0 U -1
82
0 1 U -1
1 1 U 0
2 1 L -1
3 1 U -1
4 1 L 3
5 0 L 3
6 1 U 5
7 1 U 6
8 0 L -1
9 1 U 5
10 1 U 9
11 0 U 10
12 0 U 10
13 0 U 12
14 0 U 13
15 1 U 6
16 1 U 3
17 0 U 16
18 1 U -1
19 0 L 11
20 0 U 15
21 1 L 13
22 1 U 21
23 0 U 22
24 0 U 1
25 0 L -1
26 0 U 10
27 0 U -1
28 0 U 27
29 1 L 3
30 0 L 11
31 1 U 30
32 0 L 20
33 1 L 10
34 1 L 15
35 1 U 34
36 1 L 5
37 0 U 36
38 0 U 20
39 1 U 38
40 0 U 39
41 1 U 29
42 0 U 41
43 1 U 3
44 1 U 38
45 1 L 43
46 0 U 32
47 0 U 3
48 1 U 47
49 1 U 32
50 0 U 49
51 1 L 0
52 1 L 8
53 0 L 41
54 0 U 19
55 1 U 54
56 0 U 55
57 1 U 56
58 1 U 57
59 1 U 58
60 0 U 59
61 0 L 17
62 0 U 61
63 0 U 48
64 1 U 63
65 1 U 64
66 0 L 60
67 0 U 35
68 1 U 67
69 1 U 68
70 0 L 38
71 0 L -1
72 1 U 58
73 0 U 72
74 1 U 73
75 0 U 74
76 0 U 75
77 0 U 76
78 0 U 47
79 1 U 78
80 1 U 79
81 0 U -1
82
0 1 U -1
1 1 U 0
2 1 L -1
3 1 U -1
4 1 L 3
5 0 L 3
6 1 U 5
7 1 U 6
8 0 L -1
9 1 U 5
10 1 U 9
11 0 U 10
12 1 U 6
13 0 U 12
14 1 L 10
15 1 L -1
16 1 U 3
17 0 U 16
18 1 U -1
19 0 L 11
20 1 U 19
21 1 L 11
22 1 U 21
23 0 U 22
24 0 U 1
25 0 L 3
26 0 U 10
27 1 U 24
28 0 U 9
29 1 L 3
30 0 L 11
31 1 U 30
32 0 L 20
33 1 L 10
34 1 L 15
35 1 U 34
36 1 L 5
37 0 U 36
38 0 U 37
39 1 U 38
40 0 U 39
41 1 U 29
42 0 U 41
43 1 U 3
44 1 U 38
45 1 L 9
46 0 U 32
47 0 U 20
48 1 U 47
49 1 U 32
50 0 U 49
51 0 U 0
52 1 L 8
53 1 U 35
54 0 U 19
55 1 U 54
56 0 U 55
57 1 U 56
58 1 U 57
59 1 U 58
60 0 U 59
61 0 L 17
62 0 U 61
63 0 U 48
64 1 U 63
65 1 L 1
66 1 U 65
67 0 U 35
68 1 U 67
69 1 U 68
70 1 L 21
71 0 L -1
72 1 U 58
73 0 U 72
74 0 L 31
75 0 U 74
76 0 U 75
77 0 U 76
78 1 U 15
79 1 U 78
80 1 U 79
81 0 U 65
82
0 1 U -1
1 1 U 0
2 1 L -1
3 1 U -1
4 1 L 3
5 0 L 3
6 1 U 5
7 1 U 6
8 0 L -1
9 1 U 5
10 1 U 9
11 0 U 10
12 0 U 10
13 0 U 12
14 0 U 13
15 1 U 6
16 1 U 3
17 0 U 16
18 1 U -1
19 0 L 11
20 1 U 19
21 0 L 16
22 1 U 21
23 0 U 22
24 0 U 1
25 0 L 3
26 0 U 10
27 0 U -1
28 0 U 27
29 0 L 1
30 0 L 11
31 1 U 30
32 0 L 20
33 1 L 10
34 1 L 15
35 1 U 34
36 1 L 5
37 0 U 36
38 0 U 37
39 0 U 16
40 0 U 39
41 1 U 29
42 0 U 41
43 1 U 3
44 1 U 38
45 1 L 9
46 0 U 32
47 0 U 20
48 1 U 47
49 1 U 32
50 0 U 49
51 1 L 36
52 1 L 8
53 1 L -1
54 0 U 19
55 1 U 54
56 0 U 55
57 1 U 32
58 1 U 57
59 1 U 58
60 0 U 59
61 0 U 54
62 0 U 61
63 0 U 48
64 1 U 63
65 1 U 64
66 1 U 65
67 0 U 35
68 1 U 67
69 1 U 68
70 1 U 69
71 0 L -1
72 1 U 58
73 0 U 72
74 1 U 73
75 0 U 74
76 0 U 75
77 0 U 76
78 0 U 1
79 1 U 78
80 1 U 79
81 0 U -1
82
0 1 U -1
1 1 U 0
2 1 L -1
3 0 U -1
4 1 L 3
5 0 L 3
6 1 U 5
7 1 U 6
8 0 L -1
9 1 U 5
10 1 U 9
11 0 U 10
12 0 U 10
13 0 U 12
14 0 U 13
15 1 U 6
16 0 U 6
17 0 U 16
18 1 U -1
19 0 L 11
20 1 U 19
21 1 L 13
22 1 U 21
23 0 U 22
24 0 U 1
25 0 L 3
26 0 U 10
27 0 U -1
28 0 U 27
29 1 L 3
30 0 L 11
31 1 U 30
32 1 U 7
33 1 L 10
34 1 U 3
35 1 U 34
36 1 L 5
37 0 U 36
38 0 U 37
39 0 U 4
40 0 U 39
41 1 U 29
42 0 U 41
43 1 U 3
44 1 U 38
45 1 L 9
46 0 U 32
47 0 U 20
48 1 U 47
49 1 U 32
50 0 U 49
51 1 L 0
52 1 L 8
53 1 L -1
54 0 U 19
55 1 U 54
56 0 U 55
57 1 U 56
58 0 U 13
59 1 U 58
60 0 U 59
61 0 L 17
62 0 U 61
63 0 U 48
64 1 U 63
65 1 U 64
66 1 L 31
67 0 U 35
68 1 U 67
69 1 U 68
70 1 L 21
71 0 L -1
72 1 L 68
73 0 U 72
74 1 U 73
75 0 U 74
76 1 U 42
77 0 U 76
78 0 U 47
79 1 U 78
80 0 U 37
81 0 U -1
82
0 1 U -1
1 1 U 0
2 1 L -1
3 1 U -1
4 1 L 3
5 0 U -1
6 1 U 5
7 1 U 6
8 0 L -1
9 1 U 5
10 1 U 9
11 0 U 10
12 0 U 10
13 0 U 12
14 0 U 10
15 1 U 6
16 1 U 3
17 1 L 0
18 1 U -1
19 0 L 11
20 1 U 19
21 0 L 11
22 1 U 21
23 0 U 22
24 0 U 1
25 0 L 3
26 0 U 10
27 0 U -1
28 0 U 27
29 1 L 3
30 0 L 11
31 1 U 30
32 1 L 28
33 1 L 10
34 1 L 15
35 1 U 34
36 1 L 5
37 0 U 36
38 0 U 37
39 1 U 38
40 0 U 39
41 1 U 29
42 0 U 41
43 0 U 9
44 1 U 38
45 1 L 9
46 0 U 32
47 0 U 20
48 1 U 33
49 1 U 32
50 0 U 49
51 0 L 46
52 1 L 8
53 1 L -1
54 0 U 19
55 1 U 54
56 0 U 55
57 1 U 56
58 1 U 57
59 1 U 58
60 0 U 59
61 0 L 17
62 0 U 61
63 0 U 48
64 1 U 63
65 1 U 64
66 1 U 65
67 0 U 35
68 1 U 67
69 0 L -1
70 1 L 21
71 0 L -1
72 1 U 58
73 0 U 57
74 1 U 73
75 0 U 74
76 0 U 75
77 0 U 48
78 0 U 47
79 1 U 78
80 1 U 79
81 0 U -1
82
0 1 U -1
1 1 U 0
2 1 L -1
3 1 U -1
4 1 L 3
5 0 L 3
6 0 L 5
7 1 U 6
8 0 L -1
9 1 U 5
10 1 U 9
11 0 U 10
12 0 U 10
13 0 U 12
14 0 U 13
15 1 U 6
16 1 U 3
17 0 L 2
18 1 U -1
19 0 U 13
20 1 U 19
21 1 L 13
22 1 U 21
23 0 U 22
24 0 U 1
25 0 L 3
26 0 U 10
27 0 U -1
28 0 U 27
29 1 U 2
30 0 L 11
31 1 U 30
32 0 L 20
33 1 L 10
34 1 L 15
35 0 U 17
36 1 L 5
37 0 U 36
38 0 U 37
39 1 U 38
40 0 U 39
41 1 U 29
42 0 U 41
43 1 U 3
44 1 U 38
45 1 L 9
46 0 U 32
47 0 U 20
48 1 U 47
49 1 U 32
50 0 U 49
51 1 L 0
52 1 L 8
53 1 L -1
54 0 U 19
55 1 U 54
56 0 U 55
57 1 U 56
58 1 U 57
59 1 U 58
60 0 U 59
61 0 L 17
62 0 U 61
63 0 U 48
64 1 U 63
65 0 U 40
66 1 U 65
67 0 U 35
68 1 U 67
69 1 U 68
70 1 L 21
71 0 L -1
72 1 U 58
73 0 U 72
74 1 U 73
75 0 U 74
76 0 U 75
77 0 U 76
78 0 U 47
79 1 U 78
80 1 U 79
81 0 U -1
82
0 1 U -1
1 1 U 0
2 1 L -1
3 1 U -1
4 1 L 3
5 0 L 3
6 1 U 5
7 0 L 1
8 0 L -1
9 1 U 5
10 1 U 9
11 0 U 10
12 0 U 10
13 0 U 12
14 0 U 13
15 1 U 6
16 1 U 3
17 0 U 14
18 1 U -1
19 1 L 1
20 1 U 19
21 0 U 6
22 1 U 21
23 0 U 22
24 0 U 1
25 0 L 3
26 0 U 10
27 0 U -1
28 0 U 27
29 1 L 3
30 0 L 11
31 1 U 30
32 0 L 13
33 1 L 10
34 1 L 15
35 1 U 34
36 1 L 5
37 0 U 36
38 0 U 37
39 1 U 38
40 0 U 39
41 1 U 29
42 1 U 11
43 1 U 3
44 1 U 38
45 1 L 9
46 0 U 32
47 0 U 20
48 1 U 47
49 1 U 32
50 0 U 49
51 1 L 0
52 1 L 8
53 1 L -1
54 0 U 19
55 0 L 14
56 0 U 3
57 1 U 56
58 1 U 57
59 0 L 16
60 0 U 59
61 0 L 17
62 0 U 61
63 0 U 48
64 1 U 63
65 1 U 64
66 0 U -1
67 0 U 35
68 1 U 67
69 1 U 68
70 1 L 21
71 0 U 47
72 1 U 58
73 1 U 63
74 1 U 73
75 0 U 74
76 0 U 75
77 0 U 76
78 0 U 47
79 1 U 78
80 1 U 79
81 0 U 9
82
0 1 U -1
1 1 U 0
2 1 L -1
3 1 U -1
4 1 L 3
5 0 L 3
6 1 U 5
7 1 U 6
8 0 L -1
9 1 U 5
10 0 L 5
11 0 U 10
12 0 U 10
13 0 U 9
14 0 U 13
15 1 U 6
16 1 U 3
17 0 U 16
18 1 U -1
19 0 L 11
20 1 U 19
21 1 L 13
22 1 U 21
23 0 U 22
24 0 U 1
25 0 L 3
26 0 U 10
27 0 U -1
28 0 U 27
29 1 L 3
30 0 L 11
31 1 U 11
32 0 L 20
33 1 L 10
34 1 L 15
35 1 U 34
36 1 L 5
37 0 U 36
38 1 L 31
39 1 U 38
40 0 U 39
41 1 U 29
42 0 U 41
43 1 U 3
44 1 U 38
45 1 L 9
46 0 U 32
47 0 U 20
48 1 U 47
49 1 U 32
50 0 U 49
51 1 L 0
52 1 L 8
53 1 L -1
54 0 U 19
55 1 L 48
56 0 U 55
57 1 U 56
58 1 U 57
59 1 U 58
60 0 U 59
61 0 L 17
62 0 U 61
63 0 U 48
64 1 U 63
65 1 U 64
66 1 U 65
67 0 U 35
68 1 U 67
69 1 U 68
70 1 L 21
71 0 L -1
72 1 U 58
73 0 U 72
74 1 L 52
75 0 U 74
76 0 U 75
77 0 U 76
78 0 U 48
79 1 U 78
80 1 U 79
81 0 U -1
82
0 1 U -1
1 1 U 0
2 1 L -1
3 1 U -1
4 1 L 3
5 0 L 3
6 1 U 5
7 0 L 0
8 0 L -1
9 1 L 4
10 1 U 9
11 1 L 6
12 0 U 10
13 0 U 12
14 0 U 13
15 1 U 6
16 1 U 3
17 0 U 16
18 1 U -1
19 1 L 0
20 1 U 19
21 1 L 13
22 1 U 21
23 0 U 22
24 0 U 1
25 0 U 2
26 1 L 14
27 0 U 22
28 0 U 27
29 1 L 3
30 0 L 11
31 1 U 30
32 0 L 20
33 1 L 10
34 1 L 15
35 1 U 34
36 1 L 5
37 0 U 36
38 0 U 37
39 1 U 38
40 0 U 39
41 1 U 29
42 0 U 41
43 1 U 3
44 1 U 38
45 0 L 5
46 0 U 32
47 0 U 24
48 1 U 47
49 1 U 32
50 0 U 49
51 1 L 0
52 1 L 8
53 1 L 45
54 0 U 19
55 1 U 54
56 0 L 27
57 1 U 56
58 1 U 57
59 1 U 58
60 0 U 59
61 0 L 17
62 0 U 61
63 0 U 48
64 1 U 63
65 1 U 64
66 1 U 65
67 0 U 35
68 1 U 67
69 1 U 68
70 1 L 21
71 0 L -1
72 1 U 58
73 0 U 72
74 0 L 52
75 0 U 74
76 0 U 75
77 0 U 76
78 0 U 47
79 1 U 78
80 1 U 79
81 0 U -1
82
0 1 U -1
1 1 U 0
2 1 L -1
3 1 U -1
4 1 L 3
5 0 L 3
6 1 U 5
7 1 U 6
8 0 L -1
9 1 L 1
10 1 U 9
11 0 U 10
12 0 U 10
13 0 U 12
14 0 U 13
15 1 U 6
16 1 U 3
17 0 U 16
18 1 U -1
19 0 L 11
20 1 U 19
21 1 L 13
22 1 U 21
23 0 U 22
24 0 U 1
25 0 L 3
26 0 U 10
27 0 U -1
28 0 U 27
29 1 L 3
30 0 L 11
31 1 U 30
32 0 L 20
33 1 L 10
34 1 L 15
35 1 U 34
36 1 L 5
37 0 U 36
38 0 U 37
39 0 U 13
40 0 U 39
41 1 U 29
42 0 U 41
43 1 U 3
44 1 U 38
45 1 L 9
46 0 U 32
47 0 L 45
48 1 U 47
49 1 U 32
50 0 U 49
51 1 L 0
52 1 L 8
53 1 L -1
54 0 U 19
55 1 U 54
56 0 U 55
57 1 U 56
58 1 U 57
59 1 U 58
60 1 U 29
61 0 L 17
62 0 U 61
63 0 U 48
64 1 U 63
65 1 U 64
66 1 U 65
67 0 U 35
68 1 U 67
69 1 U 68
70 1 L 21
71 0 L -1
72 1 U 58
73 0 U 72
74 1 U 73
75 0 U 74
76 0 U 75
77 0 U 76
78 0 U 47
79 1 U 78
80 1 U 79
81 0 U -1
82
0 1 U -1
1 1 U 0
2 1 L -1
3 1 U 0
4 1 L 3
5 0 L 3
6 1 U 5
7 1 U 6
8 0 L -1
9 1 U 5
10 1 U 9
11 0 U 10
12 0 U 10
13 0 U 12
14 0 U 13
15 1 U 6
16 1 U 3
17 0 U 16
18 1 U -1
19 0 L 11
20 1 U 19
21 0 U 4
22 1 U 21
23 0 U 22
24 0 U 1
25 0 L 3
26 0 U 10
27 0 U -1
28 0 U 27
29 1 L 3
30 0 L 11
31 0 U 5
32 0 L 20
33 1 L 10
34 1 L 15
35 1 U 34
36 1 L 5
37 0 U 36
38 0 U 37
39 1 U 38
40 0 U 39
41 1 U 29
42 0 U 41
43 1 L 13
44 1 U 38
45 1 L 9
46 0 U 7
47 0 U 20
48 1 U 47
49 1 U 32
50 0 U 49
51 1 L 0
52 1 L 8
53 1 L -1
54 0 U 19
55 1 U 54
56 0 U 55
57 1 U 56
58 1 U 57
59 0 U 54
60 0 U 59
61 0 L 17
62 1 L -1
63 0 U 48
64 1 U 63
65 1 U 64
66 1 U 65
67 0 U 35
68 1 U 67
69 1 U 68
70 1 L 21
71 0 L -1
72 1 U 58
73 0 U 72
74 1 U 73
75 0 U 74
76 0 U 75
77 1 U 45
78 0 U 47
79 1 U 78
80 1 U 79
81 0 U -1
82
0 1 U -1
1 1 U 0
2 1 L -1
3 1 U -1
4 1 L 3
5 0 L 3
6 1 U 5
7 1 U 6
8 0 L -1
9 1 U 5
10 1 U 9
11 0 U 10
12 0 U 10
13 0 U 12
14 0 U 13
15 1 U 6
16 1 U 3
17 0 U 16
18 1 U -1
19 0 L 18
20 1 U 19
21 1 L 13
22 0 U 8
23 0 U 22
24 0 U 1
25 0 L 3
26 0 U 10
27 0 U -1
28 0 U 27
29 1 L 3
30 0 L 11
31 1 U 30
32 0 L 20
33 1 L 10
34 1 L 15
35 1 U 34
36 1 L 5
37 1 U 25
38 0 U 37
39 1 U 38
40 0 U 39
41 1 U 29
42 0 U 41
43 1 U 13
44 1 U 38
45 1 L 9
46 0 L 28
47 0 U 20
48 1 U 47
49 1 U 32
50 0 U 49
51 1 L 0
52 1 L 8
53 1 L -1
54 0 U 19
55 1 U 54
56 0 U 55
57 1 U 56
58 1 U 57
59 1 U 58
60 0 U 59
61 0 L 22
62 0 U 61
63 0 U 48
64 1 U 63
65 1 U 64
66 1 U 65
67 1 U 39
68 1 U 67
69 1 U 68
70 1 L 21
71 0 L -1
72 1 U 58
73 1 L 38
74 1 U 73
75 0 U 74
76 0 U 0
77 0 U 76
78 0 U 47
79 1 U 78
80 1 U 79
81 0 U -1
82
0 1 U -1
1 1 U 0
2 1 L -1
3 1 U -1
4 1 L 3
5 0 L 3
6 1 U 5
7 1 U 6
8 0 L -1
9 1 U 5
10 1 U 9
11 0 U 10
12 0 U 10
13 0 U 12
14 0 U 13
15 1 U 6
16 1 U 3
17 0 U 16
18 0 L 15
19 0 L 11
20 1 U 19
21 1 L 13
22 1 U 21
23 1 U 12
24 0 U 1
25 0 L 9
26 0 U 10
27 0 U -1
28 0 U 27
29 1 L 3
30 0 L 11
31 0 L 21
32 0 L 20
33 1 L 10
34 1 L 15
35 1 U 34
36 1 L 5
37 0 U 36
38 0 U 37
39 1 U 38
40 0 U 39
41 1 U 29
42 0 U 41
43 1 U 3
44 1 U 38
45 1 L 9
46 0 U 32
47 0 U 20
48 1 U 47
49 0 U 22
50 1 L 42
51 1 L 0
52 1 L 8
53 1 L -1
54 0 U 19
55 1 U 54
56 0 U 55
57 0 L 47
58 1 U 57
59 1 U 58
60 0 L 48
61 0 L 17
62 0 L 8
63 0 U 61
64 0 U 48
65 1 U 64
66 1 U 65
67 0 U 35
68 1 U 67
69 1 U 68
70 1 L 21
71 0 L -1
72 1 U 58
73 0 U 72
74 1 U 73
75 0 U 74
76 0 U 75
77 0 U 76
78 0 U 47
79 1 U 78
80 1 U 79
81 0 U -1
82
0 1 U -1
1 1 U 0
2 1 L -1
3 1 U -1
4 1 L 3
5 0 L 4
6 1 U 5
7 1 U 6
8 0 L -1
9 1 U 5
10 1 U 9
11 0 U 10
12 0 U 10
13 0 U 12
14 0 U 13
15 1 U 6
16 1 U 3
17 0 U 16
18 1 U -1
19 1 U 13
20 1 U 19
21 1 L 13
22 1 U 21
23 0 U 22
24 0 U 1
25 0 L 3
26 0 U 10
27 0 U -1
28 0 U 27
29 1 L 3
30 0 L 11
31 1 U 30
32 0 L 20
33 1 L 10
34 1 L 15
35 1 U 34
36 1 L 5
37 0 U 36
38 0 U 37
39 1 U 38
40 0 U 39
41 1 U 29
42 0 U 41
43 1 U 3
44 1 U 38
45 1 L 9
46 0 U 32
47 0 U 20
48 1 U 47
49 1 U 32
50 0 U 49
51 1 L 0
52 1 L 8
53 1 L -1
54 0 U 19
55 1 U 54
56 0 U 55
57 1 U 56
58 0 L 16
59 1 U 58
60 0 U 59
61 0 L 17
62 0 U 61
63 0 U 48
64 1 U 63
65 1 U 64
66 1 U 65
67 0 U 35
68 1 U 67
69 0 U 36
70 1 L 21
71 0 U 1
72 1 U 58
73 0 U 72
74 1 U 73
75 0 U 74
76 0 U 75
77 0 U 76
78 0 U 47
79 1 U 78
80 1 U 79
81 0 U -1
82
0 1 U -1
1 1 L -1
2 1 L -1
3 1 U -1
4 1 L 3
5 0 U -1
6 1 U 0
7 1 U 6
8 0 L -1
9 1 U 5
10 1 U 9
11 0 U 7
12 0 U 10
13 0 L 6
14 0 U 13
15 1 U 6
16 1 U 3
17 0 U 16
18 1 U -1
19 0 L 11
20 1 U 19
21 1 L 13
22 1 U 21
23 0 U 17
24 0 U 1
25 0 L 3
26 0 U 10
27 0 U -1
28 0 U 27
29 1 L 3
30 0 L 11
31 1 U 30
32 0 L 20
33 1 L 10
34 1 L 15
35 1 U 34
36 1 L 5
37 0 U 36
38 0 U 37
39 1 U 38
40 0 U 39
41 1 U 29
42 0 U 41
43 1 U 3
44 1 U 38
45 1 L 9
46 0 U 36
47 0 U 20
48 1 L 14
49 1 U 32
50 0 U 49
51 1 L 0
52 1 L 8
53 1 L -1
54 0 U 19
55 1 U 54
56 0 U 55
57 1 U 56
58 0 L 36
59 1 U 58
60 0 U 59
61 0 L 17
62 1 U 51
63 1 U 1
64 1 U 63
65 1 U 64
66 1 U 65
67 0 U 35
68 1 U 67
69 1 U 68
70 1 L 21
71 0 U 49
72 1 U 58
73 0 U 72
74 1 U 73
75 0 U 74
76 0 U 75
77 0 U 76
78 0 U 47
79 1 U 78
80 0 U 63
81 1 U 59
82
0 1 U -1
1 1 U 0
2 0 L 0
3 1 U -1
4 1 L 3
5 0 L 3
6 1 U 5
7 1 U 0
8 0 L -1
9 1 U 5
10 1 U 9
11 0 U 10
12 0 L 6
13 0 U 12
14 0 U 13
15 1 U 6
16 1 U 3
17 0 U 16
18 1 U -1
19 1 L 9
20 1 U 19
21 1 L 13
22 1 U 21
23 0 U 22
24 0 U 1
25 0 L 3
26 0 U 10
27 0 U -1
28 0 U 27
29 0 L 10
30 0 L 11
31 1 U 30
32 0 L 20
33 0 U 30
34 1 L 15
35 1 U 34
36 1 L 5
37 0 U 36
38 0 U 37
39 1 U 38
40 0 U 39
41 1 U 29
42 1 L 25
43 1 U 3
44 1 U 38
45 1 L 9
46 0 U 32
47 0 U 20
48 1 U 47
49 1 U 32
50 0 U 30
51 1 L 0
52 1 L 8
53 1 L -1
54 0 U 19
55 1 U 54
56 0 U 55
57 1 U 56
58 1 U 57
59 1 U 58
60 0 U 59
61 0 L 17
62 0 U 61
63 1 U 1
64 1 U 63
65 1 U 64
66 1 U 65
67 0 U 35
68 1 U 67
69 1 U 68
70 1 L 21
71 0 L -1
72 1 U 15
73 0 U 72
74 0 L 37
75 0 U 74
76 0 U 75
77 0 U 76
78 0 U 47
79 1 U 78
80 1 U 79
81 0 U -1
82
0 1 L -1
1 1 U 0
2 1 L -1
3 1 U -1
4 1 L 3
5 0 L 3
6 0 L 0
7 1 U 6
8 0 L -1
9 1 U 5
10 1 U 9
11 0 U 10
12 0 U 11
13 0 U 12
14 0 U 13
15 0 U 7
16 1 U 3
17 0 U 16
18 1 U -1
19 0 L 11
20 1 U 19
21 1 L 13
22 1 U 21
23 0 U 22
24 0 U 1
25 0 L 3
26 0 U 10
27 0 U -1
28 0 U 27
29 1 L 3
30 0 L 11
31 1 U 30
32 0 L 20
33 1 L 10
34 1 L 15
35 1 U 34
36 1 L 5
37 1 U 34
38 0 U 37
39 1 U 38
40 0 U 39
41 1 U 29
42 0 U 41
43 1 U 3
44 1 U 38
45 1 L 9
46 0 U 32
47 0 U 20
48 1 U 47
49 1 U 32
50 0 L 49
51 1 L 0
52 1 L 8
53 1 L -1
54 0 U 19
55 1 U 54
56 0 U 55
57 0 L 27
58 1 U 57
59 1 U 58
60 0 U 36
61 0 L 17
62 0 U 61
63 0 U 48
64 1 U 63
65 1 U 64
66 1 U 65
67 0 L 39
68 1 U 67
69 1 U 68
70 1 L 21
71 1 U 39
72 1 U 58
73 0 U 72
74 1 U 73
75 0 U 74
76 0 U 75
77 0 U 76
78 0 U 47
79 1 U 78
80 1 U 79
81 0 U -1
82
0 1 U -1
1 1 U 0
2 1 L -1
3 1 U -1
4 1 L 3
5 0 L 3
6 1 U 5
7 0 L 1
8 0 L -1
9 1 U 5
10 1 L 5
11 0 U 10
12 0 U 10
13 0 U 12
14 0 U 13
15 1 U 6
16 1 U 3
17 1 U 15
18 1 U -1
19 0 L 11
20 1 U 19
21 1 L 13
22 1 U 21
23 0 U 22
24 0 U 1
25 1 L 8
26 0 U 10
27 0 U -1
28 0 U 27
29 1 L 3
30 0 L 11
31 0 U 24
32 0 L 20
33 1 L 10
34 1 L 15
35 1 U 34
36 1 L 5
37 0 U 36
38 0 U 37
39 0 L 8
40 0 U 39
41 1 U 29
42 0 U 41
43 0 U 37
44 1 U 38
45 1 L 9
46 0 U 32
47 0 U 20
48 1 U 47
49 1 U 32
50 0 U 49
51 1 L 0
52 1 L 8
53 1 L -1
54 0 U 19
55 1 U 54
56 0 U 55
57 1 U 56
58 1 U 57
59 1 U 58
60 0 U 59
61 0 L 17
62 0 L 16
63 0 U 48
64 1 U 63
65 1 U 64
66 1 U 65
67 0 U 35
68 1 U 67
69 1 U 68
70 1 L 21
71 0 L -1
72 1 U 58
73 0 U 72
74 1 U 73
75 0 U 74
76 0 U 75
77 0 U 76
78 0 U 47
79 1 U 78
80 1 U 79
81 0 U -1
82
0 1 U -1
1 1 U 0
2 1 L -1
3 1 U -1
4 1 L 3
5 0 L 3
6 1 U 5
7 1 U 6
8 0 L -1
9 1 U 5
10 1 L 7
11 0 U 10
12 0 U 10
13 1 U 2
14 0 U 13
15 1 U 6
16 1 U 3
17 1 L 4
18 1 U -1
19 0 L 11
20 1 U 19
21 1 L 13
22 1 U 21
23 0 L 12
24 0 U 1
25 0 L 3
26 0 U 10
27 0 U -1
28 0 U 27
29 1 L 3
30 0 L 11
31 1 U 30
32 0 L 20
33 1 L 10
34 1 L 15
35 1 U 34
36 1 L 5
37 0 U 36
38 0 U 37
39 1 U 38
40 0 U 39
41 1 U 29
42 0 U 41
43 1 U 3
44 1 U 38
45 1 L 9
46 0 U 32
47 0 U 20
48 1 U 47
49 1 U 32
50 0 U 49
51 1 L 0
52 1 L 8
53 1 L -1
54 0 U 19
55 0 L 5
56 0 U 55
57 1 U 45
58 1 U 57
59 0 U 55
60 0 U 59
61 0 L 17
62 0 U 61
63 0 U 48
64 1 U 63
65 1 U 64
66 1 U 65
67 0 U 35
68 1 U 67
69 1 U 68
70 1 L 21
71 0 L -1
72 1 U 58
73 0 U 72
74 0 U 13
75 0 U 74
76 0 U 75
77 0 U 76
78 0 U 47
79 1 U 78
80 1 U 79
81 1 U 8
82
0 1 U -1
1 1 L -1
2 1 L -1
3 1 U -1
4 1 L 3
5 0 L 3
6 1 U 5
7 1 U 6
8 0 L -1
9 1 U 5
10 1 U 9
11 0 U 10
12 1 U 2
13 0 U 12
14 0 U -1
15 1 U 6
16 1 U 3
17 0 U 16
18 1 U -1
19 0 L 11
20 1 U 19
21 1 L 13
22 0 L 13
23 0 U 22
24 0 U 1
25 0 L 3
26 0 U 10
27 0 L 13
28 0 U 27
29 1 L 3
30 1 L 7
31 1 U 30
32 0 L 20
33 1 L 10
34 1 L 15
35 1 U 34
36 1 L 5
37 0 U 36
38 0 U 37
39 1 U 38
40 0 U 39
41 1 U 29
42 0 U 41
43 1 U 3
44 1 U 38
45 1 L 9
46 0 U 32
47 0 U 20
48 1 U 47
49 1 U 32
50 0 L 19
51 1 U 27
52 1 L 8
53 1 L -1
54 1 L 9
55 1 U 12
56 0 U 55
57 1 U 56
58 1 U 57
59 1 U 58
60 0 U 59
61 0 L 17
62 0 U 61
63 0 U 48
64 1 U 63
65 1 L 11
66 1 U 65
67 0 U 35
68 1 U 67
69 1 U 68
70 1 L 21
71 0 L -1
72 1 U 58
73 0 U 72
74 1 U 73
75 0 U 74
76 0 U 75
77 0 U 76
78 0 U 47
79 1 U 78
80 0 U 10
81 0 U -1
82
0 1 U -1
1 1 U 0
2 1 L -1
3 1 U -1
4 1 L 3
5 0 L -1
6 1 U 5
7 1 U 6
8 0 L -1
9 1 U 5
10 1 U 9
11 0 U 10
12 0 U 10
13 0 U 12
14 0 U 13
15 1 U 6
16 1 U 3
17 0 U 16
18 1 U -1
19 0 L 11
20 1 U 19
21 1 L 13
22 1 U 5
23 0 U 22
24 0 U 1
25 0 L 3
26 0 U 10
27 1 L 4
28 0 U 27
29 1 L 3
30 0 L 11
31 1 U 30
32 0 L 20
33 1 L 10
34 1 L 15
35 1 U 34
36 1 L 5
37 0 U 36
38 0 U 37
39 1 U 38
40 0 U 39
41 1 U 29
42 0 U 41
43 1 U 3
44 1 U 38
45 1 L 9
46 0 U 32
47 0 U 14
48 1 U 47
49 1 U 32
50 0 U 49
51 1 L 0
52 1 U 46
53 1 L -1
54 0 U 19
55 1 U 54
56 0 U 55
57 1 U 56
58 1 U 57
59 1 U 58
60 0 U 59
61 0 L 17
62 0 U 61
63 0 U 48
64 1 U 63
65 1 U 64
66 1 U 65
67 0 U 35
68 1 U 67
69 1 U 68
70 1 L 21
71 0 L -1
72 1 U 58
73 0 U 72
74 1 U 73
75 0 U 74
76 0 U 75
77 0 U 76
78 0 U 47
79 1 U 78
80 1 U 79
81 0 U -1
82
0 1 U -1
1 1 U 0
2 1 L -1
3 1 U -1
4 1 L 3
5 0 L 3
6 1 U 5
7 1 U 6
8 0 L -1
9 1 L 6
10 1 U 9
11 0 U 10
12 0 U 10
13 0 U 12
14 0 U 13
15 1 U 6
16 1 U 3
17 0 U 16
18 1 U -1
19 0 L 11
20 1 U 19
21 1 L 7
22 1 U 21
23 0 U 22
24 0 U 1
25 0 L 3
26 0 U 10
27 0 U -1
28 0 U 27
29 1 L 3
30 0 L 11
31 1 U 30
32 1 L 16
33 1 L 10
34 1 L 15
35 1 U 34
36 1 L 10
37 0 U 36
38 0 U 37
39 0 U 36
40 0 L 10
41 1 U 29
42 0 L 28
43 0 U 20
44 1 U 38
45 1 U 9
46 0 U 32
47 0 U 20
48 1 U 47
49 1 U 32
50 0 U 49
51 0 L 29
52 1 L 8
53 0 L 52
54 0 U 19
55 1 U 54
56 0 U 55
57 1 U 56
58 1 U 57
59 1 U 58
60 0 U 7
61 0 L 17
62 0 U 61
63 0 U 48
64 0 U 29
65 1 U 64
66 0 L 20
67 0 U 35
68 1 U 67
69 1 U 68
70 1 L 21
71 0 L -1
72 1 U 58
73 0 U 72
74 1 U 73
75 0 U 74
76 0 U 75
77 0 U 76
78 0 U 47
79 1 U 78
80 1 U 79
81 0 U -1
82
0 1 U -1
1 1 U 0
2 1 L -1
3 1 U -1
4 1 L 3
5 0 L 3
6 1 L -1
7 1 U 6
8 0 L -1
9 1 U 5
10 1 U 9
11 0 U 10
12 0 U 10
13 0 U 12
14 0 U 13
15 1 U 6
16 1 U 3
17 1 L 10
18 1 U -1
19 1 L 17
20 1 U 19
21 1 L 13
22 1 U 21
23 0 U 22
24 0 U 1
25 0 L 3
26 0 U 10
27 0 U -1
28 0 U 27
29 1 L 3
30 0 L 11
31 1 U 30
32 0 L 20
33 1 L 10
34 1 L 15
35 1 U 34
36 0 U 34
37 0 U 36
38 0 U 37
39 1 U 38
40 0 U 39
41 1 U 29
42 0 U 41
43 1 U 3
44 1 U 38
45 1 L 9
46 0 U 32
47 0 U 20
48 1 U 47
49 1 U 32
50 1 L 4
51 1 L 0
52 1 L 8
53 0 L 42
54 0 U 19
55 1 U 54
56 0 U 55
57 1 U 56
58 1 U 57
59 1 U 58
60 1 L 3
61 0 L 17
62 0 U 61
63 0 U 48
64 1 U 63
65 1 U 64
66 1 U 65
67 0 U 35
68 1 U 67
69 1 U 68
70 1 L 21
71 0 L -1
72 1 U 58
73 0 L 31
74 1 U 73
75 0 U 74
76 0 U 75
77 0 U 76
78 0 U 47
79 1 U 78
80 1 U 79
81 0 U -1
82
0 1 U -1
1 1 U 0
2 1 L -1
3 1 U -1
4 1 L 3
5 1 L 0
6 1 U 5
7 1 U 6
8 0 U -1
9 0 L 2
10 1 U 9
11 0 U 10
12 0 U 10
13 0 U 12
14 0 U 13
15 1 U 6
16 1 U 3
17 0 U 16
18 0 U 10
19 0 L 11
20 1 U 19
21 1 U 3
22 1 U 21
23 0 U 22
24 0 U 1
25 0 L 3
26 0 U 10
27 0 U -1
28 0 U 27
29 1 L 3
30 0 L 11
31 1 U 30
32 0 L 20
33 0 U 19
34 1 L 15
35 1 U 34
36 1 L 5
37 0 U 36
38 0 U 37
39 1 U 38
40 0 U 39
41 1 U 29
42 0 U 41
43 1 U 3
44 1 U 38
45 1 L 9
46 0 U 32
47 0 U 20
48 1 U 47
49 1 U 32
50 0 U 49
51 1 L 0
52 1 L 8
53 1 L -1
54 0 U 19
55 1 U 54
56 0 U 55
57 1 U 56
58 1 U 57
59 1 U 58
60 0 U 59
61 0 L 17
62 0 U 61
63 0 U 48
64 1 U 63
65 1 U 64
66 1 U 65
67 0 U 35
68 1 U 67
69 1 U 68
70 1 L 21
71 0 L -1
72 0 U 15
73 0 U 72
74 1 U 73
75 0 U 74
76 0 U 75
77 0 U 76
78 0 U 47
79 1 U 78
80 1 U 79
81 0 U -1
82
0 1 U -1
1 1 U 0
2 0 U 0
3 1 U -1
4 1 L 3
5 0 L 3
6 1 U 5
7 1 U 6
8 0 L -1
9 1 U 5
10 1 U 9
11 0 U 10
12 0 U 10
13 0 U 12
14 0 U 9
15 1 U 6
16 1 U 3
17 0 U 16
18 1 U -1
19 0 L 11
20 1 U 19
21 0 L 3
22 0 U 9
23 0 U 22
24 0 U 1
25 0 L 3
26 0 U 10
27 0 U -1
28 0 U 27
29 1 L 3
30 0 L 11
31 1 U 30
32 0 L 20
33 1 L 10
34 1 L 15
35 1 U 34
36 1 U 28
37 0 U 36
38 0 U 37
39 1 U 38
40 0 U 39
41 0 L 31
42 0 U 41
43 1 U 3
44 1 U 38
45 1 L 9
46 0 U 32
47 0 U 20
48 1 U 47
49 1 U 32
50 0 U 49
51 1 L 0
52 1 L 8
53 1 L -1
54 0 U 19
55 1 U 54
56 0 U 55
57 1 U 56
58 1 U 57
59 1 U 58
60 0 U 59
61 1 U -1
62 0 U 61
63 0 U 48
64 1 U 63
65 1 U 64
66 1 U 65
67 0 U 35
68 1 U 67
69 1 U 68
70 1 L 21
71 0 L -1
72 1 U 58
73 0 U 72
74 1 U 73
75 0 U 74
76 0 U 75
77 0 U 76
78 0 U 47
79 1 U 78
80 1 U 79
81 0 U -1
82
0 1 U -1
1 1 U 0
2 0 L 0
3 0 L 1
4 1 L 3
5 0 L 3
6 1 U 5
7 1 U 6
8 0 L -1
9 1 U 5
10 1 U 9
11 0 U 10
12 0 U 10
13 0 U 12
14 0 U 13
15 1 U 6
16 1 U 3
17 0 U 16
18 1 U -1
19 0 L 11
20 1 U 19
21 1 L 13
22 1 U 21
23 0 U 22
24 0 U 1
25 0 L 3
26 0 U 10
27 0 U -1
28 0 U 27
29 1 L 3
30 0 L 11
31 1 U 30
32 0 L 20
33 1 L 10
34 1 L 15
35 1 U 34
36 1 L 5
37 0 U 36
38 0 U 37
39 1 U 38
40 1 U 9
41 1 U 29
42 0 U 41
43 1 U 3
44 1 U 38
45 1 L 9
46 0 U 32
47 0 U 20
48 1 U 47
49 1 U 32
50 0 U 49
51 1 L 0
52 1 L 8
53 1 L 41
54 0 U 19
55 1 U 54
56 0 U 55
57 1 L 6
58 1 U 57
59 1 U 58
60 0 U 59
61 0 L 17
62 0 U 61
63 0 U 48
64 1 U 63
65 1 U 64
66 1 U 65
67 0 U 35
68 0 U 41
69 1 U 68
70 1 L 21
71 0 L -1
72 1 U 58
73 0 U 72
74 1 U 73
75 0 U 74
76 0 U 75
77 0 U 76
78 0 U 47
79 1 U 78
80 1 U 79
81 0 U -1
82
0 1 U -1
1 1 U 0
2 1 L -1
3 1 U -1
4 1 L 3
5 0 L 3
6 1 U 5
7 1 U 6
8 1 L 7
9 1 U 5
10 1 U 9
11 0 U 10
12 0 L 11
13 0 U 12
14 0 U 13
15 1 U 6
16 1 U 3
17 0 U 16
18 1 U -1
19 0 L 11
20 1 U 19
21 1 L 13
22 1 U 21
23 0 U 22
24 0 U 1
25 0 L 3
26 0 U 10
27 0 U -1
28 0 U 27
29 1 L 3
30 0 L 11
31 1 U 30
32 1 L 19
33 1 L 10
34 1 L 15
35 1 U 34
36 1 L 5
37 0 U 36
38 0 U 37
39 1 U 38
40 0 U 39
41 1 U 23
42 0 U 41
43 1 U 3
44 1 U 38
45 1 L 9
46 0 U 32
47 0 U 20
48 1 U 47
49 1 U 41
50 0 U 49
51 1 L 0
52 1 L 8
53 1 L -1
54 0 U 19
55 1 U 54
56 0 U 4
57 1 U 56
58 1 U 57
59 1 U 58
60 0 U 59
61 0 L 17
62 0 U 61
63 0 U 50
64 1 U 63
65 1 U 64
66 1 U 65
67 0 U 35
68 1 U 67
69 1 U 68
70 1 L 21
71 1 U 59
72 1 U 37
73 0 U 72
74 1 U 73
75 0 U 74
76 0 U 75
77 0 U 76
78 0 U 47
79 1 U 78
80 1 U 24
81 0 U -1
82
0 1 U -1
1 1 U 0
2 1 L -1
3 1 U -1
4 1 L 3
5 0 L 3
6 1 L 1
7 1 U 6
8 1 L 7
9 1 U 5
10 1 U 9
11 0 U 10
12 1 L 0
13 0 U 12
14 0 U 13
15 1 U 6
16 1 L 1
17 0 U 16
18 1 U -1
19 0 L 11
20 1 U 19
21 1 L 13
22 1 U 21
23 0 U 22
24 0 U 1
25 0 L 3
26 0 U 10
27 0 U -1
28 0 U 27
29 1 L 3
30 0 L 11
31 1 U 30
32 0 U 4
33 1 L 10
34 1 L 15
35 1 U 34
36 1 L 5
37 0 U 36
38 0 U 37
39 1 U 37
40 0 U 39
41 1 U 23
42 0 U 41
43 1 U 3
44 1 U 38
45 1 L 26
46 0 U 32
47 0 U 20
48 1 U 47
49 0 U 46
50 0 U 49
51 1 L 0
52 1 L 8
53 1 L -1
54 0 U 19
55 1 U 54
56 0 U 4
57 1 U 56
58 0 L 23
59 1 U 58
60 0 U 59
61 0 L 17
62 0 U 61
63 0 U 50
64 0 U 57
65 1 U 64
66 1 U 65
67 0 U 35
68 1 U 67
69 1 U 68
70 1 L 21
71 1 U 59
72 0 L 47
73 0 U 72
74 1 U 73
75 0 U 74
76 0 U 75
77 0 U 76
78 0 U 47
79 1 U 78
80 1 U 24
81 0 U -1
82
0 1 U -1
1 1 U 0
2 1 L -1
3 1 U -1
4 1 L 3
5 0 L 3
6 1 U 5
7 1 U 6
8 1 L 7
9 0 L -1
10 1 U 9
11 0 U 10
12 0 L 11
13 1 U 6
14 1 U 11
15 1 U 6
16 1 U 8
17 0 U 16
18 1 U -1
19 0 L 11
20 1 U 19
21 1 L 13
22 1 U 21
23 0 U 22
24 0 U 1
25 0 L 3
26 0 U 10
27 0 U -1
28 0 U 27
29 1 L 3
30 0 L 11
31 1 U 30
32 1 L 19
33 1 L 10
34 1 L 15
35 1 U 34
36 1 L 5
37 0 U 27
38 0 U 37
39 1 U 38
40 1 U 20
41 1 U 23
42 0 U 41
43 1 U 3
44 0 U 37
45 1 L 9
46 1 L 42
47 0 U 20
48 1 U 47
49 1 U 41
50 0 U 49
51 1 L 0
52 1 L 8
53 1 L -1
54 0 U 19
55 1 U 54
56 0 U 4
57 1 U 56
58 1 U 57
59 1 U 58
60 0 U 59
61 0 L 44
62 0 U 61
63 0 U 60
64 1 U 63
65 1 U 64
66 1 U 65
67 0 U 35
68 1 U 67
69 1 U 68
70 1 L 21
71 1 U 59
72 1 U 37
73 0 U 72
74 1 U 73
75 0 U 74
76 0 U 75
77 0 U 76
78 0 U 47
79 1 U 78
80 1 U 24
81 0 U -1
82
0 1 U -1
1 1 L 0
2 1 L -1
3 1 U -1
4 1 L 3
5 0 L 3
6 1 U 5
7 0 L -1
8 1 L 7
9 1 U 5
10 1 U 9
11 0 U 10
12 0 L 11
13 0 U 12
14 0 U 13
15 1 U 6
16 1 U 3
17 0 U 16
18 1 U -1
19 0 L 11
20 1 U 19
21 1 L 13
22 1 U 21
23 0 U 22
24 1 U -1
25 0 L 3
26 1 L 23
27 0 U -1
28 0 L 17
29 1 L 3
30 0 U 14
31 1 U 30
32 1 L 19
33 1 L 10
34 1 L 15
35 1 U 34
36 1 L 5
37 0 U 36
38 0 U 37
39 1 U 38
40 0 U 39
41 1 U 19
42 0 U 41
43 1 U 3
44 1 U 38
45 1 L 9
46 0 U 32
47 1 L 31
48 1 U 47
49 1 U 41
50 0 U 49
51 1 L 0
52 1 L 8
53 1 L -1
54 0 U 19
55 1 U 54
56 0 U 4
57 1 U 56
58 1 U 57
59 1 U 58
60 0 U 0
61 0 L 17
62 0 U 61
63 0 U 62
64 1 U 63
65 1 U 64
66 1 U 65
67 0 U 35
68 1 U 67
69 1 U 68
70 1 L 21
71 1 U 59
72 1 U 37
73 0 U 72
74 1 U 73
75 0 U 74
76 0 U 75
77 0 U 76
78 0 U 47
79 1 U 78
80 1 U 24
81 0 U -1
82
0 1 U -1
1 1 U 0
2 1 L -1
3 1 U -1
4 1 L 3
5 0 L 3
6 1 U 5
7 1 U 6
8 1 L 7
9 1 U 5
10 1 U 9
11 0 U 10
12 0 L 11
13 0 U 12
14 0 U 13
15 1 U 6
16 1 U 3
17 0 U 16
18 1 U -1
19 1 U 13
20 1 U 19
21 1 L 13
22 1 U 21
23 0 U 22
24 0 U 1
25 0 L 3
26 0 L 22
27 0 U -1
28 0 U 27
29 1 L 3
30 0 L 11
31 1 U 30
32 1 L 19
33 1 L 10
34 1 L 15
35 1 U 34
36 1 L 5
37 0 U 36
38 0 U 37
39 1 U 38
40 0 U 39
41 1 U 23
42 0 U 41
43 1 U 3
44 1 U 31
45 1 L 9
46 0 U 32
47 0 U 20
48 1 U 47
49 1 U 41
50 0 U 49
51 1 L 0
52 0 U 10
53 1 L -1
54 0 U 19
55 1 U 54
56 0 L 20
57 1 U 56
58 1 U 57
59 1 U 58
60 0 U 59
61 0 L 17
62 1 L 15
63 0 U 50
64 1 U 63
65 1 U 64
66 1 U 65
67 0 U 35
68 1 U 26
69 1 U -1
70 1 L 21
71 1 U 59
72 1 U 37
73 0 U 72
74 1 U 73
75 0 U 74
76 0 U 75
77 0 U 76
78 0 U 47
79 1 U 78
80 1 U 24
81 0 U -1
82
0 1 U -1
1 1 U 0
2 1 L -1
3 1 U -1
4 1 L 3
5 0 L 3
6 1 U 5
7 1 U 6
8 1 L 7
9 1 U 5
10 1 U 9
11 0 U 10
12 0 L 11
13 0 U 12
14 0 U 13
15 1 U 6
16 1 U 3
17 0 U 16
18 1 U -1
19 0 L 11
20 1 U 19
21 1 L 13
22 0 L 6
23 0 U 22
24 0 U 1
25 1 U 8
26 0 U 10
27 0 U 18
28 0 U 27
29 1 L 3
30 0 L 1
31 1 U 30
32 1 U 26
33 1 L 10
34 1 L 15
35 1 U 34
36 1 L 5
37 0 U 36
38 0 U 37
39 1 U 38
40 0 U 39
41 1 U 23
42 0 U 41
43 1 U 3
44 1 U 38
45 1 L 9
46 0 U 32
47 0 U 20
48 1 U 47
49 1 U 41
50 0 U 49
51 1 L 0
52 1 L 8
53 1 L -1
54 0 U 19
55 1 U 54
56 1 U 32
57 1 U 56
58 1 U 57
59 1 U 58
60 0 U 59
61 0 L 17
62 0 U 61
63 0 U 50
64 1 U 63
65 1 U 64
66 1 U 65
67 0 U 35
68 1 U 67
69 1 U 68
70 1 L 33
71 1 U 59
72 1 U 37
73 0 U 72
74 1 U 73
75 0 U 74
76 0 U 75
77 0 U 76
78 1 U 46
79 1 U 78
80 1 U 24
81 0 U -1
82
0 1 U -1
1 1 U 0
2 1 L -1
3 1 U -1
4 1 L 3
5 0 L 3
6 1 U 5
7 1 U 6
8 1 L 7
9 1 U 5
10 1 U 9
11 0 U 10
12 1 U 7
13 0 U 12
14 0 U 13
15 1 U 6
16 1 U 3
17 0 U 16
18 1 U -1
19 0 L 11
20 1 U 19
21 0 U 18
22 0 L 19
23 0 U 22
24 0 U 1
25 0 U 23
26 0 U 10
27 0 U -1
28 0 U 27
29 1 L 3
30 0 L 11
31 1 U 30
32 1 L 19
33 1 L 10
34 1 L 15
35 1 U 34
36 1 L 5
37 0 U 36
38 0 U 37
39 1 U 38
40 0 U 39
41 1 U 23
42 0 U 41
43 1 U 3
44 1 U 6
45 1 L 9
46 0 U 32
47 0 U 20
48 1 U 47
49 1 U 41
50 0 U 49
51 1 L 0
52 1 L 8
53 1 L -1
54 0 U 19
55 1 U 54
56 0 U 4
57 1 U 56
58 1 U 57
59 1 U 58
60 0 U 59
61 0 L 17
62 0 U 61
63 0 U 50
64 1 U 63
65 1 U 64
66 1 U 65
67 0 U 35
68 1 U 67
69 1 U 68
70 1 L 21
71 1 U 59
72 1 U 37
73 0 U 72
74 1 U 73
75 0 U 74
76 0 U 75
77 0 U 76
78 0 U 47
79 1 U 78
80 1 U 57
81 0 U -1
82
0 1 U -1
1 1 U 0
2 1 L -1
3 1 U -1
4 1 L 3
5 0 L 3
6 1 U -1
7 1 U 6
8 1 L 7
9 1 U 5
10 1 U 9
11 0 U 10
12 0 L 9
13 0 U 12
14 0 L 0
15 1 U 6
16 1 U 3
17 0 U 16
18 0 L 3
19 0 L 11
20 0 L 2
21 0 U 18
22 0 L 19
23 0 U 22
24 0 U 1
25 0 L -1
26 0 U 10
27 0 U -1
28 1 U 27
29 0 U 26
30 0 L 11
31 1 U 30
32 1 L 19
33 1 L 10
34 1 L 15
35 1 U 34
36 1 L 5
37 0 U 36
38 0 U 37
39 1 U 38
40 0 U 39
41 1 U 23
42 0 U 41
43 1 U 3
44 1 U 6
45 1 L 9
46 0 U 32
47 0 U 20
48 1 U 47
49 1 U 41
50 0 U 49
51 1 L 41
52 1 L 8
53 1 L -1
54 0 U 19
55 1 U 54
56 0 U 4
57 1 U 56
58 1 U 57
59 1 U 58
60 0 U 59
61 0 L 11
62 0 U 61
63 0 U 50
64 1 U 63
65 1 U 64
66 1 U 65
67 0 U 35
68 1 U 67
69 1 U 68
70 1 L 21
71 1 U 59
72 1 U 37
73 0 U 72
74 1 U 73
75 0 U 74
76 0 U 75
77 0 U 76
78 0 U 47
79 1 U 78
80 1 U 57
81 0 U -1
82
0 1 U -1
1 1 U 0
2 1 L -1
3 1 U -1
4 1 L 3
5 0 L 3
6 1 U 5
7 1 U 6
8 1 L 7
9 1 U 5
10 1 U 9
11 1 L 8
12 1 U 7
13 0 U 12
14 0 U 13
15 1 U 6
16 1 U 3
17 0 U 16
18 1 U -1
19 0 L 11
20 1 U 19
21 0 U 18
22 0 L 19
23 0 L 16
24 0 U 1
25 1 U 2
26 0 U 10
27 1 L 25
28 0 U 27
29 1 L 3
30 0 L 11
31 1 U 30
32 1 L 19
33 1 L 10
34 1 L 15
35 1 U 34
36 1 L 5
37 0 U 36
38 0 U 37
39 1 U 38
40 0 U 39
41 1 U 23
42 0 U 41
43 1 U 3
44 1 U 6
45 1 L 9
46 0 U 32
47 0 U 20
48 1 U 47
49 1 U 41
50 0 U 49
51 1 L 0
52 1 L 8
53 1 L -1
54 0 U 19
55 1 U 54
56 0 U 4
57 1 U 56
58 1 U 57
59 1 U 58
60 0 U 59
61 0 L 17
62 0 U 61
63 0 U 50
64 1 U 63
65 1 L 0
66 1 L 59
67 0 U 35
68 1 U 67
69 1 U 68
70 1 L 21
71 1 U 59
72 1 U 37
73 0 U 72
74 1 U 73
75 0 U 74
76 0 U 75
77 0 U 76
78 1 U 51
79 1 U 78
80 1 U 57
81 0 U -1
82
0 1 U -1
1 1 U 0
2 1 L -1
3 1 U -1
4 1 L 3
5 0 L 3
6 1 U 5
7 1 U 6
8 1 L 7
9 1 U 5
10 1 U 9
11 0 U 10
12 1 U 7
13 0 U 12
14 0 U 13
15 1 U 6
16 1 U 3
17 0 U 16
18 1 U 4
19 0 L -1
20 1 U 19
21 0 U 18
22 0 L 19
23 0 U 22
24 0 U 1
25 0 U 23
26 0 U 10
27 0 U -1
28 0 U 27
29 1 L 3
30 0 L 11
31 1 U 30
32 0 U 22
33 1 U 3
34 1 L 15
35 1 U 34
36 1 L 5
37 0 U 36
38 0 U 37
39 1 U 38
40 0 U 39
41 1 U 23
42 0 U 41
43 1 U 3
44 1 U 6
45 1 L 9
46 0 U 32
47 0 U 20
48 0 U 44
49 1 U 41
50 0 U 49
51 1 L 0
52 1 L 8
53 1 L 30
54 0 U 19
55 1 U 54
56 0 U 4
57 1 U 56
58 1 U 57
59 1 U 58
60 0 U 59
61 0 L 17
62 0 U 61
63 0 U 50
64 1 U 54
65 1 U 64
66 1 U 65
67 0 U 35
68 1 U 67
69 1 U 68
70 0 U 21
71 1 U 59
72 1 U 37
73 0 U 72
74 1 U -1
75 0 U 74
76 0 U 75
77 0 U 76
78 0 U 47
79 0 L 5
80 1 U 57
81 0 U -1
82
0 1 U -1
1 1 U 0
2 1 L -1
3 1 U -1
4 0 U 0
5 0 L 3
6 1 U 5
7 1 U 6
8 1 L 7
9 1 U 3
10 1 U 9
11 0 U 10
12 0 L 8
13 0 U 12
14 0 U 13
15 1 U 6
16 1 U 3
17 0 U 16
18 1 U -1
19 0 L 11
20 1 U 19
21 1 L 3
22 0 L 19
23 0 U 22
24 0 U 1
25 0 U 23
26 1 L 21
27 0 U -1
28 0 U 27
29 1 L 3
30 0 L 11
31 1 U 30
32 1 L 19
33 1 L 10
34 1 L 15
35 1 U 34
36 1 L 5
37 0 U 36
38 0 U 37
39 1 U 38
40 0 U 39
41 1 U 23
42 0 U 41
43 1 U 3
44 1 U 6
45 1 L 9
46 0 U 32
47 0 U 20
48 1 U 47
49 1 U 19
50 0 U 49
51 1 L 0
52 1 L 8
53 0 U 30
54 0 U 19
55 1 U 54
56 1 U 37
57 1 U 56
58 1 U 57
59 1 U 58
60 0 U 59
61 0 L 17
62 0 U 61
63 0 U 50
64 1 U 63
65 1 U 64
66 1 U 65
67 0 U 35
68 1 U 67
69 1 U 68
70 1 L 21
71 1 U 59
72 1 L 1
73 0 U 72
74 1 U 73
75 0 U 74
76 1 U 27
77 0 U 76
78 0 U 47
79 1 U 78
80 1 U 57
81 0 U -1
82
0 1 U -1
1 1 U 0
2 1 L -1
3 1 U -1
4 1 L 3
5 0 L 3
6 1 U 5
7 1 U 6
8 1 L 7
9 1 U 5
10 1 U 9
11 0 U 10
12 1 L 5
13 0 U 12
14 0 U 13
15 1 U 6
16 1 U 3
17 0 U 16
18 1 U -1
19 0 L 11
20 1 U 19
21 0 U 18
22 0 U 13
23 0 U 22
24 0 U 1
25 0 U 23
26 0 L 18
27 0 U -1
28 0 U 27
29 1 L 3
30 0 L 11
31 1 U 30
32 1 L 19
33 1 L 10
34 1 L 15
35 1 U 34
36 1 L 5
37 0 U 36
38 1 U 25
39 1 U 38
40 0 U 39
41 1 U 23
42 0 U 41
43 0 U 8
44 1 U 6
45 1 L 9
46 0 U 11
47 0 U 20
48 1 U 47
49 1 U 41
50 0 U 49
51 1 L 0
52 1 L 8
53 1 L -1
54 0 U 19
55 1 U 54
56 0 U 4
57 1 U 56
58 1 U 57
59 1 U 58
60 0 U 59
61 0 L 17
62 0 U 61
63 0 U 50
64 1 U 63
65 1 U 64
66 1 U 65
67 0 U 35
68 1 U 38
69 1 U 68
70 1 L 21
71 1 U 59
72 1 U 37
73 0 L 63
74 1 U 73
75 0 U 74
76 0 U 75
77 0 U 76
78 0 U 47
79 1 U 78
80 0 L 57
81 0 U -1
82
0 1 U -1
1 1 U 0
2 1 L -1
3 0 L 0
4 1 L 3
5 0 L 3
6 1 U 5
7 1 U 6
8 1 L 7
9 1 U 5
10 1 U 9
11 0 U 10
12 1 U 7
13 0 L -1
14 0 U 13
15 1 U 6
16 1 U 3
17 0 U 16
18 1 U -1
19 0 L 11
20 1 U 19
21 0 U 18
22 0 L 19
23 0 U 22
24 1 L 12
25 0 U 23
26 1 L 14
27 0 U -1
28 0 L 17
29 1 L 3
30 1 L -1
31 1 U 30
32 0 L 18
33 1 L 10
34 1 L 15
35 1 U 34
36 1 L 5
37 0 U 36
38 0 U 37
39 1 U 38
40 0 U 39
41 1 U 23
42 0 U 41
43 1 U 3
44 1 U 6
45 1 L 9
46 0 L 43
47 0 U 20
48 1 L 31
49 0 U 32
50 0 U 49
51 1 L 0
52 1 L 8
53 1 L -1
54 1 U 53
55 1 U 54
56 0 U 4
57 1 U 56
58 1 U 57
59 1 U 58
60 1 U 35
61 0 L 17
62 0 U 61
63 0 U 50
64 0 U 9
65 1 U 64
66 1 U 65
67 0 U 35
68 1 U 67
69 1 U 68
70 1 L 21
71 1 U 59
72 1 U 37
73 0 U 72
74 1 U 73
75 0 U 74
76 0 U 75
77 0 U 76
78 1 L 67
79 1 U 78
80 1 U 57
81 0 U -1
82
0 1 U -1
1 1 U 0
2 1 L -1
3 1 U -1
4 1 L 3
5 0 L 3
6 1 U 5
7 1 U -1
8 1 L 7
9 1 U 5
10 1 U 9
11 0 U 10
12 1 U 7
13 0 U 12
14 0 U 13
15 0 U 5
16 1 U 3
17 0 U 16
18 1 U -1
19 0 L 11
20 1 U 19
21 0 U 18
22 0 L 19
23 0 U 22
24 0 U 1
25 0 U 23
26 0 U 10
27 1 L 18
28 0 U 27
29 1 L 3
30 0 L 11
31 1 U 30
32 1 L 19
33 1 L 10
34 1 L 15
35 1 U 34
36 1 L 5
37 0 U 36
38 0 U 37
39 1 U 38
40 0 U 39
41 1 U 23
42 0 U 41
43 1 U 3
44 1 U 6
45 1 L 9
46 0 U 32
47 0 U 20
48 1 U 47
49 1 U 41
50 0 U 49
51 1 U 23
52 1 L 8
53 1 L -1
54 0 U 19
55 0 U 24
56 0 U 4
57 1 U 56
58 1 U 57
59 1 U 58
60 1 U 28
61 0 L 17
62 0 U 61
63 0 U 50
64 1 U 63
65 1 U 64
66 1 U 65
67 0 U 35
68 1 U 67
69 1 U 68
70 1 L 21
71 1 U 59
72 1 U 37
73 0 U 72
74 1 U 73
75 0 U 74
76 0 U 75
77 0 U 76
78 0 U 47
79 1 U 78
80 1 U 57
81 0 U -1
82
0 0 L -1
1 1 U 0
2 1 L -1
3 1 U -1
4 1 L 3
5 0 L 3
6 1 U 5
7 1 U 6
8 1 L 7
9 1 U 5
10 1 U 9
11 1 U 1
12 1 U 7
13 0 U 12
14 0 U 13
15 1 U 6
16 1 U 3
17 1 L 5
18 1 U -1
19 0 L 11
20 1 U 19
21 0 U 18
22 0 L 19
23 0 U 22
24 0 U 1
25 0 U 23
26 0 U 5
27 0 U -1
28 0 U 27
29 1 L 3
30 0 L 11
31 1 U 30
32 1 L 19
33 1 L 10
34 1 L 15
35 1 U 34
36 1 L 5
37 0 U 36
38 0 U 37
39 1 U 38
40 0 U 39
41 1 U 23
42 0 U 41
43 1 U 3
44 0 U 21
45 1 L 9
46 0 U 32
47 0 U 20
48 1 U 47
49 1 U 41
50 0 U 49
51 1 L 0
52 1 U 8
53 1 L -1
54 0 U 19
55 1 U 54
56 0 U 4
57 1 U 56
58 1 U 57
59 1 U 58
60 0 U 59
61 0 L 17
62 0 U 61
63 0 U 50
64 1 U 63
65 1 U 64
66 1 U 65
67 0 U 35
68 1 U 67
69 1 U 68
70 1 L 21
71 1 U 59
72 1 U 37
73 0 U 72
74 1 U 73
75 0 U 74
76 0 U 75
77 0 U 76
78 0 U 47
79 0 L 3
80 1 U 57
81 0 U -1
