69
0 1 U -1
1 1 U 0
2 1 U 1
3 1 U 2
4 0 U 3
5 0 U 4
6 1 U 5
7 1 U 6
8 1 U -1
9 0 U 8
10 1 U 9
11 1 U 10
12 1 U 11
13 0 U 12
14 1 U 13
15 0 U 14
16 0 U -1
17 1 U 16
18 0 U 17
19 1 U 18
20 1 U 19
21 0 U 20
22 1 U 21
23 0 U 22
24 0 U -1
25 1 U 24
26 0 U 25
27 0 U 26
28 0 U 27
29 0 U 28
30 1 U 29
31 0 U 30
32 1 U -1
33 1 U 32
34 1 U 33
35 0 U 34
36 1 U 35
37 0 U 36
38 1 U 37
39 1 U 38
40 0 U -1
41 1 U 40
42 1 U 41
43 0 U 42
44 0 U 43
45 1 U 44
46 1 U 45
47 0 U 46
48 1 U -1
49 1 U 48
50 0 U 49
51 0 U 50
52 1 U 51
53 0 U 52
54 1 U 53
55 1 U 54
56 0 U -1
57 0 U 56
58 1 U 57
59 0 U 58
60 1 U 59
61 0 U 60
62 0 U 61
63 1 U 62
64 1 U -1
65 0 U 64
66 1 U 65
67 1 U 66
68 0 U 67
69
0 1 U -1
1 1 L 0
2 0 L -1
3 1 U 2
4 0 U 3
5 0 U 4
6 1 U 5
7 1 U 5
8 1 L 6
9 0 L 1
10 1 U 9
11 1 U 9
12 1 U 11
13 0 L 11
14 1 U 13
15 0 U 14
16 0 U -1
17 1 U 16
18 0 U 17
19 1 U 18
20 1 U 19
21 0 U 20
22 1 U 21
23 0 U 22
24 0 U -1
25 0 L 1
26 0 U 25
27 0 U 26
28 0 U 27
29 0 U 28
30 1 U 29
31 1 L 3
32 1 U -1
33 1 U 32
34 1 U 33
35 0 U 34
36 0 U 5
37 0 U 36
38 1 U 37
39 1 U 38
40 0 U -1
41 1 U 40
42 1 U 41
43 1 L 8
44 0 U 43
45 1 U 44
46 1 U 45
47 0 U 46
48 1 U -1
49 1 U 48
50 1 U 22
51 0 U 50
52 1 U 51
53 0 U 52
54 1 U 53
55 1 U 54
56 0 U -1
57 0 U 56
58 0 L 0
59 0 L 17
60 1 U 59
61 0 U 60
62 0 U 61
63 1 U 62
64 1 U -1
65 0 U 64
66 1 U 65
67 1 U 66
68 0 U 67
69
0 1 U -1
1 1 U 0
2 1 U 1
3 1 U 2
4 0 U 3
5 0 U 4
6 1 U -1
7 1 U 6
8 1 U -1
9 0 U 8
10 1 U 9
11 1 U 10
12 1 U 11
13 0 U 12
14 1 U 13
15 0 U 14
16 0 U -1
17 1 U 16
18 0 U 17
19 1 L 5
20 1 U 19
21 0 U 20
22 1 U 21
23 0 U -1
24 0 U -1
25 1 U 24
26 0 U -1
27 0 U 26
28 0 U 27
29 0 U 28
30 1 U 29
31 0 U 30
32 1 U -1
33 1 U 32
34 1 U 33
35 1 U 30
36 1 U 35
37 0 U 36
38 1 U 37
39 1 U 38
40 0 U -1
41 1 U 40
42 1 U 41
43 0 U 42
44 0 U 43
45 1 U 44
46 1 U 45
47 0 U 46
48 1 U -1
49 1 U 48
50 0 U 49
51 0 U 50
52 1 U 51
53 0 U 52
54 1 U 53
55 1 U 54
56 0 U -1
57 0 U 56
58 1 U 57
59 0 U 58
60 1 L 55
61 0 U 60
62 0 U 61
63 1 U 62
64 1 U -1
65 0 U 64
66 1 U 65
67 1 U 66
68 0 U 67
69
0 1 U -1
1 1 U 0
2 1 U 1
3 1 U 2
4 0 U 3
5 0 U 4
6 0 L 3
7 1 U 6
8 1 U -1
9 0 U 8
10 1 U 9
11 1 U 10
12 1 U 11
13 0 U 12
14 1 U 13
15 0 U 14
16 0 U -1
17 1 U 16
18 0 U 17
19 1 L 5
20 1 U 19
21 0 U 20
22 1 U 21
23 0 U -1
24 0 U -1
25 1 U 24
26 0 U -1
27 0 U 26
28 0 U 27
29 0 U 28
30 1 U 29
31 1 U 15
32 1 U -1
33 1 U 32
34 1 U 33
35 1 U 30
36 1 U 35
37 0 U 36
38 1 U 37
39 1 U 38
40 0 U -1
41 1 U 40
42 1 U 41
43 0 U 42
44 0 U 43
45 1 U 44
46 1 U 45
47 0 U 46
48 1 U -1
49 1 U 48
50 0 U 49
51 0 U 50
52 1 U 51
53 0 U 52
54 0 U 14
55 1 U 54
56 0 U -1
57 1 U 16
58 1 U 57
59 0 U 58
60 1 L 55
61 0 U 60
62 0 L 42
63 0 U 42
64 1 U -1
65 0 U 64
66 1 L 59
67 1 U 66
68 0 U 67
69
0 1 U -1
1 1 U 0
2 1 U 1
3 1 U 2
4 0 U 3
5 0 U 4
6 1 U -1
7 1 U 6
8 1 U 4
9 0 U 8
10 1 U 9
11 1 U 10
12 1 U 11
13 0 U 12
14 1 U 13
15 0 U 14
16 0 U -1
17 1 U 0
18 0 U 17
19 1 L 5
20 1 U 19
21 0 U 20
22 1 U 3
23 0 U -1
24 0 U -1
25 1 U 24
26 0 U -1
27 0 U 26
28 0 U 27
29 0 U 28
30 1 U 29
31 0 U 30
32 1 U -1
33 1 U 32
34 1 U 33
35 1 U 30
36 0 U 7
37 1 L 19
38 1 U 37
39 1 U 38
40 0 U -1
41 1 U 40
42 1 U 41
43 0 U 42
44 0 U 43
45 1 U 44
46 1 U 45
47 0 U 46
48 1 U -1
49 1 U 48
50 0 U 49
51 0 U 50
52 1 U 51
53 0 U 52
54 1 U 53
55 1 U 54
56 0 U -1
57 0 U 56
58 1 U 57
59 0 U 58
60 1 L 55
61 0 U 60
62 0 U 61
63 1 U 62
64 1 U -1
65 0 U 64
66 1 U 65
67 1 U 4
68 0 L 63
69
0 1 U -1
1 1 U 0
2 1 U 1
3 1 U 2
4 0 U 3
5 0 U 4
6 1 U -1
7 1 U 6
8 1 U 4
9 0 U 8
10 1 U 9
11 0 L 6
12 1 U 11
13 0 U 12
14 1 U 13
15 0 U 14
16 0 L 9
17 1 U 0
18 0 U 17
19 1 L 5
20 1 U 19
21 0 U 20
22 1 U 3
23 0 U -1
24 0 U -1
25 1 U 24
26 0 U -1
27 0 U 26
28 0 U 27
29 0 U 28
30 1 U 29
31 0 U 30
32 1 U -1
33 1 U 32
34 0 L 15
35 1 U 30
36 0 U 7
37 1 L 19
38 1 U 37
39 1 U 38
40 0 U -1
41 1 U 40
42 0 L 4
43 0 U 42
44 0 U 43
45 0 U 21
46 1 U 45
47 0 U 46
48 1 U -1
49 1 U 48
50 0 U 49
51 0 U 50
52 0 L 26
53 0 U 52
54 1 U 53
55 1 U 54
56 0 U -1
57 1 L 39
58 1 U 57
59 0 U 58
60 1 L 55
61 0 U 60
62 0 U 61
63 1 U 62
64 1 U -1
65 0 U 64
66 1 U 65
67 1 U 45
68 0 L 63
69
0 1 U -1
1 1 U 0
2 1 U 1
3 1 U 2
4 0 U 3
5 0 U 4
6 1 U -1
7 1 U 6
8 1 U 1
9 0 U 8
10 1 U 5
11 0 L 6
12 1 U 11
13 0 U 12
14 1 U 13
15 0 U 14
16 0 L 9
17 1 U 0
18 0 U 17
19 1 L 5
20 1 U 19
21 0 U 20
22 0 U 8
23 0 L 8
24 0 U -1
25 1 U 24
26 0 U -1
27 0 U 26
28 0 U 27
29 0 U 28
30 1 U 29
31 0 U 30
32 1 U -1
33 1 U 32
34 0 L 15
35 1 U 30
36 0 U 7
37 1 L 19
38 1 U 37
39 1 U 38
40 0 U -1
41 1 U 40
42 0 L 4
43 0 U 42
44 0 U 43
45 0 U 21
46 1 U 45
47 0 U 46
48 1 U -1
49 1 U 48
50 0 U 49
51 0 U 50
52 0 L 26
53 0 U 52
54 1 U 53
55 1 U 47
56 0 U -1
57 1 L 39
58 1 U 57
59 0 U 58
60 1 L 55
61 0 U 60
62 0 U 61
63 0 L 9
64 1 U -1
65 0 U 64
66 1 U 65
67 1 U 45
68 0 L 63
69
0 0 U -1
1 1 U 0
2 1 U 1
3 1 U 2
4 0 U 3
5 0 U 4
6 1 U -1
7 1 U 6
8 1 U 4
9 0 U 8
10 1 U 9
11 0 L 5
12 1 U 11
13 0 U 12
14 1 U 13
15 0 U 14
16 0 L 9
17 1 U 0
18 0 U 17
19 1 L 5
20 1 U 19
21 0 U 20
22 1 U 3
23 0 U -1
24 0 U -1
25 1 U 24
26 0 U -1
27 0 U 26
28 0 U 27
29 0 U 28
30 1 U 29
31 0 U 30
32 1 U -1
33 1 U 32
34 0 L 15
35 1 U 30
36 0 U 7
37 1 L 19
38 1 U 37
39 1 L 5
40 0 U 1
41 1 U 40
42 0 L 4
43 0 U 42
44 1 L 18
45 0 U 21
46 1 U 45
47 0 U 46
48 1 U -1
49 1 U 48
50 0 U 49
51 0 U 50
52 0 L 26
53 0 U 52
54 1 U 53
55 1 U 54
56 0 U -1
57 1 L 39
58 1 U 57
59 0 U 58
60 0 U 28
61 0 L 41
62 0 U 61
63 1 U 62
64 1 U -1
65 0 U 64
66 1 U 65
67 1 U 45
68 0 L 63
69
0 1 U -1
1 1 U 0
2 1 U 1
3 1 U 2
4 0 U 3
5 0 U 4
6 1 U -1
7 0 U 3
8 1 U 4
9 0 U 8
10 1 U 9
11 0 L 6
12 1 U 11
13 0 U 12
14 1 U 13
15 0 U 14
16 0 L 9
17 1 U 0
18 1 L 17
19 1 L 5
20 1 U 19
21 0 U 19
22 1 U 3
23 0 U -1
24 0 U -1
25 1 U 24
26 0 U -1
27 0 U 21
28 0 U 27
29 0 U 28
30 1 U 29
31 0 U 30
32 1 U -1
33 1 U 32
34 0 L 15
35 1 U 30
36 0 U 7
37 1 L 19
38 1 U 12
39 1 U 38
40 0 U -1
41 1 U 40
42 0 L 4
43 0 U 42
44 0 U 43
45 0 U 8
46 1 U 45
47 0 U 46
48 1 U -1
49 1 U 48
50 0 U 49
51 0 U 50
52 0 L 26
53 0 U 52
54 0 U 2
55 1 U 54
56 0 U -1
57 1 L 39
58 1 U 57
59 0 U 58
60 1 L 55
61 0 U 60
62 0 U 61
63 1 U 62
64 0 U 30
65 0 U 64
66 1 U 65
67 1 U 45
68 0 L 63
69
0 1 U -1
1 1 U 0
2 1 U 1
3 1 U 2
4 0 U 3
5 0 U 4
6 1 U -1
7 1 L 0
8 1 U 4
9 1 U 1
10 1 U 9
11 0 L 6
12 1 U 11
13 0 U 12
14 1 U 13
15 0 U 14
16 0 L 9
17 1 U 0
18 0 U 17
19 1 L 5
20 1 U 19
21 0 U 20
22 1 U 3
23 0 U -1
24 0 U -1
25 1 L 9
26 0 U -1
27 0 U 26
28 0 U 27
29 0 U 28
30 1 U 29
31 0 U 30
32 1 U -1
33 1 U 32
34 0 L 15
35 1 U 30
36 0 U 7
37 1 L 19
38 1 U 37
39 1 U 38
40 0 U -1
41 1 U 40
42 1 L 22
43 0 U 42
44 0 U 43
45 0 U 21
46 1 U 45
47 0 U 46
48 1 U -1
49 1 U 48
50 0 U 49
51 0 U 50
52 0 L 26
53 0 U 52
54 1 U 53
55 1 U 54
56 0 U -1
57 1 L 27
58 1 U 57
59 0 U 58
60 1 L 55
61 0 U 60
62 0 U 61
63 1 U 62
64 1 U -1
65 0 U 64
66 1 U 60
67 1 U 45
68 0 L 63
69
0 1 U -1
1 0 U 0
2 1 U 1
3 1 U 2
4 0 U 3
5 0 U 4
6 1 U -1
7 1 U 6
8 1 U 4
9 0 U 8
10 1 U 9
11 0 L 6
12 1 U 11
13 1 U 12
14 1 U 13
15 0 U 14
16 0 L 9
17 1 U 0
18 0 U 7
19 1 L 5
20 1 U 19
21 0 U 20
22 1 U 3
23 0 U -1
24 0 U -1
25 1 U 24
26 0 U -1
27 0 U 16
28 1 U 20
29 0 U 28
30 1 U 29
31 0 U 30
32 1 U -1
33 1 U 32
34 0 L 15
35 1 U 30
36 0 U 7
37 1 L 19
38 1 U 37
39 1 U 38
40 0 U -1
41 1 U 40
42 0 L 4
43 0 U 42
44 0 U 27
45 0 U 21
46 1 U 45
47 0 U 46
48 1 U -1
49 1 U 48
50 0 U 49
51 0 U 50
52 0 L 26
53 0 U 52
54 1 U 53
55 1 U 54
56 0 U -1
57 1 L 39
58 1 U 57
59 0 U 58
60 1 L 55
61 0 U 60
62 0 U 61
63 1 U 62
64 0 L 13
65 0 U 64
66 1 U 65
67 1 U 45
68 0 L 63
69
0 0 L -1
1 1 U 0
2 1 L 0
3 1 U 2
4 0 U 3
5 0 U 4
6 1 U -1
7 1 U 6
8 1 U 4
9 0 U 8
10 1 U 9
11 0 L 6
12 1 U 11
13 0 U 12
14 1 U 13
15 0 U 14
16 0 L 9
17 1 U 0
18 0 U 17
19 1 L 5
20 1 U 19
21 0 L 14
22 1 U 3
23 0 U -1
24 0 U -1
25 1 U 24
26 0 U -1
27 0 U 26
28 0 U 27
29 0 U 28
30 1 L 29
31 0 U 30
32 1 U -1
33 1 U 32
34 0 L 15
35 1 U 30
36 0 U 7
37 1 L 19
38 1 U 37
39 1 U 38
40 0 U -1
41 1 U 40
42 0 L 4
43 0 U 42
44 1 L 8
45 0 U 21
46 1 U 45
47 0 U 46
48 1 U -1
49 1 U 48
50 0 U 49
51 0 U 50
52 0 L 26
53 0 U 52
54 1 U 53
55 1 U 54
56 0 U -1
57 1 L 39
58 1 U 57
59 0 U 58
60 1 L 55
61 0 U 60
62 1 L 26
63 1 U 62
64 0 L 62
65 0 U 64
66 0 U 61
67 1 U 45
68 0 U 6
69
0 0 L -1
1 1 U 0
2 1 L 0
3 1 U 2
4 0 U 3
5 0 U 4
6 1 U -1
7 1 U 6
8 1 U 4
9 0 U 8
10 1 U 9
11 0 L 6
12 1 U 11
13 0 U 12
14 0 U 5
15 0 U 14
16 0 L 9
17 1 U 0
18 0 U 17
19 1 L 5
20 1 U 19
21 1 U 13
22 1 U 3
23 0 U -1
24 0 U -1
25 1 U 18
26 0 U -1
27 1 U 18
28 0 U 27
29 0 U 28
30 0 U 21
31 0 U 30
32 1 U -1
33 1 U 32
34 0 L 15
35 1 U 30
36 0 U 7
37 1 L 19
38 1 U 37
39 1 U 38
40 0 U -1
41 1 U 40
42 0 L 4
43 0 U 42
44 1 L 8
45 0 U 12
46 0 U 9
47 0 U 46
48 1 U -1
49 1 U 48
50 0 U 49
51 0 U 50
52 0 L 26
53 0 U 52
54 1 U 53
55 0 U 22
56 0 U -1
57 1 L 39
58 1 U 57
59 0 U 58
60 1 L 55
61 0 U 60
62 1 L 26
63 1 U 62
64 0 U 43
65 0 U 64
66 0 U 61
67 1 U 45
68 0 U 6
69
0 0 L -1
1 1 U 0
2 1 L 0
3 1 U 2
4 0 U 3
5 0 U 4
6 1 U -1
7 1 U 6
8 1 U 4
9 0 U 8
10 1 U 9
11 0 L 6
12 1 U 11
13 0 U 12
14 1 U 13
15 0 U 14
16 0 L 9
17 1 U 0
18 0 U 17
19 1 L 5
20 1 U 19
21 0 L 14
22 0 U 20
23 0 U -1
24 0 U -1
25 1 U 24
26 0 U -1
27 0 U 6
28 0 U 27
29 0 L 26
30 0 U 11
31 0 U 30
32 1 U -1
33 1 U 32
34 1 L -1
35 1 U 30
36 0 U 7
37 1 L 19
38 1 U 37
39 1 U 38
40 0 U -1
41 1 U 40
42 0 L 4
43 0 U 42
44 1 L 8
45 0 U 21
46 1 U 45
47 0 U 46
48 1 U -1
49 0 U 41
50 0 U 49
51 0 U 50
52 0 L 26
53 0 U 52
54 0 L 44
55 1 U 54
56 0 U -1
57 1 L 39
58 1 U 57
59 0 U 58
60 1 U 24
61 0 U 60
62 1 L 26
63 1 U 62
64 0 L 62
65 0 U 64
66 0 U 61
67 1 U 45
68 1 U 7
69
0 0 L -1
1 1 U 0
2 1 L 0
3 0 L 1
4 0 U 3
5 0 U 4
6 1 U -1
7 1 U 6
8 1 U 4
9 0 U 8
10 1 U 9
11 0 L 6
12 1 U 11
13 1 L 3
14 1 U 13
15 0 U 14
16 0 L 9
17 1 U 9
18 0 U 17
19 1 L 5
20 1 U 19
21 0 L 14
22 1 U 3
23 0 U -1
24 0 U -1
25 1 U 24
26 0 U -1
27 0 U 26
28 0 U 27
29 0 U 28
30 1 L 29
31 0 U 30
32 1 L 12
33 0 L 2
34 0 L 15
35 1 U 30
36 1 U 16
37 1 L 19
38 1 U 37
39 0 L 22
40 0 U -1
41 1 U 40
42 0 L 4
43 0 U 42
44 1 L 8
45 0 U 21
46 1 U 45
47 0 U 46
48 1 U -1
49 1 U 48
50 0 U 49
51 0 U 50
52 0 L 26
53 0 U 52
54 1 U 53
55 1 U 54
56 0 U -1
57 1 L 39
58 1 U 57
59 0 U 58
60 1 L 55
61 0 U 60
62 1 L 26
63 1 U 62
64 0 L 62
65 0 U 64
66 0 U 61
67 1 U 45
68 0 U 6
69
0 0 L -1
1 1 U 0
2 1 U 0
3 1 U 2
4 0 U 3
5 0 U 4
6 1 U -1
7 1 U 6
8 1 U 4
9 0 U 8
10 1 U 9
11 0 L 6
12 1 U 11
13 0 U 12
14 1 U 13
15 0 U 14
16 0 L 9
17 1 U 0
18 0 U 17
19 1 L 5
20 1 U 19
21 0 L 14
22 1 U 3
23 0 U -1
24 0 U -1
25 1 U 24
26 0 U -1
27 0 U 26
28 0 U 27
29 0 U 28
30 1 L 29
31 0 U 30
32 1 U -1
33 1 U 32
34 0 L 2
35 1 U 30
36 0 U 7
37 1 L 19
38 1 U 37
39 1 U 38
40 0 U -1
41 1 U 40
42 0 L 4
43 0 U 42
44 1 L 8
45 0 U 21
46 1 U 45
47 0 U 46
48 1 U -1
49 1 U 48
50 0 U 49
51 0 U 50
52 1 U 23
53 0 U 52
54 1 U 31
55 1 U 54
56 0 U -1
57 1 L 39
58 1 U 57
59 0 U 58
60 1 L 55
61 0 U 60
62 1 L 26
63 1 U 62
64 0 L 62
65 0 U 64
66 1 U 10
67 1 U 45
68 0 U 6
69
0 0 L -1
1 0 U 0
2 1 L 0
3 1 U 2
4 1 L 2
5 0 U 4
6 1 U -1
7 1 U 6
8 1 U 4
9 0 U 8
10 1 U 9
11 0 L 6
12 1 U 11
13 0 U 12
14 1 U 13
15 1 U -1
16 0 L 9
17 0 U 6
18 0 U 17
19 1 L 5
20 1 U 19
21 0 L 14
22 1 U 3
23 0 U -1
24 0 U -1
25 1 U 24
26 0 U -1
27 0 U 26
28 0 U 27
29 0 U 28
30 1 L 29
31 0 U 30
32 1 U -1
33 1 U 32
34 1 L 1
35 1 U 30
36 0 U 7
37 1 L 19
38 1 U 37
39 0 U 24
40 0 U -1
41 1 U 40
42 0 L 4
43 0 U 42
44 1 L 8
45 0 U 21
46 1 U 45
47 0 U 46
48 1 U -1
49 1 U 48
50 0 U 49
51 0 U 50
52 0 L 26
53 0 U 52
54 1 U 53
55 1 U 54
56 0 U -1
57 1 L 39
58 1 U 57
59 0 U 58
60 1 L 55
61 0 U 60
62 1 L 26
63 1 U 62
64 0 L 62
65 0 U 64
66 0 U 61
67 1 U 45
68 0 U 6
69
0 0 L -1
1 1 U 0
2 1 L 0
3 0 U 0
4 0 U 3
5 1 U 1
6 1 U -1
7 1 U 6
8 1 U 4
9 1 L -1
10 1 U 3
11 0 L 6
12 1 U 11
13 0 L 12
14 1 U 13
15 0 U 14
16 0 U -1
17 1 U 0
18 0 U 17
19 1 L 5
20 1 U 19
21 0 L 14
22 1 U 3
23 0 U -1
24 0 U -1
25 1 U 24
26 0 U -1
27 0 U 26
28 0 U 20
29 0 U 28
30 1 L 29
31 1 U 23
32 1 U -1
33 1 U 32
34 0 L 15
35 1 U 30
36 0 U 7
37 1 L 19
38 1 U 37
39 1 U 38
40 0 U -1
41 1 U 40
42 0 L 4
43 0 U 42
44 1 U 31
45 0 U 21
46 1 U 45
47 1 U 23
48 1 L 37
49 0 L 8
50 0 U 49
51 0 L 31
52 0 L 26
53 0 U 52
54 1 U 53
55 1 U 54
56 0 U -1
57 1 L 39
58 1 U 57
59 0 U 58
60 1 L 55
61 0 U 60
62 1 L 26
63 1 U 62
64 0 L 62
65 0 U 64
66 0 U 61
67 1 U 45
68 0 U 6
69
0 0 L -1
1 1 U 0
2 1 L 0
3 1 U 2
4 0 U 3
5 0 U 4
6 1 U -1
7 1 U 6
8 1 U 7
9 0 U 8
10 1 U 9
11 0 L 6
12 1 U 11
13 0 U 12
14 1 U -1
15 0 U 14
16 0 L 9
17 1 U 0
18 0 U 17
19 1 L 5
20 1 U 19
21 0 L 14
22 1 U 3
23 0 U -1
24 0 U -1
25 1 U 24
26 0 U -1
27 0 U 26
28 0 U 27
29 0 U 28
30 1 L 29
31 0 U 30
32 1 U -1
33 1 U 32
34 0 L 15
35 1 U 30
36 0 U 7
37 1 L 19
38 0 U 6
39 1 U 38
40 0 U -1
41 1 U 40
42 0 L 4
43 0 U 42
44 1 L 8
45 0 U 21
46 1 U 45
47 0 U 46
48 1 U -1
49 1 U 48
50 0 U 49
51 0 U 29
52 0 L 26
53 0 U 52
54 1 U 53
55 1 U 54
56 1 L 33
57 1 L 39
58 1 U 57
59 0 U 58
60 1 L 55
61 0 U 60
62 1 L 26
63 1 U 62
64 0 L 62
65 0 U 64
66 0 U 61
67 1 U 45
68 0 U 6
69
0 0 L -1
1 1 U 0
2 1 L 0
3 1 L 2
4 0 U 3
5 0 U 4
6 1 U -1
7 1 U 6
8 1 U 4
9 0 U 8
10 1 U 9
11 0 L 6
12 1 U 11
13 0 U 12
14 1 U 13
15 0 U 14
16 0 L 9
17 1 U 0
18 0 U 17
19 1 L 5
20 1 U 19
21 0 L 14
22 1 U 3
23 0 U -1
24 0 U -1
25 1 U 24
26 0 U -1
27 0 U 26
28 0 U 27
29 0 U 28
30 1 L 29
31 0 U 30
32 1 U -1
33 1 U 1
34 0 L 15
35 1 U 30
36 0 U 7
37 1 L 19
38 1 U 37
39 1 U 38
40 0 U -1
41 1 U 40
42 0 L 4
43 0 U 42
44 1 L 8
45 0 U 21
46 1 U 45
47 0 U 46
48 1 U -1
49 1 U 48
50 0 U 49
51 0 U 50
52 0 L 26
53 0 U 52
54 1 U 53
55 1 U 54
56 0 U -1
57 1 L 39
58 1 U 57
59 0 U 58
60 1 L 55
61 0 U 60
62 1 L 26
63 1 U 62
64 0 L 62
65 0 U 45
66 0 U 61
67 1 U 45
68 0 U 6
69
0 0 L -1
1 0 U -1
2 1 L 0
3 1 U 2
4 0 U 3
5 0 U 4
6 1 U -1
7 1 U 6
8 0 L 7
9 0 L 1
10 1 L 0
11 0 L 6
12 1 U 11
13 0 U 12
14 1 U 13
15 0 U 14
16 0 L 9
17 1 U 0
18 0 U 17
19 1 L 5
20 1 U 19
21 0 L 14
22 1 U 14
23 0 U -1
24 0 U -1
25 1 U 24
26 0 U -1
27 0 U 26
28 0 U 27
29 0 U 28
30 1 L 29
31 0 U 30
32 1 U -1
33 1 U 32
34 0 L 15
35 1 U 30
36 1 L 12
37 1 L 19
38 1 U 37
39 1 U 38
40 0 U -1
41 1 U 40
42 0 L 4
43 0 U 42
44 1 L 8
45 0 U 21
46 1 U 45
47 0 U 46
48 1 U 29
49 1 U 48
50 0 U 49
51 0 U 50
52 0 U 7
53 0 U 52
54 1 L 41
55 1 U 54
56 0 U -1
57 1 L 39
58 1 U 57
59 0 U 58
60 1 L 55
61 0 U 60
62 1 L 26
63 1 U 62
64 0 L 62
65 0 U 64
66 0 U 61
67 1 U 45
68 0 U 6
69
0 0 L -1
1 1 U 0
2 1 U 0
3 1 U 2
4 0 U 3
5 0 U 4
6 1 U -1
7 1 U 6
8 1 U 4
9 0 U 8
10 1 U 9
11 0 L 6
12 1 U 11
13 0 U 12
14 1 U 13
15 0 U 14
16 0 L 9
17 1 U 0
18 0 U 17
19 1 L 5
20 1 U 19
21 0 L 14
22 1 U 3
23 0 U -1
24 0 U -1
25 1 U 24
26 0 U -1
27 0 U 26
28 0 U 27
29 1 U 0
30 1 L 29
31 0 U 30
32 1 U -1
33 1 U 32
34 0 L 15
35 1 U 30
36 0 U 7
37 1 L 19
38 1 U 37
39 1 U 38
40 0 U -1
41 1 U 40
42 0 L 4
43 0 U 42
44 1 L 8
45 0 U 44
46 1 L 24
47 0 U 46
48 1 U 25
49 1 U 48
50 0 U 49
51 0 U 50
52 1 U 38
53 0 U 52
54 1 U 53
55 1 U 54
56 1 U 35
57 1 L 39
58 1 U 57
59 0 U 58
60 1 L 55
61 0 U 60
62 1 L 26
63 1 U 62
64 0 L 62
65 0 U 64
66 0 U 61
67 1 U 45
68 0 U 6
69
0 1 U -1
1 1 U 0
2 1 L 0
3 1 U 2
4 0 U 3
5 0 U 4
6 1 L 1
7 1 U 6
8 1 U 4
9 0 U 8
10 1 U 9
11 0 L 6
12 1 U 11
13 0 U 12
14 1 U 13
15 0 U 14
16 0 L 9
17 1 U 0
18 0 U 17
19 1 L 5
20 1 U 19
21 1 L 13
22 1 U 3
23 0 U -1
24 0 U 0
25 1 L -1
26 0 U -1
27 0 U 26
28 0 U 27
29 0 U 28
30 1 L 29
31 0 U 30
32 1 U -1
33 1 U 32
34 0 L 15
35 1 U 30
36 0 U 7
37 1 L 19
38 1 U 37
39 1 U 38
40 0 U -1
41 1 U 40
42 0 L 4
43 0 U 42
44 1 L 8
45 0 L 31
46 1 U 45
47 0 U 46
48 1 U -1
49 0 U 42
50 0 U 49
51 0 U 50
52 0 L 26
53 0 U 52
54 1 U 53
55 1 U 54
56 0 U -1
57 1 L 39
58 1 U 57
59 0 U 58
60 1 L 55
61 0 U 60
62 1 L 26
63 1 U 62
64 0 L 62
65 0 U 64
66 0 U 61
67 1 U 45
68 0 U 6
69
0 1 L -1
1 1 U 0
2 1 L 0
3 1 U 2
4 0 U 3
5 0 U 4
6 1 U 3
7 1 U 6
8 1 U 1
9 0 L 1
10 1 U 9
11 0 L 6
12 1 U 11
13 0 U 12
14 1 U 13
15 0 U 14
16 0 L 9
17 1 U 0
18 0 U 17
19 1 U 2
20 1 U 19
21 0 L 14
22 1 U 3
23 0 U -1
24 0 U -1
25 1 U 24
26 0 U -1
27 1 L 16
28 0 U 27
29 0 U 28
30 1 L 29
31 0 U 30
32 1 U -1
33 1 U 32
34 0 L 15
35 1 U 30
36 0 U 7
37 1 L 19
38 1 U 37
39 1 U 38
40 0 U -1
41 1 U 40
42 0 L 4
43 0 U 42
44 1 L 8
45 0 U 21
46 1 U 45
47 0 U 46
48 1 U -1
49 1 U 48
50 0 U 49
51 0 U 50
52 0 L 26
53 0 U 52
54 1 U 53
55 1 U 54
56 0 U -1
57 1 L 39
58 1 U 57
59 0 U 58
60 1 L 55
61 0 U 60
62 1 L 26
63 1 U 62
64 0 L 62
65 1 L 8
66 0 L 45
67 1 U 45
68 0 U 6
69
0 0 L -1
1 1 U 0
2 1 L 0
3 1 U -1
4 0 U 3
5 0 U 4
6 1 U -1
7 1 U 6
8 1 U 4
9 0 U 8
10 1 U 9
11 0 L 6
12 1 U 11
13 0 U 12
14 1 U 13
15 0 U 14
16 0 L 9
17 1 U 0
18 0 U 17
19 1 L 5
20 1 U 19
21 1 L 18
22 1 U 3
23 0 U -1
24 0 U -1
25 1 U 24
26 0 U -1
27 0 U 26
28 0 U 27
29 0 U 28
30 1 L 29
31 0 U 30
32 1 U -1
33 1 U 32
34 0 L 15
35 1 U 30
36 0 U 7
37 1 L 19
38 1 U 37
39 1 U 38
40 0 U -1
41 1 U 40
42 0 U 38
43 0 U 42
44 0 L 19
45 0 U 21
46 0 L 0
47 0 U 46
48 1 U -1
49 1 U 43
50 0 U 49
51 0 U 10
52 0 L 26
53 0 U 52
54 1 U 53
55 1 U 54
56 0 U 33
57 1 L 39
58 1 U 57
59 0 U 50
60 1 L 55
61 0 U 60
62 1 L 26
63 1 U 62
64 0 L 62
65 1 L 15
66 0 U 61
67 0 L 7
68 0 U 35
69
0 0 L -1
1 1 U 0
2 1 L 0
3 1 U 2
4 0 U 3
5 0 U 4
6 1 U -1
7 1 U 6
8 1 U 4
9 0 U 8
10 1 U 9
11 0 L 6
12 1 U 11
13 0 U 12
14 1 U 13
15 1 U 6
16 0 L 9
17 1 U 0
18 0 U 17
19 1 L 5
20 1 U 19
21 0 L 14
22 1 U 3
23 0 U -1
24 0 U -1
25 1 U 24
26 0 U -1
27 0 U 26
28 0 L 10
29 0 U 28
30 1 L 29
31 0 U 30
32 1 U -1
33 1 U 32
34 0 L 15
35 1 U 30
36 0 U 7
37 1 L 19
38 1 U 37
39 1 U 38
40 0 U -1
41 1 U 40
42 0 L 4
43 0 U 42
44 1 L 8
45 0 U 21
46 1 U 45
47 0 U 46
48 1 U -1
49 1 U 48
50 0 U 49
51 0 U 50
52 0 L 26
53 0 U 52
54 1 U 53
55 1 U 54
56 0 U -1
57 1 L 39
58 1 U 57
59 0 U 58
60 0 U 46
61 0 U 60
62 1 L 26
63 1 U 62
64 1 U 34
65 0 U 9
66 0 U 61
67 1 U 45
68 0 U 6
69
0 0 L -1
1 1 U 0
2 1 L 0
3 1 U 2
4 0 U 3
5 0 U 4
6 1 U -1
7 1 U 6
8 1 U 4
9 0 U 8
10 1 U 9
11 0 L 6
12 1 U 11
13 0 U 12
14 1 U 13
15 1 L 6
16 0 L 9
17 1 U 0
18 0 U 17
19 0 U 15
20 1 U 19
21 0 L 14
22 1 U 3
23 0 U -1
24 1 L 20
25 1 U 24
26 0 U -1
27 0 U 26
28 0 U 27
29 0 U 28
30 1 L 29
31 0 U 30
32 1 U -1
33 1 U 32
34 1 U 20
35 1 U 30
36 0 U 7
37 1 L 19
38 1 U 37
39 1 U 38
40 0 U -1
41 1 U 40
42 0 L 4
43 0 U 19
44 1 L 8
45 0 U 21
46 1 U 45
47 0 U 46
48 1 U 13
49 1 U 48
50 1 L 2
51 0 U 50
52 1 U 38
53 0 U 52
54 1 U 53
55 0 U -1
56 0 U 35
57 1 L 39
58 1 U 57
59 1 U 26
60 1 L 55
61 0 U 60
62 1 L 26
63 1 U 62
64 0 L 62
65 0 U 64
66 0 U 61
67 1 U 45
68 0 U 6
69
0 0 L -1
1 1 U 0
2 1 L 0
3 1 U 2
4 0 U 3
5 0 U 4
6 1 U -1
7 1 U 6
8 1 U 4
9 0 U 8
10 1 U 9
11 0 L 6
12 1 U 11
13 0 U 12
14 1 U 13
15 0 L 14
16 0 L 9
17 1 U 0
18 0 U 17
19 1 L 5
20 1 U 19
21 0 L 14
22 1 U 3
23 0 U -1
24 1 L 20
25 1 U 24
26 0 U -1
27 0 U 26
28 0 U 27
29 0 U 28
30 1 L 29
31 1 U 21
32 1 U -1
33 1 U 32
34 0 L 15
35 1 U 30
36 0 U 7
37 1 L 19
38 1 U 37
39 1 U 38
40 0 U -1
41 1 U 40
42 0 L 4
43 0 U 22
44 1 L 8
45 0 U 21
46 1 U 45
47 0 U 46
48 1 U -1
49 1 U 48
50 0 U 30
51 0 U 50
52 0 U 48
53 1 U 33
54 1 U 53
55 1 U 54
56 0 U -1
57 1 L 39
58 1 U 57
59 0 U 58
60 1 L 55
61 0 U 60
62 1 L 26
63 1 U 62
64 0 L 62
65 0 U 64
66 0 U 61
67 1 U 45
68 0 U 6
69
0 0 L -1
1 1 U 0
2 0 L 1
3 0 U 0
4 0 U 3
5 0 U 4
6 1 U -1
7 1 U 6
8 1 U 4
9 0 U 8
10 1 U 9
11 0 L 6
12 1 U 11
13 0 U 12
14 1 L 12
15 0 U 14
16 0 L 9
17 1 U 0
18 0 U 17
19 1 L 5
20 1 U 19
21 0 L 14
22 1 U 3
23 0 U -1
24 1 U 15
25 1 U 24
26 0 U -1
27 0 U 26
28 0 U 27
29 0 U 28
30 1 L 29
31 0 U 30
32 1 U -1
33 1 U 32
34 0 L 15
35 1 U 30
36 0 U 7
37 1 L 19
38 1 U 37
39 1 U 38
40 0 U -1
41 1 U 40
42 0 L 4
43 0 U 42
44 1 L 8
45 0 U 21
46 1 U 45
47 0 U 46
48 1 U -1
49 1 U 48
50 0 U 49
51 0 U 50
52 0 L 26
53 0 U 52
54 1 U 53
55 1 U 54
56 0 U -1
57 1 L 39
58 1 U 57
59 1 U 11
60 1 L 55
61 0 U 60
62 1 L 26
63 1 U 62
64 0 L 62
65 0 U 64
66 0 U 61
67 1 U 45
68 0 L 8
69
0 0 L -1
1 1 U 0
2 1 L 0
3 1 U 2
4 0 U 3
5 0 U 4
6 1 U -1
7 1 L -1
8 1 U 4
9 0 U 8
10 1 U 9
11 0 L 6
12 1 U 11
13 0 U 12
14 1 U 13
15 1 L 13
16 0 L 9
17 0 U 6
18 0 U 17
19 1 L 5
20 1 U 19
21 0 L 14
22 1 U 3
23 1 U 10
24 0 U -1
25 1 U 24
26 0 U -1
27 0 U 26
28 1 U 16
29 0 U 28
30 1 L 29
31 1 U 3
32 1 U -1
33 1 U 32
34 0 L 15
35 1 U 30
36 0 U 7
37 1 L 19
38 1 U 37
39 1 U 38
40 0 U -1
41 1 U 40
42 0 L 4
43 0 U 42
44 1 L 8
45 0 U 21
46 1 U 45
47 0 U 46
48 1 U -1
49 1 U 48
50 0 U 49
51 0 U 50
52 0 L 26
53 0 U 52
54 1 U 53
55 1 U 54
56 0 U -1
57 1 L 39
58 1 U 57
59 0 U 58
60 1 L 55
61 0 U 60
62 1 L 26
63 0 L 47
64 0 L 62
65 0 U 64
66 0 U 61
67 1 U 45
68 0 U 6
69
0 0 L -1
1 1 U 0
2 1 L 0
3 1 U 2
4 0 U 3
5 0 U 4
6 1 U -1
7 1 U 6
8 1 U 4
9 0 U 8
10 1 U 9
11 0 L 6
12 1 U 11
13 0 L 2
14 1 U 13
15 0 L 1
16 0 L 9
17 1 U 0
18 0 U 17
19 1 L 5
20 1 U 19
21 0 L 14
22 1 L 20
23 0 U -1
24 1 L -1
25 1 U 24
26 0 U -1
27 0 U 26
28 0 U 27
29 0 U 28
30 1 L 29
31 0 U 30
32 1 U -1
33 1 U 32
34 0 L 15
35 1 U 30
36 0 U 7
37 1 L 19
38 1 U 37
39 1 U 38
40 0 U -1
41 1 U 40
42 0 L 4
43 0 U 42
44 0 U 24
45 1 L 34
46 1 U 45
47 0 U 46
48 1 U -1
49 1 U 48
50 0 U 49
51 0 U 50
52 0 L 26
53 0 U 52
54 1 U 53
55 1 U 54
56 1 U 55
57 1 L 39
58 1 U 57
59 0 U 58
60 1 L 55
61 0 U 60
62 1 L 26
63 0 U -1
64 0 L 62
65 1 L 33
66 0 U 61
67 1 U 45
68 1 L 27
69
0 1 U -1
1 1 U 0
2 1 L 0
3 1 U 2
4 0 U 2
5 0 U 4
6 1 U -1
7 1 U 6
8 1 U 4
9 0 U 8
10 1 L 4
11 0 L 6
12 1 U 11
13 0 U 12
14 1 U 13
15 0 U 14
16 0 L 9
17 1 U 0
18 0 U 17
19 1 U 7
20 1 U 19
21 0 L 14
22 1 U 3
23 0 U -1
24 1 U 15
25 1 U 24
26 0 U -1
27 0 U 26
28 0 U 27
29 0 U 28
30 1 L 29
31 0 U 30
32 1 U -1
33 1 U 32
34 0 U 13
35 1 U 30
36 0 U 7
37 1 L 19
38 1 U 37
39 1 U 38
40 0 U -1
41 1 U 40
42 0 L 4
43 0 U 42
44 1 L 8
45 0 U 21
46 1 U 45
47 0 U 46
48 1 U -1
49 1 U 48
50 0 U 49
51 0 U 50
52 0 L 26
53 0 U 52
54 1 U 53
55 1 U 54
56 0 U -1
57 1 L 39
58 1 U 57
59 0 U 58
60 1 L 55
61 0 U 60
62 1 L 26
63 1 U 62
64 0 L 62
65 1 U 44
66 0 U 61
67 1 U 45
68 0 U 6
69
0 0 L -1
1 1 U 0
2 1 L 0
3 1 U 2
4 0 U 3
5 0 U 4
6 1 U -1
7 1 U 6
8 0 U 7
9 0 U 8
10 1 U 9
11 0 L 6
12 1 U 11
13 0 U 12
14 1 U 13
15 0 U 14
16 0 L 9
17 1 U 0
18 0 U 17
19 1 L 5
20 1 U 19
21 0 L 14
22 1 U 3
23 0 U -1
24 0 U -1
25 1 U 24
26 0 U -1
27 0 U 26
28 1 L 2
29 0 U 28
30 1 L 29
31 0 U 30
32 1 U -1
33 1 U 32
34 0 L 15
35 1 U 30
36 1 L 4
37 1 L 19
38 1 U 37
39 1 U 38
40 0 U -1
41 1 U 40
42 0 L 4
43 0 U 42
44 1 L 8
45 0 U 21
46 1 U 45
47 0 U 46
48 0 L 43
49 1 U 48
50 0 U 49
51 0 U 50
52 0 L 26
53 0 U 52
54 1 U 53
55 1 U 54
56 0 U -1
57 1 L 39
58 1 U 57
59 0 U 58
60 1 L 55
61 0 U 60
62 1 L 26
63 1 U 0
64 0 L 62
65 0 U 31
66 0 U 61
67 1 U 45
68 0 U 6
69
0 0 L -1
1 1 U 0
2 1 L 0
3 1 U 2
4 0 U 3
5 0 U 4
6 1 U -1
7 1 U -1
8 1 U 4
9 0 U 8
10 1 U 9
11 0 L 6
12 1 L 7
13 0 U 12
14 1 U 13
15 0 U 14
16 0 L 9
17 1 U 0
18 0 U 17
19 0 U 14
20 1 U 19
21 0 L 14
22 1 U 3
23 0 U 11
24 0 U -1
25 1 U 24
26 0 U -1
27 0 U 26
28 0 U 27
29 0 U 28
30 1 L 29
31 0 U 30
32 1 U -1
33 1 U 32
34 0 L 15
35 1 U 30
36 0 U 7
37 1 L 19
38 1 L 23
39 1 U 38
40 0 U -1
41 1 U 40
42 0 L 4
43 0 U 42
44 1 L 8
45 0 U 21
46 1 U 45
47 0 U 46
48 1 U -1
49 1 U 48
50 0 U 49
51 0 U 50
52 0 L 26
53 0 U 52
54 1 U 53
55 1 U 54
56 1 L 31
57 1 L 39
58 1 L 2
59 0 U 58
60 1 L 55
61 0 U 60
62 1 L 26
63 1 U 62
64 0 L 62
65 0 U 64
66 0 U 61
67 1 U 45
68 0 U 6
69
0 0 L -1
1 1 U 0
2 1 L 0
3 1 U 2
4 1 L 3
5 0 U 4
6 1 U -1
7 1 U 6
8 1 L 7
9 0 U 8
10 1 U 9
11 0 U 0
12 0 U 5
13 0 U 12
14 1 U 13
15 0 U 14
16 0 L 9
17 0 U 9
18 0 U 17
19 1 L 5
20 1 U 19
21 0 L 14
22 1 U 3
23 0 U -1
24 0 U -1
25 1 U 24
26 0 U -1
27 0 U 26
28 0 U 27
29 0 U 28
30 1 L 23
31 0 U 30
32 1 U -1
33 1 U 32
34 0 L 15
35 1 U 30
36 0 U 7
37 1 U 0
38 1 U 37
39 1 U 38
40 0 U -1
41 1 U 40
42 0 L 4
43 0 U 42
44 1 L 8
45 0 U 21
46 1 U 45
47 0 U 46
48 1 U -1
49 1 U 48
50 0 U 49
51 0 U 50
52 0 L 26
53 1 U 39
54 1 U 53
55 1 U 54
56 0 U -1
57 1 L 39
58 1 U 57
59 0 U 58
60 0 U 4
61 0 U 10
62 1 U 24
63 1 U 62
64 0 L 62
65 0 U 64
66 0 U 61
67 1 U 45
68 0 U 6
69
0 0 L -1
1 1 U 0
2 1 L 0
3 1 U 2
4 0 U 3
5 0 U 4
6 0 U 1
7 1 U 6
8 1 U 4
9 0 U 8
10 1 U 9
11 0 L 6
12 0 U 7
13 0 U 12
14 1 U 13
15 0 U 14
16 0 L 9
17 1 U 0
18 0 U 17
19 1 L 5
20 1 U 19
21 0 L 14
22 1 U 3
23 0 U -1
24 0 U -1
25 1 U 24
26 0 U -1
27 0 U 26
28 0 U 27
29 0 U 28
30 1 L 29
31 0 U 30
32 1 U -1
33 0 L 28
34 0 L 15
35 1 U 30
36 0 U 7
37 1 L 19
38 1 U 37
39 1 U 38
40 1 L 30
41 1 U 40
42 0 L 4
43 0 U 42
44 1 L 8
45 0 U 21
46 1 U 45
47 0 U 46
48 1 U -1
49 1 U 48
50 0 U 49
51 0 U 50
52 0 L 26
53 0 U 52
54 1 L 20
55 1 U 8
56 0 U -1
57 1 L 39
58 1 U 57
59 0 U 58
60 1 L 55
61 0 U 60
62 0 U 18
63 1 U 62
64 0 L 62
65 0 U 64
66 0 U 61
67 1 U 45
68 0 U 6
69
0 1 U -1
1 1 U 0
2 1 L 0
3 1 U 2
4 0 U 3
5 0 U 4
6 1 U -1
7 1 U 6
8 1 U 4
9 0 U 8
10 1 U 9
11 0 L 6
12 1 U 11
13 0 U 12
14 1 U 13
15 0 U 14
16 0 L 9
17 1 U 0
18 0 U 17
19 0 U 11
20 1 U 19
21 0 L 14
22 1 U 3
23 0 U -1
24 0 U -1
25 0 U -1
26 0 U -1
27 0 U 26
28 0 U 27
29 0 U 28
30 1 L 29
31 0 U 30
32 1 U -1
33 1 U 32
34 0 L 15
35 1 U 30
36 0 U 7
37 1 L 19
38 1 U 37
39 1 U 38
40 0 U -1
41 1 U 40
42 0 L 4
43 0 U 42
44 1 L 8
45 0 U 21
46 1 U 45
47 0 U 46
48 1 U -1
49 1 U 48
50 0 U 49
51 0 U 50
52 0 L 26
53 0 U 52
54 1 U 53
55 1 U 54
56 0 U -1
57 1 L 39
58 1 U 57
59 0 U 58
60 1 L 55
61 0 U 60
62 1 L 26
63 1 U 62
64 0 L 62
65 0 U 64
66 0 U 61
67 1 U 45
68 0 U 62
69
0 0 L -1
1 1 U 0
2 1 L 0
3 1 U 2
4 0 U 3
5 0 L 0
6 1 U -1
7 1 U 6
8 1 U 4
9 0 U 8
10 1 U 9
11 0 L 6
12 1 U 11
13 0 U 12
14 1 U 13
15 1 U 13
16 0 L 9
17 1 U 0
18 0 U 17
19 1 L 5
20 0 U 2
21 1 L 6
22 1 U 3
23 0 U -1
24 0 U -1
25 1 U 24
26 0 U -1
27 1 L 13
28 1 L 12
29 0 U 28
30 1 L 29
31 0 U 30
32 1 U -1
33 1 U 32
34 1 U 17
35 1 U 30
36 0 U 7
37 1 L 19
38 1 U 37
39 1 U 38
40 0 U -1
41 1 U 40
42 0 L 4
43 0 U 42
44 1 L 8
45 0 U 21
46 1 L 2
47 0 U 46
48 1 U -1
49 1 U 48
50 0 U 49
51 0 U 50
52 0 L 26
53 0 U 52
54 1 U 53
55 1 U 54
56 1 U 39
57 1 U 43
58 1 U 57
59 0 U 58
60 0 U 4
61 0 U 60
62 1 L 26
63 1 U 62
64 0 L 62
65 0 U 64
66 0 U 61
67 1 U 45
68 0 L 39
69
0 0 L -1
1 1 U 0
2 1 L 0
3 1 U 2
4 0 U 3
5 0 U 4
6 1 U -1
7 1 U 6
8 1 U 4
9 0 U 8
10 1 U 9
11 0 L 6
12 1 U 11
13 0 U 12
14 1 U 13
15 0 U 14
16 0 L 9
17 1 U 0
18 0 U 17
19 1 L 5
20 1 U 19
21 0 L 14
22 1 U 3
23 0 U -1
24 0 U -1
25 1 U 24
26 0 U -1
27 0 U 26
28 0 U 27
29 0 U 28
30 1 L 29
31 0 U 30
32 1 U -1
33 1 U 32
34 0 L 15
35 1 U 30
36 0 U 7
37 0 L 21
38 1 U 37
39 1 U 38
40 0 U -1
41 1 U 40
42 0 L 4
43 0 U 42
44 1 L 8
45 0 L -1
46 1 U 45
47 0 U 46
48 1 U -1
49 1 U 32
50 0 U 49
51 0 U 50
52 0 L 26
53 0 U 52
54 1 L 35
55 1 U 54
56 1 L 29
57 1 U 54
58 1 U 57
59 0 U 58
60 1 L 59
61 0 U 60
62 1 L 26
63 1 U 62
64 0 U 48
65 0 U 64
66 0 U 61
67 1 U 45
68 0 U 6
69
0 0 L -1
1 1 U 0
2 1 L 0
3 1 U 2
4 0 U 3
5 0 U 4
6 1 U -1
7 0 L 4
8 1 U 4
9 0 U 8
10 1 U 9
11 0 L 6
12 1 U 11
13 0 U 12
14 1 U 13
15 0 U 14
16 0 L 9
17 0 U 4
18 0 U 17
19 1 L 5
20 1 U 19
21 0 L 14
22 1 U 3
23 0 U -1
24 0 U -1
25 1 U 24
26 0 U -1
27 0 U 26
28 0 U 27
29 0 U 28
30 0 L 28
31 0 U 30
32 1 U -1
33 1 U 32
34 0 L 15
35 1 U 30
36 0 U 7
37 1 L 19
38 1 U 37
39 1 U 38
40 1 U 32
41 1 U 40
42 0 L 4
43 0 U 42
44 1 L 8
45 0 U 21
46 1 U 26
47 0 U 46
48 1 U -1
49 1 U 48
50 0 U 49
51 0 U 50
52 0 L 26
53 0 U 52
54 1 U 53
55 1 U 54
56 0 U -1
57 1 L 39
58 1 U 57
59 0 U 58
60 1 L 55
61 0 U 60
62 1 L 26
63 1 U 62
64 0 L 62
65 0 U 64
66 0 U 61
67 1 U 45
68 0 U 6
69
0 0 L -1
1 1 L 0
2 1 L 0
3 1 U 2
4 0 U 3
5 0 U 4
6 1 L 2
7 1 U 6
8 1 U 4
9 0 U 8
10 1 U 9
11 1 L 2
12 1 U 11
13 0 U 12
14 1 U 13
15 0 U 14
16 0 L 9
17 1 U 0
18 0 U 17
19 1 L 5
20 1 U 19
21 0 L 14
22 1 U 3
23 0 U -1
24 0 U -1
25 1 U 24
26 0 U -1
27 0 U 26
28 0 U 27
29 0 U 28
30 1 L 29
31 0 U 30
32 1 U -1
33 1 U 32
34 0 L 15
35 1 U 30
36 0 U 7
37 1 L 19
38 1 U 37
39 1 U 0
40 0 U -1
41 1 U 9
42 0 L 4
43 0 U 42
44 1 L 8
45 0 U 21
46 1 U 45
47 0 U 46
48 1 U -1
49 1 U 48
50 0 U 49
51 0 U 50
52 0 L 26
53 0 U 52
54 1 U 53
55 1 U 54
56 0 U -1
57 1 L 39
58 1 U 57
59 0 U 58
60 1 L 55
61 0 U 60
62 1 L 26
63 1 U 62
64 0 L 62
65 0 U 36
66 0 U 61
67 1 U 45
68 0 U 6
69
0 0 L -1
1 1 U 0
2 1 L 0
3 1 U 2
4 0 U 3
5 0 U 4
6 1 U -1
7 1 U 6
8 1 U 4
9 0 U 8
10 1 U 9
11 0 L 6
12 1 U 11
13 0 U 12
14 1 U 13
15 0 U 14
16 0 L 9
17 1 U 0
18 0 U 17
19 1 L 5
20 1 U 19
21 0 L 14
22 1 U 3
23 0 U -1
24 0 U -1
25 1 U 24
26 0 U -1
27 0 U 26
28 0 U 27
29 0 U 28
30 1 L 29
31 0 U 30
32 1 U -1
33 1 U 32
34 0 L 15
35 1 U 30
36 0 U 7
37 1 L 19
38 1 U 37
39 1 U 38
40 0 U -1
41 1 U 40
42 0 L 4
43 0 U 42
44 1 L 8
45 0 U 21
46 1 U 45
47 0 U 46
48 1 U -1
49 0 U 43
50 0 U 49
51 0 U 50
52 0 L 26
53 0 U 52
54 1 U 53
55 1 U 54
56 0 U -1
57 1 L 39
58 1 U 57
59 0 U 58
60 1 L 55
61 0 U 60
62 1 L 26
63 1 U 62
64 0 L 62
65 0 U 64
66 0 L 30
67 1 U 45
68 0 U 6
69
0 0 L -1
1 1 U 0
2 1 L 0
3 1 U 2
4 0 U -1
5 0 U 0
6 1 U -1
7 1 U 6
8 1 U 4
9 0 U 8
10 1 U 9
11 0 L 6
12 1 U 11
13 0 U 12
14 1 U 13
15 0 U 14
16 0 L 9
17 1 U 0
18 0 U 17
19 1 L 5
20 1 U 19
21 0 L 14
22 1 U 3
23 0 U -1
24 0 U -1
25 1 U 24
26 0 U -1
27 0 U 26
28 0 U 27
29 0 U 28
30 1 L 29
31 0 U 30
32 1 U -1
33 1 U 32
34 0 L 15
35 0 U 5
36 0 U 7
37 1 L 19
38 1 U 37
39 1 U 38
40 0 U -1
41 1 U 40
42 0 L 4
43 0 U 42
44 1 L 8
45 0 U 21
46 1 U 45
47 0 U 46
48 1 U -1
49 1 U 48
50 0 U 49
51 0 U 50
52 1 L 43
53 0 U 18
54 1 U 53
55 1 U 54
56 0 U -1
57 1 L 39
58 1 U 57
59 0 U 58
60 1 L 55
61 1 L 0
62 1 L 26
63 1 U 62
64 0 L 62
65 0 U 64
66 0 U 61
67 1 U 45
68 0 U 6
69
0 0 L -1
1 1 U 0
2 1 L 0
3 1 U 2
4 0 U 3
5 0 U 4
6 1 U 5
7 1 U 6
8 1 U 4
9 0 U 5
10 1 U 9
11 0 L 6
12 1 U 11
13 0 U 12
14 1 U 13
15 0 U 14
16 0 L 9
17 1 U 0
18 0 U 17
19 1 L 5
20 1 U 19
21 0 L 14
22 0 U 5
23 0 U -1
24 0 U -1
25 1 U 24
26 0 L 15
27 0 U 26
28 0 U 27
29 0 U 28
30 1 L 29
31 1 L 10
32 1 U -1
33 1 U 32
34 1 L 12
35 1 U 30
36 0 U 7
37 0 L 31
38 1 U 37
39 1 U 38
40 0 U -1
41 1 U 40
42 0 L 4
43 0 U 42
44 1 L 8
45 0 U 21
46 1 U 45
47 0 U 46
48 0 L 14
49 1 L 2
50 0 U 49
51 0 U 50
52 0 L 26
53 0 U 52
54 1 U 53
55 1 U 54
56 0 U -1
57 1 L 39
58 1 U 57
59 0 U 58
60 1 L 55
61 0 U 60
62 1 L 26
63 1 U 62
64 0 L 62
65 0 U 64
66 0 U 61
67 1 U 45
68 0 U 6
69
0 0 L -1
1 1 U 0
2 1 L 0
3 1 U 2
4 0 U 3
5 0 U 4
6 1 U -1
7 1 U 6
8 1 U 4
9 0 U 8
10 1 U 9
11 0 L 6
12 1 U 11
13 0 U 12
14 1 U 13
15 0 U 14
16 0 L 9
17 1 U 0
18 0 U 17
19 1 L 5
20 1 U 19
21 0 L 14
22 1 L 6
23 0 U -1
24 0 U -1
25 1 U 24
26 0 U -1
27 0 U 26
28 0 U 27
29 0 U 28
30 1 L 29
31 0 U 30
32 1 U -1
33 1 U 32
34 0 L 15
35 1 U 30
36 0 U 7
37 1 L 19
38 1 U 37
39 1 U 38
40 0 U -1
41 1 U 40
42 1 L 35
43 0 U 42
44 1 L 8
45 0 U 21
46 1 U 45
47 0 U 46
48 1 U 33
49 1 U 48
50 0 U 49
51 0 U 50
52 0 L 26
53 0 U 52
54 1 U 53
55 1 U 54
56 0 U -1
57 1 L 39
58 1 U 57
59 0 U 58
60 1 L 55
61 0 U 60
62 1 L 26
63 1 L 18
64 0 L 62
65 0 U 64
66 0 U 61
67 1 U 45
68 0 U 6
69
0 0 L -1
1 1 U 0
2 1 L 0
3 0 L 1
4 0 U 3
5 0 U 4
6 1 U -1
7 1 U 6
8 1 U 4
9 0 U 8
10 1 U 9
11 0 L 6
12 0 L 7
13 0 U 12
14 1 U 13
15 0 U 14
16 1 U 11
17 1 U 0
18 0 U 17
19 1 L 5
20 1 U 19
21 0 L 14
22 1 U 3
23 0 U -1
24 0 U -1
25 1 U 17
26 0 U -1
27 0 U 15
28 0 U 27
29 0 U 28
30 1 L 29
31 0 U 30
32 1 U -1
33 1 U 0
34 0 L 15
35 1 U 30
36 0 U 7
37 1 L 19
38 1 U 37
39 1 L 10
40 0 U -1
41 1 U 40
42 0 L 4
43 0 U 42
44 1 L 8
45 0 U 21
46 1 U 45
47 0 U 46
48 1 U -1
49 1 U 48
50 0 U 49
51 0 U 50
52 0 L 26
53 0 L 23
54 1 L 50
55 1 U 54
56 0 U -1
57 1 L 39
58 1 U 57
59 0 U 58
60 1 L 55
61 0 U 60
62 1 L 26
63 1 U 62
64 0 L 62
65 0 U 64
66 0 U 61
67 1 U 45
68 0 U 6
69
0 0 L -1
1 1 U 0
2 1 L 0
3 1 U 2
4 0 U 3
5 0 U 4
6 1 U -1
7 1 U 6
8 1 U 4
9 0 U 8
10 1 U 9
11 0 L 6
12 1 U 11
13 0 U 12
14 1 U 13
15 0 U 14
16 0 L 9
17 1 U 0
18 0 U 17
19 1 L 5
20 1 U 19
21 0 L 14
22 1 U 3
23 1 U 20
24 0 U -1
25 1 U 24
26 1 L 5
27 1 U 16
28 0 U 27
29 0 U 28
30 1 L 29
31 0 U 30
32 1 U -1
33 1 U 32
34 0 L 15
35 1 U 30
36 0 U 7
37 1 L 19
38 1 U 37
39 1 U 38
40 0 U -1
41 1 U 40
42 0 L 4
43 0 U 42
44 0 U 43
45 0 U 21
46 0 U 4
47 0 U 46
48 0 U 15
49 0 U 34
50 0 U 49
51 0 U 50
52 0 L 26
53 0 U 52
54 1 U 53
55 1 U 54
56 0 U -1
57 1 L 17
58 1 U 57
59 0 U 58
60 1 L 55
61 0 U 60
62 1 L 26
63 1 U 62
64 0 L 62
65 0 U 64
66 0 U 61
67 1 U 45
68 0 U 6
69
0 0 L -1
1 1 U 0
2 1 L 0
3 1 U -1
4 0 U 3
5 0 U 4
6 1 U -1
7 1 U 6
8 1 U 4
9 0 U 8
10 1 U 9
11 0 L 6
12 1 U 11
13 0 U 12
14 0 L 13
15 0 L 7
16 0 L 9
17 1 U 0
18 0 U 17
19 1 L 5
20 1 U 19
21 0 L 20
22 1 U 3
23 0 U -1
24 0 U -1
25 1 U 24
26 0 U -1
27 0 U 26
28 0 U 27
29 1 U 4
30 1 L 29
31 0 U 30
32 1 U -1
33 1 U 32
34 0 L 15
35 1 U 30
36 0 L 8
37 1 L 19
38 1 U 37
39 1 U 38
40 0 U -1
41 1 U 40
42 0 L 4
43 0 U 42
44 1 L 8
45 0 U 21
46 1 U 45
47 0 U 46
48 1 U -1
49 1 U 48
50 0 U 49
51 0 U 50
52 0 L 26
53 0 U 52
54 1 U 53
55 1 U 29
56 0 U -1
57 1 L 39
58 1 U 57
59 0 U 58
60 1 L 55
61 0 U 60
62 1 L 26
63 1 U 62
64 0 L 8
65 0 U 45
66 0 U 61
67 1 U 61
68 0 U 6
69
0 0 L -1
1 1 U 0
2 1 U 1
3 1 U -1
4 0 U 3
5 0 U 4
6 1 U -1
7 1 U 6
8 1 U 4
9 0 U 8
10 1 U 9
11 0 L 6
12 1 U 11
13 0 U 12
14 0 L 13
15 0 L 7
16 1 U 0
17 1 L 0
18 0 U 17
19 1 L 5
20 1 U 19
21 0 L 20
22 1 U 3
23 0 U -1
24 0 U -1
25 1 U 24
26 0 U -1
27 0 U 26
28 0 U 27
29 1 U 4
30 1 U 11
31 0 L 5
32 1 U -1
33 1 L 17
34 1 L 30
35 1 U 30
36 0 L 8
37 1 L 19
38 0 L 19
39 1 U 38
40 0 U -1
41 1 U 7
42 0 L 4
43 0 U 42
44 0 U 33
45 0 U 21
46 1 U 45
47 0 U 46
48 1 U -1
49 1 U 20
50 0 U 49
51 0 U 50
52 0 L 26
53 0 U 52
54 1 U 53
55 1 U 29
56 0 U -1
57 0 L 4
58 1 U 57
59 0 U 58
60 1 U 51
61 0 U 60
62 1 L 22
63 1 U 62
64 0 L 8
65 0 U 45
66 0 U 61
67 0 L 2
68 0 U 6
69
0 0 L -1
1 1 U 0
2 1 L 0
3 1 U -1
4 0 U 3
5 0 U 4
6 1 U -1
7 1 U 6
8 1 U 4
9 0 U 8
10 1 U 9
11 0 L 6
12 0 U 9
13 0 U 12
14 0 L 13
15 0 L 7
16 0 L 3
17 1 U 0
18 1 L 4
19 0 L 8
20 1 U 19
21 0 L 20
22 1 U 3
23 0 L 15
24 1 L 5
25 1 U 24
26 1 U 3
27 0 U 26
28 0 L 13
29 1 U 4
30 1 L 29
31 0 U 30
32 1 U -1
33 1 U 32
34 0 L 15
35 1 U 30
36 0 L 8
37 1 L 19
38 1 U 37
39 1 U 38
40 0 U -1
41 1 U 40
42 1 L 32
43 0 U 42
44 1 L 8
45 0 U 21
46 1 U 45
47 0 U 46
48 1 U -1
49 1 U 48
50 0 L 1
51 0 U 50
52 0 L 26
53 0 U 52
54 1 U 53
55 1 U 29
56 0 U -1
57 1 L 39
58 1 U 57
59 0 U 58
60 1 L 55
61 0 U 60
62 1 L 26
63 1 U 62
64 0 L 8
65 0 U 45
66 0 U 61
67 1 U 61
68 0 U 6
69
0 0 L -1
1 1 U 0
2 1 L 0
3 1 U -1
4 0 L 0
5 0 U 4
6 1 U -1
7 1 U 6
8 1 U 4
9 0 U 8
10 1 U 9
11 0 L 4
12 1 U 11
13 0 U 12
14 0 L 13
15 0 L 7
16 0 L 9
17 1 U 0
18 0 U 17
19 1 L 15
20 1 U 19
21 0 L 20
22 1 U 3
23 0 U -1
24 0 U -1
25 1 U 24
26 0 U -1
27 0 U 26
28 0 U 27
29 1 U 4
30 1 L 29
31 0 U 30
32 1 U -1
33 1 U 32
34 0 L 15
35 1 U 30
36 0 L 8
37 1 L 19
38 1 U 37
39 1 U 38
40 0 U -1
41 1 U 40
42 0 L 4
43 0 U 42
44 1 L 8
45 0 U 21
46 1 U 45
47 0 U 46
48 1 U -1
49 1 U 48
50 0 U 49
51 0 U 50
52 0 L 26
53 0 U 52
54 1 U 53
55 1 U 29
56 0 U -1
57 1 L 11
58 1 U 57
59 0 U 58
60 1 L 55
61 0 U 60
62 1 L 26
63 1 U 62
64 0 L 8
65 0 U 45
66 0 U 49
67 1 U 61
68 0 U 6
69
0 0 L -1
1 1 U 0
2 1 L 0
3 1 U -1
4 0 U 3
5 0 U 4
6 0 U 3
7 0 L 4
8 1 U 4
9 0 U 8
10 1 U 9
11 1 U 3
12 1 U 11
13 0 U 12
14 0 L 13
15 0 L 7
16 0 L 9
17 1 U 0
18 0 U 17
19 1 L 5
20 1 U 19
21 0 L 20
22 0 L 11
23 0 U -1
24 0 U -1
25 1 U 8
26 0 U -1
27 0 U 26
28 0 U 27
29 1 U 4
30 1 L 29
31 0 U 30
32 1 U -1
33 1 U 32
34 0 L 15
35 1 U 30
36 0 L 8
37 1 L 19
38 1 U 37
39 1 U 38
40 0 L 9
41 1 U 40
42 0 L 4
43 1 U 42
44 1 L 8
45 0 U 21
46 1 L 6
47 0 L -1
48 1 U -1
49 1 U 48
50 0 U 49
51 0 U 50
52 0 L 26
53 0 U 52
54 1 U 53
55 1 U 29
56 0 U -1
57 1 L 39
58 1 U 57
59 0 U 58
60 1 L 55
61 0 U 60
62 1 L 26
63 1 U 62
64 0 L 8
65 0 U 45
66 0 U 61
67 1 U 61
68 0 U 6
69
0 0 L -1
1 1 U 0
2 1 L 0
3 1 U -1
4 0 U 3
5 0 U 4
6 1 U -1
7 1 U 6
8 1 U 4
9 0 U 8
10 1 U 9
11 0 L 6
12 0 L 3
13 0 L 9
14 0 L 13
15 0 L 7
16 0 L 9
17 1 U 0
18 0 U 17
19 1 L 5
20 1 U 19
21 0 L 20
22 1 U 3
23 1 L 18
24 0 U 19
25 1 U 24
26 0 U -1
27 0 U 26
28 1 U 16
29 1 U 4
30 1 L 29
31 1 L 3
32 1 U -1
33 1 U 32
34 0 L 15
35 1 U 30
36 0 L 8
37 1 L 19
38 1 U 37
39 1 U 38
40 0 U -1
41 1 U 40
42 0 L 4
43 0 U 42
44 1 L 8
45 0 L 7
46 1 U 45
47 0 U 46
48 1 U -1
49 1 U 48
50 0 U 49
51 0 U 50
52 0 L 26
53 0 U 52
54 1 U 53
55 1 U 29
56 0 U -1
57 1 L 39
58 1 U 57
59 0 U 58
60 1 L 55
61 0 U 60
62 1 U 58
63 1 U 62
64 0 L 8
65 0 U 45
66 0 U 61
67 1 U 48
68 0 L 34
69
0 0 L -1
1 1 U 0
2 1 L 0
3 1 U -1
4 1 U -1
5 0 U 4
6 1 U -1
7 1 U 6
8 1 U 4
9 0 U 8
10 1 U 9
11 0 L 6
12 1 U 11
13 0 U 12
14 0 L 13
15 0 L 7
16 0 L 9
17 1 U 15
18 1 U 4
19 1 L 5
20 1 U 19
21 0 L 20
22 1 U 3
23 0 U -1
24 0 U -1
25 1 U 24
26 0 L 21
27 0 U 26
28 1 U 12
29 1 U 4
30 1 L 29
31 0 U 30
32 1 U -1
33 1 U 32
34 0 L 15
35 1 U 30
36 0 L 8
37 1 L 19
38 0 U 18
39 1 L 38
40 0 U -1
41 1 U 40
42 0 L 4
43 0 U 42
44 1 L 8
45 0 U 21
46 0 L 4
47 0 U 46
48 1 U -1
49 1 U 48
50 0 U 49
51 0 U 50
52 0 L 26
53 0 U 52
54 1 U 53
55 1 U 29
56 0 U -1
57 1 L 25
58 1 U 57
59 0 U 58
60 1 L 55
61 0 U 60
62 1 L 26
63 1 U 62
64 0 L 8
65 0 U 45
66 0 L 2
67 1 U 61
68 0 U 6
69
0 0 L -1
1 1 U 0
2 1 U 1
3 1 U -1
4 1 U 2
5 0 U 4
6 1 U -1
7 1 U 6
8 1 U 4
9 0 U 8
10 1 U 9
11 0 L 6
12 1 U 11
13 0 U 12
14 0 L 5
15 0 L 7
16 0 L 9
17 1 U 16
18 0 U 17
19 1 L 5
20 1 U 19
21 1 L 3
22 1 U 3
23 0 U -1
24 0 U -1
25 0 U 18
26 0 U -1
27 0 U 26
28 1 U 17
29 1 U 4
30 1 L 29
31 0 U 30
32 1 U -1
33 1 U 14
34 0 L 15
35 0 U 32
36 0 L 8
37 1 L 19
38 1 L 13
39 1 U 38
40 0 U -1
41 1 U 40
42 0 L 4
43 0 U 42
44 1 L 8
45 0 U 21
46 1 U 45
47 0 U 46
48 1 U -1
49 1 U 48
50 0 U 49
51 0 U 50
52 0 L 26
53 0 U 52
54 1 U 53
55 1 U 26
56 0 U -1
57 0 L 33
58 1 U 57
59 0 U 58
60 1 L 55
61 0 U 60
62 1 L 26
63 1 U 62
64 1 L 45
65 0 U 45
66 0 U 61
67 1 U 61
68 0 L 60
69
0 0 L -1
1 0 L -1
2 0 L 0
3 1 U -1
4 0 U 3
5 0 U 4
6 1 U -1
7 1 U 6
8 1 U 4
9 0 U 8
10 1 U 9
11 0 L 6
12 1 U 11
13 0 U 12
14 0 L 13
15 0 L 7
16 0 L 9
17 1 U 0
18 0 U 11
19 1 L 5
20 1 U 19
21 0 L 20
22 1 U 3
23 0 U -1
24 0 U -1
25 1 U 24
26 0 U -1
27 0 U 26
28 1 L 8
29 1 U 4
30 1 L 29
31 0 U 30
32 1 U -1
33 1 U 32
34 0 L 15
35 1 U 4
36 0 L 8
37 1 L 19
38 0 U 22
39 1 U 38
40 0 U -1
41 1 U 40
42 0 L 4
43 0 U 42
44 1 L 8
45 0 U 21
46 1 U 45
47 0 L 22
48 1 U -1
49 1 U 48
50 1 L 10
51 0 U 50
52 0 L 26
53 0 U 52
54 1 U 53
55 0 L 31
56 0 U -1
57 1 L 39
58 1 U 57
59 0 U 58
60 1 L 55
61 0 U 60
62 1 L 26
63 1 U 62
64 0 L 8
65 1 L 24
66 0 U 61
67 1 U 61
68 0 U 6
69
0 0 L -1
1 0 U 0
2 1 L 0
3 1 U -1
4 0 U 3
5 0 L 3
6 1 U -1
7 1 U 6
8 1 U 4
9 0 U 8
10 1 U 9
11 0 L 6
12 1 U 11
13 0 U 12
14 0 L 13
15 0 L 7
16 0 L 9
17 1 U 0
18 1 L 16
19 1 L 5
20 1 U 19
21 0 L 20
22 1 U 3
23 0 U -1
24 0 U -1
25 1 U 24
26 0 U -1
27 0 U 26
28 0 L 0
29 1 U 4
30 1 L 29
31 0 U 30
32 1 U -1
33 1 U 32
34 0 L 15
35 1 U 30
36 0 L 8
37 1 L 19
38 1 U 37
39 0 U 14
40 0 U -1
41 0 L 23
42 0 L 4
43 0 U 42
44 0 U 2
45 0 U 21
46 1 U 45
47 1 U 20
48 1 U -1
49 1 U 48
50 0 U 49
51 0 U 50
52 0 L 26
53 0 U 52
54 1 U 53
55 1 U 29
56 0 U -1
57 1 L 39
58 1 U 57
59 0 U 58
60 1 L 55
61 0 L -1
62 1 L 26
63 1 U 62
64 0 L 8
65 0 U 45
66 0 U 61
67 1 U 61
68 0 U 6
69
0 0 L -1
1 1 U 0
2 1 L 0
3 1 U -1
4 0 U 3
5 0 U 4
6 1 U -1
7 1 U 6
8 1 U 4
9 0 U 8
10 1 U 9
11 0 L 6
12 1 U 11
13 0 U 12
14 1 L 13
15 0 L 7
16 0 L 11
17 1 U 6
18 0 U 17
19 1 L 5
20 1 U 19
21 0 L 20
22 1 U 3
23 0 U -1
24 0 U -1
25 1 U 24
26 0 U -1
27 0 U 26
28 0 L 24
29 1 U 4
30 0 U 19
31 0 L 24
32 0 L 22
33 1 U 32
34 0 L 15
35 1 U 30
36 0 L 8
37 1 L 19
38 1 U 37
39 1 U 38
40 0 U -1
41 1 U 40
42 0 L 4
43 0 U 42
44 1 L 8
45 0 U 21
46 0 L 6
47 0 U 7
48 1 U -1
49 1 L 45
50 0 U 49
51 0 U 50
52 0 L 26
53 0 U 52
54 1 U 53
55 1 U 29
56 0 U -1
57 1 L 39
58 1 U 57
59 0 U 58
60 1 L 55
61 0 U 60
62 1 L 26
63 0 L 14
64 0 L 8
65 0 U 45
66 0 U 61
67 1 U 61
68 0 U 6
69
0 0 L -1
1 1 U 0
2 1 L 0
3 1 U -1
4 0 U 3
5 0 U 4
6 1 U -1
7 1 U 6
8 1 U 4
9 0 U 8
10 1 U 9
11 1 U 2
12 1 U 11
13 0 U 12
14 1 U 11
15 0 L 7
16 0 L 9
17 1 U 0
18 0 U 17
19 1 L 5
20 1 U 19
21 0 L 20
22 1 U 3
23 0 U -1
24 0 U -1
25 0 U 23
26 0 U -1
27 0 L 26
28 0 U 27
29 1 U 4
30 1 L 29
31 1 U 6
32 1 U -1
33 1 U 32
34 0 L 15
35 1 U 30
36 0 L 8
37 1 L 19
38 1 U 37
39 1 U 38
40 0 U -1
41 1 U 40
42 0 L 4
43 1 U 13
44 1 L 29
45 1 U 14
46 1 U 45
47 0 U 46
48 1 U -1
49 1 U 48
50 0 U 49
51 0 U 50
52 0 L 26
53 0 U 52
54 1 U 53
55 1 U 29
56 0 U 23
57 1 L 39
58 1 U 57
59 0 U 58
60 1 L 55
61 0 U 60
62 1 L 26
63 1 U 62
64 0 L 8
65 0 L 54
66 0 U 61
67 1 U 61
68 0 U 6
69
0 0 L -1
1 1 U 0
2 1 L 0
3 1 U -1
4 0 U 3
5 0 U 4
6 1 U -1
7 1 U 6
8 1 U 4
9 0 U 8
10 1 U 9
11 0 L 6
12 1 U 11
13 0 U 12
14 0 L 13
15 0 L 7
16 0 L 9
17 1 U 0
18 0 U 17
19 1 L 5
20 1 U 19
21 0 L 20
22 1 U 3
23 0 U -1
24 0 U -1
25 1 U 24
26 0 U -1
27 0 U 26
28 0 U 27
29 1 U 4
30 1 L 29
31 0 U 30
32 1 U -1
33 1 U 32
34 0 L 15
35 1 U 30
36 0 L 8
37 1 L 19
38 1 U 37
39 1 U 38
40 0 U -1
41 1 U 40
42 0 L 4
43 0 U 42
44 1 U 20
45 0 U 21
46 1 U 45
47 0 U 46
48 1 U -1
49 1 U 48
50 0 U 49
51 0 U 50
52 0 L 26
53 0 U 52
54 1 U 53
55 1 U 29
56 0 U -1
57 1 L 39
58 1 U 57
59 0 U 58
60 1 L 55
61 0 U 60
62 1 U 5
63 1 U 62
64 0 L 8
65 0 U 45
66 0 U 61
67 1 U 61
68 0 U 6
69
0 0 L -1
1 1 U 0
2 1 L 0
3 1 U -1
4 0 U 3
5 0 U 4
6 1 U -1
7 1 U 6
8 1 U 4
9 1 L 7
10 1 U 9
11 0 L 6
12 1 U 11
13 0 U 12
14 0 L 13
15 0 L 7
16 0 L 9
17 1 U 5
18 0 U 17
19 1 L 5
20 1 U 19
21 0 L 20
22 1 U 3
23 0 U -1
24 0 U -1
25 1 U 24
26 0 U -1
27 0 U 26
28 0 U 27
29 1 U 4
30 1 L 29
31 0 U 30
32 1 U -1
33 1 U 32
34 0 L 15
35 1 U 30
36 0 L 8
37 1 L 19
38 1 U 37
39 1 U 38
40 0 U -1
41 1 U 40
42 0 L 16
43 0 U 42
44 1 L 8
45 0 U 21
46 1 U 45
47 0 U 46
48 1 U -1
49 1 U 48
50 0 U 49
51 0 U 50
52 0 L 26
53 0 U 52
54 1 U 53
55 0 U 48
56 0 U -1
57 0 U 12
58 1 U 57
59 0 U 58
60 1 L 55
61 0 U 60
62 1 L 26
63 1 U 62
64 0 L 8
65 0 U 45
66 0 U 61
67 1 U 61
68 0 U 6
69
0 0 L -1
1 1 U 0
2 1 L 0
3 0 L 2
4 0 U 3
5 0 U 4
6 1 U -1
7 1 U 6
8 1 U 4
9 0 U 8
10 1 U 9
11 0 L 6
12 1 U 11
13 0 U 12
14 0 L 13
15 0 L 7
16 0 L 9
17 1 U 0
18 0 U 17
19 1 L 5
20 1 U 19
21 0 L 20
22 1 U 3
23 0 U -1
24 0 U -1
25 1 U 24
26 0 U -1
27 0 U 26
28 0 U 27
29 1 U 4
30 1 L 29
31 0 U 30
32 1 U -1
33 1 U 32
34 0 L 15
35 1 U 30
36 0 L 8
37 1 L 19
38 1 U 37
39 1 U 38
40 1 L 0
41 1 U 40
42 0 L 4
43 0 U 42
44 1 L 8
45 0 U 21
46 1 U 45
47 0 U 46
48 1 U -1
49 1 U 48
50 0 U 49
51 0 U 50
52 0 L 26
53 0 U 52
54 1 L 22
55 1 U 29
56 0 U -1
57 1 L 39
58 1 U 57
59 0 U 58
60 0 L 54
61 0 U 60
62 1 L 26
63 1 U 62
64 0 L 8
65 0 U 45
66 0 U 61
67 1 U 61
68 0 U 6
69
0 0 L -1
1 1 U 0
2 1 L 0
3 1 U -1
4 0 U 3
5 0 U 4
6 1 U -1
7 1 U 6
8 1 U 4
9 0 U 8
10 1 U 9
11 1 U 10
12 1 U 11
13 0 U 12
14 0 L 13
15 0 L 7
16 0 L 9
17 1 U 0
18 0 U 17
19 1 L 5
20 1 U 19
21 0 L 20
22 1 U 3
23 0 U -1
24 1 L 18
25 1 U 24
26 0 U -1
27 0 U 26
28 0 U 13
29 1 U 4
30 1 L 29
31 0 U 30
32 1 U -1
33 1 U 32
34 0 U 4
35 1 U 30
36 0 L 8
37 0 U 35
38 1 L 10
39 1 U 38
40 0 U -1
41 1 U 40
42 0 L 4
43 0 U 42
44 1 L 8
45 0 U 21
46 1 U 45
47 0 U 46
48 0 L 23
49 0 U 32
50 0 U 49
51 0 U 50
52 0 L 26
53 0 U 52
54 1 U 53
55 1 U 29
56 0 U -1
57 1 L 39
58 1 U 57
59 0 U 58
60 1 L 55
61 0 U 60
62 1 L 26
63 1 U 62
64 0 L 8
65 1 L 0
66 0 U 61
67 1 U 61
68 0 U 6
69
0 0 L -1
1 1 U 0
2 1 L 0
3 1 U -1
4 0 U 3
5 0 U 4
6 1 U -1
7 1 U 6
8 0 U 6
9 0 U 8
10 0 U 7
11 0 L 6
12 1 U 11
13 0 U 12
14 0 L 1
15 0 L 7
16 0 L 9
17 1 U 0
18 0 U 17
19 1 L 5
20 1 U 19
21 0 L 20
22 1 U 3
23 0 U -1
24 0 U -1
25 1 U 24
26 0 U -1
27 0 U 26
28 0 U 27
29 1 U 4
30 1 L 29
31 0 U 30
32 1 U -1
33 1 U 32
34 0 L 15
35 1 U 30
36 0 L 8
37 1 L 19
38 0 L 27
39 1 U 38
40 0 U -1
41 1 U 40
42 1 L 41
43 0 U 42
44 1 L 8
45 0 U -1
46 1 U 45
47 0 U 46
48 1 U -1
49 1 U 48
50 0 U 49
51 0 U 50
52 0 L 26
53 0 U 52
54 1 U 21
55 1 U 29
56 0 U -1
57 1 L 39
58 1 U 57
59 0 U 58
60 1 L 55
61 0 U 60
62 0 U 49
63 1 L 8
64 0 L 8
65 0 U 45
66 0 U 61
67 1 U 61
68 0 U 6
69
0 0 L -1
1 1 U 0
2 1 L 0
3 1 U -1
4 0 U 3
5 1 U 1
6 1 U -1
7 1 U 6
8 1 U 4
9 0 U 8
10 1 U 9
11 0 L 6
12 1 L 5
13 0 U 12
14 0 L 13
15 0 L 7
16 0 L 9
17 1 U 0
18 0 U 17
19 1 L 5
20 1 U 19
21 0 L 20
22 1 U 3
23 0 U -1
24 0 U -1
25 1 U 24
26 0 U -1
27 0 U 26
28 0 U 27
29 1 L 4
30 1 L 29
31 1 L 18
32 1 U -1
33 1 U 32
34 0 L 15
35 1 L 34
36 0 L 8
37 1 L 19
38 1 U 37
39 1 U 38
40 0 U -1
41 1 U 40
42 0 L 4
43 0 U 42
44 1 L 8
45 0 U 21
46 1 U 34
47 0 U 46
48 1 U -1
49 1 L 8
50 0 U 49
51 0 U 50
52 0 L 26
53 0 U 52
54 1 U 53
55 1 U 29
56 0 U -1
57 1 L 39
58 1 U 57
59 0 U 58
60 1 L 55
61 0 U 60
62 1 L 26
63 1 U 38
64 0 L 8
65 0 U 45
66 0 U 61
67 1 U 61
68 0 U 6
69
0 0 L -1
1 1 U 0
2 1 U 1
3 1 U -1
4 0 U 3
5 0 U 4
6 1 U -1
7 1 U 6
8 1 U 4
9 0 U 8
10 1 U 9
11 0 L 6
12 1 U 11
13 1 L 10
14 0 L 13
15 0 L 7
16 0 L 9
17 0 L 0
18 0 U 17
19 0 L 17
20 1 U 19
21 0 L 20
22 1 U 3
23 1 L 22
24 0 U -1
25 1 U 24
26 0 U -1
27 0 U 26
28 0 U 27
29 1 U 4
30 1 L 29
31 0 U 30
32 1 U -1
33 1 U 32
34 0 L 15
35 1 U 30
36 0 L 8
37 1 L 19
38 1 U 37
39 1 U 38
40 0 U -1
41 0 L 37
42 0 L 4
43 0 U 42
44 1 L 8
45 1 U 38
46 1 U 45
47 0 U 46
48 1 U -1
49 1 U 48
50 0 U 49
51 0 U 50
52 0 L 26
53 0 U 52
54 1 L 12
55 1 U 29
56 0 U -1
57 1 L 39
58 1 U 57
59 0 U 58
60 1 L 54
61 0 U 40
62 0 U 29
63 1 U 62
64 0 L 8
65 1 U 22
66 0 U 61
67 1 U 61
68 0 U 6
69
0 1 U -1
1 1 U 0
2 1 L 0
3 1 U -1
4 0 U 3
5 0 U 4
6 1 U 1
7 1 U 6
8 0 U 6
9 1 U 2
10 1 U 9
11 0 L 6
12 1 U 11
13 0 U 12
14 0 L 13
15 0 L 7
16 0 L 9
17 1 U 0
18 0 U 17
19 1 L 5
20 1 U 19
21 0 L 20
22 1 U 3
23 0 U -1
24 0 U -1
25 1 U 24
26 0 U -1
27 1 L 0
28 0 U 27
29 0 U 8
30 1 L 29
31 0 U 30
32 1 U -1
33 1 U 32
34 0 L 15
35 1 U 30
36 0 L 8
37 1 L 19
38 1 U 37
39 1 U 38
40 0 U -1
41 1 U 40
42 0 L 4
43 0 U 42
44 1 L 8
45 0 U 21
46 1 U 45
47 0 U 46
48 1 U -1
49 1 U 48
50 0 L 30
51 0 U 50
52 0 L 26
53 0 U 52
54 1 U 53
55 1 U 29
56 0 U -1
57 1 L 39
58 1 U 57
59 0 U 58
60 1 L 55
61 0 U 60
62 1 L 26
63 1 U 62
64 0 L 8
65 0 U 45
66 0 U 61
67 1 U 61
68 0 U 6
69
0 0 L -1
1 1 U 0
2 0 L -1
3 1 U -1
4 0 U 3
5 0 U 4
6 1 U -1
7 1 U 6
8 1 U 4
9 0 U 8
10 1 U 9
11 0 L 6
12 1 U 11
13 0 U 12
14 0 L 13
15 0 L 7
16 0 L 9
17 1 U 0
18 0 U 17
19 1 U 4
20 1 U 19
21 0 L 20
22 1 U 3
23 0 U -1
24 0 U -1
25 1 U 24
26 0 U -1
27 0 U 26
28 0 U 27
29 1 U 4
30 1 L 29
31 0 U 30
32 1 U -1
33 1 U 32
34 0 L 15
35 1 U 30
36 0 L 8
37 1 L 19
38 1 U 37
39 1 U 38
40 0 U -1
41 1 U 40
42 0 L 4
43 1 U 27
44 1 L 8
45 0 U 21
46 1 U 45
47 0 U 46
48 1 U -1
49 1 U 48
50 0 U 49
51 0 U 50
52 0 L 26
53 0 U 52
54 1 U 53
55 1 U 29
56 0 U -1
57 1 L 39
58 1 U 57
59 0 U 58
60 1 L 55
61 0 U 60
62 1 L 26
63 1 U 62
64 0 L 8
65 0 U 45
66 0 U 61
67 1 U 61
68 0 U 6
69
0 0 L -1
1 1 U 0
2 1 L 0
3 1 U -1
4 0 U 3
5 1 U -1
6 1 U -1
7 1 U 6
8 0 U 1
9 0 U 8
10 1 U 9
11 0 L 6
12 1 U 11
13 0 U 12
14 0 L 13
15 0 L 7
16 0 L 9
17 1 U 0
18 0 U 17
19 1 U 18
20 1 U 19
21 0 L 20
22 1 U 3
23 0 U -1
24 0 U -1
25 1 U 24
26 0 U -1
27 0 U 26
28 0 U 27
29 1 U 4
30 1 L 29
31 0 L 15
32 1 U -1
33 1 U 32
34 0 L 15
35 1 U 30
36 0 L 8
37 1 L 19
38 1 U 37
39 1 U 38
40 0 U -1
41 1 U 40
42 0 U 2
43 0 U 42
44 1 L 8
45 0 U 21
46 1 U 45
47 0 U 46
48 1 U -1
49 1 U 48
50 0 U 49
51 0 U 50
52 0 L 26
53 0 U 52
54 1 U 53
55 1 U 29
56 0 U -1
57 1 L 39
58 1 U 57
59 0 U 58
60 1 L 55
61 0 U 60
62 1 L 26
63 1 U 62
64 0 L 8
65 0 U 45
66 0 U 61
67 1 U 61
68 0 U 6
69
0 0 L -1
1 1 U 0
2 1 L 0
3 1 U -1
4 0 U 3
5 0 U 4
6 1 U -1
7 1 U 6
8 1 U 4
9 0 U 8
10 1 U 9
11 0 L 6
12 0 L 10
13 0 U 12
14 0 L 13
15 0 U -1
16 0 L 9
17 1 U 0
18 0 U 17
19 1 L 5
20 1 U 19
21 0 L 20
22 1 U 3
23 0 U -1
24 0 U -1
25 1 U 24
26 0 U -1
27 1 U 21
28 0 U 27
29 1 U 4
30 0 U 20
31 0 U 30
32 1 U -1
33 1 U 32
34 0 L 15
35 1 U 30
36 0 L 8
37 1 L 19
38 1 U 37
39 1 U 38
40 0 U -1
41 1 L 18
42 0 L 4
43 0 U 42
44 1 L 8
45 0 U 21
46 0 U 8
47 1 U 9
48 1 U -1
49 1 U 48
50 0 U 23
51 0 U 50
52 0 L 26
53 1 U 37
54 1 U 53
55 1 U 29
56 0 U 16
57 1 L 39
58 1 U 57
59 0 U 58
60 1 L 55
61 0 U 60
62 1 L 26
63 1 U 62
64 0 L 8
65 0 U 45
66 0 U 30
67 1 U 61
68 0 U 6
69
0 0 L -1
1 1 U 0
2 1 L 0
3 1 U -1
4 0 U 3
5 1 L -1
6 1 U -1
7 1 U 6
8 1 U 4
9 0 L 4
10 1 U 9
11 0 L 6
12 1 U 11
13 0 U 12
14 1 U 5
15 0 L 7
16 0 L 9
17 1 U 0
18 0 U 17
19 1 L 5
20 1 U 19
21 0 L 20
22 1 U 3
23 0 U -1
24 0 U -1
25 1 U 24
26 0 U -1
27 0 U 26
28 0 U 27
29 1 U 4
30 1 L 29
31 0 U 30
32 1 U -1
33 1 U 32
34 0 L 15
35 1 U 30
36 0 L 8
37 1 L 19
38 1 U 37
39 1 U 38
40 0 U -1
41 1 U 40
42 0 L 4
43 0 U 42
44 1 L 8
45 0 U 21
46 1 U 45
47 0 U 46
48 1 U -1
49 1 U 48
50 0 U 49
51 0 U 50
52 0 L 26
53 0 U 52
54 1 U 53
55 1 U 29
56 0 U -1
57 1 L 39
58 1 U 57
59 0 U 58
60 0 U 38
61 0 U 60
62 1 L 26
63 1 U 62
64 0 L 8
65 0 U 45
66 0 U 61
67 1 U 61
68 0 U 6
69
0 0 L -1
1 1 U 0
2 1 L 0
3 1 U -1
4 0 U 3
5 0 U 4
6 1 U -1
7 1 U 6
8 1 U 4
9 0 U 8
10 1 U 9
11 0 L 6
12 1 U 11
13 0 U 12
14 0 L 13
15 0 L 7
16 0 L 9
17 1 U 0
18 0 U 17
19 1 L 5
20 1 U 19
21 0 L 20
22 1 U 3
23 0 L 7
24 0 U -1
25 1 U 22
26 0 U -1
27 0 U 26
28 0 U 27
29 1 U 4
30 1 L 29
31 0 U 30
32 1 U 10
33 1 U 32
34 0 L 15
35 1 U 30
36 0 L 8
37 1 L 19
38 1 U 37
39 1 U 38
40 0 U -1
41 1 U 40
42 0 L 4
43 0 U 42
44 1 L 8
45 0 U 21
46 1 U 45
47 0 U 46
48 1 U -1
49 1 U 48
50 0 U 49
51 0 U 50
52 0 L 26
53 0 U 52
54 1 U 53
55 1 U 29
56 0 U -1
57 1 L 39
58 1 L 14
59 0 U 58
60 1 L 55
61 0 U 60
62 1 L 26
63 0 L 24
64 0 L 8
65 0 U 45
66 1 L 44
67 1 U 61
68 1 U 46
69
0 0 L -1
1 1 U 0
2 1 L 0
3 1 U -1
4 0 U 3
5 0 U 4
6 1 U -1
7 1 U 6
8 1 U 4
9 0 U 8
10 1 U 9
11 0 L 6
12 0 U 10
13 0 U 12
14 0 L 13
15 0 L 7
16 0 L 9
17 1 U 0
18 0 U 17
19 1 L 5
20 1 U 19
21 0 L 20
22 1 U 3
23 0 U -1
24 0 U -1
25 1 U 24
26 0 U -1
27 0 U 26
28 1 L -1
29 1 U 4
30 1 L 29
31 0 U 30
32 1 U -1
33 0 U 14
34 0 L 15
35 1 U 30
36 0 L 8
37 1 L 19
38 1 U 37
39 1 U 38
40 0 U -1
41 1 U 40
42 0 L 4
43 0 U 42
44 1 L 8
45 0 U 21
46 1 U 45
47 0 U 46
48 1 U -1
49 1 U 48
50 0 U 49
51 0 U 50
52 0 L 26
53 0 U 52
54 1 U 53
55 1 U 29
56 0 U -1
57 1 L 39
58 1 U 57
59 0 U 58
60 1 L 55
61 0 U 60
62 1 L 26
63 1 U 62
64 0 L 8
65 0 U 45
66 0 U 61
67 1 U 61
68 0 U 6
69
0 0 L -1
1 1 U 0
2 1 L 0
3 1 U -1
4 0 U 3
5 0 U 4
6 1 U -1
7 1 U 6
8 1 U 4
9 0 U 8
10 1 U 9
11 0 L 6
12 1 U 11
13 0 U 12
14 0 L 13
15 0 L 7
16 0 L 9
17 1 U 0
18 0 U 17
19 1 L 5
20 1 U 19
21 0 L 20
22 1 L 5
23 0 U -1
24 0 U -1
25 1 U 24
26 0 U -1
27 0 U 26
28 0 U 27
29 1 U 4
30 1 L 29
31 0 U 30
32 1 U -1
33 1 U 32
34 0 L 15
35 1 U 10
36 0 L 8
37 1 L 19
38 1 U 37
39 1 U 38
40 0 U -1
41 1 U 40
42 0 L 4
43 0 U 42
44 1 L 8
45 0 U 21
46 1 U 45
47 0 U 46
48 1 U -1
49 1 U 48
50 0 U 49
51 0 U 50
52 0 L 26
53 0 U 52
54 1 U 53
55 1 U 29
56 0 U -1
57 1 L 39
58 1 U 57
59 0 U 58
60 0 U 57
61 0 U 60
62 1 L 26
63 1 U 62
64 0 L 8
65 0 U 45
66 1 U 32
67 1 U 61
68 0 U 6
69
0 0 L -1
1 1 U 0
2 1 L 0
3 1 U -1
4 0 U 3
5 0 U 4
6 1 U -1
7 1 U 6
8 1 U 4
9 0 U 8
10 1 U 9
11 0 L 6
12 1 U 11
13 1 U 6
14 0 L 13
15 0 L 7
16 0 L 9
17 1 U 0
18 0 U 17
19 1 L 5
20 1 U 19
21 0 L 20
22 1 U 3
23 0 U -1
24 0 U -1
25 1 U 24
26 0 U -1
27 1 U 16
28 0 U 27
29 1 U 4
30 1 L 29
31 0 U 30
32 1 U -1
33 1 U 32
34 0 L 15
35 1 U -1
36 0 L 8
37 1 L 19
38 1 U 37
39 1 U 38
40 0 U -1
41 1 U 40
42 0 L 4
43 0 U 42
44 1 L 8
45 0 U 21
46 1 U 45
47 0 L 23
48 1 U -1
49 1 U 48
50 0 U 49
51 0 U 50
52 0 L 26
53 0 U 52
54 0 L 36
55 1 U 29
56 0 U -1
57 1 L 19
58 1 U 57
59 0 U 31
60 1 L 55
61 0 U 60
62 1 L 26
63 1 U 62
64 0 L 8
65 0 U 45
66 0 U 61
67 1 U 61
68 0 U 6
69
0 1 U -1
1 1 U 0
2 1 L 0
3 1 U -1
4 0 L -1
5 0 U 4
6 1 U -1
7 1 U 6
8 1 U 4
9 1 L -1
10 1 U 9
11 0 L 6
12 1 U 11
13 0 U 12
14 0 L 8
15 0 L 7
16 0 L 9
17 1 L 5
18 0 U 17
19 1 L 5
20 1 U 19
21 0 L 20
22 1 U 3
23 0 U -1
24 0 U -1
25 1 U 24
26 0 U -1
27 0 U 26
28 0 U 27
29 0 U 7
30 1 L 29
31 0 U 30
32 0 L 6
33 1 U 32
34 1 L 27
35 1 U 30
36 0 L 8
37 1 L 19
38 1 U 34
39 1 U 38
40 0 U 31
41 1 U 40
42 0 L 4
43 0 U 42
44 1 L 8
45 0 U 21
46 1 U 45
47 0 L 42
48 1 U -1
49 1 U 48
50 1 U 40
51 0 L 28
52 0 L 26
53 0 U 52
54 1 U 53
55 0 U 49
56 0 U -1
57 1 L 39
58 1 U 57
59 0 U 58
60 0 L 35
61 0 U 60
62 1 L 26
63 1 U 62
64 0 L 58
65 0 U 45
66 0 U 61
67 1 U 61
68 0 U 6
69
0 1 U -1
1 1 U 0
2 1 L 0
3 1 U -1
4 0 U 3
5 0 U 4
6 1 U -1
7 1 U 6
8 1 U 4
9 0 U 8
10 1 U 9
11 0 L 6
12 1 U 11
13 0 U 12
14 0 L 11
15 0 L 7
16 0 L 9
17 1 U 0
18 0 U 17
19 1 U 4
20 1 U 19
21 0 L 20
22 1 U 3
23 0 U -1
24 0 U 19
25 1 U 24
26 0 U -1
27 0 U 26
28 0 U 27
29 1 U 4
30 1 L 29
31 0 U 30
32 1 U -1
33 1 U 32
34 0 L 15
35 1 U 2
36 1 L 2
37 1 L 19
38 1 U 37
39 1 U 38
40 0 U -1
41 1 U 40
42 0 L 4
43 0 U 42
44 1 L 8
45 0 U 21
46 1 U 45
47 0 U 46
48 1 U -1
49 1 U 48
50 0 U 49
51 0 U 50
52 0 L 26
53 0 U 52
54 1 U 53
55 1 U 29
56 0 U -1
57 1 L 39
58 1 U 57
59 0 U 58
60 1 L 28
61 0 U 60
62 1 L 26
63 1 U 62
64 0 L 8
65 0 U 45
66 0 L 53
67 1 U 61
68 0 U 6
69
0 0 L -1
1 1 U 0
2 1 L 0
3 1 U -1
4 0 U 3
5 0 U 4
6 1 U -1
7 1 U 6
8 1 U 4
9 0 U 8
10 1 U 9
11 0 L 6
12 1 U 11
13 0 U 12
14 0 L 13
15 1 L 9
16 0 L 9
17 1 U 0
18 0 U 17
19 1 L 5
20 1 U 19
21 0 L 20
22 1 U 3
23 0 U -1
24 0 U -1
25 1 L 11
26 0 U -1
27 0 U 26
28 0 U 27
29 1 U 4
30 1 L 29
31 0 U 30
32 1 U -1
33 1 U 32
34 0 L 15
35 1 U 30
36 0 L 8
37 1 L 19
38 1 U 37
39 1 U 38
40 1 L 7
41 1 U 40
42 0 L 4
43 0 U 42
44 1 L 8
45 0 U 21
46 1 U 45
47 0 U 46
48 0 L 28
49 1 U 48
50 0 U 49
51 0 U 50
52 0 L 26
53 0 U 52
54 1 U 53
55 1 U 29
56 0 U -1
57 1 L 39
58 1 U 41
59 0 U 58
60 1 L 55
61 0 U 60
62 1 L 26
63 1 U 62
64 0 L 8
65 0 U 45
66 0 U 61
67 1 U 61
68 1 L 45
69
0 0 L -1
1 1 U 0
2 1 L 0
3 1 U -1
4 0 U 3
5 0 L 2
6 1 U -1
7 1 U 2
8 1 U 4
9 1 U 3
10 1 U 9
11 0 L 6
12 1 U 11
13 0 U 12
14 0 L 13
15 0 L 7
16 0 L 9
17 1 U 0
18 0 U 17
19 1 L 5
20 1 U 19
21 0 L 17
22 1 U 3
23 0 U -1
24 0 U -1
25 1 U 24
26 0 U 2
27 0 U 26
28 0 U 27
29 1 U 4
30 1 L 29
31 0 U 30
32 1 U -1
33 1 U 32
34 0 L 15
35 1 U 30
36 0 L 26
37 1 L 19
38 1 U 37
39 1 U 38
40 0 U -1
41 1 U 40
42 0 L 4
43 0 U 42
44 1 L 8
45 0 U 21
46 1 U 45
47 0 U 46
48 1 U -1
49 1 U 48
50 0 U 49
51 0 U 50
52 0 L 26
53 0 U 52
54 1 U 53
55 1 U 29
56 0 U -1
57 0 U 6
58 1 U 57
59 0 U 23
60 1 L 55
61 0 U 60
62 1 L 26
63 1 U 62
64 0 L 8
65 0 U 45
66 0 U 48
67 1 U 61
68 0 U 6
69
0 1 U -1
1 1 U 0
2 1 L 0
3 1 U -1
4 0 U 3
5 0 U 4
6 1 U -1
7 1 U 6
8 1 U 4
9 0 U 8
10 1 U 9
11 0 U 4
12 1 U 11
13 0 U 12
14 0 L 13
15 0 L 7
16 0 L 9
17 1 U 0
18 0 U 17
19 1 L 18
20 1 U 19
21 0 L 20
22 1 U 3
23 0 U -1
24 0 U -1
25 1 U 24
26 0 U -1
27 0 U 26
28 0 U 27
29 1 U 4
30 1 L 29
31 0 U 30
32 1 U -1
33 1 U 32
34 0 L 15
35 1 U 30
36 0 L 8
37 1 L 19
38 1 U 37
39 1 U 38
40 0 U -1
41 1 U 40
42 0 L 4
43 0 U 42
44 1 L 8
45 0 U 21
46 1 U 45
47 0 U 46
48 1 U -1
49 1 U 48
50 0 U 49
51 0 U 50
52 0 L 26
53 0 U 52
54 1 U 53
55 0 L 54
56 0 U -1
57 1 L 39
58 1 U 57
59 0 U 58
60 1 L 55
61 0 U 60
62 1 L 26
63 1 U 62
64 0 L 8
65 0 U 45
66 0 U 61
67 1 U 61
68 0 U 6
69
0 0 L -1
1 1 U 0
2 1 L 0
3 1 U -1
4 0 U 3
5 0 U 4
6 1 U -1
7 1 U 6
8 1 U 4
9 0 U 8
10 1 U 9
11 0 L 6
12 1 U 11
13 0 U 12
14 0 L 13
15 0 L 7
16 0 L 9
17 1 U 0
18 0 U 17
19 1 L 5
20 1 U 19
21 0 L 20
22 1 U 3
23 0 U -1
24 0 U 6
25 1 U 24
26 0 U -1
27 0 U 26
28 0 U 27
29 1 U 4
30 1 L 29
31 0 U 30
32 1 U -1
33 1 U 32
34 0 L 15
35 1 U 30
36 1 L 25
37 1 L 19
38 1 U 37
39 1 U 38
40 0 U -1
41 1 U 40
42 0 L 4
43 1 U 22
44 1 L 8
45 0 U 21
46 1 U 45
47 0 U 33
48 0 L 13
49 1 U 48
50 0 U 49
51 0 U 50
52 0 L 26
53 0 U 52
54 0 U 38
55 1 U 29
56 0 U -1
57 1 L 39
58 1 U 57
59 0 U 58
60 1 L 55
61 0 U 60
62 1 L 26
63 1 U 62
64 0 L 8
65 0 U 45
66 0 U 61
67 1 U 61
68 0 U 6
69
0 0 U -1
1 1 U 0
2 1 U 0
3 1 U 2
4 0 U 3
5 0 U 4
6 1 U -1
7 1 U 6
8 1 U 5
9 0 U 0
10 1 U 9
11 0 L 6
12 1 L 1
13 0 U 12
14 0 L 13
15 0 L 7
16 0 L 9
17 1 U 0
18 0 U 17
19 1 L 5
20 1 U 19
21 0 L 20
22 1 L 12
23 0 U -1
24 0 U -1
25 1 U 24
26 0 U -1
27 0 U 26
28 0 U 27
29 1 U 4
30 1 U 25
31 0 U 30
32 1 U -1
33 1 U 32
34 0 L 15
35 1 U 30
36 0 L 8
37 0 U 32
38 1 U 37
39 1 U 38
40 1 L 4
41 1 U 40
42 0 L 4
43 0 U 42
44 1 L 8
45 0 U 21
46 1 U 45
47 0 U 46
48 1 U -1
49 1 U 48
50 0 U 49
51 0 U 50
52 0 L 26
53 0 U 52
54 0 U 11
55 1 U 29
56 0 L 43
57 1 L 29
58 1 U 57
59 0 U 58
60 1 U 49
61 0 U 60
62 1 L 26
63 1 U 62
64 0 L 8
65 0 U 45
66 0 U 61
67 1 U 61
68 0 U 6
69
0 0 L -1
1 1 U 0
2 1 L 0
3 1 U -1
4 0 L 1
5 0 U 4
6 1 U -1
7 1 U 6
8 1 U 2
9 1 U -1
10 1 U 9
11 0 L 6
12 1 U 11
13 0 U 12
14 0 L 13
15 0 L 7
16 0 L 9
17 1 U 0
18 0 U 17
19 1 L 5
20 1 U 19
21 0 U 3
22 1 L 10
23 0 U -1
24 0 U -1
25 1 U 24
26 0 U -1
27 0 U 26
28 0 U 27
29 1 U 4
30 1 U 17
31 0 U 30
32 1 U -1
33 1 U 32
34 0 L 15
35 1 U 30
36 0 L 8
37 1 L 19
38 1 U 37
39 1 U 38
40 0 U -1
41 1 U 40
42 0 L 4
43 0 U 42
44 1 L 8
45 0 U 21
46 1 U 45
47 0 U 46
48 1 U -1
49 1 U 48
50 0 U 49
51 0 U 50
52 0 L 26
53 0 U 52
54 1 U 53
55 1 U 29
56 0 L 17
57 1 L 39
58 1 U 57
59 0 U 58
60 1 L 55
61 0 U 60
62 1 L 26
63 1 U 62
64 0 L 8
65 0 U 45
66 0 U 61
67 1 U 61
68 0 U 6
69
0 0 L -1
1 1 U 0
2 1 L 0
3 1 U -1
4 0 U 3
5 0 U 4
6 0 U 0
7 1 U 6
8 1 U 4
9 0 U 8
10 1 U 9
11 0 L 6
12 1 U 11
13 0 U 11
14 0 L 13
15 0 L 14
16 0 L 9
17 1 U 0
18 0 U 17
19 1 L 5
20 1 U 19
21 0 L 20
22 0 L 17
23 0 L 11
24 0 U -1
25 1 U 24
26 0 U -1
27 0 U 26
28 0 U 27
29 1 U 4
30 1 L 29
31 0 U 30
32 1 U -1
33 1 U 32
34 0 L 15
35 1 U 30
36 1 L 19
37 1 L 19
38 1 U 37
39 1 U 38
40 0 U -1
41 1 U 40
42 0 L 4
43 0 U 42
44 1 L 8
45 0 U 21
46 1 U 45
47 0 U 46
48 1 U -1
49 1 U 48
50 0 U 49
51 0 U 50
52 0 L 26
53 0 L 32
54 1 U 53
55 1 U 29
56 0 U -1
57 1 L 39
58 1 L 56
59 0 U 58
60 1 L 55
61 0 U 60
62 1 U 48
63 1 U 62
64 0 L 8
65 0 U 45
66 0 U 61
67 1 U 61
68 0 U 6
69
0 0 L -1
1 1 U 0
2 1 L 0
3 1 U -1
4 0 U 3
5 0 U 4
6 1 U -1
7 1 U 6
8 1 U 4
9 0 U 8
10 1 U 9
11 0 L 6
12 1 U 11
13 0 U 12
14 0 L 13
15 0 L 7
16 0 L 9
17 1 U 0
18 0 U 17
19 1 L 5
20 0 U 15
21 0 L 20
22 1 U 3
23 0 U -1
24 0 U -1
25 1 U 24
26 0 U -1
27 0 U 26
28 0 U 27
29 1 U 4
30 1 L 29
31 0 U 30
32 1 U -1
33 1 U 32
34 0 L 7
35 1 U 30
36 0 L 8
37 1 L 19
38 1 U 37
39 1 U 38
40 0 U -1
41 1 U 40
42 0 L 4
43 0 U 42
44 1 L 8
45 0 U 21
46 1 U 45
47 0 U 46
48 1 U -1
49 1 U 48
50 0 U 49
51 0 U 50
52 0 L 26
53 0 U 52
54 1 U 53
55 1 U 29
56 0 U -1
57 1 L 39
58 1 U 57
59 0 U 58
60 1 L 55
61 0 U 60
62 1 L 26
63 1 U 62
64 0 L 8
65 0 U 45
66 0 U 61
67 1 U 61
68 0 U 6
69
0 0 L -1
1 1 U 0
2 1 L 0
3 1 U -1
4 0 U 3
5 0 U 4
6 1 U -1
7 1 U 6
8 1 U 4
9 0 U 8
10 1 L -1
11 0 L 6
12 1 U 11
13 0 U 12
14 0 L 13
15 0 L 14
16 0 L 9
17 1 U 0
18 0 U 17
19 1 L 5
20 1 U 19
21 0 L 20
22 1 U 3
23 0 U -1
24 0 U -1
25 1 U 24
26 0 U -1
27 0 U 26
28 1 L 16
29 1 U 4
30 1 L 29
31 0 U 30
32 1 U -1
33 1 U 32
34 0 L 15
35 1 U 30
36 0 U 20
37 1 L 19
38 1 U 37
39 1 U 38
40 0 U 34
41 1 U 37
42 0 L 4
43 0 U 42
44 1 L 8
45 0 U 21
46 1 U 45
47 0 U 46
48 1 U -1
49 1 U 48
50 0 U 49
51 0 U 50
52 0 L 26
53 0 U 52
54 0 L 27
55 1 U 29
56 0 U -1
57 1 L 39
58 1 U 57
59 0 U 58
60 1 L 55
61 0 U 60
62 1 L 26
63 1 U 62
64 0 L 8
65 0 U 45
66 0 U 61
67 1 U 61
68 0 U 6
69
0 0 L -1
1 1 U 0
2 1 L -1
3 1 U -1
4 0 U 3
5 0 U 4
6 1 U -1
7 1 U 6
8 1 U 4
9 0 U 8
10 1 U 8
11 0 L 6
12 1 U 11
13 0 U 12
14 0 L 13
15 0 L 7
16 0 L 9
17 1 U 0
18 0 U 17
19 1 L 5
20 1 L 15
21 0 L 20
22 1 U 3
23 0 U -1
24 0 U -1
25 1 U 24
26 1 L 9
27 0 U 26
28 0 U 27
29 1 U 4
30 1 L 29
31 0 U 30
32 1 U -1
33 1 U 32
34 0 L 15
35 1 U 30
36 0 L 8
37 1 L 19
38 1 U 37
39 1 U 38
40 0 U -1
41 1 U 40
42 0 L 4
43 0 U 42
44 1 L 8
45 0 U 21
46 1 U 45
47 0 U 46
48 1 U -1
49 1 L 8
50 0 U 49
51 1 U 42
52 0 L 26
53 0 L 27
54 1 U 53
55 1 U 29
56 1 L 1
57 1 L 39
58 1 U 57
59 0 U 58
60 1 L 55
61 0 U 60
62 0 L 51
63 1 U 62
64 0 U 38
65 0 U 45
66 0 U 61
67 1 U 61
68 0 U 6
69
0 0 L -1
1 1 U 0
2 1 L 0
3 1 U -1
4 0 U 3
5 0 U 4
6 1 U -1
7 1 U 6
8 1 U 4
9 0 U 8
10 1 U 9
11 0 L 6
12 1 U 11
13 0 U 12
14 0 L 13
15 0 L 7
16 1 L 5
17 1 U 0
18 0 U 17
19 1 L 5
20 1 U 19
21 0 L 20
22 1 U 3
23 0 U -1
24 0 U -1
25 1 U 24
26 0 U -1
27 0 U 26
28 0 U 13
29 1 U 4
30 1 L 29
31 0 U 30
32 1 U -1
33 0 U 0
34 0 L 15
35 1 U 30
36 0 L 8
37 1 L 19
38 1 U 18
39 1 U 38
40 0 U 1
41 1 U 40
42 0 L 4
43 0 U 42
44 1 L 8
45 0 U 21
46 1 U 45
47 0 U 46
48 1 U -1
49 1 U 48
50 0 U 49
51 0 U 50
52 0 L 26
53 1 U 47
54 1 U 53
55 1 U 29
56 1 U 38
57 1 L 39
58 1 U 57
59 0 U 58
60 1 L 55
61 0 U 60
62 1 L 26
63 1 U 62
64 0 L 8
65 0 U 45
66 0 U 61
67 1 U 61
68 0 U 6
69
0 0 L -1
1 1 U 0
2 0 L -1
3 1 U -1
4 0 U 3
5 0 U 4
6 1 U -1
7 1 U 6
8 0 U 2
9 0 U -1
10 0 U 9
11 0 L 6
12 1 U 11
13 0 U 12
14 0 L 13
15 0 L 7
16 0 L 9
17 1 U 0
18 0 U 17
19 1 L 5
20 1 U 19
21 0 L 20
22 1 U 3
23 0 U -1
24 0 U -1
25 1 U 24
26 0 U -1
27 0 U 26
28 0 U 27
29 1 U 4
30 1 L 29
31 0 U 30
32 1 U -1
33 1 L 17
34 0 L 6
35 1 U 30
36 0 L 8
37 1 L 16
38 1 U 37
39 1 U 38
40 0 U -1
41 1 U 40
42 0 L 4
43 0 U 42
44 1 L 8
45 0 U 21
46 1 U 45
47 1 U 34
48 1 U -1
49 1 U 48
50 0 U 49
51 0 U 50
52 0 L 26
53 0 U 52
54 1 U 53
55 1 U 29
56 0 U -1
57 1 L 39
58 1 U 57
59 0 U 58
60 1 L 55
61 0 U 60
62 1 L 26
63 0 U 32
64 0 L 8
65 0 U 45
66 0 U 61
67 0 U 61
68 0 U 6
69
0 0 L -1
1 1 U 0
2 1 L 0
3 1 U 1
4 0 U 1
5 0 U 4
6 1 U -1
7 1 U 6
8 1 U 4
9 0 U 8
10 1 U 9
11 0 L 6
12 1 U 11
13 0 U 12
14 0 L 13
15 0 L 7
16 0 L 9
17 1 U 0
18 0 U 17
19 1 L 5
20 0 L 7
21 0 L 20
22 1 U 3
23 0 U -1
24 1 L 18
25 0 U 14
26 0 U -1
27 0 U 26
28 0 U 27
29 1 U 4
30 0 U 28
31 0 U 30
32 1 L 1
33 1 U 32
34 0 L 15
35 1 U 30
36 0 L 8
37 1 L 19
38 1 U 37
39 1 U 38
40 1 L 15
41 1 U 40
42 1 L 33
43 0 U 42
44 1 L 42
45 0 U 21
46 1 U 45
47 0 U 46
48 1 U -1
49 1 U 48
50 0 U 49
51 0 U 50
52 0 L 26
53 0 U 52
54 1 U 53
55 1 U 29
56 0 U -1
57 1 L 39
58 1 U 57
59 0 U 58
60 1 L 55
61 0 U 60
62 1 L 26
63 1 U 62
64 0 L 8
65 0 L 36
66 0 U 61
67 1 U 61
68 0 U 6
69
0 0 L -1
1 1 U 0
2 1 L 0
3 1 U -1
4 0 U 3
5 0 U 4
6 1 U -1
7 0 U 0
8 1 L 3
9 0 U 8
10 1 U 9
11 0 L 6
12 1 U 11
13 0 U 12
14 0 L 13
15 0 L 7
16 0 L 9
17 1 U 0
18 0 U 17
19 1 L 5
20 1 U 19
21 0 L 20
22 1 U 3
23 0 U -1
24 0 U -1
25 1 U 24
26 0 U -1
27 0 U 26
28 0 U 27
29 1 U 4
30 1 L 29
31 0 U 30
32 1 U -1
33 1 U 32
34 0 L 15
35 1 U 30
36 0 L 8
37 1 L 19
38 1 U 37
39 1 U 38
40 0 U -1
41 1 U 40
42 0 L 4
43 0 U 42
44 1 L 8
45 0 U 21
46 1 U 45
47 0 U 46
48 1 L 47
49 1 U 48
50 0 U 19
51 0 U 50
52 0 L 26
53 0 U 52
54 1 U 53
55 1 U 29
56 1 U 23
57 1 L 39
58 1 U 57
59 0 U 58
60 1 L 55
61 0 U 60
62 1 L 26
63 1 U 62
64 0 L 5
65 0 U 45
66 0 U 61
67 1 U 61
68 1 U 27
69
0 0 L -1
1 1 U 0
2 1 L 0
3 1 U -1
4 1 L 2
5 0 U 4
6 1 U -1
7 1 U 6
8 1 U 4
9 0 U 3
10 1 U 9
11 0 L 6
12 1 U 11
13 0 U 12
14 0 L 13
15 0 L 7
16 0 L 9
17 1 U 0
18 0 U 17
19 1 L 5
20 1 U 19
21 1 U 14
22 1 U 3
23 0 U -1
24 1 U 20
25 1 U 24
26 0 U -1
27 0 U 26
28 0 U 27
29 1 U 4
30 1 L 29
31 0 U 30
32 1 U -1
33 1 U 32
34 0 L 15
35 1 U 30
36 0 L 8
37 1 L 19
38 1 U 37
39 1 U 38
40 1 U 14
41 1 U 40
42 0 L 4
43 0 U 42
44 1 L 8
45 0 U 19
46 1 U 45
47 0 U 46
48 1 U -1
49 1 U 48
50 0 U 49
51 0 U 50
52 1 U 29
53 0 U 52
54 1 U 53
55 1 U 29
56 0 U -1
57 1 L 39
58 1 U 57
59 0 U 58
60 1 L 55
61 0 U 60
62 1 L 26
63 1 U 62
64 0 L 8
65 0 U 45
66 0 U 61
67 0 U 33
68 0 U 6
69
0 0 L -1
1 1 U 0
2 1 L 0
3 1 U -1
4 1 U 3
5 0 U 4
6 1 U -1
7 1 U 6
8 1 U 4
9 0 U 8
10 1 U 9
11 0 U 0
12 1 U 11
13 0 U 12
14 0 L 13
15 0 L 7
16 0 L 9
17 1 U 0
18 0 U 17
19 1 L 5
20 1 U 19
21 0 L 20
22 1 U 3
23 0 U -1
24 0 U -1
25 1 U 24
26 0 U -1
27 0 U 26
28 0 U 27
29 1 U 4
30 1 L 29
31 0 U 30
32 1 U -1
33 1 U 32
34 0 L 15
35 1 U 30
36 0 L 8
37 1 L 19
38 1 U 37
39 1 U 38
40 0 U -1
41 1 U 40
42 0 L 4
43 1 L 27
44 1 L 8
45 0 U 21
46 1 U 45
47 0 U 46
48 1 U -1
49 1 U 48
50 0 U 49
51 0 U 50
52 1 L 9
53 0 U 52
54 1 U 9
55 1 U 29
56 0 U -1
57 1 L 39
58 0 U 9
59 0 U 58
60 1 L 55
61 0 U 60
62 1 L 26
63 1 U 62
64 0 L 8
65 0 U 45
66 0 U 61
67 1 U 61
68 0 U 6
69
0 0 L -1
1 1 U 0
2 1 L 0
3 1 U -1
4 0 U 3
5 0 U 4
6 1 U -1
7 1 U 6
8 1 U 4
9 0 U 8
10 1 U 9
11 0 L 6
12 1 U 11
13 0 U 12
14 0 L 13
15 0 L 7
16 0 L 9
17 1 U 0
18 0 U 17
19 1 L 5
20 1 U 19
21 0 L 20
22 1 U 3
23 0 U -1
24 1 U 1
25 1 U 24
26 0 U -1
27 0 U 26
28 0 U 27
29 1 U 4
30 1 L 29
31 0 U 30
32 1 U -1
33 1 U 32
34 0 L 15
35 1 U 30
36 0 L 8
37 1 L 19
38 1 U 37
39 1 U 7
40 0 U -1
41 1 U 40
42 0 L 4
43 0 U 42
44 1 L 8
45 0 U 21
46 1 U 45
47 0 U 46
48 1 L 35
49 1 U 48
50 0 U 49
51 0 U 50
52 0 L 26
53 0 U 52
54 1 U 53
55 1 U 29
56 0 U -1
57 1 L 39
58 1 U 57
59 0 U 58
60 1 L 55
61 0 U 60
62 1 L 26
63 1 U 62
64 0 L 8
65 0 U 45
66 0 U 61
67 1 L 32
68 0 U 6
69
0 0 L -1
1 1 U 0
2 1 L 0
3 1 U -1
4 1 U 3
5 0 U 4
6 1 U -1
7 1 U 6
8 1 U 4
9 0 U 8
10 0 U 4
11 0 L 6
12 1 U 11
13 0 U 12
14 0 L 13
15 0 L 7
16 0 L 9
17 1 L 15
18 0 U 17
19 0 L 8
20 1 U 19
21 0 L 20
22 1 U 3
23 0 U -1
24 0 U 8
25 1 U 24
26 0 U -1
27 0 U 26
28 0 U 27
29 1 U 4
30 1 L 29
31 0 U 30
32 1 U -1
33 1 U 32
34 0 L 15
35 1 U 30
36 0 L 8
37 1 L 19
38 1 U 37
39 1 U 38
40 0 U -1
41 1 U 40
42 0 L 4
43 0 U 42
44 1 L 8
45 0 U 21
46 1 U 45
47 0 U 46
48 1 U -1
49 1 U 48
50 0 U 49
51 0 U 50
52 0 L 26
53 0 U 52
54 1 U 53
55 1 U 29
56 0 U -1
57 0 U 27
58 1 U 57
59 0 U 58
60 1 L 55
61 0 U 60
62 1 L 26
63 1 U 62
64 1 L 24
65 0 U 45
66 0 U 61
67 1 U 61
68 0 U 6
69
0 0 L -1
1 1 U 0
2 1 L 0
3 1 U -1
4 0 U 3
5 0 U 4
6 1 U -1
7 1 U 6
8 1 U 4
9 0 U 8
10 1 U 9
11 1 U 7
12 1 U 11
13 0 U 12
14 0 L 13
15 0 L 7
16 0 L 9
17 1 U 0
18 0 U 17
19 1 L 5
20 1 U 19
21 0 L 20
22 1 U 3
23 0 U -1
24 0 U -1
25 1 U 24
26 0 U -1
27 0 U 26
28 0 U 27
29 1 U 4
30 1 L 29
31 0 U 30
32 1 U -1
33 1 U 32
34 0 L 15
35 1 U 30
36 0 L 8
37 1 L 19
38 1 U 37
39 1 U 38
40 0 U -1
41 1 U 40
42 0 L 4
43 0 L 14
44 1 L 8
45 0 U 21
46 1 U 45
47 1 L 10
48 1 U -1
49 1 U 48
50 0 U 49
51 0 U 50
52 0 L 26
53 0 U 52
54 1 U 53
55 0 U 48
56 0 U -1
57 1 L 39
58 1 U 57
59 0 U 58
60 0 L 37
61 1 L 31
62 1 L 26
63 1 U 62
64 0 L 8
65 0 U 45
66 0 U 61
67 1 U 61
68 0 U 6
69
0 0 L -1
1 1 U 0
2 1 L 0
3 1 U -1
4 0 U 3
5 0 U 4
6 1 U -1
7 1 U 6
8 1 U 4
9 0 U 8
10 1 U 9
11 0 L 6
12 1 U 11
13 0 U 12
14 1 L 4
15 0 L 7
16 0 L 9
17 1 U 0
18 0 U 17
19 1 L 5
20 1 U 19
21 0 L 20
22 1 U 3
23 0 U -1
24 0 U -1
25 1 U 24
26 0 U -1
27 0 U 26
28 0 U 27
29 1 U 4
30 1 L 29
31 0 U 30
32 1 U -1
33 1 U 32
34 0 L 15
35 1 U 30
36 0 L 8
37 1 L 19
38 1 U 37
39 1 U 38
40 0 U -1
41 1 U 40
42 0 L 4
43 0 U 42
44 1 L 8
45 0 U 21
46 1 U 45
47 0 U 46
48 1 U -1
49 1 U 48
50 0 U 49
51 0 U 50
52 0 L 26
53 0 U 52
54 1 U 53
55 1 U 29
56 0 U -1
57 1 L 39
58 1 U 57
59 0 U 58
60 1 L 55
61 0 U 60
62 1 L 26
63 1 U 62
64 0 L 8
65 0 U 45
66 0 U 61
67 1 U 61
68 0 U 6
69
0 0 L -1
1 1 U 0
2 1 L 0
3 1 U -1
4 0 U 3
5 0 U 4
6 1 U -1
7 1 U 6
8 1 U 4
9 0 U 8
10 1 U 9
11 0 L 6
12 1 U 11
13 0 U 12
14 0 L 13
15 0 L 7
16 0 L 9
17 1 U 0
18 1 U 3
19 1 L 5
20 1 U 19
21 0 L 20
22 1 U 3
23 0 U -1
24 0 U -1
25 1 U 24
26 0 U -1
27 0 U 26
28 0 U 27
29 1 U 4
30 1 L 29
31 0 U 30
32 1 U -1
33 1 U 32
34 0 L 15
35 0 L 11
36 0 L 8
37 1 L 31
38 1 U 37
39 1 U 38
40 0 U -1
41 1 U 40
42 0 L 4
43 0 U 42
44 1 L 8
45 0 U 21
46 1 U 45
47 0 U 46
48 1 U -1
49 1 U 48
50 0 U 49
51 0 U 50
52 0 L 26
53 0 U 52
54 1 U 53
55 1 U 29
56 0 U -1
57 1 L 39
58 1 U 57
59 0 U 58
60 1 L 55
61 0 U 60
62 1 L 26
63 1 U 62
64 0 L 8
65 0 U 45
66 0 L 13
67 1 U 61
68 1 U 22
69
0 0 L -1
1 1 U 0
2 1 L 0
3 1 U -1
4 0 U 3
5 0 U 4
6 0 L -1
7 1 U 6
8 1 U 4
9 0 U 8
10 1 U 9
11 0 L 6
12 1 U 11
13 0 U 12
14 0 L 13
15 0 L 7
16 0 L 9
17 1 U 0
18 0 U 17
19 1 L 5
20 1 U 19
21 0 L -1
22 1 U 3
23 0 U -1
24 0 U -1
25 1 U 2
26 0 L 20
27 0 U 26
28 0 L 13
29 1 U 4
30 1 L 29
31 0 U 30
32 1 U -1
33 1 U 32
34 0 L 15
35 1 U 30
36 0 L 8
37 1 L 19
38 1 U 37
39 1 L 3
40 0 U -1
41 1 U 40
42 0 L 4
43 0 U 42
44 1 L 8
45 0 U 21
46 1 U 45
47 0 U 46
48 1 U -1
49 1 U 48
50 0 U 49
51 0 U 50
52 0 L 26
53 0 U 52
54 1 U 53
55 1 U 29
56 0 U -1
57 1 L 39
58 1 U 57
59 0 U 58
60 0 U 25
61 0 U 60
62 1 L 14
63 1 U 62
64 0 L 8
65 0 U 45
66 0 U 61
67 1 U 61
68 0 U 6
69
0 0 L -1
1 1 U 0
2 1 L 0
3 1 U -1
4 0 U 3
5 0 U 4
6 1 U -1
7 1 U 6
8 0 U -1
9 0 U 8
10 1 U 9
11 0 L 6
12 1 U 11
13 0 U 12
14 0 L 13
15 0 L 7
16 0 L 9
17 0 L 14
18 0 U 17
19 1 L 5
20 1 U 19
21 0 L 20
22 1 U 3
23 0 U -1
24 0 U -1
25 1 U 24
26 0 U -1
27 0 U 26
28 0 L -1
29 1 U 4
30 1 L 29
31 0 U 30
32 1 U -1
33 1 U 32
34 0 L 15
35 1 U 30
36 0 L 32
37 1 L 19
38 1 U 37
39 1 U 38
40 0 U -1
41 1 U 40
42 0 L 4
43 0 U 42
44 1 L 8
45 0 U 21
46 1 U 45
47 0 U 46
48 1 U -1
49 1 U 48
50 0 U 49
51 0 U 50
52 0 L 26
53 0 U 52
54 1 U 53
55 1 U 29
56 0 U -1
57 1 L 39
58 1 U 35
59 0 U 58
60 1 L 55
61 0 U 60
62 1 L 26
63 1 U 62
64 0 L 8
65 0 U -1
66 0 U 61
67 1 L 6
68 0 U 6
69
0 0 L -1
1 1 U 0
2 1 L 0
3 1 U -1
4 0 U 3
5 0 U 4
6 1 U -1
7 1 U 6
8 1 U -1
9 0 U 8
10 1 U 9
11 0 L 6
12 1 U 11
13 0 U 12
14 0 L 13
15 0 L 7
16 0 L 9
17 1 U 0
18 0 U 17
19 1 L 5
20 1 U 19
21 0 L 20
22 1 U 3
23 0 U -1
24 0 U -1
25 1 U 24
26 0 U -1
27 0 U 26
28 0 U 27
29 1 U 4
30 1 U 5
31 0 U 30
32 1 U -1
33 1 U 32
34 0 L 15
35 1 U 30
36 0 L 8
37 1 L 19
38 1 U 37
39 1 U 38
40 0 U -1
41 1 U 40
42 0 L 4
43 0 U 42
44 1 L 8
45 0 U 21
46 1 U 45
47 1 U 12
48 1 U -1
49 1 U 48
50 0 U 49
51 0 U 50
52 0 L 26
53 0 U 52
54 1 U 53
55 1 U 29
56 0 U -1
57 1 L 39
58 0 L 32
59 0 U 58
60 1 L 55
61 0 U 60
62 1 L 26
63 1 U 62
64 0 L 8
65 1 L 18
66 0 U 61
67 1 U 61
68 0 U 6
69
0 0 L -1
1 1 U 0
2 1 L 0
3 1 U -1
4 0 U 3
5 0 U 4
6 1 U -1
7 0 L 6
8 0 L 6
9 0 U 8
10 1 U 9
11 0 L 6
12 1 U 11
13 0 U 12
14 0 L 13
15 0 L 7
16 0 L 9
17 1 U 0
18 0 U 17
19 1 L 5
20 1 U 19
21 0 L 20
22 1 U 3
23 0 U -1
24 0 U -1
25 1 U 24
26 0 U -1
27 0 L 21
28 0 U 27
29 1 U 4
30 0 U 8
31 0 U 30
32 1 U -1
33 1 U 32
34 0 L 15
35 1 U 30
36 0 L 8
37 1 L 19
38 0 U 6
39 0 L 15
40 0 U -1
41 0 L -1
42 0 L 4
43 0 U 42
44 1 L 8
45 0 U 21
46 1 L 41
47 0 U 46
48 1 U -1
49 0 U 46
50 0 U 49
51 0 U 50
52 0 L 26
53 0 U 52
54 1 U 53
55 1 U 29
56 0 U -1
57 1 L 39
58 1 U 57
59 0 U 58
60 1 L 55
61 0 U 60
62 1 L 26
63 1 U 62
64 0 L 8
65 0 U 45
66 0 U 61
67 1 U 61
68 0 U 6
69
0 0 L -1
1 1 U 0
2 1 L 0
3 1 U -1
4 1 U 2
5 0 U 4
6 1 U 0
7 1 U 6
8 1 U 4
9 0 U 8
10 1 U 9
11 0 L 6
12 1 U 11
13 0 U 12
14 0 L 13
15 0 L 7
16 0 L 9
17 1 U 0
18 0 U 17
19 1 L 5
20 1 U 19
21 0 L 20
22 0 U 16
23 0 U -1
24 1 L 0
25 1 U 24
26 0 U -1
27 0 L 6
28 0 U 27
29 1 U 4
30 1 L 29
31 0 U 30
32 1 U -1
33 1 U 32
34 0 L 15
35 1 U 30
36 0 L 8
37 1 L 19
38 1 U 37
39 1 U 38
40 0 U -1
41 1 U 40
42 0 L 4
43 0 U 42
44 1 L 8
45 0 U 21
46 1 U 45
47 0 U 8
48 1 U -1
49 1 U 48
50 0 U 49
51 0 U 50
52 0 L 26
53 0 U 52
54 1 U 53
55 1 U 29
56 0 U -1
57 0 L 40
58 1 U 57
59 0 U 58
60 1 L 55
61 0 U 60
62 0 U 53
63 1 U 62
64 0 L 8
65 0 U 45
66 1 L 18
67 1 U 61
68 0 U 6
69
0 0 L -1
1 1 U 0
2 1 L 0
3 1 U -1
4 0 U 3
5 0 U 4
6 1 U -1
7 1 U 6
8 1 L 5
9 0 U 8
10 1 U 9
11 0 L 6
12 1 U 11
13 0 U 12
14 0 L 13
15 0 L 7
16 0 L 9
17 1 U 0
18 0 U -1
19 1 L 5
20 1 L 14
21 0 L 20
22 1 U 3
23 0 U -1
24 0 U -1
25 1 U 24
26 0 U -1
27 0 U 26
28 0 U 27
29 1 U 4
30 1 U 6
31 1 L 4
32 1 U -1
33 1 U 32
34 0 L 15
35 1 U 30
36 0 L 8
37 1 L 19
38 1 U 37
39 1 U 38
40 0 U -1
41 1 U 40
42 0 L 4
43 1 L 9
44 1 L 8
45 0 U 21
46 1 U 45
47 0 U 46
48 1 U -1
49 1 U 48
50 0 U 49
51 0 U 50
52 0 L 23
53 0 U 52
54 1 U 53
55 1 U 29
56 0 U -1
57 1 L 39
58 1 U 57
59 0 U 58
60 1 L 55
61 0 U 60
62 1 L 26
63 1 U 62
64 0 L 8
65 0 U 45
66 0 U 61
67 1 U 61
68 0 U 6
69
0 0 L -1
1 1 U 0
2 1 L 0
3 1 U -1
4 0 U 3
5 0 U 4
6 1 U -1
7 1 U 6
8 1 L 1
9 0 U 8
10 1 U 9
11 0 L 6
12 1 U 11
13 0 U 12
14 0 L 13
15 0 L 7
16 0 L 9
17 1 U 0
18 0 U 17
19 1 L 5
20 1 U 19
21 0 L 20
22 1 U 3
23 0 U -1
24 0 U -1
25 1 U 24
26 0 U 1
27 0 U 26
28 0 U 27
29 1 U 4
30 1 L 29
31 0 U 30
32 1 U -1
33 1 U 32
34 0 L 15
35 1 U 30
36 0 L 8
37 1 L 19
38 1 U 37
39 0 U 25
40 0 U -1
41 1 U 40
42 0 L 4
43 0 U 42
44 1 L 8
45 0 U 21
46 1 U 45
47 0 U 46
48 1 U -1
49 1 U 48
50 0 U 38
51 0 U 50
52 0 L 26
53 0 U 52
54 0 U 13
55 1 U 29
56 0 U -1
57 1 L 39
58 0 L 53
59 0 U 58
60 1 L 52
61 0 U 60
62 1 L 26
63 1 U 62
64 0 L 8
65 0 U 45
66 0 U 61
67 1 U 61
68 0 L 6
69
0 0 L -1
1 1 U 0
2 1 L 0
3 1 U -1
4 1 L 0
5 0 U 4
6 1 U -1
7 1 U 6
8 1 U 1
9 0 U 8
10 1 U 9
11 0 L 6
12 1 U 11
13 0 U 12
14 0 L 13
15 0 L 7
16 0 L 9
17 1 U 0
18 0 U 17
19 1 U 2
20 1 U 19
21 0 L 20
22 1 U 3
23 0 U -1
24 0 U -1
25 1 U 24
26 0 U -1
27 1 U 8
28 0 U 27
29 1 U 4
30 1 L 29
31 0 U 30
32 1 U -1
33 1 U 32
34 0 L 15
35 0 L 19
36 0 L 8
37 1 L 19
38 1 U 37
39 1 U 38
40 0 U -1
41 1 U 40
42 0 L 4
43 0 U 42
44 1 L 8
45 0 U 21
46 1 U 45
47 0 U 46
48 1 U -1
49 1 U 48
50 1 U 0
51 0 U 50
52 0 L 26
53 1 U 20
54 1 U 53
55 1 U 29
56 0 U -1
57 1 L 39
58 0 L 3
59 0 U 58
60 1 L 55
61 0 U 60
62 1 L 26
63 1 U 62
64 0 L 8
65 0 U 45
66 0 U 61
67 1 U 61
68 0 U 6
69
0 0 L -1
1 1 U 0
2 1 L 0
3 1 U -1
4 0 U 3
5 1 L 1
6 1 U -1
7 1 U 6
8 1 U 4
9 1 L 8
10 1 U 9
11 0 L 6
12 1 U 5
13 0 U 12
14 0 L 13
15 0 L 7
16 0 L 9
17 1 U 0
18 0 U 17
19 1 L 5
20 1 L 5
21 0 L 20
22 1 U 3
23 0 U -1
24 0 U -1
25 1 U 24
26 0 U -1
27 0 U 26
28 0 U 27
29 1 U 4
30 1 L 29
31 0 U 30
32 1 U -1
33 1 U 32
34 0 L 15
35 1 U 30
36 0 L 8
37 1 L 19
38 1 U 37
39 1 U 38
40 0 U -1
41 1 U 40
42 0 L 25
43 0 U 42
44 1 L 8
45 0 U 21
46 1 U 45
47 0 U 46
48 1 U -1
49 1 U 48
50 0 U 49
51 0 U 50
52 0 L 26
53 0 U 52
54 1 U 53
55 0 U 23
56 0 U -1
57 1 L 39
58 1 U 57
59 0 U 58
60 1 L 55
61 0 U 60
62 1 L 26
63 1 U 62
64 0 L 8
65 0 U 45
66 0 U 61
67 1 U 61
68 0 U 6
69
0 0 L -1
1 1 U 0
2 1 L 0
3 1 U -1
4 0 U 3
5 0 U 4
6 1 U -1
7 1 U 6
8 1 U 4
9 0 U 8
10 1 U 9
11 0 L 6
12 1 U 11
13 0 U 12
14 0 L 13
15 0 L 7
16 0 L 9
17 1 U 0
18 0 U 17
19 1 L 5
20 1 U 19
21 0 L 20
22 1 U 3
23 0 U -1
24 0 U -1
25 1 U 24
26 0 U -1
27 0 U 26
28 1 U 14
29 1 U 4
30 1 L 29
31 0 U 30
32 1 U -1
33 1 L 13
34 0 L 15
35 1 U 30
36 0 L 8
37 1 L 19
38 1 U 37
39 1 U 38
40 0 U -1
41 1 U 7
42 0 L 4
43 0 U 42
44 1 L 8
45 0 U 21
46 1 U 45
47 0 U 46
48 1 U -1
49 1 U 48
50 0 U 49
51 0 U 50
52 0 L 26
53 0 U 52
54 1 U 53
55 1 U 29
56 1 L 50
57 1 L 39
58 1 U 57
59 0 U 58
60 1 L 55
61 0 U 60
62 1 L 26
63 1 U 62
64 1 U 58
65 0 U 45
66 0 U 61
67 1 U 61
68 0 U 6
69
0 0 L -1
1 1 U 0
2 0 L 0
3 1 U -1
4 0 U 3
5 0 U 4
6 1 U -1
7 1 U 6
8 1 U 4
9 0 U 8
10 1 U 9
11 0 L 6
12 1 U 11
13 0 U 12
14 0 L 13
15 0 L 7
16 0 L 9
17 1 U 0
18 0 U 17
19 1 L 5
20 1 U 19
21 0 L 20
22 1 U 3
23 0 U -1
24 0 U -1
25 1 U 24
26 0 U -1
27 0 U 26
28 0 U 27
29 1 U 4
30 1 L 29
31 0 U 5
32 1 L 13
33 1 U 32
34 0 L 15
35 1 U 30
36 0 L 8
37 1 L 19
38 1 U 37
39 1 U 38
40 0 U -1
41 1 U 40
42 0 L 4
43 0 U 42
44 1 L 8
45 0 U 21
46 1 U 45
47 0 U 46
48 1 U -1
49 1 U 48
50 0 U 49
51 0 U 50
52 0 L 26
53 0 U 52
54 1 U 53
55 1 U 29
56 0 U -1
57 1 L 39
58 1 U 57
59 0 U 58
60 1 L 55
61 0 U 60
62 1 L 26
63 0 L 43
64 0 L 8
65 0 U 45
66 0 U 61
67 1 U 61
68 0 U 6
69
0 0 L -1
1 1 U 0
2 1 L 0
3 1 U -1
4 0 U 3
5 0 U 4
6 1 U -1
7 0 L 0
8 1 U 4
9 0 U 8
10 1 U 9
11 0 L 0
12 1 U 11
13 0 U 12
14 0 L 13
15 1 U 5
16 0 L 9
17 1 L 9
18 0 U 17
19 1 L 5
20 1 U 19
21 0 L 20
22 1 U 3
23 1 U 8
24 0 U -1
25 1 U 24
26 0 U -1
27 0 U 26
28 0 U 27
29 1 U 4
30 1 L 29
31 0 U 30
32 1 U -1
33 1 U 32
34 0 L 15
35 1 U 30
36 0 L 8
37 0 U 32
38 1 U 37
39 1 U 38
40 0 U -1
41 1 U 40
42 0 L 4
43 0 U 42
44 1 L 8
45 0 U 21
46 1 U 45
47 0 U 46
48 1 L 30
49 1 U 48
50 0 U 49
51 0 U 50
52 0 L 26
53 0 U 52
54 1 U 53
55 1 U 29
56 0 U -1
57 1 L 39
58 1 U 57
59 0 U 58
60 1 L 55
61 0 U 60
62 1 L 26
63 1 U 62
64 1 L 19
65 0 U 45
66 0 U 61
67 0 L 32
68 0 U 6
69
0 0 L -1
1 1 U 0
2 1 L 0
3 1 U -1
4 0 L 0
5 0 U 4
6 1 U -1
7 1 U 6
8 1 U 4
9 0 U 8
10 1 U 9
11 0 L 6
12 1 U 11
13 0 U 12
14 0 L 13
15 0 L 7
16 0 L 9
17 1 U 0
18 0 U 17
19 1 L 5
20 1 U 19
21 0 L 20
22 1 U 3
23 0 U -1
24 0 U -1
25 1 U 24
26 0 U -1
27 0 U 26
28 0 U 27
29 1 U 4
30 1 L 29
31 0 U 30
32 1 L 1
33 1 U 32
34 0 L 15
35 1 U 30
36 0 L 8
37 1 L 19
38 1 U 37
39 0 L 23
40 0 U -1
41 1 U 40
42 0 L 4
43 1 U 22
44 1 L 8
45 0 U 21
46 1 U 45
47 0 U 46
48 1 L 46
49 1 U 48
50 0 U 49
51 0 U 50
52 0 L 26
53 0 U 52
54 1 U 53
55 1 U 29
56 0 U -1
57 1 L 39
58 1 U 57
59 0 U 58
60 1 L 55
61 0 U 60
62 1 L 26
63 1 U 62
64 0 L 8
65 0 U 45
66 0 U 61
67 1 U 61
68 0 U 6
69
0 0 L -1
1 1 U 0
2 1 L 0
3 1 U -1
4 0 U 3
5 0 U 4
6 1 U -1
7 1 U 6
8 1 U 4
9 0 U 8
10 1 U 9
11 0 L 6
12 1 U 11
13 0 U 12
14 0 L 13
15 0 L 7
16 0 L 9
17 1 U 0
18 0 U 17
19 1 L 5
20 1 U 19
21 0 L 20
22 1 L 8
23 0 U -1
24 0 U -1
25 1 U 24
26 0 U -1
27 0 U 26
28 0 U 27
29 1 U 4
30 1 L 29
31 0 U 30
32 1 U -1
33 1 U 32
34 0 L 15
35 1 U 30
36 0 L 29
37 1 L 19
38 1 U 37
39 1 U 38
40 0 U -1
41 1 U 40
42 0 L 4
43 0 U 42
44 1 L 8
45 0 U 21
46 1 U 45
47 0 U 46
48 1 U -1
49 1 U 48
50 0 U 49
51 0 U 50
52 0 L 26
53 0 U 52
54 1 U 53
55 1 U 29
56 0 U -1
57 0 L 0
58 1 U 57
59 1 U 5
60 1 L 55
61 0 U 60
62 1 L 26
63 1 U 62
64 1 U 9
65 0 U 45
66 0 U 61
67 1 U 61
68 0 U 6
69
0 0 L -1
1 1 U 0
2 1 L 0
3 1 U -1
4 0 U 3
5 0 U 4
6 0 U 3
7 1 U 6
8 1 U 4
9 0 U 8
10 1 U 9
11 0 L 6
12 1 U 11
13 0 U 12
14 0 L 13
15 0 L 7
16 0 U 3
17 1 U 0
18 0 U 17
19 1 L 5
20 1 U 19
21 0 L 20
22 1 U 3
23 0 L 13
24 0 U -1
25 1 U 24
26 0 U -1
27 0 U 26
28 0 U 27
29 1 U 4
30 1 L 29
31 0 U 9
32 1 U -1
33 1 U 32
34 0 L 15
35 1 U 30
36 0 L 8
37 1 L 19
38 1 U 37
39 1 U 38
40 0 U -1
41 1 U 40
42 0 L 4
43 0 U 42
44 1 L 8
45 0 U 21
46 1 U 45
47 0 U 46
48 1 L 36
49 1 U 48
50 0 U 49
51 0 U 50
52 0 L 26
53 0 U 52
54 1 U 53
55 1 U 29
56 0 U -1
57 1 L 39
58 1 U 57
59 0 U 58
60 1 L 55
61 0 U 2
62 1 L 26
63 1 U 62
64 0 L 8
65 0 U 45
66 0 U 61
67 1 U 61
68 0 U 49
69
0 0 L -1
1 1 U 0
2 0 U 0
3 1 U -1
4 0 U 3
5 0 L -1
6 1 U -1
7 1 U 6
8 1 U 4
9 0 U 8
10 1 U 9
11 0 L 6
12 1 U 11
13 0 U 12
14 0 L 13
15 0 L 7
16 1 U 1
17 1 U 0
18 0 U 17
19 1 L 5
20 1 U 19
21 0 L 20
22 1 U 3
23 0 U -1
24 0 U -1
25 1 U 24
26 0 U 16
27 1 L 22
28 0 U 27
29 1 U 4
30 0 L 20
31 0 U 30
32 1 U -1
33 1 U 32
34 0 L 15
35 1 U 30
36 0 L 8
37 1 L 19
38 1 U 37
39 1 U 38
40 0 U -1
41 1 U 40
42 0 L 4
43 0 U 42
44 1 L 8
45 0 U 21
46 1 U 45
47 0 U 46
48 1 U -1
49 1 U 48
50 0 U 49
51 0 U 50
52 1 L 1
53 0 U 52
54 1 U 53
55 1 U 29
56 0 U -1
57 1 L 39
58 0 L 25
59 0 U 58
60 1 L 55
61 1 U 53
62 1 L 26
63 1 U 62
64 0 L 8
65 0 U 45
66 0 U 61
67 1 U 61
68 0 U 6
69
0 0 L -1
1 1 L 0
2 1 L 0
3 1 U -1
4 0 U 3
5 0 U 2
6 1 U -1
7 1 U 6
8 1 U 4
9 0 U 8
10 1 U 9
11 0 L 6
12 1 U 11
13 0 U 12
14 0 L 13
15 0 L 7
16 0 L 9
17 1 U 0
18 0 L 7
19 1 L 5
20 1 U 19
21 0 L 20
22 0 L 17
23 1 L 22
24 0 U -1
25 1 U 24
26 0 U -1
27 0 U 26
28 0 U 27
29 1 U 4
30 1 L 29
31 0 U 30
32 1 U -1
33 1 U 32
34 0 L 15
35 1 U 30
36 0 L 8
37 1 L 19
38 1 U 37
39 1 U 38
40 0 U -1
41 1 U 40
42 0 L 4
43 0 U 42
44 1 L 8
45 0 U 21
46 1 U 45
47 0 U 46
48 1 U -1
49 1 U 48
50 0 U 49
51 0 U 50
52 0 L 26
53 0 U 52
54 1 U 53
55 0 U 10
56 0 U -1
57 1 L 39
58 1 U 57
59 0 U 58
60 1 L 55
61 0 U 60
62 1 L 26
63 1 U 62
64 0 L 8
65 0 U 45
66 0 L 14
67 1 U 61
68 0 U 6
69
0 0 L -1
1 1 U 0
2 1 L 0
3 1 U -1
4 0 U 3
5 1 L -1
6 1 U -1
7 1 U 6
8 1 U 4
9 0 U 8
10 1 U 9
11 0 L 6
12 1 U 11
13 0 U 12
14 0 L 13
15 0 L 7
16 0 L 9
17 1 U 0
18 0 U 17
19 0 U 7
20 1 U 19
21 0 L 20
22 1 U 3
23 0 U -1
24 0 U -1
25 1 U 24
26 0 U -1
27 0 L 3
28 0 U 27
29 1 U 4
30 1 L 29
31 0 U 30
32 1 L 27
33 1 U 32
34 0 L 15
35 1 U 30
36 0 L 8
37 1 L 19
38 1 U 37
39 1 U 30
40 0 U -1
41 1 U 40
42 0 L 4
43 0 U 42
44 1 L 8
45 0 U 21
46 1 U 45
47 1 L 9
48 0 L 34
49 0 U 33
50 0 U 49
51 0 U 50
52 0 L 26
53 0 U 52
54 1 U 53
55 1 U 29
56 0 U -1
57 1 L 39
58 1 U 57
59 0 L 47
60 1 L 55
61 0 U 60
62 1 L 26
63 1 U 62
64 0 L 8
65 0 U 45
66 0 U 61
67 1 U 61
68 0 U 6
69
0 0 L -1
1 1 U 0
2 1 L 0
3 1 U -1
4 0 L 1
5 0 U 4
6 1 U 2
7 1 U 6
8 1 U 4
9 0 U 8
10 1 U 9
11 0 L 6
12 1 U 11
13 0 U 12
14 0 L 13
15 0 L 7
16 0 L 9
17 1 U 0
18 0 U 17
19 1 L 5
20 1 U 19
21 0 L 20
22 1 U 3
23 0 U -1
24 0 U -1
25 1 U 24
26 0 U -1
27 0 U 26
28 0 U 27
29 1 U 4
30 1 L 29
31 0 U 30
32 1 U -1
33 1 U 32
34 0 L 15
35 1 U 21
36 0 L 8
37 1 L 19
38 1 U 37
39 1 U 38
40 0 U -1
41 1 U 22
42 0 L 4
43 0 U 42
44 0 L 33
45 0 U 21
46 1 U 45
47 0 U 46
48 1 U -1
49 1 U 48
50 0 U 49
51 0 U 50
52 0 L 26
53 0 U 52
54 0 U 32
55 1 U 29
56 0 U -1
57 1 L 39
58 1 U 57
59 0 U 58
60 1 L 55
61 0 U 60
62 1 L 35
63 1 U 62
64 0 L 8
65 0 U 45
66 0 U 61
67 1 U 61
68 0 U 6
