57
0 0 U -1
1 1 U 0
2 1 U 1
3 0 U 2
4 1 U 3
5 1 U 4
6 0 U 5
7 0 U -1
8 0 U 7
9 1 U 8
10 1 U 9
11 1 U 10
12 1 U 11
13 0 U 12
14 0 U -1
15 1 U 14
16 0 U 15
17 0 U 16
18 1 U 17
19 0 U 18
20 0 U 19
21 1 U -1
22 0 U 21
23 0 U 22
24 0 U 23
25 0 U 24
26 0 U 25
27 0 U 26
28 0 U -1
29 1 U 28
30 0 U 29
31 0 U 30
32 1 U 31
33 0 U 32
34 1 U 33
35 1 U -1
36 1 U 35
37 0 U 36
38 0 U 37
39 1 U 38
40 0 U 39
41 0 U 40
42 1 U -1
43 0 U 42
44 1 U 43
45 1 U 44
46 1 U 45
47 1 U 46
48 1 U 47
49 0 U -1
50 1 U 49
51 0 U 50
52 1 U 51
53 1 U 52
54 0 U 53
55 0 U 54
56 1 U -1
57
0 0 U -1
1 1 U 0
2 0 U 1
3 0 U 2
4 1 U 3
5 1 U 4
6 0 U 5
7 0 U -1
8 0 U 7
9 1 U 8
10 1 U 9
11 1 U 10
12 0 L 9
13 0 U 12
14 0 U -1
15 1 U 14
16 0 U 15
17 0 U 16
18 1 U 17
19 0 U 18
20 0 L 11
21 1 U -1
22 0 U 21
23 0 U 22
24 0 U 23
25 0 U 24
26 0 U 25
27 0 U 26
28 0 U -1
29 1 U 28
30 0 U 29
31 0 U 30
32 0 U 30
33 0 U 32
34 1 U 33
35 1 U -1
36 1 U 35
37 0 U 36
38 0 U 37
39 1 U 38
40 0 U 39
41 0 U 40
42 1 U -1
43 1 U 24
44 0 L 26
45 1 U 44
46 1 U 45
47 1 U 46
48 1 U 47
49 0 U -1
50 1 U 49
51 0 U 50
52 1 U 51
53 1 U 52
54 0 U 53
55 0 U 54
56 1 U -1
57
0 0 U -1
1 1 U 0
2 0 U 1
3 0 U 2
4 1 U 3
5 1 U 4
6 0 U 5
7 0 U -1
8 0 U 7
9 1 U 8
10 0 U 0
11 1 U 10
12 0 L 9
13 0 U 12
14 0 U -1
15 1 U 14
16 0 U 15
17 0 U 16
18 1 U 17
19 0 U 18
20 1 L 10
21 1 U -1
22 0 U 21
23 0 U 22
24 0 U 23
25 0 U 24
26 0 L 14
27 0 U 26
28 0 U -1
29 1 L 1
30 0 U 29
31 0 U 30
32 0 U 30
33 0 U 32
34 0 L 31
35 1 U -1
36 0 U 3
37 0 U 36
38 0 U 37
39 1 U 38
40 0 U 39
41 0 U 40
42 1 U -1
43 1 U 24
44 0 L 26
45 1 U 44
46 1 U 45
47 1 U 46
48 1 U 47
49 0 U -1
50 1 U 49
51 0 U 50
52 1 U 51
53 1 U 52
54 0 U 53
55 0 U 54
56 1 U -1
57
0 0 U -1
1 1 U 0
2 0 U 1
3 0 U 2
4 0 L -1
5 1 U 4
6 0 U 5
7 0 U -1
8 0 U 7
9 1 U 8
10 1 U 9
11 1 U 10
12 0 L 9
13 0 U 12
14 0 U -1
15 1 U 14
16 0 U 15
17 1 L 11
18 1 U 17
19 0 U 18
20 0 L 11
21 1 U -1
22 0 U 21
23 0 U 22
24 0 U 23
25 0 U 24
26 0 U 25
27 0 U 26
28 0 U -1
29 1 U 28
30 0 U 29
31 0 U 30
32 0 U 30
33 0 U 32
34 0 L 26
35 1 U -1
36 1 U 35
37 0 U 36
38 1 U 31
39 1 U 38
40 0 U 39
41 0 U 40
42 0 L 38
43 1 U 24
44 0 L 26
45 1 U 44
46 1 U 45
47 1 U 46
48 1 U 47
49 0 U -1
50 1 U 49
51 0 U 50
52 1 U 51
53 1 U 52
54 0 U 53
55 0 U 54
56 1 U -1
57
0 0 U -1
1 1 L 0
2 0 U 1
3 0 U 2
4 0 L -1
5 1 U 4
6 0 U 5
7 0 U -1
8 0 U 7
9 1 U 8
10 1 U 9
11 1 U 10
12 0 L 9
13 0 L -1
14 0 U -1
15 1 U 14
16 0 U 15
17 1 L 11
18 0 U 1
19 0 U 18
20 0 L 11
21 1 U -1
22 0 U 21
23 0 U 22
24 0 U 23
25 0 U 24
26 0 U 25
27 0 U 26
28 0 U -1
29 1 U 28
30 0 U 29
31 0 U 30
32 0 U 30
33 0 U 32
34 0 L 26
35 1 U -1
36 1 U 35
37 0 U 36
38 1 U 31
39 1 U 38
40 0 U 39
41 0 U 40
42 0 L 38
43 1 U 24
44 0 L 26
45 1 U 44
46 1 U 45
47 1 U 46
48 1 U 47
49 0 U -1
50 1 U 49
51 0 U 50
52 1 U 51
53 1 U 52
54 0 U 53
55 0 U 54
56 1 U -1
57
0 0 U -1
1 1 U 0
2 1 L 1
3 0 U 2
4 0 L -1
5 1 U 4
6 0 U 5
7 1 L 1
8 0 U 7
9 1 U 8
10 1 U 9
11 1 U 10
12 0 L 9
13 0 U 12
14 1 L 4
15 1 U 14
16 1 L 8
17 1 L 11
18 1 U 17
19 0 U 18
20 0 L 11
21 0 L 10
22 0 U 21
23 0 U 22
24 0 U 23
25 0 U 24
26 0 U 25
27 0 U 26
28 0 U -1
29 1 U 28
30 0 U 29
31 0 U 30
32 0 U 30
33 0 U 32
34 0 L 26
35 1 U -1
36 1 U 35
37 0 U 36
38 1 U 31
39 1 U 38
40 0 U 39
41 0 U 40
42 0 L 38
43 1 U 24
44 1 U 32
45 1 U 44
46 1 U 37
47 1 U 46
48 1 U 47
49 0 U -1
50 1 U 49
51 0 U 50
52 0 L 41
53 1 U 52
54 0 U 53
55 0 U 17
56 0 U 10
57
0 0 U -1
1 1 U 0
2 0 U 1
3 0 U 2
4 0 L -1
5 1 U 4
6 0 U 5
7 0 U -1
8 0 U 7
9 1 U 8
10 1 U 9
11 1 U 10
12 0 L 9
13 1 L 10
14 0 L 9
15 1 U 14
16 0 U 15
17 1 L 11
18 1 U 17
19 0 U 18
20 0 L 11
21 1 U -1
22 0 U 21
23 0 U 22
24 1 U 22
25 0 U 24
26 0 U 25
27 0 U 26
28 0 U -1
29 1 U 28
30 0 U 29
31 0 U 30
32 0 U 30
33 0 U 32
34 0 L 26
35 1 U -1
36 1 U 35
37 0 U 36
38 1 U 31
39 1 U 38
40 0 U 39
41 0 U 40
42 0 L 38
43 1 U 28
44 0 L 26
45 1 U 44
46 1 U 45
47 1 U 46
48 1 U 47
49 0 U -1
50 1 U 49
51 0 U 50
52 1 U 51
53 1 U 52
54 0 U 53
55 0 U 54
56 1 U -1
57
0 0 U -1
1 1 U 0
2 0 U 1
3 0 U 2
4 0 L -1
5 1 U 4
6 0 U 5
7 0 U -1
8 0 U 7
9 1 U 8
10 1 U 9
11 1 U 10
12 0 L 9
13 0 U 12
14 0 U -1
15 1 U 14
16 0 U 15
17 1 L 11
18 1 U 17
19 0 U 18
20 0 L 11
21 1 U -1
22 0 U 21
23 0 L 19
24 0 U 23
25 0 U 24
26 0 U 25
27 0 U 26
28 0 U -1
29 1 U 28
30 0 U 29
31 0 U 30
32 1 L 8
33 0 U 32
34 0 L 26
35 1 U -1
36 1 U 35
37 0 U 36
38 1 U 31
39 1 L 12
40 0 U 39
41 0 U 40
42 0 L 38
43 0 U 31
44 0 L 26
45 1 U 44
46 1 U 45
47 1 U 46
48 1 U 47
49 0 U -1
50 1 U 49
51 0 U 50
52 1 U 51
53 1 U 52
54 0 U 53
55 0 U 54
56 1 U -1
57
0 0 U -1
1 1 U 0
2 0 U 1
3 0 U 2
4 0 L -1
5 1 U 4
6 0 U 5
7 0 U -1
8 0 U 7
9 1 U 8
10 1 U 9
11 1 U 10
12 0 L 9
13 0 U 12
14 1 L 2
15 1 U 11
16 0 U 15
17 0 U 9
18 1 U 17
19 0 U 18
20 0 L 11
21 1 U -1
22 0 U 21
23 0 L 19
24 0 U 23
25 0 U 24
26 0 U 25
27 0 U 26
28 0 U -1
29 1 U 28
30 0 U 29
31 0 U 30
32 1 L 8
33 0 U 32
34 0 L 26
35 1 U -1
36 1 U 35
37 0 U 36
38 1 U 31
39 1 L 12
40 0 U 39
41 0 U 40
42 0 L 38
43 0 U 31
44 0 L 26
45 1 U 44
46 1 U 45
47 1 U 46
48 1 U 47
49 0 U -1
50 1 U 49
51 0 U 50
52 1 U 51
53 1 U 52
54 0 U 53
55 0 U 54
56 1 U -1
57
0 0 U -1
1 1 U 0
2 0 U 1
3 0 U 2
4 0 L -1
5 1 U 4
6 1 L 5
7 0 U -1
8 0 U 7
9 1 U 8
10 1 U 9
11 1 U 10
12 0 L 9
13 0 U 12
14 0 U -1
15 1 U 14
16 0 U 15
17 1 L 11
18 1 U 17
19 0 U 18
20 0 L 11
21 1 U -1
22 1 U 1
23 0 L 19
24 0 U 23
25 0 U 24
26 1 L 22
27 0 U 26
28 0 U -1
29 1 U 28
30 0 U 29
31 0 U 30
32 1 L 8
33 0 U 32
34 0 L 26
35 1 U -1
36 0 L 16
37 0 U 36
38 1 L 26
39 1 L 12
40 0 U 39
41 0 U 40
42 0 L 38
43 1 U 4
44 0 L 26
45 1 U 44
46 1 U 45
47 1 U 46
48 1 U 47
49 0 U -1
50 1 U 49
51 0 U 50
52 1 U 51
53 1 U 52
54 0 U 53
55 0 U 54
56 1 L 18
57
0 0 U -1
1 1 U 0
2 0 U 1
3 0 U 2
4 0 L -1
5 1 U 4
6 0 U 5
7 0 U -1
8 0 U 7
9 1 U 8
10 1 U 9
11 1 U 10
12 0 L 9
13 0 U 12
14 0 U -1
15 1 U 14
16 0 L 15
17 1 L 11
18 1 U 17
19 0 U 18
20 0 L 11
21 1 U -1
22 0 U 21
23 0 L 19
24 0 U 23
25 0 U 24
26 0 U 25
27 0 U 26
28 0 U -1
29 1 U 28
30 0 U 29
31 0 U 30
32 1 L 8
33 0 U 32
34 0 L 26
35 1 U -1
36 1 U 35
37 0 U 36
38 1 U 9
39 1 L 12
40 0 U 39
41 0 U 40
42 0 L 38
43 0 U 31
44 0 L 26
45 0 U 28
46 1 U 45
47 1 U 46
48 1 U 47
49 0 U -1
50 1 U 49
51 0 U 50
52 1 U 51
53 1 U 52
54 0 U 53
55 0 U 54
56 1 U -1
57
0 0 U -1
1 1 L -1
2 0 U 1
3 0 U 2
4 0 L -1
5 0 L -1
6 0 U 5
7 0 U -1
8 0 U 7
9 1 U 8
10 1 U 9
11 1 U 10
12 1 U 11
13 0 U 12
14 0 U -1
15 1 U 14
16 0 U 15
17 1 L 11
18 1 U 17
19 0 U 18
20 0 L 11
21 1 U -1
22 0 U 8
23 0 L 19
24 0 U 23
25 0 U 24
26 1 L 12
27 0 U 26
28 0 U 19
29 1 U 28
30 0 U 29
31 0 U 30
32 1 L 8
33 0 U 32
34 0 L 26
35 1 U -1
36 1 U 35
37 0 U 36
38 1 U 31
39 1 L 12
40 0 U 39
41 0 U 40
42 0 L 38
43 0 U 31
44 0 L 26
45 1 U 44
46 1 U 45
47 1 U 46
48 1 U 47
49 0 U -1
50 1 U 49
51 0 L 3
52 1 U 51
53 1 U 52
54 0 U 53
55 1 L 4
56 0 U 14
57
0 0 U -1
1 1 L 0
2 0 U 1
3 0 U 2
4 0 L -1
5 1 U 4
6 0 U 5
7 0 U -1
8 0 U 7
9 1 U 8
10 1 U 9
11 1 U 10
12 0 L 9
13 1 L 5
14 0 L 5
15 0 L 7
16 0 U 15
17 1 L 11
18 1 U 17
19 0 U 18
20 0 L 11
21 1 U -1
22 0 U 21
23 0 L 19
24 0 U 23
25 0 U 24
26 0 U 25
27 0 U 26
28 0 U 1
29 1 U 28
30 0 U 29
31 0 U 30
32 1 L 8
33 0 U 32
34 0 L 26
35 1 U -1
36 1 U 35
37 0 U 36
38 1 U 31
39 1 L 12
40 0 U 39
41 0 U 40
42 0 L 38
43 0 U 31
44 0 L 26
45 1 U 44
46 1 U 45
47 1 U 46
48 1 U 47
49 0 U -1
50 1 U 49
51 0 U 50
52 1 U 51
53 1 U 52
54 0 U 53
55 0 U 54
56 1 U -1
57
0 0 U -1
1 1 U 0
2 0 U 1
3 0 U 2
4 0 L -1
5 1 U 4
6 1 L 2
7 0 U -1
8 0 U 7
9 1 U 8
10 1 U 9
11 1 U 10
12 0 L 9
13 0 U 12
14 0 U -1
15 1 U 14
16 0 U 15
17 1 L 11
18 1 U 17
19 0 U 18
20 0 L 11
21 1 U -1
22 0 U 21
23 0 L 19
24 0 U 23
25 0 U 24
26 0 L 7
27 1 U 20
28 0 U -1
29 1 U 28
30 0 U 29
31 0 U 30
32 1 L 8
33 0 U 32
34 0 L 26
35 1 U -1
36 1 U 35
37 0 U 36
38 1 U 31
39 1 L 12
40 0 U 39
41 0 U 40
42 0 U 6
43 0 U 31
44 0 L 26
45 1 U 11
46 1 U 45
47 0 U 29
48 1 U 47
49 0 U -1
50 1 L 48
51 0 U 50
52 1 U 51
53 1 U 52
54 0 U 53
55 0 U 54
56 1 U -1
57
0 0 U -1
1 1 U 0
2 0 U 1
3 0 U 2
4 0 L -1
5 1 U 4
6 0 U 5
7 0 U -1
8 0 U 7
9 1 U 8
10 1 U 9
11 1 U 10
12 0 L 9
13 0 U 12
14 0 U -1
15 1 U 8
16 0 U 15
17 1 L 11
18 1 U 17
19 0 U 18
20 0 L 11
21 1 U -1
22 0 U 21
23 0 L 19
24 0 U 23
25 0 U 24
26 0 U 25
27 0 U 26
28 0 U -1
29 1 U 28
30 1 U 2
31 0 U 30
32 1 L 8
33 0 U 32
34 0 L 26
35 1 U -1
36 1 U 35
37 0 L 8
38 1 U 31
39 1 L 12
40 0 U 39
41 0 U 40
42 0 L 38
43 0 U 31
44 0 L 26
45 0 L 8
46 1 U 45
47 1 U 46
48 1 U 47
49 0 U -1
50 0 L 1
51 0 U 50
52 1 U 51
53 1 U 52
54 0 U 53
55 0 U 54
56 1 U -1
57
0 0 L -1
1 1 U 0
2 0 U 1
3 0 U 2
4 0 L -1
5 1 U 4
6 0 U 5
7 0 U -1
8 0 U 7
9 1 U 8
10 1 U 9
11 1 U 10
12 0 L 9
13 0 U 12
14 0 U -1
15 1 U 14
16 0 U 15
17 1 L 11
18 1 U 17
19 0 U 18
20 0 L 11
21 1 U -1
22 1 U 12
23 0 L 19
24 0 U 23
25 0 U 24
26 0 U 25
27 0 U 26
28 0 U -1
29 1 U 28
30 0 U 29
31 0 U 30
32 1 L 8
33 1 L 0
34 0 L 26
35 1 U -1
36 1 U 35
37 0 U 36
38 1 U 31
39 1 L 12
40 0 U 39
41 0 U 40
42 1 L 24
43 0 U 31
44 0 L 26
45 1 U 44
46 1 U 45
47 1 U 6
48 1 U 47
49 0 U -1
50 1 U 49
51 0 U 50
52 1 U 51
53 1 U 15
54 0 U 53
55 0 U 54
56 1 U -1
57
0 0 U -1
1 1 U 0
2 0 U 1
3 0 U 2
4 0 L -1
5 1 U 4
6 0 L 5
7 0 U -1
8 0 U 7
9 1 U 8
10 1 U 7
11 1 U 10
12 0 L 9
13 0 U 12
14 0 U -1
15 1 U 14
16 0 U 15
17 1 L 11
18 1 U 17
19 0 U 18
20 1 L 16
21 1 U -1
22 0 U 21
23 0 L 19
24 0 U 23
25 0 U 24
26 0 U 25
27 0 U 26
28 0 U -1
29 1 U 28
30 1 L 7
31 0 U 30
32 1 L 8
33 0 U 32
34 1 L 28
35 1 U -1
36 1 U 35
37 0 U 36
38 1 U 31
39 1 L 12
40 0 U 39
41 0 U 40
42 0 L 38
43 0 U 31
44 0 L 26
45 1 U 44
46 1 L 43
47 0 L 38
48 1 U 47
49 0 U -1
50 1 U 49
51 0 U 50
52 1 U 51
53 1 U 52
54 0 U 53
55 0 U 54
56 1 U -1
57
0 0 U -1
1 1 U 0
2 1 L 0
3 0 U 2
4 0 L -1
5 1 U 4
6 0 U 5
7 0 U -1
8 0 U 7
9 1 U 8
10 1 U 9
11 1 U 10
12 0 L 9
13 0 U 12
14 0 U -1
15 1 U 14
16 0 U 15
17 1 L 11
18 1 U 17
19 0 U 18
20 0 L 11
21 1 U -1
22 0 U 21
23 0 L 19
24 0 L 7
25 0 U 24
26 0 U 25
27 0 U 26
28 0 U -1
29 1 U 28
30 0 U 29
31 0 L 14
32 1 L 8
33 0 U 32
34 0 L 26
35 1 L 18
36 1 U 35
37 0 U 36
38 1 U 31
39 1 L 12
40 0 U 39
41 0 L -1
42 0 U 28
43 0 U 31
44 0 L 26
45 1 U 44
46 1 U 45
47 1 U 46
48 1 U 47
49 0 U -1
50 1 U 49
51 0 U 50
52 1 U 51
53 1 U 52
54 0 U 53
55 0 U 54
56 1 U -1
57
0 0 U -1
1 1 U 0
2 0 U 1
3 0 U 2
4 0 L -1
5 1 U 4
6 0 U 5
7 0 U -1
8 0 U 7
9 1 U 8
10 1 L 4
11 1 U 10
12 0 L 9
13 0 U 12
14 0 U -1
15 1 U 14
16 0 U 2
17 1 L 5
18 1 U 17
19 0 U 18
20 0 L 11
21 1 U -1
22 0 U 21
23 0 L 19
24 0 U 23
25 0 U 24
26 1 U 1
27 0 U 26
28 0 U -1
29 1 U 28
30 0 U 29
31 0 U 30
32 1 L 8
33 0 L 10
34 0 L 26
35 1 U -1
36 1 U 35
37 0 U 36
38 1 U 26
39 1 L 12
40 1 L 37
41 0 U 40
42 0 L 38
43 0 U 31
44 0 L 26
45 1 U 44
46 1 U 45
47 1 U 46
48 1 U 47
49 0 U -1
50 1 U 49
51 0 U 50
52 1 U 51
53 1 L 0
54 0 U 53
55 0 U 54
56 1 U -1
57
0 0 U -1
1 1 U 0
2 0 U 1
3 0 U 2
4 0 L -1
5 1 U 4
6 0 U 1
7 0 U -1
8 0 U 7
9 1 U 8
10 1 U 9
11 1 U 10
12 0 L 9
13 0 U 12
14 0 U -1
15 1 U 14
16 0 U 15
17 1 L 11
18 1 U 17
19 0 U 18
20 0 L 11
21 1 U -1
22 0 U 21
23 0 L 19
24 0 U 23
25 0 U 24
26 0 U 25
27 0 U 26
28 0 U -1
29 1 U 28
30 0 U 29
31 0 U 30
32 1 L 8
33 0 U 32
34 0 L 26
35 1 U -1
36 1 U 35
37 0 U 36
38 1 U 31
39 1 L 12
40 0 U 39
41 0 U 40
42 0 L 38
43 1 U 5
44 0 L 26
45 1 U 44
46 1 U 45
47 0 L 21
48 1 U 47
49 0 U -1
50 1 U 49
51 0 U 50
52 1 U 51
53 1 L 40
54 0 U 53
55 0 U 54
56 1 U -1
57
0 0 U -1
1 0 U -1
2 0 U 1
3 0 U 2
4 0 U 1
5 1 U 4
6 0 U 5
7 0 U -1
8 0 U 7
9 1 U 8
10 1 U 9
11 1 U 10
12 0 L 9
13 0 U 12
14 0 U -1
15 1 U 14
16 0 U 15
17 1 L 11
18 1 U 17
19 0 U 18
20 0 L 11
21 1 U -1
22 0 U 21
23 0 L 19
24 0 U 23
25 0 U 24
26 0 U 25
27 0 U 26
28 0 U -1
29 1 U 28
30 0 U 29
31 0 U 30
32 1 L 13
33 0 U 32
34 0 L 26
35 1 U -1
36 1 U 35
37 0 U 36
38 1 U 31
39 1 L 12
40 0 U 39
41 0 U 40
42 1 U 19
43 0 U 31
44 0 L 26
45 1 U 44
46 1 U 45
47 1 U 46
48 1 U 47
49 0 U -1
50 1 U 49
51 0 U 50
52 1 U 51
53 1 U 52
54 0 U 53
55 0 U 54
56 1 U -1
57
0 0 U -1
1 1 U 0
2 0 U 1
3 0 U 2
4 0 L -1
5 1 U 4
6 0 U 5
7 0 U -1
8 0 U 7
9 1 U 8
10 1 U 9
11 1 U 10
12 1 U 7
13 0 L 3
14 0 U -1
15 1 U 14
16 0 U 15
17 1 L 11
18 1 U 17
19 0 L 17
20 1 L 5
21 1 U -1
22 0 U 21
23 0 L 19
24 0 U 23
25 0 L 8
26 0 U 25
27 0 U 26
28 1 U 26
29 1 U 28
30 0 U 29
31 0 U 30
32 1 L 8
33 0 U 32
34 0 L 26
35 1 U -1
36 1 U 35
37 0 U 36
38 1 U 31
39 1 L 12
40 0 U 39
41 0 U 40
42 0 L 38
43 1 L 0
44 0 L 26
45 1 U 44
46 1 U 45
47 1 U 46
48 1 U 47
49 1 U 44
50 1 U 49
51 0 U 50
52 1 U 51
53 1 U 52
54 0 U 53
55 0 U 54
56 1 U -1
57
0 0 U -1
1 1 U 0
2 0 U 1
3 0 U 2
4 0 L -1
5 1 U 4
6 0 U 5
7 0 U -1
8 0 L 5
9 1 U 8
10 1 U 9
11 1 U 10
12 0 L 9
13 0 U 12
14 0 U -1
15 1 U 14
16 0 U 15
17 1 L 11
18 1 U 17
19 0 U 18
20 0 L 11
21 1 U -1
22 0 U 21
23 0 L 19
24 0 U 23
25 0 U 24
26 0 U 13
27 0 U 26
28 0 U -1
29 1 U 28
30 0 U 29
31 0 U 30
32 0 L -1
33 0 U 32
34 0 L 26
35 1 U -1
36 1 U 35
37 0 U 36
38 1 U 9
39 1 L 12
40 0 L 11
41 0 U 40
42 0 L 38
43 0 U 31
44 0 L 26
45 1 L 23
46 1 U 45
47 1 U 46
48 1 U 47
49 0 U -1
50 1 U 49
51 0 U 50
52 0 U 40
53 1 U 52
54 0 U 53
55 0 U 54
56 1 L 52
57
0 0 U -1
1 1 U 0
2 0 U 1
3 0 U 2
4 0 L -1
5 1 U 4
6 0 U 5
7 0 U -1
8 0 U 7
9 1 U 8
10 1 U 9
11 1 U 10
12 0 L 9
13 0 U 12
14 0 U -1
15 1 U 14
16 0 U 15
17 1 L 11
18 1 U 17
19 0 U 18
20 0 L 11
21 1 U -1
22 0 U 21
23 0 L 19
24 0 U 23
25 0 U 24
26 0 U 25
27 1 L 11
28 1 U 14
29 1 U 28
30 0 U 29
31 0 U 30
32 1 L 8
33 0 U 32
34 0 L 26
35 1 U -1
36 1 U 35
37 0 L 25
38 1 U 31
39 1 L 12
40 0 U 39
41 0 U 40
42 0 L 38
43 0 U 31
44 0 L 27
45 1 L 36
46 1 U 45
47 1 U 46
48 1 U 47
49 0 U -1
50 1 U 49
51 0 U 50
52 1 U 51
53 1 U 52
54 0 L 48
55 0 U 54
56 1 U -1
57
0 0 U -1
1 1 U 0
2 0 U 1
3 0 U 2
4 0 L -1
5 0 L 1
6 0 U 5
7 0 U -1
8 0 U 7
9 1 U 8
10 1 U 9
11 1 U 10
12 0 L 9
13 0 U 12
14 0 U -1
15 1 U 14
16 0 U 15
17 1 L 11
18 1 U 17
19 0 U 18
20 0 L 11
21 1 U -1
22 0 U 21
23 0 L 19
24 0 U 23
25 0 U 24
26 1 U 6
27 0 U 26
28 0 U -1
29 1 U 28
30 0 U 29
31 0 U 30
32 1 L 8
33 0 U 32
34 0 L 26
35 1 U -1
36 1 U 35
37 0 U 36
38 1 U 31
39 1 L 12
40 1 L 0
41 0 U 40
42 0 L 38
43 0 U 31
44 0 L 26
45 1 U 44
46 1 U 45
47 1 U 46
48 1 U 47
49 0 U -1
50 1 U 49
51 0 U 50
52 1 U 51
53 1 U 52
54 0 U 53
55 0 L 13
56 1 U -1
57
0 0 U -1
1 0 U -1
2 0 U 1
3 0 U 2
4 0 L -1
5 1 U 4
6 0 U 5
7 0 U -1
8 0 L 4
9 1 U 8
10 1 U 9
11 1 U 10
12 0 L 9
13 0 U 12
14 0 U 0
15 0 L -1
16 0 U 15
17 1 L 11
18 1 U 17
19 0 U 18
20 0 L 11
21 1 U -1
22 0 U 21
23 0 L 19
24 0 U 23
25 0 U 24
26 0 U 25
27 0 U 26
28 0 U -1
29 1 U 28
30 0 U 29
31 1 L 26
32 1 L 8
33 0 U 32
34 0 L 26
35 1 U -1
36 1 U 35
37 0 U 36
38 1 U 31
39 1 L 12
40 0 U 39
41 0 U 40
42 0 L 38
43 0 U 31
44 0 L 26
45 1 U 44
46 1 U 45
47 1 U 46
48 1 U 47
49 0 U -1
50 1 U 49
51 0 U 50
52 1 U 51
53 1 U 52
54 0 U 53
55 0 U 54
56 1 U -1
57
0 0 U -1
1 1 U 0
2 0 U 1
3 0 U 2
4 1 L 1
5 1 U 4
6 0 U 5
7 0 U -1
8 1 U -1
9 1 L 5
10 1 U 9
11 1 U 10
12 0 L 9
13 1 L 11
14 1 L 13
15 1 U 14
16 0 U 15
17 1 L 11
18 1 U 17
19 0 U 18
20 0 L 11
21 1 U -1
22 0 U 21
23 0 L 19
24 0 U 23
25 0 U 24
26 0 U 25
27 0 U 26
28 0 U -1
29 1 U 28
30 0 U 29
31 1 L 23
32 0 L 2
33 0 U 32
34 0 L 26
35 1 U -1
36 1 U 35
37 0 U 36
38 1 U 31
39 1 L 12
40 0 U 39
41 0 U 40
42 0 L 38
43 0 U 31
44 0 L 26
45 1 U 44
46 1 U 45
47 1 U 46
48 1 U 47
49 0 U -1
50 0 L 35
51 0 U 50
52 1 U 51
53 1 U 52
54 0 U 53
55 0 U 54
56 1 U -1
57
0 0 U -1
1 1 U 0
2 0 U 1
3 0 U 2
4 0 L -1
5 1 U 4
6 0 U 5
7 0 U -1
8 0 U 7
9 1 U 8
10 1 U 9
11 1 U 10
12 0 U 10
13 0 U 12
14 0 L 5
15 1 U 14
16 0 U 15
17 1 L 11
18 1 U 17
19 1 L 2
20 0 L 11
21 1 U -1
22 0 U 21
23 0 L 19
24 0 U 23
25 0 U 24
26 0 U 25
27 0 U 26
28 0 U -1
29 1 U 28
30 0 L 2
31 0 U 30
32 1 L 8
33 0 U 32
34 0 L 26
35 1 U -1
36 1 U 35
37 0 U 36
38 1 U 31
39 1 L 12
40 0 U 39
41 0 U 40
42 0 U 39
43 0 U 31
44 0 L 26
45 1 U 44
46 1 U 45
47 0 U 29
48 1 U 47
49 0 U -1
50 1 U 49
51 0 U 50
52 1 U 51
53 1 U 52
54 0 U 53
55 0 U 54
56 1 U -1
57
0 0 U -1
1 1 U 0
2 0 U 1
3 1 U 2
4 0 L -1
5 1 U 4
6 0 U 5
7 0 U -1
8 0 U 7
9 1 U 5
10 1 U 9
11 1 U 10
12 0 L 9
13 0 U 12
14 0 U -1
15 1 U 14
16 0 U 15
17 1 L 11
18 1 U 17
19 0 U 18
20 0 L 11
21 1 U -1
22 0 U 21
23 0 L 19
24 0 U 23
25 0 U 24
26 0 U 25
27 0 U 26
28 0 U -1
29 1 U 28
30 0 U 29
31 0 U 30
32 1 L 8
33 0 U 32
34 0 L 26
35 1 U -1
36 1 U 35
37 0 U 36
38 1 U 31
39 1 L 12
40 0 U 39
41 0 U 40
42 0 L 38
43 0 U 31
44 0 L 26
45 1 U 44
46 1 U 45
47 1 U 46
48 1 U 47
49 0 U -1
50 1 U 49
51 0 U 50
52 1 L 2
53 1 U 52
54 1 L 20
55 0 U 54
56 1 U -1
57
0 0 U -1
1 1 U 0
2 1 L 0
3 0 U 2
4 0 L -1
5 1 U 4
6 0 U 5
7 1 U 0
8 0 U 7
9 0 L 3
10 0 U 9
11 1 U 10
12 0 L 9
13 0 U 12
14 0 U -1
15 1 U 14
16 0 U 15
17 1 L 11
18 1 U 17
19 0 U 18
20 0 L 11
21 1 U 20
22 1 U 10
23 0 L 19
24 1 L 12
25 0 U 24
26 0 U 25
27 0 U 26
28 1 U 6
29 1 U 28
30 0 U 29
31 0 U 30
32 1 L 8
33 0 U 32
34 0 L 26
35 1 U -1
36 1 L 15
37 0 U 36
38 1 U 31
39 1 L 12
40 0 U 39
41 0 U 40
42 0 L 38
43 1 L 39
44 0 L 26
45 1 U 44
46 1 U 45
47 1 U 46
48 1 U 47
49 0 U -1
50 1 U 49
51 0 U 50
52 1 U 51
53 1 U 52
54 0 L 7
55 0 U 49
56 1 U -1
57
0 0 U -1
1 1 U 0
2 0 U 1
3 0 U 2
4 0 L -1
5 1 U 4
6 0 U 5
7 1 L -1
8 0 U 7
9 1 U 8
10 1 U 9
11 1 U 10
12 0 L 9
13 0 U 12
14 0 U -1
15 1 U 14
16 0 U 15
17 1 L 11
18 1 U 17
19 0 U 18
20 0 U 7
21 1 U -1
22 0 U 21
23 0 U 16
24 0 U 23
25 0 U 24
26 0 U 25
27 0 U 26
28 0 U -1
29 1 U 28
30 0 U 29
31 0 U 30
32 1 L 8
33 0 U 32
34 0 L 26
35 1 U -1
36 1 U 35
37 0 U 36
38 1 U 31
39 1 L 12
40 0 U 39
41 0 U 40
42 0 L 38
43 0 U 31
44 0 L 26
45 1 U 44
46 1 U 45
47 1 U 46
48 1 L 37
49 0 U -1
50 1 U 49
51 0 U 50
52 1 U 51
53 1 U 52
54 0 U 53
55 0 U 54
56 1 U -1
57
0 0 U -1
1 1 U 0
2 0 U 1
3 0 U 2
4 0 L -1
5 1 U 4
6 0 U 5
7 0 U -1
8 0 U 7
9 1 U 8
10 1 U 9
11 1 U 10
12 0 L 9
13 0 U 12
14 1 U 11
15 1 U 14
16 0 U 15
17 1 L 11
18 1 U 17
19 1 U 8
20 0 L 11
21 1 U -1
22 0 U 21
23 0 L 19
24 0 U 23
25 0 U 24
26 0 U 25
27 0 U 26
28 0 U -1
29 1 U 28
30 1 L 25
31 0 U 30
32 1 L 8
33 0 L 4
34 0 L 26
35 1 U -1
36 1 U 35
37 0 U 36
38 1 U 31
39 1 L 12
40 1 L 7
41 0 U 40
42 0 L 38
43 0 U 31
44 0 L 26
45 1 U 44
46 1 U 45
47 1 U 46
48 1 U 47
49 0 U -1
50 1 L 32
51 0 U 16
52 1 U 49
53 1 U 52
54 0 U 53
55 0 U 54
56 1 U -1
57
0 0 U -1
1 1 U 0
2 0 U 1
3 0 U 2
4 0 L -1
5 1 U 4
6 0 U 5
7 0 U -1
8 0 U 7
9 1 U 8
10 1 U 9
11 1 U 10
12 0 L 9
13 0 U 12
14 0 U -1
15 1 U 14
16 0 U 9
17 1 L -1
18 1 U 17
19 0 U 18
20 0 L 11
21 1 U -1
22 0 U 21
23 0 L 19
24 0 U 23
25 0 U 24
26 0 U 25
27 0 U 26
28 0 U -1
29 1 U 28
30 0 U 29
31 0 U 30
32 1 L 8
33 0 U 32
34 0 L 26
35 1 U -1
36 1 U 8
37 0 U 36
38 1 U 31
39 1 L 12
40 1 L 22
41 0 U 40
42 0 L 38
43 0 U 31
44 0 L 26
45 1 U 11
46 1 U 45
47 1 U 46
48 1 U 47
49 0 U -1
50 1 U 49
51 0 U 50
52 1 U 51
53 1 U 52
54 0 U 53
55 0 U 54
56 1 U -1
57
0 0 U -1
1 1 U 0
2 0 U 1
3 0 U 2
4 0 L -1
5 1 U 4
6 0 U 5
7 0 U -1
8 0 U 7
9 1 U 8
10 1 U 9
11 1 U 10
12 1 U 11
13 0 U 12
14 0 U 7
15 1 U 14
16 0 U 15
17 1 L 11
18 1 U 17
19 0 U 18
20 0 L 11
21 1 U -1
22 0 U 21
23 0 L 19
24 0 U 23
25 0 U 24
26 0 U 25
27 1 L 9
28 0 U -1
29 1 U 28
30 0 U 29
31 1 L 28
32 1 L 8
33 0 U 32
34 0 L 26
35 0 U 6
36 1 U 35
37 0 U 36
38 1 L 30
39 1 L 12
40 0 U 39
41 0 U 40
42 0 L 38
43 0 U 31
44 0 L 26
45 1 U 44
46 0 L 28
47 1 U 46
48 1 U 47
49 0 U -1
50 1 U 49
51 0 U 50
52 1 U 51
53 1 L 29
54 0 U 53
55 0 L 38
56 0 U 50
57
0 0 U -1
1 1 U 0
2 0 U 1
3 0 U 2
4 0 L -1
5 1 U 4
6 0 L 3
7 0 U -1
8 0 U 7
9 1 U 8
10 1 U 9
11 1 U 10
12 0 L 9
13 0 U 12
14 0 U -1
15 1 U 14
16 0 U 15
17 1 L 11
18 1 U 17
19 0 U 18
20 0 L 11
21 1 U -1
22 0 U 21
23 0 L 19
24 0 U 23
25 0 U 24
26 0 U 25
27 0 U 26
28 0 U -1
29 1 U 27
30 0 U 29
31 0 U 30
32 1 L 8
33 0 U 32
34 0 L 26
35 1 U -1
36 1 U 35
37 0 U 36
38 1 U 22
39 1 L 12
40 0 U 39
41 0 U 40
42 0 L 38
43 0 U 31
44 0 L 26
45 1 U 44
46 1 U 45
47 1 U 46
48 1 U 47
49 0 U -1
50 1 U 49
51 0 U 50
52 0 U 3
53 1 U 52
54 0 U 53
55 0 U 54
56 0 U 26
57
0 0 U -1
1 1 U 0
2 0 U 1
3 0 U 2
4 0 L -1
5 1 U 4
6 0 U 5
7 0 U -1
8 0 U 7
9 1 U 8
10 1 U 3
11 1 U 10
12 0 L 9
13 0 U 12
14 0 U -1
15 1 U 14
16 0 U 15
17 1 L 11
18 1 U 17
19 1 L 13
20 0 L 11
21 1 U -1
22 0 U 21
23 0 L 19
24 0 U 23
25 0 U 24
26 0 U 25
27 0 U 26
28 0 U -1
29 1 L 10
30 0 U 29
31 0 U 30
32 1 L 8
33 0 U 32
34 0 L 26
35 1 U -1
36 1 U 35
37 0 U 36
38 1 U 31
39 1 L 12
40 0 U 39
41 0 U 40
42 0 L 38
43 0 U 31
44 1 L 30
45 1 U 44
46 1 U 45
47 0 U 30
48 1 U 47
49 0 U -1
50 1 U 49
51 0 U 50
52 1 U 51
53 1 U 52
54 0 U 53
55 0 U 54
56 1 U -1
57
0 0 U -1
1 1 U 0
2 0 U 1
3 0 U 2
4 0 U 2
5 1 U 4
6 0 U 5
7 0 U -1
8 0 U 7
9 0 U 7
10 1 U 9
11 1 U 10
12 0 L 9
13 0 U 12
14 0 U -1
15 1 U 14
16 1 U 12
17 1 L 11
18 1 U 17
19 0 U 18
20 0 L 11
21 0 L 13
22 0 U 21
23 0 L 19
24 0 U 23
25 0 U 24
26 0 U 25
27 0 U 26
28 0 U -1
29 1 U 28
30 0 U 29
31 0 U 30
32 1 L 8
33 0 U 32
34 0 L 26
35 1 U -1
36 1 U 35
37 0 U 36
38 0 U 3
39 1 L 12
40 0 U 39
41 0 U 40
42 0 L 9
43 0 U 31
44 0 L 26
45 1 U 44
46 1 U 45
47 1 U 46
48 1 U 47
49 0 U -1
50 0 L 45
51 0 U 50
52 1 U 51
53 1 U 52
54 1 U 1
55 0 U 54
56 1 U -1
57
0 0 U -1
1 1 U 0
2 0 U 1
3 0 U 2
4 0 L -1
5 1 U 4
6 0 U 5
7 0 U -1
8 0 U 7
9 1 U 8
10 1 U 9
11 1 U 10
12 0 L 9
13 0 U 12
14 0 U -1
15 1 U 14
16 0 U 15
17 1 L 11
18 1 U 17
19 0 U 18
20 0 L 11
21 1 U -1
22 0 U 21
23 0 L 19
24 0 U 23
25 0 U 24
26 0 U 25
27 1 L 17
28 0 U -1
29 1 U 28
30 0 U 29
31 0 U 30
32 1 L 8
33 0 U 32
34 0 L 26
35 1 U -1
36 1 U 35
37 0 U 36
38 1 U 31
39 1 L 12
40 0 U 39
41 0 U 40
42 0 L 38
43 0 U 31
44 0 L 26
45 1 U 44
46 1 U 45
47 1 U 46
48 1 U 47
49 1 L 14
50 1 U 49
51 0 L 11
52 1 U 51
53 1 L 31
54 0 U 53
55 0 L 3
56 1 L 31
57
0 0 U -1
1 1 U 0
2 0 U 1
3 0 U 2
4 0 L -1
5 1 U 4
6 0 U 5
7 0 U -1
8 0 U 7
9 1 U 8
10 1 U 9
11 1 U 10
12 0 L 9
13 0 L 0
14 1 U 8
15 1 U 14
16 0 U 15
17 1 L 11
18 1 U 17
19 0 U 18
20 0 L 11
21 0 L 11
22 0 U 21
23 0 L 19
24 0 U 23
25 0 U 24
26 0 U 25
27 0 U 26
28 0 U -1
29 1 U 28
30 0 U 29
31 0 U 30
32 1 U -1
33 0 U 32
34 0 U 2
35 1 U -1
36 1 U 35
37 0 U 36
38 1 U 31
39 1 L 12
40 0 U 39
41 0 U 40
42 0 L 38
43 0 U 31
44 0 L 26
45 1 U 44
46 1 L 40
47 1 U 46
48 1 U 47
49 0 U -1
50 1 U 49
51 0 U 50
52 1 U 51
53 1 U 52
54 0 U 53
55 0 U 54
56 1 U -1
57
0 0 U -1
1 1 L 0
2 0 U 1
3 0 U 2
4 0 L -1
5 1 U 4
6 1 L 0
7 0 U 1
8 0 U 7
9 1 U 8
10 1 U 9
11 1 U 10
12 1 U -1
13 0 U 12
14 0 U -1
15 1 U 14
16 0 U 15
17 1 L 11
18 1 U 17
19 0 U 18
20 0 L 11
21 1 U -1
22 0 U 21
23 0 L 19
24 0 U 9
25 0 U 24
26 0 U 25
27 0 U 26
28 0 U -1
29 0 U 25
30 0 U 29
31 0 U 30
32 1 L 8
33 0 U 32
34 0 L 19
35 1 U -1
36 1 U 35
37 0 U 36
38 1 L 22
39 0 U 7
40 0 U 39
41 0 U 40
42 0 L 38
43 0 U 31
44 0 L 26
45 1 U 44
46 1 U 45
47 1 U 46
48 1 U 47
49 0 U -1
50 1 U 49
51 0 U 50
52 1 U 51
53 1 U 52
54 0 U 53
55 0 U 54
56 1 U -1
57
0 0 U -1
1 1 U 0
2 0 L 1
3 1 L 0
4 0 L -1
5 1 U 4
6 0 U 5
7 0 U -1
8 0 U 7
9 1 L -1
10 1 U 9
11 1 U 10
12 0 L 9
13 0 U 12
14 0 U -1
15 1 U 14
16 0 U 15
17 0 L 15
18 1 U 17
19 0 U 18
20 0 L 11
21 1 U -1
22 0 U 21
23 0 L 19
24 0 U 23
25 1 L 3
26 0 U 25
27 0 U 26
28 0 U 25
29 1 U 28
30 0 U 0
31 0 U 30
32 1 L 8
33 0 U 32
34 1 U 31
35 1 U -1
36 1 U 35
37 0 U 36
38 1 U 31
39 1 L 12
40 0 U 39
41 0 U 40
42 0 L 38
43 0 U 31
44 0 L 26
45 1 U 44
46 1 U 45
47 1 U 46
48 1 U 47
49 0 U -1
50 1 U 49
51 0 L 8
52 1 U 51
53 1 U 52
54 0 U 53
55 0 U 54
56 1 U -1
57
0 0 L -1
1 1 U 0
2 0 U 1
3 1 L -1
4 0 L -1
5 0 U 0
6 0 U 5
7 0 U -1
8 0 U 7
9 1 U 8
10 1 U 9
11 1 L 2
12 0 L 9
13 0 U 12
14 0 U -1
15 1 U 14
16 1 U 3
17 1 L 11
18 1 U 17
19 0 U 18
20 0 L 11
21 1 U -1
22 0 L 19
23 0 L 19
24 1 L 13
25 0 U 24
26 0 U 25
27 0 U 26
28 0 U -1
29 1 U 28
30 0 U 29
31 0 U 30
32 1 L 8
33 0 U 32
34 0 L 26
35 0 L 22
36 1 U 35
37 0 U 36
38 1 U 31
39 1 L 12
40 0 U 39
41 0 U 40
42 0 L 38
43 0 U 31
44 0 L 26
45 1 U 44
46 1 U 45
47 1 U 46
48 1 U 47
49 0 U -1
50 1 U 49
51 0 U 50
52 1 U 51
53 1 U 52
54 0 U 53
55 0 U 54
56 1 U -1
57
0 0 U -1
1 1 U 0
2 0 U 1
3 0 U 2
4 0 L -1
5 1 U 4
6 0 U 5
7 0 U -1
8 0 U 7
9 1 U 8
10 1 U 9
11 1 U 10
12 0 L 9
13 0 U 12
14 1 L -1
15 0 L 6
16 0 U 15
17 1 L 11
18 1 U 17
19 0 U 18
20 0 L 6
21 1 U -1
22 0 U 21
23 0 L 19
24 1 L 8
25 0 U 24
26 0 U 25
27 0 U 26
28 0 U -1
29 1 U 28
30 0 U 29
31 0 U 30
32 1 L 8
33 0 U 32
34 0 L 26
35 1 U -1
36 1 U 35
37 0 U 36
38 1 U 31
39 1 L 12
40 0 U 39
41 0 U 40
42 0 L 38
43 0 U 31
44 1 L 11
45 1 U 44
46 1 U 45
47 1 U 46
48 1 U 47
49 0 U -1
50 1 U 49
51 0 U 50
52 1 U 51
53 1 L 20
54 0 U 53
55 0 U 54
56 1 U -1
57
0 0 U -1
1 1 U 0
2 0 U 1
3 0 U 2
4 0 L -1
5 1 U 4
6 0 U 5
7 0 U -1
8 0 U 7
9 1 U 8
10 1 U 9
11 1 U 10
12 0 L 9
13 0 U 12
14 0 U -1
15 1 U 14
16 0 U 15
17 1 L 11
18 1 U 17
19 0 U 18
20 0 L 11
21 1 U -1
22 0 U 21
23 0 L 19
24 0 U 23
25 0 U 24
26 0 U 25
27 0 U 26
28 0 U -1
29 1 U 28
30 0 U 29
31 0 U 30
32 1 L 8
33 0 U 32
34 0 L 26
35 1 U -1
36 1 U 35
37 0 U 36
38 0 L 21
39 1 L 12
40 0 U 39
41 0 U 40
42 0 L 38
43 0 L 10
44 0 L 26
45 1 U 44
46 1 U 45
47 1 U 46
48 1 U 47
49 0 U -1
50 1 U 49
51 0 U 50
52 1 U 51
53 1 U 52
54 0 U 53
55 0 U 34
56 1 U -1
57
0 1 L -1
1 1 U 0
2 0 U 1
3 0 U 2
4 0 L -1
5 1 U 4
6 0 U 5
7 0 U -1
8 0 U 7
9 1 U 8
10 1 U 9
11 1 U 10
12 0 L 9
13 0 U 12
14 0 U -1
15 1 U 14
16 0 U 15
17 1 L 11
18 1 U 17
19 0 U 18
20 1 L 11
21 1 U -1
22 0 U 21
23 0 L 19
24 0 U 21
25 0 U 24
26 0 U 25
27 0 U 26
28 0 U -1
29 1 U 28
30 0 U 1
31 0 U 30
32 1 L 8
33 0 U 32
34 0 L 26
35 1 U -1
36 1 U 35
37 0 U 36
38 1 U 31
39 0 U 25
40 0 U 39
41 0 U 40
42 0 L 38
43 0 U 31
44 1 L 37
45 1 U 44
46 1 U 45
47 1 U 46
48 1 U 47
49 0 U -1
50 1 U 49
51 0 U 50
52 1 U 9
53 1 U 52
54 0 U 53
55 1 L 45
56 1 L 29
57
0 0 U -1
1 1 U 0
2 0 U 1
3 0 U 2
4 1 L 3
5 1 U 4
6 0 U 5
7 0 U -1
8 0 U 7
9 1 U 8
10 1 U 9
11 1 U 10
12 0 L 9
13 0 U 5
14 0 U -1
15 1 U 14
16 0 U 15
17 1 L 11
18 1 U 17
19 0 U 18
20 0 U 15
21 0 U 20
22 0 U 21
23 0 L 19
24 0 L 13
25 0 U 24
26 0 U 25
27 0 U 26
28 0 U -1
29 1 U 28
30 0 U 29
31 0 U 30
32 1 L 8
33 0 U 32
34 0 L 26
35 1 U -1
36 1 U 35
37 0 U 36
38 1 U 31
39 1 L 12
40 0 U 39
41 0 U 40
42 0 L 38
43 0 U 31
44 0 L 26
45 0 L 30
46 0 L 31
47 1 U 46
48 1 U 47
49 0 U 36
50 1 U 49
51 0 U 50
52 1 U 51
53 1 U 52
54 0 U 53
55 0 U 54
56 1 U -1
57
0 0 U -1
1 0 L -1
2 0 U 1
3 0 U 2
4 0 L -1
5 1 U 4
6 0 U 5
7 0 U -1
8 0 U 7
9 1 U 8
10 1 U 9
11 1 U 10
12 0 L 9
13 0 U 12
14 0 L 3
15 1 U 14
16 0 U 15
17 1 L 11
18 1 U 17
19 0 U 18
20 0 L 11
21 1 U -1
22 0 U 21
23 0 L 19
24 0 U 23
25 0 U 24
26 1 L 8
27 0 U 26
28 0 U -1
29 1 U 28
30 0 U 29
31 0 U 30
32 1 L 8
33 0 U 32
34 0 L 26
35 1 U -1
36 1 U 35
37 0 U 36
38 1 U 31
39 1 L -1
40 0 U 4
41 0 U 40
42 0 L 38
43 0 U 31
44 0 L 26
45 1 U 44
46 1 U 45
47 1 U 46
48 1 U 47
49 0 U -1
50 1 U 49
51 0 U 50
52 1 U 51
53 1 U 52
54 0 U 53
55 0 U 54
56 1 U -1
57
0 0 U -1
1 0 L -1
2 0 U 1
3 0 U 2
4 0 L -1
5 1 U 4
6 0 U 5
7 0 U -1
8 0 U 7
9 1 U 8
10 1 U 9
11 1 U 10
12 0 L 9
13 0 U 12
14 0 L 3
15 1 U 14
16 0 U 15
17 1 L 11
18 1 U 17
19 0 U 18
20 0 L 11
21 1 U -1
22 0 U 21
23 0 L 19
24 0 U 23
25 0 L 12
26 1 L 8
27 0 U 26
28 0 U -1
29 1 U 28
30 0 U 29
31 0 U 30
32 1 L 8
33 0 U 32
34 0 L 26
35 1 U -1
36 1 U 35
37 0 U 36
38 1 U 31
39 1 L -1
40 0 U 4
41 0 U 40
42 0 U 18
43 0 U 31
44 0 L 26
45 1 U 44
46 1 U 45
47 1 U 46
48 1 U 47
49 0 U -1
50 1 U 49
51 0 U 50
52 1 U 51
53 1 U 52
54 0 U 53
55 1 U 11
56 1 U -1
57
0 0 U -1
1 0 L -1
2 0 U 1
3 0 U 2
4 0 L -1
5 1 U 4
6 0 U 5
7 0 U -1
8 0 U 7
9 1 U 8
10 1 U 9
11 1 U 10
12 0 L 9
13 0 U 12
14 0 L 3
15 1 U 14
16 1 U 3
17 1 L 11
18 1 U 17
19 0 U 18
20 1 L 14
21 1 U -1
22 0 U 21
23 0 L 19
24 0 U 23
25 0 U 24
26 1 L 8
27 0 U 26
28 0 U -1
29 1 U 28
30 0 U 29
31 0 U 30
32 1 L 8
33 0 U 32
34 0 L 26
35 1 U -1
36 0 L 1
37 0 U 36
38 1 U 31
39 1 L -1
40 0 U 4
41 1 U 12
42 0 L 38
43 0 U 31
44 0 L 26
45 1 U 44
46 1 U 45
47 1 U 46
48 1 U 47
49 0 U -1
50 1 U 49
51 0 U 50
52 1 U 51
53 1 U 52
54 0 U 53
55 0 U 54
56 1 U -1
57
0 0 U -1
1 0 L -1
2 0 U 1
3 0 U 2
4 0 U -1
5 1 U 4
6 0 U 5
7 0 U -1
8 0 U 7
9 1 U 8
10 1 U 9
11 1 U 10
12 0 L 9
13 0 U 12
14 0 L 3
15 1 U 14
16 0 U 15
17 1 L 5
18 1 U 17
19 0 U 18
20 0 L 11
21 1 U -1
22 0 U 21
23 0 L 19
24 0 U 23
25 0 U 24
26 1 L 8
27 0 U 26
28 0 U -1
29 1 U 28
30 0 U 29
31 0 U 30
32 1 L 8
33 0 U 32
34 0 L 26
35 1 U -1
36 0 L 21
37 0 U 36
38 1 U 31
39 1 U 1
40 0 U 4
41 0 U 40
42 0 L 38
43 1 L 27
44 0 L 26
45 1 U 44
46 1 U 45
47 0 U 0
48 1 U 21
49 0 U -1
50 1 U 49
51 0 U 50
52 1 U 51
53 1 L 24
54 0 U 53
55 0 U 54
56 1 U -1
57
0 0 U -1
1 0 L -1
2 0 U 1
3 0 L 0
4 0 L -1
5 1 U 4
6 0 U 5
7 0 U 4
8 0 U 7
9 1 U -1
10 1 U 9
11 1 U 10
12 0 L 9
13 0 U 12
14 0 L 3
15 0 L 1
16 0 U 15
17 1 L 11
18 1 U 17
19 0 U -1
20 0 L 11
21 1 U -1
22 0 U 21
23 0 L 19
24 0 U 23
25 0 U 24
26 1 L 8
27 0 U 26
28 0 U -1
29 1 L 21
30 0 U 29
31 0 U 30
32 1 L 8
33 0 L 27
34 0 L 26
35 1 U -1
36 1 U 35
37 0 U 36
38 1 L 28
39 1 L -1
40 0 L 26
41 0 U 40
42 0 L 38
43 0 L 21
44 0 L 26
45 1 U 9
46 1 U 45
47 1 U 46
48 1 U 47
49 0 U -1
50 1 U 49
51 0 U 50
52 1 U 51
53 1 U 52
54 0 U 53
55 0 U 54
56 1 U -1
57
0 0 U -1
1 0 L -1
2 1 U 1
3 0 U 2
4 0 L -1
5 1 U 4
6 0 U 5
7 0 U -1
8 0 U 7
9 1 U 8
10 1 U 9
11 1 L 3
12 0 L 9
13 0 U 12
14 0 L 3
15 1 U 14
16 0 U 15
17 1 L 11
18 1 U 17
19 0 U 18
20 0 U 17
21 1 U -1
22 1 L 3
23 0 L 20
24 0 U 23
25 0 U 24
26 1 L 8
27 0 U 26
28 0 U -1
29 1 U 28
30 0 U 29
31 0 U 30
32 1 L 8
33 0 U 32
34 0 L 26
35 1 U -1
36 1 U 35
37 0 U 36
38 1 U 31
39 1 L -1
40 0 U 4
41 0 U 40
42 0 L 38
43 0 U 31
44 0 L 26
45 1 U 44
46 1 U 45
47 1 U 46
48 1 U 47
49 0 U -1
50 1 U 49
51 0 U 50
52 1 U 51
53 1 U 52
54 0 U 53
55 0 U 54
56 1 U -1
57
0 0 U -1
1 0 L -1
2 0 U 1
3 0 U 2
4 0 L -1
5 1 U 4
6 0 U 5
7 0 U -1
8 0 U 7
9 1 U 8
10 1 U 9
11 1 U 10
12 0 L 9
13 0 U 12
14 0 L 3
15 1 U 14
16 0 U 15
17 0 U 15
18 1 U 17
19 0 U 18
20 0 L 11
21 1 U -1
22 0 U 21
23 0 L 19
24 0 U 23
25 0 U 24
26 1 L 8
27 0 U 26
28 0 U -1
29 1 U 28
30 0 U 29
31 0 U 30
32 1 L 8
33 0 U 32
34 0 L 1
35 1 U -1
36 1 L 31
37 0 U 36
38 1 U 31
39 1 L -1
40 0 U 4
41 0 U 40
42 0 L 38
43 0 U 31
44 0 L 26
45 1 U 44
46 1 U 45
47 1 U 46
48 1 U 47
49 0 U -1
50 1 U 49
51 0 U 50
52 1 U 51
53 1 U 52
54 0 U 53
55 0 U 54
56 1 L 3
57
0 0 U -1
1 0 L -1
2 0 U 1
3 0 U 2
4 1 U 2
5 1 U 4
6 0 U 5
7 0 U -1
8 0 U 7
9 1 L 5
10 1 U 9
11 1 U 10
12 0 L 9
13 0 U 12
14 0 L 3
15 1 U 14
16 0 U 15
17 1 L 11
18 1 U 17
19 0 U 18
20 0 U 4
21 1 U -1
22 0 U 21
23 0 L 19
24 0 U 23
25 0 U 24
26 0 U 18
27 0 U 26
28 0 U 9
29 1 U 28
30 0 U 29
31 0 U 30
32 1 L 8
33 0 U 32
34 0 L 26
35 1 U -1
36 1 U 35
37 0 U 36
38 1 U 31
39 1 L -1
40 0 U 4
41 0 U 40
42 0 L 38
43 1 U 5
44 0 L 26
45 1 U 44
46 0 U 21
47 1 U 46
48 0 L 46
49 0 U -1
50 0 L 36
51 0 U 50
52 1 U 24
53 1 U 52
54 0 U 53
55 0 U 54
56 1 U -1
57
0 1 U -1
1 0 L -1
2 0 U 1
3 0 U 2
4 0 L -1
5 1 U 4
6 0 U 5
7 0 U -1
8 0 U 7
9 1 U 8
10 1 U 9
11 1 U 10
12 0 L 9
13 0 U 12
14 0 L 3
15 1 U 14
16 0 U 15
17 1 L 11
18 0 L 3
19 0 U 18
20 0 U 17
21 1 U -1
22 0 U 21
23 0 L 19
24 0 U 11
25 0 U 24
26 1 L 8
27 0 U 26
28 0 L 25
29 1 U 28
30 1 U 25
31 0 U 30
32 1 L 8
33 1 L 26
34 0 L 26
35 1 U -1
36 1 U 35
37 0 U 36
38 0 U 28
39 1 L -1
40 0 U 4
41 0 U 40
42 0 L 38
43 0 U 31
44 0 L 26
45 0 L 42
46 1 U 45
47 1 U 46
48 1 U 47
49 0 U -1
50 1 U 49
51 0 U 50
52 1 U 51
53 1 U 52
54 0 L 38
55 0 U 54
56 0 U 32
57
0 0 U -1
1 0 L -1
2 0 U 1
3 0 U 2
4 0 L -1
5 1 U 4
6 0 U 5
7 0 U -1
8 0 U 7
9 1 U 8
10 1 U 9
11 1 U 10
12 0 L 9
13 0 U 12
14 0 L 3
15 0 U 6
16 0 U 15
17 1 L 11
18 1 U 17
19 0 U 18
20 0 L 11
21 1 U -1
22 0 U 21
23 0 L 19
24 0 U 23
25 0 U 24
26 1 L 8
27 0 U 26
28 0 U -1
29 0 U 24
30 0 U 29
31 0 U 30
32 1 L 8
33 0 U 32
34 0 L 26
35 1 U -1
36 0 L 25
37 0 U 36
38 1 U 31
39 1 L -1
40 0 U 4
41 0 U 40
42 0 L 38
43 1 U 27
44 0 L 26
45 1 U 44
46 1 U 45
47 1 U 46
48 1 U 47
49 0 U -1
50 1 U 49
51 0 U 50
52 1 U 51
53 1 U 37
54 1 U 19
55 0 U 54
56 0 L 15
57
0 0 U -1
1 0 L -1
2 1 L -1
3 0 L -1
4 0 L -1
5 1 U 4
6 0 U 5
7 0 U -1
8 0 U 7
9 1 U 8
10 1 U 9
11 1 U 10
12 0 L 9
13 0 U 12
14 1 U 10
15 1 U 14
16 0 U 15
17 1 L 11
18 0 U 5
19 0 U 18
20 0 L 11
21 1 U -1
22 0 U 21
23 0 L 19
24 0 U 23
25 0 U 24
26 1 L 8
27 1 L 6
28 0 U -1
29 1 U 28
30 0 U 29
31 0 U 30
32 1 L 8
33 0 U 32
34 0 L 26
35 1 U -1
36 1 U 35
37 0 U 36
38 1 U 31
39 1 L -1
40 0 U 4
41 0 U 40
42 0 L 38
43 0 U 31
44 0 L 26
45 1 U 44
46 1 U 45
47 1 L 3
48 1 U 47
49 0 U -1
50 1 U 49
51 0 U 50
52 1 U 51
53 1 U 52
54 0 U 53
55 0 U 54
56 1 U -1
57
0 0 U -1
1 0 L -1
2 0 U 1
3 0 U 2
4 0 L -1
5 1 U 4
6 0 U 5
7 0 U -1
8 0 U 7
9 1 U 8
10 1 U 9
11 0 U -1
12 0 L 9
13 0 U 9
14 0 L 3
15 1 U 14
16 0 U 15
17 1 L 11
18 1 U 17
19 0 U 18
20 0 L 11
21 1 U -1
22 0 U 21
23 0 L 19
24 0 L -1
25 0 U 24
26 1 L 8
27 0 U 26
28 0 U -1
29 1 U 28
30 0 U 29
31 0 U 30
32 1 L 8
33 0 U 32
34 0 L 26
35 1 U -1
36 1 U 35
37 1 U 27
38 1 U 31
39 1 L -1
40 0 U 4
41 0 U 40
42 0 L 38
43 0 U 31
44 0 L 26
45 1 U 44
46 1 U 45
47 1 U 46
48 1 U 47
49 0 U -1
50 1 U 49
51 0 U 50
52 1 U 51
53 1 U 52
54 0 U 53
55 0 U 54
56 0 L 0
57
0 0 U -1
1 0 L -1
2 0 U 1
3 0 U 2
4 1 L 1
5 1 U 4
6 1 L 5
7 0 U -1
8 1 U 1
9 1 U 8
10 1 U 9
11 1 U 10
12 0 L 9
13 0 U 12
14 0 L 3
15 1 U 14
16 0 U 15
17 1 L 11
18 1 U 17
19 0 U 18
20 0 L 11
21 1 U -1
22 0 U 21
23 1 L 15
24 0 U 23
25 0 U 24
26 1 L 8
27 0 U 26
28 0 U -1
29 1 U 28
30 0 U 29
31 0 U 30
32 1 L 8
33 0 U 32
34 0 L 26
35 1 U -1
36 1 U 35
37 0 U 36
38 1 U 31
39 1 L -1
40 0 U 4
41 0 U 31
42 0 L 38
43 0 U 31
44 0 L 26
45 1 U 44
46 1 U 45
47 0 L 20
48 1 U 47
49 0 U -1
50 1 U 49
51 0 U 50
52 1 U 45
53 1 U 52
54 0 U 53
55 0 U 54
56 1 U -1
57
0 0 U -1
1 0 L -1
2 0 U 1
3 0 U 2
4 0 L -1
5 1 U 4
6 1 L 1
7 0 U -1
8 0 U 7
9 0 U -1
10 1 U 9
11 1 U 10
12 0 L 9
13 0 U 12
14 0 L 3
15 1 U 14
16 0 U 15
17 1 L 11
18 1 U 17
19 0 U 18
20 0 L 11
21 1 U -1
22 0 U 21
23 0 L 19
24 0 U 23
25 0 U 24
26 1 L 8
27 0 U 26
28 0 U -1
29 1 U 28
30 0 U 29
31 0 U 30
32 1 L 8
33 0 U 32
34 0 L 26
35 1 L 10
36 1 U 35
37 0 U 36
38 1 U 31
39 1 L -1
40 0 U 4
41 0 U 40
42 0 L 38
43 0 U 6
44 0 L 26
45 1 L 0
46 1 U 45
47 1 U 46
48 0 L 39
49 0 U -1
50 1 U 49
51 0 U 50
52 1 U 51
53 1 U 52
54 0 U 53
55 0 U 54
56 1 U -1
57
0 0 U -1
1 1 L -1
2 0 U 1
3 0 U 2
4 0 L -1
5 1 U 4
6 0 U 5
7 0 U -1
8 0 U 7
9 1 U 8
10 1 U 9
11 1 U 7
12 0 L 9
13 0 U 12
14 0 L 3
15 1 U 14
16 0 U 15
17 1 L 11
18 1 U 17
19 0 U 18
20 0 L 11
21 1 U -1
22 1 U 12
23 0 L 19
24 0 U 23
25 0 U 24
26 1 L 8
27 0 U 11
28 0 U -1
29 1 U 28
30 0 U 29
31 0 U 30
32 1 L 8
33 0 U 32
34 0 L 26
35 1 U -1
36 1 U 35
37 0 U 36
38 1 U 31
39 1 L -1
40 0 U 4
41 0 U 40
42 0 L 38
43 0 U 31
44 0 L 26
45 1 U 44
46 1 U 45
47 0 U 34
48 1 U 47
49 0 U -1
50 1 L 44
51 0 U 24
52 1 U 51
53 1 U 52
54 0 U 53
55 0 U 54
56 1 U -1
57
0 0 U -1
1 0 L -1
2 1 L -1
3 0 U 2
4 0 L -1
5 1 U 4
6 0 U 5
7 0 U -1
8 0 U 7
9 1 U 8
10 1 U 9
11 1 U 10
12 0 L 9
13 1 L 11
14 0 L 3
15 1 U 14
16 0 U 15
17 1 L 11
18 1 U 17
19 0 U 18
20 0 L 11
21 1 U -1
22 0 U 21
23 0 L 19
24 0 U 23
25 0 U 24
26 1 L 8
27 0 U 26
28 0 U -1
29 1 U 28
30 0 U 29
31 0 U 30
32 1 L 8
33 0 U 32
34 0 L 26
35 1 U -1
36 1 U 35
37 0 U 36
38 0 L 32
39 1 L -1
40 0 U 4
41 0 U 40
42 0 L 38
43 0 U 31
44 0 L 26
45 1 U 44
46 1 U 45
47 1 U 46
48 1 L 38
49 1 L 47
50 1 U 49
51 0 U 50
52 1 U 51
53 1 U 52
54 0 U 53
55 0 U 54
56 1 U -1
57
0 0 U -1
1 0 L -1
2 0 U 1
3 1 U 0
4 0 L -1
5 1 U 4
6 0 U 5
7 0 U -1
8 0 U 7
9 1 U 8
10 1 U 9
11 1 U 10
12 0 U 8
13 1 U 12
14 0 L 13
15 1 U 14
16 0 U 15
17 1 L 11
18 1 U 17
19 1 U 16
20 0 L 11
21 1 U -1
22 0 U 21
23 0 L 19
24 0 U 23
25 1 U 1
26 1 L 8
27 0 U 26
28 0 U -1
29 1 U 28
30 0 U 29
31 0 U 30
32 1 L 10
33 0 U 32
34 0 L 26
35 1 U -1
36 1 U 35
37 0 U 36
38 1 U 31
39 1 L -1
40 0 U 4
41 0 U 40
42 0 L 38
43 0 U 31
44 0 L 26
45 1 U 44
46 1 U 45
47 1 U 46
48 1 U 47
49 0 U -1
50 1 U 49
51 0 U 50
52 1 U 51
53 0 L 44
54 0 U 53
55 0 U 54
56 1 U -1
