79
0 1 U -1
1 1 U 0
2 0 U 1
3 1 U 2
4 1 U 3
5 1 U 4
6 0 U 5
7 0 U 6
8 0 U -1
9 1 U 8
10 1 U 9
11 0 U 10
12 1 U 11
13 1 U 12
14 1 U 13
15 1 U 14
16 1 U -1
17 0 U 16
18 0 U 17
19 1 U 18
20 1 U 19
21 1 U 20
22 0 U 21
23 1 U 22
24 0 U -1
25 1 U 24
26 0 U 25
27 0 U 26
28 0 U 27
29 1 U 28
30 1 U 29
31 0 U 30
32 0 U -1
33 1 U 32
34 0 U 33
35 0 U 34
36 1 U 35
37 0 U 36
38 1 U 37
39 1 U 38
40 1 U -1
41 1 U 40
42 0 U 41
43 0 U 42
44 1 U 43
45 0 U 44
46 0 U 45
47 1 U 46
48 1 U -1
49 0 U 48
50 0 U 49
51 0 U 50
52 0 U 51
53 0 U 52
54 1 U 53
55 1 U 54
56 1 U -1
57 0 U 56
58 1 U 57
59 0 U 58
60 1 U 59
61 0 U 60
62 1 U 61
63 0 U 62
64 0 U -1
65 1 U 64
66 0 U 65
67 0 U 66
68 1 U 67
69 1 U 68
70 0 U 69
71 1 U 70
72 0 U -1
73 0 U 72
74 1 U 73
75 1 U 74
76 1 U 75
77 1 U 76
78 0 U 77
79
0 1 U -1
1 1 U 0
2 0 U 1
3 1 U 2
4 1 U 3
5 1 U 4
6 0 U 5
7 1 U 2
8 0 U -1
9 1 U 8
10 1 U 9
11 0 U 10
12 1 U 11
13 1 U 12
14 1 U 13
15 1 U 14
16 1 U -1
17 0 U 16
18 0 U 17
19 1 U 18
20 1 U 19
21 1 U 20
22 0 U 21
23 1 U 22
24 0 U -1
25 1 U 24
26 0 U 25
27 0 U 26
28 0 U 27
29 1 U 28
30 1 U 29
31 0 U 30
32 0 U -1
33 1 U 32
34 0 U 33
35 0 U 34
36 1 U 35
37 0 U 36
38 1 U 37
39 1 U 38
40 1 U -1
41 1 U 40
42 1 U 5
43 0 U 42
44 1 U 43
45 0 U 44
46 0 U 45
47 1 U 46
48 1 U -1
49 0 U 48
50 0 L 0
51 0 U 50
52 0 U 51
53 0 L 38
54 1 U 53
55 1 L 3
56 1 U -1
57 0 U 56
58 1 U 57
59 0 U 58
60 1 U 59
61 1 U 26
62 1 U 61
63 0 U 62
64 0 U -1
65 1 U 64
66 0 U 65
67 0 U 66
68 1 U 67
69 1 U 68
70 0 U 69
71 1 U 70
72 0 U -1
73 0 U 72
74 1 U 73
75 1 U 74
76 1 U 75
77 1 L 42
78 0 U 77
79
0 1 U -1
1 1 U 0
2 0 U 1
3 1 U 2
4 1 U 3
5 1 U 4
6 0 U 5
7 1 U 2
8 0 U -1
9 1 U 8
10 1 U 9
11 0 U 10
12 1 U 11
13 1 U 12
14 1 U 13
15 1 U 14
16 1 U -1
17 0 U 16
18 0 U 17
19 1 U 18
20 1 U 19
21 1 U 20
22 0 U 21
23 1 U 9
24 0 U 0
25 1 U 24
26 0 U 25
27 0 U 26
28 0 U 27
29 1 U 28
30 1 U 29
31 0 U 30
32 0 U -1
33 1 U 32
34 1 U 20
35 0 U 34
36 1 U 35
37 0 U 36
38 1 U 37
39 1 U 38
40 1 U -1
41 1 L 36
42 1 U 5
43 0 U 42
44 1 U 43
45 0 U 44
46 0 U 45
47 1 U 46
48 1 U -1
49 0 U 48
50 0 L 0
51 0 U 50
52 0 U 51
53 1 U 23
54 1 U 53
55 1 L 3
56 1 U -1
57 0 U 56
58 1 U 57
59 0 U 58
60 1 U 59
61 1 U 26
62 1 U 61
63 0 U 62
64 0 L 51
65 1 U 64
66 0 U 65
67 0 U 66
68 1 U 67
69 1 U 64
70 0 U 69
71 1 U 70
72 0 U -1
73 0 U 72
74 1 U 73
75 0 L 67
76 1 U 75
77 0 L 22
78 0 U 77
79
0 1 U -1
1 1 L -1
2 0 U -1
3 1 U 2
4 1 U 3
5 1 U 4
6 0 U 5
7 1 U 2
8 0 U -1
9 1 U 8
10 1 U 9
11 0 U 10
12 1 U 11
13 1 U 12
14 1 U 13
15 1 U 14
16 1 U -1
17 0 U 16
18 0 U 17
19 1 U 18
20 1 U 19
21 1 U 20
22 0 U 21
23 1 U 22
24 0 U -1
25 1 U 24
26 0 U 25
27 0 U 26
28 0 U 27
29 1 U 28
30 1 U 29
31 0 U 30
32 0 U -1
33 1 U 32
34 0 U 33
35 0 U 34
36 1 U 35
37 0 U 36
38 0 U 4
39 1 U 38
40 0 U 17
41 1 U 40
42 1 L 40
43 0 U 42
44 1 U 37
45 0 U 44
46 0 L 18
47 1 U 46
48 0 L 31
49 0 U 48
50 0 L 0
51 0 U 50
52 0 U 51
53 0 L 38
54 0 L 46
55 1 L 3
56 0 U 23
57 0 U 56
58 1 U 57
59 0 U 58
60 1 U 59
61 1 U 26
62 1 U 61
63 0 U 62
64 0 U -1
65 1 U 64
66 0 U 65
67 0 U 58
68 1 U 67
69 1 U 68
70 0 U 69
71 1 U 70
72 0 U -1
73 0 U 72
74 1 U 73
75 1 U 74
76 1 U 75
77 1 L 42
78 0 U 77
79
0 1 U -1
1 1 U 0
2 0 U 1
3 1 U 2
4 1 U 3
5 1 U 4
6 0 U 5
7 1 U 2
8 0 U -1
9 1 U 8
10 1 U 9
11 0 U 10
12 1 U 11
13 1 U 12
14 0 U 11
15 1 U 14
16 1 U -1
17 1 U 5
18 1 U 12
19 1 U 18
20 1 U 19
21 1 U 20
22 0 U 21
23 1 U 22
24 0 U -1
25 1 U 24
26 0 U 25
27 0 U 26
28 0 U 27
29 1 U 28
30 1 U 29
31 0 U 30
32 0 U -1
33 1 U 32
34 0 U 33
35 0 U 34
36 1 U 35
37 0 U 36
38 1 U 37
39 1 U 38
40 0 L 25
41 1 U 40
42 1 U 5
43 0 U 42
44 1 U 43
45 0 U 44
46 0 U 45
47 1 U 46
48 1 U -1
49 0 U 48
50 0 L 0
51 0 L 48
52 0 U 51
53 0 L 38
54 1 U 53
55 1 L 54
56 1 U -1
57 0 U 56
58 0 U 52
59 0 U 58
60 1 U 59
61 1 U 26
62 1 U 61
63 0 U 62
64 0 U -1
65 0 L 17
66 0 U 65
67 0 U 66
68 1 U 67
69 1 U 68
70 0 U 69
71 1 U 70
72 0 U -1
73 0 U 72
74 0 L 7
75 1 U 74
76 1 U 75
77 1 L 42
78 0 U 77
79
0 1 U -1
1 1 U 0
2 0 U 1
3 1 U 2
4 1 U 3
5 1 U 4
6 0 U 5
7 1 U 2
8 0 U -1
9 1 U 8
10 1 U 9
11 0 U 10
12 1 U 11
13 1 L 12
14 1 U 13
15 1 U 14
16 1 U -1
17 0 U 16
18 0 U 17
19 1 U 18
20 1 U 19
21 1 U 20
22 0 U 21
23 1 U 22
24 0 U -1
25 1 U 24
26 0 U 25
27 0 U 26
28 0 U 27
29 1 U 28
30 1 U 29
31 0 L 5
32 0 U -1
33 1 U 32
34 1 L 11
35 0 U 34
36 0 L 6
37 0 U 36
38 1 U 37
39 1 U 38
40 1 U -1
41 0 L 35
42 1 L 2
43 0 U 42
44 0 L 29
45 0 U 44
46 0 U 45
47 1 U 46
48 1 U -1
49 0 U 48
50 0 L 0
51 0 U 50
52 0 U 51
53 0 L 38
54 1 U 53
55 1 L 3
56 1 U -1
57 0 U 56
58 0 L 1
59 0 U 58
60 1 U 59
61 1 U 26
62 1 U 61
63 0 U 62
64 0 U -1
65 1 U 64
66 0 U 65
67 0 U 66
68 0 L 21
69 1 U 68
70 0 U 69
71 1 U 70
72 0 U -1
73 0 U 72
74 1 U 73
75 1 U 74
76 1 U 75
77 1 L 42
78 0 U 77
79
0 1 L -1
1 1 U 0
2 0 U 1
3 1 U 2
4 1 U 3
5 1 U 4
6 0 U 5
7 1 U 2
8 0 U -1
9 1 U 8
10 1 U 9
11 0 U 10
12 1 U 2
13 1 U 12
14 1 U 13
15 0 U 6
16 1 U -1
17 1 L 7
18 0 U 17
19 1 U 18
20 1 U 19
21 1 U 20
22 0 L 0
23 1 U 13
24 0 U -1
25 1 U 24
26 0 U 25
27 0 U 26
28 0 U 27
29 1 U 28
30 1 U 29
31 0 L 11
32 0 U -1
33 1 U 32
34 0 U 33
35 0 U 34
36 1 U 35
37 0 L 21
38 1 U 37
39 1 U 38
40 1 U -1
41 1 U 40
42 1 U 5
43 0 U 42
44 1 U 43
45 0 U 44
46 0 U 45
47 1 U 46
48 1 U -1
49 0 U 48
50 0 L 0
51 0 U 50
52 0 U 51
53 0 L 38
54 1 U 53
55 1 L 3
56 1 U -1
57 0 U 56
58 1 U 57
59 0 U 58
60 1 U 59
61 1 U 26
62 1 U 61
63 0 U 62
64 0 U -1
65 1 U 64
66 0 U 65
67 0 U 66
68 1 U 67
69 1 U 68
70 1 U 5
71 1 U 70
72 0 U -1
73 0 U 72
74 1 U 73
75 1 U 74
76 1 U 75
77 1 L 42
78 0 U 77
79
0 1 U -1
1 1 U 0
2 0 U 1
3 1 U 2
4 1 L -1
5 1 U 4
6 0 U 5
7 1 U 2
8 0 U -1
9 1 U 8
10 1 U 9
11 0 U 10
12 1 U 11
13 1 U 12
14 1 U 13
15 1 U 14
16 1 U -1
17 0 U 16
18 0 U 17
19 1 U 18
20 1 U 19
21 1 U 20
22 0 U 21
23 1 U 22
24 0 U -1
25 1 U 24
26 0 U 25
27 0 U 26
28 0 U 27
29 1 U 28
30 1 U 29
31 0 U 30
32 0 U -1
33 1 U 32
34 0 U 33
35 0 U 34
36 1 U 35
37 0 U 36
38 1 U 37
39 1 U 38
40 1 U -1
41 1 U 40
42 1 U 5
43 0 U 42
44 1 U 43
45 0 U 44
46 0 U 45
47 1 U 46
48 0 U 38
49 0 U 48
50 0 L 0
51 0 U 50
52 0 U 51
53 1 L -1
54 1 U 53
55 1 L 3
56 1 U -1
57 1 L 52
58 1 U 57
59 0 U 58
60 1 U 59
61 1 U 26
62 1 U 61
63 0 U 62
64 0 U -1
65 1 U 64
66 1 L 49
67 0 U 66
68 1 U 67
69 1 U 68
70 0 U 69
71 1 L 57
72 0 L 67
73 0 U 72
74 1 U 73
75 1 U 74
76 1 U 51
77 1 L 42
78 0 U 77
79
0 1 U -1
1 1 U 0
2 0 U 1
3 1 U 2
4 1 U 3
5 1 U 4
6 0 U 5
7 1 U 2
8 0 U -1
9 1 U 8
10 1 U 9
11 0 U 10
12 1 U 11
13 1 U 12
14 1 U 13
15 1 U 14
16 1 U -1
17 0 U 16
18 0 U 17
19 1 U 18
20 1 U 19
21 1 U 20
22 0 U 21
23 1 U 22
24 0 U -1
25 1 U 24
26 0 U 25
27 0 U 26
28 0 U 27
29 1 U 28
30 1 U 29
31 0 U 30
32 0 U -1
33 1 U 32
34 0 U 33
35 0 U 34
36 1 U 35
37 0 U 36
38 1 U 37
39 1 U 38
40 1 U -1
41 1 U 40
42 1 U 5
43 0 U 42
44 1 U 43
45 0 U 44
46 0 U 45
47 1 U 46
48 1 U -1
49 0 U 48
50 0 L 0
51 0 U 50
52 0 U 51
53 0 L 38
54 1 U 53
55 1 L 3
56 1 U -1
57 0 U 56
58 1 U 57
59 0 U 58
60 1 U 59
61 1 U 26
62 1 U 61
63 0 U 62
64 0 U -1
65 1 U 64
66 0 U 65
67 0 U 66
68 1 U 67
69 1 U 68
70 0 U 69
71 1 U 70
72 0 U -1
73 0 U 72
74 1 U 73
75 1 U 74
76 1 U 75
77 1 L 42
78 0 U 77
79
0 1 U -1
1 1 U 0
2 0 U 1
3 1 U 2
4 1 U 3
5 1 U 4
6 0 U 5
7 1 U 2
8 0 U -1
9 1 L 0
10 1 U 9
11 0 U 10
12 1 U 11
13 1 U 12
14 1 U 13
15 1 U 14
16 1 U -1
17 0 U 16
18 0 U 17
19 1 U 18
20 1 U 19
21 1 U 20
22 0 U 21
23 1 U 22
24 0 U -1
25 1 U 24
26 0 U 25
27 0 U 26
28 1 L -1
29 1 U 28
30 1 U 29
31 0 L 4
32 0 U -1
33 1 U 32
34 0 U 33
35 1 U 12
36 1 U 35
37 0 U 36
38 1 U 37
39 1 U 38
40 1 U -1
41 1 U 40
42 1 U 5
43 0 U 42
44 1 U 43
45 0 U 44
46 0 U 45
47 1 U 46
48 0 U 5
49 0 U 48
50 0 L 0
51 0 U 50
52 0 U 51
53 0 L 12
54 1 U 53
55 0 L 0
56 1 U -1
57 0 U 56
58 1 U 57
59 0 U 58
60 1 U 59
61 0 U 41
62 1 U 61
63 1 U 43
64 0 U -1
65 1 U 64
66 0 U 65
67 0 U 66
68 1 U 67
69 1 L 42
70 0 U 69
71 1 U 70
72 0 U -1
73 0 U 72
74 1 U 73
75 1 U 74
76 1 U 75
77 1 L 42
78 0 U 77
79
0 1 U -1
1 1 U 0
2 0 U 1
3 1 U 2
4 1 U 3
5 1 U 4
6 0 U 5
7 1 U 2
8 0 U -1
9 1 U 8
10 0 L 0
11 0 U 10
12 1 U 11
13 1 U 12
14 1 U 13
15 1 U 14
16 1 U -1
17 0 U 16
18 0 U 17
19 1 U 18
20 0 U 12
21 1 U 20
22 0 U 21
23 1 U 22
24 0 U -1
25 1 U 24
26 0 U 25
27 0 U 26
28 0 U 27
29 1 U 28
30 1 U 29
31 0 U 3
32 0 U -1
33 1 U 32
34 0 U 33
35 1 U 31
36 1 U 35
37 0 U 36
38 1 U 37
39 1 U 38
40 1 U -1
41 1 U 40
42 1 U 5
43 0 U 42
44 0 L 9
45 0 U 44
46 0 U 45
47 1 U 46
48 1 U -1
49 0 U 48
50 0 L 0
51 0 U 50
52 0 U 51
53 0 L 38
54 1 U 53
55 1 L 3
56 1 U -1
57 0 U 56
58 1 U 57
59 0 U 58
60 1 U 2
61 1 U 26
62 1 U 61
63 0 U 62
64 0 U -1
65 1 U 64
66 0 U 65
67 0 U 55
68 0 U 9
69 1 U 68
70 0 U 69
71 1 U 70
72 0 U -1
73 0 U 72
74 1 U 73
75 1 U 74
76 1 U 75
77 1 L 42
78 0 U 77
79
0 1 U -1
1 1 U 0
2 0 U 1
3 1 U 2
4 1 U 3
5 1 U 4
6 0 U 5
7 1 U 2
8 0 U -1
9 1 U 8
10 1 L 2
11 0 U 10
12 1 U 11
13 0 L 2
14 1 U 13
15 1 U 14
16 1 U -1
17 0 L 10
18 0 U 17
19 1 U 18
20 1 U 19
21 1 U 20
22 0 U 21
23 1 U 22
24 1 L 1
25 1 U 24
26 0 U 25
27 0 U 26
28 0 U 27
29 1 U 28
30 1 U 29
31 0 U 30
32 1 U 25
33 1 U 32
34 0 U 33
35 0 U 34
36 1 U 35
37 0 U 36
38 0 U 8
39 1 U 38
40 1 U -1
41 1 U 40
42 1 U 5
43 0 U 42
44 1 U 43
45 0 U 44
46 0 U 45
47 0 U 33
48 1 U -1
49 1 L 36
50 0 L 0
51 0 U 50
52 0 U 51
53 0 L 38
54 1 L 21
55 1 L 3
56 1 U -1
57 0 U 56
58 1 L 21
59 0 U 58
60 1 U 59
61 1 U 26
62 1 U 61
63 0 U 62
64 0 U -1
65 1 U 2
66 0 U 65
67 0 U 66
68 1 U 67
69 1 U 68
70 0 U 69
71 1 U 70
72 0 U -1
73 0 U 72
74 1 U 73
75 1 U 74
76 1 U 75
77 1 L 42
78 0 U 77
79
0 1 U -1
1 1 U 0
2 0 U 1
3 1 U 2
4 1 U 3
5 1 U 4
6 0 U 5
7 1 U 2
8 0 U -1
9 1 U 8
10 1 U 9
11 0 U 10
12 1 U 11
13 0 U 6
14 1 U 13
15 1 U 7
16 1 U -1
17 0 U 16
18 0 U 17
19 1 U 18
20 1 U 19
21 1 U 20
22 0 U 21
23 1 U 22
24 0 U -1
25 1 U 24
26 0 U 25
27 0 U 26
28 0 U 27
29 1 U 28
30 1 U 29
31 0 U 11
32 0 U -1
33 1 U 32
34 0 U 33
35 0 L 19
36 1 U 35
37 0 U 36
38 1 U 37
39 1 U 38
40 1 U -1
41 1 U 40
42 1 U 5
43 0 U 42
44 1 U 32
45 0 U 44
46 0 U 45
47 1 U 46
48 1 U -1
49 0 U 48
50 0 L 0
51 0 U 50
52 0 U 51
53 0 L 38
54 1 U 53
55 1 L 3
56 1 U -1
57 0 U 56
58 1 U 42
59 0 U 58
60 1 U 59
61 1 U 26
62 1 U 61
63 1 U 19
64 0 U -1
65 1 U 64
66 0 U 65
67 0 U 66
68 1 U 67
69 1 U 68
70 0 U 69
71 1 U 70
72 0 U -1
73 0 U 72
74 1 U 73
75 1 U 74
76 1 U 75
77 1 L 42
78 0 U 77
79
0 1 U -1
1 0 U -1
2 0 U 1
3 1 U 2
4 1 U 3
5 1 U 4
6 0 U 5
7 1 U 2
8 0 U -1
9 1 U 8
10 0 L 8
11 1 U -1
12 1 U 11
13 1 U 12
14 1 U 13
15 1 U 14
16 1 U -1
17 0 U 16
18 0 U 17
19 1 U 18
20 1 U 19
21 1 U 20
22 0 U 21
23 1 U 22
24 0 U -1
25 1 U 24
26 0 U 25
27 0 L 16
28 0 U 27
29 1 U 28
30 1 U 29
31 0 U 30
32 0 U -1
33 1 U 32
34 0 U 33
35 0 U 34
36 1 U 35
37 0 U 36
38 1 U 37
39 1 U 38
40 1 U -1
41 0 L 39
42 1 U 5
43 0 U 42
44 1 U 43
45 0 U 44
46 0 U 45
47 1 U 46
48 1 U -1
49 0 U 48
50 0 L 0
51 0 U 50
52 0 U 51
53 1 U 6
54 1 U 53
55 1 L 3
56 1 U 42
57 0 U 56
58 1 U 57
59 0 U 58
60 1 U 59
61 1 U 26
62 1 U 61
63 0 U 62
64 0 L 61
65 1 U 64
66 0 U 65
67 0 U 66
68 1 U 67
69 1 U 68
70 0 U 69
71 1 U 70
72 0 U -1
73 0 U 72
74 1 U 73
75 1 U 74
76 1 U 75
77 1 L 42
78 0 U 77
79
0 1 U -1
1 1 U 0
2 0 U 1
3 1 U 2
4 0 U 2
5 1 U 4
6 0 U 5
7 1 U 2
8 0 U -1
9 1 U 8
10 1 U 9
11 0 U 10
12 1 U 11
13 1 U 12
14 1 U 13
15 0 U -1
16 1 U -1
17 0 U 16
18 0 U 17
19 1 U 18
20 1 U 19
21 1 U 20
22 0 U 21
23 1 U 22
24 0 L 2
25 0 U 16
26 0 U 25
27 0 U 26
28 0 U 27
29 1 U 28
30 1 U 29
31 0 U 30
32 0 U -1
33 0 U 7
34 0 U 33
35 0 U 34
36 1 U 35
37 0 U 36
38 1 U 37
39 1 U 38
40 1 U -1
41 1 U 40
42 1 L 34
43 0 U 42
44 1 U 43
45 0 U 44
46 0 U 45
47 1 U 46
48 1 U -1
49 0 U 48
50 0 L 0
51 0 U 50
52 0 U 51
53 0 L 38
54 1 U 53
55 1 L 3
56 1 U -1
57 0 U 56
58 1 U 57
59 0 U 58
60 1 U 59
61 1 U 26
62 1 U 61
63 0 U 62
64 0 U -1
65 1 U 64
66 0 U 65
67 0 U 66
68 1 U 67
69 1 U 68
70 0 U 69
71 1 U 70
72 0 U -1
73 0 U 72
74 1 U 73
75 1 U 74
76 1 U 75
77 1 L 42
78 0 U 77
79
0 1 U -1
1 1 U 0
2 0 U 1
3 1 U 2
4 1 U 3
5 1 U 4
6 0 L 1
7 1 U 2
8 0 U -1
9 1 U 8
10 1 U 9
11 0 U 10
12 1 U 11
13 1 U 12
14 1 U 13
15 0 U 7
16 1 U -1
17 0 U 16
18 0 U 17
19 1 U 18
20 1 L 9
21 1 U 20
22 0 U 21
23 1 U 22
24 0 U -1
25 1 U 24
26 0 U 25
27 0 U 26
28 0 U 27
29 1 U 28
30 1 U 29
31 1 U 18
32 0 U 15
33 1 U 32
34 0 U 33
35 0 U 34
36 1 U 35
37 0 U 36
38 1 U 37
39 1 U 38
40 1 U -1
41 1 U 40
42 1 U 5
43 0 U 42
44 1 U 43
45 0 U 44
46 0 U 45
47 1 U 46
48 1 U -1
49 0 U 48
50 0 L 0
51 0 U 50
52 0 U 51
53 0 L 38
54 1 U 53
55 1 L 3
56 1 U -1
57 0 U 56
58 1 L 2
59 0 U 58
60 1 U 59
61 1 U 26
62 0 L 0
63 0 U 62
64 0 U -1
65 1 U 64
66 1 U 43
67 0 U 66
68 1 L 63
69 1 U 30
70 0 U 57
71 1 U 70
72 0 U -1
73 0 U 72
74 1 U 73
75 1 U 74
76 1 U 75
77 1 L 42
78 0 U 77
79
0 1 U -1
1 1 U 0
2 0 U 1
3 1 U 2
4 1 U 3
5 1 U 0
6 0 U 5
7 1 U 4
8 0 U -1
9 1 U 8
10 1 U 9
11 0 U 10
12 1 U 11
13 1 U 12
14 1 U 13
15 1 U 14
16 1 U -1
17 0 U 16
18 0 U 17
19 1 U 18
20 1 U 19
21 1 U 20
22 0 U 21
23 1 U 22
24 0 U -1
25 1 U 24
26 0 U 25
27 0 U 26
28 0 U 27
29 1 U 28
30 1 U 29
31 1 L 19
32 0 U 23
33 1 U 32
34 1 L 24
35 0 U 34
36 1 U 35
37 0 U 36
38 1 U 37
39 1 U 38
40 1 U -1
41 1 U 40
42 1 U 5
43 0 U 42
44 1 U 43
45 0 U 44
46 0 U 45
47 1 U 46
48 1 U -1
49 0 U 48
50 0 L 0
51 0 U 50
52 0 U 51
53 0 L 38
54 1 U 53
55 0 L 10
56 1 U -1
57 0 U 56
58 1 U 57
59 0 U 58
60 1 U 59
61 1 U 26
62 1 U 61
63 0 U 62
64 0 U -1
65 1 U 64
66 0 U 65
67 0 U 66
68 1 U 67
69 1 U 68
70 0 U 69
71 1 U 70
72 0 U -1
73 0 U 72
74 1 U 73
75 1 U 74
76 1 U 75
77 1 L 42
78 0 U 77
79
0 1 L -1
1 1 U 0
2 0 U 1
3 1 U 2
4 1 U 3
5 1 U 4
6 0 U 5
7 1 U 2
8 0 U 7
9 1 U 8
10 1 U 9
11 0 U 10
12 1 U 11
13 0 U 11
14 1 U -1
15 1 U 14
16 1 U -1
17 0 U 16
18 0 U 17
19 1 U 18
20 1 U 19
21 1 U 20
22 1 U 4
23 1 U 22
24 0 U -1
25 1 U 24
26 0 U 25
27 0 U 26
28 0 U 27
29 1 U 28
30 1 U 29
31 0 U 30
32 0 U 17
33 1 U 32
34 0 U 33
35 0 U 34
36 1 L 18
37 0 U 36
38 1 U 21
39 1 U 38
40 1 U -1
41 1 U 40
42 1 U 5
43 0 U 42
44 1 U 43
45 0 U 44
46 1 L 12
47 1 U 46
48 1 U -1
49 0 L 21
50 0 L 0
51 0 U 50
52 0 U 51
53 0 L 38
54 1 U 53
55 1 L 3
56 1 U -1
57 0 U 56
58 1 U 57
59 0 U 58
60 0 L 39
61 1 U 26
62 1 U 61
63 0 U 62
64 0 U -1
65 1 U 64
66 0 U 65
67 0 U 66
68 1 U 67
69 1 U 68
70 0 U 69
71 1 U 70
72 0 L 25
73 0 U 72
74 0 L 22
75 1 U 74
76 1 U 75
77 1 L 42
78 0 U 77
79
0 1 U -1
1 1 U 0
2 0 L 0
3 1 U 2
4 1 U 3
5 1 U 4
6 0 U 5
7 1 U 2
8 0 U -1
9 1 U 8
10 1 U 9
11 0 U 10
12 1 U 11
13 1 U 12
14 0 L 4
15 1 U 14
16 1 U -1
17 0 U 16
18 0 U 17
19 1 U 18
20 1 U 19
21 1 U 20
22 0 U 21
23 1 U 22
24 0 U -1
25 1 U 24
26 0 U 25
27 0 U 26
28 0 U 27
29 1 U 28
30 1 U 29
31 0 U 30
32 0 U -1
33 1 U 32
34 0 U 33
35 0 U 34
36 1 U 35
37 0 U 36
38 1 U 37
39 1 U 38
40 1 U -1
41 1 U 40
42 1 U 5
43 0 U 42
44 1 U 43
45 0 U 44
46 0 U 45
47 1 U 46
48 1 U -1
49 0 U 48
50 0 L 0
51 0 U 50
52 0 U 51
53 0 L 38
54 1 U 53
55 1 L 3
56 1 U -1
57 0 U 56
58 1 U 57
59 0 U 58
60 1 U 59
61 1 U 26
62 1 U 61
63 0 U 62
64 0 U -1
65 1 U 64
66 1 U 39
67 1 L 50
68 1 U 67
69 1 U 68
70 0 U 69
71 1 U 70
72 0 U -1
73 0 U 72
74 1 U 73
75 1 U 74
76 1 U 75
77 1 L 42
78 1 L 65
79
0 0 L -1
1 1 U 0
2 0 U 1
3 1 U 2
4 1 U 3
5 1 U 4
6 0 U 5
7 1 U 2
8 0 U 7
9 1 U 8
10 1 L -1
11 0 U 10
12 1 U 11
13 1 U 12
14 1 U 13
15 0 L 4
16 1 U -1
17 0 U 16
18 0 U 17
19 1 U 18
20 1 U 19
21 0 L 2
22 0 U 21
23 1 U 22
24 0 U -1
25 1 U 24
26 0 U 25
27 0 U 26
28 0 U 27
29 1 U 28
30 0 U -1
31 0 U 30
32 0 U -1
33 1 U 19
34 0 U 1
35 0 U 34
36 1 U 35
37 0 U 36
38 1 U 37
39 1 U 38
40 1 U -1
41 1 U 40
42 1 U 5
43 0 U 42
44 1 L 31
45 0 U 44
46 0 U 45
47 1 U 46
48 1 U -1
49 0 U 48
50 0 L 0
51 0 U 50
52 0 U 51
53 0 L 38
54 1 U 53
55 1 L 3
56 1 U -1
57 0 U 56
58 1 U 57
59 0 U 58
60 1 U 59
61 1 U 26
62 1 U 61
63 0 U 62
64 0 U -1
65 1 U 64
66 0 U 65
67 0 U 66
68 1 U 67
69 1 U 68
70 0 U 69
71 1 L 15
72 0 U -1
73 0 U 24
74 1 U 73
75 1 U 74
76 1 U 75
77 1 L 12
78 0 U 45
79
0 1 U -1
1 1 U 0
2 0 U 1
3 1 U 2
4 1 U 3
5 1 U 4
6 0 U 5
7 1 U 5
8 0 U -1
9 1 U 8
10 1 U 9
11 0 U 10
12 1 U 11
13 1 U 12
14 1 U 13
15 1 U 14
16 1 U -1
17 0 U 16
18 0 U 17
19 1 U 18
20 1 U 19
21 1 U 20
22 0 U 21
23 1 U 22
24 0 U -1
25 1 U 24
26 0 U 8
27 0 U 26
28 0 U 27
29 1 U 28
30 0 L 16
31 0 U 30
32 0 U -1
33 0 U 5
34 0 U 33
35 0 U 34
36 1 U 35
37 0 U 36
38 1 U 37
39 1 U 38
40 1 U -1
41 1 U 40
42 1 U 5
43 1 U 18
44 1 U 43
45 0 U 44
46 0 U 45
47 0 U 40
48 1 U -1
49 0 U 48
50 0 L 0
51 0 U 50
52 0 U 51
53 0 L 38
54 1 U 53
55 1 L 3
56 1 U -1
57 0 U 56
58 1 U 57
59 0 U 58
60 1 U 59
61 1 U 26
62 1 U 61
63 0 U 62
64 0 U -1
65 1 U 64
66 0 U 65
67 0 U 66
68 1 U 67
69 1 U 4
70 0 U 69
71 1 U 70
72 1 L 46
73 0 U 72
74 1 U 73
75 1 U 74
76 1 U 75
77 1 L 42
78 0 U 77
79
0 1 U -1
1 1 U 0
2 0 U 1
3 1 U 2
4 1 U 3
5 1 U 4
6 0 U 5
7 1 U 5
8 0 U -1
9 0 L 3
10 1 U 9
11 0 U 10
12 1 U 11
13 1 U 12
14 1 U 13
15 0 U 4
16 1 U -1
17 0 U 16
18 0 U 17
19 1 U 18
20 1 U 19
21 1 U 20
22 0 U 21
23 1 U 22
24 0 U 5
25 1 U 24
26 0 U 8
27 0 U 26
28 0 U 27
29 1 U 28
30 0 L 16
31 0 U 30
32 0 U -1
33 0 U 5
34 0 U 33
35 0 U 34
36 1 L 7
37 0 U 36
38 1 U 37
39 1 U 38
40 0 U 19
41 1 L 26
42 1 U 5
43 1 U 18
44 1 L 34
45 1 U 10
46 0 U 45
47 0 L 8
48 1 U -1
49 0 U 48
50 0 L 0
51 0 U 50
52 0 U 51
53 0 L 38
54 0 L 39
55 1 L 3
56 0 U 34
57 0 U 56
58 1 U 57
59 0 U 58
60 1 U 59
61 1 U 26
62 0 L 34
63 0 U 62
64 0 U 14
65 1 U 64
66 0 U 65
67 0 U 66
68 1 U 67
69 1 U 4
70 0 U 69
71 1 U 70
72 1 L 46
73 0 U 72
74 1 U 73
75 1 U 74
76 1 U 75
77 1 L 42
78 0 U 77
79
0 1 U -1
1 1 U 0
2 0 U 1
3 1 U 2
4 1 U 3
5 1 U 4
6 0 U 5
7 0 L 4
8 0 U -1
9 1 U 8
10 1 U 9
11 0 L 8
12 1 U 11
13 1 U 12
14 1 U 13
15 1 U 14
16 1 U -1
17 0 U 16
18 0 U 17
19 1 U 18
20 1 U 15
21 1 U 20
22 0 U 21
23 1 U 22
24 0 U -1
25 0 U 18
26 0 U 8
27 0 U 26
28 0 U 27
29 1 U 28
30 0 L 16
31 0 U 30
32 0 U -1
33 0 U 5
34 0 U 33
35 0 U 34
36 1 U 35
37 0 L 22
38 1 U 37
39 1 U 38
40 1 U -1
41 1 U 40
42 1 U 5
43 1 U 19
44 1 U 43
45 0 U 44
46 0 U 45
47 0 U 40
48 1 U -1
49 0 U 19
50 1 U 24
51 0 U 50
52 0 U 51
53 0 L 38
54 1 U 53
55 1 L 3
56 1 U -1
57 0 U 56
58 1 U 57
59 0 U 58
60 1 U 59
61 1 U 26
62 1 U 61
63 0 U 62
64 0 L 33
65 1 L 36
66 0 U 65
67 0 U 66
68 1 U 67
69 1 U 4
70 0 U 69
71 1 U 70
72 1 L 46
73 0 U 72
74 1 U 73
75 1 U 74
76 1 U 75
77 1 L 42
78 0 U 77
79
0 1 U -1
1 1 U 0
2 0 U 1
3 1 U 2
4 1 U 3
5 1 U 4
6 0 U 5
7 1 U 5
8 0 U -1
9 1 U 8
10 1 U 9
11 0 U 4
12 1 U 11
13 0 U 0
14 1 U 13
15 1 U 14
16 1 U -1
17 0 U 16
18 0 U 17
19 1 U 18
20 1 U 19
21 1 U 20
22 0 U 21
23 1 U 22
24 0 U 21
25 1 U 24
26 0 U 8
27 0 U 26
28 0 U 27
29 1 U 28
30 0 L 16
31 1 L 26
32 0 U -1
33 0 U 5
34 0 U 33
35 0 U 34
36 1 U 35
37 0 U 36
38 1 U 37
39 1 U 38
40 1 U -1
41 0 L -1
42 1 U 5
43 1 U 18
44 1 U 43
45 0 U 44
46 0 U 45
47 0 U 40
48 1 L 19
49 0 U 48
50 0 L 0
51 0 U 50
52 0 U 51
53 0 L 38
54 1 U 53
55 1 L 3
56 1 U -1
57 0 U 56
58 1 U 57
59 0 U 58
60 1 U 59
61 1 U 26
62 1 U 61
63 0 U 62
64 0 U -1
65 1 U 64
66 0 U 65
67 0 U 66
68 1 U 67
69 1 U 4
70 1 U 66
71 1 U 70
72 1 L 46
73 0 U 72
74 1 U 73
75 1 U 74
76 1 U 75
77 0 U 70
78 0 U 77
79
0 1 U -1
1 1 U 0
2 0 U 1
3 1 U 2
4 1 U 3
5 1 U 4
6 1 U 1
7 1 U 5
8 0 U -1
9 1 U 8
10 1 U 9
11 0 U 10
12 1 U 11
13 1 U 12
14 1 U 13
15 1 U 14
16 1 U -1
17 0 U 16
18 0 U 17
19 1 U 18
20 1 U 19
21 1 U 20
22 0 U 21
23 1 U 22
24 0 U -1
25 1 U 24
26 0 U 8
27 0 U 26
28 0 U 27
29 1 U 9
30 0 L 16
31 0 U 30
32 0 U -1
33 0 U 5
34 0 U 33
35 0 U 34
36 1 U 35
37 1 L 16
38 1 U 37
39 1 U 38
40 0 U 18
41 1 U 40
42 1 U 5
43 1 U 18
44 1 U 43
45 0 U 44
46 0 U 45
47 0 U 40
48 1 U -1
49 0 U 48
50 0 L 0
51 0 U 50
52 0 U 51
53 0 L 20
54 1 U 53
55 1 L 3
56 1 U -1
57 0 U 56
58 0 U 7
59 0 U 58
60 1 U 59
61 1 U 26
62 1 U 61
63 0 U 62
64 0 U -1
65 1 U 64
66 0 U 65
67 0 U 66
68 1 U 6
69 1 U 4
70 0 U 69
71 1 U 70
72 1 L 46
73 0 U 72
74 1 U 73
75 1 U 74
76 1 U 75
77 1 L 42
78 0 U 77
79
0 1 U -1
1 1 U 0
2 0 U 1
3 1 U 2
4 1 U 3
5 1 U 4
6 0 U 5
7 0 L 5
8 0 U -1
9 1 U 8
10 1 L 1
11 0 U 10
12 1 U 11
13 1 U 12
14 1 U 13
15 1 U 14
16 1 U -1
17 0 U 16
18 0 U 17
19 1 U 18
20 1 U 19
21 1 U 20
22 0 U 21
23 0 L 20
24 0 U -1
25 1 U 11
26 0 U 8
27 1 U 6
28 1 U 19
29 1 U 28
30 0 L 16
31 0 U 30
32 0 U -1
33 0 U 5
34 0 U 33
35 0 U 34
36 1 L 34
37 0 U 36
38 1 U 37
39 1 U 38
40 1 U -1
41 1 U 40
42 1 U 5
43 1 U 18
44 0 L 5
45 0 U 44
46 0 U 45
47 0 U 40
48 1 U -1
49 0 U 48
50 0 L 0
51 0 U 50
52 0 U 51
53 0 L 38
54 1 U 53
55 1 L 3
56 1 L 42
57 0 U 56
58 1 U 57
59 0 U 58
60 1 U 59
61 1 U 26
62 1 U 61
63 0 U 62
64 0 U -1
65 1 U 32
66 0 U 65
67 0 U 66
68 1 U 67
69 1 U 4
70 0 U 69
71 1 U 70
72 1 L 46
73 0 U 72
74 1 U 73
75 0 U 54
76 1 U 75
77 1 L 42
78 0 U 77
79
0 0 L -1
1 1 U 0
2 0 U 1
3 1 U 2
4 1 U 3
5 1 U 4
6 0 U 5
7 1 U 5
8 0 U -1
9 1 U 8
10 1 U 9
11 0 U 10
12 1 U 11
13 1 U 12
14 1 U 13
15 1 U 14
16 1 U -1
17 0 U 16
18 0 U 17
19 1 U 18
20 1 U 19
21 1 U 20
22 0 U 21
23 1 U 22
24 0 U -1
25 1 U 24
26 0 U 8
27 0 U 26
28 0 U 27
29 1 U 28
30 0 L 16
31 1 L 27
32 0 U -1
33 0 U 5
34 0 U 33
35 0 L 34
36 1 U 35
37 0 U 33
38 1 U 37
39 1 U 38
40 1 U -1
41 0 L 25
42 1 U 5
43 1 U 18
44 1 U 43
45 0 U 44
46 0 U 45
47 0 U 40
48 1 U -1
49 0 U 48
50 1 U 44
51 0 U 50
52 0 U 51
53 0 L 38
54 1 U 53
55 1 L 3
56 1 U -1
57 0 U 56
58 1 U 57
59 0 U 58
60 1 U 59
61 1 U 26
62 1 U 61
63 0 U 62
64 0 U -1
65 1 U 64
66 0 U 65
67 0 U 66
68 1 U 67
69 1 U 4
70 0 U 69
71 1 U 70
72 1 L 46
73 1 U 12
74 1 U 73
75 1 U 74
76 1 U 75
77 1 L 13
78 0 L 69
79
0 0 L -1
1 1 U 0
2 0 U -1
3 1 U 2
4 1 U 3
5 1 U 4
6 0 U 5
7 1 U 5
8 0 U -1
9 1 U 5
10 1 U 9
11 1 L 9
12 1 U 11
13 1 U 12
14 1 U 13
15 1 U 14
16 1 U -1
17 0 U 16
18 0 U 17
19 1 U 18
20 1 U 19
21 1 U 20
22 0 U 21
23 1 U 22
24 0 U -1
25 1 U 24
26 0 L 23
27 0 U 26
28 0 U 27
29 1 U 28
30 0 L 16
31 1 L 27
32 0 U -1
33 0 U 5
34 0 U 33
35 0 L 34
36 1 U 35
37 0 U 33
38 1 L 8
39 1 U 38
40 0 U 1
41 0 L 25
42 1 U 5
43 1 U 18
44 1 U 43
45 0 U 44
46 0 U 45
47 0 U 40
48 1 U -1
49 0 U 48
50 1 U 44
51 0 U 50
52 0 U 51
53 0 L 38
54 1 U 53
55 1 L 3
56 1 U -1
57 0 U 56
58 1 U 57
59 0 U 58
60 1 U 59
61 1 U 26
62 1 U 61
63 0 U 62
64 0 U -1
65 1 U 64
66 0 U 65
67 0 U 66
68 1 U 67
69 1 U 4
70 0 U 69
71 1 U 70
72 1 L 46
73 1 U 12
74 1 U 73
75 0 U 60
76 1 U 75
77 1 L 13
78 0 L 69
79
0 0 L -1
1 1 U 0
2 0 U 1
3 1 L -1
4 1 U 3
5 1 L 1
6 0 U 5
7 1 U 5
8 0 U -1
9 1 U 8
10 1 U 9
11 0 U 10
12 1 U 11
13 0 U 4
14 1 U 13
15 1 U 14
16 1 U -1
17 0 U 16
18 0 U 17
19 1 U 18
20 1 L 10
21 1 U 20
22 0 U 21
23 1 U 22
24 0 U -1
25 1 U 24
26 0 U 8
27 0 U 26
28 0 U 27
29 1 U 28
30 0 L 16
31 1 U 15
32 0 U -1
33 0 U 5
34 0 U 33
35 0 L 34
36 1 U 35
37 0 U 33
38 1 U 37
39 1 U 38
40 1 U -1
41 0 L 25
42 1 U 5
43 1 U 26
44 1 U 43
45 0 U 44
46 0 U 45
47 0 U 40
48 1 U -1
49 0 U 31
50 1 U 44
51 0 U 50
52 0 U 51
53 0 L 38
54 1 U 53
55 1 L 3
56 1 U -1
57 0 U 56
58 1 U 57
59 0 U 58
60 1 U 59
61 1 U 26
62 1 U 61
63 0 U 62
64 0 U -1
65 1 U 64
66 0 U 65
67 0 U 66
68 1 U 67
69 1 U 4
70 0 U 69
71 1 U 70
72 1 L 46
73 1 U 12
74 1 U 73
75 1 U 74
76 1 U 75
77 1 L 13
78 0 L 69
79
0 0 L -1
1 1 U 0
2 0 U 1
3 1 U 2
4 1 U 3
5 1 U 4
6 0 U 5
7 1 U 5
8 0 L 4
9 1 U 8
10 1 U 9
11 0 U 10
12 1 U 11
13 1 U 12
14 1 U 13
15 1 U 14
16 1 U -1
17 0 U 16
18 0 U 17
19 1 U 18
20 1 U 19
21 1 U 20
22 0 U 21
23 1 U 22
24 0 U -1
25 1 U 24
26 0 U 3
27 0 U 26
28 0 U 27
29 1 U 28
30 0 L 16
31 1 L 27
32 0 U -1
33 0 U 5
34 0 U 33
35 0 L 34
36 1 U 35
37 0 U 33
38 1 U 37
39 1 U 38
40 1 U -1
41 0 L 25
42 1 U 5
43 1 U 18
44 1 U 43
45 0 U 44
46 0 U 45
47 0 U 40
48 1 U -1
49 0 U 48
50 1 U 44
51 0 U 50
52 0 U 51
53 0 L 38
54 1 U 53
55 1 L 3
56 1 U -1
57 0 U 56
58 1 U 57
59 0 L 55
60 0 L 23
61 1 U 26
62 1 U 61
63 0 U 62
64 0 U -1
65 0 L 64
66 0 U 65
67 0 U 48
68 1 U 67
69 1 U 4
70 0 U 69
71 1 U 70
72 1 L 46
73 1 L 60
74 1 U 73
75 1 U 74
76 1 U 75
77 1 L 13
78 0 L 69
79
0 1 U -1
1 1 U 0
2 0 U 1
3 1 U 2
4 1 U 3
5 1 U 4
6 0 U 5
7 1 U 5
8 0 U -1
9 1 U 8
10 1 U 9
11 0 U 10
12 1 U 11
13 1 U 12
14 1 U 13
15 1 U 14
16 1 U -1
17 0 U 16
18 0 L 0
19 1 U 18
20 1 U 19
21 1 U 20
22 0 U 21
23 1 U 22
24 0 U -1
25 1 U 24
26 0 U 8
27 0 U 26
28 0 U 27
29 1 U 28
30 0 L 16
31 1 L 27
32 0 U -1
33 0 U 5
34 0 U 33
35 0 L 34
36 1 U 35
37 0 U 33
38 1 U 37
39 1 U 38
40 1 U -1
41 0 L 25
42 1 U 5
43 1 U 18
44 1 U 43
45 0 U 44
46 0 U 45
47 0 U 40
48 1 U -1
49 0 U 48
50 1 U 44
51 0 U 50
52 0 U 51
53 0 L 38
54 1 U 53
55 1 L 3
56 1 U -1
57 0 U 56
58 1 U 57
59 0 U 58
60 1 U 59
61 1 U 26
62 1 U 61
63 0 U 62
64 0 U -1
65 1 U 64
66 0 U 65
67 0 U 66
68 1 U 67
69 1 U 4
70 0 U 69
71 1 U 70
72 1 U 6
73 1 U 12
74 1 U 73
75 1 L 63
76 0 U 16
77 1 L 13
78 0 L 69
79
0 0 L -1
1 1 U 0
2 1 U 1
3 1 U 2
4 1 U 3
5 1 U 4
6 0 U 5
7 1 U 5
8 0 U -1
9 1 U 8
10 1 U 9
11 0 U 10
12 1 U 11
13 1 U 12
14 1 U 13
15 1 U 14
16 1 U -1
17 0 U 16
18 1 L 3
19 1 U 18
20 1 U 19
21 1 U 20
22 0 U 21
23 1 U 22
24 0 U -1
25 1 U 24
26 0 U 8
27 0 L 3
28 0 U 27
29 1 U 28
30 1 L 29
31 1 L 27
32 0 U -1
33 0 U 5
34 0 U 16
35 0 L 34
36 1 U 35
37 0 U 33
38 1 U 37
39 1 U 38
40 1 U -1
41 0 L 25
42 1 U 5
43 1 U 18
44 1 U 43
45 0 U 44
46 0 U 45
47 0 U 40
48 1 U -1
49 0 U 48
50 1 U 44
51 0 U 50
52 0 U 51
53 0 L 38
54 1 U 53
55 1 L 3
56 1 U -1
57 0 U 56
58 1 U 57
59 0 U 58
60 1 U 59
61 1 U 26
62 1 U 61
63 0 U 62
64 1 U 53
65 1 U 64
66 1 U 19
67 0 U 66
68 1 U 67
69 1 U 4
70 0 U 69
71 1 U 70
72 1 L 46
73 1 U 12
74 1 U 73
75 1 U 74
76 1 U 75
77 1 L 13
78 0 L 69
79
0 0 L -1
1 1 U 0
2 0 U 1
3 1 U 2
4 0 U 3
5 1 U 4
6 0 U 5
7 1 U 5
8 0 U -1
9 1 U 8
10 0 L 6
11 0 U 10
12 1 U 11
13 1 U 12
14 1 U -1
15 1 U 14
16 1 U -1
17 0 U 10
18 0 U 17
19 1 U 18
20 1 U 19
21 1 U 20
22 0 U 21
23 1 L 13
24 0 U -1
25 1 U 24
26 0 U 8
27 0 U 26
28 0 U 27
29 1 U 28
30 0 L 16
31 1 L 27
32 0 U -1
33 1 L 27
34 0 U 33
35 0 L 34
36 1 U 35
37 0 U 33
38 1 U 37
39 1 U 38
40 0 U 12
41 0 U 28
42 1 U 5
43 1 U 18
44 1 U 43
45 0 U 44
46 0 U 45
47 0 U 40
48 1 U -1
49 0 U 48
50 1 U 44
51 0 U 50
52 0 U 51
53 1 U 19
54 1 U 53
55 1 L 3
56 1 U -1
57 0 U 56
58 1 L 52
59 0 U 58
60 1 U 59
61 1 U 26
62 1 U 61
63 0 U 62
64 0 U -1
65 1 U 64
66 0 U 65
67 0 U 66
68 1 U 67
69 1 U 4
70 1 L 0
71 1 U 70
72 1 L 46
73 1 U 12
74 1 U 73
75 1 L 54
76 1 U 75
77 1 L 13
78 0 L 69
79
0 0 L -1
1 1 U 0
2 0 U 1
3 1 U 2
4 1 U 3
5 1 U 4
6 0 U 5
7 1 L 6
8 0 U -1
9 1 U 8
10 1 U 9
11 0 U 10
12 1 U 11
13 1 U 12
14 1 U 13
15 0 U 2
16 1 U -1
17 0 U 16
18 0 U 17
19 1 U 18
20 1 U 19
21 0 L 20
22 0 U 21
23 1 L -1
24 0 U -1
25 1 U 24
26 0 U 8
27 0 U 26
28 0 U 27
29 1 U 28
30 0 L 16
31 1 L 27
32 0 U -1
33 0 U 5
34 0 U 33
35 0 L 34
36 1 U 35
37 0 U 33
38 1 U 37
39 1 U 38
40 1 U -1
41 0 L 25
42 0 L 29
43 1 U 18
44 1 U 43
45 0 U 44
46 0 U 45
47 0 U 40
48 1 U -1
49 0 U 48
50 1 U 44
51 0 U 50
52 0 U 51
53 0 L 38
54 1 U 53
55 1 L 3
56 1 U -1
57 0 L 52
58 1 U 57
59 0 U 58
60 1 U 59
61 1 U 26
62 1 U 61
63 0 U 62
64 0 U -1
65 1 U 64
66 0 U 65
67 0 U 66
68 0 U 15
69 1 U 4
70 0 U 69
71 1 U 70
72 1 L 46
73 1 U 12
74 1 U 73
75 1 U 74
76 1 U 75
77 1 L 13
78 0 L 69
79
0 1 L -1
1 1 U 0
2 0 U 1
3 0 L -1
4 1 U 3
5 1 U 4
6 0 U 5
7 1 L 0
8 0 U -1
9 1 U 8
10 1 U 9
11 0 U 10
12 1 U 11
13 0 L 0
14 1 U 13
15 1 U 14
16 1 U -1
17 0 U 16
18 0 U 17
19 1 U 18
20 1 U 19
21 1 U 20
22 0 U 21
23 1 U 22
24 1 U 3
25 1 U 24
26 0 U 8
27 0 U 26
28 0 U 27
29 0 U 9
30 0 L 16
31 1 L 27
32 0 U -1
33 0 U 5
34 0 L 32
35 0 L 34
36 1 U 35
37 0 U 33
38 1 U 37
39 1 U 38
40 1 U -1
41 0 L 25
42 1 U 5
43 1 U 18
44 1 U 43
45 0 U 44
46 0 U 45
47 0 U 40
48 1 U -1
49 0 U 48
50 1 U 44
51 0 U 50
52 0 U 51
53 0 L 38
54 1 U 53
55 1 L 3
56 0 L 9
57 0 U 56
58 1 U 57
59 1 U 31
60 1 U 59
61 1 U 26
62 1 U 61
63 0 U 62
64 0 U 6
65 1 L 38
66 0 U 65
67 0 U 66
68 1 U 67
69 1 U 4
70 0 U 69
71 1 U 70
72 1 L 46
73 1 U 12
74 1 U 73
75 1 L 19
76 1 U 75
77 1 L 13
78 0 L 69
79
0 0 L -1
1 1 U 0
2 1 U 1
3 1 U 2
4 1 U 3
5 1 U 4
6 0 U 5
7 1 U 5
8 0 U -1
9 1 U 8
10 1 U 9
11 0 U 10
12 1 U 11
13 1 U 12
14 1 U 13
15 1 U 14
16 1 U -1
17 0 U 16
18 0 U 17
19 1 U 18
20 1 U 19
21 1 U 20
22 0 U 21
23 1 U 22
24 0 U -1
25 1 U 24
26 0 U 8
27 0 U 26
28 0 U 27
29 1 U 28
30 0 L 16
31 1 L 27
32 0 U -1
33 0 U 5
34 0 U 33
35 0 L 34
36 1 U 35
37 0 U 33
38 1 U 37
39 1 U 38
40 0 U 10
41 0 L 25
42 1 U 5
43 0 U 32
44 1 U 43
45 0 U 44
46 0 U 45
47 0 U 40
48 1 U -1
49 0 U 48
50 1 U 44
51 0 U 50
52 1 U 2
53 0 L 38
54 1 U 53
55 1 L 3
56 1 U -1
57 0 U 56
58 1 U 57
59 0 U 58
60 1 U 59
61 1 U 26
62 1 U 61
63 0 U 62
64 0 U -1
65 1 U 64
66 0 U 65
67 0 U 66
68 1 U 67
69 1 U 4
70 0 U 69
71 1 U 70
72 1 L 46
73 1 U 12
74 1 U 73
75 1 U 74
76 1 U 75
77 1 L 13
78 0 L 69
79
0 0 L -1
1 1 U 0
2 0 U 1
3 1 U 2
4 1 U 3
5 1 U 4
6 0 U 5
7 1 U 5
8 0 U -1
9 1 U 8
10 1 U 9
11 0 U 10
12 1 U 11
13 1 L 10
14 1 U 13
15 1 U 14
16 1 U -1
17 0 U 16
18 0 U 17
19 0 U 18
20 1 U 19
21 1 U 20
22 0 U 21
23 1 U 22
24 0 U -1
25 1 U 24
26 0 U 8
27 0 U 26
28 0 U 27
29 1 U 28
30 0 L 16
31 1 L 27
32 0 U -1
33 0 U 5
34 0 U 33
35 0 L 34
36 1 L 1
37 0 U 33
38 1 U 37
39 1 L 30
40 1 U -1
41 0 L 25
42 1 U 5
43 1 U 18
44 1 U 43
45 0 U 44
46 0 U 45
47 0 U 40
48 1 U -1
49 1 L 47
50 1 U 44
51 0 U 50
52 0 U 51
53 0 L 38
54 1 U 53
55 1 L 3
56 1 U -1
57 0 U 56
58 1 U 57
59 0 U 58
60 1 U 59
61 1 U 26
62 1 U 61
63 1 L 22
64 0 U -1
65 1 U 64
66 0 U 65
67 0 U 66
68 1 U 67
69 1 U 4
70 0 U 69
71 1 U 70
72 1 L 46
73 1 U 12
74 1 U 73
75 1 U 74
76 0 U 7
77 1 L 13
78 0 L 69
79
0 0 L -1
1 1 U 0
2 0 U 1
3 1 U 2
4 0 U 3
5 1 U 4
6 0 U 5
7 0 L 6
8 0 U -1
9 0 U 2
10 1 U 9
11 0 U 10
12 1 U 11
13 1 U 12
14 1 U 13
15 0 U 10
16 1 U -1
17 0 U 16
18 0 U 17
19 1 U 18
20 1 U 19
21 1 U 20
22 0 U 21
23 1 U 22
24 0 U -1
25 1 U 24
26 0 U 8
27 0 U 26
28 0 U 27
29 1 U 28
30 0 L 16
31 1 L 27
32 0 U 31
33 0 U 5
34 0 U 33
35 0 L 34
36 1 U 35
37 0 U 33
38 0 L 14
39 1 U 38
40 1 U 19
41 0 L 25
42 1 U 5
43 1 U 18
44 1 U 43
45 0 L 18
46 0 U 45
47 0 U 40
48 1 U -1
49 0 U 48
50 1 U -1
51 0 U 50
52 0 U 51
53 0 L 38
54 0 U 40
55 1 L 3
56 1 U -1
57 0 U 56
58 1 U 57
59 0 U 0
60 1 U 59
61 1 U 26
62 1 U 61
63 0 U 62
64 0 U -1
65 1 U 64
66 0 U 65
67 1 U 64
68 1 U 67
69 1 L 46
70 0 U 69
71 1 U 70
72 1 L 46
73 1 U 12
74 1 U 73
75 1 U 74
76 1 U 75
77 1 L 13
78 0 L 69
79
0 0 L -1
1 1 U 0
2 0 U 1
3 1 U 2
4 1 U 3
5 1 U 4
6 0 U 5
7 1 U 5
8 0 U -1
9 1 U 8
10 1 L -1
11 0 U 10
12 1 U 11
13 1 U 12
14 1 U 13
15 1 U 14
16 1 U -1
17 0 U 16
18 0 U 17
19 1 U 18
20 1 U 19
21 1 U 20
22 0 U 21
23 1 U 22
24 0 U -1
25 1 U 24
26 0 U 8
27 0 U 26
28 0 U 27
29 1 U 28
30 0 L 16
31 1 L 27
32 0 U -1
33 0 U 5
34 0 U 33
35 0 L 34
36 1 U 35
37 0 U 33
38 1 U 37
39 1 U 38
40 1 U 11
41 0 U 10
42 1 U 5
43 1 U 18
44 1 U 43
45 0 U 44
46 0 U 45
47 0 U 40
48 1 U -1
49 0 U 48
50 1 U 44
51 0 U 50
52 1 U 17
53 0 L 38
54 1 U 53
55 1 L 3
56 1 U -1
57 1 L 13
58 1 U 57
59 0 U 58
60 1 U 59
61 1 U 26
62 1 U 61
63 0 U 62
64 0 U -1
65 1 U 64
66 0 U 65
67 0 U 66
68 1 U 67
69 1 L 53
70 0 U 69
71 1 U 70
72 1 L 46
73 1 U 12
74 1 U 73
75 1 U 74
76 1 U 75
77 1 L 13
78 0 L 69
79
0 0 L -1
1 1 U 0
2 1 L 0
3 1 U 2
4 1 U 3
5 1 U 4
6 0 U 5
7 1 U 5
8 0 U -1
9 1 U 8
10 1 U 9
11 0 U 10
12 1 U 11
13 1 U 12
14 1 U 13
15 1 U 14
16 1 U -1
17 0 U 16
18 0 U 1
19 1 U 18
20 1 U 19
21 1 U 20
22 0 U 21
23 1 U 22
24 0 U -1
25 1 U 24
26 0 U 8
27 1 L 11
28 1 L 14
29 1 U 28
30 0 L 16
31 1 L 27
32 0 U -1
33 0 U 5
34 0 U 24
35 0 L 34
36 1 U 3
37 0 U 33
38 1 U 37
39 1 U 38
40 1 U -1
41 0 L 25
42 0 U 6
43 1 U 18
44 1 U 43
45 0 U 44
46 0 U 45
47 0 U 40
48 1 U -1
49 0 U 48
50 1 U 44
51 0 U 50
52 0 U 51
53 0 L 38
54 1 U 53
55 1 L 3
56 1 U -1
57 0 U 56
58 1 U 57
59 1 U 4
60 1 U 59
61 1 U 26
62 1 U 61
63 0 U 62
64 0 U -1
65 1 U 64
66 0 U 65
67 0 U 66
68 1 U 67
69 1 U 4
70 0 U 69
71 1 U 70
72 1 L 46
73 1 U 12
74 1 U 73
75 1 U 74
76 0 U 67
77 1 L 13
78 0 L 69
79
0 0 L -1
1 1 U 0
2 0 U 1
3 1 U 2
4 1 U 3
5 1 U 4
6 0 U 5
7 1 U 5
8 0 U -1
9 0 U 4
10 1 U 9
11 0 L 2
12 1 U 11
13 1 U 12
14 1 U 13
15 1 U 14
16 1 U -1
17 1 U 9
18 0 U 17
19 1 U 18
20 1 U 19
21 1 U 20
22 0 U 10
23 1 U 22
24 0 U -1
25 1 U 24
26 0 U 8
27 0 U 26
28 0 U 27
29 1 U 28
30 0 L 16
31 1 L 27
32 0 U -1
33 1 L 19
34 0 U 33
35 0 L 34
36 1 U 35
37 0 U 33
38 1 U 37
39 1 U 38
40 1 U -1
41 0 L 25
42 1 U 5
43 1 U 18
44 1 U 43
45 0 U 44
46 0 U 45
47 0 U 40
48 1 U -1
49 0 U 48
50 1 U 44
51 0 L 34
52 0 U 51
53 0 L 38
54 1 U 53
55 1 L 3
56 1 U -1
57 0 U 56
58 1 U 57
59 0 U 58
60 1 U 59
61 1 U 26
62 1 L 8
63 1 L 58
64 0 U -1
65 0 L 8
66 0 U 65
67 0 U 66
68 1 U 67
69 1 U 4
70 0 U 69
71 1 U 70
72 1 L 46
73 1 U 12
74 1 U 73
75 1 U 74
76 1 U 75
77 0 L 19
78 0 L 69
79
0 0 L -1
1 1 U 0
2 0 U 1
3 0 L -1
4 1 U 3
5 1 U 4
6 0 U 5
7 1 U 5
8 0 U -1
9 1 U 8
10 1 U 9
11 0 U 10
12 1 U 11
13 1 U 12
14 1 U 13
15 1 U 14
16 1 L 9
17 0 U 16
18 0 U 17
19 1 U 18
20 1 U 19
21 0 L 19
22 0 U 21
23 1 U 22
24 0 U -1
25 1 U 24
26 0 U 8
27 0 U 26
28 0 U 27
29 1 U 28
30 0 L 16
31 1 L 27
32 0 U -1
33 0 U 5
34 0 U 33
35 0 L 34
36 1 U 35
37 0 U 33
38 1 U 37
39 1 U 38
40 1 U -1
41 1 U 13
42 0 U 28
43 1 U 18
44 1 U 43
45 0 U 44
46 0 U 45
47 0 U 40
48 1 U -1
49 0 U 48
50 1 U 44
51 0 U 50
52 0 U 51
53 0 L 38
54 1 U 53
55 1 L 3
56 1 U -1
57 0 L 45
58 1 U 57
59 0 U 58
60 1 U 59
61 1 U 26
62 1 U 61
63 0 U 62
64 0 U -1
65 1 U 64
66 0 U 65
67 0 U 66
68 1 U 67
69 1 U 4
70 1 L 19
71 1 U 70
72 1 L 46
73 0 L 41
74 1 U 73
75 1 U 74
76 1 U 75
77 1 L 13
78 0 L 69
79
0 0 L -1
1 0 L -1
2 0 U 1
3 1 U 2
4 1 U 3
5 1 U 4
6 0 U 5
7 1 U 5
8 0 U -1
9 1 U 8
10 1 U 9
11 0 U 10
12 1 U 11
13 1 U 12
14 1 U 13
15 0 U 5
16 1 U -1
17 1 L 1
18 0 L 7
19 1 U 18
20 1 U 19
21 1 U 20
22 0 U 21
23 1 U 22
24 0 U -1
25 1 L 9
26 0 L 2
27 0 U 26
28 0 U 27
29 1 U 28
30 0 L 16
31 1 L 27
32 0 U -1
33 0 L 25
34 0 U 33
35 0 L 34
36 1 U 35
37 0 U 33
38 1 U 37
39 1 L 25
40 1 U -1
41 0 L 25
42 1 U 5
43 1 U 18
44 1 U 43
45 0 U 44
46 0 U 45
47 0 U 40
48 1 U 34
49 0 U 48
50 1 U 44
51 0 U 50
52 0 U 51
53 0 L 38
54 1 U 53
55 1 L 3
56 1 U -1
57 0 U 56
58 1 U 57
59 0 L 27
60 1 U 59
61 1 U 26
62 1 U 61
63 0 U 62
64 0 U -1
65 1 U 64
66 0 U 65
67 0 U 66
68 1 U 67
69 1 U 4
70 0 U 69
71 1 U 70
72 1 L 46
73 1 U 12
74 1 U 62
75 1 U 74
76 1 U 75
77 1 L 13
78 0 L 69
79
0 0 L -1
1 1 U 0
2 0 U 1
3 1 U 2
4 1 U 3
5 1 U 4
6 0 U 5
7 1 U 5
8 0 U -1
9 1 U 8
10 1 U 9
11 0 U 10
12 1 U 11
13 1 U 12
14 1 U 13
15 1 U 14
16 1 U -1
17 0 U 16
18 0 U 17
19 1 U 18
20 1 U 19
21 1 L -1
22 0 U 21
23 0 L 7
24 0 U -1
25 1 U 24
26 0 L 8
27 0 L -1
28 0 U 27
29 1 U 28
30 0 L 16
31 1 L 27
32 0 U -1
33 0 U 5
34 0 U 33
35 0 L 34
36 1 U 35
37 0 U 33
38 1 U 37
39 1 U 38
40 1 U -1
41 0 L 25
42 1 U 5
43 1 U 18
44 1 U 43
45 1 U 7
46 0 U 45
47 0 U 40
48 1 U -1
49 0 U 48
50 1 U 44
51 0 U 50
52 0 U 51
53 0 L 38
54 1 U 53
55 1 L 46
56 1 U -1
57 0 U 56
58 1 U 57
59 0 U 58
60 1 U 59
61 1 U 26
62 1 U 61
63 1 U 10
64 0 U -1
65 1 U 64
66 1 U 51
67 0 U 66
68 1 U 67
69 1 U 4
70 0 U 69
71 1 U 70
72 1 L 46
73 1 U 12
74 1 U 73
75 1 U 74
76 1 U 75
77 1 L 13
78 0 L 44
79
0 0 L -1
1 1 U 0
2 0 U 1
3 1 U 2
4 1 U 3
5 1 U 4
6 0 U 5
7 1 U 5
8 0 U -1
9 1 U 8
10 1 U 9
11 0 U 10
12 1 U 11
13 1 U 12
14 1 L 6
15 1 U 14
16 1 U -1
17 0 U 16
18 0 U 10
19 1 U 18
20 1 U 19
21 1 U 20
22 0 U 21
23 0 U 14
24 0 U -1
25 1 U 24
26 0 U 8
27 0 U 26
28 0 L 26
29 1 U 28
30 0 L 16
31 1 L 27
32 0 U -1
33 0 U 5
34 0 U 33
35 0 L 34
36 1 U 35
37 0 U 33
38 1 U 3
39 1 U 38
40 1 U -1
41 0 L 25
42 1 U 5
43 1 U 18
44 1 U 43
45 0 U 44
46 0 U 42
47 0 U 40
48 1 U -1
49 0 U 48
50 1 U 44
51 1 U 25
52 0 U 51
53 0 L 38
54 1 U 53
55 1 L 3
56 1 U -1
57 0 U 56
58 1 U 57
59 0 U 58
60 1 U 59
61 1 U 26
62 1 U 61
63 0 U 62
64 0 U -1
65 1 U 64
66 0 U 65
67 0 U 66
68 1 U 67
69 1 U 4
70 0 U 69
71 1 U 70
72 1 L 46
73 1 U 12
74 1 U 73
75 1 U 74
76 1 U 75
77 0 L 59
78 1 L 57
79
0 0 L -1
1 1 U 0
2 0 U 1
3 1 U 2
4 1 U 3
5 1 U 4
6 0 U 5
7 1 U 5
8 0 U 5
9 1 U 8
10 1 U 9
11 0 U 10
12 1 U 11
13 1 U 12
14 1 U 13
15 1 U 14
16 1 U -1
17 0 U 16
18 0 U 17
19 0 L 14
20 1 U 19
21 1 U 20
22 0 U 21
23 1 U 22
24 0 U -1
25 1 U 24
26 0 U 8
27 0 U 26
28 0 U 27
29 1 U 28
30 0 L 16
31 1 L 27
32 0 U -1
33 0 U 5
34 0 U 23
35 0 L 34
36 1 U 35
37 0 U 33
38 1 U 37
39 1 U 38
40 1 U -1
41 0 L 25
42 1 U 5
43 1 U 18
44 1 U 43
45 0 U 44
46 0 U 45
47 0 U 40
48 1 U -1
49 0 U 48
50 1 U 44
51 0 U 50
52 1 U 26
53 0 L 38
54 1 U 53
55 1 L 3
56 1 U -1
57 0 U 56
58 1 U 57
59 0 U 58
60 1 U 59
61 1 U 26
62 0 L 31
63 0 U 62
64 0 U -1
65 1 U 64
66 0 U 65
67 0 U 66
68 1 U 67
69 1 L 7
70 0 U 69
71 1 U 70
72 1 L 46
73 1 U 12
74 1 U 73
75 1 U 74
76 1 U 75
77 1 L 13
78 1 U 10
79
0 0 L -1
1 1 U -1
2 0 U -1
3 1 U 2
4 1 U 3
5 1 U 4
6 0 U 5
7 1 U 5
8 0 U -1
9 1 U 8
10 0 L 9
11 0 U 10
12 1 U 11
13 1 U 12
14 0 U 7
15 1 U 14
16 1 U -1
17 0 U 13
18 0 U 17
19 1 U 18
20 1 U 19
21 1 U 20
22 0 U 21
23 1 U 22
24 0 U -1
25 1 L 7
26 0 U 8
27 0 U 26
28 0 U 27
29 1 U 28
30 0 L 16
31 1 L 27
32 0 U -1
33 0 U 5
34 0 U 33
35 0 L 34
36 1 U 35
37 0 U 33
38 1 U 37
39 1 U 38
40 1 U -1
41 0 L 25
42 1 U 5
43 1 U 18
44 1 U 43
45 0 U 44
46 0 U 45
47 0 U 40
48 1 U -1
49 0 U 48
50 1 U 44
51 0 U 50
52 1 L 26
53 0 L 38
54 1 U 53
55 1 L 3
56 1 U -1
57 0 U 56
58 1 U 57
59 0 U 58
60 1 U 59
61 1 U 26
62 1 U 61
63 0 U 62
64 0 U -1
65 1 U 64
66 0 U 65
67 0 U 66
68 1 U 67
69 1 U 4
70 0 U 69
71 1 U 70
72 1 L 46
73 1 U 12
74 1 U 73
75 1 U 4
76 1 U 75
77 1 L 13
78 0 L 69
79
0 0 L -1
1 1 L -1
2 0 U 1
3 1 U 2
4 1 U 3
5 1 U 4
6 0 U 5
7 1 U 5
8 0 U -1
9 1 U 8
10 0 L 5
11 0 U 10
12 1 U 11
13 1 U 12
14 1 U 13
15 1 U 14
16 1 U -1
17 0 U 16
18 0 U 17
19 1 U 18
20 1 U 19
21 1 U 20
22 0 U 21
23 1 U 22
24 0 U -1
25 1 U 24
26 0 U 8
27 1 U 3
28 0 U 27
29 1 U 28
30 0 L 16
31 1 L 27
32 0 U -1
33 0 U 5
34 0 U 33
35 0 L 34
36 1 U 35
37 0 U 33
38 1 U 37
39 1 U 22
40 1 U -1
41 0 L 25
42 1 U 5
43 1 U 18
44 0 L 7
45 0 U 44
46 1 L 35
47 0 U 40
48 1 U -1
49 0 U 48
50 1 U 44
51 0 U 50
52 0 U 51
53 0 L 43
54 1 U 53
55 1 L 3
56 1 U -1
57 0 U 56
58 1 U 57
59 0 U 58
60 1 U 59
61 1 U 26
62 1 U 61
63 1 L 37
64 0 U -1
65 1 U 64
66 0 U 65
67 0 U 66
68 1 U 67
69 1 U 4
70 0 U 69
71 1 U 70
72 1 L 46
73 1 U 12
74 1 U 73
75 1 U 74
76 1 U 75
77 1 L 13
78 0 L 69
79
0 0 L -1
1 1 U 0
2 0 U 1
3 1 U 2
4 1 L 0
5 0 L 1
6 0 U 5
7 1 U 5
8 0 U -1
9 1 U 8
10 1 U 9
11 0 U 10
12 1 U 11
13 1 U 12
14 1 U 13
15 1 U 14
16 1 U -1
17 0 U 16
18 0 U 17
19 1 U 18
20 1 U 19
21 1 U 20
22 0 U 21
23 0 U 15
24 0 U -1
25 1 U 24
26 1 L -1
27 1 L 15
28 0 U 27
29 1 U 28
30 0 L 16
31 1 L 27
32 0 U -1
33 0 U 5
34 0 U 33
35 0 L 34
36 1 U 35
37 0 U 33
38 1 U 37
39 1 U 38
40 1 U -1
41 0 U 39
42 1 U 5
43 1 U 18
44 1 U 43
45 0 U 44
46 0 U 45
47 0 U 40
48 1 U -1
49 0 U 48
50 1 U 44
51 0 U 50
52 0 U 51
53 0 L 38
54 1 U 53
55 1 L 3
56 1 U -1
57 0 U 56
58 1 U 57
59 0 U 58
60 1 U 59
61 1 U 26
62 1 U 61
63 0 U 62
64 0 U -1
65 1 L 63
66 0 U 65
67 0 U 65
68 1 U 67
69 1 U 4
70 0 L 21
71 1 U 70
72 1 L 40
73 1 U 12
74 1 U 73
75 1 U 74
76 1 U 75
77 1 L 13
78 0 L 69
79
0 0 L -1
1 1 U 0
2 0 U 1
3 1 U 2
4 1 U 3
5 1 U 4
6 0 U 5
7 1 U 5
8 0 U -1
9 1 U 8
10 1 U 9
11 0 U 10
12 1 U 11
13 1 U 12
14 1 U 13
15 1 U 14
16 1 U -1
17 0 U 16
18 0 U 17
19 1 U 18
20 1 U 19
21 1 U 20
22 0 U 21
23 0 U 7
24 0 U 4
25 1 U 24
26 0 U 8
27 0 L 15
28 0 U 27
29 1 L -1
30 0 L 16
31 1 L 27
32 0 U -1
33 0 U 5
34 0 U 33
35 0 L 34
36 1 U 35
37 0 U 33
38 1 U 37
39 1 U 38
40 1 U -1
41 0 L 25
42 1 U 5
43 1 U 18
44 1 U 43
45 0 U 44
46 0 U 45
47 0 U 40
48 1 U -1
49 0 U 48
50 1 U 44
51 0 U 50
52 0 U 51
53 1 U 4
54 1 U 53
55 1 L 3
56 1 U -1
57 0 U 56
58 1 U 50
59 1 L 44
60 1 U 59
61 1 U 26
62 0 L 53
63 0 U 62
64 0 U -1
65 1 U 64
66 1 U 27
67 0 U 66
68 1 U 67
69 1 U 4
70 0 U 69
71 1 U 70
72 1 L 46
73 1 U 12
74 1 U 73
75 1 U 74
76 1 U 75
77 1 L 13
78 0 L 69
79
0 0 L -1
1 1 U 0
2 0 U 1
3 1 U 2
4 1 U 3
5 0 U 3
6 0 U 5
7 1 U 5
8 0 U -1
9 1 U 8
10 1 U 9
11 0 U 10
12 1 U 11
13 1 U 12
14 1 U 13
15 1 U 14
16 1 U -1
17 0 U 16
18 0 U 17
19 1 U 18
20 1 U 19
21 1 U 20
22 0 U 21
23 1 U 22
24 1 U 5
25 1 U 24
26 0 U 8
27 0 U 26
28 0 U 27
29 1 U 28
30 0 L 16
31 1 L 27
32 0 U -1
33 0 U 5
34 0 U 33
35 0 L 34
36 1 U 35
37 0 U 33
38 1 U 37
39 1 U 38
40 1 U -1
41 0 L 25
42 1 U 5
43 1 U 18
44 1 U 43
45 1 U 21
46 0 U 45
47 0 U 40
48 1 U -1
49 0 U 48
50 1 U 44
51 0 U 50
52 0 U 51
53 0 L 38
54 1 U 53
55 1 L 3
56 1 U -1
57 0 U 56
58 1 U 57
59 0 U 58
60 1 U 59
61 1 U 26
62 1 U 61
63 0 U 62
64 0 U -1
65 0 L 33
66 0 U 65
67 0 U 66
68 1 U 67
69 1 U 4
70 0 U 69
71 1 U 70
72 1 L 46
73 1 U 47
74 1 U 73
75 1 U 74
76 1 U 75
77 1 L 13
78 0 L 69
79
0 0 L -1
1 1 U 0
2 0 U 1
3 1 U 2
4 1 U 3
5 1 U 4
6 1 U 1
7 1 U 5
8 0 U -1
9 1 U 8
10 1 U 9
11 0 U 10
12 1 L 5
13 1 U 12
14 1 U 13
15 1 U 14
16 1 U -1
17 0 U 16
18 0 U 17
19 1 U 18
20 1 U 19
21 1 U 20
22 0 U 21
23 1 U 22
24 0 U -1
25 1 U 24
26 0 U 8
27 0 L -1
28 0 U 27
29 1 U 28
30 0 L 16
31 1 L 27
32 0 U -1
33 0 U 5
34 0 U 33
35 1 U 15
36 1 U 35
37 0 U 33
38 1 U 37
39 1 U 38
40 1 U -1
41 0 L 25
42 1 U 5
43 1 U 18
44 1 U 43
45 0 U 44
46 0 U 45
47 0 U 40
48 1 U -1
49 0 U 48
50 1 U 44
51 0 U 50
52 0 U 51
53 0 L 38
54 1 U 53
55 1 L 3
56 1 U -1
57 0 U 56
58 1 U 57
59 0 U 58
60 1 U 59
61 1 U 26
62 1 U 61
63 0 U 62
64 0 U -1
65 1 U 64
66 0 U 65
67 0 U 66
68 1 U 67
69 1 U 4
70 1 L 8
71 1 U 70
72 1 L 32
73 1 U 12
74 1 U 73
75 1 U 74
76 1 U 75
77 1 L 13
78 0 L 69
79
0 0 L -1
1 1 U 0
2 0 U 1
3 1 U 2
4 1 U 3
5 1 U 4
6 0 U 5
7 1 U 5
8 0 U -1
9 1 U 8
10 1 U 5
11 0 U 10
12 1 U 11
13 1 L 6
14 1 U 13
15 1 U 14
16 1 U -1
17 0 U 16
18 1 U 5
19 1 L 10
20 1 U 19
21 1 U 20
22 0 U 21
23 1 U 22
24 0 U -1
25 1 U 24
26 0 U 8
27 0 U 26
28 0 U 27
29 1 U 28
30 0 L 16
31 1 L 27
32 0 U -1
33 0 U 5
34 0 U 33
35 0 L 34
36 1 U 35
37 0 U 33
38 1 U 37
39 1 U 38
40 1 U -1
41 0 L 25
42 1 U 5
43 1 L 35
44 1 U 43
45 0 U 44
46 0 U 45
47 0 U 40
48 1 U -1
49 1 U 22
50 1 U 44
51 0 U 50
52 0 U 51
53 0 L 38
54 1 U 53
55 1 L 3
56 1 U -1
57 0 U 56
58 1 U 57
59 0 U 43
60 1 U 59
61 1 U 26
62 1 U 61
63 1 L 1
64 0 L 55
65 1 U 64
66 0 U 65
67 0 U 66
68 1 U 67
69 1 U 4
70 0 U 69
71 1 U 70
72 1 L 46
73 1 U 12
74 1 U 73
75 1 U 74
76 1 U 75
77 1 L 13
78 0 L 69
79
0 0 L -1
1 1 U 0
2 0 U 1
3 1 L 2
4 1 U 3
5 1 U 4
6 0 U 5
7 1 U 5
8 0 U -1
9 1 U 8
10 1 U 9
11 0 U 10
12 1 U 11
13 1 U 12
14 1 U 13
15 1 U 14
16 1 U -1
17 0 U 16
18 0 U 17
19 1 U 18
20 1 U 19
21 1 U 20
22 0 U 21
23 1 U 6
24 0 U -1
25 1 U 24
26 0 U 8
27 0 U 19
28 0 U 27
29 1 U 28
30 0 L 16
31 1 L 27
32 0 U -1
33 0 U 5
34 0 U 33
35 0 L 34
36 1 U 35
37 0 U 33
38 1 U 37
39 1 U 38
40 1 U -1
41 0 L 23
42 1 U 5
43 1 U 18
44 1 U 43
45 0 U 44
46 0 U 45
47 0 U 40
48 1 U -1
49 0 U 48
50 1 U 44
51 0 U 50
52 0 U 51
53 0 L 38
54 0 L 6
55 1 L 3
56 1 U -1
57 0 U 56
58 1 L 2
59 0 U 58
60 1 U 59
61 1 U 26
62 1 U 61
63 0 U 62
64 1 U 44
65 1 L 61
66 0 U 65
67 0 U 66
68 1 U 67
69 1 U 4
70 0 U 69
71 1 U 70
72 1 L 46
73 1 U 12
74 1 U 73
75 1 U 74
76 1 U 75
77 1 L 13
78 0 L 69
79
0 0 L -1
1 1 U 0
2 0 U 1
3 1 U 2
4 1 U 3
5 1 U 4
6 0 L 3
7 1 L 3
8 0 U -1
9 1 U 8
10 1 U 9
11 0 U 10
12 1 U 11
13 1 U 12
14 1 U 13
15 1 U 14
16 1 U -1
17 0 U 16
18 0 U 17
19 1 U 18
20 1 U 19
21 1 U 20
22 0 U 21
23 1 U 22
24 0 U -1
25 1 U 24
26 0 U 8
27 0 U 26
28 0 U 27
29 1 U 28
30 0 L 16
31 1 L 27
32 0 U -1
33 0 U 5
34 0 U 33
35 0 L 34
36 1 U 35
37 0 U 33
38 1 U 37
39 1 U 38
40 1 U -1
41 0 L 25
42 1 U 5
43 1 U 31
44 1 U 43
45 0 U 44
46 0 U 45
47 0 U 40
48 1 U -1
49 0 U 48
50 1 U 44
51 0 U 50
52 0 U 51
53 0 L 38
54 1 U 53
55 1 L 3
56 1 U -1
57 0 U 56
58 1 U 57
59 0 U 58
60 1 U 59
61 1 U 26
62 1 U 61
63 0 U 62
64 0 U -1
65 1 U 64
66 0 U 42
67 0 U 66
68 1 U 47
69 1 U 4
70 0 U 69
71 1 U 70
72 1 L 46
73 1 U 12
74 1 U 73
75 1 U 74
76 1 U 75
77 1 L 13
78 0 L 69
79
0 0 L -1
1 1 U 0
2 0 U 1
3 1 U 2
4 1 U 3
5 0 L 4
6 0 U 5
7 1 U 5
8 0 U -1
9 1 U 8
10 0 U 2
11 0 U 10
12 1 U 11
13 1 U 12
14 1 U 13
15 1 U 14
16 1 U -1
17 0 U 16
18 0 U 17
19 0 U 1
20 1 L 18
21 1 U 20
22 0 U 21
23 1 U 22
24 0 U -1
25 1 U 24
26 0 U 8
27 0 U 26
28 0 U 27
29 1 U 28
30 0 L 16
31 1 L 27
32 0 U -1
33 0 U 5
34 0 U 33
35 0 L 34
36 1 U 35
37 0 U 33
38 0 U 22
39 0 U 20
40 1 U -1
41 0 L 25
42 1 U 5
43 0 U 6
44 1 U 43
45 0 U 44
46 0 U 45
47 0 U 40
48 1 U -1
49 0 U 48
50 1 U 44
51 0 U 50
52 0 U 51
53 0 L 38
54 1 U 53
55 1 L 3
56 1 U -1
57 0 U 56
58 1 U 57
59 0 U 58
60 1 U 59
61 1 U 26
62 1 U 61
63 0 U 62
64 0 U -1
65 1 U 7
66 0 U 65
67 0 U 66
68 1 L 49
69 1 U 4
70 0 U 69
71 1 U 70
72 1 L 46
73 1 U 12
74 1 U 73
75 1 U 74
76 1 U 75
77 1 L 13
78 0 L 69
79
0 0 L -1
1 1 U 0
2 0 U 1
3 1 U 2
4 1 U 3
5 0 U 4
6 0 U 5
7 1 U 5
8 0 U -1
9 1 U 8
10 1 U 9
11 0 U 10
12 1 U 11
13 1 U 12
14 1 U 13
15 1 U 14
16 1 U -1
17 0 U 16
18 0 U 17
19 1 U 18
20 1 U 19
21 1 U 20
22 0 L 19
23 1 U 22
24 1 U 4
25 1 U 24
26 0 U 8
27 0 U 26
28 1 L 26
29 1 U 28
30 0 L 16
31 1 L 27
32 0 U -1
33 0 U 5
34 0 U 33
35 0 L 34
36 1 U 35
37 0 U 33
38 0 U 23
39 1 U 38
40 1 U -1
41 0 L 25
42 1 U 5
43 1 U 18
44 1 U 43
45 0 U -1
46 0 U 45
47 0 U 40
48 1 U -1
49 0 U 48
50 1 U 44
51 0 U 50
52 0 U 51
53 0 L 38
54 1 U 53
55 1 L 3
56 1 L 12
57 0 U 56
58 1 U 57
59 1 L 32
60 1 U 59
61 1 U 26
62 1 U 61
63 0 U 62
64 0 U -1
65 1 U 64
66 0 U 65
67 0 U 66
68 1 U 51
69 1 U 4
70 0 U 69
71 1 U 70
72 1 L 46
73 1 U 12
74 1 U 73
75 1 U 74
76 1 U 75
77 1 L 48
78 0 L 69
79
0 0 L -1
1 1 U 0
2 1 L 1
3 1 U 2
4 1 U 3
5 1 U 4
6 0 U 5
7 1 U 5
8 1 U 3
9 0 U 8
10 1 U 9
11 0 U 10
12 1 U 11
13 1 U 12
14 1 U 13
15 1 U 14
16 1 U -1
17 0 U 16
18 0 U 17
19 1 U 18
20 1 U 19
21 1 U 20
22 0 U 21
23 1 U 22
24 0 U -1
25 1 U 24
26 0 U 8
27 0 U 26
28 0 U 27
29 1 U 6
30 0 L 16
31 1 L 27
32 0 U -1
33 0 U 5
34 0 U 33
35 0 L 34
36 1 U 35
37 0 U 33
38 1 U 37
39 1 U 38
40 1 U -1
41 0 L 25
42 1 U 5
43 1 U 18
44 1 U 43
45 0 U 44
46 0 U 45
47 0 U 40
48 0 L 41
49 0 U 48
50 1 U 44
51 0 U 50
52 0 U 51
53 0 L 3
54 1 U 53
55 1 L 3
56 1 U -1
57 0 U 56
58 0 L 13
59 0 U 58
60 1 U 59
61 1 U 26
62 0 U 54
63 0 U 41
64 0 U -1
65 1 U 64
66 0 U 65
67 0 U 31
68 1 U 67
69 1 U 4
70 0 U 69
71 1 U 70
72 1 L 46
73 1 U 12
74 1 U 73
75 1 U 74
76 1 U 75
77 1 L 13
78 0 L 69
79
0 0 L -1
1 1 U 0
2 0 U 1
3 0 U 1
4 1 U 3
5 1 U 4
6 0 U 5
7 1 U 5
8 0 U -1
9 1 U 8
10 0 L 5
11 0 U 10
12 1 U 11
13 1 U 12
14 1 U 13
15 1 U 14
16 1 U -1
17 0 U 16
18 0 U 17
19 1 U 18
20 1 U 19
21 1 U 20
22 0 U 21
23 1 U 22
24 0 U -1
25 1 U 24
26 1 U 3
27 0 U 26
28 0 U 27
29 1 U 28
30 0 L 16
31 1 L 27
32 0 U -1
33 0 U 5
34 0 U 33
35 0 L 34
36 1 U 35
37 0 U 33
38 1 U 37
39 1 U 38
40 1 U -1
41 0 U 31
42 1 U 5
43 1 U 18
44 1 U 43
45 0 U 44
46 0 U 45
47 0 L 31
48 1 U -1
49 0 U 48
50 1 U 44
51 0 U 50
52 0 U 51
53 0 L 38
54 1 U 53
55 1 L 13
56 1 U -1
57 0 U 56
58 1 U 57
59 0 U 58
60 1 U 59
61 1 U 26
62 1 U 61
63 0 U 62
64 0 U -1
65 1 U 64
66 0 U 65
67 0 U 66
68 0 L 40
69 1 U 4
70 0 U 69
71 1 U 70
72 1 L 46
73 1 U 12
74 1 U 73
75 1 L 64
76 1 U 75
77 1 L 13
78 0 L 69
79
0 0 L -1
1 0 U -1
2 0 U 1
3 1 U 2
4 1 U 3
5 1 U 4
6 0 U 5
7 1 U 5
8 0 U -1
9 1 U 8
10 1 U 9
11 0 U 10
12 1 U 11
13 1 U 12
14 1 U 13
15 1 U 14
16 1 U -1
17 0 U 16
18 0 L 14
19 1 U 18
20 1 U 19
21 1 U 20
22 0 U 21
23 1 U 22
24 0 U -1
25 1 U 24
26 0 U 8
27 0 U 26
28 0 U 27
29 1 U 28
30 0 L 16
31 0 U 5
32 0 U -1
33 0 U 5
34 0 U 33
35 0 L 34
36 1 U 35
37 0 U 33
38 1 U 37
39 1 U 38
40 1 U -1
41 0 L 25
42 1 U 5
43 1 U 18
44 1 U 43
45 0 U 44
46 0 U 45
47 0 U 40
48 1 U -1
49 0 U 48
50 1 U 44
51 0 U 50
52 0 U 51
53 0 L 38
54 1 U 9
55 1 L 3
56 1 U -1
57 1 U 31
58 1 U 57
59 0 U 58
60 1 U 59
61 1 U 26
62 1 U 61
63 0 U 62
64 0 L 13
65 1 U 64
66 0 U 65
67 0 U 66
68 1 U 67
69 1 U 4
70 0 U 69
71 1 U 70
72 1 L 46
73 1 U 12
74 1 U 73
75 1 U 74
76 1 U 75
77 1 U 16
78 0 L 69
79
0 0 L -1
1 1 U 0
2 0 U 1
3 1 U 2
4 1 U 3
5 1 U 4
6 0 U 5
7 1 U 1
8 0 U -1
9 1 U 8
10 1 L -1
11 1 U 1
12 1 U 11
13 1 U 12
14 1 U 13
15 1 U 14
16 1 U -1
17 0 U 16
18 0 U 17
19 1 U 18
20 1 U 19
21 1 U 20
22 0 U 21
23 1 U 22
24 0 U -1
25 1 U 24
26 0 U 8
27 0 U 26
28 0 U 27
29 1 U 28
30 0 L 16
31 1 L 27
32 0 U -1
33 0 U 5
34 0 L 21
35 0 U 1
36 1 L 31
37 0 U 33
38 1 U 37
39 1 U 38
40 1 U 27
41 0 L 25
42 0 U 11
43 1 U 18
44 1 U 43
45 0 U 44
46 0 U 45
47 0 U 40
48 1 L 1
49 0 U 48
50 1 U 44
51 0 U 50
52 0 U 51
53 0 L 38
54 1 U 53
55 1 L 3
56 1 U -1
57 0 U 56
58 1 U 57
59 0 U 10
60 1 U 59
61 1 U 26
62 1 U 61
63 0 U 62
64 1 L 52
65 1 U 64
66 0 U 65
67 0 U 21
68 1 U 67
69 1 U 4
70 0 U 69
71 1 U 70
72 1 L 46
73 1 U 12
74 1 U 73
75 1 U 74
76 1 U 75
77 1 L 13
78 0 L 69
79
0 0 L -1
1 1 U 0
2 0 U 1
3 1 U 2
4 1 U 3
5 1 U 4
6 0 U 5
7 1 U 5
8 0 U -1
9 1 U 8
10 1 L 9
11 0 U 10
12 1 U 11
13 1 U 12
14 1 U 13
15 1 U 14
16 1 U -1
17 0 U 16
18 0 U 17
19 1 U 18
20 1 L 2
21 1 U 20
22 0 U 21
23 1 U 22
24 0 U -1
25 1 U 24
26 0 U 8
27 0 U 26
28 0 U 26
29 1 U 28
30 0 L 16
31 1 L 27
32 0 U -1
33 0 U 5
34 0 U 33
35 0 L 34
36 0 L 8
37 0 U 33
38 1 U 37
39 1 U 38
40 1 U -1
41 0 L 25
42 1 U 5
43 1 U 18
44 1 U 43
45 0 U 44
46 0 U 45
47 0 U 40
48 1 U -1
49 0 U 48
50 0 L 44
51 0 U 50
52 0 U 51
53 0 L 38
54 1 U 53
55 1 L 3
56 1 U -1
57 0 L 6
58 1 U 57
59 0 U 58
60 0 U 46
61 1 U 26
62 1 U 61
63 0 U 62
64 0 U -1
65 1 U 64
66 0 U 65
67 0 U 66
68 1 U 67
69 0 U 10
70 0 U 69
71 1 U 70
72 1 L 46
73 1 U 12
74 1 U 73
75 1 U 74
76 1 U 75
77 1 L 13
78 0 L 69
79
0 0 L -1
1 1 U 0
2 0 U 1
3 1 U 2
4 1 U 3
5 1 U 4
6 0 U 5
7 0 U 3
8 0 U -1
9 1 U 8
10 1 U 9
11 0 U 10
12 1 U 11
13 1 U 12
14 1 U 13
15 1 U 14
16 1 U -1
17 0 L 1
18 0 U 17
19 1 U 18
20 1 U 19
21 1 L 7
22 0 U 3
23 1 U 22
24 0 U -1
25 1 U 24
26 0 U 8
27 0 U 16
28 0 U 27
29 1 U 28
30 0 L 16
31 1 L 27
32 0 U -1
33 0 U 5
34 0 U 33
35 0 L 34
36 1 U 35
37 0 U 33
38 1 U 37
39 1 U 38
40 1 U -1
41 0 L 25
42 1 U 5
43 1 U 18
44 1 U 43
45 0 U 44
46 0 U 45
47 0 U 40
48 1 U -1
49 0 U 48
50 1 U 44
51 0 U 50
52 0 U 51
53 0 L 38
54 1 U 53
55 1 L 3
56 1 U -1
57 0 U 56
58 1 U 57
59 0 U 58
60 1 U 59
61 1 U 26
62 1 U 61
63 0 U 62
64 0 U -1
65 1 U 64
66 0 U 65
67 0 U 66
68 1 U 67
69 1 U 4
70 0 U 69
71 1 U 70
72 1 L 46
73 1 U 12
74 1 U 73
75 1 U 74
76 1 U 75
77 1 L 13
78 0 L 69
79
0 0 L -1
1 1 U 0
2 0 U 1
3 1 U 2
4 1 U 3
5 1 U 4
6 0 U 5
7 1 U 5
8 0 U -1
9 0 L 5
10 1 L 3
11 0 U 4
12 1 U 11
13 1 U 12
14 1 U 13
15 1 U 14
16 1 U -1
17 0 U 16
18 0 U 17
19 1 U 18
20 1 U 19
21 1 U 20
22 0 U 21
23 1 U 22
24 0 U -1
25 1 U 24
26 0 U 8
27 0 U 26
28 1 U 19
29 1 U 28
30 0 L 16
31 1 L 27
32 0 U -1
33 0 U 5
34 0 U 33
35 1 U 30
36 1 U 35
37 0 U 33
38 1 U 37
39 1 U 38
40 1 U -1
41 0 L 25
42 1 U 5
43 1 U 18
44 1 U 43
45 0 U 44
46 0 U 45
47 0 U 40
48 1 U -1
49 0 U 48
50 1 U 44
51 0 U 50
52 0 U 51
53 0 L 38
54 1 U 53
55 1 L 3
56 1 U -1
57 0 L 34
58 1 U 57
59 0 U 58
60 1 U 59
61 1 U 26
62 1 U 61
63 0 U 62
64 0 U -1
65 1 U 64
66 0 U 65
67 0 U 66
68 0 L 54
69 1 U 4
70 0 U 69
71 1 U 70
72 1 L 46
73 1 U 12
74 1 U 73
75 1 U 74
76 1 U 31
77 1 L 13
78 0 L 69
79
0 0 L -1
1 0 U 0
2 0 U 1
3 1 U 2
4 1 U 3
5 1 U 4
6 0 U 5
7 1 U 5
8 0 U -1
9 1 U 8
10 1 U 9
11 0 U 10
12 1 U 11
13 1 U 12
14 1 U 13
15 1 U 14
16 1 L 4
17 0 U 16
18 0 U 17
19 1 U 18
20 1 U 19
21 1 U 20
22 0 U 21
23 1 U 22
24 0 U -1
25 1 U 24
26 0 U 8
27 0 U 26
28 0 U 27
29 1 U 28
30 0 L 16
31 1 L 27
32 0 U -1
33 0 U 5
34 0 U 33
35 0 L 34
36 1 U 35
37 0 U 33
38 1 U 37
39 1 U 38
40 0 U 14
41 0 L 25
42 1 U 5
43 1 U 18
44 1 U 43
45 0 U 44
46 0 U 45
47 0 U 40
48 1 U -1
49 0 U 48
50 1 U 44
51 0 U 50
52 0 U 51
53 0 U 31
54 1 U 53
55 1 L 3
56 1 U -1
57 0 U 56
58 1 L 39
59 0 U 58
60 1 U 59
61 1 U 26
62 1 U 61
63 0 U 62
64 0 U -1
65 1 U 64
66 0 U 65
67 0 U 66
68 1 U 67
69 1 U 4
70 0 U 69
71 1 U 70
72 1 L 46
73 1 U 12
74 1 U 73
75 1 U 74
76 1 U 75
77 1 L 13
78 0 L 69
79
0 0 L -1
1 0 L 0
2 0 U 1
3 1 U 2
4 1 U 3
5 1 U 4
6 0 U 2
7 1 U 5
8 0 U -1
9 1 U 8
10 1 U 9
11 0 U 10
12 1 L 1
13 1 U 12
14 1 U 13
15 1 U 14
16 1 U -1
17 0 U 16
18 0 U 17
19 1 U 18
20 1 U 19
21 1 U 20
22 0 U 21
23 1 U 22
24 0 U -1
25 1 U 24
26 0 U 8
27 0 U 26
28 0 U 21
29 1 U 28
30 0 L 16
31 1 L 27
32 0 U -1
33 0 U 5
34 0 L 30
35 0 L 34
36 1 U 35
37 0 U 33
38 1 U 37
39 1 U 38
40 1 U -1
41 0 L 25
42 1 U 5
43 1 U 18
44 1 U 43
45 0 U 44
46 0 U 45
47 0 U 40
48 1 U -1
49 0 U 48
50 1 U 44
51 0 U 50
52 0 U 51
53 0 L 38
54 0 U 51
55 1 L 3
56 1 U -1
57 0 U 56
58 1 U 36
59 0 U 58
60 1 L -1
61 1 U 26
62 1 U 61
63 0 U 62
64 0 U -1
65 1 L 11
66 0 U 65
67 1 U 6
68 1 U 67
69 1 U 4
70 0 U 69
71 1 U 70
72 1 L 46
73 1 U 12
74 1 U 73
75 1 U 74
76 1 U 75
77 1 L 13
78 0 L 69
79
0 0 L -1
1 1 U 0
2 0 U 1
3 1 U 2
4 1 U 3
5 1 U 4
6 0 U 5
7 1 U 5
8 0 U -1
9 1 U 8
10 1 U 9
11 0 U 10
12 1 U 11
13 1 U 12
14 1 U 13
15 1 U 14
16 1 U -1
17 0 L -1
18 0 L 3
19 1 U 18
20 1 U 19
21 1 U 20
22 1 U 19
23 1 U 22
24 0 U -1
25 1 U 24
26 0 U 8
27 0 U 26
28 0 U 27
29 1 U 28
30 0 L 16
31 1 L 27
32 0 U -1
33 0 U 5
34 0 U 33
35 1 U 8
36 1 U 35
37 0 U 33
38 1 U 37
39 1 U 38
40 1 U -1
41 0 L 25
42 1 U 5
43 1 U 18
44 1 U 43
45 0 U 44
46 0 U 45
47 0 U 40
48 1 U -1
49 0 U 48
50 1 U 44
51 0 U 50
52 1 U 33
53 0 L 38
54 1 U 53
55 1 L 3
56 1 U -1
57 0 U 56
58 1 U 57
59 0 U 58
60 1 U 59
61 1 U 26
62 1 U 61
63 0 U 62
64 0 U 18
65 1 U 64
66 0 U 65
67 0 U 66
68 1 U 67
69 1 U 4
70 0 U 69
71 1 U 70
72 1 L 46
73 1 U 12
74 1 U 73
75 1 U 74
76 1 U 75
77 1 L 13
78 0 L 69
79
0 0 L -1
1 1 U 0
2 0 U 1
3 1 U 2
4 1 U 3
5 1 U 4
6 0 U 5
7 1 U 5
8 0 U -1
9 1 U 8
10 1 U 9
11 0 U 10
12 0 U 9
13 1 U 12
14 1 U 13
15 1 U 14
16 1 U -1
17 0 U 16
18 0 U 17
19 1 U 18
20 1 U 19
21 1 U 20
22 0 U 21
23 1 U 22
24 0 U -1
25 1 U 24
26 0 U 8
27 0 U 26
28 0 U 27
29 1 U 3
30 0 L 16
31 0 U 30
32 0 U -1
33 0 U 5
34 0 U 33
35 0 L 34
36 1 U 35
37 0 U 33
38 1 U 37
39 1 U 38
40 1 U -1
41 0 L 25
42 1 U 5
43 0 L 15
44 1 U 43
45 0 U 44
46 0 U 45
47 0 U 40
48 1 U -1
49 1 L 48
50 1 U 44
51 0 U 50
52 0 U 51
53 0 L 38
54 1 U 53
55 1 L 3
56 1 U -1
57 0 U 56
58 1 U 57
59 0 U 58
60 1 U 59
61 1 U 26
62 1 U 61
63 0 U 62
64 1 U 53
65 1 U 64
66 1 U 50
67 0 U 66
68 1 U 67
69 1 U 4
70 1 L 17
71 1 U 70
72 1 L 46
73 1 U 12
74 1 U 73
75 1 U 74
76 1 U 75
77 1 L 13
78 0 L 69
79
0 0 L -1
1 1 U 0
2 0 U 1
3 1 U 2
4 1 U 3
5 1 U 4
6 0 U 5
7 1 U 5
8 0 U 1
9 1 U 8
10 1 U 9
11 0 U 10
12 1 U 11
13 1 U 12
14 1 U 13
15 1 U 14
16 1 U -1
17 0 U 16
18 0 U 17
19 1 U 18
20 1 U 19
21 1 U 20
22 0 U 21
23 1 U 14
24 0 U 1
25 1 U 24
26 0 U 8
27 0 U 26
28 0 U 27
29 1 U 28
30 0 L 16
31 1 L 27
32 0 U -1
33 0 U 5
34 0 U 33
35 0 L 34
36 1 U 35
37 0 U 33
38 1 U 37
39 1 U 38
40 1 U -1
41 0 L 25
42 1 U 35
43 1 U 18
44 0 L 30
45 0 U 44
46 0 U 45
47 0 U 40
48 1 U -1
49 0 U 48
50 1 U 44
51 0 U 50
52 0 U 51
53 0 L 38
54 1 L 17
55 1 L 3
56 1 U -1
57 1 L 28
58 1 U 57
59 0 U 58
60 1 U 59
61 0 L 57
62 1 U 61
63 0 U 62
64 0 U -1
65 1 U 64
66 0 U 65
67 0 U 66
68 1 U 67
69 1 U 4
70 0 U 69
71 1 U 70
72 1 L 46
73 1 U 12
74 1 U 73
75 1 U 74
76 1 U 75
77 1 L 13
78 0 L 69
79
0 0 L -1
1 1 U 0
2 1 U -1
3 1 U 2
4 1 U 3
5 1 U 2
6 0 U 5
7 1 U 4
8 0 U -1
9 1 U 8
10 1 U 9
11 0 U 10
12 1 U 11
13 1 U 12
14 1 U 13
15 1 U 14
16 1 U -1
17 0 U 16
18 0 U 17
19 1 U 18
20 1 U 19
21 1 U 20
22 0 U 21
23 1 U 22
24 0 U -1
25 1 U 24
26 0 U 8
27 0 U 26
28 0 U 27
29 1 U 28
30 0 L 16
31 1 L 27
32 0 U -1
33 1 L 29
34 0 U 33
35 0 L 34
36 1 U 35
37 0 U 33
38 1 U 37
39 1 U 38
40 1 U -1
41 0 L 25
42 1 U 5
43 1 U 18
44 1 U 43
45 0 U 44
46 0 U 45
47 1 L 19
48 1 U -1
49 0 U 48
50 1 U 44
51 0 U 50
52 0 U 51
53 0 L 38
54 0 L 49
55 1 L 3
56 1 U -1
57 0 U 56
58 1 U 57
59 0 U 58
60 1 U 59
61 1 U 26
62 1 U 61
63 0 U 62
64 0 U -1
65 1 U 64
66 0 U 65
67 0 U 66
68 1 U 67
69 1 U 4
70 0 U 69
71 1 U 70
72 1 L 46
73 1 U 12
74 1 U 73
75 1 U 74
76 1 U 75
77 1 L 13
78 0 L 69
79
0 0 L -1
1 1 U 0
2 0 U 1
3 1 U 2
4 1 U 2
5 1 U 4
6 0 U 5
7 1 U 5
8 0 U -1
9 1 U 8
10 1 U 9
11 0 U 10
12 1 U 11
13 1 U 12
14 1 U 13
15 1 U 14
16 1 U -1
17 1 U 0
18 0 U 17
19 1 U 18
20 1 U 19
21 1 U 20
22 0 U 21
23 1 U 22
24 1 L 17
25 1 U 24
26 0 U 8
27 0 U 26
28 0 U 27
29 1 U 28
30 0 L 16
31 1 L 27
32 0 U -1
33 0 U 5
34 0 U 33
35 0 L 34
36 1 U 35
37 0 U 33
38 1 U 19
39 1 U 38
40 1 U -1
41 0 L 25
42 1 U 5
43 1 U 18
44 1 U 43
45 0 U 44
46 0 U 45
47 0 U 40
48 1 L 42
49 0 U 48
50 1 U 44
51 0 U 50
52 0 L 1
53 0 L 38
54 1 U 53
55 1 L 3
56 1 U -1
57 0 U 56
58 1 U 57
59 0 U 58
60 1 U 59
61 1 U 26
62 1 U 61
63 0 U 62
64 0 U -1
65 1 U 64
66 0 U 65
67 0 U 44
68 1 U 67
69 1 U 4
70 0 U 69
71 1 U 70
72 1 L 46
73 1 U 12
74 1 U 73
75 1 U 74
76 1 U 75
77 1 L 13
78 0 L 69
79
0 0 L -1
1 1 U 0
2 0 U 1
3 1 U 2
4 1 U 3
5 1 U 4
6 0 U 5
7 1 U 5
8 0 U -1
9 0 U 5
10 1 U 9
11 0 U 10
12 1 U 11
13 1 U 12
14 1 U 6
15 1 U 14
16 1 U -1
17 0 U 16
18 0 U 17
19 0 L 4
20 1 U 19
21 1 U 20
22 0 U 21
23 1 U 22
24 0 U -1
25 1 U 24
26 0 L 23
27 0 U 26
28 0 U 27
29 1 U 28
30 0 L 16
31 1 L 27
32 0 U -1
33 0 U 5
34 0 U 33
35 0 L 34
36 1 U 35
37 0 U 33
38 1 U 37
39 1 U 38
40 1 U -1
41 0 L 25
42 1 U 5
43 1 U 18
44 1 U 43
45 0 U 44
46 0 U 45
47 0 U 40
48 1 U -1
49 0 U 48
50 1 U 44
51 0 U 50
52 0 U 51
53 0 L 38
54 1 U 53
55 1 L 3
56 1 U -1
57 0 U 56
58 1 U 57
59 0 U 58
60 1 U 59
61 1 U 26
62 1 U 61
63 0 U 62
64 0 U -1
65 1 U 64
66 0 U 65
67 0 U 66
68 1 U 67
69 1 U 4
70 0 U 69
71 1 U 70
72 1 L 46
73 1 U 12
74 1 U 73
75 0 L 54
76 1 U 75
77 1 L 13
78 0 L 69
79
0 0 L -1
1 1 U 0
2 0 U 1
3 1 U 2
4 1 U 3
5 1 U 4
6 0 U 5
7 1 U 5
8 0 U -1
9 1 U 8
10 1 U 9
11 0 U 10
12 1 U 11
13 1 U 12
14 1 U 13
15 1 U 14
16 1 U -1
17 0 U 16
18 0 U 17
19 1 U 18
20 1 U 19
21 1 U 20
22 0 U 21
23 1 U 22
24 0 U -1
25 1 U 24
26 0 U 8
27 0 U 26
28 0 U 27
29 1 U 28
30 0 L 16
31 1 L 27
32 0 U -1
33 0 U 5
34 0 U 33
35 0 L 34
36 1 U 35
37 0 U 33
38 1 U 37
39 1 U 38
40 1 U -1
41 0 L 25
42 1 U 5
43 1 U 18
44 1 U 43
45 1 U 21
46 0 U 45
47 0 U 40
48 1 U -1
49 0 U 48
50 1 U 44
51 0 U 50
52 0 U 51
53 0 L 38
54 1 U 53
55 1 L 3
56 1 U -1
57 0 U 56
58 1 U 57
59 0 U 58
60 1 U 59
61 1 U 26
62 1 U 61
63 0 U 62
64 1 U 35
65 1 U 64
66 0 U 65
67 1 U 64
68 1 U 67
69 1 U 4
70 0 U 69
71 0 L 47
72 1 L 46
73 1 U 12
74 1 U 73
75 1 U 74
76 1 U 75
77 1 L 13
78 0 L 69
79
0 0 L -1
1 0 U 0
2 0 U 1
3 1 U 2
4 1 U 0
5 1 U 4
6 0 U 5
7 0 L 1
8 0 U -1
9 1 U 8
10 1 U 9
11 0 U 10
12 1 U 1
13 1 U 12
14 1 U 4
15 0 U 3
16 1 U -1
17 0 U 16
18 0 U 17
19 1 U 18
20 1 U 19
21 1 U 20
22 0 U 21
23 0 L 0
24 0 U -1
25 1 U 24
26 0 U 8
27 0 U 26
28 0 U 27
29 1 U 28
30 0 L 16
31 1 L 27
32 0 U -1
33 0 U 5
34 0 U 33
35 0 L 34
36 1 U 35
37 0 U 3
38 1 U 37
39 1 U 38
40 1 U -1
41 0 L 25
42 1 U 5
43 0 L 35
44 1 U 43
45 0 U 44
46 0 U 45
47 0 U 40
48 1 U -1
49 0 U 48
50 1 U 44
51 0 U 50
52 0 U 51
53 0 L 38
54 1 U 53
55 1 L 3
56 1 U -1
57 0 U 56
58 1 U 57
59 0 U 58
60 1 U 59
61 1 U 26
62 1 U 61
63 0 U 62
64 0 U -1
65 1 U 64
66 0 U 4
67 0 U 66
68 1 U 67
69 1 U 4
70 0 U 69
71 1 U 17
72 1 L 46
73 1 U 12
74 1 U 73
75 1 U 74
76 0 L 64
77 0 U 11
78 0 L 69
79
0 0 L -1
1 0 U -1
2 0 U 1
3 1 U 2
4 1 U 3
5 1 U 4
6 0 U 5
7 1 U 5
8 0 U -1
9 1 U 8
10 1 U 9
11 0 U 10
12 1 U 11
13 1 U 12
14 1 U 13
15 1 U 14
16 1 U -1
17 0 U 10
18 0 U 17
19 1 U 18
20 1 U 7
21 1 U 20
22 0 U 21
23 1 U 22
24 0 U 17
25 1 U 24
26 0 U 8
27 0 U 26
28 0 L 8
29 1 U 28
30 0 L 16
31 1 L 27
32 0 U -1
33 0 U 5
34 0 U 33
35 0 L 18
36 1 U 35
37 0 U 33
38 1 U 37
39 1 U 38
40 1 U -1
41 0 L 25
42 1 U 5
43 0 L 7
44 1 U 43
45 0 U 44
46 0 U 45
47 0 U 40
48 1 U -1
49 0 U 35
50 1 U 44
51 0 U 50
52 0 U 51
53 0 L 38
54 1 U 53
55 1 L 3
56 1 U -1
57 0 U 56
58 1 U 57
59 0 U 58
60 1 U 59
61 1 U 26
62 0 U 2
63 0 U 62
64 0 U -1
65 1 U 64
66 0 U 65
67 1 L 6
68 1 U 67
69 1 U 4
70 0 U 69
71 1 U 70
72 1 L 46
73 1 U 12
74 1 U 73
75 1 U 74
76 1 U 75
77 1 L 13
78 0 L 69
79
0 0 L -1
1 1 U -1
2 0 U 1
3 1 U 2
4 1 U 3
5 1 U 4
6 0 U 5
7 1 U 5
8 0 U -1
9 1 U 8
10 1 U 9
11 0 U 10
12 1 U 11
13 1 U 12
14 1 U 13
15 1 U 14
16 1 U -1
17 0 U 16
18 0 U 17
19 1 U 18
20 1 U 19
21 1 U 20
22 0 U 21
23 1 U 22
24 0 U -1
25 0 L 19
26 0 U 8
27 0 U 26
28 0 U 27
29 1 U 28
30 0 L 16
31 1 L 27
32 0 U -1
33 0 U 5
34 0 U 33
35 0 L 34
36 1 U 35
37 0 U 33
38 1 U 37
39 1 U 38
40 1 U -1
41 0 L 25
42 1 U 5
43 1 U 18
44 1 U 43
45 0 U 44
46 0 U 45
47 0 U 40
48 1 U -1
49 0 U 48
50 1 U 44
51 0 U 50
52 0 U 51
53 0 L 38
54 1 U 53
55 1 L 3
56 0 U 36
57 0 U 56
58 1 U 57
59 0 U 58
60 1 U 59
61 1 U 26
62 1 U 61
63 0 U 62
64 0 U -1
65 1 U 64
66 0 U 65
67 0 U 66
68 1 U 67
69 1 U 4
70 0 U 69
71 1 U 70
72 1 L 46
73 1 U 12
74 1 U 73
75 1 U 74
76 1 U 75
77 1 L 13
78 0 L 69
79
0 0 L -1
1 1 U 0
2 1 U 1
3 1 U 2
4 1 U 3
5 1 U 4
6 0 U 5
7 1 U 5
8 0 U -1
9 1 U 8
10 1 U 9
11 0 U 10
12 1 U 11
13 1 U 12
14 1 U 13
15 1 U 14
16 0 U 2
17 0 U 16
18 0 U 17
19 1 U 18
20 1 U 19
21 1 U 20
22 0 U 9
23 0 L 7
24 0 U -1
25 1 U 24
26 0 U 8
27 0 U 26
28 0 U 27
29 1 L 5
30 0 L 16
31 1 L 27
32 0 U -1
33 0 U 5
34 0 U 33
35 0 L 34
36 1 U 35
37 0 U 33
38 1 U 37
39 0 L -1
40 1 U -1
41 0 L 30
42 1 U 5
43 1 U 18
44 1 U 9
45 0 L 15
46 0 U 45
47 0 U 40
48 1 U -1
49 0 L 38
50 1 U 44
51 0 U 50
52 0 U 51
53 0 L 38
54 1 U 53
55 1 U 18
56 1 L 46
57 0 U 56
58 1 U 57
59 0 L 23
60 1 U 59
61 1 U 37
62 1 U 61
63 0 U 62
64 0 U -1
65 1 U 49
66 0 U 65
67 0 U 66
68 0 U 24
69 1 U 4
70 0 U 69
71 1 U 70
72 1 L 46
73 1 U 12
74 1 U 73
75 0 U 74
76 1 U 75
77 1 L 13
78 0 L 69
79
0 0 L -1
1 1 U 0
2 0 L -1
3 1 U 2
4 1 U 3
5 1 U 4
6 0 U 5
7 1 U 5
8 0 U -1
9 1 U 8
10 1 U 9
11 0 U 10
12 1 U 11
13 1 U 12
14 1 U 10
15 0 L 5
16 1 U -1
17 0 U 16
18 0 U 17
19 1 U 18
20 1 U 19
21 0 U 0
22 0 U 21
23 1 U 22
24 0 U -1
25 1 U 23
26 0 U 8
27 1 U 8
28 0 U 27
29 1 U 28
30 0 L 16
31 1 L 27
32 0 U -1
33 0 U 5
34 1 U 18
35 0 L 34
36 1 U 35
37 1 U 15
38 1 U 37
39 1 U 38
40 1 U -1
41 0 L 25
42 1 U 5
43 1 U 18
44 1 U 43
45 0 U 44
46 0 U 45
47 0 U 40
48 1 U -1
49 0 U 48
50 1 U 44
51 0 U 50
52 0 U 51
53 0 L 38
54 1 U 53
55 1 U 23
56 0 L 47
57 0 U 56
58 1 U 57
59 0 L 49
60 1 U 59
61 1 U 26
62 1 L 27
63 0 L 61
64 0 U -1
65 1 U 64
66 0 U 23
67 0 U 66
68 1 U 67
69 1 U 4
70 0 U 69
71 1 U 70
72 1 U 26
73 1 U 12
74 1 U 73
75 1 U 74
76 1 U 75
77 1 L 4
78 0 L 69
79
0 0 L -1
1 0 L -1
2 0 U 1
3 1 U 2
4 1 U 3
5 1 U 4
6 0 U 5
7 1 U 5
8 0 U -1
9 1 U 8
10 1 U 9
11 1 U 9
12 1 U 11
13 1 U 12
14 1 U 13
15 0 U 4
16 1 U -1
17 0 U 16
18 0 U 17
19 0 L 11
20 1 U 19
21 1 U 20
22 0 U 21
23 1 U 22
24 0 L 1
25 1 U 24
26 0 U 8
27 0 U 26
28 0 U 27
29 1 U 28
30 0 L 16
31 1 L 27
32 0 U -1
33 0 U 5
34 0 U 33
35 0 L 34
36 1 U 35
37 0 U 33
38 1 U 37
39 1 U 38
40 1 U -1
41 0 L 25
42 1 U 5
43 1 U 18
44 1 U 43
45 0 U 44
46 0 U 45
47 0 U 40
48 1 U -1
49 0 U 48
50 1 U 44
51 0 U 50
52 0 U 51
53 0 L 38
54 1 U 53
55 1 L 3
56 1 U -1
57 0 U 56
58 1 U 57
59 0 U 58
60 1 U 59
61 1 U 26
62 1 U 61
63 1 U 27
64 0 U -1
65 1 U 64
66 0 L 12
67 0 U 0
68 1 U 67
69 1 U 4
70 0 U 69
71 0 U 8
72 1 L 46
73 1 U 12
74 1 U 73
75 1 U 74
76 1 U 75
77 1 L 13
78 0 L 69
79
0 0 L -1
1 1 U 0
2 0 U 1
3 1 U 2
4 1 U 3
5 1 U 4
6 0 U 5
7 1 U 5
8 0 U -1
9 1 U 8
10 1 U 9
11 0 U 10
12 1 U 11
13 1 U 12
14 1 U 13
15 0 L 2
16 1 U -1
17 0 U 16
18 0 U 17
19 1 U 18
20 1 U 19
21 1 U 20
22 0 U 21
23 1 U 22
24 0 U -1
25 1 U 24
26 0 U 8
27 0 U 26
28 0 U 27
29 1 U 28
30 0 L 16
31 1 L 27
32 0 U -1
33 0 U 5
34 0 U 33
35 0 L 34
36 1 U 35
37 0 U 33
38 1 U 31
39 1 U 38
40 1 U -1
41 0 L 25
42 1 U 5
43 1 U 18
44 1 U 43
45 0 U 44
46 1 L 28
47 0 U 40
48 1 U -1
49 0 U 48
50 1 U 44
51 0 L 9
52 0 U 51
53 0 L 38
54 1 U 53
55 1 L 3
56 1 U -1
57 0 U 56
58 1 U 57
59 0 U 58
60 1 U 59
61 1 U 26
62 1 U 61
63 0 U 62
64 0 U -1
65 1 U 64
66 0 U 65
67 0 U 66
68 1 U 67
69 1 U 4
70 0 U 69
71 0 U 53
72 1 L 46
73 1 U 12
74 0 U 16
75 1 U 74
76 1 U 75
77 1 L 13
78 0 L 69
79
0 0 L -1
1 1 U 0
2 0 U 1
3 1 U 2
4 1 U 3
5 1 U 4
6 0 U 5
7 1 U 1
8 0 U -1
9 1 U 8
10 1 U 9
11 0 U 10
12 1 U 11
13 1 U 12
14 1 U 13
15 1 U 14
16 1 U -1
17 0 U 16
18 0 U 17
19 1 U 18
20 1 U 19
21 1 U 20
22 0 U 21
23 1 U 22
24 0 U -1
25 0 L 10
26 0 U 8
27 0 U 26
28 0 U 27
29 0 U 18
30 0 L 16
31 1 L 27
32 0 U -1
33 0 U 5
34 0 L 8
35 0 L 34
36 1 U 35
37 0 U 33
38 1 U 37
39 1 U 38
40 1 U -1
41 0 L 25
42 1 U 5
43 1 U 0
44 1 U 43
45 0 U 44
46 0 U 45
47 0 U 40
48 1 U -1
49 0 U 48
50 1 U 44
51 0 U 50
52 0 U 51
53 0 L 38
54 1 U 53
55 1 L 3
56 1 U -1
57 0 U 56
58 0 L 38
59 0 U 58
60 1 U 59
61 1 U 26
62 1 L 37
63 0 U 62
64 0 U -1
65 1 U 64
66 0 U 65
67 0 U 66
68 1 U 67
69 1 U 4
70 0 U 69
71 1 U 70
72 1 L 46
73 1 U 12
74 1 U 73
75 1 U 74
76 1 U 75
77 1 L 13
78 0 L 69
79
0 0 L -1
1 1 U 0
2 0 U 1
3 1 U 2
4 1 U 3
5 1 U 4
6 1 L -1
7 1 U 5
8 0 U -1
9 1 U 8
10 1 U 9
11 0 U 10
12 1 U 11
13 0 U 2
14 1 U 13
15 1 U 14
16 1 U -1
17 0 U 16
18 0 U 17
19 1 U 18
20 1 U 19
21 1 U 20
22 0 U 21
23 1 U 22
24 0 U -1
25 1 U 24
26 0 U 8
27 0 U 26
28 0 U 27
29 1 U 28
30 0 L 3
31 1 L 27
32 0 U -1
33 0 U 5
34 0 L -1
35 0 L 34
36 1 U 35
37 0 U 33
38 1 U 37
39 0 L 33
40 1 U -1
41 0 L 25
42 1 U 5
43 1 U 18
44 1 U 43
45 0 U 44
46 0 U 45
47 0 U 14
48 1 U -1
49 0 U 48
50 1 U 35
51 0 U 50
52 0 U 51
53 0 L 38
54 1 U 53
55 1 L 3
56 1 U -1
57 0 U 56
58 1 U 57
59 0 U 58
60 1 U 59
61 1 U 26
62 1 U 61
63 0 U 62
64 0 U -1
65 1 U 64
66 0 U 65
67 0 U 66
68 1 U 67
69 1 U 4
70 0 U 69
71 1 U 70
72 1 L 46
73 1 U 12
74 1 U 73
75 1 U 74
76 1 U 75
77 1 L 13
78 0 L 69
79
0 0 L -1
1 1 U 0
2 0 U 1
3 1 U 2
4 1 U 3
5 1 U 4
6 0 U 5
7 1 U 5
8 1 L 0
9 1 U 8
10 1 L 0
11 0 U 10
12 1 U 11
13 1 U 12
14 0 U 13
15 1 U 14
16 1 U -1
17 0 U 16
18 0 U 17
19 1 U 18
20 1 U 19
21 1 U 20
22 0 U 21
23 1 U 22
24 0 U 2
25 1 U 24
26 0 U 8
27 0 U 26
28 0 U 27
29 1 L 4
30 0 L 16
31 1 L 27
32 0 U -1
33 0 U 5
34 0 U 33
35 0 L 34
36 1 U 35
37 0 U 33
38 1 U 37
39 1 U 38
40 1 U -1
41 0 L 25
42 1 U 5
43 1 U 18
44 0 L 0
45 0 U 44
46 0 U 45
47 0 U 40
48 1 U -1
49 0 U 48
50 1 U 44
51 0 U 50
52 0 U 51
53 0 L 38
54 1 U 53
55 1 L 3
56 1 U -1
57 0 U 56
58 1 U 57
59 0 U 58
60 1 U 59
61 1 U 26
62 1 U 61
63 0 U 62
64 0 U -1
65 1 U 64
66 0 U 65
67 0 U 66
68 0 L 4
69 1 U 4
70 0 U 69
71 1 U 70
72 1 L 46
73 1 U 12
74 1 U 73
75 1 U 74
76 0 L 51
77 1 L 13
78 0 L 69
79
0 0 L -1
1 1 U 0
2 0 U 1
3 1 U 2
4 1 U 3
5 1 U 4
6 0 U 5
7 1 U 5
8 0 U -1
9 1 U 8
10 1 U 9
11 1 L 0
12 1 U 11
13 1 U 12
14 1 L 1
15 1 U 14
16 1 U -1
17 0 U 4
18 0 U 17
19 1 L 0
20 1 U 19
21 1 U 20
22 0 U 21
23 1 U 22
24 0 U -1
25 0 U -1
26 0 U 8
27 0 U 26
28 0 L 7
29 1 U 28
30 0 L 16
31 1 L 27
32 0 U -1
33 0 U 5
34 0 U 33
35 0 L 34
36 1 U 35
37 0 U 33
38 1 U 37
39 1 U 38
40 1 U -1
41 0 L 25
42 0 L 37
43 1 U 18
44 1 U 43
45 0 U 44
46 0 U 34
47 0 U 40
48 1 U -1
49 1 U 30
50 1 U 44
51 0 U 50
52 0 U 51
53 0 L 38
54 1 U 53
55 1 U 39
56 1 U -1
57 0 U 56
58 1 U 54
59 0 U 53
60 1 U 59
61 1 U 26
62 1 U 61
63 0 U 62
64 0 U -1
65 1 U 64
66 0 U 65
67 0 U 66
68 1 U 67
69 1 U 4
70 0 L 42
71 1 U 70
72 1 L 46
73 1 U 12
74 1 U 73
75 1 U 74
76 1 U 75
77 1 L 13
78 0 L 69
79
0 0 L -1
1 0 L 0
2 0 U 1
3 1 U 2
4 1 U 3
5 1 U 4
6 0 U 5
7 1 U 5
8 0 U -1
9 1 U 8
10 1 U 9
11 0 U 10
12 1 U 11
13 1 U 12
14 1 U 13
15 1 U 14
16 1 U -1
17 0 U 16
18 0 U 17
19 1 U 18
20 1 U 19
21 1 U 20
22 0 U 21
23 1 U 1
24 0 U -1
25 1 U 0
26 0 U 8
27 0 L 7
28 0 U 27
29 1 U 28
30 0 L 16
31 1 L 27
32 0 U -1
33 0 U 5
34 0 U 33
35 0 L 34
36 1 U 35
37 0 U 9
38 1 U 37
39 1 U 38
40 1 U -1
41 0 L 25
42 1 U 5
43 1 U 18
44 1 U 43
45 0 U 44
46 0 U 45
47 0 U 40
48 1 U -1
49 0 U 48
50 1 U 44
51 0 U 50
52 0 U 51
53 0 L 38
54 1 U 53
55 1 L 3
56 1 U -1
57 0 U 56
58 1 U 57
59 0 U 58
60 1 U 59
61 1 U 26
62 1 U 61
63 0 U 62
64 0 U -1
65 1 U 64
66 0 U 65
67 0 U 66
68 1 U 67
69 1 U 4
70 0 U 69
71 1 U 70
72 0 L 17
73 1 U 12
74 1 U 73
75 1 U 74
76 1 U 75
77 1 L 1
78 0 L 69
79
0 0 L -1
1 1 U 0
2 0 U 1
3 1 U 2
4 1 U 3
5 1 U 4
6 0 U 5
7 1 U 5
8 0 U -1
9 1 U 8
10 1 U 9
11 0 U 10
12 1 U 11
13 1 L 12
14 1 U 13
15 1 U 14
16 1 U -1
17 0 U 16
18 0 U 17
19 1 U 18
20 1 U 19
21 1 U 20
22 0 U 21
23 1 U 22
24 0 U -1
25 1 U 24
26 0 U 8
27 0 U 26
28 1 U 9
29 1 U 28
30 0 L 16
31 1 L 27
32 0 U -1
33 0 U 5
34 0 U 33
35 0 L 34
36 1 U 35
37 0 U 33
38 1 U 37
39 1 U 38
40 1 U -1
41 0 L 25
42 1 U 5
43 1 U 18
44 1 U 43
45 1 L 36
46 0 U 45
47 0 U 40
48 1 U -1
49 0 U 48
50 1 U 44
51 0 U 50
52 0 U 51
53 0 L 38
54 1 U 53
55 1 L 3
56 1 U -1
57 0 U 56
58 1 U 57
59 0 U 58
60 1 U 59
61 1 U 26
62 1 U 61
63 0 U 62
64 0 U -1
65 1 U 64
66 1 U 63
67 0 U 66
68 1 U 67
69 1 U 4
70 0 U 69
71 1 U 70
72 1 L 46
73 1 U 12
74 1 U 73
75 0 L 65
76 1 U 75
77 1 L 13
78 0 L 69
79
0 0 L -1
1 1 U 0
2 0 U 1
3 1 U 2
4 1 U 3
5 1 U 4
6 0 U 5
7 1 U 5
8 0 L 5
9 1 U 8
10 1 U 9
11 0 U 10
12 1 U 11
13 1 U 12
14 1 U 13
15 1 U 14
16 1 U -1
17 0 U 16
18 0 U 17
19 1 U 18
20 1 U 19
21 1 U 20
22 0 U 21
23 1 U 22
24 0 U -1
25 1 U 24
26 1 L 13
27 0 U 26
28 0 U 27
29 1 U 28
30 0 L 16
31 1 L 27
32 0 U -1
33 0 U 5
34 0 U 33
35 0 L 34
36 1 U 35
37 0 U 33
38 1 U 37
39 1 U 38
40 0 U 12
41 0 L 25
42 1 U 5
43 1 U 18
44 1 U 43
45 0 U 44
46 0 U 45
47 0 U 40
48 1 U -1
49 0 U 48
50 1 U 44
51 0 U 50
52 0 L 40
53 0 L 38
54 1 U 53
55 1 L 3
56 1 U -1
57 0 U 56
58 1 U 57
59 0 U 58
60 1 U 59
61 1 U 26
62 1 U 61
63 0 U 62
64 0 U -1
65 1 U 64
66 1 L 10
67 0 U 66
68 1 U 67
69 1 U 4
70 0 U 69
71 0 L 59
72 1 L 46
73 1 U 12
74 1 U 73
75 1 U 74
76 1 U 75
77 1 L 13
78 0 L 69
79
0 0 L -1
1 1 U 0
2 0 U 1
3 1 U 2
4 1 U 3
5 1 U 4
6 0 U 5
7 1 U 5
8 0 U -1
9 1 U 8
10 1 U 2
11 0 U 10
12 1 U 11
13 1 U 12
14 1 U 13
15 1 U 14
16 1 U -1
17 0 U 16
18 0 U 17
19 1 U 18
20 1 U 19
21 1 L 12
22 0 U 21
23 1 U 22
24 0 U -1
25 1 U 24
26 0 U 8
27 0 U 26
28 0 U 27
29 1 U 28
30 0 L 16
31 1 L 27
32 0 U -1
33 0 U 5
34 0 U 33
35 0 L 34
36 1 U 35
37 1 U 10
38 1 U 37
39 1 U 22
40 1 U -1
41 0 L 25
42 1 U 5
43 1 U 18
44 1 U 43
45 0 U 44
46 0 U 45
47 0 U 40
48 1 U -1
49 0 U 48
50 1 U 44
51 0 L 18
52 0 U 51
53 0 L 38
54 1 L 18
55 1 L 3
56 1 U -1
57 0 U 56
58 1 U 57
59 0 U 58
60 1 U 59
61 1 U 26
62 1 U 61
63 0 L 41
64 0 U -1
65 1 U 64
66 0 U 65
67 0 U 66
68 1 U 67
69 1 U 4
70 0 U 69
71 1 U 70
72 1 L 46
73 1 U 12
74 1 U 73
75 1 U 74
76 1 U 75
77 1 L 13
78 0 L 69
79
0 0 L -1
1 1 U 0
2 0 U 1
3 1 L 1
4 1 U 3
5 1 U 4
6 0 U 5
7 1 U 5
8 0 U -1
9 1 U 8
10 1 U 9
11 0 U 10
12 1 U 11
13 1 U 12
14 1 U 13
15 1 U 14
16 1 U -1
17 0 U 16
18 0 U 17
19 1 U 18
20 1 U 19
21 1 U 20
22 1 L 12
23 1 U 22
24 0 U -1
25 1 U 24
26 0 U 8
27 0 U 26
28 0 L 19
29 1 U 28
30 0 L 16
31 1 L 27
32 0 U -1
33 0 U 5
34 0 U 33
35 0 L 34
36 1 U 35
37 1 U 11
38 1 U 37
39 1 U 38
40 1 U -1
41 0 L 25
42 1 U 5
43 1 U 18
44 1 U 43
45 0 U 44
46 0 U 45
47 0 U 40
48 1 U -1
49 0 U 9
50 1 U 44
51 0 U 50
52 0 U 51
53 0 L 38
54 1 U 53
55 1 L 3
56 1 U -1
57 0 U 56
58 1 U 57
59 0 U 58
60 1 U 59
61 1 U 26
62 0 U 39
63 0 L 14
64 0 U -1
65 0 U 56
66 0 U 65
67 0 U 66
68 0 L 30
69 1 U 4
70 0 U 69
71 1 U 70
72 1 L 46
73 1 U 12
74 1 U 73
75 1 U 74
76 1 U 75
77 1 L 13
78 0 L 69
79
0 0 L -1
1 1 U 0
2 0 U 0
3 1 U 2
4 1 U 3
5 1 U 4
6 0 U 5
7 1 U 5
8 0 U -1
9 1 U 8
10 1 U 9
11 0 U 10
12 1 U 11
13 1 U 12
14 1 U 13
15 1 U 14
16 1 U -1
17 0 U 16
18 0 U 17
19 1 U 18
20 1 U 19
21 1 U 20
22 0 U 21
23 1 U 22
24 0 U -1
25 1 U 24
26 0 U 8
27 0 U 26
28 0 U 27
29 1 U 28
30 0 U 16
31 1 L 27
32 0 U -1
33 0 U 5
34 0 U 33
35 0 L 34
36 1 L 11
37 0 U 33
38 1 U 37
39 1 U 38
40 1 U -1
41 0 L 25
42 1 U 5
43 1 U 18
44 1 U 43
45 0 U 44
46 0 U 45
47 0 U 40
48 1 U -1
49 0 U 48
50 1 U 44
51 1 U 40
52 0 U 10
53 0 L 38
54 1 U 53
55 1 L 3
56 1 U -1
57 1 U 29
58 1 U 57
59 1 L 29
60 1 U 59
61 1 U 26
62 1 U 61
63 0 U 62
64 0 U -1
65 1 L 41
66 0 U 65
67 1 L 48
68 1 U 67
69 0 L 18
70 0 U 69
71 1 U 70
72 1 L 46
73 1 U 12
74 1 U 73
75 1 U 74
76 1 U 75
77 1 L 13
78 0 L 69
79
0 0 U -1
1 1 U 0
2 0 U 1
3 1 U 2
4 1 U 3
5 1 U 4
6 0 U 5
7 1 U 5
8 0 U -1
9 1 U 8
10 1 U 9
11 0 U 10
12 1 U 11
13 1 U 12
14 1 U 13
15 1 U 14
16 1 U -1
17 0 U 16
18 0 U 17
19 1 U 18
20 1 U 19
21 1 U 20
22 0 U 21
23 1 L 18
24 0 U -1
25 0 L 18
26 0 U 8
27 0 U 26
28 0 U 27
29 1 U 28
30 0 L 16
31 1 L 27
32 0 U -1
33 0 U 5
34 0 U 33
35 0 L 34
36 1 U 35
37 0 U 33
38 1 U 37
39 1 U 38
40 1 U -1
41 0 L 25
42 1 U 5
43 1 U 18
44 1 U 43
45 0 U 44
46 0 U 45
47 0 U 40
48 1 U -1
49 0 U 48
50 1 U 44
51 0 U 50
52 0 U 51
53 0 L 38
54 1 U 53
55 1 L 3
56 1 U -1
57 0 U 56
58 1 U 57
59 0 U 58
60 1 U 59
61 1 U 26
62 0 U 34
63 0 U 62
64 0 U -1
65 1 U 64
66 0 U 65
67 0 U 66
68 1 U 67
69 1 U 4
70 0 U 69
71 1 U 70
72 1 L 46
73 0 U 60
74 1 U 73
75 1 U 74
76 1 U 75
77 0 L 20
78 0 L 69
79
0 0 L -1
1 0 U -1
2 0 U 1
3 1 U 2
4 1 U 3
5 1 U 4
6 0 U 5
7 1 U 5
8 0 U -1
9 1 U 8
10 1 U 9
11 0 U 10
12 1 U 11
13 1 U 12
14 1 U 13
15 1 U 14
16 1 U -1
17 0 U 16
18 0 U 17
19 1 U 18
20 1 U 19
21 1 U 20
22 0 U 21
23 1 U 22
24 0 U -1
25 1 L 11
26 0 U 8
27 0 U 26
28 0 U 27
29 1 U 28
30 0 L 16
31 1 L 27
32 0 U -1
33 0 U 5
34 0 U 33
35 1 L 0
36 1 U 35
37 0 U 33
38 1 U 37
39 1 U 38
40 1 U -1
41 0 L 25
42 1 U 5
43 1 U 18
44 1 L 8
45 0 U 44
46 0 U 45
47 0 U 40
48 0 U 47
49 0 U 48
50 1 U 44
51 0 U 50
52 0 U 51
53 0 L 38
54 1 U 53
55 1 L 3
56 1 U -1
57 0 U 56
58 1 U 57
59 0 U 58
60 1 U 59
61 1 U 26
62 1 U 61
63 0 U 62
64 0 U -1
65 1 U 64
66 0 U 65
67 0 U 66
68 1 U 67
69 1 L 11
70 0 U 69
71 1 U 70
72 1 L 46
73 1 U 12
74 1 U 73
75 1 U 74
76 1 U 75
77 1 L 13
78 0 L 69
79
0 0 L -1
1 0 U -1
2 0 U 1
3 1 U 2
4 1 U 3
5 1 U 4
6 0 U 5
7 1 U 5
8 0 U -1
9 1 U 4
10 1 U 9
11 0 U 10
12 1 U 11
13 1 U 12
14 1 U 13
15 1 U 14
16 1 U -1
17 1 U 9
18 0 U 17
19 1 U 18
20 1 U 19
21 1 U 20
22 0 U 21
23 1 U 22
24 0 U -1
25 1 L 11
26 0 U 8
27 0 U 26
28 0 U 27
29 1 U 28
30 0 L 16
31 1 L 27
32 0 U -1
33 0 U 5
34 0 U 33
35 1 L 0
36 1 U 35
37 0 U 33
38 1 U 37
39 1 U 38
40 1 U -1
41 0 L 25
42 1 U 5
43 1 U 18
44 1 L 8
45 0 U 44
46 0 U 45
47 0 U 40
48 0 U 47
49 0 U 48
50 1 U 44
51 0 U 50
52 0 U 51
53 0 L 38
54 1 U 53
55 1 L 3
56 1 U -1
57 0 U 56
58 0 L 21
59 0 U 58
60 1 U 59
61 1 U 1
62 1 U 61
63 0 U 62
64 0 U -1
65 1 U 64
66 0 U 65
67 0 U 66
68 1 U 67
69 1 L 11
70 0 U 69
71 1 U 50
72 1 L 46
73 1 U 12
74 1 U 73
75 1 U 74
76 0 U 18
77 1 L 13
78 0 L 69
79
0 0 L -1
1 0 U -1
2 0 U 1
3 1 U -1
4 1 U 3
5 1 U 4
6 0 U 5
7 1 U 5
8 0 U -1
9 1 U 8
10 1 U 9
11 0 U 10
12 1 U 11
13 1 U 12
14 1 U 13
15 1 U 14
16 0 U 12
17 0 U 16
18 0 U 17
19 1 U 18
20 1 U 19
21 1 U 20
22 0 U 21
23 0 L 8
24 0 L 2
25 1 L 11
26 0 U 8
27 0 U 26
28 1 U 3
29 1 U 28
30 1 L 9
31 1 L 27
32 0 U -1
33 0 U 5
34 0 U 33
35 1 L 0
36 0 L 30
37 0 U 33
38 1 U 37
39 1 U 38
40 1 U -1
41 0 U 29
42 1 U 5
43 1 U 18
44 1 L 8
45 0 U 44
46 0 U 45
47 0 U 40
48 0 U 47
49 0 U 48
50 1 U 44
51 0 U 50
52 0 U 51
53 0 L 38
54 1 U 53
55 0 U 35
56 1 U -1
57 0 U 56
58 1 U 57
59 0 U 58
60 1 U 59
61 1 U 26
62 1 U 61
63 0 U 62
64 0 U -1
65 1 U 64
66 0 U 65
67 0 U 66
68 1 U 67
69 0 L 60
70 1 U 51
71 1 U 70
72 1 L 46
73 1 U 12
74 1 U 73
75 1 U 74
76 1 U 75
77 1 L 13
78 0 L 69
79
0 0 L -1
1 0 U -1
2 0 L 1
3 1 U 2
4 1 U 3
5 1 U 4
6 0 U 5
7 1 U 5
8 0 U -1
9 1 U 8
10 0 L 3
11 0 U 10
12 1 U 11
13 1 U 12
14 1 U 13
15 1 U 14
16 1 U -1
17 0 U 16
18 1 L 6
19 1 U 18
20 1 U 19
21 1 U 20
22 0 U 21
23 1 U 22
24 0 U -1
25 1 L 11
26 0 U 8
27 0 U 26
28 0 U 27
29 1 U 28
30 0 L 16
31 1 L 27
32 0 U -1
33 0 U 5
34 0 U 33
35 1 L 0
36 1 U 35
37 0 U 33
38 1 U 37
39 1 U 38
40 1 U -1
41 0 L 25
42 1 U 5
43 1 U 18
44 1 L 8
45 0 U 44
46 1 U 17
47 1 U 14
48 0 U 47
49 0 U 48
50 1 U 26
51 0 U 50
52 0 U 51
53 0 L 38
54 1 U 53
55 1 L 3
56 1 U -1
57 0 U 56
58 1 U 57
59 0 U 58
60 1 U 59
61 1 U 26
62 1 U 61
63 0 U 62
64 1 U 55
65 1 U 64
66 0 U 65
67 0 U 66
68 1 U 67
69 1 L 11
70 0 U 18
71 1 U 70
72 1 L 46
73 1 U 12
74 1 U 73
75 1 U 74
76 1 U 75
77 1 L 13
78 0 L 69
79
0 0 L -1
1 0 U -1
2 0 U 1
3 1 U 2
4 1 U 3
5 1 U 4
6 0 U 5
7 1 U 5
8 0 U -1
9 1 U 8
10 1 U 9
11 0 U 10
12 1 U 11
13 1 U 12
14 1 U 13
15 1 U 14
16 1 U -1
17 0 U 16
18 1 L 14
19 1 U 18
20 1 U 19
21 1 U 20
22 0 U 21
23 1 U 22
24 0 U -1
25 1 L 11
26 0 U 8
27 0 U 26
28 0 U 27
29 1 U 28
30 0 L 16
31 1 L 27
32 0 U -1
33 0 U 5
34 0 U 33
35 1 L 0
36 1 U 35
37 0 U 33
38 1 U 37
39 1 U 38
40 1 U -1
41 0 L 25
42 1 U 5
43 1 U 18
44 1 L 8
45 0 U 44
46 0 U 45
47 0 U 40
48 0 U 47
49 0 U 48
50 1 U 44
51 1 L 22
52 0 U 51
53 0 L 38
54 1 U 53
55 1 L 3
56 1 U -1
57 0 U 56
58 1 U 57
59 1 L 0
60 1 U 59
61 1 U 26
62 1 U 61
63 0 U 62
64 0 U -1
65 1 U 64
66 0 U 65
67 0 U 66
68 1 U 67
69 1 U 38
70 0 U 69
71 1 U 70
72 1 L 46
73 1 U 12
74 1 U 73
75 1 U 74
76 1 U 75
77 1 L 13
78 0 L 69
79
0 0 L -1
1 0 U -1
2 0 U 1
3 1 U 2
4 1 U 3
5 1 U 4
6 0 U 5
7 1 U 5
8 1 U 3
9 1 U 8
10 1 U 9
11 0 U 10
12 1 U 11
13 0 L 5
14 1 U 13
15 0 L 14
16 1 U -1
17 0 U 16
18 0 U 17
19 1 U 18
20 1 U 19
21 1 U 20
22 0 U 21
23 1 U 22
24 0 U -1
25 1 L 11
26 0 U 8
27 0 U 26
28 0 U 27
29 1 L 9
30 0 L 16
31 1 L 27
32 0 U -1
33 0 U 5
34 0 U 33
35 0 L 15
36 1 U 35
37 0 U 33
38 1 U 37
39 1 U 38
40 1 U -1
41 0 L 25
42 1 U 5
43 1 U 18
44 1 L 8
45 0 U 44
46 0 U 45
47 0 U 40
48 0 U 47
49 0 U 48
50 0 L 9
51 0 U 50
52 0 U 44
53 0 L 38
54 1 U 53
55 1 L 3
56 1 U -1
57 0 U 56
58 1 U 57
59 0 U 58
60 1 U 59
61 1 U 26
62 1 U 61
63 0 U 62
64 0 U -1
65 1 U 64
66 0 U 65
67 0 U 66
68 1 U 67
69 1 L 11
70 1 L 50
71 1 U 70
72 1 L 46
73 1 U 12
74 1 U 65
75 1 U 74
76 1 U 75
77 1 L 13
78 0 L 69
79
0 0 L -1
1 0 U -1
2 0 U 1
3 1 U 2
4 1 U 3
5 1 U 4
6 0 U 5
7 1 U 5
8 0 U -1
9 1 U 8
10 1 U 9
11 0 U 10
12 1 U 11
13 1 U 12
14 1 U 13
15 1 U 14
16 1 U -1
17 0 U 16
18 0 U 17
19 1 U 18
20 0 L 2
21 1 U 20
22 1 U 0
23 1 U 22
24 0 U -1
25 1 L 11
26 0 U 8
27 0 U 26
28 0 U 27
29 1 U 28
30 0 L 16
31 1 L 27
32 0 U -1
33 0 U 5
34 0 U 3
35 1 L 0
36 0 L -1
37 0 U 33
38 1 U 37
39 1 U 38
40 1 U -1
41 0 L 25
42 1 U 5
43 1 U 18
44 1 L 34
45 0 U 44
46 0 U 45
47 0 U 40
48 0 U 47
49 0 U 48
50 1 U 44
51 0 U 50
52 0 U 51
53 0 L 38
54 1 U 53
55 1 L 3
56 1 U -1
57 0 U 56
58 1 U 57
59 0 U 58
60 1 U 59
61 1 U 26
62 1 U 61
63 0 U 62
64 0 U -1
65 1 U 64
66 1 L 12
67 0 U 66
68 1 U 67
69 1 L 11
70 0 U 69
71 1 U 70
72 1 L 46
73 1 U 12
74 1 U 73
75 1 U 74
76 1 U 75
77 1 L 13
78 0 L 69
