91
0 1 U -1
1 0 U 0
2 0 U 1
3 1 U 2
4 1 U 3
5 0 U 4
6 0 U 5
7 0 U 6
8 1 U 7
9 1 U -1
10 1 U 9
11 1 U 10
12 1 U 11
13 0 U 12
14 1 U 13
15 1 U 14
16 0 U 15
17 1 U 16
18 0 U -1
19 0 U 18
20 0 U 19
21 0 U 20
22 0 U 21
23 1 U 22
24 1 U 23
25 1 U 24
26 0 U 25
27 0 U -1
28 0 U 27
29 1 U 28
30 0 U 29
31 1 U 30
32 0 U 31
33 1 U 32
34 1 U 33
35 1 U 34
36 0 U -1
37 1 U 36
38 1 U 37
39 0 U 38
40 0 U 39
41 0 U 40
42 0 U 41
43 1 U 42
44 1 U 43
45 1 U -1
46 1 U 45
47 0 U 46
48 1 U 47
49 0 U 48
50 0 U 49
51 0 U 50
52 1 U 51
53 0 U 52
54 1 U -1
55 1 U 54
56 0 U 55
57 0 U 56
58 0 U 57
59 0 U 58
60 1 U 59
61 0 U 60
62 1 U 61
63 1 U -1
64 1 U 63
65 1 U 64
66 1 U 65
67 0 U 66
68 1 U 67
69 0 U 68
70 0 U 69
71 1 U 70
72 0 U -1
73 0 U 72
74 1 U 73
75 1 U 74
76 1 U 75
77 0 U 76
78 1 U 77
79 0 U 78
80 0 U 79
81 0 U -1
82 1 U 81
83 0 U 82
84 1 U 83
85 0 U 84
86 1 U 85
87 0 U 86
88 1 U 87
89 1 U 88
90 1 U -1
91
0 1 U -1
1 1 L -1
2 0 U 1
3 1 L -1
4 1 U 3
5 0 U 4
6 0 U 5
7 0 U 6
8 1 U 7
9 1 U -1
10 1 U 9
11 1 U 10
12 0 L 3
13 0 U 12
14 1 U 13
15 1 U 14
16 0 U 15
17 1 U 16
18 0 U -1
19 0 U 18
20 0 U 19
21 1 L 15
22 0 U 21
23 1 U 22
24 1 U 23
25 1 U 24
26 0 U 25
27 0 U -1
28 0 L 18
29 1 U 28
30 0 U 29
31 1 U 30
32 0 U 31
33 1 U 32
34 1 U 33
35 1 U 34
36 0 U -1
37 1 U 36
38 1 U 37
39 0 U 38
40 0 U 39
41 0 U 40
42 0 L 22
43 1 U 42
44 1 U 1
45 1 U -1
46 1 U 45
47 0 U 46
48 1 U 47
49 0 U 48
50 0 U 49
51 0 U 50
52 1 U 51
53 0 U 52
54 1 U -1
55 1 L 52
56 0 U 55
57 0 U 56
58 0 U 57
59 0 U 58
60 1 U 59
61 0 L 23
62 0 U 4
63 1 U -1
64 1 L 20
65 1 U 64
66 1 U 65
67 1 L 58
68 1 U 67
69 0 U 68
70 0 U 69
71 1 U 34
72 1 L 67
73 0 U 72
74 1 U 73
75 1 U 74
76 1 U 75
77 0 U 76
78 0 L 36
79 0 U 78
80 0 U 79
81 0 U -1
82 1 U 81
83 0 L 57
84 1 U 83
85 0 U 84
86 1 U 85
87 0 U 86
88 1 U 87
89 1 U 88
90 1 U -1
91
0 1 U -1
1 1 L -1
2 0 U 1
3 1 L -1
4 1 U 3
5 0 U 4
6 0 U 5
7 0 U 6
8 1 U 7
9 1 U -1
10 1 U 9
11 1 U 10
12 0 L 3
13 0 U 12
14 1 U 13
15 1 U 14
16 1 L 13
17 1 U 16
18 0 U -1
19 0 U 18
20 0 U 19
21 1 L 15
22 0 U 21
23 1 U 22
24 1 U 23
25 1 U 24
26 0 U 25
27 0 U -1
28 0 L 18
29 1 U 28
30 0 U 29
31 0 U 1
32 0 U 31
33 1 U 32
34 1 U 33
35 1 U 34
36 0 U -1
37 1 U 36
38 1 U 37
39 1 U 11
40 0 U 39
41 0 U 40
42 0 L 22
43 1 U 42
44 1 U 1
45 1 U -1
46 1 U 45
47 0 U 46
48 1 U 47
49 0 U 48
50 0 U 49
51 0 L 12
52 1 U 51
53 0 U 52
54 1 U -1
55 1 L 52
56 0 U 55
57 0 U 56
58 0 U 57
59 0 L 5
60 1 U 59
61 0 L 23
62 0 U 4
63 1 U -1
64 1 L 20
65 1 U 64
66 1 U 65
67 1 L 58
68 0 U 64
69 0 U 68
70 1 L 44
71 1 U 34
72 1 L 67
73 0 U 72
74 1 U 73
75 1 L 64
76 1 U 75
77 0 U 76
78 0 L 36
79 0 U 78
80 0 U 79
81 0 U -1
82 1 U 81
83 0 L 57
84 1 U 83
85 0 U 84
86 1 U 85
87 0 U 86
88 1 U 87
89 1 U 88
90 1 U -1
91
0 1 U -1
1 1 L -1
2 0 U 1
3 1 L -1
4 1 U 3
5 0 U 4
6 0 U 5
7 0 U 6
8 1 U 7
9 1 U -1
10 1 U 9
11 1 U 10
12 0 L 3
13 0 U 12
14 1 U 13
15 1 U 14
16 1 L 13
17 1 U 16
18 0 U -1
19 0 U 18
20 0 U 19
21 1 L 15
22 0 U 21
23 1 U 22
24 1 U 23
25 1 U 24
26 0 U 25
27 0 U -1
28 0 L 18
29 1 U 28
30 0 U 29
31 0 U 1
32 0 U 31
33 1 U 32
34 1 U 33
35 1 U 34
36 0 U -1
37 1 U 36
38 1 U 37
39 1 U 11
40 0 U 6
41 0 U 40
42 0 L 22
43 1 U 42
44 1 U 1
45 1 U -1
46 1 U 45
47 0 U 46
48 1 U 47
49 0 U 48
50 0 U 49
51 0 L 12
52 1 U 51
53 0 U 52
54 1 U -1
55 1 L 52
56 0 U 55
57 0 U 56
58 0 U 57
59 0 L 5
60 1 L 48
61 1 U 14
62 0 U 4
63 1 U -1
64 1 L 20
65 1 U 64
66 1 U 65
67 1 L 58
68 0 U 64
69 1 U 29
70 1 L 44
71 1 U 34
72 1 U 2
73 0 U 72
74 1 U 73
75 1 L 64
76 1 U 75
77 0 U 76
78 0 L 36
79 0 U 78
80 0 L 4
81 0 U -1
82 1 U 81
83 0 L 57
84 1 U 83
85 0 U 84
86 1 U 85
87 0 U 86
88 1 U 87
89 1 L 40
90 1 U -1
91
0 1 U -1
1 1 L -1
2 0 U 1
3 1 U -1
4 1 U 3
5 0 L 3
6 0 U 5
7 1 U 6
8 1 U 7
9 0 L 5
10 1 U 9
11 1 U 10
12 0 L 3
13 0 U 12
14 1 U 13
15 1 U 14
16 1 U 1
17 1 U 16
18 0 U -1
19 0 U 18
20 0 U 19
21 1 L 15
22 0 L 11
23 1 U 22
24 1 L 16
25 1 U 24
26 0 U 25
27 0 U -1
28 0 L 18
29 1 U 28
30 0 U 29
31 0 U 1
32 0 U 31
33 1 U 32
34 1 U 33
35 1 U 34
36 0 U -1
37 1 U 36
38 1 U 37
39 1 L 26
40 0 U 39
41 0 U 40
42 0 L 22
43 1 U 42
44 1 U 40
45 1 U -1
46 1 U 45
47 0 U 46
48 1 U 47
49 1 L 22
50 0 U 49
51 0 L 12
52 1 U 51
53 0 U 52
54 1 U -1
55 1 L 52
56 0 U 55
57 0 U 56
58 0 U 57
59 0 L 5
60 1 U 59
61 0 L 23
62 0 U 16
63 1 U -1
64 1 L 20
65 1 U 64
66 1 U 65
67 0 L 45
68 1 U 9
69 0 U 68
70 1 L 44
71 1 U 34
72 1 L 67
73 0 U 72
74 1 U 73
75 1 L 64
76 1 U 75
77 0 U 35
78 0 L 36
79 0 U 78
80 0 U 79
81 0 U -1
82 1 U 81
83 0 L 57
84 1 U 83
85 0 U 84
86 1 U 85
87 0 U 86
88 1 U 87
89 1 U 88
90 1 U -1
91
0 1 U -1
1 1 L -1
2 1 U 1
3 1 L -1
4 1 U 3
5 0 U 4
6 0 U 5
7 0 U 6
8 1 U 7
9 1 U -1
10 1 U 9
11 1 U 10
12 0 L 3
13 0 U 12
14 0 L 9
15 1 U 14
16 1 L 13
17 1 U 16
18 0 U -1
19 0 U 18
20 0 U 19
21 1 L 15
22 1 U 17
23 1 U 22
24 1 U 23
25 1 U 24
26 0 U 25
27 0 U -1
28 0 L 18
29 1 U 28
30 0 U 29
31 0 U 1
32 0 U 31
33 1 U 32
34 1 U 33
35 1 U 34
36 0 U -1
37 1 U 36
38 1 U 37
39 1 U 11
40 0 U 39
41 0 U 40
42 0 L 22
43 1 U 42
44 1 U 1
45 1 U -1
46 1 U 45
47 0 U 46
48 1 U 47
49 0 U 48
50 0 U 49
51 0 L 39
52 1 U 51
53 0 U 52
54 1 U -1
55 1 L 52
56 0 U 55
57 0 U 56
58 0 U 57
59 0 L 5
60 1 U 59
61 0 L 23
62 0 U 4
63 1 L 6
64 1 L 20
65 1 U 64
66 1 U 65
67 1 L 58
68 0 U 64
69 0 U 68
70 0 U 35
71 1 U 34
72 1 L 67
73 0 U 72
74 1 U 73
75 1 L 64
76 1 U 75
77 0 U 76
78 0 L 36
79 0 U 78
80 1 U 31
81 0 U -1
82 1 U 81
83 0 L 57
84 1 U 83
85 0 U 84
86 1 U 85
87 0 U 86
88 1 U 87
89 1 U 88
90 1 U -1
91
0 0 L -1
1 1 L -1
2 0 U 1
3 1 L -1
4 1 U 3
5 0 U 4
6 0 U 1
7 0 U 6
8 1 U 7
9 1 L 1
10 1 U 9
11 1 U 10
12 0 L 9
13 0 U 12
14 1 U 13
15 1 U 14
16 1 L 13
17 1 U 16
18 0 U -1
19 0 U 18
20 0 L 11
21 1 L 15
22 0 L 3
23 1 U 22
24 1 U 23
25 1 U 24
26 0 U 25
27 0 U -1
28 0 L 18
29 1 U 28
30 0 U 29
31 0 U 1
32 1 L 7
33 1 U 32
34 1 U 33
35 1 U 34
36 1 L 24
37 1 U 36
38 1 U 37
39 1 U 11
40 0 U 39
41 0 U 40
42 0 L 22
43 1 U 42
44 1 U 1
45 1 U -1
46 1 U 45
47 0 U 46
48 1 U 47
49 0 U 48
50 0 U 49
51 0 L 12
52 1 U 51
53 0 U 52
54 1 U -1
55 1 L 52
56 0 U 55
57 0 U 56
58 0 U 57
59 0 L 5
60 0 U 28
61 0 L 23
62 0 U 4
63 1 U -1
64 0 U 60
65 1 U 64
66 1 U 65
67 1 L 58
68 0 U 64
69 0 U 68
70 1 L 44
71 1 U 34
72 1 L 67
73 0 U 72
74 1 U 73
75 1 L 64
76 1 U 75
77 0 U 76
78 0 L 36
79 0 U 78
80 0 U 79
81 0 U -1
82 1 U 81
83 0 L 57
84 1 U 83
85 0 U 84
86 1 U 85
87 0 U 86
88 1 U 87
89 0 U 28
90 1 U -1
91
0 1 U -1
1 1 L -1
2 0 U 1
3 1 L -1
4 1 U 3
5 0 U 4
6 0 U 5
7 0 U 6
8 1 U 7
9 1 U -1
10 1 U 9
11 1 U 10
12 0 L 3
13 0 U 12
14 1 U 13
15 1 U 14
16 1 L 13
17 1 U 16
18 0 U -1
19 0 U 18
20 0 U 19
21 1 L 15
22 0 U 21
23 1 U 22
24 1 U 23
25 1 U 24
26 0 U 25
27 0 U -1
28 0 L 18
29 1 U 28
30 0 U 29
31 0 U 1
32 0 L 20
33 1 U 32
34 1 U 33
35 0 U 32
36 0 U -1
37 1 U 36
38 1 U 37
39 1 U 11
40 1 L 20
41 0 U 40
42 0 L 22
43 1 U 42
44 1 U 1
45 1 U -1
46 1 U 45
47 0 U 46
48 1 U 47
49 0 U 48
50 0 U 49
51 0 L 12
52 1 U 51
53 0 U 52
54 0 L 23
55 1 L 52
56 0 U 55
57 0 U 56
58 0 U 57
59 0 L 5
60 1 U 59
61 0 L 23
62 0 U 4
63 1 U -1
64 1 L 20
65 1 U 64
66 1 U 65
67 1 L 58
68 0 U 64
69 0 U 68
70 1 U 38
71 1 U 34
72 1 L 67
73 0 U 72
74 1 U 73
75 1 L 64
76 1 U 69
77 0 U 76
78 0 L 36
79 0 U 78
80 0 U 79
81 0 L 74
82 1 U 81
83 1 U 64
84 1 L 62
85 0 U 84
86 1 U 85
87 0 U 86
88 1 U 87
89 1 U 88
90 1 U -1
91
0 0 U -1
1 1 L -1
2 0 U 1
3 1 L -1
4 1 U 3
5 0 U 4
6 0 U 5
7 0 U 6
8 1 U 7
9 1 U -1
10 1 U 9
11 1 U 10
12 0 L 3
13 0 U 12
14 1 U 13
15 1 U 14
16 1 L 13
17 1 U 16
18 0 U -1
19 0 U 18
20 0 U 19
21 1 L 15
22 0 U 21
23 1 U 22
24 1 U 23
25 1 U 24
26 0 U 25
27 0 U -1
28 0 L 18
29 0 L 15
30 0 U 29
31 0 U 21
32 0 U 31
33 1 U 32
34 0 U 14
35 1 U 34
36 0 U -1
37 1 U 36
38 1 U 37
39 1 U 11
40 0 U 39
41 0 U 40
42 0 L 22
43 1 U 42
44 1 U 1
45 1 U -1
46 1 U 45
47 0 U 46
48 0 L 13
49 0 U 48
50 0 U 49
51 0 L 12
52 1 U 51
53 0 U 52
54 1 U -1
55 0 L 37
56 0 U 34
57 0 U 56
58 0 U 57
59 0 L 5
60 1 U 59
61 0 L 23
62 0 U 4
63 1 U -1
64 1 L 20
65 1 U 64
66 1 L 38
67 1 L 58
68 0 U 64
69 0 U 68
70 1 L 44
71 1 U 34
72 1 L 67
73 0 U 72
74 1 U 73
75 1 L 64
76 1 U 75
77 0 U 76
78 0 L 36
79 0 U 78
80 0 U 79
81 0 U -1
82 1 U 81
83 0 L 57
84 1 U 83
85 0 U 84
86 0 L 72
87 0 U 86
88 1 U 79
89 1 U 88
90 1 U -1
91
0 1 U -1
1 1 L -1
2 0 U 1
3 1 L -1
4 1 U 3
5 0 U 4
6 0 U 5
7 0 U 6
8 1 U 7
9 1 U -1
10 1 U 6
11 1 U 10
12 0 L 3
13 0 U 12
14 1 U 13
15 1 U 14
16 1 L 13
17 1 U 16
18 0 U -1
19 0 U 18
20 0 U 19
21 1 L 15
22 0 U 21
23 1 U 22
24 1 U 23
25 1 U 24
26 0 U 25
27 0 U -1
28 0 L 18
29 1 U 28
30 0 U 29
31 0 U 1
32 0 U 31
33 1 U 32
34 1 U 33
35 0 L 12
36 0 U -1
37 1 U 36
38 1 U 37
39 1 U 11
40 0 U 39
41 0 U 40
42 0 L 22
43 1 U 42
44 1 U 1
45 1 U -1
46 1 U 45
47 0 U 46
48 1 U 47
49 0 U 48
50 0 U 49
51 0 L 12
52 1 U 51
53 0 U 52
54 1 U -1
55 1 U 21
56 0 U 55
57 0 U 56
58 0 U 57
59 0 L 5
60 1 U 59
61 0 L 23
62 0 U 4
63 1 U -1
64 1 L 20
65 1 U 64
66 1 U 65
67 1 L 58
68 0 U 64
69 0 U 1
70 1 L 44
71 1 U 34
72 1 L 67
73 0 U 72
74 1 U 73
75 1 L 64
76 1 U 75
77 0 L 24
78 0 L 36
79 0 U 78
80 0 U 79
81 0 U -1
82 1 U 81
83 0 L 57
84 1 U 83
85 0 U 84
86 1 U 85
87 0 U 86
88 1 U 87
89 1 U 88
90 1 U -1
91
0 1 U -1
1 1 L -1
2 0 U 1
3 1 L -1
4 1 U 3
5 0 U 4
6 0 U 5
7 0 U 6
8 1 U 7
9 1 U -1
10 1 U 9
11 1 U 10
12 0 L 3
13 0 U 12
14 1 U 13
15 1 U 14
16 1 L 13
17 1 U 16
18 0 U -1
19 0 U 18
20 0 L 6
21 1 L 15
22 0 U 21
23 1 U 22
24 1 U 23
25 1 U 24
26 0 U 25
27 0 U -1
28 0 L 18
29 1 U 28
30 0 U 29
31 0 U 1
32 0 U 31
33 1 U 32
34 1 U 33
35 1 U 34
36 0 U -1
37 1 U 36
38 0 L 23
39 1 U 11
40 0 U 39
41 0 U 40
42 0 L 22
43 1 U 42
44 1 U 1
45 0 L 17
46 1 U 45
47 0 U 46
48 1 U 47
49 0 L 5
50 0 U 49
51 0 L 12
52 1 U 51
53 0 U 4
54 1 U -1
55 1 L 52
56 0 U 55
57 0 U 56
58 0 U 57
59 0 L 5
60 1 U 59
61 0 L 23
62 0 U 4
63 1 U -1
64 1 L 20
65 1 U 64
66 1 U 65
67 0 U 25
68 0 U 64
69 0 U 68
70 1 L 44
71 1 U 34
72 1 L 67
73 0 U 5
74 1 U 73
75 1 L 64
76 1 U 75
77 0 U 76
78 0 L 36
79 0 U 78
80 0 U 79
81 0 U -1
82 1 U 81
83 0 L 57
84 1 U 83
85 0 U 84
86 0 L 42
87 0 U 86
88 1 U 87
89 1 U 88
90 1 U -1
91
0 1 U -1
1 1 L -1
2 0 U 1
3 1 L -1
4 1 U 3
5 0 U 4
6 0 U 5
7 0 U 6
8 1 U 7
9 1 U -1
10 1 U 9
11 1 U 10
12 0 L 3
13 0 U 12
14 1 U 13
15 1 U 14
16 1 L 13
17 1 U 16
18 0 U -1
19 0 U 18
20 0 U 19
21 1 L 15
22 0 U 21
23 1 U 22
24 1 U 23
25 1 U 24
26 0 U 25
27 0 U -1
28 0 L 18
29 1 U 28
30 0 U 29
31 0 U 1
32 0 U 31
33 1 U 32
34 1 U 33
35 1 U 34
36 0 U -1
37 1 U 36
38 1 U 37
39 1 U 11
40 0 U 39
41 0 U 40
42 0 L 22
43 1 U 42
44 1 U 1
45 0 U 41
46 1 U 45
47 0 U 46
48 1 U 47
49 0 U 48
50 0 L 41
51 0 L 12
52 1 U 51
53 0 U 52
54 1 U -1
55 1 L 52
56 0 U 55
57 0 U 56
58 0 U 57
59 0 L 5
60 1 U 59
61 0 L 23
62 0 L 29
63 1 U 0
64 1 L 20
65 1 U 64
66 0 L 26
67 1 L 58
68 0 U 64
69 0 U 68
70 1 L 44
71 1 U 34
72 1 L 67
73 0 U 72
74 1 U 73
75 1 L 64
76 1 U 75
77 0 U 76
78 0 L 36
79 0 U 78
80 0 U 79
81 0 U -1
82 1 U 81
83 0 L 57
84 1 U 83
85 0 U 84
86 1 U 85
87 0 U 86
88 1 U 87
89 1 U 88
90 1 U -1
91
0 1 U -1
1 1 L -1
2 0 U 1
3 1 L -1
4 1 U 3
5 0 U 4
6 0 U 5
7 0 U 6
8 1 U 7
9 1 U -1
10 1 U 9
11 1 U 10
12 0 L 3
13 0 U 12
14 1 U 13
15 0 U 9
16 0 L 10
17 1 U 16
18 0 U -1
19 0 U 18
20 0 U 19
21 1 L 15
22 0 U 21
23 1 U 22
24 1 U 23
25 1 U 24
26 0 U 25
27 0 U -1
28 0 U 16
29 1 U 28
30 0 U 29
31 1 L 6
32 0 U 31
33 1 U 32
34 1 L 15
35 1 U 34
36 0 U -1
37 1 U 36
38 1 U 37
39 0 L 12
40 0 U 39
41 0 U 40
42 0 L 22
43 1 U 42
44 1 U 10
45 1 L 41
46 1 U 45
47 0 U 46
48 1 U 47
49 0 U 48
50 0 U 49
51 1 U 38
52 1 U 51
53 0 U 52
54 1 U -1
55 1 L 52
56 0 U 55
57 0 U 56
58 0 U 57
59 0 L 6
60 1 U 59
61 0 L 23
62 0 U 4
63 1 U -1
64 1 L 20
65 1 U 64
66 1 U 65
67 1 L 58
68 0 U 64
69 0 U 68
70 1 L 44
71 1 U 34
72 1 L 67
73 0 U 72
74 1 U 73
75 1 L 64
76 1 U 75
77 0 U 76
78 0 L 36
79 0 U 78
80 0 U 79
81 0 U -1
82 1 U 81
83 1 U 57
84 1 U 83
85 1 U 50
86 1 U 85
87 0 U 86
88 1 U 87
89 1 U 88
90 1 U -1
91
0 1 U -1
1 1 L -1
2 0 U 1
3 0 U 2
4 1 U 3
5 0 L 1
6 1 L 3
7 0 U 6
8 0 L 6
9 1 U -1
10 1 U 9
11 1 U 10
12 0 L 3
13 0 U 12
14 1 U 10
15 1 U 14
16 1 L 13
17 1 U 16
18 0 U 1
19 0 L 14
20 0 U 19
21 1 L 15
22 0 U 21
23 1 U 22
24 1 U 23
25 1 U 24
26 0 U 25
27 0 U -1
28 0 L 18
29 1 U 28
30 0 U 29
31 0 U 1
32 0 L 14
33 1 U 32
34 0 L 22
35 0 U 0
36 0 U -1
37 1 U 36
38 1 U 37
39 1 U 11
40 0 U 39
41 0 U 40
42 0 L 22
43 1 U 42
44 1 U 1
45 1 U -1
46 1 U 45
47 0 U 46
48 1 U 47
49 0 U 48
50 0 U 49
51 0 L 12
52 1 U 51
53 0 U 52
54 1 U -1
55 0 U 11
56 0 U 55
57 0 U 56
58 0 U 57
59 0 L 5
60 1 U 59
61 0 L 23
62 0 U 4
63 1 U -1
64 1 L 20
65 1 U 64
66 1 U 65
67 1 L 58
68 0 U 64
69 0 U 68
70 1 L 44
71 1 U 34
72 1 L 15
73 0 U 72
74 1 U 73
75 1 L 64
76 1 U 75
77 0 U 76
78 1 L 45
79 0 U 78
80 0 U 79
81 0 U -1
82 1 U 81
83 0 L 57
84 1 U 83
85 0 U 84
86 1 U 42
87 0 L 84
88 1 U 87
89 1 U 88
90 1 U -1
91
0 1 U -1
1 1 L -1
2 0 U 1
3 1 L -1
4 1 U 3
5 0 U 4
6 0 U 5
7 0 U 6
8 1 U 7
9 1 U -1
10 0 L 5
11 1 U 10
12 1 U 1
13 0 U 12
14 0 U 8
15 1 U 14
16 1 L 13
17 1 U 16
18 0 U -1
19 1 U 14
20 0 U 19
21 1 L 15
22 0 U 21
23 1 U 22
24 1 U 23
25 1 U 24
26 0 U 25
27 0 U -1
28 0 L 18
29 1 U 28
30 1 U 15
31 0 U 1
32 0 L -1
33 1 U 32
34 1 U 33
35 1 U 34
36 0 U -1
37 1 U 36
38 1 L 21
39 1 U 11
40 0 U 39
41 0 U 40
42 0 L 22
43 1 U 42
44 1 U 1
45 1 U -1
46 1 U 45
47 0 U 46
48 1 U 47
49 0 U 48
50 0 U 49
51 0 L 12
52 1 U 51
53 0 U 52
54 1 U -1
55 1 U 22
56 0 U 55
57 0 U 56
58 0 U 57
59 0 L 5
60 1 U 59
61 0 L 23
62 0 U 4
63 1 U -1
64 0 L 44
65 1 U 64
66 1 U 65
67 1 L 58
68 0 U 64
69 0 U 68
70 1 L 44
71 1 U 19
72 1 L 67
73 0 U 70
74 1 U 73
75 1 L 64
76 1 U 75
77 0 U 76
78 0 L 36
79 0 U 78
80 0 U 79
81 0 U -1
82 1 U 81
83 0 L 57
84 1 U 83
85 0 U 84
86 1 U 33
87 0 U 86
88 1 U 87
89 1 U 88
90 1 U -1
91
0 1 U -1
1 1 L -1
2 0 U 1
3 1 L -1
4 1 U 3
5 0 U 4
6 0 U 5
7 0 U 6
8 1 U 7
9 0 U 2
10 1 U 9
11 1 U 10
12 0 L 5
13 0 U 12
14 1 U 13
15 1 U 14
16 1 L 13
17 1 U 16
18 0 U -1
19 0 U 18
20 0 U 19
21 1 L 15
22 1 U 4
23 1 U 22
24 1 U 23
25 1 U 24
26 0 U 25
27 0 U -1
28 0 U 16
29 1 U 28
30 0 U 29
31 1 U 25
32 0 U 31
33 1 U 32
34 1 U 33
35 1 U 34
36 0 U -1
37 1 U 36
38 1 U 37
39 1 U 11
40 0 U 39
41 0 U 40
42 0 L 22
43 1 U 42
44 1 U 1
45 0 U 32
46 1 U 45
47 0 U 46
48 1 U 47
49 0 U 48
50 0 U 49
51 0 L 12
52 1 U 51
53 0 U 52
54 1 U -1
55 1 L 52
56 0 U 55
57 0 U 56
58 0 U 57
59 0 L 5
60 1 U 13
61 0 L 23
62 0 U 4
63 1 L 57
64 1 L 20
65 1 U 64
66 1 U 65
67 1 L 58
68 0 U 64
69 0 U 68
70 1 L 45
71 1 U 34
72 1 L 67
73 0 U 72
74 1 U 73
75 1 L 64
76 1 U 75
77 0 U 76
78 0 L 36
79 0 U 78
80 1 L 52
81 0 U -1
82 1 U 81
83 0 L 57
84 1 U 83
85 0 U 84
86 1 U 85
87 0 U 86
88 1 U 87
89 1 U 88
90 1 U -1
91
0 1 U -1
1 1 L -1
2 0 U 1
3 1 L -1
4 1 U 3
5 0 U 4
6 1 L 5
7 0 U 6
8 1 U 7
9 1 U -1
10 1 U 9
11 1 U 10
12 0 L 3
13 0 U 12
14 0 L 0
15 1 U 14
16 1 L 13
17 1 L 14
18 0 U -1
19 0 U 18
20 0 U 19
21 1 L 15
22 0 U 21
23 1 U 22
24 1 U 23
25 1 U 24
26 0 U 25
27 0 U -1
28 0 L 18
29 1 U 28
30 0 U 29
31 0 U 1
32 0 U 31
33 1 U 32
34 1 U 33
35 1 U 34
36 0 U -1
37 0 U 9
38 1 U 37
39 1 U 11
40 0 U 39
41 0 U 40
42 0 L 22
43 1 U 42
44 1 U 1
45 1 U -1
46 1 U 45
47 0 U 46
48 1 U 47
49 0 U 48
50 0 U 49
51 0 L 12
52 1 U 51
53 0 U 52
54 1 U -1
55 1 L 52
56 0 U 55
57 0 U 56
58 0 L 21
59 0 L 5
60 1 U 59
61 0 L 23
62 0 U 4
63 1 U -1
64 1 L 20
65 1 U 64
66 1 U 65
67 1 L 58
68 0 U 64
69 0 U 68
70 1 L 44
71 1 U 34
72 1 U 19
73 0 U 72
74 1 U 73
75 1 L 64
76 1 U 48
77 0 U 76
78 0 L 36
79 0 U 78
80 0 U 79
81 0 U -1
82 1 L 70
83 0 L 57
84 1 U 83
85 0 U 84
86 1 U 85
87 0 U 86
88 1 U 87
89 0 L 64
90 1 U -1
91
0 0 L -1
1 1 L -1
2 0 U 1
3 1 L -1
4 1 U 3
5 0 U 4
6 0 U 5
7 0 U 6
8 0 L 5
9 1 U -1
10 0 U 7
11 1 U 10
12 0 L 3
13 0 U 12
14 1 U 13
15 1 U 14
16 1 L 13
17 1 U 16
18 0 U -1
19 0 U 18
20 0 U 19
21 1 L 15
22 0 U 21
23 1 U 22
24 1 U 23
25 0 U 10
26 0 U 25
27 0 U -1
28 0 L 18
29 1 U 28
30 0 U 29
31 0 U 1
32 0 U 31
33 1 U 1
34 1 U 33
35 1 U 34
36 0 U -1
37 1 U 36
38 1 U 37
39 1 U 11
40 0 U 39
41 0 U 40
42 0 L 22
43 1 U 42
44 1 U 1
45 0 L 7
46 1 U 45
47 0 U 46
48 1 U 47
49 0 U 48
50 0 U 49
51 0 L 12
52 1 U 51
53 0 U 51
54 1 U -1
55 1 L 52
56 0 U 55
57 0 U 56
58 0 U 57
59 0 L 5
60 1 U 59
61 0 L 23
62 0 U 4
63 1 U -1
64 1 L 20
65 1 U 64
66 1 U 45
67 1 L 58
68 0 U 64
69 0 U 68
70 1 L 44
71 1 U 34
72 1 L 67
73 0 U 72
74 1 U 73
75 1 L 64
76 1 U 75
77 0 U 76
78 0 L 36
79 0 U 78
80 0 U 79
81 0 U -1
82 1 U 81
83 0 L 57
84 1 L 42
85 0 U 84
86 1 U 85
87 0 U 86
88 1 U 87
89 1 U 88
90 1 U -1
91
0 1 U -1
1 1 L -1
2 0 U 1
3 1 L -1
4 1 U 3
5 0 U 4
6 0 U 5
7 0 U 6
8 1 U 7
9 0 L 6
10 1 U 9
11 1 U 10
12 0 L 3
13 1 L 8
14 0 U 7
15 0 U 13
16 1 L 13
17 0 L -1
18 0 U -1
19 0 U 18
20 0 U 19
21 1 L 15
22 0 U 21
23 1 U 22
24 1 U 23
25 0 U 16
26 0 U 25
27 0 U 18
28 0 L 18
29 1 U 28
30 0 U 29
31 0 U 1
32 0 U 31
33 1 U 10
34 1 U 33
35 1 U 34
36 0 U -1
37 1 U 36
38 1 U 37
39 1 U 11
40 0 U 39
41 0 U 40
42 0 L 22
43 1 U 42
44 1 U 1
45 1 U -1
46 1 U 45
47 0 L 0
48 1 U 47
49 0 U 48
50 1 L 39
51 0 U 17
52 1 U 51
53 0 U 26
54 1 U -1
55 1 L 52
56 0 L 55
57 0 U 56
58 0 U 57
59 0 L 5
60 1 U 59
61 0 L 23
62 0 U 4
63 1 U -1
64 1 L 20
65 1 U 64
66 1 U 65
67 1 L 58
68 0 U 64
69 0 U 68
70 1 L 43
71 1 U 34
72 1 L 67
73 1 L 26
74 1 U 73
75 1 L 64
76 1 U 75
77 0 U 76
78 0 L 36
79 0 U 78
80 0 U 79
81 0 U -1
82 1 U 81
83 0 L 57
84 0 U 10
85 0 U 84
86 0 L 56
87 0 U 86
88 1 U 87
89 1 U 88
90 1 U -1
91
0 1 U -1
1 1 L -1
2 0 U 1
3 1 L -1
4 0 L -1
5 0 U 4
6 0 U 5
7 0 U 6
8 1 U 7
9 1 U -1
10 1 U 9
11 1 U 10
12 0 L 0
13 0 U 12
14 1 U 13
15 1 U 14
16 1 U 15
17 1 U 16
18 1 L 10
19 0 U 18
20 0 U 19
21 1 U 6
22 0 U 21
23 1 U 22
24 1 U 23
25 1 U 24
26 0 U 25
27 0 U -1
28 0 U 19
29 1 U 28
30 0 U 29
31 0 U 1
32 0 U 31
33 1 U 32
34 1 U 33
35 1 U 34
36 0 U -1
37 1 U 36
38 1 U 37
39 1 U 11
40 0 U 39
41 0 U 40
42 0 L 22
43 1 U 42
44 1 U 1
45 1 U -1
46 1 U 45
47 0 U 46
48 1 U 47
49 0 U 48
50 0 U 49
51 0 L 12
52 1 U 51
53 0 U 52
54 1 U -1
55 1 L 52
56 0 U 55
57 0 U 56
58 0 U 57
59 0 L 5
60 1 U 59
61 0 U 34
62 0 U 4
63 1 U -1
64 1 L 20
65 1 U 64
66 1 U 65
67 1 L 58
68 0 U 64
69 0 U 68
70 1 L 44
71 1 U 34
72 1 L 67
73 0 U 72
74 1 U 73
75 1 L 64
76 1 U 75
77 0 L 16
78 0 L 36
79 0 U 78
80 0 U 79
81 0 U -1
82 1 U 81
83 0 L 57
84 1 U 83
85 0 L 40
86 1 U 85
87 0 U 86
88 1 L 9
89 1 U 88
90 1 U -1
91
0 1 U -1
1 1 L -1
2 0 U 1
3 1 L -1
4 1 U 3
5 0 U 4
6 0 U 5
7 0 U 6
8 1 U 7
9 1 U -1
10 1 U 9
11 1 U 10
12 0 L 3
13 0 U 12
14 1 U 13
15 1 U 14
16 1 L 10
17 1 U 16
18 0 U -1
19 0 U 18
20 0 U 19
21 1 L 15
22 1 L 9
23 1 U 22
24 0 U 22
25 1 U 24
26 0 U 25
27 0 U -1
28 0 L 18
29 1 U 28
30 0 U 29
31 0 U 1
32 0 U 31
33 1 U 32
34 1 U 33
35 1 U 34
36 0 U -1
37 1 U 36
38 1 U 37
39 1 U 11
40 0 U 19
41 0 U 40
42 0 L 22
43 1 U 42
44 1 U 1
45 1 U -1
46 1 U 45
47 0 U 46
48 1 U 47
49 0 U 48
50 0 U 49
51 0 L 12
52 1 U 51
53 0 U 52
54 1 U -1
55 1 L 52
56 0 U 55
57 0 U 56
58 0 U 57
59 0 L 5
60 1 U 59
61 0 L 23
62 1 U 31
63 0 L 53
64 1 L 20
65 1 U 64
66 1 U 65
67 1 L 58
68 0 U 64
69 0 U 68
70 1 L 44
71 1 U 34
72 1 L 67
73 0 U 72
74 1 U 73
75 0 L 43
76 1 U 75
77 0 U 76
78 0 L 36
79 0 U 78
80 0 U 79
81 0 U -1
82 1 U 81
83 0 L 57
84 1 U 83
85 0 U 84
86 1 U 85
87 0 U 86
88 1 L 79
89 1 U 88
90 1 U -1
91
0 1 U -1
1 1 L 0
2 0 L 1
3 1 L -1
4 1 U 3
5 0 U 4
6 0 U 5
7 0 U 6
8 1 U 7
9 1 U -1
10 1 U 9
11 1 U 10
12 0 L 3
13 0 U 12
14 1 U 13
15 1 U 14
16 1 L 13
17 1 U 16
18 0 U -1
19 0 U 18
20 0 U 19
21 0 L 15
22 0 U 21
23 1 U 22
24 1 U 23
25 1 U 24
26 0 U 25
27 1 L 15
28 1 U 24
29 0 U 12
30 0 U 29
31 0 U 1
32 0 U 31
33 1 U 32
34 1 U 33
35 1 U 34
36 0 U -1
37 1 U 36
38 1 U 37
39 0 L 33
40 0 U 39
41 0 U 40
42 0 L 22
43 1 U 42
44 1 U 1
45 1 U -1
46 1 U 45
47 0 U 46
48 1 U 47
49 0 U 48
50 0 U 49
51 0 L 12
52 0 L 51
53 0 U 52
54 1 U -1
55 1 L 52
56 0 U 55
57 0 U 56
58 0 U 57
59 0 L 5
60 1 U 59
61 0 L 23
62 0 U 4
63 1 U -1
64 1 L 20
65 1 U 64
66 1 U 49
67 1 L 58
68 0 L 27
69 0 U 68
70 1 L 44
71 1 U 34
72 0 U 33
73 0 U 72
74 1 U 73
75 1 L 64
76 1 U 75
77 0 U 76
78 0 L 36
79 0 L 18
80 1 U 77
81 0 U -1
82 1 U 81
83 0 L 57
84 1 U 83
85 0 U 84
86 1 U 85
87 0 U 86
88 1 U 87
89 1 U 88
90 1 U -1
91
0 1 U -1
1 1 L -1
2 0 U 1
3 1 L -1
4 1 U 3
5 0 U 4
6 0 U 5
7 0 U 6
8 1 U 7
9 1 U -1
10 1 U 9
11 1 U 10
12 0 L 3
13 0 U 12
14 1 U 13
15 1 U 14
16 1 L 13
17 1 U 16
18 0 U -1
19 0 U 18
20 0 U 19
21 1 L 15
22 0 U 21
23 1 U 22
24 1 U 23
25 1 U 24
26 0 U 25
27 0 U 24
28 0 L 18
29 1 U 28
30 0 U 29
31 0 U 1
32 0 U 31
33 1 U 32
34 1 U 33
35 1 L 27
36 0 U -1
37 1 U 36
38 1 U 37
39 1 U 11
40 0 U 39
41 0 U 40
42 0 L 22
43 1 U 41
44 1 U 1
45 1 U -1
46 0 L 8
47 0 U 46
48 0 U 19
49 0 U 48
50 0 U 49
51 0 L 12
52 1 U 51
53 0 U 52
54 1 U -1
55 1 L 52
56 0 U 55
57 0 U 56
58 0 U 57
59 0 L 5
60 1 U 59
61 0 L 23
62 0 U 4
63 1 U -1
64 1 L 20
65 1 U 64
66 1 U 65
67 0 L 16
68 0 U 64
69 0 U 68
70 1 L 44
71 1 U 34
72 1 L 67
73 0 U 72
74 1 U 73
75 1 L 64
76 1 U 75
77 0 U 76
78 0 L 36
79 0 U 78
80 0 U 79
81 0 U -1
82 1 U 81
83 0 L 57
84 1 U 83
85 0 U 84
86 1 U 85
87 0 U 86
88 1 U 87
89 1 U 88
90 1 U -1
91
0 1 U -1
1 0 U -1
2 0 U 1
3 1 L -1
4 1 U 3
5 0 U 4
6 0 U 5
7 0 U 6
8 1 U 7
9 1 U -1
10 1 U 9
11 1 U 10
12 0 L 3
13 0 U 12
14 0 U 6
15 1 U 14
16 1 L 13
17 1 U 16
18 0 U -1
19 0 U 18
20 0 U 19
21 1 L 15
22 0 U 21
23 1 U 22
24 1 U 23
25 1 U 24
26 0 U 25
27 0 U -1
28 1 U 27
29 1 U 28
30 1 U 13
31 0 U 1
32 0 U 31
33 1 U 32
34 1 U 4
35 1 U 34
36 0 U -1
37 1 L 22
38 1 U 37
39 1 U 0
40 0 L 16
41 0 U 40
42 0 L 22
43 1 U 42
44 1 U 1
45 1 U -1
46 1 U 45
47 0 U 46
48 1 U 47
49 0 U 48
50 0 U 49
51 0 L 12
52 1 U 51
53 0 U 52
54 1 U -1
55 1 L 52
56 0 U 55
57 0 U 56
58 0 U 57
59 0 L 5
60 1 U 59
61 0 L 23
62 0 U 4
63 1 U -1
64 1 L 20
65 1 U 64
66 1 U 65
67 1 L 58
68 0 U 64
69 0 L 0
70 1 L 44
71 0 U 35
72 1 L 67
73 0 U 72
74 1 U 73
75 1 L 64
76 1 U 75
77 0 U 76
78 0 L 36
79 0 U 78
80 0 U 79
81 0 U -1
82 1 U 81
83 1 U 15
84 0 L 42
85 0 U 84
86 1 U 85
87 0 U 86
88 1 U 87
89 1 U 88
90 1 U -1
91
0 1 U -1
1 1 L -1
2 0 U 1
3 1 L -1
4 1 U 3
5 0 U 4
6 0 U 5
7 0 U 6
8 1 U 7
9 0 U 1
10 1 U 9
11 1 U 10
12 0 L 3
13 0 U 12
14 1 U 13
15 1 U 14
16 1 L 13
17 1 U 16
18 0 U -1
19 1 L 17
20 0 U 19
21 1 L 15
22 0 U 21
23 1 U 22
24 1 U 23
25 1 U 24
26 0 U 25
27 0 U -1
28 0 L 18
29 1 U 28
30 0 U 29
31 0 U 1
32 0 U 31
33 1 U 32
34 1 U 33
35 1 U 34
36 0 U -1
37 1 U 36
38 1 U 37
39 1 U 11
40 0 U 39
41 0 U 40
42 0 L 22
43 1 U 18
44 1 L 9
45 1 U -1
46 1 U 45
47 0 U 46
48 1 U 47
49 0 U 48
50 0 U 49
51 0 L 12
52 1 U 51
53 0 U 52
54 1 U -1
55 1 L 52
56 0 L 32
57 0 U 56
58 0 U 57
59 0 L 5
60 0 L 34
61 0 L 23
62 0 U 4
63 1 U -1
64 1 L 20
65 1 U 64
66 0 L 49
67 1 L 58
68 0 U 64
69 0 U 68
70 1 L 44
71 1 U 24
72 1 L 67
73 0 U 72
74 1 U 73
75 1 L 64
76 1 L 20
77 0 U 76
78 0 L 36
79 0 U 78
80 0 U 79
81 0 U -1
82 1 U 81
83 0 L 57
84 0 L 80
85 0 U 84
86 1 U 85
87 0 U 86
88 1 U 87
89 1 U 88
90 1 U -1
91
0 1 U -1
1 1 L -1
2 0 U 1
3 1 L -1
4 1 U 3
5 0 U 4
6 0 U 5
7 0 U 6
8 1 U 7
9 1 U -1
10 1 U 9
11 1 U 10
12 0 L 3
13 0 U 12
14 1 U 13
15 1 U 14
16 1 L 13
17 1 U 16
18 0 U -1
19 0 U 18
20 0 U 19
21 1 L 15
22 0 U 21
23 1 U 22
24 1 U 23
25 1 U 24
26 0 U 25
27 0 L 4
28 0 L 18
29 0 U 24
30 0 U 29
31 0 U 1
32 0 U 31
33 1 U 32
34 1 U 33
35 1 U 34
36 1 U 6
37 1 U 36
38 1 U 37
39 1 U 11
40 0 U 39
41 0 L 30
42 0 L 22
43 1 U 42
44 1 U 1
45 1 U -1
46 0 U 31
47 1 L 11
48 1 U 47
49 0 U 48
50 0 U 49
51 0 L 12
52 1 U 51
53 0 U 52
54 1 U -1
55 1 L 52
56 1 L 29
57 0 U 56
58 0 U 57
59 0 U 23
60 1 U 59
61 0 L 23
62 0 U 4
63 1 U -1
64 1 L 20
65 1 U 64
66 1 U 65
67 1 L 58
68 0 U 64
69 0 U 68
70 1 L 44
71 1 U 34
72 1 L 67
73 0 U 72
74 1 U 73
75 1 L 64
76 1 U 75
77 0 U 76
78 0 L 36
79 1 L 41
80 0 U 79
81 0 U -1
82 1 U 81
83 0 L 57
84 1 U 83
85 0 U 84
86 1 U 85
87 0 U 86
88 1 U 87
89 1 U 88
90 1 U -1
91
0 1 U -1
1 1 L -1
2 0 U 1
3 1 L -1
4 1 U 3
5 0 U 4
6 0 U 5
7 0 U 6
8 1 U 7
9 1 U -1
10 1 U 9
11 1 U 10
12 0 L 3
13 0 U 12
14 1 U 13
15 0 L 8
16 1 L 13
17 1 U 16
18 1 U 15
19 0 L 10
20 0 U 19
21 1 L 15
22 0 U 6
23 1 U 22
24 1 U 23
25 1 U 24
26 1 L 5
27 0 U -1
28 0 L 15
29 1 U 28
30 0 U 29
31 1 L -1
32 0 U 31
33 1 U 32
34 1 U 33
35 1 U 34
36 0 U -1
37 1 U 36
38 1 U 37
39 1 U 11
40 0 U 39
41 0 U 40
42 0 L 22
43 1 U 42
44 0 L 8
45 1 U -1
46 1 U 45
47 0 U 46
48 1 U 47
49 0 U 48
50 0 U 49
51 0 L 12
52 1 U 51
53 0 U 52
54 1 U -1
55 1 L 52
56 0 U 55
57 0 U 56
58 0 U 57
59 0 L 5
60 1 U 59
61 0 L 23
62 0 U 4
63 1 U -1
64 1 L 20
65 1 U 64
66 1 U 65
67 1 L 58
68 0 U 64
69 0 U 68
70 1 L 44
71 1 U 34
72 1 L 67
73 0 U 72
74 1 U 73
75 1 L 64
76 1 U 75
77 0 U 6
78 0 L 36
79 0 U 78
80 0 U 79
81 0 U -1
82 1 U 81
83 0 L 57
84 0 L 7
85 0 U 84
86 1 U 85
87 0 U 86
88 1 U 87
89 1 U 88
90 1 U -1
91
0 1 U -1
1 1 L -1
2 0 U 1
3 1 L -1
4 1 U 3
5 0 U 4
6 0 U 5
7 0 U 6
8 1 U 7
9 1 U -1
10 1 U 9
11 1 U 10
12 0 L 3
13 0 U 12
14 1 U 13
15 1 U 14
16 1 L 13
17 1 U 3
18 1 L 15
19 0 U 18
20 0 U 19
21 1 L 15
22 0 U 21
23 1 U 22
24 1 U 23
25 1 U 24
26 0 U 25
27 1 U 19
28 0 L 18
29 1 U 28
30 0 U 29
31 1 U 15
32 1 U 18
33 1 U 32
34 1 U 33
35 1 U 34
36 0 U -1
37 1 U 36
38 1 U 37
39 1 U 11
40 0 U 39
41 0 U 40
42 0 L 21
43 1 U 42
44 1 U 1
45 0 U 22
46 1 U 45
47 0 U 46
48 1 U 47
49 0 U 48
50 0 U 49
51 0 L 12
52 1 U 51
53 0 U 52
54 1 U -1
55 1 L 52
56 0 U 55
57 0 U 56
58 0 U 57
59 0 L 5
60 1 U 59
61 0 L 23
62 0 U 4
63 1 U -1
64 1 L 20
65 1 U 64
66 1 U 65
67 1 L 58
68 1 U 11
69 0 U 68
70 1 L 44
71 0 U 18
72 1 L 67
73 0 U 72
74 1 U 73
75 1 L 64
76 1 U 75
77 0 U 76
78 0 L 36
79 1 L 37
80 0 U 79
81 0 U -1
82 1 U 81
83 0 L 57
84 1 U 83
85 0 U 84
86 1 U 85
87 0 U 86
88 1 U 87
89 1 U 7
90 1 U -1
91
0 1 U -1
1 1 L -1
2 0 U 1
3 0 L 0
4 1 U 3
5 0 U 4
6 0 U 5
7 0 U 6
8 1 U 7
9 1 U -1
10 1 U 9
11 1 U 10
12 0 L 3
13 0 U 12
14 1 U 13
15 1 U 14
16 1 L 13
17 1 U 16
18 0 U -1
19 1 L 14
20 0 U 19
21 1 L 15
22 0 U 21
23 1 U 22
24 1 U 23
25 1 U 24
26 0 U 25
27 1 L 9
28 0 L 18
29 1 U 28
30 0 U 29
31 0 U 1
32 0 U 31
33 1 U 32
34 1 U 33
35 1 U 34
36 0 U -1
37 1 U 36
38 1 U 37
39 1 U 11
40 0 U 39
41 0 U 40
42 0 L 22
43 1 U 38
44 1 U 1
45 1 U -1
46 1 U 45
47 1 L 40
48 1 U 47
49 0 U 48
50 1 U 2
51 0 L 12
52 0 L 6
53 0 U 52
54 1 U -1
55 1 L 52
56 0 U 55
57 0 U 56
58 0 U 45
59 0 L 5
60 1 U 59
61 0 L 23
62 0 U 4
63 1 U -1
64 1 L 20
65 1 U 64
66 1 U 65
67 0 U 40
68 0 U 64
69 0 L 8
70 1 L 44
71 1 U 34
72 1 U 12
73 0 U 72
74 1 U 73
75 1 L 64
76 1 L 57
77 0 U 76
78 0 L 36
79 0 U 78
80 0 U 79
81 0 U -1
82 1 U 81
83 0 L 57
84 1 U 83
85 0 U 84
86 1 U 85
87 0 U 86
88 1 U 87
89 1 U 88
90 1 U -1
91
0 1 U -1
1 1 L -1
2 0 U 1
3 1 L -1
4 1 U 3
5 0 U 4
6 0 U 5
7 0 U 6
8 1 U 7
9 1 U -1
10 1 U 9
11 1 U 10
12 0 L 3
13 0 U 12
14 1 U 5
15 1 U 14
16 1 L 13
17 1 U 16
18 0 U -1
19 0 U 18
20 0 U 19
21 1 L 15
22 0 U 21
23 1 U 22
24 1 U 23
25 1 U 24
26 0 U 25
27 0 U -1
28 0 L 18
29 1 U 28
30 0 U 29
31 0 U 1
32 0 L 22
33 1 U 32
34 1 U 33
35 1 U 34
36 0 U -1
37 1 U 36
38 1 U 37
39 1 U 23
40 0 U 39
41 0 U 40
42 0 L 22
43 0 L 23
44 1 U 1
45 1 U -1
46 1 U 45
47 1 U 6
48 1 U 47
49 0 U 48
50 0 U 49
51 1 L 47
52 1 U 51
53 0 U 52
54 1 U -1
55 1 L 52
56 0 U 55
57 1 U 30
58 0 U 57
59 0 L 5
60 1 U 59
61 0 L 23
62 0 L 53
63 1 U -1
64 0 L 48
65 1 U 64
66 1 U 65
67 1 L 58
68 0 U 64
69 0 U 68
70 1 L 44
71 1 U 34
72 1 L 67
73 0 U 72
74 1 U 73
75 1 L 64
76 1 U 75
77 0 U 76
78 0 L 36
79 0 U 78
80 0 U 79
81 1 U 79
82 1 U 81
83 0 L 57
84 1 U 83
85 0 U 84
86 1 U 85
87 0 U 86
88 1 U 87
89 1 U 88
90 1 U -1
91
0 1 U -1
1 1 L -1
2 0 U 1
3 1 L -1
4 1 U 3
5 0 U 4
6 0 U 5
7 0 U 6
8 1 U 7
9 1 U -1
10 1 U 9
11 1 U 10
12 0 L 3
13 0 U 12
14 1 U 13
15 1 U 14
16 1 L 12
17 1 U 16
18 0 U -1
19 0 U 18
20 0 U 19
21 1 L 15
22 0 U 21
23 1 U 22
24 1 U 23
25 1 U 24
26 0 U 25
27 0 U -1
28 0 L 18
29 1 U 28
30 0 U 29
31 0 U 1
32 0 U 31
33 1 U 32
34 0 L 12
35 1 U 34
36 0 U -1
37 1 U 36
38 1 U 37
39 1 U 38
40 0 U 39
41 0 U 40
42 0 L 22
43 1 U 42
44 1 U 1
45 1 U -1
46 1 U 45
47 0 U 46
48 1 U 47
49 0 U 48
50 0 U 49
51 0 L 29
52 1 U 27
53 0 U 52
54 1 U -1
55 1 L 52
56 0 U 55
57 0 U 56
58 0 U 57
59 0 L 5
60 0 L 58
61 0 U 48
62 0 U 4
63 0 L 49
64 1 L 20
65 1 U 64
66 1 U 65
67 1 L 58
68 0 U 64
69 0 U 68
70 1 L 44
71 1 U 34
72 1 L 67
73 0 U 72
74 1 U 73
75 1 L 64
76 1 U 75
77 0 U 76
78 0 L 36
79 0 U 78
80 0 U 79
81 0 U -1
82 1 U 81
83 0 L 41
84 1 U 83
85 0 U 84
86 1 U 85
87 0 U 86
88 1 U 87
89 1 U 88
90 1 U -1
91
0 1 U -1
1 1 L -1
2 0 U 1
3 0 U 1
4 1 U 3
5 0 U 4
6 0 U 5
7 0 U 6
8 1 U 7
9 0 U 4
10 1 U 9
11 1 U 10
12 0 L 3
13 0 U 12
14 1 U 13
15 1 U 14
16 1 U 8
17 1 U 16
18 0 U -1
19 0 U 18
20 0 U 19
21 1 L 15
22 0 U 21
23 1 U 22
24 1 U 23
25 1 U 24
26 0 U 25
27 1 L 14
28 0 L 18
29 1 U 28
30 0 L 27
31 0 U 1
32 0 L 25
33 1 U 32
34 1 L 27
35 1 U 34
36 0 U -1
37 1 U 36
38 1 U 37
39 1 U 11
40 0 U 39
41 0 U 40
42 0 L 22
43 1 U 42
44 1 U 1
45 1 U -1
46 1 U 45
47 0 U 46
48 1 U 47
49 0 U 48
50 0 U 49
51 0 L 12
52 1 U 51
53 0 U 52
54 1 U -1
55 1 L 17
56 0 U 55
57 1 L 0
58 0 U 57
59 0 L 5
60 1 U 59
61 0 L 56
62 0 L 0
63 1 U -1
64 1 L 20
65 1 U 64
66 1 U 65
67 0 U 27
68 0 U 64
69 0 U 68
70 1 L 44
71 1 U 34
72 1 L 67
73 0 U 72
74 1 U 73
75 1 L 64
76 1 U 75
77 0 U 76
78 0 L 36
79 0 U 78
80 0 U 79
81 0 U -1
82 1 U 81
83 0 L 57
84 1 U 83
85 0 U 84
86 1 U 85
87 0 U 86
88 1 U 87
89 0 L 87
90 1 U -1
91
0 1 U -1
1 1 L -1
2 0 U 1
3 1 L -1
4 0 L 1
5 0 U 4
6 0 U 5
7 0 U 6
8 1 U 7
9 1 L 2
10 0 U 1
11 1 U 10
12 0 L 3
13 0 U 12
14 1 U 13
15 1 U 14
16 1 L 13
17 0 U -1
18 0 U -1
19 1 L 18
20 0 U 19
21 1 L 15
22 0 U 21
23 1 U 22
24 1 U 23
25 1 U 10
26 0 U 25
27 0 U -1
28 0 L 18
29 1 U 28
30 0 U 18
31 0 U 1
32 0 U 31
33 1 U 32
34 1 U 33
35 1 U 34
36 0 U -1
37 1 U 36
38 1 U 37
39 1 U 11
40 0 U 10
41 0 U 40
42 0 L 22
43 1 U 42
44 1 U 1
45 1 U -1
46 1 U 45
47 0 U 46
48 1 U 47
49 0 U 48
50 0 U 49
51 0 L 12
52 1 U 51
53 0 U 52
54 1 U -1
55 1 L 52
56 0 U 55
57 0 U 56
58 0 U 57
59 0 L 5
60 1 U 59
61 0 L 23
62 0 L 19
63 1 U -1
64 1 L 20
65 1 U 64
66 1 U 65
67 1 L 58
68 0 U 64
69 0 U 68
70 1 L 44
71 1 U 34
72 1 L 69
73 0 U 72
74 1 U 73
75 1 L 64
76 1 U 75
77 0 U 76
78 0 L 36
79 0 U 78
80 0 U 79
81 0 U -1
82 0 L 67
83 0 L 57
84 1 U 83
85 0 U 84
86 1 U 85
87 0 U 86
88 1 U 87
89 1 U 88
90 1 U -1
91
0 1 U -1
1 1 L -1
2 0 U 1
3 1 L -1
4 1 U 3
5 0 U 4
6 0 U 5
7 0 U 6
8 1 U 7
9 1 U -1
10 1 U 9
11 1 U 10
12 0 L 3
13 0 U 12
14 1 U 13
15 1 U 14
16 1 L 13
17 1 U 16
18 0 U -1
19 0 U 18
20 0 U 19
21 1 L 15
22 1 L 15
23 1 U 22
24 1 U 23
25 1 U 24
26 0 U 25
27 0 U -1
28 0 L 18
29 1 U 28
30 0 L 21
31 0 U 1
32 0 U 31
33 1 U 32
34 1 U 33
35 1 U 34
36 0 U -1
37 0 U 9
38 1 U 37
39 1 U 11
40 0 U 39
41 0 U 40
42 0 L 22
43 1 U 42
44 1 U 1
45 1 U -1
46 0 L 25
47 0 U 46
48 1 U 15
49 1 U 18
50 0 U 49
51 0 L 12
52 1 U 51
53 1 U 39
54 1 U -1
55 1 L 52
56 0 U 55
57 0 U 56
58 0 U 57
59 0 L 5
60 1 U 59
61 0 L 23
62 0 U 4
63 1 U -1
64 1 L 20
65 1 U 64
66 1 U 65
67 1 L 58
68 0 U 64
69 0 U 68
70 1 L 44
71 1 U 34
72 0 U 67
73 0 U 72
74 1 U 73
75 1 L 64
76 1 U 75
77 0 U 76
78 1 U 74
79 0 U 78
80 0 U 79
81 0 U -1
82 1 U 81
83 0 L 57
84 1 U 58
85 0 U 84
86 1 U 85
87 0 U 86
88 1 U 87
89 1 U 88
90 1 U -1
91
0 1 U -1
1 1 L -1
2 0 U 1
3 1 L -1
4 1 U 3
5 0 U 4
6 0 U 5
7 0 U 6
8 1 U 7
9 1 U -1
10 1 U 9
11 1 U 10
12 0 L 3
13 0 U 12
14 1 U 13
15 1 U 14
16 1 L 13
17 1 U 16
18 0 U -1
19 0 U 18
20 0 U 19
21 0 L 19
22 0 L 5
23 1 U 22
24 0 L 15
25 1 U 24
26 0 U 25
27 0 U -1
28 0 L 18
29 1 U 28
30 0 U 3
31 1 L 10
32 0 U 31
33 1 U 32
34 1 U 33
35 0 L 30
36 0 U -1
37 1 U 36
38 1 U 37
39 1 U 11
40 0 U 39
41 0 U 40
42 0 L 22
43 1 U 42
44 0 L 13
45 0 L 32
46 1 U 45
47 0 U 46
48 1 U 47
49 0 U 48
50 0 U 49
51 0 L 12
52 1 U 51
53 0 U 52
54 1 U -1
55 1 L 52
56 0 U 55
57 0 U 56
58 0 U 57
59 0 L 5
60 0 U 15
61 0 L 23
62 0 U 4
63 1 U 40
64 1 L 20
65 1 U 64
66 1 U 65
67 1 L 58
68 0 U 64
69 0 U 68
70 1 L 44
71 1 U 34
72 0 L 21
73 0 U 72
74 1 U 73
75 1 L 64
76 1 U 75
77 0 U 76
78 0 L 36
79 0 U 78
80 0 U 79
81 1 L 8
82 1 U 81
83 0 L 57
84 0 U 50
85 0 U 84
86 1 U 85
87 0 U 86
88 1 U 87
89 1 U 88
90 1 U -1
91
0 1 U -1
1 1 L -1
2 0 U 1
3 1 L -1
4 1 U 3
5 0 U 4
6 0 U 5
7 0 U 6
8 1 U 7
9 1 U -1
10 1 U 9
11 1 U 10
12 0 L 3
13 0 U 12
14 1 U 13
15 1 U 14
16 1 L 13
17 1 U 15
18 0 U -1
19 0 U 18
20 0 U 19
21 1 L 15
22 0 U 21
23 1 U 22
24 1 U 23
25 1 U 24
26 0 U 25
27 1 U 23
28 0 L 18
29 1 U 28
30 0 U 27
31 0 U 1
32 0 U 31
33 1 U 32
34 1 U 33
35 1 U 34
36 0 U -1
37 1 U 36
38 1 U 37
39 1 U 11
40 0 U 39
41 0 U 40
42 0 L 22
43 1 U 42
44 1 U 1
45 1 U -1
46 1 U 45
47 0 U 46
48 1 U 12
49 0 U 48
50 0 U 49
51 0 L 12
52 1 U 51
53 0 U 52
54 1 U -1
55 1 L 52
56 0 U 55
57 0 U 56
58 0 U 57
59 0 L 5
60 1 U 59
61 0 L 23
62 0 U 4
63 1 L 4
64 1 L 20
65 1 U 64
66 1 U 65
67 1 L 58
68 0 U 64
69 0 U 68
70 1 L 44
71 1 U 34
72 1 L 67
73 0 U 72
74 1 U 73
75 1 L 64
76 1 U 75
77 0 U 76
78 0 L 36
79 0 U 78
80 0 U 79
81 0 U -1
82 0 U 1
83 0 L 57
84 0 U 42
85 0 U 84
86 1 U 85
87 0 U 86
88 1 U 87
89 1 U 88
90 1 U -1
91
0 1 U -1
1 1 L -1
2 0 U 1
3 1 L -1
4 1 U 3
5 1 U 2
6 0 U 5
7 0 U 6
8 1 U 7
9 1 U -1
10 1 U 9
11 1 U 10
12 0 L 3
13 0 U 12
14 1 U 13
15 0 L 3
16 1 L 13
17 1 U 16
18 0 U -1
19 0 U 18
20 0 U 19
21 1 L 15
22 0 U 21
23 1 U 22
24 1 U 23
25 1 U 24
26 0 U 25
27 0 U -1
28 1 L 13
29 1 U 28
30 0 U 29
31 0 U 1
32 0 U 31
33 1 U 32
34 0 U 8
35 1 U 34
36 0 U -1
37 1 U 36
38 1 U 37
39 1 U 11
40 0 U 39
41 0 U 40
42 0 U 28
43 1 U 42
44 1 U 1
45 1 U -1
46 1 U 45
47 0 U 46
48 1 U 47
49 0 U 48
50 0 U 49
51 0 L 12
52 1 U 51
53 0 U 52
54 1 U -1
55 1 L 52
56 0 U 55
57 0 U 56
58 0 U 57
59 0 L 5
60 1 U 59
61 0 L 23
62 0 U 4
63 1 U -1
64 1 U 46
65 1 U 64
66 1 U 65
67 1 L 58
68 0 U 64
69 0 U 68
70 1 L 44
71 1 U 34
72 1 L 67
73 0 U 72
74 1 U 73
75 1 L 64
76 1 U 75
77 0 U 21
78 0 L 36
79 0 U 78
80 1 U 54
81 0 U -1
82 1 U 81
83 0 L 57
84 1 U 83
85 0 U 84
86 0 L 54
87 0 U 86
88 1 U 87
89 1 U 88
90 1 U -1
91
0 1 U -1
1 1 L -1
2 0 U 1
3 1 L -1
4 1 U 3
5 0 U 4
6 0 U 5
7 0 U 6
8 1 U 7
9 1 U -1
10 1 U 9
11 1 U 10
12 0 L 3
13 0 U 12
14 1 U 13
15 1 U 14
16 1 L 13
17 1 U 16
18 0 U -1
19 0 U 18
20 0 U 19
21 1 L 15
22 0 U 21
23 1 U 7
24 1 U 23
25 1 U 24
26 0 U 25
27 0 U -1
28 0 L 18
29 1 U 28
30 0 U 29
31 0 U 1
32 0 U 31
33 1 U 32
34 1 U 33
35 1 U 34
36 0 U -1
37 1 U 36
38 1 U 37
39 1 U 11
40 0 U 39
41 0 U 40
42 0 L 22
43 1 U 42
44 1 U 1
45 1 L 42
46 1 U 45
47 0 U 28
48 1 U 47
49 0 U 48
50 0 U 49
51 0 L 12
52 1 U 25
53 0 U 52
54 1 U -1
55 1 L 52
56 0 U 55
57 0 U 56
58 0 U 26
59 0 L 5
60 1 U 59
61 0 L 23
62 0 U 4
63 0 L 53
64 1 L 20
65 1 U 64
66 1 U 65
67 1 L 58
68 0 U 64
69 0 U 68
70 1 L 44
71 1 U 19
72 1 L 67
73 0 U 72
74 1 U 73
75 1 L 64
76 1 U 75
77 0 U 76
78 0 L 36
79 0 U 78
80 0 U 79
81 0 U -1
82 1 U 81
83 0 L 57
84 1 U 83
85 0 U 84
86 1 U 85
87 0 U 86
88 1 U 87
89 1 U 88
90 1 U -1
91
0 1 U -1
1 0 U 0
2 0 U 1
3 1 L -1
4 0 L 2
5 0 U 4
6 0 U 5
7 0 U 6
8 1 U 7
9 1 U -1
10 1 U 9
11 1 U 10
12 0 L 3
13 0 U 12
14 1 U 13
15 1 U 14
16 1 L 13
17 1 U 16
18 0 U -1
19 0 U 18
20 0 U 19
21 1 L 7
22 0 U 21
23 1 U 22
24 1 U 23
25 1 U 24
26 0 U 25
27 0 U -1
28 1 U 16
29 1 U 28
30 0 U 29
31 0 L 4
32 0 U 31
33 1 L 24
34 1 U 33
35 1 U 34
36 0 U -1
37 1 U 36
38 1 U 37
39 1 U 11
40 0 U 39
41 0 U 40
42 0 L 22
43 1 U 42
44 1 U 1
45 1 U -1
46 1 U 45
47 0 U 46
48 1 U 47
49 0 U 48
50 0 U 49
51 0 L 12
52 1 U 51
53 0 U 52
54 1 U -1
55 1 L 52
56 0 U 55
57 0 U 56
58 0 U 57
59 0 L 5
60 0 U 43
61 0 L 23
62 0 U 4
63 0 L 61
64 1 L 20
65 1 U 64
66 1 U 65
67 1 L 58
68 0 U 64
69 0 U 68
70 1 L 44
71 1 U 34
72 1 L 67
73 0 U 72
74 1 U 73
75 1 L 64
76 1 U 75
77 0 U 76
78 0 L 36
79 0 U 78
80 0 U 79
81 0 U -1
82 1 U 81
83 0 L 57
84 1 U 83
85 0 U 84
86 1 U 85
87 0 U 86
88 1 U 87
89 1 U 88
90 1 U -1
91
0 1 U -1
1 1 L -1
2 0 U 1
3 1 L -1
4 1 U 3
5 0 U 4
6 0 U 5
7 0 U 6
8 1 U 7
9 1 U -1
10 1 U 9
11 1 U 10
12 0 L 3
13 0 U 12
14 1 U 13
15 1 L 3
16 1 L 13
17 1 U 16
18 0 U -1
19 0 U 18
20 0 U 19
21 1 L 15
22 0 U 6
23 1 U 22
24 1 U 23
25 1 U 24
26 0 U 25
27 0 U -1
28 0 L 18
29 1 U 28
30 0 U 29
31 0 U 1
32 0 U 31
33 1 U 32
34 1 U 33
35 1 L 30
36 0 U 33
37 1 U 36
38 1 U 37
39 1 U 11
40 0 U 39
41 0 U 40
42 0 L 22
43 1 U 42
44 1 U 1
45 1 U -1
46 1 U 45
47 0 U 46
48 1 U 47
49 0 U 48
50 0 U 49
51 0 L 12
52 1 U 51
53 0 U 52
54 1 U -1
55 1 L 52
56 0 U 55
57 0 U 56
58 0 U 57
59 1 U 32
60 1 U 59
61 0 L 23
62 1 L 55
63 0 L 33
64 1 L 20
65 1 U 64
66 1 U 65
67 1 L 58
68 0 U 64
69 0 U 68
70 1 L 44
71 1 U 34
72 1 L 67
73 0 U 72
74 1 U 73
75 1 L 64
76 1 U 75
77 0 U 76
78 0 L 36
79 0 U 78
80 0 U 79
81 0 U -1
82 1 U 81
83 0 L 57
84 1 U 83
85 0 U 84
86 1 U 85
87 0 U 86
88 1 U 87
89 1 U 88
90 1 U -1
91
0 1 U -1
1 1 L -1
2 0 U 1
3 1 L -1
4 1 U 3
5 0 U 4
6 1 L 5
7 0 U 6
8 1 U 7
9 1 U 7
10 1 U 9
11 1 U 10
12 0 L 3
13 0 U 12
14 1 U 13
15 1 U 11
16 1 L 13
17 1 U 16
18 0 U -1
19 0 U 18
20 0 U 19
21 1 L 15
22 0 U 21
23 1 U 22
24 1 U 23
25 1 U 24
26 0 U 25
27 0 L 20
28 0 L 18
29 1 U 28
30 0 U 29
31 0 U 1
32 0 U 31
33 1 U 32
34 1 U 33
35 1 U 34
36 0 U -1
37 1 L 26
38 1 U 37
39 1 U 11
40 1 L 36
41 0 U 40
42 0 L 22
43 1 U 42
44 1 U 1
45 1 U -1
46 1 U 45
47 0 U 46
48 1 U 47
49 0 U 48
50 0 U 49
51 0 L 12
52 0 L 13
53 0 U 52
54 1 U -1
55 1 L 52
56 0 U 55
57 0 U 56
58 0 U 57
59 0 L 5
60 1 U 59
61 0 L 23
62 0 U 4
63 1 U -1
64 1 L 20
65 1 U 64
66 1 U 65
67 1 L 58
68 0 U 64
69 0 U 68
70 1 L 44
71 0 L 34
72 1 L 67
73 0 U 72
74 1 U 73
75 1 L 64
76 1 U 75
77 0 U 76
78 0 L 36
79 0 U 78
80 0 U 79
81 0 U -1
82 1 U 81
83 0 L 57
84 1 U 83
85 0 U 84
86 1 U 85
87 0 U 86
88 1 U 87
89 1 U 88
90 1 U -1
91
0 1 U -1
1 1 L -1
2 0 U 1
3 1 L -1
4 1 U 3
5 0 U 4
6 0 U 5
7 0 U 6
8 1 U 7
9 1 U 6
10 1 U 9
11 1 U 10
12 0 L 3
13 0 U 12
14 1 U 13
15 1 U 14
16 1 L 13
17 1 U 16
18 0 U -1
19 1 L 10
20 0 U 19
21 1 L 15
22 0 U 21
23 1 U 22
24 1 U 23
25 1 U 24
26 0 U 25
27 0 U -1
28 0 L 18
29 1 U 28
30 0 U 29
31 0 U 1
32 0 U 31
33 1 U 32
34 1 U 33
35 1 U 34
36 0 U -1
37 1 U 36
38 1 U 37
39 1 U 11
40 0 U 39
41 0 U 40
42 0 L 22
43 1 U 42
44 1 U 31
45 1 U -1
46 1 U 45
47 0 U 46
48 1 U 47
49 0 U 48
50 0 U 49
51 0 L 12
52 1 U 51
53 0 U 52
54 1 U -1
55 1 L 52
56 1 U 30
57 1 L 35
58 0 U 57
59 0 L 5
60 1 U 59
61 0 L 23
62 0 U 4
63 1 U -1
64 1 L 20
65 1 U 64
66 1 U 65
67 1 L 58
68 0 U 64
69 0 U 68
70 1 L 44
71 1 U 34
72 1 L 67
73 0 U 72
74 0 U 0
75 1 L 64
76 1 U 75
77 0 U 76
78 0 L 36
79 0 U 78
80 0 U 79
81 0 L 50
82 1 U 81
83 0 L 57
84 1 U 6
85 0 U 84
86 1 U 85
87 0 U 86
88 1 U 87
89 1 U 88
90 1 U -1
91
0 1 U -1
1 1 L -1
2 0 U 1
3 1 L -1
4 1 U 3
5 0 L 4
6 0 U 5
7 0 U 6
8 1 U 7
9 1 U -1
10 1 U 9
11 1 U 10
12 0 L 3
13 0 U 12
14 1 U 13
15 1 U 6
16 1 L 13
17 1 U 16
18 1 L 15
19 0 U 18
20 0 U 19
21 1 L 15
22 0 U 21
23 1 U 22
24 1 U 23
25 1 U 24
26 0 U 25
27 0 U -1
28 0 L 18
29 1 U 28
30 0 U 29
31 0 U 1
32 0 U 31
33 1 U 32
34 1 U 33
35 1 U 34
36 0 U -1
37 1 U 36
38 1 U 4
39 1 U 11
40 0 U 39
41 0 U 40
42 0 L 22
43 1 U 42
44 1 U 1
45 1 U -1
46 1 U 45
47 0 U 46
48 1 U 47
49 0 U 48
50 0 U 49
51 0 L 12
52 1 U 51
53 0 U 52
54 1 L 36
55 1 L 52
56 0 U 55
57 0 U 56
58 0 U 57
59 0 L 5
60 1 U 59
61 0 L 23
62 0 U 4
63 1 U -1
64 1 L 20
65 1 U 64
66 0 L 51
67 1 L 58
68 0 U 64
69 0 U 68
70 1 L 44
71 1 U 34
72 1 L 67
73 0 U 72
74 1 U 73
75 1 L 64
76 1 U 75
77 0 U 76
78 1 L 3
79 0 U 78
80 1 L 20
81 0 U -1
82 1 U 81
83 0 L 57
84 1 U 83
85 0 U 84
86 1 U 85
87 0 U 86
88 1 U 87
89 1 U 88
90 1 U -1
91
0 1 U -1
1 1 L -1
2 0 U 1
3 1 L -1
4 0 U 3
5 0 U 4
6 0 U 5
7 0 U 6
8 1 U 7
9 1 U -1
10 1 U 9
11 1 U 10
12 0 L 3
13 0 U 12
14 1 U 13
15 1 U 14
16 1 L 13
17 1 U 16
18 0 U -1
19 0 U 18
20 0 U 19
21 1 L 15
22 0 U 21
23 1 U 22
24 1 U 23
25 1 U 24
26 0 U 25
27 0 U -1
28 0 L 18
29 1 U 28
30 0 U 29
31 0 U 1
32 0 L 13
33 1 U 32
34 1 U 33
35 1 U 34
36 0 U -1
37 1 U 36
38 1 U 37
39 1 U 11
40 0 U 39
41 0 U 40
42 1 L 37
43 1 U 42
44 1 U 1
45 1 U -1
46 1 U 45
47 0 U 13
48 1 U 47
49 0 U 48
50 0 U 49
51 0 L 12
52 1 U 51
53 1 U 25
54 1 U -1
55 1 L 52
56 0 U 55
57 0 U 56
58 0 U 32
59 0 L 5
60 1 U 59
61 0 L 23
62 0 U 4
63 1 U -1
64 1 L 20
65 0 U 10
66 1 U 65
67 1 L 58
68 0 U 64
69 0 U 68
70 1 L 44
71 1 U 34
72 1 L 67
73 0 L -1
74 1 U 73
75 1 L 64
76 1 U 75
77 0 U 76
78 0 L 36
79 0 U 78
80 0 L 62
81 0 U -1
82 1 U 81
83 1 U 80
84 1 U 83
85 0 U 84
86 1 U 85
87 0 U 86
88 1 U 87
89 1 U 88
90 1 U -1
91
0 1 U -1
1 1 L -1
2 0 U 1
3 1 U 2
4 1 U 3
5 0 U 4
6 0 U 5
7 0 U 6
8 0 U 5
9 1 U -1
10 1 U 9
11 1 U 10
12 0 L 3
13 1 L 5
14 1 U 13
15 1 U 14
16 1 L 13
17 1 U 16
18 0 U -1
19 0 U 18
20 1 L 13
21 1 L 15
22 0 U 21
23 1 U 22
24 1 U 23
25 1 U 24
26 0 U 25
27 0 U -1
28 0 L 18
29 1 U 28
30 0 U 29
31 0 U 1
32 0 U 31
33 1 U 32
34 1 U 33
35 1 U 34
36 0 U -1
37 1 U 36
38 1 U 37
39 1 U 11
40 0 U 39
41 0 U 40
42 0 L 22
43 1 U 42
44 1 U 1
45 1 U -1
46 1 U 45
47 0 U 46
48 1 U 47
49 0 U 48
50 0 U 9
51 0 L 12
52 1 U 51
53 0 U 52
54 1 U -1
55 1 L 52
56 0 U 55
57 0 U 56
58 0 U 57
59 0 L 5
60 1 U 59
61 1 L 59
62 0 U 4
63 1 U -1
64 1 L 20
65 1 U 64
66 1 U 65
67 0 L 10
68 0 U 64
69 0 U 68
70 1 L 44
71 1 U 14
72 1 L 67
73 0 U 72
74 1 U 73
75 1 L 64
76 1 U 75
77 1 L 46
78 0 L 36
79 0 U 60
80 0 U 79
81 0 U -1
82 1 U 81
83 0 L 57
84 1 U 83
85 0 U 84
86 1 U 85
87 0 U 86
88 1 U 87
89 1 U 88
90 1 U -1
91
0 1 U -1
1 1 L -1
2 0 U 1
3 1 L -1
4 0 U 3
5 0 U 4
6 0 U 5
7 1 U 5
8 1 U 7
9 1 U -1
10 1 U 9
11 1 U 10
12 0 L 3
13 0 U 12
14 1 U 13
15 1 U 14
16 1 U 2
17 1 U 16
18 0 U -1
19 0 U 18
20 0 U 19
21 1 L 15
22 1 L 18
23 1 U 22
24 1 U 23
25 1 U 24
26 1 L 20
27 0 U -1
28 0 L 18
29 0 U 3
30 0 U 29
31 0 U 1
32 0 U 31
33 1 U 32
34 1 U 33
35 1 U 34
36 0 U -1
37 1 U 36
38 1 U 37
39 1 U 11
40 0 U 39
41 0 U 40
42 0 L 22
43 1 U 42
44 1 U 1
45 1 U -1
46 1 L 30
47 0 U 46
48 1 U 47
49 1 U 43
50 0 U 49
51 0 L 12
52 1 U 51
53 1 U 21
54 1 U -1
55 1 L 52
56 0 U 55
57 0 U 56
58 0 U 57
59 0 L 5
60 1 U 59
61 0 L 23
62 0 U 4
63 1 L 46
64 1 L 20
65 1 U 64
66 1 U 65
67 1 L 58
68 0 U 64
69 0 U 68
70 1 L 44
71 1 U 34
72 1 L 67
73 0 U 72
74 1 U 73
75 1 L 64
76 0 L 69
77 0 U 76
78 0 L 36
79 0 U 78
80 0 U 79
81 0 U -1
82 1 U 81
83 0 L 57
84 1 U 83
85 0 L 17
86 1 U 85
87 0 U 86
88 1 L 41
89 1 U 88
90 1 U -1
91
0 1 U -1
1 1 L -1
2 0 L 0
3 1 L -1
4 1 U 3
5 0 U 4
6 0 U 5
7 0 U 6
8 0 L 2
9 1 U -1
10 1 U 9
11 1 U 10
12 0 L 3
13 0 U 12
14 1 U 13
15 1 U 14
16 1 L 13
17 1 U 16
18 0 U -1
19 0 U 18
20 0 U 19
21 1 L 15
22 0 U 21
23 1 L 22
24 1 U 23
25 1 U 24
26 0 U 25
27 0 U -1
28 0 L 18
29 1 U 28
30 0 U 29
31 0 U 1
32 0 U 31
33 1 U 32
34 1 U 33
35 1 U 34
36 0 U -1
37 1 U 36
38 1 U 37
39 1 U 11
40 0 L 23
41 0 U 40
42 0 L 14
43 1 U 42
44 1 U 1
45 1 U -1
46 1 U 45
47 0 U 46
48 1 U 47
49 0 U 48
50 0 U 49
51 0 L 12
52 1 U 51
53 0 U 52
54 1 U -1
55 1 L 52
56 0 U 55
57 0 U 56
58 0 U 57
59 0 L 5
60 1 U 59
61 0 L 23
62 0 U 4
63 1 U -1
64 1 L 20
65 1 U 64
66 1 U 65
67 1 L 58
68 0 U 64
69 0 U 68
70 1 L 44
71 1 U 34
72 1 L 67
73 0 U 72
74 1 U 73
75 1 L 64
76 1 U 75
77 0 U 76
78 0 L 36
79 0 L 41
80 0 U 79
81 0 U -1
82 1 U 81
83 0 L 57
84 1 U 83
85 0 U 84
86 1 U 85
87 0 U 86
88 1 U 87
89 1 U 88
90 1 U -1
91
0 1 U -1
1 1 L -1
2 0 U 1
3 1 L -1
4 1 U 3
5 0 U 4
6 0 U 5
7 0 U 6
8 1 U 7
9 1 U -1
10 1 U 9
11 1 U 10
12 0 L 3
13 0 U 12
14 1 U 13
15 1 U 14
16 1 L 13
17 1 U 16
18 0 U -1
19 0 U 18
20 0 U 19
21 1 L 15
22 0 U 21
23 1 U 22
24 1 U 23
25 1 U 24
26 0 U 25
27 0 U -1
28 0 L 18
29 1 U 28
30 0 U 29
31 0 U 1
32 0 U 31
33 1 U 32
34 1 U 33
35 1 U 34
36 0 U -1
37 1 U 36
38 1 U 37
39 1 U 11
40 0 U 39
41 0 U 40
42 0 L 22
43 1 U 42
44 1 U 1
45 1 U -1
46 1 U 45
47 0 U 46
48 1 U 47
49 0 U 48
50 0 U 49
51 0 L 12
52 1 U 51
53 0 U 52
54 1 L 7
55 1 L 52
56 0 U 55
57 0 U 56
58 0 U 57
59 0 L 5
60 1 U 59
61 0 L 23
62 0 U 4
63 1 U -1
64 1 L 20
65 1 U 64
66 1 U 65
67 1 L 58
68 0 U 64
69 0 U 68
70 1 L 44
71 1 U 34
72 1 L 67
73 0 U 72
74 1 L 20
75 1 U 44
76 1 U 75
77 0 U 76
78 0 L 36
79 0 U 25
80 0 U 79
81 0 U -1
82 1 U 81
83 1 L 47
84 1 U 83
85 0 U 84
86 1 U 85
87 0 U 86
88 1 U 87
89 1 U 88
90 1 U -1
91
0 1 U -1
1 1 L -1
2 0 U 1
3 1 L -1
4 1 U 3
5 0 U 4
6 0 L 3
7 0 U 6
8 1 U 7
9 1 U -1
10 1 U 9
11 1 U 10
12 0 L 3
13 0 U 12
14 1 U 13
15 1 U 14
16 1 L 13
17 1 U 16
18 0 U -1
19 0 U 18
20 0 U 19
21 1 U 16
22 0 U 21
23 1 U 22
24 0 L 16
25 1 U 24
26 0 U 25
27 0 U -1
28 0 L 18
29 1 U 28
30 0 U 29
31 0 U 1
32 0 U 31
33 1 L 2
34 1 U 33
35 0 U 7
36 0 U -1
37 1 U 36
38 1 U 37
39 1 U 11
40 0 U 39
41 0 U 40
42 0 L 22
43 1 U 42
44 1 U 1
45 1 U -1
46 1 U 45
47 0 L 12
48 1 U 47
49 0 U 48
50 0 U 49
51 0 L 12
52 1 U 51
53 0 U 52
54 1 U -1
55 1 L 52
56 0 U 55
57 0 U 56
58 0 U 57
59 0 U 14
60 1 U 59
61 0 L 23
62 0 U 4
63 1 U -1
64 1 L 20
65 1 U 12
66 1 U 65
67 1 L 58
68 0 U 64
69 0 U 68
70 1 L 44
71 1 U 34
72 1 L 67
73 0 U 72
74 1 U 73
75 1 L 64
76 1 U 75
77 0 U 76
78 0 L 36
79 0 U 78
80 1 L 11
81 0 U -1
82 1 U 81
83 0 L 57
84 0 L 55
85 0 U 84
86 1 U 85
87 0 U 86
88 1 U 87
89 1 U 88
90 1 U -1
91
0 1 U -1
1 1 L -1
2 0 U 1
3 1 L 0
4 1 U 3
5 0 U 4
6 1 U 0
7 0 U 6
8 1 U 7
9 1 U -1
10 1 U 9
11 1 U 10
12 0 L 3
13 0 U 12
14 1 U 13
15 1 U 14
16 1 L 13
17 1 U 16
18 0 U -1
19 1 U 13
20 1 L 4
21 1 L 15
22 0 U 21
23 1 U 22
24 1 U 23
25 1 U 24
26 0 U 25
27 0 U -1
28 0 L 18
29 1 U 28
30 1 U 4
31 0 U 1
32 0 U 31
33 1 U 32
34 1 U 33
35 1 U 34
36 0 U -1
37 1 U 36
38 1 U 37
39 1 U 11
40 0 U 39
41 0 U 40
42 0 L 22
43 1 U 42
44 1 U 1
45 1 U -1
46 1 U 45
47 0 U 46
48 1 U 47
49 0 U 48
50 0 U 49
51 0 L 12
52 1 U 51
53 0 U 52
54 1 U -1
55 1 L 52
56 0 U 55
57 0 U 56
58 0 U 57
59 0 L 5
60 1 U 59
61 0 L 23
62 0 U 4
63 1 U -1
64 1 L 20
65 1 U 64
66 1 U 65
67 1 L 58
68 0 U 15
69 0 U 68
70 1 L 44
71 1 U 34
72 1 L 67
73 0 U 72
74 1 L 10
75 1 L 64
76 1 U 75
77 0 U 76
78 0 L 36
79 0 U 78
80 0 U 79
81 0 U -1
82 1 U 81
83 1 U 9
84 1 U 83
85 0 U 84
86 1 U 85
87 0 L 50
88 1 U 87
89 1 U 88
90 1 U -1
91
0 1 U -1
1 1 L -1
2 0 U 1
3 1 L -1
4 1 U 3
5 0 U 4
6 0 U 5
7 0 U 6
8 1 U 7
9 1 U -1
10 1 U 9
11 1 U 10
12 0 L 3
13 0 U 12
14 1 U 13
15 1 U 14
16 1 L -1
17 1 U 16
18 0 U -1
19 0 U 18
20 0 U 19
21 1 L 15
22 0 U 21
23 1 U 22
24 1 U 10
25 1 U 24
26 0 U 25
27 0 U -1
28 0 L 18
29 1 U 28
30 0 U 29
31 0 U 1
32 0 U 31
33 1 U 32
34 0 L 15
35 1 U 34
36 0 U -1
37 1 U 36
38 1 U 37
39 1 U 11
40 0 U 39
41 0 U 40
42 0 L 22
43 1 U 42
44 1 U 1
45 1 U -1
46 1 U 45
47 0 U 46
48 1 U 47
49 0 U 48
50 0 U 49
51 0 U 48
52 1 L 1
53 0 U 52
54 1 U -1
55 1 L 52
56 0 U 55
57 1 U 50
58 0 U 57
59 0 L 5
60 0 L 23
61 0 L 23
62 0 U 4
63 1 U -1
64 1 L 20
65 1 U 64
66 1 U 28
67 1 L 58
68 0 U 64
69 0 U 68
70 1 L 44
71 1 U 34
72 1 L 67
73 0 U 72
74 0 L 65
75 1 L 64
76 1 U 75
77 0 U 76
78 0 L 36
79 0 U 78
80 0 U 79
81 0 U -1
82 1 U 81
83 0 L 57
84 1 U 83
85 0 L 69
86 1 U 85
87 0 U 86
88 1 U 87
89 1 U 88
90 1 U -1
91
0 1 U -1
1 1 L -1
2 0 U 1
3 1 L -1
4 1 U 3
5 0 U 4
6 0 U 5
7 0 U 6
8 1 U 7
9 1 U -1
10 1 U 9
11 1 U 10
12 0 L 3
13 0 U 12
14 1 U 13
15 1 U 14
16 1 L 13
17 0 U 12
18 0 U -1
19 0 U 18
20 0 U 19
21 1 L 15
22 0 U 21
23 1 U 22
24 1 U 23
25 1 U 18
26 0 U 25
27 0 U -1
28 1 U 17
29 0 U 18
30 0 U 29
31 0 U 1
32 0 U 31
33 1 U 32
34 1 U 33
35 0 L 8
36 0 U -1
37 1 U 36
38 1 U 37
39 1 U 11
40 0 U 39
41 1 L 33
42 0 L 22
43 1 U 42
44 0 U 10
45 1 U -1
46 1 U 45
47 0 U 46
48 0 L 24
49 0 U 48
50 0 U 49
51 0 L 12
52 1 U 51
53 0 U 52
54 1 U -1
55 1 L 52
56 0 U 55
57 0 U 56
58 0 U 57
59 0 L 5
60 1 U 59
61 0 L 23
62 0 U 4
63 1 U -1
64 1 L 20
65 1 U 64
66 1 U 65
67 1 L 58
68 0 U 64
69 0 U 68
70 1 L 44
71 1 U 34
72 0 U 22
73 0 U 72
74 1 U 73
75 1 L 64
76 1 U 75
77 0 U 76
78 0 L 36
79 0 U 78
80 0 U 79
81 0 U -1
82 1 U 81
83 0 L 57
84 1 U 83
85 0 U 84
86 1 U 85
87 0 U 86
88 1 U 87
89 1 U 88
90 1 U -1
91
0 1 U -1
1 1 L -1
2 0 U 1
3 1 L -1
4 1 U 3
5 0 U 4
6 0 U 5
7 0 U 6
8 0 U 0
9 1 U -1
10 1 U 9
11 1 U 10
12 0 L 3
13 0 U 12
14 1 U 13
15 1 U 14
16 1 L 13
17 1 U 16
18 1 U 11
19 0 U 18
20 0 U 19
21 1 L 15
22 0 U 21
23 0 L 19
24 1 U 23
25 1 U 24
26 0 U 25
27 0 U -1
28 0 L 18
29 1 U 28
30 0 U 29
31 0 U 1
32 0 U 31
33 1 U 32
34 1 U 33
35 1 U 34
36 0 L 14
37 1 U 36
38 1 U 37
39 1 U 11
40 0 L 32
41 0 U 40
42 0 L 22
43 1 U 42
44 1 L 10
45 1 U -1
46 1 U 45
47 0 U 46
48 1 U 47
49 0 U 48
50 1 L 34
51 0 L 37
52 1 U 51
53 0 U 52
54 1 U -1
55 1 L 52
56 0 U 55
57 0 U 56
58 0 U 57
59 0 L 5
60 1 U 59
61 0 L 23
62 0 U 4
63 1 U -1
64 1 L 20
65 1 U 64
66 1 U 65
67 1 L 58
68 0 U 64
69 0 U 68
70 1 L 44
71 1 U 34
72 1 L 67
73 0 U 72
74 1 U 73
75 1 L 64
76 1 U 75
77 0 U 76
78 0 L 36
79 1 U 40
80 0 U 79
81 0 U -1
82 1 U 81
83 0 L 57
84 1 U 83
85 0 U 84
86 1 U 85
87 0 U 86
88 1 U 87
89 1 U 88
90 1 U -1
91
0 1 U -1
1 1 L -1
2 0 U 1
3 1 L -1
4 1 U 3
5 0 U 4
6 0 U 5
7 0 U 6
8 1 U 7
9 1 U -1
10 1 U 9
11 1 U 10
12 0 L 3
13 0 U 12
14 1 U 13
15 1 U 14
16 0 L 6
17 0 U 13
18 0 U -1
19 0 U 18
20 0 U 19
21 1 L 15
22 0 U 21
23 1 U 22
24 1 U 23
25 1 U 24
26 0 L 6
27 0 L 26
28 0 L 18
29 1 U 28
30 0 U 29
31 1 L 6
32 0 U 31
33 1 U 32
34 1 U 33
35 1 U 34
36 0 U -1
37 1 U 36
38 1 U 4
39 1 U 23
40 0 U 39
41 0 U 15
42 0 L 22
43 1 U 42
44 1 U 1
45 1 U -1
46 1 U 45
47 1 L 13
48 1 U 47
49 0 U 48
50 0 U 49
51 0 L 12
52 1 U 51
53 0 U 52
54 1 U -1
55 1 L 52
56 0 U 55
57 0 U 16
58 0 U 57
59 0 L 5
60 1 U 59
61 1 U 58
62 0 U 4
63 1 U -1
64 1 L 20
65 0 L 23
66 1 U 65
67 1 L 58
68 0 U 64
69 0 U 68
70 1 L 44
71 1 U 34
72 1 L 67
73 0 U 72
74 1 U 73
75 1 L 64
76 1 U 75
77 0 U 76
78 0 L 36
79 0 U 78
80 0 U 79
81 0 U -1
82 1 U 81
83 0 L 57
84 1 U 83
85 0 U 84
86 1 U 13
87 0 L 43
88 1 U 87
89 1 U 88
90 1 U -1
91
0 1 U -1
1 1 L -1
2 0 L 0
3 1 L -1
4 1 U 3
5 0 U 4
6 0 U 5
7 0 U 6
8 1 U 7
9 1 U -1
10 1 U 9
11 1 U 10
12 0 L 3
13 0 U 12
14 1 U 13
15 1 U 14
16 1 L 13
17 1 U 16
18 0 U -1
19 0 U 18
20 0 U 19
21 1 L 15
22 0 U 21
23 1 U 22
24 1 U 23
25 1 U 24
26 0 U 25
27 0 U -1
28 0 L 18
29 1 U 28
30 0 U 29
31 0 U 1
32 0 U 31
33 1 U 32
34 1 U 33
35 1 U 34
36 0 U -1
37 1 U 36
38 1 U 37
39 1 U 11
40 0 U 39
41 0 U 40
42 0 L 22
43 1 U 42
44 0 L 20
45 1 U -1
46 1 U 45
47 0 U 46
48 1 U 47
49 0 U 48
50 0 U 49
51 0 L 12
52 1 U 51
53 0 U 52
54 1 U -1
55 1 L 52
56 0 U 55
57 0 U 56
58 0 U 57
59 0 L 5
60 0 L 59
61 0 L 23
62 0 U 4
63 1 U -1
64 1 U 22
65 1 U 64
66 1 U 65
67 1 L 58
68 0 U 64
69 0 U 68
70 1 L 44
71 1 U 34
72 1 L 67
73 0 U 72
74 1 U 73
75 0 U 73
76 1 U 75
77 0 U 76
78 1 U 0
79 0 U 78
80 0 U 79
81 0 U -1
82 1 U 81
83 0 L 57
84 1 U 83
85 0 U 84
86 1 U 85
87 0 U 86
88 1 U 87
89 0 U 40
90 1 U -1
91
0 1 U -1
1 1 L -1
2 0 U 1
3 1 L -1
4 1 U 3
5 0 U 4
6 0 U 5
7 1 U 1
8 1 U 7
9 1 U -1
10 1 U 9
11 1 U 10
12 0 L 3
13 0 U 12
14 1 U 13
15 1 U 14
16 1 L 13
17 1 U 16
18 0 U -1
19 0 U 18
20 0 U 19
21 1 L 15
22 0 U 21
23 1 U 22
24 1 U 23
25 1 U 24
26 0 U 25
27 0 U -1
28 0 L 18
29 1 U 28
30 0 U 29
31 0 U 1
32 0 L 24
33 1 U 32
34 1 U 33
35 1 U 34
36 0 U -1
37 1 U 36
38 1 U 37
39 1 U 11
40 1 L 16
41 0 U 40
42 0 L 22
43 1 U 42
44 1 U 1
45 1 U -1
46 1 U 45
47 0 U 46
48 1 U 47
49 0 U 48
50 0 U 49
51 0 L 12
52 1 U 51
53 0 U 52
54 1 U -1
55 1 L 52
56 0 U 55
57 0 U 56
58 0 U 57
59 0 L 5
60 1 U 59
61 0 L 23
62 0 U 4
63 1 U -1
64 1 L 20
65 1 U 64
66 1 U 65
67 1 L 58
68 0 U 64
69 0 U 68
70 1 L 44
71 1 U 34
72 1 L 67
73 0 U 72
74 1 U 73
75 1 U 71
76 1 U 75
77 1 U 1
78 0 L 36
79 0 U 78
80 0 U 79
81 0 U -1
82 1 U 81
83 0 L 57
84 1 U 83
85 0 U 84
86 0 U 27
87 0 L 44
88 1 U 87
89 1 U 88
90 1 U -1
91
0 1 U -1
1 1 L -1
2 0 U 1
3 1 L -1
4 1 U 3
5 0 U 4
6 0 U 5
7 0 U 6
8 1 U 7
9 1 U -1
10 1 U 9
11 1 U 10
12 0 L 3
13 0 U 12
14 0 L 11
15 1 U 14
16 1 L 13
17 1 U 16
18 0 U -1
19 0 U 18
20 0 U 19
21 1 L 15
22 0 U 21
23 1 U 22
24 1 U 23
25 1 U 24
26 0 U 25
27 0 U -1
28 0 L 18
29 1 U 28
30 0 L 16
31 0 U 1
32 0 U 31
33 1 U 32
34 1 U 33
35 1 U 34
36 0 U -1
37 1 U 36
38 1 U 37
39 1 U 11
40 0 U 39
41 0 U 40
42 0 L 22
43 1 U 42
44 1 U 1
45 1 L 22
46 1 U 45
47 0 U 46
48 1 U 47
49 0 U 48
50 0 U 49
51 0 L 12
52 1 U 51
53 0 U 52
54 1 U 17
55 1 L 52
56 0 U 55
57 0 U 56
58 0 U 57
59 0 U 18
60 1 U 59
61 0 L 23
62 0 U 4
63 1 U -1
64 1 L 20
65 1 U 64
66 1 U 65
67 1 L 58
68 0 U 64
69 0 U 68
70 1 L 44
71 1 U 34
72 1 L 67
73 0 U 72
74 1 U 73
75 1 L 64
76 0 L 21
77 0 U 76
78 0 L 36
79 0 U 78
80 0 U 79
81 0 U -1
82 1 U 77
83 0 L 57
84 1 U 83
85 0 U 84
86 1 U 85
87 0 U 86
88 1 U 87
89 1 U 88
90 1 U -1
91
0 1 U -1
1 1 L -1
2 0 U 1
3 1 L -1
4 0 L 3
5 0 L 3
6 0 U 5
7 0 U 6
8 1 U 7
9 1 U -1
10 1 U 9
11 1 U 10
12 0 L 3
13 0 U 12
14 1 U 13
15 1 U 14
16 1 L 13
17 1 U 16
18 0 U -1
19 1 U 3
20 1 U 13
21 1 U 2
22 0 U 21
23 1 U 22
24 0 U 3
25 0 U 17
26 0 U 25
27 0 L 23
28 0 L 18
29 1 U 28
30 0 L 5
31 0 U 1
32 0 U 31
33 1 U 32
34 1 U 33
35 1 U 34
36 0 U -1
37 1 U 36
38 1 U 37
39 1 U 11
40 0 U 39
41 0 U 40
42 0 L 22
43 1 U 42
44 1 U 1
45 1 U -1
46 1 U 45
47 0 U 46
48 1 U 47
49 0 U 48
50 0 U 49
51 0 L 12
52 1 U 51
53 0 U 52
54 1 U -1
55 1 L 52
56 0 U 55
57 0 U 56
58 0 U 57
59 0 L 5
60 1 U 59
61 0 L 23
62 0 U 4
63 1 U -1
64 1 L 20
65 1 U 64
66 1 U 65
67 1 L 58
68 0 U 64
69 0 U 68
70 1 L 44
71 1 U 34
72 0 U -1
73 0 U 72
74 1 U 73
75 1 L 64
76 1 U 75
77 0 U 76
78 0 L 36
79 1 L 8
80 0 U 79
81 1 U 51
82 1 U 81
83 0 L 57
84 1 U 83
85 0 U 84
86 1 U 85
87 0 U 86
88 1 U 87
89 1 U 88
90 1 U -1
91
0 1 U -1
1 1 L -1
2 0 U 1
3 1 L -1
4 1 U 3
5 0 U 4
6 0 U 5
7 0 U 6
8 1 L 3
9 1 U -1
10 1 U 9
11 1 U 10
12 1 L 0
13 0 U 9
14 1 U 13
15 1 U 14
16 0 U 15
17 1 U 16
18 0 U -1
19 0 U 18
20 0 U 19
21 1 L 15
22 0 U 21
23 1 U 22
24 1 U 23
25 1 U 24
26 0 U 25
27 0 U -1
28 0 L 18
29 1 U 28
30 0 U 29
31 0 U 1
32 0 U 31
33 1 U 32
34 1 U 33
35 1 U 34
36 0 U -1
37 1 U 36
38 1 U 37
39 1 U 32
40 0 L 21
41 0 U 40
42 0 L 22
43 1 U 42
44 1 U 1
45 1 U -1
46 1 U 45
47 0 U 46
48 1 L 43
49 0 U 48
50 0 L 2
51 0 L 12
52 1 U 51
53 0 U 52
54 1 U -1
55 1 L 52
56 1 L 20
57 0 U 56
58 0 U 57
59 0 L 5
60 1 U 39
61 0 L 23
62 0 U 4
63 1 U -1
64 1 L 20
65 1 U 64
66 1 U 15
67 1 L 58
68 0 U 64
69 0 U 52
70 1 L 44
71 1 U 34
72 1 L 67
73 0 U 72
74 1 U 73
75 1 L 64
76 1 U 75
77 0 U 76
78 0 L 36
79 0 U 78
80 0 U 79
81 1 L 59
82 1 U 81
83 0 L 57
84 1 U 83
85 0 U 84
86 1 U 85
87 0 U 86
88 1 U 87
89 1 U 88
90 1 U -1
91
0 1 U -1
1 1 L -1
2 0 U 1
3 1 L -1
4 1 U 3
5 0 U 4
6 0 U 5
7 0 U 6
8 1 U 7
9 1 U -1
10 1 U 9
11 1 U 10
12 0 L 3
13 0 U 12
14 1 U 13
15 0 U 0
16 1 L 13
17 1 U 16
18 0 U -1
19 0 U 18
20 0 U 19
21 1 L 15
22 1 U 5
23 0 U 8
24 1 U 23
25 1 U 24
26 0 U 25
27 1 L 22
28 0 L 18
29 1 U 28
30 0 U 29
31 0 U 1
32 0 U 31
33 1 U 32
34 1 U 33
35 1 U 34
36 0 U -1
37 1 U 36
38 1 U 37
39 1 U 11
40 0 L 21
41 0 U 40
42 0 L 22
43 1 U 42
44 1 U 1
45 1 U -1
46 0 U 32
47 0 U 46
48 1 U 47
49 0 U 48
50 0 U 10
51 0 L 12
52 1 U 51
53 0 U 52
54 1 U -1
55 1 L 52
56 0 U 55
57 0 U 54
58 0 U 57
59 1 L 55
60 1 U 59
61 0 L 40
62 0 U 48
63 1 U -1
64 1 L 20
65 1 U 64
66 1 U 65
67 1 L 58
68 0 U 64
69 0 U 68
70 1 L 44
71 1 U 34
72 1 L 67
73 0 U 72
74 1 U 73
75 1 L 64
76 1 U 75
77 0 U 76
78 0 L 36
79 0 U 78
80 0 U 79
81 0 U -1
82 1 U 81
83 0 L 57
84 1 U 83
85 0 U 84
86 1 U 85
87 1 U 52
88 1 U 87
89 1 U 88
90 1 U -1
