30
0 0 U -1
1 1 U 0
2 0 U 1
3 0 U 2
4 1 U 3
5 0 U -1
6 0 U 5
7 0 U 6
8 0 U 7
9 0 U 8
10 0 U -1
11 1 U 10
12 1 U 11
13 1 U 12
14 0 U 13
15 1 U -1
16 1 U 15
17 0 U 16
18 0 U 17
19 1 U 18
20 1 U -1
21 0 U 20
22 0 U 21
23 1 U 22
24 1 U 23
25 1 U -1
26 0 U 25
27 0 U 26
28 1 U 27
29 1 U 28
30
0 0 U -1
1 1 U 0
2 0 U 1
3 0 U 2
4 1 U 3
5 0 U -1
6 0 U 5
7 0 U 6
8 0 U 7
9 0 U 8
10 0 U -1
11 0 U 8
12 0 L 9
13 1 U 12
14 0 U 13
15 1 U -1
16 1 U 15
17 0 U 16
18 0 U 17
19 1 U 11
20 1 U -1
21 0 U 20
22 0 U 21
23 1 U 22
24 1 U 23
25 1 U -1
26 0 U 25
27 0 U 26
28 1 U 27
29 1 U 28
30
0 0 U -1
1 1 U 0
2 0 U 1
3 0 U 2
4 1 U 3
5 0 U -1
6 0 U 5
7 0 U 6
8 0 U 7
9 0 U 8
10 0 U -1
11 0 U 3
12 0 L 9
13 1 U 12
14 0 U 13
15 1 U -1
16 1 U 15
17 0 U 16
18 0 U 17
19 1 U 11
20 1 U -1
21 0 U 20
22 0 U 21
23 1 U 22
24 1 U 23
25 1 U -1
26 0 U 25
27 0 U 26
28 1 U 27
29 1 L 24
30
0 0 U -1
1 0 U 0
2 0 U 1
3 0 U 2
4 1 U 3
5 0 U -1
6 0 U 5
7 0 L 2
8 0 U 7
9 0 U 8
10 0 U -1
11 0 U 8
12 1 L 10
13 1 U 12
14 0 U 13
15 1 U -1
16 1 U 15
17 0 U 16
18 0 U 17
19 1 U 11
20 1 U -1
21 0 U 20
22 0 U 21
23 1 U 22
24 1 L 7
25 1 U -1
26 0 U 25
27 0 U 26
28 1 U 27
29 1 U 28
30
0 0 U -1
1 1 U 0
2 0 U 1
3 0 U 2
4 1 U 3
5 0 U -1
6 0 U 5
7 0 U 6
8 0 L 2
9 0 U 8
10 0 U -1
11 0 U 8
12 0 L 9
13 1 U 12
14 0 U 13
15 1 U -1
16 1 U 15
17 0 L 13
18 1 U 11
19 1 U 11
20 1 U -1
21 0 U 20
22 0 U 21
23 1 U 22
24 1 U 23
25 1 U -1
26 0 U 25
27 0 U 26
28 1 U 8
29 1 U 28
30
0 0 U -1
1 1 U 0
2 0 U 1
3 0 U 2
4 0 U -1
5 0 U -1
6 0 U 5
7 0 U 6
8 0 U 7
9 0 U 8
10 0 U -1
11 0 U 8
12 0 L 6
13 1 U 12
14 0 U 13
15 1 U -1
16 1 U 15
17 0 U 16
18 0 L 3
19 0 U 13
20 1 U -1
21 0 U 20
22 0 U 21
23 1 U 22
24 1 U 23
25 1 U -1
26 0 U 25
27 0 U 26
28 1 U 27
29 1 U 28
30
0 0 U -1
1 1 U 0
2 0 U 1
3 0 U 2
4 1 U 3
5 0 U -1
6 0 U 5
7 0 U 6
8 0 U 7
9 0 U 8
10 0 U -1
11 0 U 8
12 0 L 9
13 1 U 12
14 0 U 13
15 1 U -1
16 1 U 15
17 0 U 16
18 1 L 11
19 0 L 9
20 1 U -1
21 0 U 20
22 0 U 21
23 1 U 22
24 0 U 8
25 1 U -1
26 1 L 19
27 0 U 26
28 1 U 27
29 1 U 28
30
0 0 U -1
1 1 U 0
2 0 U 1
3 0 U 2
4 1 U 3
5 0 U -1
6 0 L 5
7 0 U 6
8 0 U 7
9 0 U 8
10 0 U -1
11 0 U 8
12 0 L 9
13 1 U 12
14 0 U 13
15 1 U -1
16 1 U 15
17 0 U 16
18 0 U 17
19 1 U 11
20 1 U -1
21 0 U 20
22 0 U 21
23 1 U 22
24 1 U 23
25 1 U -1
26 0 U 25
27 0 U 26
28 1 U 27
29 1 U 28
30
0 0 U -1
1 1 U 0
2 0 U 1
3 0 U 2
4 1 U 3
5 0 U -1
6 0 L 5
7 0 U 6
8 0 U 7
9 0 U 8
10 0 U -1
11 0 U 8
12 0 L 9
13 1 U 12
14 0 U 13
15 1 U -1
16 1 U 15
17 0 U 16
18 0 U 17
19 1 U 11
20 1 U -1
21 0 U 20
22 0 U 21
23 1 U 22
24 1 U 23
25 1 U -1
26 0 U 25
27 0 U 26
28 1 U 27
29 1 U 28
30
0 0 U -1
1 1 U 0
2 0 U 1
3 0 U 1
4 1 U 3
5 0 U -1
6 0 L 5
7 0 U 6
8 0 U 7
9 0 U 8
10 0 U -1
11 0 L 4
12 0 U -1
13 1 U 12
14 0 U 13
15 1 U -1
16 1 U 15
17 0 U 16
18 0 U 17
19 1 U 11
20 1 U -1
21 0 U 20
22 0 U 21
23 1 U 2
24 1 U 23
25 1 U -1
26 0 U 25
27 0 L 11
28 1 U 27
29 1 U 28
30
0 0 U -1
1 1 U 0
2 0 U 1
3 0 U 1
4 1 U 3
5 0 U -1
6 1 L 3
7 0 U 6
8 0 U 7
9 0 U 8
10 0 U -1
11 0 L 4
12 0 U -1
13 1 U 12
14 1 U 6
15 1 U -1
16 1 U 15
17 0 U 16
18 0 U 17
19 1 U 11
20 1 U -1
21 0 U 20
22 0 U 21
23 1 U 2
24 1 U 23
25 1 U -1
26 0 U 25
27 0 L 11
28 1 U 27
29 1 U 28
30
0 0 U -1
1 1 U 0
2 0 U 1
3 0 U 1
4 1 U 3
5 0 U -1
6 0 L 5
7 0 U 6
8 0 U 7
9 0 U 8
10 0 U -1
11 0 L 4
12 0 L 4
13 1 U 12
14 0 U 13
15 1 U -1
16 1 U 15
17 0 U 16
18 0 U 17
19 1 U 11
20 1 U -1
21 0 U 20
22 0 U 21
23 1 U 2
24 1 U 23
25 1 U -1
26 0 U 25
27 1 L 9
28 1 U 27
29 1 U 28
30
0 0 U -1
1 1 U 0
2 0 U 1
3 0 U 1
4 1 U 3
5 0 U -1
6 0 L 5
7 0 U 6
8 0 U 7
9 0 U 8
10 0 U -1
11 0 L 4
12 0 U -1
13 1 U 12
14 1 L -1
15 1 U -1
16 1 U 15
17 0 U 16
18 0 U 17
19 1 U 11
20 1 U -1
21 0 U 20
22 0 U 21
23 1 U 2
24 1 U 23
25 1 U 17
26 0 U 25
27 0 L 11
28 1 U 27
29 1 U 28
30
0 0 U -1
1 1 U 0
2 0 U 1
3 0 U 1
4 1 U 3
5 0 U -1
6 0 L 5
7 0 U 6
8 0 U 7
9 0 U 8
10 0 U -1
11 0 L 4
12 0 U -1
13 1 U 12
14 0 U 13
15 1 U -1
16 1 U 15
17 0 U 16
18 1 U 8
19 1 U 11
20 1 U -1
21 0 U 20
22 0 U 21
23 1 U 2
24 1 L 23
25 1 U -1
26 0 U 25
27 0 L 11
28 1 U 27
29 1 U 28
30
0 0 U -1
1 1 U 0
2 0 U 1
3 0 U 1
4 1 U 3
5 1 U -1
6 0 L 5
7 0 U 6
8 0 U 7
9 0 U 8
10 0 U -1
11 0 L 4
12 0 U -1
13 1 U 12
14 0 U 13
15 0 U 4
16 1 U 15
17 0 U 16
18 0 U 17
19 1 U 11
20 1 U -1
21 0 U 20
22 0 U 21
23 1 U 2
24 1 U 23
25 1 U -1
26 0 U 25
27 0 L 11
28 1 U 27
29 1 U 28
30
0 0 U -1
1 1 U 0
2 0 U 1
3 0 U 1
4 1 U 3
5 0 U -1
6 0 L 5
7 0 U 6
8 0 U 7
9 0 U 8
10 0 U -1
11 0 L 4
12 0 U -1
13 1 U 12
14 0 U 13
15 1 L 7
16 1 U 15
17 0 U 16
18 0 U 17
19 1 U 11
20 1 U -1
21 0 U 18
22 0 U 21
23 1 U 2
24 1 U 23
25 1 U -1
26 0 U 25
27 0 L 11
28 1 U 27
29 1 U 28
30
0 0 U -1
1 1 U 0
2 0 U 1
3 0 U 1
4 1 U 3
5 0 U -1
6 0 L 5
7 0 U 6
8 0 U 7
9 0 U 8
10 0 U -1
11 0 L 4
12 0 U -1
13 1 U 12
14 0 U 13
15 1 U -1
16 1 U 15
17 0 U 16
18 0 U 17
19 1 U 11
20 1 U -1
21 0 U 20
22 0 U 21
23 1 U 2
24 1 U 23
25 1 U -1
26 0 U 25
27 0 L 11
28 1 U 27
29 1 L 24
30
0 0 U -1
1 1 U 0
2 0 U 1
3 0 U 1
4 1 U 3
5 0 U -1
6 0 L 5
7 0 U 6
8 0 U 7
9 0 U 8
10 0 U -1
11 0 L 4
12 0 U -1
13 1 U 12
14 0 L 0
15 1 U -1
16 1 U 15
17 0 U 16
18 0 U 17
19 1 U 11
20 1 U -1
21 0 U 20
22 0 U 21
23 1 U 2
24 1 U 23
25 1 U -1
26 0 U 25
27 0 L 11
28 1 U 27
29 0 L 2
30
0 0 U -1
1 1 U 0
2 0 U 1
3 0 U 1
4 1 U 3
5 0 U -1
6 0 L -1
7 0 U 6
8 0 U 7
9 0 U 8
10 1 U 2
11 0 L 4
12 0 U -1
13 1 U 12
14 0 U 13
15 1 L 14
16 1 U 15
17 0 U 16
18 0 U 17
19 1 U 11
20 1 U -1
21 0 U 20
22 1 U 0
23 1 L 0
24 1 U 23
25 1 U -1
26 0 U 25
27 0 L 11
28 1 U 27
29 1 U 28
30
0 0 U -1
1 1 U 0
2 0 U 1
3 1 U 2
4 1 U 3
5 0 U -1
6 0 L 5
7 0 U 6
8 1 L -1
9 0 U 8
10 0 U -1
11 0 L 4
12 0 U -1
13 1 U 12
14 0 U 13
15 1 U -1
16 1 U 15
17 0 U 16
18 0 U 17
19 1 U 11
20 1 U -1
21 0 U 20
22 0 U 21
23 1 U 2
24 1 L 1
25 1 U -1
26 0 U 25
27 0 L 11
28 1 U 27
29 1 U 28
30
0 0 U -1
1 1 U 0
2 0 U 1
3 0 U 1
4 1 U 3
5 0 U -1
6 0 L 5
7 0 U 6
8 0 U 7
9 0 U 8
10 0 U -1
11 0 L 4
12 0 U 0
13 1 U 12
14 0 U 13
15 1 U -1
16 1 U 15
17 0 U 16
18 0 U 17
19 1 U 11
20 1 U -1
21 0 U 20
22 0 U 21
23 1 U 2
24 1 U 23
25 1 U -1
26 0 U 25
27 0 U 8
28 1 U 27
29 1 U 28
30
0 0 U -1
1 1 U 0
2 0 U 1
3 0 U 1
4 1 U 3
5 0 U -1
6 0 L 5
7 0 U 6
8 0 U 7
9 0 U 8
10 0 U -1
11 0 L 4
12 0 U -1
13 1 U 12
14 0 U 13
15 1 U -1
16 1 U 15
17 0 U 16
18 0 U 17
19 1 U 11
20 1 U -1
21 0 U 20
22 0 U 21
23 1 U 2
24 1 U 23
25 1 U -1
26 0 U 25
27 0 L 11
28 1 U 27
29 0 L 22
30
0 0 U -1
1 1 U 0
2 0 U 1
3 0 U 1
4 1 U 3
5 0 U -1
6 0 L 5
7 0 U 6
8 0 U 0
9 0 U 8
10 0 U -1
11 0 L 4
12 0 U -1
13 1 U 12
14 0 U 13
15 1 U -1
16 1 U 15
17 0 U 16
18 0 U 17
19 1 U 11
20 1 U -1
21 0 U 20
22 0 U 21
23 1 U 2
24 1 U 23
25 1 U -1
26 1 L 22
27 0 L 11
28 1 U 27
29 1 U 28
30
0 0 U -1
1 1 U 0
2 0 U 1
3 0 U 1
4 1 U 3
5 0 U -1
6 0 L 5
7 0 U 6
8 0 U 7
9 0 U 8
10 0 U -1
11 0 L 4
12 0 U -1
13 1 U 12
14 0 U 13
15 1 U -1
16 1 U 15
17 0 U 16
18 0 L 5
19 1 U 7
20 1 U -1
21 0 U 20
22 0 U 21
23 1 U 2
24 1 L 16
25 1 U -1
26 0 U 25
27 0 L 11
28 1 U 27
29 1 U 28
30
0 0 U -1
1 1 U 0
2 0 U 1
3 0 U 1
4 1 U 3
5 0 U -1
6 0 L 5
7 0 L 5
8 0 U 7
9 0 U 8
10 0 U -1
11 0 L 4
12 0 U -1
13 1 U 12
14 0 U 13
15 1 U -1
16 1 U 15
17 0 U 16
18 0 U 17
19 1 U 11
20 1 U -1
21 0 U 20
22 0 U 21
23 1 U 2
24 1 U 23
25 0 L 2
26 0 U 25
27 0 L 11
28 1 U 27
29 1 L 12
30
0 0 L -1
1 1 U 0
2 0 U 1
3 0 U 1
4 1 U 3
5 1 U 0
6 0 L 5
7 0 U 6
8 0 U 7
9 0 U 8
10 1 L 4
11 1 U 10
12 0 U -1
13 1 U 12
14 0 U 13
15 1 U -1
16 1 U 15
17 0 U 16
18 0 U 17
19 1 U 11
20 1 U -1
21 0 U 20
22 0 U 21
23 1 U 2
24 1 U 23
25 1 U -1
26 0 U 25
27 0 L 11
28 1 U 27
29 1 U 28
30
0 0 U -1
1 1 U 0
2 0 U 1
3 0 U 1
4 1 U 3
5 0 U -1
6 0 L 5
7 0 U 6
8 1 L 6
9 0 U 8
10 0 U -1
11 0 L 4
12 0 U -1
13 1 U 12
14 0 U 13
15 1 U -1
16 1 U 15
17 0 U 16
18 0 U 17
19 1 U 11
20 1 U -1
21 0 U 20
22 0 U 21
23 1 U 2
24 1 U 23
25 1 U -1
26 0 U 25
27 0 L 11
28 1 U 4
29 1 U 28
30
0 0 U -1
1 1 U 0
2 0 U 1
3 0 U 1
4 1 U 3
5 0 U -1
6 0 L 5
7 0 U 6
8 0 U 7
9 0 U 8
10 0 U -1
11 0 L 4
12 0 U -1
13 1 U 12
14 0 U 13
15 1 U -1
16 1 U 15
17 0 L 8
18 0 U 17
19 1 U 11
20 1 L 16
21 0 U 20
22 0 U 21
23 1 U 2
24 1 U 23
25 1 U -1
26 0 U 25
27 0 L 11
28 1 U 27
29 1 U 28
