67
0 0 U -1
1 0 U 0
2 0 U 1
3 0 U 2
4 0 U 3
5 0 U 4
6 0 U 5
7 0 U 6
8 1 U -1
9 0 U 8
10 1 U 9
11 1 U 10
12 1 U 11
13 1 U 12
14 0 U 13
15 0 U 14
16 1 U -1
17 0 U 16
18 0 U 17
19 1 U 18
20 1 U 19
21 1 U 20
22 1 U 21
23 0 U 22
24 0 U -1
25 1 U 24
26 0 U 25
27 1 U 26
28 0 U 27
29 0 U 28
30 1 U 29
31 1 U 30
32 1 U -1
33 0 U 32
34 1 U 33
35 0 U 34
36 1 U 35
37 0 U 36
38 1 U 37
39 1 U 38
40 1 U -1
41 0 U 40
42 1 U 41
43 1 U 42
44 1 U 43
45 0 U 44
46 0 U 45
47 1 U 46
48 1 U -1
49 1 U 48
50 0 U 49
51 1 U 50
52 0 U 51
53 0 U 52
54 1 U 53
55 1 U 54
56 1 U -1
57 0 U 56
58 0 U 57
59 0 U 58
60 0 U 59
61 0 U 60
62 0 U 61
63 1 U 62
64 0 U -1
65 0 U 64
66 0 U 65
67
0 0 U -1
1 0 U 0
2 0 U 1
3 0 U 2
4 0 U 3
5 0 U 4
6 0 U 5
7 0 U 6
8 1 L 3
9 0 U 8
10 1 U 9
11 1 U 3
12 1 U 11
13 1 U 12
14 0 U 13
15 1 U 7
16 1 U -1
17 0 U 16
18 0 U 17
19 1 U 18
20 1 U 19
21 0 L -1
22 1 U 21
23 0 U 0
24 1 L -1
25 1 U 24
26 0 U 25
27 1 U 26
28 0 U 27
29 0 U 28
30 1 U 29
31 1 U 30
32 1 U -1
33 0 U 32
34 1 U 33
35 0 U 34
36 1 U 35
37 0 U 36
38 1 U 37
39 1 U 38
40 1 U -1
41 0 U 40
42 1 U 41
43 1 U 42
44 1 U 43
45 0 U 7
46 0 U 45
47 1 U 46
48 1 U -1
49 1 U 48
50 0 U 49
51 0 L 30
52 0 U 51
53 0 L 15
54 1 U 53
55 1 U 54
56 1 U -1
57 0 U 56
58 0 U 57
59 0 U 58
60 0 U 59
61 0 U 60
62 0 U 61
63 1 U 62
64 1 U 38
65 0 U 64
66 0 U 65
67
0 0 U -1
1 0 U 0
2 0 U 1
3 0 U 2
4 0 U 3
5 0 U 4
6 1 L 5
7 0 U 6
8 1 L 3
9 0 U 8
10 1 U 9
11 1 U 3
12 1 U 11
13 1 U 12
14 0 U 13
15 1 U 7
16 1 U -1
17 0 U 16
18 0 U 15
19 1 U 18
20 1 U 19
21 0 L -1
22 1 U 21
23 0 U 0
24 1 L -1
25 1 L 13
26 0 U 25
27 1 U 26
28 0 U 27
29 0 U 28
30 0 U -1
31 1 U 30
32 1 U -1
33 0 U 32
34 1 U 17
35 0 U 34
36 1 U 35
37 0 U 36
38 1 U 37
39 1 U 38
40 1 U -1
41 0 L 20
42 1 U 41
43 1 U 42
44 1 U 43
45 0 U 7
46 0 U 45
47 1 U 46
48 1 U -1
49 0 L 41
50 0 U 49
51 0 L 30
52 0 U 51
53 0 L 15
54 1 U 53
55 1 U 54
56 1 U -1
57 0 U 56
58 0 U 57
59 0 U 58
60 0 U 59
61 0 U 60
62 0 U 61
63 1 U 7
64 1 U 38
65 0 U 64
66 0 U 65
67
0 0 U -1
1 0 U 0
2 0 U 1
3 0 U 2
4 0 U 3
5 0 U 4
6 0 U 5
7 0 U 6
8 1 L 3
9 0 U 6
10 1 U 9
11 1 U 3
12 1 U 11
13 1 U 12
14 0 U 13
15 1 U 7
16 1 U -1
17 0 U 16
18 0 U 17
19 1 U 18
20 1 U 19
21 0 L -1
22 1 U 21
23 1 U 0
24 1 L -1
25 1 U 24
26 0 U 25
27 1 U 26
28 0 U 27
29 0 U 28
30 1 L 11
31 1 U 30
32 1 U -1
33 0 U 32
34 1 U 26
35 0 U 34
36 1 L 20
37 0 U 36
38 1 U 37
39 1 U 38
40 1 U -1
41 0 U 40
42 0 U 17
43 1 U 42
44 1 L 16
45 0 U 7
46 0 U 45
47 1 U 46
48 1 L 14
49 1 U 48
50 1 U 24
51 0 L 30
52 0 L 19
53 0 L 15
54 1 U 53
55 1 U 54
56 1 U -1
57 0 U 56
58 0 U 57
59 0 U 58
60 0 U 59
61 0 U 60
62 0 U 61
63 1 U 62
64 1 U 38
65 0 L 22
66 0 U 65
67
0 0 U -1
1 0 U 0
2 0 U 1
3 0 U 2
4 0 U 3
5 0 U 4
6 0 U 5
7 0 U 6
8 1 L 3
9 0 U 8
10 1 U 9
11 1 U 3
12 1 U 11
13 1 U 12
14 0 U 13
15 1 U 7
16 1 U -1
17 0 U 16
18 0 U 17
19 1 U 18
20 1 U 19
21 0 L -1
22 1 U 21
23 0 U 0
24 1 L 11
25 1 U 24
26 0 U 25
27 1 U 26
28 0 U 27
29 0 U 28
30 1 U 29
31 1 U 30
32 1 U -1
33 0 U 32
34 1 U 33
35 0 U 34
36 1 U 35
37 0 U 36
38 1 U 37
39 1 U 38
40 1 U -1
41 0 U 40
42 1 L 36
43 1 U 42
44 1 U 43
45 0 U 7
46 0 U 45
47 1 U 46
48 1 U -1
49 1 U 20
50 0 U 49
51 0 L 30
52 1 U 21
53 0 L 15
54 1 U 53
55 1 U 54
56 1 U -1
57 0 U 56
58 1 L 13
59 0 U 58
60 0 U 59
61 0 U 60
62 0 U 61
63 1 U 62
64 1 U 38
65 0 U 64
66 0 U 65
67
0 0 U -1
1 0 U 0
2 0 U 1
3 0 U 2
4 0 U 3
5 0 U 4
6 0 U 5
7 0 U 6
8 1 L 3
9 0 U 8
10 1 U 9
11 1 U 3
12 1 U 11
13 1 U 12
14 0 U 13
15 1 U 7
16 1 U -1
17 0 U 16
18 0 U 17
19 1 U 18
20 1 U 19
21 0 L -1
22 0 U -1
23 0 U 0
24 0 L 17
25 1 U 24
26 1 U 17
27 1 U 26
28 0 U 27
29 0 U 28
30 1 L 8
31 1 U 30
32 1 L 30
33 0 U 32
34 1 L 3
35 0 U 34
36 1 U 35
37 0 U 36
38 1 U 37
39 1 U 38
40 1 U -1
41 0 U 40
42 1 U 41
43 1 U 42
44 1 U 43
45 0 U 7
46 0 U 45
47 1 U 46
48 1 U -1
49 1 U 48
50 0 U 49
51 0 L 30
52 0 U 51
53 0 L 15
54 1 U 53
55 1 U 54
56 1 U -1
57 0 U 56
58 0 U 57
59 0 U 58
60 0 U 59
61 0 U 60
62 0 U 61
63 1 U 62
64 1 U 38
65 1 U 15
66 0 U 65
67
0 0 U -1
1 0 U 0
2 0 U 1
3 0 U 2
4 0 U 3
5 0 U 4
6 0 U 5
7 0 U 6
8 1 L 3
9 0 U 8
10 1 U 9
11 1 U 3
12 1 U 11
13 1 U 12
14 0 U 13
15 1 U 7
16 1 U -1
17 0 U 16
18 0 U 17
19 1 U 18
20 1 U 19
21 0 L -1
22 1 U 21
23 0 U 0
24 1 L -1
25 1 U 24
26 1 L 11
27 1 U 7
28 0 U 27
29 0 U 28
30 1 U 29
31 1 U 30
32 1 U -1
33 0 U 32
34 1 U 33
35 0 U 34
36 1 U 35
37 0 U 36
38 1 U 37
39 1 U 38
40 1 U -1
41 0 U 40
42 1 U 41
43 1 U 42
44 0 L 32
45 0 U 7
46 0 U 45
47 1 U 46
48 1 U -1
49 1 U 48
50 0 U 49
51 0 L 30
52 0 U 51
53 0 L 15
54 1 U 53
55 0 U 16
56 1 U -1
57 0 U 56
58 0 U 57
59 0 U 58
60 0 L 41
61 0 U 60
62 0 U 61
63 1 U 62
64 1 U 38
65 0 U 64
66 0 L 42
67
0 0 U -1
1 0 U 0
2 0 U 1
3 0 U 2
4 0 U 3
5 0 U 4
6 0 U 5
7 0 U 6
8 1 L 3
9 0 U 8
10 1 U 9
11 0 L -1
12 1 U 11
13 1 U 12
14 0 U 13
15 1 U 7
16 0 L -1
17 1 U 12
18 0 U 17
19 1 U 18
20 1 U 19
21 0 L -1
22 1 U 21
23 0 U 0
24 0 U 9
25 1 U 24
26 0 U 25
27 1 U 26
28 0 U 27
29 0 U 28
30 1 U 29
31 1 U 30
32 1 U -1
33 0 U 32
34 1 U 33
35 0 U 34
36 0 U 20
37 1 U 4
38 1 U 37
39 1 U 38
40 1 U -1
41 0 U 40
42 1 U 41
43 0 L 32
44 1 U 43
45 0 U 7
46 0 U 45
47 1 U 46
48 1 U -1
49 0 U 34
50 0 U 49
51 0 L 30
52 0 U 51
53 0 L 15
54 1 U 53
55 1 U 40
56 1 U -1
57 0 U 56
58 0 U 57
59 0 U 58
60 1 L 34
61 0 U 60
62 0 U 61
63 1 U 62
64 1 U 38
65 0 U 64
66 0 U 65
67
0 0 U -1
1 1 U 0
2 0 U 1
3 0 U 2
4 0 U 3
5 0 U 4
6 0 U 5
7 0 U 6
8 1 L 3
9 0 U 8
10 1 U 9
11 1 U 3
12 1 U 11
13 1 U 12
14 0 U 13
15 1 U 7
16 1 U -1
17 1 U 5
18 0 U 17
19 1 U 18
20 1 U 19
21 0 L -1
22 1 U 21
23 0 U 0
24 1 L -1
25 1 U 24
26 0 U 25
27 1 U 26
28 1 U 3
29 0 U 28
30 1 U 29
31 1 U 30
32 1 U -1
33 0 U 32
34 1 U 33
35 0 U 34
36 1 U 35
37 0 U 36
38 1 U 37
39 1 U 38
40 1 U -1
41 0 U 40
42 1 U 41
43 1 U 42
44 1 U 43
45 0 U 7
46 0 U 45
47 1 U 46
48 1 U -1
49 1 U 48
50 0 U 49
51 0 L 30
52 0 U 51
53 0 L 15
54 1 U 53
55 1 U 54
56 1 U -1
57 0 U 56
58 0 U 57
59 0 U 58
60 0 U 36
61 0 U 60
62 0 U 61
63 1 U 62
64 1 U 38
65 0 U 64
66 0 U 65
67
0 0 U -1
1 0 U 0
2 0 U 1
3 0 U 2
4 0 U 3
5 0 U 4
6 0 U 5
7 0 U 6
8 0 L 5
9 0 U 8
10 1 U 9
11 1 U 3
12 1 U 11
13 1 U 12
14 0 U 13
15 1 U 7
16 1 U -1
17 0 U 16
18 0 U 17
19 1 U 18
20 1 U 19
21 0 L -1
22 1 U 21
23 0 U 0
24 1 L -1
25 1 U 24
26 0 U 25
27 1 U 26
28 0 U 27
29 0 U 28
30 1 U 29
31 1 U 30
32 1 U -1
33 0 U 32
34 1 U 33
35 0 U 34
36 1 U 35
37 0 U 36
38 1 U 37
39 1 U 38
40 1 U -1
41 0 U 40
42 1 U 41
43 1 U 42
44 1 U 43
45 0 U 7
46 0 U 45
47 1 U 46
48 1 U -1
49 1 U 48
50 0 U 49
51 0 L 30
52 0 U 51
53 0 L 15
54 0 L 12
55 1 U 54
56 1 U -1
57 0 U 56
58 1 L -1
59 0 U 58
60 0 U 59
61 1 U 8
62 0 U 61
63 1 L 61
64 1 U 38
65 0 U 64
66 0 U 65
67
0 0 U -1
1 0 U 0
2 0 U 1
3 0 U 2
4 0 U 3
5 0 U 4
6 0 U 5
7 0 U 6
8 1 L 3
9 0 U 8
10 1 U 9
11 1 U 3
12 1 U 11
13 1 U 12
14 0 U 13
15 1 U 7
16 1 U -1
17 0 U 16
18 0 U 17
19 1 U 18
20 1 U 19
21 0 L -1
22 1 U 21
23 0 U 0
24 1 L -1
25 1 U 24
26 0 U 25
27 1 U 26
28 0 U 27
29 0 U 28
30 1 U 29
31 1 U 30
32 1 U -1
33 0 U 32
34 1 U 33
35 1 L 25
36 1 U 35
37 1 L 28
38 1 U 37
39 1 U 38
40 1 U -1
41 0 L 0
42 1 U 41
43 1 U 42
44 1 U 43
45 0 U 7
46 0 U 45
47 1 U 46
48 1 U -1
49 1 U 48
50 0 U 49
51 0 L 30
52 0 U 51
53 0 L 15
54 1 U 53
55 1 U 54
56 1 U -1
57 0 U 56
58 0 U 57
59 0 U 58
60 0 U 59
61 0 U 60
62 0 U 61
63 1 U 62
64 1 U 38
65 0 U 64
66 0 U 65
67
0 0 U -1
1 0 U 0
2 0 U 1
3 0 U 2
4 0 U 3
5 0 U 4
6 0 U 5
7 1 U 1
8 1 L 3
9 0 U 8
10 1 U 9
11 1 U 3
12 1 U 11
13 1 U 12
14 0 U 13
15 1 U 7
16 1 U -1
17 0 U 16
18 0 U 17
19 1 U 18
20 1 U 19
21 0 L -1
22 1 U 4
23 0 U 0
24 1 L -1
25 0 U 15
26 0 U 25
27 1 U 26
28 0 U 27
29 0 U 28
30 1 U 29
31 1 U 30
32 1 U -1
33 0 U 10
34 1 U 33
35 0 U 34
36 1 U 35
37 0 U 36
38 1 U 37
39 1 U 38
40 1 U -1
41 0 U 40
42 0 U 9
43 1 U 42
44 1 U 43
45 0 U 7
46 0 U 45
47 1 U 46
48 1 U -1
49 1 U 48
50 0 U 49
51 0 L 30
52 0 U 51
53 0 U 19
54 1 U 53
55 1 U 54
56 1 U -1
57 0 L 26
58 0 U 57
59 0 U 58
60 0 U 59
61 0 U 60
62 0 U 61
63 1 U 62
64 0 U 15
65 0 U 64
66 0 U 65
67
0 1 L -1
1 0 U 0
2 0 U 1
3 0 U 2
4 0 U 3
5 0 U 4
6 0 U 5
7 0 L -1
8 1 L 3
9 0 U 8
10 1 U 9
11 1 U 3
12 1 U 11
13 1 U 12
14 0 U 13
15 1 U 7
16 1 U -1
17 0 U 16
18 0 U 17
19 1 U 18
20 1 U 19
21 0 L -1
22 1 U 21
23 0 U 0
24 1 L -1
25 1 U 24
26 0 U 25
27 1 U 26
28 0 U 27
29 0 U 28
30 1 U 29
31 1 U 30
32 1 U 15
33 0 U 32
34 1 U 33
35 0 U 34
36 1 U 35
37 0 U 36
38 1 U 37
39 1 U 38
40 1 U -1
41 0 U 40
42 1 U 41
43 1 L 39
44 1 U 43
45 0 U 7
46 0 U 45
47 1 U 46
48 1 U -1
49 1 U 48
50 0 U 49
51 0 L 30
52 0 U 51
53 0 L 15
54 1 U 53
55 1 U 54
56 1 U -1
57 0 U 56
58 0 U 57
59 0 U 58
60 1 U -1
61 0 U 60
62 0 U 61
63 1 U 62
64 1 U 38
65 0 L 46
66 0 U 65
67
0 0 U -1
1 1 L 0
2 1 U 1
3 0 U 2
4 0 U 3
5 0 U 4
6 0 U 5
7 0 U 6
8 1 L 3
9 0 U 8
10 1 U 9
11 1 U 3
12 1 U 11
13 1 U 12
14 0 U 13
15 1 U 7
16 1 U -1
17 0 U 16
18 0 U 17
19 1 U 18
20 1 U 19
21 0 L -1
22 1 U 21
23 0 U 0
24 1 L -1
25 1 U 24
26 0 U 25
27 1 U 26
28 0 U 27
29 0 U 28
30 1 U 29
31 1 U 30
32 1 U -1
33 0 U 32
34 1 U 33
35 0 U 34
36 1 U 35
37 0 L 7
38 1 U 37
39 1 U 38
40 1 U -1
41 0 U 40
42 1 U 41
43 1 U 42
44 1 U 43
45 0 U 7
46 0 U 45
47 1 U 46
48 1 U -1
49 1 U 48
50 0 U 49
51 0 L 30
52 0 U 51
53 0 U 36
54 1 U 53
55 1 U 54
56 1 U -1
57 0 U 56
58 0 U 57
59 0 U 58
60 0 U 59
61 0 U 60
62 0 U 61
63 1 U 62
64 1 U 38
65 0 U 64
66 0 U 65
67
0 0 U -1
1 0 U 0
2 0 U 1
3 0 U 2
4 1 U 3
5 0 U 4
6 0 U 5
7 0 U 6
8 0 L 2
9 0 U 8
10 1 U 9
11 1 U 3
12 1 U 11
13 1 U 12
14 0 U 13
15 1 U 7
16 1 U -1
17 0 U 16
18 0 U 17
19 1 U 18
20 1 U 19
21 0 L -1
22 1 U 21
23 0 U 0
24 1 L -1
25 1 U 24
26 0 L 0
27 1 U 26
28 0 U 1
29 0 U 28
30 1 U 29
31 1 U 30
32 1 U -1
33 0 U 32
34 1 U 33
35 0 U 34
36 1 U 35
37 0 U 29
38 1 U 37
39 1 U 38
40 1 U -1
41 0 U 40
42 1 U 41
43 1 U 42
44 1 U 43
45 0 U 7
46 0 L -1
47 0 U 8
48 1 U -1
49 1 U 48
50 1 L 32
51 1 L 38
52 0 U 51
53 0 L 15
54 1 U 53
55 1 U 54
56 1 U 47
57 0 U 56
58 0 U 57
59 0 U 58
60 0 U 59
61 0 U 60
62 0 U 61
63 1 U 62
64 1 U 38
65 0 U 64
66 0 U 65
67
0 1 L -1
1 0 U 0
2 0 U 1
3 0 U 2
4 0 U 3
5 0 U 4
6 0 U 5
7 0 U 6
8 1 L 3
9 0 U 8
10 1 U 9
11 1 U 3
12 1 U 11
13 1 U 12
14 0 U 13
15 1 U 7
16 1 U 2
17 1 U 9
18 0 U 17
19 1 U 18
20 1 U 19
21 0 L -1
22 1 U 21
23 0 U 0
24 1 L -1
25 1 U 24
26 0 U 25
27 1 U 26
28 0 U 27
29 0 U 28
30 1 U 29
31 1 U 30
32 1 U -1
33 0 U 32
34 1 L 21
35 0 U 34
36 1 U 35
37 0 U 36
38 0 L 5
39 1 U 38
40 1 U -1
41 0 U 40
42 1 U 41
43 1 U 42
44 1 U 43
45 0 U 7
46 0 U 45
47 1 U 46
48 1 U -1
49 1 U 48
50 0 U 49
51 0 L 30
52 0 U 51
53 0 L 15
54 1 U 53
55 1 U 54
56 1 U -1
57 0 U 56
58 0 L 53
59 0 U 58
60 0 U 59
61 0 U 60
62 0 U 61
63 1 U 62
64 1 U 38
65 0 U 64
66 0 U 65
67
0 0 U -1
1 0 U 0
2 0 U 1
3 0 U 2
4 0 U 3
5 0 U 4
6 0 U 2
7 0 U 6
8 0 U 2
9 0 U 8
10 1 U 9
11 1 U 3
12 1 U 11
13 0 L 10
14 0 U 13
15 1 U 7
16 1 U -1
17 0 U 16
18 0 U 17
19 1 U 18
20 1 L 13
21 0 L -1
22 1 U 4
23 0 U 0
24 1 L -1
25 1 U 24
26 0 U 25
27 1 U 26
28 0 U 27
29 0 U 28
30 0 L 14
31 1 U 30
32 1 U -1
33 0 U 32
34 1 U 33
35 0 U 34
36 1 L 25
37 0 L 4
38 0 L 17
39 1 U 38
40 1 U -1
41 0 U 40
42 1 U 41
43 1 U 42
44 1 U 43
45 0 U 7
46 0 U 45
47 1 L 18
48 1 U -1
49 1 U 48
50 0 U 49
51 0 L 30
52 0 U 51
53 0 L 15
54 1 U 53
55 1 U 54
56 1 U -1
57 0 U 56
58 0 U 57
59 0 U 58
60 0 U 1
61 0 U 60
62 0 U 61
63 0 U 28
64 1 U 38
65 0 U 64
66 0 U 65
67
0 0 U -1
1 0 U 0
2 0 U 1
3 0 U 2
4 0 U 3
5 0 U 4
6 0 U 5
7 0 U 6
8 1 L 3
9 0 U 8
10 1 U 9
11 1 U 3
12 1 U 11
13 1 U 12
14 1 U 0
15 1 U 7
16 1 U 7
17 0 U 16
18 0 U 17
19 1 U 18
20 1 U 19
21 0 L -1
22 1 U 21
23 1 L 20
24 1 L -1
25 1 U 24
26 0 U 25
27 1 U 26
28 0 U 27
29 0 U 28
30 1 U 29
31 1 U 30
32 1 U -1
33 0 U 32
34 1 U 33
35 0 U 34
36 1 U 35
37 0 U 36
38 1 U 37
39 1 U 32
40 1 U -1
41 0 U 40
42 1 U 41
43 1 U 42
44 1 U 43
45 0 U 7
46 0 U 45
47 1 U 46
48 1 U -1
49 1 U 48
50 0 U 49
51 0 L 30
52 1 U 37
53 0 L 15
54 1 U 53
55 1 U 54
56 1 U -1
57 0 U 56
58 0 U 57
59 1 L 45
60 0 U 30
61 0 U 60
62 0 U 61
63 1 U 62
64 1 U 38
65 0 U 64
66 0 U 65
67
0 0 U -1
1 0 U 0
2 0 U 1
3 0 U 2
4 0 U 3
5 0 U 4
6 0 U 5
7 0 U 6
8 1 L 3
9 0 U 8
10 1 U 9
11 1 L 2
12 1 U 11
13 1 U 12
14 0 U 13
15 1 U 7
16 1 U -1
17 0 U 16
18 0 U 17
19 1 U 18
20 1 U 19
21 0 L -1
22 1 U 21
23 0 U 0
24 1 L -1
25 1 U 24
26 0 U 25
27 1 U 26
28 0 U 27
29 0 U 28
30 1 U 29
31 0 U 4
32 1 U -1
33 0 U 32
34 0 L 11
35 0 U 34
36 1 U 35
37 0 L 14
38 1 U 37
39 1 U 38
40 1 U -1
41 0 U 40
42 1 U 41
43 1 U 42
44 1 U 43
45 0 U 7
46 0 U 45
47 1 U 46
48 1 U -1
49 1 U 48
50 0 U 49
51 1 U 5
52 0 U 51
53 0 U 6
54 1 U 53
55 1 U 54
56 1 U -1
57 0 L 29
58 0 U 57
59 0 U 58
60 0 U 59
61 0 U 60
62 1 L 25
63 1 U 62
64 1 U 38
65 0 U 64
66 0 U 65
67
0 0 U -1
1 0 U 0
2 0 U 1
3 0 U 2
4 0 U 3
5 0 U 4
6 0 U 5
7 0 U 6
8 1 L 3
9 1 U 6
10 1 U 9
11 0 U 2
12 1 U 11
13 1 U 12
14 0 U 13
15 1 U 7
16 1 U 4
17 0 U 16
18 0 U 17
19 1 U 18
20 1 U 19
21 0 L -1
22 1 U 21
23 0 U 0
24 1 L -1
25 1 U 24
26 0 U 25
27 1 U 26
28 0 U 27
29 0 U 28
30 1 U 29
31 1 U 30
32 1 U -1
33 0 U 32
34 1 U 33
35 0 U 34
36 1 U 35
37 0 U 36
38 1 U 37
39 1 U 38
40 1 U -1
41 0 U 40
42 1 U 41
43 1 L 10
44 1 U 43
45 0 U 7
46 0 U 45
47 1 U 46
48 1 U -1
49 0 L 46
50 0 U 49
51 0 L 30
52 0 L 29
53 0 L 15
54 1 U 53
55 1 U 54
56 1 U -1
57 0 U 56
58 0 U 57
59 0 U 58
60 0 U 59
61 0 U 60
62 0 U 61
63 1 U 62
64 1 U 38
65 0 U 64
66 0 U 65
67
0 0 U -1
1 0 U 0
2 0 U 1
3 0 U 2
4 0 U 3
5 0 L 0
6 0 U 5
7 0 U 6
8 1 L 3
9 1 L 8
10 1 U 9
11 1 U 3
12 1 U 11
13 1 U 12
14 0 L 3
15 1 U 7
16 1 U -1
17 0 U 16
18 0 U 17
19 1 U 18
20 1 U 19
21 0 L -1
22 1 U 21
23 0 U 0
24 1 L -1
25 1 U 24
26 1 L 13
27 1 U 26
28 0 U 27
29 0 U 28
30 1 U 29
31 1 U 30
32 1 U -1
33 0 U 32
34 1 U 33
35 0 U 34
36 1 U 35
37 0 U 36
38 1 U 37
39 1 U 38
40 1 U -1
41 0 U 40
42 1 U 41
43 1 U 42
44 1 U 16
45 0 U 7
46 1 L 3
47 1 U 46
48 1 U -1
49 1 U 48
50 0 U 40
51 0 L 30
52 0 U 51
53 0 L 15
54 0 U 35
55 1 U 54
56 1 U -1
57 0 U 56
58 0 U 57
59 0 U 58
60 1 L 53
61 0 U 60
62 0 U 61
63 1 U 62
64 0 U 4
65 0 U 64
66 1 U 59
67
0 0 U -1
1 0 U 0
2 0 U 1
3 0 U 2
4 0 U 3
5 0 U 4
6 0 L 0
7 0 U 6
8 0 L 6
9 0 U 8
10 1 U 9
11 1 U 3
12 1 U 11
13 1 U 12
14 0 U 13
15 1 U 7
16 0 L 2
17 0 U 16
18 0 U 17
19 1 U 18
20 1 U 19
21 0 L -1
22 1 U 21
23 0 U 0
24 1 L -1
25 1 U 24
26 0 U 25
27 1 U 26
28 0 L 21
29 0 U 28
30 1 U 29
31 1 U 30
32 0 U 26
33 0 U 32
34 0 U 6
35 0 U 34
36 1 U 35
37 0 U 36
38 1 U 37
39 1 U 38
40 1 L 14
41 0 U 13
42 1 U 41
43 1 U 42
44 1 U 43
45 0 U 7
46 0 U 45
47 1 U 46
48 1 U -1
49 1 U 48
50 0 U 49
51 0 L 30
52 0 U 51
53 0 L 15
54 1 U 53
55 1 U 54
56 1 U -1
57 0 U 56
58 0 U 57
59 0 U 58
60 0 U 59
61 0 U 60
62 0 U 61
63 1 U 62
64 1 U 38
65 0 U 64
66 0 U 65
67
0 0 U -1
1 0 U 0
2 0 U 1
3 0 U 2
4 0 U 3
5 0 U 4
6 0 U 5
7 0 U 6
8 1 L 3
9 0 U 8
10 1 U 9
11 1 U 3
12 1 U 11
13 1 U 12
14 0 U 13
15 1 U 7
16 1 U -1
17 0 U 16
18 0 U 17
19 1 U 18
20 1 U 19
21 0 L -1
22 1 U 21
23 0 U 0
24 1 L -1
25 1 U 24
26 0 U 25
27 0 U 2
28 0 U 27
29 0 U 28
30 1 U 29
31 1 U 30
32 1 U -1
33 0 U 32
34 1 U 33
35 0 U 34
36 1 U 35
37 0 U 36
38 1 U 37
39 1 U 38
40 1 U -1
41 0 L 29
42 1 U 41
43 1 U 42
44 1 U 43
45 0 U 7
46 0 U 45
47 1 U 46
48 1 U -1
49 1 U 48
50 0 U -1
51 0 L 30
52 0 U 51
53 0 L 15
54 0 L 32
55 1 U 54
56 1 U -1
57 0 U 56
58 0 U 57
59 0 U 58
60 0 U 59
61 0 U 60
62 0 L 19
63 1 U 62
64 1 U 38
65 0 U 64
66 0 U 65
67
0 0 U -1
1 0 U 0
2 0 U 1
3 0 U 2
4 0 U 3
5 0 U 4
6 0 U 5
7 0 U 6
8 1 L 3
9 0 U 1
10 1 U 9
11 1 U 3
12 1 U 11
13 1 U 12
14 0 U 13
15 1 U 7
16 1 U -1
17 0 U 16
18 0 U 17
19 1 U 18
20 1 U 19
21 0 L -1
22 1 U 21
23 0 U 0
24 1 L -1
25 0 L 13
26 0 U 25
27 1 U 19
28 0 U 27
29 0 U 28
30 1 U 29
31 1 U 30
32 1 U -1
33 0 U 32
34 1 U 33
35 0 U 34
36 1 U 35
37 0 U 36
38 1 U 37
39 1 U 38
40 1 U -1
41 0 U 5
42 1 U 41
43 1 U 42
44 1 U 43
45 1 U 25
46 0 U 45
47 1 U 46
48 1 U -1
49 1 U 48
50 0 U 49
51 0 L 30
52 0 U 51
53 0 L 15
54 0 U 48
55 1 U 54
56 1 U -1
57 0 U 56
58 0 U 57
59 0 U 58
60 0 U 59
61 0 U 60
62 0 U 61
63 1 U 62
64 1 U 38
65 0 U 64
66 0 U 65
67
0 0 U -1
1 0 U 0
2 0 U 1
3 0 U -1
4 0 U 3
5 0 U 4
6 1 L 5
7 0 U 6
8 1 L 3
9 0 U 8
10 1 U 9
11 1 U 3
12 1 U 11
13 1 U 12
14 0 U 13
15 1 U 7
16 1 U -1
17 0 U 16
18 0 U 17
19 1 U 18
20 1 U 19
21 0 L -1
22 1 U 21
23 0 U 0
24 1 L -1
25 1 U 24
26 0 U 25
27 1 U 9
28 0 U 27
29 0 U 28
30 1 U 29
31 1 U 30
32 1 U -1
33 0 U 32
34 1 U 33
35 0 U 34
36 1 U 35
37 0 U 36
38 1 U 13
39 1 U 38
40 1 U -1
41 0 U 40
42 1 U 41
43 1 U 42
44 1 U 27
45 0 U 7
46 1 L 26
47 1 U 46
48 1 U -1
49 1 U 48
50 0 U 49
51 0 L 30
52 0 U 51
53 0 L 15
54 1 U 53
55 1 U 54
56 1 U -1
57 0 U 56
58 0 U 57
59 0 U 58
60 0 U 59
61 0 U 60
62 1 U 5
63 1 U 62
64 1 U 38
65 0 U 64
66 0 U 65
67
0 0 U -1
1 0 U 0
2 0 U 1
3 1 U 2
4 0 U 3
5 0 U 4
6 1 L 5
7 0 U 6
8 1 L 3
9 0 U 8
10 1 U 9
11 1 U 3
12 1 U 11
13 1 U 12
14 0 U 13
15 1 U 7
16 1 U -1
17 0 U 16
18 0 U 17
19 1 U 18
20 1 U 19
21 0 L -1
22 1 L 4
23 0 U 0
24 1 L -1
25 1 U 24
26 0 U 25
27 1 U 9
28 0 U 16
29 0 L 18
30 1 U 29
31 1 U 30
32 1 U -1
33 0 U 32
34 1 U 33
35 0 U 34
36 1 U 35
37 0 U 36
38 1 U 13
39 1 U 38
40 1 U -1
41 0 U 40
42 1 U 41
43 1 U 42
44 1 U 27
45 0 U 7
46 1 L 26
47 1 U 46
48 1 U -1
49 1 U 48
50 0 U 49
51 0 L 30
52 0 U 51
53 0 L -1
54 1 U 53
55 1 U 54
56 1 L 49
57 0 U 56
58 0 U 57
59 0 U 58
60 0 U 59
61 0 U 60
62 1 U 5
63 0 L 34
64 1 U 38
65 0 U 64
66 0 U 65
67
0 0 U -1
1 0 U 0
2 0 U 1
3 0 U -1
4 0 U 3
5 0 U 4
6 1 L 5
7 0 U 6
8 1 L 3
9 0 U 8
10 1 U 5
11 1 U 3
12 1 U 11
13 1 U 12
14 0 U 13
15 1 U 7
16 1 U -1
17 0 U 16
18 0 U 17
19 1 U 18
20 1 U 19
21 0 L -1
22 1 U 21
23 0 U 0
24 1 L -1
25 1 U 24
26 0 U 25
27 1 U 9
28 0 L 22
29 0 U 28
30 1 U 29
31 1 U 30
32 1 U -1
33 0 U 32
34 0 U 20
35 0 U 34
36 1 L -1
37 0 U 36
38 1 U 13
39 1 U 38
40 1 U -1
41 0 U 40
42 1 U 41
43 1 U 42
44 1 U 27
45 0 U 7
46 1 L 26
47 1 L 35
48 1 U -1
49 1 U 48
50 0 U 49
51 0 L 30
52 0 U 51
53 0 L 15
54 1 U 53
55 1 U 54
56 1 U -1
57 0 U 56
58 0 U 57
59 0 U 58
60 0 U 37
61 0 U 60
62 1 U 5
63 1 U 62
64 1 U 38
65 0 U 64
66 0 U 65
67
0 0 U -1
1 0 U 0
2 0 U 1
3 0 U -1
4 0 U 3
5 0 U 4
6 1 L 5
7 0 U -1
8 1 L 3
9 0 U 8
10 1 U 9
11 1 U 3
12 0 U 6
13 1 U 12
14 0 U 13
15 1 U 7
16 1 U -1
17 0 U 16
18 0 U 17
19 1 U 18
20 1 U 19
21 0 L -1
22 1 U 21
23 0 U 0
24 1 L 6
25 1 U 24
26 0 L 18
27 1 U 9
28 0 U 27
29 0 U 28
30 0 U 14
31 1 U 30
32 1 U -1
33 0 U 32
34 1 U 33
35 0 U 34
36 1 U 2
37 0 U 36
38 1 U 13
39 1 U 38
40 1 U -1
41 0 U 40
42 0 L 36
43 0 L 27
44 1 U 27
45 0 U 7
46 1 L 26
47 1 U 46
48 1 U -1
49 1 U 48
50 0 U 49
51 0 L 30
52 0 U 51
53 0 L 15
54 1 U 53
55 1 U 54
56 1 U -1
57 0 U 56
58 0 U 57
59 0 U 58
60 0 U 59
61 0 U 60
62 1 U 5
63 1 U 62
64 1 U 38
65 0 U 64
66 0 U 65
67
0 0 U -1
1 0 U 0
2 0 U 1
3 0 U -1
4 0 U 3
5 0 U 4
6 1 L 5
7 0 U 6
8 1 L 3
9 0 U 8
10 1 U 9
11 1 U 3
12 1 U 11
13 1 U 12
14 0 U 13
15 1 U 7
16 1 U -1
17 1 L 6
18 0 U 17
19 1 L 18
20 1 U 19
21 0 L -1
22 1 U 21
23 0 U 0
24 1 L -1
25 1 U 24
26 0 U 25
27 1 U 9
28 0 U 27
29 0 U 28
30 1 U 29
31 1 U 30
32 1 U -1
33 0 U 32
34 0 U 4
35 0 U 34
36 1 U 35
37 0 U 36
38 1 L 5
39 1 U 38
40 1 U -1
41 0 U 39
42 1 U 41
43 1 U 42
44 1 U 27
45 0 U 7
46 1 L 26
47 1 U 46
48 1 U -1
49 1 U 48
50 0 U 49
51 0 L 30
52 0 U 51
53 0 L 15
54 1 U 53
55 1 U 54
56 1 U -1
57 0 U 56
58 0 U 57
59 0 U 58
60 0 U 59
61 0 U 60
62 1 U 5
63 1 U 62
64 1 U 38
65 0 U 64
66 0 U 65
67
0 0 U -1
1 0 U 0
2 0 U 1
3 0 U -1
4 0 U 3
5 0 U 4
6 1 L 5
7 1 L -1
8 1 L 3
9 0 U 8
10 1 U 9
11 1 U 3
12 1 U 11
13 1 U 12
14 0 U 13
15 1 U 7
16 1 U -1
17 0 U 16
18 0 U 17
19 0 L 13
20 1 U 19
21 0 L -1
22 1 U 21
23 0 U 0
24 1 L -1
25 1 U 24
26 0 L 14
27 1 U 9
28 0 U 27
29 0 U 28
30 1 U 29
31 1 U 30
32 1 U -1
33 0 U 32
34 1 U 33
35 0 U 34
36 1 U 35
37 0 U 36
38 1 U 13
39 1 U 38
40 1 U -1
41 0 U 40
42 1 U 41
43 1 L 31
44 1 U 27
45 0 U 7
46 1 L 26
47 1 U 46
48 1 U -1
49 1 U 48
50 0 U 49
51 0 L 30
52 0 U 51
53 0 L 15
54 1 U 53
55 1 U 54
56 0 U 1
57 0 U 56
58 0 U 57
59 0 U 58
60 0 U 59
61 0 U 60
62 1 U 5
63 1 U 62
64 1 U 38
65 0 U 64
66 0 U 65
67
0 0 U -1
1 0 U 0
2 0 U 1
3 0 U -1
4 0 U 3
5 0 U 4
6 1 L 5
7 0 U 6
8 1 L 3
9 1 U 4
10 1 U 9
11 1 U 3
12 1 U 11
13 1 U 12
14 0 U 13
15 1 U 7
16 0 U 3
17 0 U 16
18 0 U 17
19 1 U 18
20 1 U 19
21 0 L -1
22 1 U 21
23 0 U 0
24 1 L -1
25 1 U 24
26 0 U 25
27 1 U 9
28 0 U 27
29 0 U 28
30 1 U 29
31 1 U 30
32 1 U -1
33 1 L 10
34 1 U 33
35 0 U 34
36 1 U 35
37 0 U 36
38 1 U 13
39 1 U 38
40 1 U -1
41 0 U 40
42 1 U 41
43 1 U 42
44 1 U 27
45 0 U 7
46 0 U 32
47 1 U 46
48 1 U -1
49 1 U 48
50 0 U 49
51 0 L 30
52 0 U 51
53 0 L 15
54 1 U 53
55 1 U 54
56 1 U -1
57 0 U 19
58 0 U 57
59 0 U 58
60 0 U 59
61 0 U 60
62 1 U 5
63 1 U 62
64 1 U 38
65 0 U 64
66 0 U 65
67
0 0 U -1
1 0 U 0
2 0 U 1
3 0 U -1
4 0 U 3
5 0 U 4
6 1 L 5
7 0 U 6
8 1 L 3
9 0 U 8
10 1 U 9
11 1 U 3
12 1 U 11
13 1 U 12
14 0 U 13
15 1 U 7
16 0 U 5
17 0 U 16
18 0 U 17
19 1 U 18
20 1 U 19
21 0 L -1
22 1 U 21
23 0 U 0
24 1 L -1
25 1 U 24
26 0 U 25
27 1 U 9
28 0 U 27
29 0 U 28
30 1 U 29
31 1 U 30
32 1 U -1
33 0 U 32
34 1 U 33
35 1 U 6
36 1 U 35
37 0 U 15
38 1 U 13
39 1 U 38
40 1 U -1
41 0 U 40
42 1 U 41
43 1 U 42
44 0 U 35
45 0 U 7
46 1 L 26
47 1 U 46
48 1 U -1
49 1 U 48
50 0 U 49
51 0 L 30
52 0 U 51
53 0 L 15
54 1 U 53
55 1 U 54
56 1 U -1
57 0 U 56
58 0 U 54
59 0 U 58
60 0 U 59
61 0 U 60
62 1 U 5
63 1 U 62
64 1 U 38
65 0 U 64
66 0 U 65
67
0 0 U -1
1 0 U 0
2 0 U 1
3 0 U -1
4 0 U 3
5 0 U 4
6 1 L 5
7 0 U 6
8 1 L 3
9 1 L 2
10 1 U 9
11 1 U 3
12 0 U 8
13 1 U 12
14 0 U 13
15 1 U 7
16 1 U -1
17 0 U 16
18 0 L 4
19 1 U 18
20 1 U 19
21 0 L 9
22 1 U 21
23 0 U 0
24 1 L -1
25 1 U 24
26 0 U 25
27 1 U 9
28 0 U 27
29 0 U 28
30 1 U 29
31 1 U 30
32 1 U -1
33 1 L 26
34 1 U 27
35 0 U 34
36 1 U 35
37 1 U 7
38 1 U 13
39 1 U 38
40 1 U -1
41 0 U 40
42 1 U 41
43 1 U 42
44 1 U 27
45 0 U 7
46 1 L 26
47 1 U 46
48 1 U -1
49 1 U 48
50 0 U 49
51 0 L 40
52 0 U 51
53 0 L 15
54 1 U 53
55 1 U 54
56 1 U -1
57 0 U 56
58 0 U 57
59 0 U 58
60 0 U 59
61 0 U 60
62 1 U 5
63 1 U 62
64 1 U 38
65 1 U 53
66 0 U 65
67
0 0 U -1
1 0 L 0
2 0 U 1
3 0 U -1
4 0 U 3
5 0 U 4
6 1 L 5
7 0 U 6
8 1 L 3
9 0 U 8
10 1 U 9
11 1 U 3
12 1 U 11
13 1 U 12
14 0 U 13
15 1 U 7
16 1 U -1
17 0 U 15
18 0 U 17
19 1 U 18
20 1 L 19
21 0 L -1
22 1 U 21
23 0 U 0
24 1 L -1
25 1 U 24
26 0 U 25
27 1 U 9
28 0 U 27
29 0 U 28
30 1 U 29
31 0 U 21
32 1 U -1
33 0 U 32
34 1 U 33
35 0 U 29
36 1 U 35
37 0 U 36
38 1 U 13
39 1 U 38
40 1 U -1
41 0 U 40
42 1 U 29
43 1 L 41
44 1 U 27
45 0 U 7
46 1 L 26
47 1 U 46
48 1 U -1
49 1 U 48
50 0 U 49
51 0 L 30
52 0 U 51
53 0 L 15
54 1 U 53
55 1 U 54
56 1 U -1
57 0 U 56
58 0 U 57
59 0 U 58
60 0 U 59
61 0 U 60
62 1 U 5
63 1 U 62
64 1 U 41
65 0 U 64
66 0 U 65
67
0 0 U -1
1 1 L 0
2 0 U 1
3 0 U -1
4 0 U 3
5 0 U 4
6 1 L 5
7 0 U 6
8 1 L 3
9 1 U 1
10 1 U 9
11 1 U 3
12 1 U 11
13 1 U 12
14 0 U 13
15 1 L 10
16 1 U -1
17 0 U 16
18 0 U 17
19 1 U 18
20 0 U 0
21 0 L -1
22 1 U 21
23 0 U 0
24 1 L -1
25 1 U 24
26 0 U 25
27 1 U 9
28 0 U 27
29 0 U 28
30 1 U 29
31 1 U 30
32 1 U -1
33 0 U 32
34 1 U 33
35 0 U 34
36 1 U 35
37 0 U 36
38 1 U 13
39 1 U 38
40 1 U -1
41 0 U 40
42 1 U 41
43 1 U 42
44 0 U 6
45 0 U 7
46 1 L 26
47 1 U 46
48 1 U -1
49 0 L 38
50 0 U 49
51 1 L 7
52 0 U 51
53 0 L 15
54 1 U 53
55 1 U 54
56 1 U -1
57 0 U 56
58 0 U 57
59 0 U 58
60 0 U 59
61 1 U 25
62 1 U 5
63 1 U 62
64 1 U 38
65 0 U 64
66 0 U 65
67
0 1 U -1
1 0 U 0
2 0 U 1
3 0 U -1
4 0 U 3
5 0 U 4
6 1 L 5
7 0 U 6
8 1 L 3
9 0 U 8
10 1 U 9
11 1 U 3
12 1 U 11
13 1 U 12
14 0 U 13
15 1 U 7
16 1 U -1
17 0 U 16
18 0 U 17
19 1 U 18
20 1 U 19
21 0 L -1
22 1 U 21
23 0 U 0
24 1 L -1
25 1 U 24
26 0 U 25
27 1 U 9
28 0 U 27
29 0 U 28
30 1 U 29
31 1 U 30
32 1 U -1
33 0 U 32
34 1 U 33
35 0 U 34
36 1 U 35
37 0 L 18
38 1 U 13
39 1 U 38
40 1 U -1
41 1 U 14
42 1 U 41
43 1 U 42
44 1 U 27
45 0 U 7
46 1 L 26
47 1 U 46
48 1 U -1
49 1 U 48
50 0 U 49
51 0 L 30
52 0 U 51
53 0 L 45
54 1 U 53
55 0 L 18
56 1 U -1
57 0 U 56
58 0 U 57
59 0 U 58
60 0 U 59
61 0 U 60
62 1 U 5
63 1 U 62
64 1 U 38
65 0 U 64
66 0 U 65
67
0 0 U -1
1 0 U 0
2 0 U 1
3 0 U -1
4 0 U 3
5 1 U 1
6 1 L 5
7 0 U 6
8 1 L 3
9 0 U 8
10 1 U 9
11 1 U 3
12 1 U 11
13 1 U 12
14 0 U 13
15 1 U 7
16 1 U -1
17 0 U 16
18 0 U 17
19 1 U 18
20 1 U 19
21 0 L -1
22 1 U 21
23 0 U 0
24 1 L -1
25 1 U 24
26 0 U 25
27 0 U 19
28 0 U 27
29 0 U 28
30 1 U 29
31 1 U 30
32 1 U -1
33 0 U 32
34 1 U 33
35 0 U 34
36 1 U 35
37 0 U 36
38 1 U 13
39 1 U 38
40 1 U -1
41 0 U 40
42 1 U 41
43 1 U 42
44 1 U 27
45 0 U 7
46 0 L 24
47 1 U 46
48 1 U -1
49 1 U 48
50 0 U 49
51 1 L 28
52 0 U 51
53 0 L 15
54 1 U 53
55 1 U 54
56 1 U -1
57 0 U 56
58 0 U 57
59 0 U 58
60 0 U 59
61 0 U 60
62 1 U 5
63 0 U 56
64 1 U 38
65 0 U 64
66 0 U 65
67
0 0 U -1
1 0 U 0
2 0 U 1
3 0 U -1
4 0 U 3
5 0 U 4
6 1 L 5
7 0 U 6
8 1 L 3
9 1 U 7
10 1 U 9
11 1 U 3
12 1 U 11
13 1 U 12
14 0 U 13
15 1 U 7
16 1 U -1
17 0 U 16
18 0 L 12
19 1 U 18
20 1 U 19
21 0 L -1
22 1 U 21
23 0 U 0
24 1 L -1
25 0 U 16
26 0 U 25
27 1 U 9
28 0 U 27
29 0 U 28
30 1 L 17
31 1 U 30
32 0 U 27
33 0 U 32
34 1 U 33
35 0 U 34
36 1 U 35
37 0 U 36
38 1 U 13
39 1 U 38
40 1 L 36
41 0 U 40
42 0 L 30
43 1 U 42
44 1 U 27
45 0 U 7
46 1 L 26
47 0 U 41
48 1 U -1
49 1 U 48
50 0 U 49
51 0 L 30
52 0 U 51
53 0 L 15
54 1 U 53
55 1 U 54
56 1 U -1
57 0 L 3
58 0 U 57
59 0 U 58
60 0 U 59
61 0 U 60
62 1 U 5
63 1 U 62
64 1 U 38
65 0 U 64
66 0 U 65
67
0 1 L -1
1 0 U 0
2 0 U 1
3 1 L 1
4 0 U 3
5 0 U 4
6 1 L 5
7 0 U 6
8 1 L 3
9 0 U 8
10 1 U 9
11 1 U 3
12 1 U 11
13 1 U 12
14 0 U 13
15 1 U 10
16 1 U -1
17 0 U 16
18 0 U 17
19 1 U 18
20 1 U 19
21 0 L -1
22 1 U 21
23 0 U 0
24 1 L -1
25 1 U 24
26 0 U 25
27 1 U 9
28 0 U 27
29 0 U 28
30 1 U 29
31 1 U 30
32 1 U -1
33 0 L 11
34 1 U 33
35 1 U 3
36 1 U 35
37 0 U 36
38 1 U 13
39 1 U 38
40 1 U -1
41 0 U 40
42 0 L 40
43 1 U 42
44 1 U 27
45 0 U 7
46 1 L 26
47 1 U 46
48 1 U -1
49 1 U 48
50 0 U 49
51 0 L 30
52 0 U 51
53 0 L 15
54 1 U 53
55 1 U 54
56 1 U -1
57 0 U 56
58 0 U 57
59 0 U 58
60 0 U 59
61 0 U 60
62 1 U 5
63 1 U 62
64 1 U 38
65 0 U 64
66 0 U 65
67
0 0 U -1
1 0 U 0
2 0 U 1
3 0 U -1
4 0 U 3
5 0 U 4
6 1 L 5
7 1 L -1
8 1 L 3
9 0 U 8
10 1 U 9
11 1 U 3
12 1 U 11
13 1 U 12
14 0 U 13
15 1 U 7
16 0 L 0
17 0 U 16
18 0 L 10
19 1 U 18
20 1 U 19
21 0 L -1
22 1 U 21
23 0 U 0
24 1 L -1
25 1 U 24
26 0 U 25
27 1 U 9
28 0 U 27
29 0 U 28
30 1 U 29
31 1 U 30
32 1 U -1
33 0 U 32
34 1 U 33
35 0 U 34
36 0 L 24
37 0 U 36
38 1 U 13
39 1 U 38
40 1 U -1
41 0 U 40
42 1 U 41
43 1 U 42
44 1 U 6
45 0 U 7
46 1 L 26
47 1 U 46
48 1 U -1
49 1 U 48
50 0 U 49
51 0 L 30
52 0 U 51
53 0 L 15
54 1 U 53
55 1 U 54
56 1 U -1
57 0 U 56
58 0 U 57
59 0 U 58
60 0 U 59
61 0 U 60
62 1 U 5
63 1 U 62
64 1 U 38
65 0 U 64
66 0 U 65
67
0 0 U -1
1 0 U 0
2 0 U 1
3 1 U 1
4 1 U 0
5 0 U 4
6 1 L 5
7 0 U 6
8 1 L 3
9 0 U 8
10 0 L 3
11 1 L 0
12 1 U 11
13 1 U 12
14 0 U 0
15 1 U 7
16 1 U -1
17 0 U 16
18 0 U 17
19 1 U 18
20 1 U 19
21 0 L 20
22 1 U 21
23 0 U 0
24 1 L -1
25 1 U 24
26 0 U 25
27 1 U 9
28 0 U 27
29 0 U 28
30 1 U 25
31 1 U 30
32 1 U -1
33 0 U 32
34 1 U 33
35 0 U 9
36 1 U 35
37 0 U 36
38 1 U 13
39 1 U 38
40 1 U -1
41 0 U 40
42 1 U 41
43 0 L 21
44 1 U 27
45 0 U 7
46 1 L 26
47 1 U 46
48 1 U -1
49 1 U 48
50 0 U 49
51 0 L 30
52 0 U 51
53 0 L 15
54 1 U 53
55 1 U 54
56 1 U -1
57 0 L 24
58 0 U 57
59 0 U 58
60 0 U 59
61 0 U 60
62 1 U 5
63 0 U 35
64 1 U 38
65 0 U 37
66 0 U 65
67
0 0 U -1
1 0 U 0
2 0 U 1
3 0 U -1
4 0 U 3
5 0 U 4
6 1 L 5
7 0 U 6
8 1 L 3
9 0 U 8
10 0 L 7
11 0 U 4
12 1 U 11
13 1 L 1
14 0 U 13
15 1 U 7
16 1 U -1
17 0 U 16
18 0 U 17
19 1 U 18
20 1 U 19
21 0 L -1
22 1 U 21
23 0 U 0
24 1 L -1
25 1 U 24
26 0 L 9
27 1 U 9
28 0 U 27
29 0 U 28
30 1 U 29
31 1 U 30
32 1 U -1
33 0 U 32
34 1 U 33
35 0 U 34
36 1 U 34
37 0 U 36
38 1 U 13
39 1 U 38
40 1 U -1
41 0 U 40
42 0 U 13
43 1 U 42
44 1 L 4
45 0 U 7
46 1 L 26
47 1 U 46
48 1 U -1
49 1 U 48
50 0 U 49
51 0 L 30
52 0 U 51
53 0 L 15
54 1 U 53
55 1 U 54
56 1 U -1
57 1 U 6
58 0 U 57
59 0 U 58
60 0 U 59
61 0 U 60
62 1 U 5
63 1 U 62
64 1 U 38
65 0 U 64
66 0 U 65
67
0 0 U -1
1 0 U 0
2 0 U 1
3 0 U -1
4 0 U 3
5 0 U 4
6 1 L 5
7 0 U 3
8 1 L 3
9 1 U 5
10 1 L 9
11 1 U 3
12 1 U 11
13 0 L 12
14 0 U 13
15 1 U 7
16 1 U -1
17 0 U 16
18 0 U 17
19 1 U 18
20 1 U 19
21 0 L -1
22 1 U 21
23 0 U 0
24 1 L -1
25 1 U 24
26 0 U 25
27 1 U 9
28 0 U 27
29 0 U 28
30 1 U 29
31 1 U 9
32 1 U -1
33 0 U 32
34 1 U 10
35 0 U 34
36 1 U 35
37 0 U 36
38 1 U 13
39 1 U 38
40 1 U -1
41 0 U 40
42 1 U 41
43 1 U 42
44 1 U 27
45 0 U 7
46 1 L 26
47 1 U 46
48 1 U -1
49 1 U 48
50 0 U 49
51 0 L 30
52 0 U 51
53 0 L 15
54 1 U 53
55 1 U 54
56 1 U -1
57 0 U 56
58 0 U 57
59 0 U 58
60 0 U 59
61 0 U 60
62 1 U 59
63 1 U 62
64 1 L 4
65 0 U 64
66 0 U 65
67
0 0 U -1
1 0 U 0
2 0 U 1
3 0 U -1
4 0 U 3
5 0 U 4
6 1 L 5
7 0 U 6
8 1 L 3
9 1 U 3
10 1 U 9
11 0 L 9
12 1 U 11
13 1 U 12
14 0 U 13
15 1 U 7
16 1 U -1
17 1 U 5
18 0 U 17
19 1 L 1
20 0 U 12
21 0 L -1
22 1 U 21
23 0 U 0
24 1 L -1
25 1 U 24
26 0 U 25
27 1 U 9
28 0 U 27
29 0 U 28
30 1 U 29
31 1 U 30
32 1 U -1
33 0 U 32
34 1 U 33
35 0 U 34
36 1 U 35
37 0 U 36
38 1 U 13
39 1 U 38
40 1 U -1
41 0 U 40
42 1 U 8
43 1 U 34
44 1 U 27
45 1 U 14
46 1 L 26
47 1 U 46
48 1 U -1
49 1 U 48
50 0 U 49
51 0 L 30
52 0 U 51
53 0 L 15
54 1 U 53
55 1 U 54
56 1 U -1
57 0 U 56
58 0 U 57
59 0 U 58
60 0 U 59
61 0 U 60
62 1 U 5
63 1 L 14
64 1 U 38
65 0 U 64
66 0 U 65
67
0 0 L -1
1 0 U 0
2 0 U 1
3 0 U -1
4 0 U 3
5 0 U 4
6 1 L 5
7 0 U 6
8 1 L 3
9 0 U 8
10 0 L 0
11 1 U 3
12 1 U 11
13 0 U 9
14 0 U 13
15 1 U 7
16 0 L 0
17 0 U 16
18 0 U 17
19 1 U 18
20 1 U 19
21 0 L -1
22 1 U 21
23 0 U 0
24 1 L -1
25 1 U 24
26 1 U 0
27 1 U 9
28 0 U 27
29 0 U 28
30 1 U 29
31 1 U 30
32 1 U 9
33 0 U 32
34 1 U 33
35 1 L 8
36 1 U 35
37 0 U 36
38 1 U 13
39 1 U 38
40 1 U -1
41 0 U 40
42 1 U 41
43 1 U 42
44 1 U 27
45 0 U 7
46 1 L 26
47 1 U 46
48 1 U -1
49 1 U 48
50 0 U 49
51 0 L 30
52 0 U 51
53 0 L 14
54 1 U 53
55 1 U 54
56 1 U -1
57 0 U 56
58 0 U 57
59 0 U 58
60 0 U 59
61 0 U 60
62 1 U 5
63 1 U 62
64 1 U 38
65 0 U 64
66 0 U 65
67
0 0 U -1
1 0 L -1
2 0 U 1
3 0 U -1
4 0 U 3
5 0 U 4
6 1 L 5
7 0 U 6
8 1 L 3
9 1 L 8
10 1 U 4
11 1 U 3
12 1 U 11
13 1 U 12
14 0 U 13
15 1 U 7
16 0 L 0
17 0 U 16
18 0 U 17
19 1 U 18
20 1 U 19
21 0 L -1
22 1 U 21
23 0 U 0
24 0 U 9
25 1 U 24
26 0 L 20
27 1 L 13
28 0 U 27
29 0 U 28
30 1 U 29
31 1 U 30
32 1 U -1
33 0 U 32
34 1 U 33
35 0 U 34
36 1 U 35
37 0 U 36
38 1 U 13
39 1 U 38
40 1 U -1
41 0 U 40
42 1 U 41
43 1 U 42
44 1 U 27
45 0 U 7
46 1 L 26
47 1 U 46
48 1 U -1
49 1 U 48
50 0 U 49
51 0 L 30
52 0 U 51
53 0 L 15
54 1 U 53
55 1 U 54
56 1 U -1
57 0 U 56
58 0 U 57
59 0 U 58
60 0 U 59
61 0 U 6
62 1 U 5
63 1 U 62
64 1 U 38
65 0 U 64
66 0 U 65
67
0 0 U -1
1 0 U 0
2 0 U 1
3 0 U -1
4 0 U 3
5 0 U 4
6 1 L 5
7 0 U 6
8 1 L 3
9 0 U 8
10 1 U 9
11 1 U 3
12 1 U 11
13 1 U 12
14 0 U 13
15 1 U 7
16 1 U -1
17 0 U 16
18 0 U 17
19 1 U 18
20 1 U 19
21 0 L -1
22 1 U 21
23 0 U 0
24 1 L -1
25 1 U 24
26 0 U 25
27 1 U 9
28 0 U 27
29 0 U 28
30 1 L 21
31 1 U 30
32 1 U -1
33 1 U 26
34 1 U 33
35 0 U 34
36 1 U 35
37 0 U 36
38 1 U 13
39 1 U 38
40 1 U -1
41 0 U 40
42 1 L 22
43 1 U 42
44 1 U 27
45 0 U 7
46 1 L 26
47 1 U 46
48 1 U -1
49 1 U 48
50 0 U 49
51 0 L 30
52 0 U 51
53 0 U 41
54 1 U 24
55 1 U 54
56 1 L 22
57 0 U 56
58 0 U 57
59 0 U 58
60 0 U 59
61 0 U 60
62 1 U 0
63 1 U 62
64 1 U 38
65 0 U 64
66 0 U 65
67
0 0 L -1
1 0 U 0
2 0 U 1
3 0 U -1
4 1 L 2
5 0 U 4
6 1 L 5
7 0 U 6
8 1 L 3
9 0 U 8
10 1 U 1
11 1 U 3
12 1 U 11
13 1 U 12
14 0 U 13
15 1 U 7
16 1 U -1
17 0 U 16
18 0 U 17
19 1 U 18
20 1 U 19
21 0 L -1
22 0 L 17
23 0 U 0
24 1 L -1
25 1 U 24
26 0 U 25
27 0 L 16
28 0 U 27
29 0 U 28
30 1 U 29
31 1 U 30
32 0 L 27
33 0 U 32
34 1 U 33
35 0 U 34
36 1 L 35
37 0 U 36
38 0 L 10
39 1 U 38
40 1 U -1
41 0 U 40
42 1 U 41
43 1 U 42
44 1 U 27
45 0 U 7
46 1 L 26
47 1 U 46
48 1 U -1
49 1 U 48
50 0 U 49
51 0 L 9
52 0 U 51
53 0 L 15
54 1 U 53
55 1 U 54
56 1 U -1
57 0 U 56
58 0 U 57
59 0 U 58
60 0 U 59
61 0 U 60
62 1 U 5
63 1 U 62
64 1 U 38
65 0 U 64
66 0 U 65
67
0 0 U -1
1 0 U 0
2 0 L 1
3 0 U -1
4 0 U 3
5 0 U 4
6 1 L 5
7 0 U 6
8 1 L 3
9 0 U 8
10 1 U 9
11 1 U 3
12 1 U 11
13 1 U 12
14 0 U 13
15 1 U 7
16 1 U -1
17 0 U 16
18 0 U 17
19 1 L 18
20 1 U 19
21 0 L -1
22 1 U 21
23 0 U 0
24 1 L -1
25 1 U 24
26 0 U 25
27 1 U 9
28 1 L 1
29 0 U 28
30 1 U 29
31 0 U 21
32 1 U -1
33 0 U 32
34 1 U 33
35 0 L 8
36 1 U 35
37 0 U 36
38 1 U 13
39 1 U 38
40 1 U -1
41 0 U 40
42 1 U 24
43 1 U 42
44 1 U 27
45 1 U 22
46 1 L 26
47 1 U 46
48 1 U -1
49 1 U 48
50 0 U 49
51 0 L 30
52 0 U 51
53 0 L 15
54 1 U 53
55 1 U 54
56 1 U -1
57 0 U 56
58 0 U 57
59 0 U 58
60 0 U 59
61 0 U 60
62 1 U 5
63 1 U 62
64 1 U 38
65 0 U 64
66 0 U 65
67
0 0 U -1
1 0 U 0
2 0 U 1
3 0 U -1
4 0 U 3
5 0 U 4
6 1 L 5
7 0 U 6
8 1 L 3
9 0 U 8
10 1 U 9
11 1 U 3
12 1 U 11
13 1 U 12
14 0 U 13
15 1 U 7
16 1 U -1
17 0 U 16
18 0 U 17
19 1 U 18
20 1 U 19
21 0 L -1
22 1 U 21
23 0 U 0
24 1 L 20
25 1 U 24
26 0 U 25
27 1 U 9
28 1 U 0
29 0 U 28
30 1 U 29
31 1 U 30
32 1 U -1
33 0 U 32
34 1 U 33
35 0 L 12
36 0 U 23
37 0 U 36
38 1 U 13
39 1 U 38
40 1 U -1
41 0 U 40
42 1 U 41
43 1 U 42
44 1 U 27
45 0 U 7
46 1 L 26
47 1 U 46
48 1 U -1
49 1 U 48
50 0 U 49
51 0 L 30
52 0 U 51
53 0 L 15
54 1 U 53
55 1 U 54
56 1 U -1
57 0 U 56
58 0 U 57
59 0 U 58
60 0 U 59
61 0 U 60
62 1 U 5
63 1 U 62
64 1 U 38
65 0 U 64
66 0 U 65
67
0 0 U -1
1 1 U -1
2 0 U 1
3 0 U -1
4 0 U 3
5 0 U 4
6 1 L 5
7 0 U 6
8 1 L 3
9 0 U 8
10 1 U 9
11 1 U 3
12 1 U 11
13 1 U 12
14 0 U 13
15 1 U 7
16 1 U -1
17 0 U 16
18 0 U 17
19 1 U 18
20 1 U 19
21 0 L -1
22 1 U 21
23 0 U 0
24 1 L -1
25 1 U 24
26 0 U 25
27 1 U 9
28 0 U 27
29 0 U 28
30 1 U 29
31 1 U 30
32 1 U -1
33 0 U 32
34 1 U 33
35 0 U 34
36 1 U 35
37 0 U 36
38 1 U 13
39 1 U 38
40 1 U -1
41 0 U 40
42 1 U 41
43 1 U 42
44 1 U 27
45 0 U 7
46 1 L 26
47 1 U 46
48 1 U -1
49 1 U 48
50 0 U 49
51 0 L 30
52 0 U 51
53 0 L 15
54 1 U 53
55 1 U 54
56 1 U -1
57 0 U 56
58 0 U 57
59 0 U 58
60 0 U 59
61 0 U 60
62 1 U 5
63 1 U 62
64 1 U 38
65 0 U 64
66 0 U 65
67
0 0 U -1
1 0 U 0
2 0 U 1
3 0 U -1
4 0 U 3
5 0 U 4
6 1 L 5
7 1 U 4
8 1 L 3
9 0 L 4
10 1 U 9
11 1 U 3
12 1 U 11
13 1 U 12
14 0 U 13
15 1 U 7
16 1 U -1
17 0 U 16
18 0 U 17
19 1 U 18
20 1 U 19
21 0 L -1
22 1 U 21
23 0 U 0
24 1 L -1
25 1 U 24
26 0 U 16
27 1 U 9
28 0 U 27
29 1 L 21
30 1 U 29
31 1 U 30
32 1 U 2
33 0 U 32
34 1 U 33
35 0 U 34
36 1 U 35
37 0 U 36
38 1 U 13
39 1 U 38
40 1 U -1
41 0 U 40
42 1 U 41
43 1 U 42
44 1 U 27
45 0 U 7
46 1 L 26
47 1 U 46
48 1 U -1
49 1 U 48
50 0 U 49
51 0 L 30
52 0 U 51
53 0 L 15
54 0 U 41
55 1 U 54
56 1 U -1
57 0 U 56
58 0 U 57
59 0 U 58
60 0 U 59
61 0 U 60
62 1 U 5
63 1 U 62
64 1 U 38
65 0 U 64
66 0 U 65
67
0 0 U -1
1 0 U 0
2 0 U 1
3 0 U -1
4 0 U 2
5 0 U 4
6 0 U 5
7 0 U 6
8 1 L 5
9 0 U 8
10 1 U 9
11 1 U 3
12 1 U 11
13 1 U 12
14 0 U 13
15 1 U 7
16 1 U -1
17 0 U 16
18 0 U 17
19 1 U 18
20 1 U 19
21 0 L -1
22 1 U 21
23 0 U 0
24 1 L -1
25 1 U 24
26 0 U 25
27 1 U 9
28 0 U 27
29 0 U 28
30 1 U 29
31 1 U 30
32 1 U -1
33 0 U 32
34 1 U 33
35 0 U 34
36 1 U 35
37 0 U 36
38 1 U 13
39 1 U 38
40 1 U -1
41 0 U 40
42 1 U 41
43 1 U 42
44 1 U 27
45 0 U 7
46 1 L 26
47 1 U 46
48 1 U -1
49 1 L 28
50 0 U 49
51 0 L 30
52 0 U 51
53 0 L 15
54 1 U 53
55 1 U 54
56 1 U -1
57 0 U 56
58 0 U 57
59 0 U 58
60 0 U 59
61 0 U 60
62 1 U 5
63 1 U 62
64 1 U 38
65 0 U 64
66 0 U 65
67
0 0 U -1
1 0 U 0
2 0 U 1
3 0 U -1
4 0 U 3
5 0 U 4
6 1 L 5
7 0 U 6
8 1 L 3
9 0 U 8
10 1 U 9
11 0 U 2
12 1 U 11
13 0 U 4
14 0 U 13
15 1 U 7
16 1 U -1
17 0 U 16
18 1 L 12
19 1 U 18
20 1 U 19
21 0 L -1
22 1 U 21
23 0 U 0
24 1 L -1
25 1 U 24
26 0 U 25
27 1 U 9
28 0 U 27
29 0 U 28
30 1 U 29
31 1 U 30
32 1 U -1
33 0 U 32
34 1 U 33
35 0 U 34
36 1 U 35
37 0 U 36
38 1 U 13
39 1 U 38
40 1 U 35
41 0 U 40
42 1 U 41
43 0 L 40
44 1 U 27
45 0 L 39
46 1 L 26
47 1 U 46
48 1 U -1
49 0 L 2
50 0 U 49
51 0 L 30
52 0 U 51
53 0 L 15
54 1 U 53
55 1 U 54
56 1 U -1
57 0 U 56
58 0 U 57
59 0 U 58
60 0 U 59
61 0 U 60
62 1 U 5
63 1 U 62
64 1 U 38
65 0 U 64
66 0 U 65
67
0 0 U -1
1 0 U 0
2 0 U 1
3 0 U -1
4 0 U 3
5 0 U 4
6 1 L 5
7 0 U 6
8 1 L 3
9 1 U 1
10 1 L 3
11 0 U 10
12 1 U 11
13 0 U 1
14 0 U 13
15 1 U 7
16 1 U -1
17 0 U 16
18 0 U 17
19 1 U 18
20 1 U 19
21 0 L -1
22 1 U 21
23 0 U 0
24 1 L -1
25 1 U 24
26 0 U 25
27 1 U 9
28 0 L -1
29 0 U 10
30 1 U 29
31 0 U 27
32 1 U -1
33 0 U 11
34 1 U 33
35 0 U 34
36 1 U 35
37 0 U 36
38 1 U 13
39 1 U 38
40 1 U -1
41 0 U 40
42 1 U 41
43 1 U 42
44 1 L 14
45 0 L 36
46 1 L 26
47 1 U 46
48 1 U -1
49 1 U 48
50 0 U 49
51 0 L 30
52 0 U 51
53 0 L 15
54 1 U 53
55 1 U 54
56 1 U 42
57 0 U 56
58 0 U 57
59 0 U 58
60 0 U 59
61 0 U 60
62 1 U 5
63 1 U 62
64 1 U 38
65 0 U 64
66 0 U 65
67
0 0 U -1
1 0 U 0
2 0 U 1
3 0 U -1
4 1 L -1
5 0 U 4
6 1 L 5
7 0 U 6
8 1 L 3
9 0 U 8
10 1 U 9
11 1 U 3
12 1 U 11
13 1 L -1
14 1 U 3
15 1 U 7
16 0 U 8
17 0 L 10
18 0 U 17
19 1 L 3
20 1 U 19
21 0 L -1
22 1 U 21
23 1 U 9
24 1 L -1
25 1 U 24
26 1 L 23
27 1 U 4
28 0 U 27
29 0 U 28
30 1 U 29
31 1 U 30
32 1 U -1
33 0 U 32
34 1 U 33
35 0 U 34
36 1 L 17
37 0 U 36
38 1 U 13
39 1 U 38
40 0 L 17
41 0 U 40
42 1 U 41
43 1 U 42
44 1 U 27
45 0 U 7
46 1 L 26
47 1 U 46
48 1 U -1
49 1 U 48
50 0 U 49
51 0 L 30
52 0 U 51
53 0 L 15
54 1 U 53
55 1 U 54
56 1 U -1
57 0 U 56
58 0 U 57
59 0 U 58
60 0 U 59
61 0 U 60
62 1 U 5
63 1 U 62
64 1 U 38
65 0 U 64
66 0 U 65
67
0 0 U -1
1 0 U 0
2 0 U 1
3 0 U -1
4 0 U 3
5 1 L 1
6 1 L 5
7 0 U 6
8 1 L 3
9 0 U 8
10 1 U 9
11 1 U 3
12 1 U 11
13 0 L 9
14 0 U 13
15 1 U 7
16 1 U -1
17 0 U 16
18 0 U 17
19 1 U 18
20 1 U 19
21 0 L -1
22 1 U 21
23 0 U 0
24 1 L -1
25 1 U 24
26 0 U 25
27 1 U 9
28 0 U 27
29 0 U 28
30 1 U 29
31 1 U 30
32 1 U -1
33 0 U 32
34 1 L 27
35 0 U 34
36 1 U 35
37 0 U 36
38 1 U 13
39 1 U 38
40 1 L 26
41 1 U 23
42 1 U 41
43 1 U 42
44 1 U 27
45 0 U 7
46 1 L 26
47 1 U 46
48 1 U -1
49 1 U 48
50 0 U 49
51 0 L 30
52 0 U 51
53 0 L 15
54 1 U 53
55 1 U 54
56 1 U -1
57 0 U 56
58 0 U 57
59 0 U 58
60 0 U 59
61 0 U 60
62 1 U 5
63 0 L 53
64 1 U 38
65 0 U 64
66 0 U 65
