48
0 0 U -1
1 1 U 0
2 0 U 1
3 1 U 2
4 1 U 3
5 0 U 4
6 0 U -1
7 1 U 6
8 1 U 7
9 0 U 8
10 0 U 9
11 1 U 10
12 1 U -1
13 0 U 12
14 0 U 13
15 0 U 14
16 1 U 15
17 0 U 16
18 1 U -1
19 0 U 18
20 0 U 19
21 0 U 20
22 0 U 21
23 0 U 22
24 0 U -1
25 1 U 24
26 0 U 25
27 0 U 26
28 1 U 27
29 0 U 28
30 1 U -1
31 1 U 30
32 1 U 31
33 1 U 32
34 0 U 33
35 0 U 34
36 0 U -1
37 1 U 36
38 0 U 37
39 0 U 38
40 0 U 39
41 0 U 40
42 0 U -1
43 1 U 42
44 1 U 43
45 0 U 44
46 0 U 45
47 0 U 46
48
0 0 U -1
1 1 U 0
2 0 U 1
3 1 U 2
4 1 U 3
5 0 U 4
6 0 U -1
7 1 U 6
8 1 U 7
9 0 U 8
10 0 U 9
11 1 U 10
12 1 U -1
13 0 U 4
14 0 U 13
15 0 U 14
16 1 U 15
17 0 U 16
18 1 U -1
19 0 U 18
20 0 U 19
21 0 U 20
22 0 U 21
23 0 U 22
24 0 U -1
25 1 U 24
26 0 U 25
27 0 U 26
28 1 L 4
29 0 U 28
30 1 U -1
31 1 U 30
32 1 U 31
33 1 U 32
34 0 U 33
35 0 U 10
36 0 U -1
37 1 U 36
38 0 U 37
39 0 U 37
40 0 U 39
41 0 U 40
42 0 U -1
43 1 U 42
44 1 U 43
45 0 U 44
46 0 U 45
47 0 U 46
48
0 0 U -1
1 1 U -1
2 0 U 1
3 1 U 2
4 1 U 3
5 0 U 4
6 0 U -1
7 1 U 6
8 1 U 7
9 0 U 8
10 0 U 9
11 1 U 10
12 1 U -1
13 1 L 1
14 0 U 13
15 0 U 14
16 1 U 15
17 0 U 16
18 1 U -1
19 0 U 18
20 0 U 19
21 0 L 11
22 0 U 21
23 0 U 22
24 0 U -1
25 1 U 24
26 0 U 25
27 0 U 26
28 1 L 4
29 0 U 7
30 1 U -1
31 1 U 30
32 1 U 31
33 1 U 32
34 0 U 33
35 0 U 10
36 0 U -1
37 1 U 36
38 0 U 37
39 0 U 37
40 0 U 39
41 0 U 40
42 0 U -1
43 1 U 42
44 1 U 43
45 0 U 44
46 0 U 45
47 0 U 46
48
0 0 U -1
1 1 U -1
2 0 U 1
3 1 U 2
4 1 U 3
5 0 U 4
6 0 U -1
7 1 U 6
8 1 U 7
9 0 U 8
10 0 U 9
11 1 U 10
12 1 U 10
13 1 L 1
14 0 U 13
15 0 U 14
16 1 U 15
17 0 U 16
18 1 U -1
19 0 U 18
20 0 U 19
21 0 L 11
22 0 U 21
23 0 U 22
24 0 U -1
25 1 U 24
26 0 U 25
27 0 U 26
28 1 L 4
29 0 U 7
30 1 U -1
31 1 U 30
32 1 U 31
33 1 U 32
34 0 U 33
35 0 U 10
36 0 U -1
37 1 U 36
38 0 U 37
39 0 U 37
40 0 U 39
41 0 L 3
42 0 U -1
43 1 U 42
44 1 U 43
45 0 U 10
46 0 U 45
47 0 U 46
48
0 0 U -1
1 1 U -1
2 0 L 0
3 1 U 2
4 1 U 3
5 0 U 4
6 0 U -1
7 1 U 6
8 1 U 7
9 0 U 8
10 0 U 9
11 1 U 10
12 1 U -1
13 1 L 1
14 0 U 13
15 0 U 14
16 1 U 15
17 0 U 16
18 1 U -1
19 0 U 18
20 0 U 19
21 0 L 11
22 0 U 21
23 0 U 22
24 0 U -1
25 1 U 13
26 0 U 25
27 0 U 26
28 1 L 4
29 0 U 7
30 1 U -1
31 1 U 30
32 0 L 17
33 1 U 32
34 1 L 33
35 1 L 20
36 0 U -1
37 0 L 15
38 0 U 37
39 0 U 37
40 0 U 39
41 0 U 40
42 0 U -1
43 1 U 42
44 1 U 43
45 0 U 44
46 0 U 45
47 0 U 46
48
0 0 U -1
1 1 U -1
2 0 L 0
3 1 U 2
4 1 U 3
5 0 U 4
6 0 U -1
7 1 U 6
8 1 U 7
9 0 U 8
10 0 U 9
11 1 U 0
12 1 U -1
13 1 L 1
14 0 U 13
15 0 U 14
16 1 U 15
17 0 U 16
18 1 U -1
19 0 L 6
20 1 L 17
21 0 L 11
22 0 U 21
23 0 U 22
24 0 U -1
25 1 L 24
26 0 U 25
27 0 U 26
28 1 U 14
29 0 U 7
30 1 U -1
31 1 U 30
32 0 L 17
33 1 U 32
34 1 L 33
35 1 L 20
36 0 U -1
37 0 L 15
38 0 U 37
39 0 U 37
40 0 U 39
41 0 U 40
42 0 U -1
43 1 U 42
44 1 U 43
45 0 U 44
46 0 U 45
47 0 U 46
48
0 0 U -1
1 1 U -1
2 0 L 0
3 1 U 2
4 1 U 3
5 0 U 4
6 0 U -1
7 1 U 6
8 1 U 7
9 0 U 8
10 0 U 9
11 1 U 10
12 1 U -1
13 1 L 1
14 0 U 13
15 0 U 14
16 1 U 15
17 0 U 16
18 1 U -1
19 1 U 7
20 0 U 19
21 0 L 11
22 0 U 21
23 0 U 22
24 0 U -1
25 1 U 13
26 0 U 25
27 0 U 26
28 1 L 4
29 0 U 28
30 1 U -1
31 1 U 30
32 1 L 20
33 1 U 31
34 1 L 33
35 1 L 20
36 0 U -1
37 0 L 15
38 0 U 37
39 1 U 19
40 0 L 36
41 0 U 40
42 0 U -1
43 1 U 42
44 1 U 43
45 0 U 44
46 0 U 45
47 0 U 46
48
0 0 U -1
1 1 U -1
2 0 L 0
3 1 U 2
4 1 U 3
5 0 U 4
6 0 U -1
7 1 U 6
8 1 U 7
9 0 U 8
10 0 U 9
11 1 U 10
12 1 U -1
13 1 L 1
14 0 U 13
15 0 U 14
16 1 U 15
17 0 U 16
18 1 U -1
19 0 U 15
20 1 U -1
21 0 L 11
22 0 U 21
23 0 U 22
24 0 U -1
25 0 L 1
26 0 U 25
27 0 U 26
28 1 L 4
29 1 U 8
30 1 U -1
31 0 U 26
32 0 L 17
33 0 L 3
34 1 L 33
35 1 L 20
36 0 U -1
37 0 L 15
38 0 U 37
39 0 U 37
40 0 U 39
41 0 U 40
42 0 U -1
43 1 L 23
44 1 U 43
45 1 U 12
46 0 U 45
47 0 U 46
48
0 0 U -1
1 1 U -1
2 0 U 1
3 1 U 2
4 1 U 3
5 0 U 4
6 0 U -1
7 1 U 6
8 1 U 7
9 0 U 8
10 0 U 9
11 1 U 10
12 1 U -1
13 1 L 1
14 0 U 13
15 0 U 14
16 1 U 15
17 0 U 16
18 1 U -1
19 0 U 18
20 0 U 19
21 0 L 11
22 0 U 21
23 0 U 22
24 0 U -1
25 1 U 13
26 0 U 25
27 0 U 26
28 1 L 4
29 0 U 7
30 1 U -1
31 1 U 30
32 0 L 17
33 1 U 32
34 1 L 33
35 1 L 20
36 0 U -1
37 0 L 15
38 0 U 37
39 0 U 37
40 0 U 39
41 0 U 40
42 0 U -1
43 1 U 42
44 1 U 43
45 0 U 44
46 0 U 45
47 0 U 46
48
0 0 U -1
1 1 U -1
2 0 L 0
3 1 U 2
4 1 U 3
5 0 U 4
6 0 U -1
7 1 U 6
8 1 U 7
9 0 U 8
10 0 U 9
11 1 U 10
12 1 U -1
13 1 L 1
14 0 U 13
15 0 U 14
16 1 U 15
17 0 U 16
18 1 U -1
19 0 U 18
20 0 U 19
21 0 L 11
22 0 U 21
23 0 U 22
24 0 U -1
25 1 U 13
26 0 U 25
27 0 U 26
28 1 L 4
29 0 U 7
30 1 U -1
31 1 U 30
32 0 L 17
33 1 U 32
34 0 L 23
35 1 L 20
36 0 U -1
37 0 L 15
38 0 U 37
39 0 U 37
40 0 U 39
41 0 U 40
42 0 U -1
43 1 U 42
44 1 U 43
45 0 U 44
46 0 U 45
47 0 U 46
48
0 0 U -1
1 1 U -1
2 0 L 0
3 1 U 2
4 1 U 3
5 0 U 4
6 0 U -1
7 1 U 6
8 1 U 7
9 0 U 8
10 0 U 9
11 1 U 10
12 1 U -1
13 1 L 1
14 1 U -1
15 0 L 5
16 1 U 15
17 0 U 16
18 1 U -1
19 0 U 18
20 0 U 19
21 0 L 11
22 0 U 21
23 0 U 22
24 0 U -1
25 1 U 13
26 0 U 25
27 0 U 26
28 1 L 4
29 0 U 7
30 1 U -1
31 1 U 30
32 0 U 18
33 1 U 32
34 1 L 33
35 0 U 20
36 0 U -1
37 0 L 15
38 0 U 37
39 0 U 37
40 0 U 39
41 0 U 40
42 0 U -1
43 1 U 42
44 1 U 43
45 0 U 44
46 0 U 45
47 0 U 46
48
0 0 U -1
1 1 U -1
2 0 L 0
3 0 L 1
4 1 U 3
5 0 U 4
6 0 U -1
7 1 L 1
8 1 U 7
9 0 U 8
10 0 U 9
11 1 U 10
12 1 U -1
13 1 L 1
14 0 U 7
15 0 U 14
16 1 U 15
17 0 U 16
18 1 U -1
19 0 U 18
20 0 U 12
21 0 L 11
22 0 U 21
23 0 U 22
24 0 U -1
25 1 U 13
26 0 U 25
27 0 U 26
28 1 L 4
29 0 U 7
30 0 L 23
31 1 U 30
32 0 L 17
33 1 U 32
34 1 L 33
35 1 L 20
36 0 U -1
37 0 L 15
38 0 U 37
39 0 U -1
40 0 U 39
41 0 U 40
42 0 U -1
43 1 U 42
44 1 U 43
45 0 U 44
46 1 U 27
47 0 U 46
48
0 1 U -1
1 1 U -1
2 0 L 0
3 1 U 2
4 1 U 3
5 0 U 4
6 0 U -1
7 0 L 5
8 1 U 7
9 0 U 8
10 0 U 9
11 1 U 9
12 1 U -1
13 1 L 1
14 0 U 13
15 0 U 14
16 1 U 15
17 0 U 16
18 1 U -1
19 0 U 18
20 0 U 19
21 0 L 7
22 0 U 21
23 0 U 22
24 0 U -1
25 1 U 13
26 0 U 25
27 0 U 26
28 1 L 4
29 0 U 7
30 1 U -1
31 1 U 30
32 0 L 17
33 1 U 32
34 1 U 19
35 1 L 20
36 0 U -1
37 0 L 15
38 0 U 37
39 0 U 37
40 0 U 39
41 0 U 40
42 0 U -1
43 1 U 42
44 1 U 43
45 1 L 36
46 0 U 45
47 0 U 46
48
0 0 U -1
1 1 U -1
2 0 L 0
3 1 U 2
4 1 U 3
5 1 L 0
6 0 U -1
7 1 U 6
8 1 U 7
9 0 U 8
10 1 U 4
11 1 U 10
12 1 U -1
13 1 L 1
14 0 U 13
15 0 U 14
16 1 U 15
17 0 U 13
18 1 U -1
19 0 U 18
20 0 U 19
21 0 L 11
22 0 U 0
23 0 U 22
24 1 U 5
25 1 U 13
26 0 U 25
27 0 U 26
28 1 L 4
29 0 U 7
30 1 U -1
31 1 U 30
32 0 L 17
33 1 U 32
34 1 L 33
35 1 L 20
36 0 U -1
37 0 L 15
38 0 U 37
39 0 U 37
40 0 U 39
41 0 U 40
42 0 U -1
43 1 U 42
44 0 U 10
45 0 U 44
46 0 U 45
47 1 U 1
48
0 0 U -1
1 1 U -1
2 0 L 0
3 1 U 2
4 1 U 3
5 0 U 4
6 0 U -1
7 1 U 6
8 1 U 7
9 0 U 8
10 0 U 9
11 1 U 10
12 1 U -1
13 1 U 11
14 1 U 2
15 0 U 14
16 1 U 15
17 0 U 16
18 1 U -1
19 0 U 18
20 0 U 19
21 1 L 3
22 0 U 21
23 0 U 22
24 0 U -1
25 1 U 14
26 0 U 25
27 0 U 26
28 1 L 4
29 0 U 7
30 1 U -1
31 1 U 30
32 0 L 17
33 0 L 22
34 1 L 33
35 1 L 30
36 0 U -1
37 0 U 28
38 0 U 37
39 0 U 37
40 0 U 39
41 0 L 29
42 0 U 35
43 1 U 42
44 1 U 43
45 0 U 44
46 0 U 45
47 0 U 46
48
0 0 U -1
1 1 U -1
2 0 L 0
3 1 U 2
4 1 U 3
5 0 U 4
6 0 U -1
7 1 U 6
8 1 U 7
9 0 U 8
10 0 U 9
11 1 U 10
12 1 U -1
13 1 L 1
14 0 U 2
15 0 U 14
16 1 U 15
17 0 U 16
18 1 U -1
19 0 L 15
20 0 U 19
21 0 L 11
22 0 U 21
23 0 U 22
24 0 U -1
25 1 U 13
26 0 U 21
27 0 U 26
28 1 L 4
29 0 U 7
30 1 U -1
31 1 U 30
32 0 L 17
33 0 U 7
34 1 L 33
35 1 L 0
36 0 U -1
37 0 U 6
38 0 U 37
39 0 U 37
40 0 U 39
41 0 U 40
42 0 U -1
43 1 U 42
44 1 U 43
45 0 U 44
46 0 U 45
47 0 U 46
48
0 0 U -1
1 1 U -1
2 0 L 0
3 1 U 2
4 1 U 3
5 0 L -1
6 0 U -1
7 1 U 6
8 1 U 7
9 0 U 8
10 0 U 9
11 1 U 10
12 1 U -1
13 1 U 8
14 1 L 3
15 0 U 14
16 0 L 15
17 0 U 16
18 1 U -1
19 0 L 3
20 1 L 12
21 1 U 12
22 1 L 18
23 1 L 4
24 0 U -1
25 1 U 13
26 0 L 16
27 0 U 26
28 1 L 4
29 0 U 7
30 1 U -1
31 1 U 30
32 0 L 17
33 1 U 32
34 1 L 33
35 1 L 20
36 0 U -1
37 0 L 15
38 0 U 37
39 0 U 37
40 0 U 39
41 0 U 40
42 0 U -1
43 1 U 42
44 1 U 43
45 0 U 44
46 0 U 45
47 0 U 46
48
0 0 U -1
1 1 U -1
2 0 L 0
3 1 U 2
4 1 U 3
5 0 U 4
6 0 U -1
7 1 U 6
8 1 U 7
9 0 U 8
10 0 U 9
11 1 U 10
12 1 U -1
13 1 L 1
14 0 U 13
15 0 U 14
16 1 U 15
17 0 U 16
18 1 U -1
19 1 U -1
20 0 U 19
21 0 L 11
22 0 U 21
23 1 U 4
24 0 U -1
25 0 L 14
26 0 U 25
27 0 U 26
28 1 L 4
29 0 U 6
30 1 U -1
31 1 U 30
32 0 L 17
33 1 U 32
34 1 L 33
35 1 L 20
36 0 U -1
37 0 L 15
38 1 U 10
39 0 L 36
40 1 L 35
41 0 U 40
42 0 U -1
43 1 U 42
44 1 U 43
45 0 U 44
46 0 U 45
47 0 U 46
48
0 0 U -1
1 1 U -1
2 0 L 0
3 1 U 2
4 1 U 3
5 0 U 4
6 0 U -1
7 0 L 1
8 0 U 2
9 0 U 8
10 0 U 9
11 1 U 10
12 1 U -1
13 1 L 1
14 0 U 13
15 0 U 14
16 1 U 15
17 1 L 9
18 0 U 12
19 0 U 18
20 0 U 19
21 0 L 11
22 0 U 21
23 0 U 22
24 0 U -1
25 1 U 13
26 0 U 25
27 0 U 26
28 1 L 4
29 0 U 7
30 1 U -1
31 1 U 30
32 0 L 17
33 1 U 32
34 1 L 33
35 1 L 20
36 0 U -1
37 0 L 15
38 0 U 37
39 0 U 37
40 0 U 39
41 0 U 40
42 0 U -1
43 1 U 42
44 1 U 43
45 0 U 44
46 0 U 45
47 0 U 46
48
0 0 U -1
1 1 U -1
2 0 L 0
3 1 U 2
4 1 U 3
5 0 U 4
6 0 U -1
7 1 U 6
8 1 U 7
9 0 U 8
10 0 U 9
11 1 U 10
12 1 U -1
13 0 L 2
14 0 U 13
15 0 U 14
16 0 L 3
17 0 U 16
18 1 U -1
19 0 U 18
20 1 L 14
21 0 L 11
22 0 U 21
23 0 U 22
24 0 U -1
25 1 U 13
26 0 U 25
27 0 U 26
28 1 L 4
29 0 U 7
30 1 U -1
31 1 U 30
32 0 L 17
33 1 U 6
34 1 L 33
35 1 L 20
36 0 U -1
37 0 L 15
38 0 U 37
39 0 U 37
40 0 U 39
41 0 U 40
42 1 L 33
43 1 U 42
44 1 U 43
45 0 U 44
46 1 U 38
47 0 U 46
48
0 0 U -1
1 1 U -1
2 0 L 0
3 1 U 2
4 1 U 2
5 0 U 4
6 0 U -1
7 1 U 6
8 0 U -1
9 0 U 8
10 0 U 9
11 1 U 10
12 1 U -1
13 1 L 1
14 0 U 13
15 0 U 14
16 1 U 15
17 0 U 16
18 1 U -1
19 0 U 18
20 0 U 19
21 0 L 11
22 0 U 21
23 0 U 22
24 0 U -1
25 1 U 13
26 0 U 25
27 0 U 26
28 1 L 4
29 0 U 7
30 1 U -1
31 1 U 30
32 0 L 17
33 1 U 32
34 1 L 33
35 1 L 20
36 0 U -1
37 0 L 15
38 0 U 37
39 0 U 37
40 0 U 39
41 1 U 7
42 0 U -1
43 1 U 42
44 1 U 43
45 0 U 44
46 0 L 17
47 0 U 46
48
0 0 U -1
1 1 U -1
2 0 L 0
3 1 U 2
4 1 U 3
5 0 U 4
6 0 U -1
7 1 U 6
8 1 U 7
9 0 U 8
10 0 U 9
11 1 U 10
12 1 U -1
13 1 L 1
14 0 U 13
15 0 U 14
16 1 U 15
17 0 U 16
18 1 U -1
19 0 U 18
20 0 U 19
21 0 L 11
22 0 U 21
23 0 U 22
24 0 U -1
25 1 U 13
26 0 U 25
27 0 U 26
28 1 L 4
29 0 U 7
30 1 U -1
31 1 U 30
32 0 L 17
33 1 U 32
34 1 L 33
35 1 L 20
36 0 U -1
37 0 L 15
38 0 U 37
39 0 U 37
40 0 U 20
41 0 U 40
42 0 U -1
43 1 U 42
44 1 U 43
45 1 L 41
46 0 U 45
47 0 U 46
48
0 0 U -1
1 1 U -1
2 0 L 0
3 1 U 2
4 1 U 3
5 0 U 4
6 0 U -1
7 1 U 6
8 1 U 6
9 0 U 8
10 0 U 9
11 1 U 10
12 1 U -1
13 1 L 1
14 0 U 13
15 0 U 14
16 1 U 15
17 0 U 16
18 1 U -1
19 0 U 18
20 0 U 19
21 0 L 11
22 0 U 21
23 0 U 22
24 0 U -1
25 1 L 22
26 1 U 5
27 1 L 2
28 0 L 14
29 0 U 7
30 1 U -1
31 1 U 30
32 0 L 17
33 1 U 32
34 1 L 33
35 1 L 20
36 0 U -1
37 0 L 15
38 0 U 37
39 0 U 37
40 0 U 39
41 0 U 40
42 0 U -1
43 1 U 42
44 1 U 43
45 0 U 44
46 0 U 45
47 0 U 46
48
0 0 U -1
1 1 U -1
2 0 L 0
3 1 U 2
4 1 U 3
5 0 U 4
6 0 U -1
7 1 U 6
8 1 U 7
9 0 U 8
10 0 U 9
11 1 U 10
12 1 U -1
13 1 L 1
14 0 U 13
15 1 L 6
16 1 U 15
17 0 U 16
18 1 U -1
19 0 U 18
20 0 U 19
21 0 L 11
22 0 U 21
23 0 U 22
24 0 U -1
25 1 U 13
26 0 U 25
27 0 U 26
28 1 L 4
29 0 U 11
30 1 U -1
31 1 U 30
32 0 L 17
33 1 U 32
34 1 L 33
35 1 L 20
36 1 L 28
37 1 U 18
38 0 U 33
39 0 U 37
40 0 U 39
41 0 L 22
42 0 U -1
43 1 U 42
44 1 U 43
45 0 U 44
46 0 U 45
47 0 U 46
48
0 0 U -1
1 1 U -1
2 0 L 0
3 1 U 2
4 1 U 3
5 0 U 4
6 0 U 3
7 1 U 6
8 1 U 7
9 0 U 8
10 0 U 9
11 1 U 6
12 1 U -1
13 1 L 1
14 0 U 13
15 0 U 14
16 1 U 15
17 0 U 16
18 1 U -1
19 0 U 18
20 0 U 19
21 0 L 11
22 0 U 21
23 0 U 22
24 0 U -1
25 1 U 13
26 0 U 25
27 0 U 26
28 1 L 4
29 0 U 7
30 0 U 5
31 1 U 30
32 0 L 17
33 1 U 32
34 1 L 33
35 1 L 20
36 0 U -1
37 0 U 24
38 0 U 37
39 0 L 36
40 0 U 39
41 0 U 40
42 0 U -1
43 1 U 42
44 1 U 43
45 0 U 44
46 0 U 45
47 0 U 46
48
0 0 U -1
1 1 U -1
2 0 L 0
3 1 U 2
4 1 U 3
5 0 U 4
6 0 L -1
7 1 U 6
8 0 L 1
9 0 U 7
10 0 U 9
11 0 U 1
12 1 U -1
13 1 L 1
14 0 U 13
15 0 U 14
16 0 U 7
17 0 U 16
18 1 U -1
19 0 U 18
20 0 U 19
21 0 L 11
22 0 U 21
23 0 U 22
24 0 U -1
25 1 U 13
26 0 U 25
27 0 U 26
28 1 L 4
29 0 U 7
30 1 U -1
31 1 U 30
32 0 L 17
33 1 U 32
34 1 L 33
35 1 L 20
36 0 U -1
37 0 L 15
38 0 U 37
39 1 U 22
40 0 U 39
41 0 U 40
42 1 U 22
43 1 U 42
44 1 U 43
45 0 U 44
46 0 U 45
47 0 U 46
48
0 1 L -1
1 1 U -1
2 0 L 0
3 1 U 2
4 1 U 3
5 0 U 4
6 0 U -1
7 1 U 6
8 1 U 7
9 1 L 1
10 1 U -1
11 1 U 10
12 1 U -1
13 1 L 1
14 0 U 13
15 0 U 14
16 1 U 15
17 0 U 16
18 1 U -1
19 0 U 18
20 0 U 19
21 0 L 11
22 0 U 21
23 0 U 22
24 0 U -1
25 1 U 13
26 0 U 15
27 1 U 17
28 1 L 4
29 0 U 7
30 1 U -1
31 1 U 30
32 0 L 17
33 1 U 32
34 1 L 33
35 1 L 20
36 1 U 32
37 0 L 15
38 0 U 37
39 0 U 37
40 0 U 39
41 1 L 19
42 0 U -1
43 1 U 42
44 1 U 43
45 0 U 44
46 0 U 45
47 0 U 46
48
0 0 U -1
1 1 U -1
2 0 L 0
3 1 U 2
4 1 U 1
5 0 U 4
6 0 U -1
7 1 U 6
8 1 U 7
9 0 U 8
10 0 U 9
11 1 U 10
12 1 U -1
13 1 L 1
14 0 U 13
15 0 U 14
16 1 U 15
17 0 U 16
18 1 U -1
19 0 U 18
20 0 U 19
21 0 L 11
22 0 U 21
23 0 U 22
24 0 U -1
25 1 L 22
26 0 U 25
27 0 U 26
28 1 L 4
29 0 U 7
30 1 U -1
31 1 U 30
32 0 L 17
33 1 U 32
34 1 L 33
35 1 L 20
36 0 U -1
37 0 L 15
38 0 U 37
39 0 U 37
40 0 U 39
41 0 U 1
42 0 U -1
43 1 L 24
44 1 U 43
45 0 U 44
46 0 U 0
47 0 U 46
48
0 0 U -1
1 1 U -1
2 0 L 0
3 1 U 2
4 1 U 3
5 0 U 4
6 0 U -1
7 1 U 6
8 1 U 7
9 0 U 8
10 0 U 9
11 1 U 10
12 1 U -1
13 1 L 1
14 0 U 13
15 0 U 14
16 1 U 15
17 0 U 16
18 1 U -1
19 0 U 18
20 0 U 19
21 1 U 1
22 0 U 21
23 0 U 22
24 0 U -1
25 1 U 13
26 0 U 25
27 0 L 15
28 1 L 4
29 0 U 7
30 1 U -1
31 1 U 30
32 0 L 17
33 1 U 32
34 1 L 33
35 1 L 20
36 0 U -1
37 0 L 15
38 0 U 37
39 0 U 37
40 0 U 39
41 0 U 40
42 0 U -1
43 1 U -1
44 1 U 43
45 0 U 44
46 0 U 45
47 0 U 46
48
0 0 U -1
1 1 U -1
2 0 L 0
3 1 U 1
4 0 L 2
5 0 U 4
6 0 U -1
7 1 L 3
8 1 U 7
9 0 U 8
10 0 U 2
11 1 U 10
12 1 U -1
13 1 L 1
14 0 U 13
15 0 U 14
16 1 U 15
17 0 U 16
18 0 U 14
19 0 U 18
20 0 U 19
21 0 L 11
22 0 U 21
23 0 U 22
24 0 U -1
25 1 U 13
26 0 U 25
27 0 U 26
28 1 L 4
29 0 U 7
30 1 U -1
31 1 U 30
32 0 L 17
33 1 U 32
34 1 L 33
35 1 L 20
36 0 U -1
37 0 L 15
38 0 U 37
39 0 U 37
40 0 U 39
41 0 U 40
42 0 U -1
43 1 U 42
44 1 U 43
45 0 U 44
46 0 U 45
47 0 U 46
48
0 1 L -1
1 1 U -1
2 0 L 0
3 1 U 2
4 1 U 1
5 0 U 4
6 0 U -1
7 1 U 6
8 1 U 7
9 0 U 8
10 0 U 9
11 1 U 10
12 1 U -1
13 1 L 1
14 0 U 13
15 0 U 14
16 1 U 15
17 0 L 8
18 1 U 3
19 0 U 18
20 0 U 19
21 0 L 11
22 0 U 1
23 0 U 22
24 0 U -1
25 1 U 13
26 1 L 4
27 0 U 26
28 1 L 4
29 0 U 7
30 1 U -1
31 1 U 30
32 0 L 17
33 1 U 32
34 1 L 31
35 1 U 12
36 0 U -1
37 0 L 15
38 0 U 37
39 0 U 37
40 0 U 39
41 0 U 40
42 0 U -1
43 1 U 42
44 1 U 43
45 0 U 44
46 0 U 45
47 0 U 46
48
0 0 U -1
1 1 U -1
2 0 L 0
3 0 U -1
4 0 L 1
5 0 U 4
6 0 U -1
7 1 U 6
8 1 U 7
9 0 U 8
10 0 U 9
11 1 U 8
12 1 U -1
13 1 L 1
14 0 U 13
15 0 U 14
16 1 U 15
17 0 U 16
18 1 U -1
19 0 U 18
20 0 U 19
21 0 L 11
22 0 U 21
23 0 U 22
24 0 U -1
25 1 U 13
26 0 U 25
27 0 U 26
28 1 L 4
29 0 U 7
30 1 U -1
31 1 U 20
32 0 U 12
33 1 U 32
34 1 L 33
35 1 L 20
36 0 U -1
37 0 L 15
38 0 U 37
39 0 U 37
40 0 U 39
41 0 U 40
42 0 U -1
43 1 U 42
44 1 U 43
45 0 U 44
46 0 L 28
47 0 U 46
48
0 1 L -1
1 1 U -1
2 0 L 0
3 1 U 2
4 1 U 3
5 0 U 4
6 0 U -1
7 1 U 6
8 1 U 7
9 1 U 1
10 0 U 9
11 1 U 10
12 1 U -1
13 0 L 7
14 0 U 13
15 0 U 14
16 1 U 15
17 0 U 16
18 1 U -1
19 0 U 18
20 0 U 19
21 0 L 11
22 0 U 21
23 1 U -1
24 0 U -1
25 1 U 13
26 0 U 25
27 0 U 26
28 0 L 3
29 0 U 7
30 1 U -1
31 1 U 30
32 0 L 17
33 1 U 32
34 1 L 33
35 1 U -1
36 0 U -1
37 0 L 15
38 0 U 37
39 0 U 37
40 0 U 39
41 0 U 40
42 0 U -1
43 1 U 42
44 1 U 43
45 0 U 44
46 0 U 45
47 0 U 46
48
0 0 U -1
1 1 U -1
2 0 L 0
3 1 U 2
4 1 U 3
5 0 U 4
6 0 U -1
7 1 U 6
8 1 U 7
9 0 U 8
10 0 U 9
11 1 U 10
12 1 U -1
13 1 L 1
14 0 U 11
15 0 U 14
16 1 U 15
17 0 U 9
18 1 U -1
19 1 L 2
20 0 U 19
21 0 L 11
22 0 U 21
23 0 U 22
24 0 U -1
25 1 U 13
26 1 U 5
27 0 U 26
28 1 L 4
29 0 U 7
30 1 U -1
31 1 U 30
32 0 L 17
33 1 U 32
34 1 L 33
35 1 L 20
36 1 L 23
37 0 L 15
38 0 U 37
39 0 U 37
40 0 U 39
41 0 U 40
42 0 U -1
43 1 U 42
44 1 U 43
45 0 U 44
46 0 U 45
47 0 U 46
48
0 1 U -1
1 1 U -1
2 0 L 0
3 1 U 2
4 1 U 3
5 0 U 4
6 1 L -1
7 0 L 3
8 1 U 7
9 0 U 8
10 0 U 9
11 1 U 10
12 1 U -1
13 1 L 1
14 0 U 13
15 0 U 14
16 1 U 15
17 0 U 16
18 1 U -1
19 0 U 18
20 0 U 19
21 0 L 11
22 0 U 21
23 0 U 22
24 0 U -1
25 1 U 13
26 0 U 25
27 0 U 26
28 1 L 4
29 0 U 7
30 1 U -1
31 1 U 30
32 0 L 17
33 1 U 32
34 1 L 33
35 1 L 20
36 0 U -1
37 0 L 15
38 0 U 37
39 0 U 37
40 0 U 39
41 0 U 40
42 0 U -1
43 1 U 42
44 1 U 43
45 0 U 44
46 0 U 45
47 0 U 46
48
0 0 U -1
1 1 U -1
2 1 L -1
3 1 U 2
4 1 U 3
5 0 U 4
6 0 U -1
7 1 U 6
8 1 U 7
9 0 U 8
10 0 U 9
11 1 U 10
12 1 U -1
13 1 U 8
14 0 U 8
15 0 U 14
16 1 U 15
17 0 U 16
18 1 U -1
19 0 U 18
20 0 U 19
21 0 L 11
22 0 U 21
23 0 U 22
24 0 U -1
25 1 U 13
26 0 U 25
27 0 U 26
28 1 L 4
29 0 U 7
30 1 U -1
31 1 U 30
32 0 L 17
33 1 U 32
34 1 L 33
35 1 L 20
36 0 U -1
37 0 L 15
38 0 U 37
39 0 U 37
40 0 U 39
41 0 L 2
42 0 U -1
43 1 U 42
44 1 U 43
45 0 U 44
46 0 U 45
47 0 U 46
48
0 0 U -1
1 1 U -1
2 0 L 0
3 0 L 1
4 1 U 3
5 0 U 4
6 0 U -1
7 1 U 6
8 1 U 7
9 0 U 8
10 0 U 9
11 1 U 10
12 1 U -1
13 1 L 1
14 0 U 13
15 0 U 14
16 1 U 15
17 0 U 16
18 0 L 1
19 0 U 18
20 0 U 19
21 0 L 11
22 0 U 21
23 0 U 22
24 0 U -1
25 1 U 13
26 0 U 25
27 0 L 10
28 1 L 4
29 0 U 7
30 1 U -1
31 1 U 29
32 1 U 7
33 1 U 32
34 1 L 33
35 1 L 20
36 0 U -1
37 0 U 5
38 0 U 37
39 0 U 37
40 0 U 39
41 0 U 40
42 0 U -1
43 1 U 42
44 1 U 43
45 0 U 44
46 0 U 45
47 0 U 24
48
0 0 L -1
1 1 U -1
2 0 L 0
3 1 U 2
4 1 U 3
5 0 U 4
6 0 U -1
7 1 U 6
8 1 U 7
9 0 U 8
10 0 U 9
11 1 U 10
12 1 U 10
13 1 L 1
14 0 U 13
15 1 L 8
16 1 U 15
17 0 U 16
18 1 U -1
19 0 U 18
20 0 U 19
21 0 L 11
22 0 U 21
23 0 U 22
24 0 U -1
25 1 U 13
26 0 U 25
27 0 U 26
28 1 L 4
29 0 U 7
30 1 U -1
31 1 U 30
32 0 L 17
33 1 U 32
34 1 L 33
35 1 L 20
36 0 U -1
37 0 L 15
38 0 U 37
39 0 U 0
40 0 U 39
41 0 U 40
42 0 U -1
43 1 U 42
44 1 U 43
45 1 L 15
46 0 U 45
47 0 U 46
48
0 0 U -1
1 1 L 0
2 0 L 0
3 1 U 2
4 0 U 2
5 0 U 4
6 0 U -1
7 1 U 6
8 1 U 7
9 0 U 8
10 0 U 9
11 1 U 10
12 1 U -1
13 1 L 1
14 0 U 13
15 0 U 14
16 1 U 15
17 1 U 14
18 1 U -1
19 0 U 18
20 0 U 19
21 1 U 19
22 0 U 21
23 0 U 22
24 0 U -1
25 1 U 13
26 0 U 25
27 0 U 26
28 1 L 4
29 0 U 7
30 1 U -1
31 1 U 30
32 0 L 17
33 1 U 32
34 1 L 33
35 1 L 20
36 0 U -1
37 0 L 15
38 0 U 37
39 0 U 37
40 1 U 23
41 0 U 40
42 0 U -1
43 1 U 42
44 1 U 43
45 0 U 44
46 0 U 45
47 0 U 46
48
0 0 U -1
1 1 U -1
2 0 L 0
3 1 U 2
4 1 U 3
5 0 U 4
6 0 U -1
7 1 U 6
8 1 U 7
9 0 U 8
10 0 U 9
11 1 U 10
12 1 U -1
13 1 L 1
14 0 U 13
15 0 U 14
16 1 U 15
17 0 U 16
18 1 U -1
19 0 U 18
20 0 U 19
21 0 L 11
22 0 U 21
23 0 U 22
24 0 U -1
25 1 U 13
26 0 U 25
27 0 U 26
28 1 L 4
29 0 U 7
30 1 U -1
31 1 U 30
32 0 L 17
33 1 L 2
34 1 L 33
35 1 L 20
36 0 U -1
37 0 L 15
38 0 U 37
39 0 U 37
40 0 U 39
41 0 U 40
42 1 L 17
43 1 U 42
44 1 U 43
45 0 U 44
46 0 U 45
47 0 U 46
48
0 0 U -1
1 1 U -1
2 0 L 0
3 1 U 2
4 1 U 3
5 0 U 4
6 0 U -1
7 1 U 6
8 1 U 7
9 1 U 6
10 0 U 9
11 1 U 10
12 1 U -1
13 1 L 1
14 0 U 13
15 0 U 14
16 1 U 15
17 0 U 11
18 1 U -1
19 0 U 18
20 0 U 19
21 0 L 11
22 0 U 21
23 0 U 22
24 0 U -1
25 1 U 13
26 0 U 25
27 0 U 26
28 1 L 4
29 0 U 7
30 1 U -1
31 1 U 30
32 0 L 17
33 1 U 32
34 1 U 32
35 1 U 5
36 0 U -1
37 0 L 15
38 0 U 37
39 0 U 37
40 0 U 39
41 1 U 19
42 0 U -1
43 1 U 42
44 1 U 43
45 0 U 44
46 0 U 45
47 0 U 46
48
0 0 U -1
1 1 U -1
2 1 U 1
3 1 U 2
4 1 U 3
5 0 U 4
6 0 U -1
7 1 U 6
8 1 U 7
9 0 U 8
10 0 U 9
11 1 U 10
12 1 U -1
13 1 L 1
14 0 U 13
15 0 U 14
16 1 U 15
17 1 L 7
18 1 U -1
19 0 U 18
20 0 U 19
21 0 L 11
22 0 U 21
23 0 U 22
24 0 U -1
25 1 U 13
26 0 U 25
27 0 U 26
28 1 L 4
29 0 U 7
30 1 U -1
31 1 U 30
32 0 L 17
33 1 U 32
34 1 L 33
35 1 L 20
36 0 U -1
37 0 L 15
38 0 U 37
39 0 U 37
40 1 U 1
41 0 U 40
42 0 U -1
43 1 U 42
44 1 U 43
45 0 U 44
46 0 U 45
47 0 U 46
48
0 0 U -1
1 1 U -1
2 0 L 0
3 1 U 2
4 1 U 3
5 0 U 4
6 0 U -1
7 1 U 6
8 1 U 7
9 0 U 8
10 0 U 9
11 1 U 10
12 1 U -1
13 1 L 1
14 1 U 4
15 0 U 14
16 1 U 15
17 0 U 16
18 1 U -1
19 1 U 18
20 0 U -1
21 0 L 11
22 0 U 21
23 0 U 22
24 0 U -1
25 1 L 8
26 0 U 25
27 0 U 26
28 1 L 4
29 0 U 7
30 1 U -1
31 1 U 30
32 0 L 17
33 1 U 32
34 1 L 33
35 1 L 20
36 1 L 35
37 0 L 15
38 0 U 37
39 1 U 13
40 0 U 39
41 0 U 40
42 0 U -1
43 1 U 42
44 1 U 43
45 0 U 44
46 0 U 34
47 0 U 46
48
0 0 U -1
1 1 U -1
2 1 U 1
3 1 U 2
4 1 U 3
5 0 U 4
6 0 U -1
7 1 U 6
8 1 U 7
9 0 U 8
10 0 U 9
11 1 U 10
12 1 U -1
13 1 L 1
14 0 U 13
15 0 U 14
16 1 U 15
17 0 U 16
18 1 U -1
19 0 U 18
20 0 U 19
21 0 L 11
22 0 U 21
23 0 U 22
24 0 U -1
25 1 U 13
26 0 U 25
27 0 U 26
28 1 L 4
29 1 U 3
30 0 L 8
31 1 U 30
32 1 U 12
33 1 U 32
34 1 L 33
35 1 L 20
36 0 U -1
37 0 L 15
38 0 U 7
39 0 U 37
40 0 U 39
41 0 U 40
42 0 U -1
43 1 L 7
44 1 L 40
45 0 U 44
46 0 U 45
47 0 U 46
48
0 0 U -1
1 1 U -1
2 0 L 0
3 1 U 2
4 1 U 3
5 0 U 4
6 0 U -1
7 1 U 6
8 1 U 7
9 0 U 8
10 0 U 9
11 1 U 10
12 1 U -1
13 1 L 1
14 0 U 13
15 0 U 14
16 1 U 15
17 0 U 16
18 1 U -1
19 0 U 18
20 0 U 19
21 0 L 11
22 0 U 21
23 0 U 22
24 0 U -1
25 1 U 13
26 0 U 25
27 0 U 26
28 1 L 4
29 0 U 7
30 1 U -1
31 1 U 30
32 0 L 17
33 1 U 32
34 1 L 33
35 1 L 20
36 1 U 33
37 0 L 15
38 1 U 16
39 0 U 37
40 0 U 39
41 0 U 40
42 1 L 27
43 1 U 3
44 1 U 43
45 0 U 44
46 0 U 45
47 0 U 46
48
0 0 U -1
1 1 U -1
2 0 L 0
3 1 U 2
4 1 U 3
5 0 U 4
6 0 U -1
7 1 U 6
8 0 L 4
9 0 U 8
10 0 U 9
11 1 U 10
12 1 U -1
13 1 U 5
14 0 U 13
15 0 U 14
16 1 U 15
17 0 U 16
18 1 U -1
19 0 U 18
20 0 U 19
21 0 L 11
22 0 U 21
23 0 U 22
24 0 U -1
25 1 L 9
26 0 U 25
27 0 U 26
28 1 L 4
29 0 U 7
30 1 U -1
31 1 U 30
32 0 L 17
33 1 U 32
34 1 L 33
35 1 L 20
36 0 L 18
37 0 L 15
38 0 U 37
39 0 U 37
40 0 U 39
41 0 U 40
42 0 U -1
43 1 U 42
44 1 U 43
45 0 U 44
46 0 U 45
47 0 U 46
48
0 0 U -1
1 1 U -1
2 0 L 0
3 1 U 2
4 1 U 3
5 1 L 4
6 0 U -1
7 1 U 6
8 1 U 3
9 0 U 8
10 0 U 9
11 1 U 10
12 1 U -1
13 0 L 3
14 0 U 13
15 0 U 14
16 1 U 15
17 0 U 16
18 1 U -1
19 0 U 18
20 0 U 19
21 0 L 11
22 0 U 15
23 1 U 15
24 0 U 6
25 1 U 13
26 1 U 5
27 0 U 26
28 1 L 4
29 0 U 7
30 0 L 4
31 1 U 30
32 0 L 17
33 1 U 32
34 1 U 0
35 1 L 20
36 0 U -1
37 0 L 15
38 0 U 37
39 0 U 37
40 0 U 39
41 0 L 28
42 0 U -1
43 1 U 42
44 1 U 43
45 0 U 44
46 0 U 45
47 0 U 46
48
0 0 U -1
1 1 U -1
2 0 L 0
3 1 U 2
4 1 U 3
5 0 U 4
6 0 U -1
7 1 U 6
8 1 U 7
9 1 L 2
10 0 U 9
11 1 U 10
12 1 U -1
13 1 L 1
14 0 U 13
15 0 U 14
16 1 U 15
17 0 U 16
18 1 U -1
19 0 U 18
20 0 U 19
21 0 L 11
22 0 U 21
23 0 U 22
24 0 U -1
25 1 U 13
26 0 U 25
27 0 U 26
28 1 L 4
29 0 U 7
30 1 U -1
31 1 U 30
32 0 L 17
33 1 L 20
34 1 L 33
35 0 L 1
36 0 U -1
37 0 L 15
38 0 U 37
39 0 U 37
40 1 L 19
41 0 U 40
42 1 L 4
43 1 U 42
44 1 U 43
45 0 U 44
46 0 U 45
47 0 U 46
48
0 0 U -1
1 1 U -1
2 0 L 0
3 1 U 2
4 1 U 3
5 0 U 4
6 0 U -1
7 1 U 6
8 1 U 7
9 0 U 8
10 0 U 9
11 1 U 10
12 1 U -1
13 1 L 1
14 0 U 13
15 0 U 14
16 1 U 15
17 0 L 6
18 1 U -1
19 0 U 18
20 0 U 19
21 0 L 11
22 0 U 21
23 0 U 22
24 0 U -1
25 1 U 13
26 0 U 25
27 0 U 26
28 1 L 4
29 0 U 7
30 1 U -1
31 1 U 30
32 0 L 17
33 1 U 32
34 1 L 33
35 1 L 20
36 0 U -1
37 1 U 33
38 1 U 5
39 0 U 37
40 0 U 39
41 0 U 40
42 0 U -1
43 0 U 3
44 1 U 43
45 0 U 44
46 0 U 45
47 0 U 46
48
0 0 U -1
1 1 U -1
2 0 L 0
3 1 U 2
4 1 U 3
5 0 U 4
6 0 U -1
7 1 U 6
8 1 U 7
9 1 L -1
10 0 U 9
11 1 U 10
12 1 U -1
13 1 L 1
14 0 U 13
15 0 U 14
16 1 U 15
17 0 U 16
18 1 U -1
19 0 U 18
20 0 U 19
21 0 L 11
22 0 U 21
23 0 U 22
24 1 L 19
25 1 U 13
26 0 U 25
27 0 U 26
28 1 L 4
29 0 U 7
30 1 U -1
31 0 U 3
32 0 L 17
33 1 U 32
34 1 L 13
35 1 L 20
36 0 U -1
37 0 L 15
38 0 U 37
39 0 U 37
40 0 U 39
41 0 U 40
42 1 U 2
43 1 U 42
44 1 U 43
45 0 U 44
46 0 U 45
47 1 U 5
48
0 0 U -1
1 1 U -1
2 0 L 0
3 1 U 2
4 1 U 3
5 0 U 4
6 0 U -1
7 1 L -1
8 1 U 7
9 0 U 8
10 0 U 9
11 1 U 10
12 1 U -1
13 1 L 1
14 0 U 13
15 0 U 14
16 1 U 15
17 0 U 16
18 1 U -1
19 0 U 14
20 0 U 19
21 0 L 11
22 0 U 21
23 0 U 22
24 0 U -1
25 1 U 13
26 0 U 25
27 0 U 26
28 1 L 4
29 0 U 7
30 1 U -1
31 1 U 30
32 0 L 9
33 1 U 32
34 1 L 33
35 1 L 20
36 0 U -1
37 1 U 17
38 0 U 37
39 0 U 37
40 0 U 39
41 0 U 40
42 0 U -1
43 1 U 42
44 1 U 43
45 0 U 44
46 0 U 45
47 0 U 46
48
0 0 U -1
1 1 U -1
2 0 L 0
3 1 U 2
4 1 U 3
5 0 U 4
6 0 U -1
7 1 U 6
8 1 U 7
9 0 U 8
10 0 U 9
11 1 U 10
12 1 U -1
13 1 L 1
14 0 U 13
15 0 U 14
16 1 U 15
17 0 U 16
18 1 U -1
19 0 U 18
20 0 U 19
21 0 L 11
22 0 U 21
23 0 U 22
24 0 U -1
25 1 U 13
26 0 U 25
27 0 U 26
28 1 L 22
29 0 U 7
30 1 U -1
31 1 U 30
32 0 L 17
33 1 U 32
34 1 L 33
35 1 L 20
36 0 U -1
37 0 L 15
38 0 U 37
39 0 U 37
40 0 U 39
41 0 U 40
42 0 U -1
43 1 U 42
44 0 U 4
45 1 L 27
46 0 U 45
47 0 U 46
48
0 0 U -1
1 1 U -1
2 0 L 0
3 1 U 2
4 1 U 3
5 0 U 4
6 0 U -1
7 1 U 6
8 1 U 7
9 1 L 0
10 0 U 9
11 1 U 10
12 1 U -1
13 1 L 11
14 0 U 13
15 0 U 14
16 1 U 15
17 0 U 16
18 1 U -1
19 0 U 18
20 0 U 19
21 0 L 11
22 0 U 21
23 0 U 22
24 0 U -1
25 1 U 13
26 0 U 25
27 0 U 26
28 0 U 5
29 0 U 7
30 1 U -1
31 1 U 30
32 0 L 17
33 1 U 32
34 1 L 33
35 1 L 20
36 0 U -1
37 0 L 15
38 0 U 37
39 0 U 37
40 1 U 25
41 0 U 40
42 0 U -1
43 1 U 42
44 1 U 43
45 1 L 28
46 0 U 45
47 0 U 46
48
0 0 U -1
1 1 U -1
2 0 L 0
3 1 U 2
4 1 U 3
5 0 U 4
6 0 U -1
7 1 U 6
8 0 U -1
9 0 U 8
10 0 U 9
11 1 U 10
12 1 U -1
13 1 L 1
14 0 U 13
15 0 U 14
16 1 U 15
17 0 U 16
18 1 U -1
19 1 U 2
20 0 U 19
21 0 L 11
22 0 U 21
23 0 L 9
24 0 U -1
25 1 U 13
26 0 U 25
27 0 U 26
28 1 L 2
29 0 U 7
30 1 L 29
31 1 U 30
32 1 U 28
33 1 U 32
34 1 L 33
35 1 L 20
36 0 U -1
37 0 L 15
38 0 U 37
39 0 U 37
40 1 U 13
41 0 U 40
42 0 U -1
43 1 U 42
44 1 U 43
45 0 U 44
46 0 U 45
47 0 U 46
48
0 0 U -1
1 1 U -1
2 0 L 0
3 1 U 2
4 1 U 3
5 0 U 4
6 0 U -1
7 1 U 6
8 1 U 1
9 0 U 5
10 0 U 9
11 1 U 10
12 1 U -1
13 1 L -1
14 0 U 13
15 0 U 14
16 1 U 15
17 0 U 16
18 1 U -1
19 0 U 18
20 0 U 19
21 0 L 11
22 0 U 21
23 0 U 22
24 0 U -1
25 1 U 13
26 0 U 25
27 0 U 26
28 1 L 4
29 0 U 7
30 1 U -1
31 1 U 30
32 0 L 17
33 1 U 32
34 1 L 33
35 1 U 30
36 0 U -1
37 0 L 15
38 0 U 0
39 0 L 34
40 0 U 39
41 0 U 40
42 0 U -1
43 0 L 4
44 1 U 43
45 0 U 44
46 0 U 45
47 0 U 46
48
0 0 U -1
1 1 U -1
2 0 L 0
3 1 U 2
4 0 L -1
5 0 U 4
6 0 U -1
7 1 U 6
8 1 U 7
9 0 U 8
10 0 U 9
11 0 U -1
12 1 U -1
13 1 L 1
14 0 U 13
15 0 U 14
16 1 U 15
17 0 U 16
18 1 U -1
19 0 U 18
20 0 U 19
21 0 L 11
22 0 U 21
23 0 L 7
24 0 U -1
25 1 U 13
26 0 U 25
27 0 U 26
28 1 L 4
29 0 U 7
30 1 U -1
31 1 U -1
32 0 L 17
33 1 U 32
34 1 L 33
35 1 L 20
36 0 U -1
37 0 L 15
38 0 U 37
39 0 U 37
40 0 U 39
41 0 U 40
42 0 U -1
43 0 U 2
44 1 U 26
45 0 U 44
46 0 U 45
47 0 U 46
