86
0 0 U -1
1 0 U 0
2 1 U 1
3 0 U 2
4 0 U 3
5 0 U 4
6 1 U 5
7 0 U 6
8 0 U 7
9 0 U -1
10 1 U 9
11 0 U 10
12 1 U 11
13 1 U 12
14 1 U 13
15 0 U 14
16 0 U 15
17 1 U 16
18 0 U -1
19 0 U 18
20 1 U 19
21 0 U 20
22 0 U 21
23 1 U 22
24 0 U 23
25 0 U 24
26 0 U 25
27 0 U -1
28 1 U 27
29 0 U 28
30 1 U 29
31 0 U 30
32 0 U 31
33 1 U 32
34 1 U 33
35 1 U 34
36 1 U -1
37 0 U 36
38 1 U 37
39 0 U 38
40 0 U 39
41 1 U 40
42 1 U 41
43 0 U 42
44 1 U 43
45 1 U -1
46 0 U 45
47 1 U 46
48 1 U 47
49 1 U 48
50 1 U 49
51 0 U 50
52 1 U 51
53 0 U 52
54 1 U -1
55 0 U 54
56 0 U 55
57 0 U 56
58 1 U 57
59 1 U 58
60 0 U 59
61 0 U 60
62 1 U 61
63 1 U -1
64 1 U 63
65 0 U 64
66 1 U 65
67 0 U 66
68 0 U 67
69 0 U 68
70 1 U 69
71 0 U 70
72 1 U -1
73 0 U 72
74 1 U 73
75 0 U 74
76 1 U 75
77 0 U 76
78 1 U 77
79 0 U 78
80 0 U 79
81 0 U -1
82 1 U 81
83 1 U 82
84 0 U 83
85 0 U 84
86
0 0 U -1
1 0 U 0
2 1 U 1
3 0 U 2
4 0 U 3
5 0 U 0
6 1 U 5
7 0 U 6
8 0 U 7
9 0 U -1
10 1 U 9
11 1 U 6
12 1 U 11
13 1 U 12
14 1 U 13
15 0 U 14
16 0 U 2
17 1 U 16
18 0 L 1
19 0 U 18
20 1 U 19
21 0 U 20
22 1 L 15
23 1 U 22
24 0 U 23
25 1 L -1
26 0 U 25
27 1 U 17
28 1 U 27
29 0 U 28
30 1 U 29
31 0 L 15
32 0 U 31
33 1 U 32
34 1 U 33
35 1 U 34
36 1 U -1
37 0 U 36
38 1 U 37
39 0 U 38
40 0 U 39
41 1 U 40
42 1 U 41
43 0 U 42
44 1 U 43
45 1 U -1
46 0 U 45
47 1 U 46
48 1 U 47
49 1 U 48
50 1 U 49
51 0 U 50
52 1 U 51
53 0 U 52
54 1 U -1
55 0 U 54
56 0 U 55
57 0 U 56
58 1 U 57
59 1 U 58
60 0 U 59
61 0 U 60
62 1 U 61
63 1 U -1
64 1 U 63
65 0 U 64
66 1 U 65
67 0 U 66
68 1 L 12
69 0 U 68
70 1 U 69
71 0 U 70
72 1 U -1
73 0 U 72
74 1 U 73
75 0 U 74
76 1 U 75
77 0 U 76
78 1 U 77
79 0 U 78
80 0 U 79
81 0 U -1
82 1 U 81
83 1 U 82
84 0 U 83
85 0 U 84
86
0 0 U -1
1 0 U 0
2 1 U 1
3 0 U 2
4 0 U 3
5 0 U 4
6 1 U -1
7 0 U 6
8 0 U 7
9 0 U -1
10 1 U 9
11 0 U 10
12 1 U 11
13 1 U 12
14 1 U 13
15 0 U 14
16 0 U 15
17 1 U 16
18 0 U -1
19 0 U 18
20 1 U 19
21 0 U 20
22 0 U 21
23 1 U 22
24 0 U 23
25 0 U 24
26 0 U 25
27 0 U -1
28 1 U 27
29 0 U 28
30 1 U 29
31 0 U 30
32 0 U 31
33 1 U 32
34 1 U 33
35 1 U 34
36 1 U -1
37 0 U 36
38 1 U 37
39 0 U 38
40 0 L 35
41 1 U 40
42 1 U 41
43 0 U 42
44 1 U 43
45 1 U -1
46 1 L -1
47 1 U 46
48 1 U 47
49 0 L 6
50 1 U 49
51 0 U 50
52 1 U 51
53 0 U 52
54 1 U -1
55 1 U 2
56 0 U 55
57 0 U 56
58 0 U 22
59 1 U 58
60 0 U 59
61 0 U 60
62 1 U 61
63 1 U -1
64 1 U 63
65 0 U 2
66 1 U 3
67 0 U 66
68 0 U 67
69 0 U 68
70 1 U 69
71 0 U 70
72 1 U -1
73 0 U 5
74 1 U 73
75 0 U 74
76 1 U 75
77 1 L 6
78 1 U 77
79 0 U 78
80 0 U 79
81 0 U -1
82 1 L 25
83 1 U 82
84 0 U 83
85 0 U 84
86
0 0 U -1
1 0 U 0
2 1 U 1
3 0 U 2
4 0 U 3
5 0 U 4
6 1 U -1
7 0 U 6
8 0 U 7
9 0 U -1
10 1 U 9
11 0 U 10
12 1 U 1
13 1 U 3
14 1 U 13
15 0 U 14
16 0 U 15
17 0 U 4
18 0 U -1
19 0 U 18
20 1 U 19
21 0 U 20
22 0 U 21
23 1 U 22
24 0 U 23
25 0 U 24
26 0 U 25
27 1 U 4
28 0 L 18
29 0 U 28
30 1 U 29
31 0 U 30
32 0 U 31
33 1 U 22
34 1 U 33
35 1 L 29
36 1 U -1
37 0 U 36
38 1 U 37
39 0 U 30
40 0 L 35
41 1 U 40
42 0 L 25
43 0 U 42
44 1 U 43
45 1 U -1
46 1 L -1
47 1 U 46
48 1 U 47
49 0 L 6
50 0 U 34
51 0 U 50
52 1 U 51
53 0 U 52
54 1 U -1
55 1 U 2
56 0 U 55
57 0 U 56
58 0 U 22
59 1 U 58
60 0 U 59
61 0 U 60
62 1 U 61
63 1 U -1
64 1 U 63
65 0 U 2
66 1 U 3
67 0 U 66
68 0 U 67
69 0 U 68
70 1 U 69
71 0 L 39
72 1 U -1
73 0 U 5
74 1 U 73
75 0 U 74
76 1 U 75
77 1 L 6
78 1 U 77
79 0 U 78
80 0 U 79
81 0 U -1
82 1 L 25
83 1 U 82
84 0 U 83
85 0 U 84
86
0 0 U -1
1 0 U 0
2 1 U 1
3 0 U 2
4 0 U 3
5 0 U 4
6 1 U -1
7 0 U 6
8 0 U 7
9 0 U -1
10 1 U 9
11 0 U 10
12 1 U 11
13 1 L 8
14 1 U 13
15 1 U -1
16 0 U 15
17 1 U 16
18 0 U -1
19 0 U 18
20 1 U 19
21 0 L 16
22 0 U 21
23 1 U 22
24 0 U 23
25 0 U 24
26 0 U 25
27 0 U -1
28 1 U 27
29 0 U 22
30 1 U 29
31 0 U 30
32 1 L 18
33 1 U 32
34 1 U 33
35 1 U 34
36 1 U -1
37 0 U 36
38 1 U 37
39 0 U 38
40 0 L 35
41 1 U 40
42 1 U 41
43 0 L 17
44 1 U 43
45 1 U -1
46 1 L -1
47 1 U 46
48 1 U 47
49 0 L 6
50 1 U 49
51 0 U 50
52 1 U 51
53 0 U 52
54 1 U -1
55 0 L 19
56 0 U 55
57 0 U 56
58 0 U 22
59 0 U 24
60 0 U 59
61 0 U 60
62 1 U 61
63 1 U -1
64 1 U 63
65 0 U 2
66 1 U 26
67 0 U 66
68 0 U 67
69 1 U 29
70 1 U 69
71 0 U 70
72 1 U -1
73 1 L 24
74 0 L 39
75 0 U 74
76 1 U 75
77 1 L 6
78 0 L 54
79 0 U 78
80 0 U 79
81 0 U -1
82 1 L 25
83 1 U 82
84 0 U 83
85 0 U 84
86
0 0 U -1
1 0 U 0
2 1 U 1
3 0 U 2
4 1 L 3
5 0 U 4
6 1 U -1
7 0 U 6
8 0 U 7
9 0 U -1
10 1 U 9
11 0 U 10
12 1 U 11
13 1 U 12
14 1 U 13
15 0 U 14
16 0 U 15
17 1 U 16
18 0 L 14
19 0 U 18
20 1 U 19
21 0 U 20
22 0 U 21
23 1 U 22
24 0 U 23
25 0 U 24
26 1 U 7
27 0 U -1
28 1 U 27
29 0 U 28
30 1 U 29
31 0 U 30
32 0 L 15
33 1 U 32
34 1 U 33
35 1 U 34
36 1 U -1
37 0 U 36
38 1 U 37
39 0 U 38
40 0 L 35
41 1 U 40
42 1 U 41
43 0 U 42
44 1 U 43
45 1 U -1
46 1 L -1
47 1 U 46
48 1 U 47
49 0 L 6
50 1 U 49
51 1 L 28
52 1 U 51
53 0 U 52
54 1 L 5
55 1 U 2
56 0 U 55
57 0 U 56
58 0 U 22
59 1 U 58
60 0 U 59
61 0 U 60
62 1 U 61
63 1 U -1
64 1 U 63
65 0 U 2
66 1 U 3
67 0 U 66
68 0 U 67
69 0 L 12
70 1 U 69
71 0 U 70
72 1 U -1
73 0 U 5
74 1 U 73
75 0 U 74
76 1 U 75
77 1 L 6
78 1 U 77
79 0 L 61
80 0 U 79
81 0 U -1
82 1 L 25
83 1 U 82
84 0 U 83
85 0 U 84
86
0 0 U -1
1 1 L 0
2 1 U 1
3 0 U 2
4 0 U 3
5 0 U 4
6 1 U -1
7 0 U 6
8 0 U 7
9 0 U -1
10 1 U 9
11 0 L 9
12 1 U 11
13 1 U 12
14 1 U 13
15 0 U 14
16 0 U 15
17 1 U 2
18 0 U -1
19 0 U 18
20 1 U 19
21 0 U 20
22 0 U 21
23 1 U 22
24 0 U 23
25 0 U 24
26 0 U 25
27 0 U -1
28 0 L 15
29 0 U 28
30 1 U 29
31 0 U 30
32 0 U 31
33 1 U 32
34 1 U 33
35 1 U 34
36 1 U -1
37 0 U 36
38 0 L 32
39 0 U 38
40 0 L 35
41 1 U 40
42 1 U 41
43 0 U 42
44 1 U 43
45 1 U -1
46 1 L -1
47 1 U 46
48 1 U 47
49 0 L 6
50 1 U 49
51 0 U 50
52 1 U 51
53 1 U 44
54 0 U 14
55 1 U 2
56 0 U 55
57 0 U 56
58 0 U 22
59 1 U 58
60 0 U 59
61 1 L 29
62 1 U 61
63 1 U -1
64 1 U 63
65 0 U 2
66 1 U 3
67 0 L 46
68 0 U 67
69 0 U 68
70 1 U 69
71 0 U 70
72 1 U -1
73 0 U 5
74 1 U 73
75 0 U 74
76 0 U 45
77 1 L 6
78 1 U 28
79 1 U 16
80 0 L 13
81 0 U -1
82 1 L 25
83 1 U 82
84 0 U 18
85 0 U 84
86
0 0 U -1
1 0 U 0
2 1 U 1
3 0 U 2
4 0 U 3
5 0 U 4
6 1 U -1
7 1 U 5
8 0 U 7
9 0 U -1
10 1 U 9
11 1 U 3
12 1 U 11
13 1 U 12
14 0 U 13
15 0 U 14
16 0 U 15
17 1 U 16
18 0 U -1
19 0 U 18
20 1 U 19
21 0 U 20
22 0 U 21
23 1 U 22
24 0 U 23
25 0 U 24
26 0 U 25
27 0 U -1
28 1 U 27
29 0 U 28
30 1 U 6
31 0 U 30
32 0 U 31
33 1 U 32
34 1 U 33
35 1 U 34
36 1 U -1
37 0 U 36
38 1 U 37
39 0 U 38
40 0 L 35
41 1 U 40
42 1 U 41
43 0 U 42
44 1 U 43
45 1 U -1
46 1 L -1
47 1 U 46
48 1 U 47
49 0 L 6
50 0 U 21
51 0 U 50
52 1 U 51
53 0 U 52
54 1 U -1
55 1 U 2
56 0 U 55
57 0 U 56
58 0 U 22
59 1 U 58
60 0 U 59
61 1 L 23
62 1 U 61
63 1 U -1
64 1 U 63
65 0 U 2
66 1 U 3
67 0 U 66
68 0 U 67
69 0 U 68
70 1 U 69
71 0 U 70
72 1 U -1
73 1 U 29
74 1 U 73
75 0 U 74
76 1 U 75
77 1 L 6
78 1 U 77
79 1 L 61
80 0 U 79
81 0 U -1
82 1 L 25
83 1 U 82
84 0 U 83
85 0 U 84
86
0 0 U -1
1 0 U 0
2 1 U 1
3 0 U 2
4 0 U 3
5 0 U 4
6 1 U -1
7 0 U 6
8 0 U 7
9 0 U -1
10 1 U 9
11 0 U 10
12 1 U 11
13 1 U 12
14 1 U 13
15 0 U 14
16 1 U 4
17 1 U 16
18 0 U -1
19 0 U 8
20 1 U 19
21 0 U 20
22 0 U 21
23 1 U 22
24 0 U 23
25 0 U 8
26 0 U 25
27 1 L 19
28 1 L 21
29 0 U 28
30 1 U 29
31 0 U 30
32 0 U 31
33 1 U 32
34 1 U 33
35 1 U 34
36 1 U -1
37 0 U 36
38 1 U 37
39 0 U 38
40 0 L 35
41 1 U 40
42 1 U 41
43 0 U 42
44 1 U 43
45 1 U -1
46 1 L -1
47 1 U 46
48 1 U 47
49 0 L 6
50 1 U 49
51 0 U 50
52 0 U 31
53 0 U 52
54 1 U -1
55 0 U 10
56 0 U 55
57 0 U 56
58 0 U 22
59 1 U 58
60 0 U 59
61 0 U 60
62 0 U 4
63 1 U -1
64 1 U 63
65 0 U 2
66 1 U 3
67 0 U 66
68 0 U 67
69 0 U 68
70 1 U 69
71 0 U 70
72 1 U -1
73 0 U 5
74 1 U 73
75 0 U 74
76 1 U 75
77 1 L 6
78 1 U 77
79 0 U 78
80 1 U 7
81 0 U -1
82 1 L 25
83 1 U 82
84 0 U 83
85 0 U 84
86
0 0 U -1
1 1 L 0
2 1 U 1
3 0 U 2
4 0 U 3
5 0 U 4
6 1 U -1
7 0 U 6
8 0 U 7
9 1 L 2
10 1 U 9
11 0 U 10
12 1 U 11
13 1 U 12
14 1 U 13
15 0 U 14
16 0 U 15
17 1 U 16
18 0 U -1
19 0 U 18
20 1 U 19
21 0 U 20
22 0 U 21
23 1 U 22
24 1 U 22
25 0 U 24
26 0 U 25
27 0 U -1
28 1 U 27
29 0 U 28
30 1 U 29
31 0 U 30
32 0 U 31
33 1 U 32
34 1 U 33
35 1 U 34
36 0 L 23
37 0 U 36
38 1 U 37
39 0 U 38
40 0 L 35
41 1 U 40
42 0 L 6
43 0 U 42
44 1 U 43
45 1 U -1
46 1 L -1
47 1 U 46
48 1 U 47
49 0 L 6
50 1 U 0
51 0 U 50
52 1 U 51
53 0 U 52
54 1 U -1
55 1 U 2
56 0 U 55
57 0 U 56
58 0 L 37
59 0 L 17
60 0 U 59
61 0 U 60
62 1 U 61
63 0 L 10
64 1 U 63
65 1 U 27
66 1 U 3
67 0 U 66
68 0 U 67
69 0 U 68
70 1 U 69
71 0 U 70
72 0 L 44
73 0 U 5
74 1 U 73
75 0 U 74
76 1 L 16
77 1 L 6
78 1 U 77
79 0 U 78
80 0 U 79
81 0 U -1
82 1 L 25
83 1 U 82
84 0 U 83
85 0 U 84
86
0 0 U -1
1 1 L 0
2 1 U 1
3 0 U 2
4 0 U 3
5 0 U 4
6 1 U -1
7 0 U 6
8 0 U 7
9 0 U -1
10 1 U 9
11 0 U 10
12 1 U 11
13 1 U 12
14 1 U 13
15 1 U 5
16 0 U 15
17 1 L 1
18 0 U -1
19 0 U 18
20 0 U 11
21 1 L 12
22 0 U 21
23 1 U 22
24 0 U 23
25 1 U 13
26 0 U 25
27 0 U -1
28 1 U 27
29 0 U 28
30 1 L 3
31 0 U 30
32 0 U 31
33 1 U 32
34 1 U 33
35 1 U 30
36 1 U -1
37 0 U 36
38 1 U 37
39 0 U 38
40 0 L 35
41 0 L 33
42 1 U 41
43 0 U 42
44 1 U 43
45 1 U -1
46 1 L -1
47 1 U 46
48 1 L 38
49 0 L 6
50 1 L 24
51 0 U 50
52 1 U 51
53 0 U 52
54 1 U -1
55 1 U 2
56 0 U 55
57 0 U 56
58 0 U 22
59 1 U 58
60 0 U 59
61 0 U 60
62 1 U 61
63 1 U -1
64 1 U 63
65 0 U 2
66 1 U 3
67 0 U 66
68 0 U 67
69 0 U 68
70 1 U 69
71 0 U 70
72 1 U -1
73 0 U 5
74 1 U 73
75 0 U 74
76 0 U 64
77 1 L 6
78 1 U 77
79 0 U 78
80 0 U 79
81 0 U -1
82 1 L 25
83 1 U 82
84 0 U 83
85 1 L 12
86
0 0 U -1
1 0 U 0
2 1 U 1
3 0 U 2
4 0 U -1
5 0 U 4
6 1 U -1
7 0 U 6
8 0 U 7
9 0 U -1
10 1 U 9
11 0 U 10
12 1 U 11
13 1 U 12
14 1 U 13
15 1 L 7
16 0 U 15
17 1 U 16
18 0 U -1
19 0 U 18
20 1 U 19
21 0 U 20
22 0 U 21
23 1 U 22
24 1 L 2
25 0 U 24
26 0 U 25
27 0 U -1
28 1 U 27
29 0 U 28
30 1 U 29
31 0 U 30
32 0 U 31
33 1 U 32
34 1 U 33
35 1 U 34
36 1 U -1
37 0 U 36
38 1 U 37
39 0 U 38
40 0 U 2
41 1 U 40
42 1 U 41
43 0 U 42
44 1 U 43
45 1 U -1
46 1 L -1
47 1 U 46
48 1 U 47
49 0 L 6
50 1 U 49
51 0 U 50
52 1 U 51
53 0 U 52
54 1 U -1
55 0 L 47
56 0 U 55
57 0 U 56
58 0 U 22
59 1 U 58
60 0 U 59
61 0 U 60
62 1 U 61
63 1 U -1
64 1 U 63
65 0 U 2
66 0 L 42
67 0 U 66
68 0 U 67
69 0 U 68
70 1 U 69
71 0 U 70
72 1 U -1
73 0 U 5
74 1 U 73
75 0 U 74
76 1 U 75
77 1 L 6
78 1 U 77
79 0 U 78
80 0 U 79
81 0 U -1
82 1 L 25
83 1 U 82
84 0 U 83
85 0 U 84
86
0 0 U -1
1 0 U 0
2 1 U 1
3 0 U 2
4 0 U 3
5 0 U 4
6 1 U -1
7 0 U 6
8 0 U 7
9 0 U -1
10 1 U 9
11 0 U 10
12 1 U 11
13 1 U 12
14 1 U 13
15 0 U 14
16 0 U 15
17 1 U 16
18 1 U 8
19 0 U 18
20 1 U 19
21 0 U 20
22 0 U 21
23 1 U 22
24 0 U 23
25 0 L 17
26 0 U 25
27 0 L 3
28 1 U 27
29 0 U 28
30 1 U 29
31 1 U 1
32 0 U 2
33 1 U 32
34 1 U 33
35 1 U 34
36 1 U -1
37 0 U 36
38 1 U 37
39 0 U 38
40 1 L 34
41 1 U 40
42 1 U 41
43 0 U 42
44 0 U 6
45 1 U -1
46 1 L -1
47 1 U 46
48 1 U 47
49 0 L 6
50 1 U 47
51 0 U 50
52 0 U 14
53 0 U 52
54 1 U -1
55 1 U 2
56 0 U 55
57 0 U 56
58 0 U 22
59 1 U 58
60 0 U 59
61 0 U 37
62 1 U 61
63 1 U -1
64 1 U 63
65 0 U 2
66 1 U 3
67 0 U 66
68 1 U 67
69 0 U 68
70 1 U 69
71 0 U 70
72 1 U -1
73 0 U 5
74 1 U 73
75 0 U 74
76 1 U 75
77 1 L 6
78 1 U 77
79 0 U 78
80 0 U 79
81 0 U -1
82 1 L 25
83 1 U 82
84 0 U 83
85 0 U 84
86
0 0 U -1
1 0 U 0
2 1 U -1
3 0 U 2
4 0 U 3
5 0 U 4
6 0 U 2
7 0 U 6
8 0 U 7
9 0 U -1
10 1 U 9
11 0 U 10
12 1 U 11
13 1 U 12
14 0 U 4
15 0 U 14
16 0 U 15
17 1 U 16
18 0 U -1
19 0 U 0
20 1 U 19
21 0 U 20
22 0 U 21
23 1 U 22
24 0 U 23
25 0 U 24
26 0 U 25
27 0 U -1
28 1 U 27
29 0 U 28
30 1 U 29
31 0 U 30
32 0 U 31
33 1 U 32
34 1 U 33
35 0 L 19
36 1 U -1
37 0 U 36
38 1 U 37
39 0 U 38
40 0 L 35
41 1 U 40
42 1 U 41
43 0 U 42
44 1 U 43
45 1 U -1
46 1 L -1
47 1 U 46
48 1 U 47
49 0 L 6
50 1 U 49
51 0 L 33
52 1 U 51
53 0 U 52
54 1 U -1
55 1 U 2
56 0 U 55
57 0 U 56
58 0 U 22
59 0 L 12
60 0 U 59
61 0 U 60
62 1 U 61
63 1 U -1
64 1 U 63
65 0 U 2
66 0 U 59
67 0 U 66
68 0 U 67
69 0 U 68
70 1 U 69
71 0 U 70
72 1 U -1
73 0 U 5
74 1 U 73
75 0 U 74
76 1 U 75
77 1 L 6
78 1 U 77
79 0 U 78
80 0 U 79
81 0 U -1
82 1 L 25
83 1 U 51
84 0 U 83
85 0 U 84
86
0 0 U -1
1 0 U 0
2 1 U 1
3 0 U 2
4 0 U 3
5 0 L 0
6 1 U -1
7 0 U 6
8 0 U 7
9 0 U -1
10 1 U 9
11 1 U -1
12 1 L 5
13 1 U 12
14 1 U 13
15 0 U 14
16 0 U 15
17 1 U 16
18 0 U -1
19 0 L 12
20 1 U 19
21 0 U 20
22 0 U 21
23 0 U 8
24 1 U 13
25 0 U 24
26 0 U 25
27 0 U -1
28 1 U 27
29 0 U 28
30 1 U 29
31 0 U 30
32 0 U 31
33 1 U 32
34 1 U 33
35 1 U 34
36 1 U -1
37 0 U 36
38 1 U 37
39 0 U 38
40 0 L 35
41 1 U 40
42 1 U 41
43 0 U 42
44 1 U 43
45 1 U -1
46 1 L -1
47 1 U 46
48 1 U 47
49 0 L 6
50 1 U 24
51 0 U 50
52 1 U 51
53 0 U 52
54 1 U -1
55 1 U 2
56 0 U 55
57 0 U 56
58 0 U 22
59 1 U 58
60 0 U 59
61 0 U 60
62 1 U 61
63 1 U -1
64 1 U 63
65 0 U 2
66 1 L 9
67 0 U 66
68 0 U 67
69 0 U 68
70 1 U 69
71 0 U 70
72 1 U -1
73 0 U 5
74 1 U 73
75 0 U 74
76 1 U 75
77 1 L 6
78 1 U 77
79 0 U 78
80 0 U 79
81 0 U -1
82 1 L 25
83 1 U 82
84 0 U 83
85 0 U 84
86
0 0 U -1
1 0 U 0
2 1 U 1
3 0 U 2
4 0 U 3
5 0 U 4
6 1 U -1
7 0 U 6
8 0 U 7
9 0 U -1
10 1 U 9
11 1 L 7
12 1 U 11
13 1 U 12
14 1 U 13
15 0 U 14
16 0 U 15
17 1 U 16
18 0 U -1
19 0 U 18
20 1 U 19
21 1 L 12
22 0 U 21
23 1 U 22
24 0 U 23
25 0 U 24
26 0 U 25
27 0 U -1
28 1 U 27
29 0 U 28
30 1 U 29
31 0 U 30
32 0 U 31
33 1 U 32
34 1 U 33
35 1 U 34
36 1 U -1
37 0 U 36
38 1 U 37
39 0 U 38
40 0 L 35
41 1 U 40
42 1 U 41
43 0 U 42
44 1 U 43
45 1 U -1
46 1 L -1
47 1 U 46
48 1 U 47
49 0 L 6
50 1 U 49
51 0 U 50
52 1 U 51
53 1 U 38
54 1 U -1
55 1 U 2
56 0 U 55
57 0 U 56
58 0 U 22
59 1 U 58
60 0 U 59
61 0 U 60
62 1 U 61
63 1 U -1
64 1 U 63
65 0 U 2
66 1 U 3
67 0 U 66
68 0 U 67
69 0 U 68
70 1 U 69
71 0 U 70
72 1 U -1
73 0 U 5
74 1 U 73
75 0 U 74
76 1 U 75
77 1 L 6
78 1 U 77
79 0 U 78
80 0 U 79
81 1 U 30
82 1 L 25
83 1 L 41
84 0 U 83
85 0 U 84
86
0 0 U -1
1 0 U 0
2 1 U 1
3 1 L -1
4 0 U 3
5 0 U 4
6 1 U -1
7 0 U 6
8 0 U 7
9 0 U -1
10 1 U 9
11 0 U 10
12 1 U 6
13 1 U 12
14 1 U 13
15 0 U 14
16 0 U 15
17 1 U 16
18 0 U -1
19 0 U 18
20 1 U 19
21 0 U 20
22 0 U 21
23 1 U 22
24 0 U 23
25 0 U 24
26 0 U 25
27 0 U -1
28 1 U 27
29 0 U 28
30 1 U 29
31 0 U 30
32 0 U 31
33 1 U 32
34 1 U 33
35 1 U 34
36 1 U -1
37 0 U 36
38 1 U 37
39 0 U 38
40 0 L 35
41 0 L 21
42 1 U 41
43 0 U 42
44 1 U 43
45 1 U -1
46 1 L -1
47 1 U 46
48 1 U 47
49 0 L 6
50 1 L 0
51 0 U 50
52 1 U 51
53 0 U 52
54 1 U -1
55 1 U 2
56 0 U 55
57 0 U 56
58 0 U 22
59 1 U 58
60 0 U 59
61 0 U 60
62 1 U 61
63 1 U -1
64 1 U 63
65 0 U 2
66 1 U 3
67 1 U 50
68 0 U 67
69 0 U 68
70 1 U 69
71 0 U 70
72 1 U -1
73 0 U 5
74 1 U 73
75 0 U 74
76 1 U 75
77 1 L 6
78 1 U 4
79 0 U 78
80 0 U 79
81 0 U -1
82 1 L 25
83 1 U 82
84 0 U 83
85 0 U 84
86
0 0 U -1
1 0 U 0
2 1 L 1
3 0 U 2
4 0 U 3
5 0 U 4
6 1 U -1
7 0 U 6
8 0 U 7
9 0 U -1
10 1 U 9
11 0 U 10
12 0 U 3
13 1 U 12
14 1 U 13
15 0 U 0
16 0 U 15
17 1 U 16
18 0 U -1
19 0 U 18
20 1 U 19
21 0 U 20
22 0 U 21
23 1 U 22
24 0 U 23
25 0 U 24
26 0 U 25
27 0 U -1
28 1 U 27
29 0 U 28
30 1 U 29
31 0 U 30
32 0 U 31
33 1 U 32
34 1 U 33
35 0 L 4
36 1 U -1
37 0 U 36
38 1 U 37
39 0 U 38
40 1 U 33
41 1 U 40
42 1 U 41
43 0 U 42
44 0 L 27
45 1 U -1
46 1 L -1
47 0 L 32
48 1 U 47
49 0 L 6
50 1 U 49
51 0 U 50
52 1 U 51
53 0 L 12
54 0 L 23
55 1 U 2
56 0 U 55
57 0 U 56
58 0 U 22
59 1 U 58
60 0 U 59
61 0 U 60
62 1 U 61
63 1 U -1
64 1 U 63
65 0 U 2
66 1 U 3
67 0 U 66
68 0 U 67
69 0 U 68
70 1 L 25
71 0 U 70
72 1 U -1
73 0 U 5
74 1 U 73
75 0 U 74
76 1 U 75
77 1 L 6
78 1 U 77
79 0 U 78
80 0 U 79
81 0 U -1
82 1 L 25
83 1 U 82
84 0 U 83
85 0 U 84
86
0 0 U -1
1 0 U 0
2 1 U -1
3 0 U 2
4 0 U 3
5 0 U 4
6 1 U -1
7 0 L 6
8 0 U 7
9 0 U -1
10 1 U 9
11 0 U 10
12 1 U 11
13 1 L 2
14 1 U 13
15 0 U 14
16 0 U 15
17 1 U 16
18 0 U -1
19 0 U 18
20 1 U 19
21 1 L 9
22 0 U 21
23 1 U 22
24 0 U 23
25 0 U 24
26 0 U 25
27 1 L 0
28 1 U 27
29 0 U 28
30 1 U 29
31 0 U 30
32 0 U 31
33 1 U 32
34 1 U 33
35 1 U 34
36 1 U -1
37 0 U 36
38 1 U 37
39 0 U 38
40 0 L 35
41 1 U 40
42 1 U 41
43 0 U 42
44 1 U 43
45 1 U -1
46 1 L -1
47 1 U 46
48 1 U 47
49 0 L 6
50 1 U 49
51 0 U 50
52 1 U 51
53 0 U 52
54 1 U -1
55 1 U 2
56 0 U 55
57 0 U 56
58 0 U 22
59 1 U 58
60 1 U 16
61 0 U 60
62 1 U 61
63 1 U -1
64 0 L 7
65 0 U 2
66 1 U 3
67 0 U 66
68 0 U 67
69 0 L 60
70 1 U 69
71 0 U 70
72 1 U -1
73 0 U 5
74 1 U 73
75 0 U 74
76 1 U 75
77 1 L 6
78 0 U 76
79 0 U 78
80 0 U 79
81 0 U -1
82 1 L 25
83 1 U 82
84 0 U 83
85 0 U 84
86
0 0 U -1
1 0 U 0
2 1 U 1
3 1 L 1
4 0 U 3
5 1 U -1
6 1 U -1
7 0 U 6
8 1 U 2
9 0 U -1
10 1 U 9
11 0 U 10
12 1 U 11
13 1 L 12
14 1 U 13
15 0 U 14
16 0 U 15
17 1 U 16
18 1 L 12
19 0 U 18
20 1 U 19
21 0 U 20
22 0 U 21
23 1 U 22
24 0 U 23
25 0 U 24
26 0 L 5
27 0 U -1
28 1 U 5
29 0 U 28
30 1 U 29
31 0 U 30
32 0 U 31
33 1 U 32
34 1 U 33
35 1 U 34
36 1 U -1
37 0 U 36
38 1 U 37
39 0 U 38
40 0 L 35
41 1 U 40
42 1 U 41
43 0 U 42
44 1 U 43
45 1 U -1
46 1 L -1
47 1 U 46
48 1 U 47
49 0 L 6
50 1 U 49
51 0 U 43
52 1 U 51
53 0 U 52
54 1 L 20
55 1 U 2
56 0 L 41
57 0 U 56
58 0 U 22
59 1 U 58
60 0 U 59
61 0 U 60
62 1 U 61
63 1 U -1
64 1 U 63
65 0 U 2
66 1 U 3
67 0 U 66
68 0 U 67
69 0 U 68
70 1 U 69
71 1 L 48
72 1 U -1
73 0 U 5
74 1 U 73
75 0 U 74
76 0 L -1
77 1 L 6
78 1 U 77
79 0 U 78
80 0 U 79
81 0 U -1
82 1 L 25
83 1 U 82
84 0 U 83
85 0 U 84
86
0 0 U -1
1 1 U 0
2 1 U 1
3 0 U 2
4 0 U 3
5 0 U 4
6 1 U -1
7 0 U 6
8 0 U 7
9 0 U -1
10 1 U 9
11 0 U 2
12 1 U 11
13 1 U 12
14 1 L -1
15 0 U 14
16 0 U 15
17 1 U 16
18 0 U -1
19 0 U 18
20 1 U 19
21 0 U 20
22 0 U 21
23 1 U 22
24 0 U 23
25 0 U 24
26 0 U 25
27 0 U -1
28 1 U 27
29 0 U 28
30 1 U 29
31 0 U 30
32 0 U 31
33 1 U 32
34 1 U 33
35 1 U 34
36 1 U -1
37 0 U 36
38 1 U 37
39 0 U 38
40 0 L 35
41 1 U 40
42 1 U 41
43 0 U 42
44 1 U 43
45 1 U -1
46 0 L 0
47 1 U 46
48 0 L 21
49 1 U 39
50 1 U 49
51 0 U 50
52 1 U 51
53 0 U 52
54 1 U -1
55 1 U 2
56 0 U 55
57 0 U 56
58 0 U 53
59 1 U 58
60 0 U 59
61 0 U 60
62 1 U 61
63 1 U -1
64 1 U 63
65 1 L 23
66 1 U 3
67 0 U 66
68 0 U 67
69 0 U 68
70 1 U 69
71 0 U 70
72 0 L 21
73 0 U 5
74 1 L 57
75 0 L 63
76 1 U 75
77 1 L 6
78 1 U 77
79 0 U 78
80 0 U 79
81 0 U -1
82 1 L 25
83 1 U 82
84 0 U 83
85 0 U 84
86
0 0 U -1
1 0 U 0
2 1 U 1
3 0 U 2
4 0 U 3
5 0 U 4
6 1 U -1
7 0 U 6
8 0 U 7
9 0 U 4
10 1 U 9
11 0 U 10
12 0 L 4
13 1 U 12
14 1 L 5
15 0 U 14
16 0 U 15
17 1 L 13
18 0 U -1
19 0 U 18
20 1 L 2
21 0 U 20
22 0 U 21
23 1 U 22
24 0 U 23
25 0 U 24
26 0 U 25
27 0 U -1
28 1 U 27
29 0 U 28
30 0 U 7
31 0 U 0
32 0 U 31
33 1 U 32
34 1 U 33
35 1 U 34
36 1 U -1
37 1 L 32
38 1 U 37
39 0 U 38
40 0 L 35
41 1 U 40
42 1 U 41
43 0 U 42
44 1 U 43
45 1 U -1
46 0 U 24
47 0 U 38
48 1 U 47
49 0 L 6
50 1 L 46
51 0 U 50
52 1 U 51
53 0 U 52
54 1 U -1
55 1 U 2
56 0 U 55
57 0 U 56
58 0 U 22
59 1 U 58
60 0 U 59
61 0 U 60
62 1 U 61
63 1 U -1
64 1 U 63
65 0 U 2
66 1 U 3
67 0 U 66
68 0 U 67
69 0 L 15
70 1 U 69
71 0 U 70
72 1 U -1
73 1 U 20
74 1 U 73
75 0 U 74
76 1 U 75
77 1 L 6
78 1 U 77
79 0 U 78
80 0 U 79
81 0 U 25
82 1 L 25
83 1 U 82
84 0 U 83
85 0 U 84
86
0 0 U -1
1 0 U 0
2 1 U 1
3 0 U 2
4 0 U 3
5 0 U 4
6 1 U -1
7 0 U 6
8 0 U 7
9 0 U -1
10 1 U 9
11 0 U 10
12 1 U 11
13 0 L 5
14 1 U 13
15 0 U 14
16 0 U 15
17 1 U 16
18 0 U -1
19 0 U 18
20 1 U 19
21 1 L 11
22 0 U 21
23 0 L 21
24 0 U 23
25 0 U 24
26 0 L 17
27 0 U -1
28 1 U 27
29 0 U 28
30 0 U 14
31 0 U 30
32 0 U 31
33 1 L 4
34 1 U 33
35 1 U 34
36 1 U -1
37 0 U 36
38 1 U 37
39 0 U 38
40 0 L 35
41 1 U 40
42 1 U 41
43 0 U 42
44 1 U 43
45 1 U -1
46 1 L -1
47 1 U 46
48 1 U 47
49 1 U 7
50 1 U 49
51 1 L 6
52 1 U 51
53 0 U 52
54 1 U -1
55 1 U 2
56 0 U 55
57 0 U 56
58 0 U 22
59 1 U 58
60 0 U 59
61 0 U 60
62 1 U 61
63 1 U -1
64 0 L 18
65 0 U 2
66 1 U 3
67 0 U 66
68 0 U 67
69 0 U 68
70 1 U 69
71 0 U 70
72 1 U -1
73 0 U 5
74 1 U 73
75 0 U 74
76 1 U 75
77 1 L 6
78 1 U 77
79 0 L 31
80 0 U 79
81 0 U -1
82 0 L 77
83 1 U 82
84 0 U 83
85 0 U 84
86
0 0 U -1
1 0 U 0
2 1 U 1
3 0 U 2
4 0 U 3
5 1 U -1
6 0 U 4
7 0 U 6
8 0 U 7
9 0 U -1
10 1 U 9
11 0 U 10
12 1 U 11
13 1 U 12
14 1 U 13
15 0 U 14
16 0 L 5
17 1 U 16
18 0 U -1
19 0 U 18
20 1 U 19
21 0 U 20
22 1 L 17
23 1 U 22
24 0 U 23
25 0 U 24
26 0 U 25
27 1 U 2
28 0 L 12
29 0 U 28
30 1 U 29
31 1 U 22
32 0 U 31
33 1 U 32
34 1 U 33
35 0 L 6
36 1 L 1
37 0 U 36
38 1 U 37
39 0 U 38
40 0 L 35
41 1 U 40
42 1 U 41
43 0 U 42
44 1 U 43
45 1 U -1
46 1 L -1
47 1 U 46
48 1 U 47
49 0 L 6
50 1 U 49
51 0 U 50
52 1 U 51
53 0 U 52
54 1 U -1
55 1 U 2
56 0 U 55
57 0 U 56
58 0 U 22
59 1 U 58
60 0 U 59
61 0 U 60
62 1 U 61
63 1 U -1
64 1 U 63
65 0 U 2
66 1 U 3
67 0 U 66
68 1 U 35
69 0 U 68
70 1 U 69
71 0 U 70
72 1 U -1
73 0 U 5
74 1 U 73
75 0 U 74
76 1 U 75
77 1 L 6
78 1 U 77
79 1 L 74
80 0 U 79
81 0 U -1
82 1 L 25
83 1 U 82
84 0 U 83
85 0 U 84
86
0 0 U -1
1 0 U 0
2 1 U 1
3 0 U 2
4 0 U 3
5 0 U 4
6 1 U -1
7 0 U 6
8 0 U 7
9 0 U -1
10 1 U 9
11 0 U 10
12 0 L 2
13 1 U 12
14 1 U 13
15 0 U 14
16 0 U 15
17 1 U 16
18 0 L 16
19 0 U 18
20 1 U 19
21 0 U 20
22 0 U 21
23 1 U 22
24 0 U 23
25 0 U 24
26 0 U 25
27 0 U -1
28 1 U 27
29 0 U 28
30 1 U 29
31 0 U 30
32 0 U 31
33 1 U 32
34 1 U 33
35 1 U 34
36 1 U -1
37 0 U 36
38 1 U 37
39 0 U 38
40 0 L 35
41 1 L 3
42 1 U 41
43 0 U 42
44 1 U 43
45 1 U -1
46 1 L -1
47 1 L 34
48 1 U 47
49 0 L 6
50 1 U 49
51 0 U 50
52 1 L 37
53 0 U 52
54 1 U -1
55 1 U 2
56 0 U 55
57 0 U 56
58 0 U 22
59 1 U 58
60 0 U 59
61 0 U 60
62 1 U 61
63 1 U -1
64 1 U 63
65 0 U 2
66 1 U 3
67 0 U 66
68 0 U 67
69 0 U 68
70 1 U 69
71 0 U 70
72 1 U -1
73 0 U 5
74 1 U 11
75 0 U 74
76 1 U 75
77 1 L 6
78 1 U 77
79 0 U 78
80 0 U 79
81 0 U -1
82 1 L 25
83 1 U 82
84 0 U 83
85 0 U 84
86
0 0 U -1
1 0 U 0
2 1 U 1
3 0 U 2
4 0 U 3
5 0 U 4
6 1 U -1
7 0 U 6
8 0 U 7
9 0 U -1
10 1 U 9
11 0 U 10
12 1 U 11
13 1 U 12
14 1 U 13
15 1 U 1
16 0 U 15
17 1 U 16
18 0 U -1
19 0 U 18
20 1 U 19
21 0 U 9
22 0 U 21
23 1 U 22
24 0 U 23
25 0 U 24
26 0 U 25
27 0 U -1
28 1 U 27
29 0 U 28
30 1 U 29
31 0 U 30
32 0 U 31
33 1 U 32
34 1 U 33
35 1 U 34
36 1 U -1
37 0 U 36
38 1 U 37
39 0 U 38
40 0 L 35
41 1 U 40
42 1 U 41
43 0 U 42
44 1 U 43
45 1 U -1
46 1 L -1
47 1 U 46
48 1 U 47
49 0 L 6
50 1 U 49
51 0 U 50
52 1 U 51
53 0 U 52
54 1 U -1
55 1 U 2
56 0 U 55
57 0 U 56
58 0 U 22
59 1 U 58
60 0 U 59
61 0 U 60
62 1 U 61
63 1 U -1
64 1 U 63
65 0 U 2
66 1 U 3
67 0 U 66
68 0 U 67
69 0 U 68
70 1 U 69
71 0 U 70
72 1 U -1
73 0 U 5
74 1 U 73
75 0 U 74
76 1 U 75
77 1 L 6
78 1 U 77
79 0 U 78
80 0 U 79
81 0 U -1
82 1 L 25
83 1 U 82
84 0 U 83
85 0 U 84
86
0 0 U -1
1 0 U 0
2 1 U 1
3 0 U 2
4 0 U 3
5 0 U 4
6 1 U -1
7 0 U 6
8 0 U 7
9 0 U -1
10 1 U 9
11 0 U 8
12 1 U 11
13 0 U 10
14 1 U 13
15 0 U 14
16 0 U 15
17 1 U 16
18 0 U -1
19 0 U 18
20 1 U 19
21 0 U 20
22 0 U 21
23 1 U 22
24 0 U 23
25 0 U 24
26 0 U 25
27 0 U -1
28 1 U 27
29 0 U 28
30 1 U 29
31 0 U 30
32 0 U 31
33 1 U 32
34 1 U 33
35 0 L 27
36 1 U -1
37 0 U 36
38 1 U 37
39 1 L 30
40 0 L 35
41 1 U 40
42 1 U 41
43 0 U 42
44 1 U 43
45 1 L 8
46 1 L -1
47 1 U 46
48 1 U 47
49 0 L 6
50 1 U 49
51 0 L 44
52 1 U 51
53 0 U 52
54 1 U -1
55 1 U 2
56 0 U 26
57 0 U 56
58 0 L 23
59 1 U 58
60 0 U 59
61 0 U 60
62 1 U 61
63 1 U -1
64 1 U 63
65 0 U 2
66 1 U 3
67 0 U 66
68 0 U 67
69 0 U 68
70 1 U 69
71 0 L 60
72 1 U -1
73 0 U 5
74 1 U 73
75 0 U 74
76 1 U 75
77 1 L 6
78 1 U 70
79 0 U 78
80 0 U 79
81 0 L 69
82 1 L 25
83 1 U 82
84 0 U 83
85 0 U 84
86
0 0 U -1
1 0 U 0
2 1 U 1
3 0 U 2
4 1 L 3
5 0 U 4
6 1 U -1
7 0 U 6
8 1 U 2
9 0 U -1
10 1 U 9
11 0 L -1
12 1 U 11
13 1 U 12
14 1 U 13
15 0 U 14
16 0 U 15
17 1 U 16
18 0 U -1
19 0 U 18
20 1 U 19
21 0 U 20
22 0 U 21
23 1 U 22
24 1 U 22
25 0 U 24
26 0 U 25
27 0 U -1
28 1 U 27
29 0 U 28
30 1 U 29
31 0 U 30
32 1 L 3
33 0 U 27
34 1 U 33
35 1 U 34
36 1 U -1
37 0 U 36
38 1 U 37
39 0 U 38
40 0 L 35
41 1 U 40
42 1 U 41
43 1 U 24
44 1 U 43
45 1 U -1
46 1 U 34
47 1 U 46
48 1 U 47
49 0 L 6
50 1 U 49
51 0 U 50
52 1 U 51
53 0 U 52
54 1 U -1
55 1 U 14
56 0 U 51
57 1 U 42
58 0 U 22
59 1 U 58
60 0 U 59
61 0 U 60
62 1 U 61
63 1 U -1
64 1 U 63
65 0 U 2
66 0 U 47
67 0 U 66
68 0 U 67
69 1 U 9
70 1 U 69
71 0 U 70
72 1 U -1
73 0 L 34
74 1 U 73
75 1 L 58
76 1 U 75
77 1 L 6
78 1 U 77
79 0 L 30
80 0 U 79
81 0 U -1
82 1 L 25
83 1 L 4
84 0 U 83
85 0 U 84
86
0 0 U -1
1 0 U 0
2 1 U 1
3 0 U 2
4 0 U 3
5 0 U 4
6 1 U -1
7 0 U 6
8 0 U 7
9 0 U -1
10 1 U 9
11 0 U 10
12 1 U 11
13 1 U 12
14 1 U 13
15 0 U 14
16 0 U 15
17 1 U 16
18 0 U -1
19 0 U 18
20 1 U 19
21 0 U 20
22 0 U 21
23 1 U 22
24 0 U 23
25 0 U 24
26 0 U 25
27 0 U -1
28 1 U 27
29 0 U 28
30 1 U 29
31 0 U 8
32 0 U 31
33 1 U 32
34 1 U 33
35 1 U 34
36 1 U -1
37 0 U 36
38 1 U 37
39 0 U 38
40 0 L 35
41 1 U 40
42 1 U 41
43 0 U 42
44 1 U 43
45 1 U -1
46 1 L -1
47 1 U 46
48 1 U 47
49 0 L 6
50 1 U 49
51 0 U 50
52 1 U 51
53 0 U 52
54 1 U -1
55 1 U 2
56 0 U 55
57 1 U 12
58 0 U 22
59 1 L 25
60 0 U 59
61 0 U 60
62 1 L 9
63 0 U 41
64 1 U 63
65 0 U 2
66 0 L 24
67 0 U 66
68 0 U 67
69 0 U 68
70 1 U 69
71 0 U 70
72 1 U -1
73 0 U 5
74 1 U 73
75 0 U 74
76 1 U 75
77 1 L 6
78 1 U 77
79 0 U 78
80 0 U 17
81 0 U -1
82 1 L 25
83 1 U 82
84 0 U 83
85 0 U 84
86
0 0 U -1
1 0 U 0
2 1 U 1
3 0 U 2
4 0 U 3
5 0 U 4
6 1 U -1
7 1 L 5
8 0 U -1
9 0 U -1
10 1 U 9
11 0 U 10
12 1 U 11
13 1 U 12
14 1 U 13
15 0 U 14
16 0 U 15
17 1 U 16
18 0 U -1
19 0 U 18
20 1 U 19
21 0 U 20
22 0 U 21
23 1 U 22
24 0 U 23
25 0 U 24
26 0 L 16
27 0 U -1
28 1 U 27
29 0 U 28
30 1 U 29
31 0 U 30
32 0 U 31
33 1 U 32
34 1 U 33
35 1 U 34
36 1 U -1
37 0 U 36
38 1 U 37
39 0 U 38
40 0 L 35
41 1 U 40
42 1 U 41
43 0 U 42
44 0 L 39
45 1 U -1
46 0 U 24
47 1 U 46
48 0 U 23
49 0 L 6
50 1 U 49
51 0 U 50
52 1 U 51
53 0 U 52
54 1 U -1
55 1 U 2
56 0 U 55
57 1 U 26
58 0 U 22
59 1 U 58
60 0 U 59
61 0 U 60
62 1 U 61
63 1 L 62
64 1 U 63
65 0 U 2
66 1 U 3
67 0 U 66
68 0 U 67
69 1 U 50
70 1 U 59
71 0 U 70
72 1 U -1
73 0 U 5
74 1 U 73
75 0 U 74
76 0 L 73
77 1 L 6
78 1 U 77
79 0 U 78
80 0 U 79
81 0 U -1
82 1 L 25
83 1 U 82
84 0 U 83
85 0 U 84
86
0 0 U -1
1 0 U 0
2 1 U 1
3 0 U 2
4 0 U 3
5 0 U 4
6 1 U -1
7 0 U 6
8 0 U 7
9 0 U -1
10 1 L 0
11 1 U 0
12 1 U 11
13 1 U 12
14 1 U 13
15 0 U 14
16 0 U 15
17 1 U 16
18 0 U -1
19 0 U 18
20 1 U 19
21 0 U 20
22 1 L 13
23 1 U 22
24 0 U 23
25 0 L 20
26 0 U 25
27 0 L 13
28 1 U 27
29 0 U 28
30 1 U 29
31 0 U 30
32 0 U 31
33 1 U 32
34 1 U 33
35 1 U 34
36 1 U -1
37 0 U 36
38 1 U 37
39 0 U 38
40 0 L 35
41 1 U 40
42 0 U 1
43 0 U 42
44 1 U 43
45 1 U -1
46 1 L -1
47 1 U 46
48 1 U 47
49 0 L 6
50 1 U 49
51 0 U 50
52 1 U 51
53 0 U 52
54 1 U -1
55 1 U 2
56 0 U 55
57 0 U 39
58 0 U 22
59 1 U 58
60 0 U 14
61 0 U 60
62 1 U 27
63 1 U -1
64 1 U 63
65 0 U 2
66 1 U 3
67 0 U 66
68 1 U 9
69 0 U 68
70 1 U 69
71 0 U 70
72 1 U -1
73 0 U 5
74 0 U 0
75 0 U 74
76 1 U 75
77 1 L 6
78 1 U 77
79 0 U 78
80 0 U 79
81 0 U -1
82 1 L 25
83 1 U 82
84 0 U 83
85 0 U 84
86
0 0 U -1
1 0 U 0
2 1 U 1
3 0 U 2
4 0 U 3
5 0 U 4
6 1 U -1
7 0 U 6
8 0 U 7
9 0 U -1
10 1 U 9
11 0 U 10
12 1 U 11
13 1 L 11
14 1 U 13
15 1 U -1
16 0 U 15
17 1 U 16
18 0 U -1
19 0 U 18
20 1 U 19
21 0 U 20
22 0 U 21
23 1 U 22
24 0 U 10
25 0 U 24
26 0 U 25
27 0 U -1
28 1 U 27
29 0 U 28
30 1 U 29
31 0 U 30
32 0 U 31
33 1 U 32
34 1 U 33
35 1 U 34
36 1 U -1
37 0 U 36
38 1 U 37
39 0 U 38
40 0 L 35
41 1 U 40
42 1 U 41
43 0 U 42
44 1 U 43
45 1 U -1
46 0 L 15
47 1 U 46
48 0 U 47
49 0 L 6
50 1 U 49
51 0 U 50
52 1 U 51
53 0 U 52
54 1 U -1
55 1 U 2
56 0 U 55
57 0 U 56
58 0 U 22
59 1 U 58
60 0 U 59
61 0 U 60
62 1 U 61
63 1 U -1
64 1 U 63
65 1 U 62
66 1 U 3
67 0 U 66
68 0 U 67
69 0 U 68
70 1 U 69
71 0 U 1
72 1 U -1
73 1 L 39
74 1 U 73
75 0 U 74
76 1 U 2
77 1 L 6
78 1 U 77
79 0 U 78
80 0 U 79
81 0 U -1
82 1 L 25
83 1 U 82
84 0 U 83
85 0 U 25
86
0 0 U -1
1 0 U 0
2 1 L 0
3 0 U 2
4 0 U 3
5 0 U 4
6 1 U -1
7 0 U 6
8 0 U 7
9 0 U -1
10 1 U 9
11 0 U 10
12 1 U 2
13 0 U 4
14 1 U 10
15 0 U 14
16 0 U 15
17 0 U 13
18 0 U -1
19 1 L 8
20 1 U 19
21 0 U 20
22 0 U 0
23 1 U 22
24 0 U 23
25 0 U 24
26 0 U 25
27 0 U -1
28 1 U 27
29 0 U 28
30 1 U 29
31 0 U 30
32 0 U 31
33 1 U 32
34 1 U 33
35 1 U 34
36 1 U -1
37 0 U 36
38 1 U 37
39 0 U 38
40 0 L 35
41 1 U 40
42 1 U 41
43 0 U 42
44 1 U 43
45 1 U -1
46 1 L -1
47 1 U 46
48 1 U 47
49 0 L 6
50 1 U 49
51 0 U 50
52 1 U 51
53 0 U 52
54 0 U 5
55 1 U 2
56 0 U 55
57 0 U 56
58 0 U 22
59 1 U 58
60 0 L 2
61 0 U 60
62 1 U 61
63 1 U -1
64 1 U 63
65 0 U 2
66 1 U 3
67 0 U 66
68 0 U 67
69 0 L 32
70 0 U 45
71 0 U 70
72 1 U -1
73 0 U 5
74 0 U 39
75 0 U 74
76 1 U 75
77 1 L 6
78 1 U 77
79 1 L 2
80 0 U 79
81 0 U -1
82 1 L 25
83 1 U 82
84 0 U 83
85 0 U 84
86
0 0 U -1
1 0 U 0
2 1 U 1
3 0 U 2
4 0 U 3
5 0 U 4
6 1 U -1
7 0 U 6
8 0 U 7
9 0 U -1
10 1 U 9
11 0 U 10
12 1 U 11
13 0 U -1
14 1 U 13
15 0 U 14
16 0 U 15
17 1 U 16
18 0 U -1
19 0 U 18
20 1 U 19
21 0 U 20
22 0 U 21
23 1 U 22
24 0 U 23
25 0 U 24
26 0 U 25
27 0 U 23
28 1 U 27
29 0 U 28
30 1 L 28
31 0 U 30
32 0 U 31
33 1 U 32
34 0 L 8
35 1 U 34
36 1 U -1
37 0 U 36
38 1 U 37
39 0 U 38
40 0 L 1
41 1 L 12
42 1 U 41
43 0 U 42
44 1 U 43
45 0 U 21
46 0 U 17
47 1 U 46
48 1 U 47
49 0 L 6
50 1 U 49
51 0 U 50
52 1 U 51
53 0 U 52
54 1 U -1
55 1 U 2
56 0 U 55
57 0 U 56
58 0 U 22
59 1 U 58
60 0 U 59
61 1 U 6
62 1 U 61
63 1 U -1
64 1 U 63
65 0 U 2
66 1 U 3
67 0 U 66
68 0 U 67
69 0 U 68
70 1 U 69
71 0 U 70
72 1 L 29
73 0 U 5
74 1 U 73
75 0 U 74
76 1 U 75
77 1 L 6
78 1 U 77
79 0 U 78
80 0 U 79
81 0 U -1
82 1 L 25
83 1 U 82
84 0 U 83
85 0 U 84
86
0 0 U -1
1 0 U 0
2 1 U 1
3 1 U 2
4 1 L 0
5 0 U 4
6 1 U -1
7 0 U 6
8 0 U 7
9 0 U -1
10 1 U 9
11 0 U 10
12 1 U 11
13 1 U 12
14 1 U 13
15 0 U 14
16 0 L 14
17 1 U 16
18 0 U -1
19 0 U 18
20 1 U 19
21 0 U 20
22 0 U 21
23 1 U 22
24 0 U 23
25 0 U 24
26 0 U 25
27 1 U 15
28 1 U 27
29 0 U 28
30 1 U 29
31 0 U -1
32 0 U 31
33 1 U 32
34 1 L -1
35 1 U 34
36 1 U -1
37 0 U 36
38 0 U 5
39 0 U 38
40 0 L 35
41 1 U 40
42 1 U 41
43 0 U 42
44 1 U 43
45 1 U -1
46 1 L -1
47 1 U 46
48 1 U 47
49 1 L 3
50 1 U 49
51 0 U 50
52 1 U 51
53 0 U 52
54 0 U 50
55 1 U 2
56 0 U 55
57 1 L 36
58 0 U 22
59 1 U 58
60 0 U 59
61 0 U 60
62 1 U 61
63 1 U -1
64 1 U 53
65 0 U 2
66 1 U 3
67 0 U 66
68 0 U 67
69 0 L 38
70 1 U 69
71 0 U 70
72 1 U 50
73 0 U 5
74 1 U 73
75 0 U 74
76 1 U 75
77 1 L 6
78 1 U 77
79 0 U 78
80 0 L 24
81 0 U -1
82 1 L 25
83 1 U 82
84 1 L 59
85 0 U 84
86
0 0 U -1
1 0 L 0
2 1 U 1
3 0 U 2
4 0 U 3
5 0 U 4
6 1 U -1
7 0 U 6
8 0 U 7
9 0 U -1
10 1 U 9
11 0 U 10
12 1 U 11
13 0 L 5
14 1 U 13
15 0 U 14
16 0 U 15
17 0 U 5
18 0 U -1
19 0 U 18
20 1 U 19
21 0 U 20
22 0 U 21
23 1 U 22
24 0 U 23
25 1 L 24
26 0 U 25
27 0 U -1
28 1 U 27
29 0 U 28
30 1 U 29
31 0 U 30
32 0 U 31
33 1 U 32
34 1 U 33
35 1 U 34
36 1 U -1
37 1 L 28
38 1 U 37
39 0 U 38
40 0 L 35
41 1 L 30
42 1 U 41
43 0 U 42
44 1 U 43
45 1 U -1
46 1 L -1
47 1 U 46
48 1 U 47
49 0 L 6
50 1 U 49
51 0 U 50
52 1 U 51
53 0 U 52
54 1 U -1
55 1 U 2
56 0 U 55
57 0 U 56
58 0 U 22
59 1 U 58
60 0 U 59
61 0 U 60
62 1 U 61
63 1 U -1
64 1 U 63
65 0 U 2
66 1 U 3
67 0 U 66
68 0 U 67
69 0 U 68
70 1 U 69
71 0 U 70
72 1 U -1
73 0 U 5
74 1 U 73
75 0 U 74
76 1 U 75
77 1 L 6
78 1 U 77
79 0 U 78
80 0 U 79
81 0 U -1
82 1 L 25
83 1 U 82
84 0 U 83
85 0 U 84
86
0 0 U -1
1 0 U 0
2 1 U 1
3 0 U 2
4 0 U 3
5 0 U 4
6 1 U -1
7 0 U 6
8 0 U 7
9 0 U -1
10 1 U 9
11 0 U 10
12 1 U 4
13 1 U 12
14 1 U 13
15 0 U 14
16 0 U 15
17 1 U 16
18 0 U -1
19 0 U 18
20 1 L 9
21 0 U 20
22 0 U 21
23 1 U 22
24 0 U 23
25 0 U 24
26 0 U 25
27 0 U -1
28 1 U 27
29 0 U 28
30 1 U 29
31 1 U 1
32 0 U 31
33 1 U 32
34 1 U 33
35 1 U 34
36 1 U -1
37 0 U 36
38 1 U 37
39 0 U 38
40 0 L 35
41 1 U 40
42 1 U 41
43 0 U 42
44 1 U 43
45 1 U 42
46 1 L -1
47 1 U 46
48 1 L 33
49 0 L 6
50 1 U 49
51 0 U 50
52 1 U 51
53 0 U 52
54 1 U -1
55 1 U 2
56 0 U 55
57 0 U 56
58 1 U 41
59 1 U 58
60 0 U 59
61 0 U 60
62 1 U 61
63 1 U -1
64 1 U 63
65 0 U 2
66 1 U 3
67 1 U 1
68 0 U 67
69 0 U 68
70 1 U 69
71 0 U 70
72 1 U -1
73 0 U 5
74 1 U 73
75 0 U 74
76 1 U 75
77 1 L 6
78 1 U 77
79 0 U 78
80 0 U 79
81 0 U -1
82 1 L 25
83 1 U 82
84 0 U 83
85 0 U 84
86
0 1 L -1
1 0 U 0
2 1 U 1
3 0 U 2
4 0 U 3
5 0 U 4
6 1 U -1
7 0 U 6
8 0 U 7
9 0 U -1
10 1 U 9
11 0 U 6
12 1 U 11
13 1 U 12
14 1 U 13
15 0 U 14
16 0 U 15
17 1 U 16
18 0 U -1
19 0 L 0
20 1 U 19
21 0 U 20
22 0 U 21
23 0 U 13
24 0 U 23
25 0 U 24
26 0 U 25
27 0 L 5
28 1 U 27
29 0 U 28
30 1 U 29
31 0 U 30
32 0 U 31
33 1 U 32
34 1 U 33
35 1 U 34
36 1 U -1
37 0 U 36
38 1 U 37
39 0 U 38
40 0 L 35
41 1 U 40
42 1 U 41
43 0 U 42
44 1 U 43
45 1 U -1
46 1 L -1
47 1 U 46
48 1 U 47
49 0 L 6
50 1 U 49
51 0 U 50
52 1 U 51
53 0 U 52
54 1 U -1
55 1 U 2
56 0 U 55
57 0 U 56
58 0 U 22
59 1 U 58
60 0 U 59
61 0 U 60
62 1 U 61
63 1 U -1
64 1 U 63
65 1 U 21
66 1 U 3
67 0 U 66
68 0 U 67
69 0 U 68
70 1 U 4
71 0 U 70
72 1 U -1
73 0 U 5
74 1 U 73
75 0 U 74
76 1 U 75
77 1 L 6
78 1 U 77
79 0 U 78
80 0 U 79
81 0 U -1
82 1 L 25
83 1 U 82
84 0 U 83
85 0 U 84
86
0 0 U -1
1 0 U 0
2 1 U 1
3 0 U 2
4 0 U 3
5 0 U 4
6 1 U -1
7 0 U 6
8 0 U 7
9 1 U 1
10 1 U 9
11 0 U 10
12 1 U 11
13 0 L 10
14 1 U 13
15 0 U 14
16 0 U 15
17 1 U 16
18 0 U -1
19 0 U 18
20 1 U 19
21 0 U 20
22 1 L 9
23 1 U 22
24 0 U 23
25 0 U 24
26 0 U 25
27 0 U 7
28 1 U 27
29 0 U 28
30 1 U 29
31 0 U 30
32 0 U 31
33 1 U 32
34 1 U 33
35 1 U 1
36 1 U -1
37 0 U 36
38 1 U 37
39 0 U 38
40 0 L 35
41 1 U 40
42 1 U 41
43 0 L 27
44 1 U 43
45 1 U -1
46 1 L -1
47 1 U 46
48 1 U 47
49 0 L 6
50 1 U 49
51 0 U 50
52 1 U 51
53 0 U 52
54 1 U -1
55 1 U 2
56 0 U 55
57 0 U 7
58 0 U 22
59 1 U 58
60 0 U 59
61 0 U 60
62 1 U 61
63 1 U -1
64 1 U 63
65 0 U 2
66 1 U 3
67 0 U 66
68 0 U 67
69 0 U 68
70 1 U 69
71 0 U 70
72 1 U -1
73 0 U 5
74 1 U 73
75 0 U 74
76 1 U 75
77 1 L 6
78 1 U 77
79 0 U 77
80 0 U 79
81 0 U -1
82 1 L 25
83 1 U 82
84 0 U 83
85 0 U 84
86
0 0 U -1
1 0 U 0
2 1 U 1
3 0 U 2
4 0 U 3
5 0 U 4
6 1 U -1
7 0 U 6
8 0 U 7
9 0 U -1
10 1 U 9
11 0 U 10
12 1 U 11
13 1 U 12
14 1 U 13
15 0 U 14
16 0 U 15
17 1 U 16
18 0 U -1
19 0 U 18
20 1 U 19
21 0 U 20
22 0 U 21
23 1 U 22
24 0 U 23
25 1 U 18
26 0 U 25
27 0 U -1
28 1 U 27
29 0 U 22
30 0 L 21
31 0 U 30
32 0 U 31
33 1 U 32
34 1 U 33
35 1 U 34
36 1 U -1
37 0 U 36
38 1 U 37
39 0 U 38
40 0 L 35
41 1 U 40
42 1 U 41
43 0 U 42
44 1 U 43
45 1 U -1
46 1 L -1
47 1 U 46
48 1 U 47
49 0 L 6
50 1 L 8
51 0 U 50
52 1 U 51
53 0 U 52
54 1 U -1
55 1 U 2
56 0 U 55
57 0 U 56
58 0 U 22
59 1 U 58
60 0 U 59
61 0 U 60
62 1 U 61
63 1 U -1
64 1 U 63
65 0 U 2
66 1 U 3
67 0 U 66
68 0 U 67
69 0 U 68
70 1 U 69
71 0 U 70
72 1 U -1
73 0 U 5
74 1 U 73
75 0 U 74
76 1 U 75
77 1 L 6
78 1 U 77
79 0 U 78
80 0 U 79
81 0 U -1
82 1 L 25
83 1 U 82
84 0 U 83
85 0 U 84
86
0 0 U -1
1 0 U 0
2 1 U 1
3 0 U 2
4 0 U 3
5 0 U 4
6 1 U -1
7 0 U 6
8 1 U -1
9 0 U -1
10 1 U 9
11 0 U 10
12 1 U 11
13 1 U 12
14 1 U 13
15 0 U 14
16 0 U 15
17 1 U 16
18 0 U -1
19 0 U 18
20 1 U 19
21 0 U 20
22 0 U 21
23 1 U 22
24 0 U 23
25 0 U 24
26 0 U 25
27 0 U -1
28 1 U 1
29 0 U 28
30 1 U 29
31 0 U 30
32 0 U 31
33 1 U 32
34 1 U 33
35 0 L 3
36 1 U -1
37 0 U 36
38 1 U 3
39 0 U 38
40 0 L 35
41 1 U 40
42 1 U 41
43 0 U 42
44 1 U 43
45 1 U -1
46 0 U 26
47 1 U 46
48 1 U 47
49 0 L 6
50 1 U 49
51 0 U 50
52 1 U 51
53 0 U 52
54 1 U -1
55 1 U 2
56 0 U 55
57 0 U 56
58 0 U 22
59 1 U 58
60 0 U 59
61 0 U 60
62 1 U 61
63 1 U -1
64 1 U 63
65 0 U 2
66 0 U 0
67 0 U 66
68 0 U 67
69 0 U 68
70 1 U 69
71 0 U 70
72 1 U -1
73 0 U 5
74 1 U 73
75 0 U 74
76 1 U 75
77 1 L 6
78 1 U 77
79 0 U 78
80 0 U 79
81 1 U 34
82 1 L 25
83 1 U 82
84 0 U 83
85 0 U 84
86
0 0 U -1
1 0 U 0
2 0 U 0
3 0 U 2
4 0 U 3
5 0 U 4
6 1 U -1
7 0 U 6
8 0 L 5
9 0 U -1
10 1 L 9
11 0 U 10
12 1 U 11
13 1 U 12
14 1 U 13
15 1 L 7
16 0 U 15
17 1 U 16
18 0 U -1
19 0 U 18
20 1 U 19
21 0 U 20
22 0 U 21
23 1 U 22
24 0 U 23
25 0 U 24
26 0 U 25
27 0 L 9
28 1 U 27
29 0 U 28
30 1 U 29
31 0 U 30
32 0 U 31
33 1 U 32
34 1 U 33
35 1 U 34
36 1 U -1
37 0 U 36
38 1 U 37
39 0 U 38
40 0 L 35
41 1 U 40
42 1 U 41
43 1 L 18
44 1 U 43
45 1 U -1
46 1 L -1
47 1 U 46
48 1 U 47
49 0 L 6
50 1 U 49
51 0 U 50
52 1 U 51
53 0 U 52
54 1 U -1
55 1 U 2
56 1 L 34
57 0 U 56
58 0 U 22
59 1 U 58
60 0 U 59
61 0 U 60
62 1 U 61
63 1 U -1
64 1 U 63
65 1 L 59
66 1 U 3
67 0 U 66
68 0 U 67
69 0 U 68
70 1 U 69
71 0 U 65
72 1 U -1
73 0 U 5
74 1 U 73
75 0 U 74
76 1 U 75
77 1 L 6
78 1 U 77
79 0 U 78
80 0 U 79
81 0 U 38
82 1 U 14
83 1 U 82
84 0 U 83
85 0 U 84
86
0 0 L -1
1 1 L 0
2 1 U 1
3 0 U 2
4 0 U 3
5 0 U 4
6 1 U -1
7 0 U 6
8 0 U 7
9 0 U -1
10 1 U 9
11 0 U 10
12 1 U 11
13 1 U 12
14 1 U 13
15 0 U 14
16 0 U 15
17 1 U 16
18 0 U -1
19 0 U 18
20 1 U 19
21 0 U 20
22 0 U 21
23 1 U 1
24 0 L 6
25 0 U 24
26 0 U 25
27 0 U -1
28 1 U 27
29 0 U 28
30 1 U 29
31 0 U 30
32 0 U 31
33 1 U 32
34 1 U 33
35 1 U 34
36 1 U -1
37 0 U 36
38 1 U 37
39 0 U 38
40 0 L 35
41 1 U 40
42 1 U 41
43 0 U 42
44 1 U 43
45 1 U -1
46 1 L -1
47 1 L 22
48 0 L 4
49 0 L 6
50 1 U 49
51 0 U 50
52 1 U 51
53 0 U 52
54 1 U -1
55 1 U 2
56 0 U 55
57 0 U 56
58 0 U 22
59 1 U 58
60 1 U 38
61 0 U 60
62 1 U 61
63 1 U -1
64 1 U 63
65 0 U 2
66 1 L 46
67 0 U 66
68 0 U 67
69 0 U 68
70 1 U 69
71 0 U 70
72 1 U -1
73 0 U 5
74 1 U 73
75 0 U 74
76 1 U 75
77 1 L 6
78 1 U 77
79 0 U 78
80 0 U 79
81 0 U -1
82 1 L 25
83 1 U 82
84 0 U 83
85 0 U 84
86
0 0 U -1
1 0 U 0
2 1 U 1
3 0 U 2
4 0 U 3
5 1 U 3
6 1 U -1
7 0 U 6
8 0 U 7
9 0 U -1
10 1 U 9
11 0 U 10
12 1 U 11
13 1 U 12
14 1 U 13
15 0 U 14
16 0 U 15
17 1 U 16
18 0 U -1
19 0 U 18
20 1 U 19
21 0 U 7
22 0 U 21
23 1 U 22
24 0 U 23
25 0 U 24
26 0 L 12
27 0 U -1
28 1 U 27
29 1 U 4
30 1 U 29
31 0 U 30
32 0 U 31
33 1 U 32
34 1 U 33
35 1 U 34
36 1 U -1
37 0 U 36
38 1 U 37
39 0 U 38
40 0 L 35
41 1 U 40
42 1 U 41
43 0 U 42
44 1 U 43
45 1 U 26
46 1 L -1
47 1 L 24
48 1 U 47
49 0 L 6
50 1 U 49
51 0 U 50
52 1 U 51
53 0 U 52
54 1 U -1
55 1 U 2
56 0 U 55
57 0 U 56
58 1 U 5
59 1 U 58
60 0 U 59
61 0 U 60
62 1 U 61
63 1 U -1
64 0 U 40
65 0 U 2
66 1 U 3
67 0 U 66
68 0 U 67
69 0 U 68
70 1 U 69
71 0 U 70
72 1 U -1
73 0 U 5
74 1 U 13
75 0 U 74
76 1 U 75
77 1 L 6
78 1 U 77
79 0 U 78
80 0 U 79
81 0 U -1
82 1 U 48
83 0 U 8
84 0 U 83
85 0 U 84
86
0 0 U -1
1 0 U 0
2 0 U -1
3 0 U 2
4 0 U 3
5 0 U 4
6 1 U -1
7 0 U 6
8 0 U 7
9 0 U -1
10 1 U 9
11 0 U 10
12 1 U 11
13 1 U 12
14 1 U 13
15 0 U 14
16 0 U 15
17 1 U 16
18 0 U -1
19 1 L 5
20 1 U 19
21 0 U 20
22 0 U 21
23 1 U 22
24 0 U 23
25 0 U 24
26 0 U 25
27 0 U -1
28 1 U 27
29 0 U 28
30 1 U 29
31 0 U 30
32 0 U 31
33 1 U 32
34 1 U 33
35 1 U 34
36 1 U -1
37 0 U 36
38 1 U 37
39 0 U 38
40 0 L 35
41 1 U 40
42 1 U 41
43 0 U 42
44 1 U 43
45 1 U 12
46 0 L 7
47 1 U 46
48 1 U 47
49 0 L 6
50 1 U 49
51 0 U 50
52 1 U 51
53 0 U 52
54 1 U -1
55 1 U 2
56 0 U 55
57 0 U 56
58 0 U 22
59 1 U 58
60 0 U 59
61 0 U 60
62 1 U 61
63 1 L 56
64 1 U 63
65 0 U 2
66 1 U 3
67 0 U 66
68 0 U 67
69 0 U 68
70 1 U 69
71 0 U 70
72 1 U -1
73 0 U 5
74 0 L 1
75 0 U 74
76 1 U 75
77 1 L 13
78 1 U 62
79 0 U 78
80 0 U 79
81 0 U -1
82 1 L 25
83 1 U 82
84 0 U 83
85 0 U 84
86
0 0 U -1
1 0 U 0
2 1 U 1
3 0 U 2
4 0 U 3
5 0 U 4
6 1 U -1
7 0 U 6
8 0 U 7
9 0 U -1
10 1 U 9
11 0 U 10
12 1 U 11
13 1 U 12
14 1 U 13
15 0 U 14
16 1 L 11
17 1 U 16
18 0 U -1
19 0 U 18
20 1 U 19
21 0 U 20
22 0 U 21
23 0 U 22
24 0 U 23
25 0 U 24
26 0 U 25
27 0 U -1
28 1 U 27
29 0 U 28
30 1 U 8
31 0 U 30
32 0 U 31
33 1 U 32
34 1 U 33
35 1 U 34
36 1 U -1
37 0 U 36
38 1 U 37
39 0 U 38
40 0 L 35
41 1 U 40
42 1 U 41
43 0 U 42
44 1 U 43
45 1 U -1
46 0 L 38
47 1 U 46
48 1 U 47
49 0 L 6
50 1 U 49
51 0 U 50
52 1 U 51
53 0 U 52
54 1 U 25
55 1 U 2
56 0 U 55
57 0 L 19
58 0 U 22
59 1 U 58
60 0 U 59
61 0 U 60
62 1 U 61
63 1 U 48
64 1 U 63
65 0 U 2
66 1 U 3
67 0 U 66
68 0 U 67
69 0 U 68
70 1 U 69
71 0 U 70
72 1 U -1
73 0 U 5
74 1 U 73
75 0 U 74
76 1 U 75
77 1 L 6
78 1 U 38
79 0 U 78
80 0 U 79
81 0 U -1
82 1 L 25
83 1 U 82
84 0 U 83
85 0 U 84
86
0 0 U -1
1 0 U 0
2 1 U 1
3 0 U 2
4 0 U 3
5 0 U 4
6 1 U -1
7 0 U 6
8 0 U 7
9 0 U -1
10 0 L 9
11 0 U 10
12 1 U 11
13 1 U 12
14 1 U 13
15 0 U 14
16 0 U 15
17 1 U 16
18 0 U -1
19 0 U 18
20 1 U 19
21 0 U 20
22 0 U 21
23 1 U 22
24 0 U 23
25 0 U 24
26 0 U 25
27 0 U -1
28 1 U 27
29 0 U 28
30 1 U 29
31 0 U 30
32 0 L -1
33 1 U 32
34 1 U 33
35 1 U 34
36 1 U -1
37 0 U 36
38 1 U 37
39 0 U 38
40 0 L 35
41 1 U 40
42 1 U 41
43 0 U 42
44 1 U 43
45 1 U -1
46 1 L -1
47 1 U 46
48 1 U 47
49 0 L 6
50 1 U 49
51 0 U 50
52 1 U 51
53 0 U 52
54 1 U -1
55 1 U 2
56 0 U 55
57 0 U 56
58 0 U 22
59 1 U 58
60 0 U 59
61 0 U 60
62 1 U 61
63 1 U -1
64 1 U 63
65 0 U 2
66 1 U 3
67 0 U 66
68 0 U 67
69 0 U 68
70 1 U 69
71 0 U 70
72 0 U 33
73 0 U 5
74 1 U 73
75 0 U 74
76 1 U 75
77 1 L 6
78 1 U 77
79 0 U 78
80 0 U 79
81 0 U -1
82 1 L 25
83 1 U 82
84 0 U 83
85 0 U 84
86
0 0 U -1
1 0 U 0
2 1 U 1
3 0 U 2
4 1 U 2
5 0 U 4
6 1 U -1
7 0 U 6
8 0 U 7
9 1 U 3
10 0 L 9
11 0 U 10
12 1 U 11
13 1 L -1
14 1 U 13
15 0 U 14
16 0 U 15
17 1 U 16
18 0 U -1
19 1 U 16
20 1 U 19
21 0 U 20
22 0 U 21
23 0 U 17
24 0 U 23
25 0 U 24
26 0 U 25
27 0 U 21
28 1 U 27
29 0 U 28
30 1 U 29
31 0 U 30
32 0 L -1
33 1 U 32
34 0 U 14
35 1 U 34
36 1 U -1
37 0 U 36
38 1 U 37
39 0 U 38
40 0 L 35
41 1 U 40
42 1 U 41
43 0 U 42
44 1 U 43
45 1 U -1
46 1 L -1
47 1 U 46
48 1 U 47
49 0 L 6
50 1 U 49
51 0 U 50
52 1 U 51
53 0 U 52
54 1 U -1
55 1 U 2
56 0 U 55
57 0 U 56
58 1 L 18
59 1 U 58
60 0 U 59
61 0 U 60
62 1 U 61
63 1 U -1
64 1 U 63
65 0 U 2
66 1 U 3
67 0 U 66
68 0 U 67
69 0 U 68
70 1 U 69
71 0 U 70
72 0 U 33
73 0 U 5
74 1 U 73
75 0 U 74
76 1 U 75
77 1 L 6
78 1 U 77
79 0 U 78
80 0 U 79
81 0 U -1
82 1 L 25
83 1 U 82
84 0 U 83
85 0 U 84
86
0 0 U -1
1 0 U 0
2 1 U 0
3 0 U 2
4 0 U 3
5 0 U 4
6 1 U -1
7 0 U 6
8 0 U 7
9 0 U -1
10 0 L 9
11 0 U 10
12 1 U 11
13 1 U 12
14 1 L 9
15 0 U 14
16 1 U 7
17 1 U 16
18 0 U -1
19 0 U 18
20 1 L 15
21 0 U 20
22 0 U 21
23 0 U 13
24 0 U 23
25 0 U 24
26 0 U 25
27 0 U -1
28 1 U 27
29 0 U 28
30 1 U 29
31 0 U 30
32 1 L 3
33 1 U 32
34 1 U 33
35 1 U 34
36 1 U -1
37 0 U 36
38 1 U 37
39 0 U 38
40 0 L 35
41 1 U 40
42 1 U 41
43 0 U 42
44 1 U 43
45 1 U -1
46 1 L -1
47 1 U 46
48 1 U 47
49 0 L 6
50 1 U 49
51 0 L 13
52 1 U 51
53 0 U 52
54 1 U -1
55 1 U 2
56 0 U 55
57 0 U 56
58 0 U 22
59 1 U 58
60 0 U 59
61 0 U 60
62 0 U 42
63 1 U -1
64 1 U 63
65 0 U 2
66 1 U 3
67 1 U 21
68 0 U 67
69 0 U 68
70 1 U 69
71 0 U 70
72 0 U 33
73 0 U 5
74 1 U 73
75 0 U 74
76 1 U 75
77 1 L 6
78 1 U 77
79 0 U 78
80 0 U 79
81 0 U -1
82 1 L 25
83 1 L 51
84 0 U 83
85 0 U 84
86
0 0 U -1
1 0 U 0
2 1 U 1
3 0 U 2
4 1 U -1
5 0 U 4
6 1 U -1
7 0 U 6
8 0 U 7
9 0 U -1
10 0 L 9
11 0 U 10
12 0 L 2
13 1 U 12
14 0 U 4
15 0 U 14
16 0 U 15
17 1 U 16
18 0 U -1
19 0 U 18
20 1 U 19
21 0 U 20
22 0 U 21
23 1 U 22
24 0 U 23
25 0 U 24
26 0 U 25
27 0 U -1
28 1 U 27
29 0 U 28
30 1 U 29
31 0 U 30
32 0 L -1
33 1 U 32
34 1 U 33
35 1 U 34
36 1 U -1
37 0 U 36
38 1 U 37
39 1 U 31
40 0 L 35
41 1 U 40
42 1 U 41
43 0 U 42
44 1 U 43
45 1 U -1
46 1 L -1
47 1 U 12
48 1 U 47
49 0 L 6
50 1 U 49
51 1 L 26
52 1 U 51
53 0 U 52
54 1 U -1
55 1 U 2
56 0 U 55
57 0 U 56
58 0 U 22
59 1 U 58
60 0 U 59
61 0 U 60
62 1 U 61
63 1 U -1
64 1 U 63
65 0 U 2
66 1 U 3
67 0 U 66
68 0 U 67
69 0 U 68
70 1 U 69
71 0 U 5
72 0 U 33
73 1 U 35
74 1 U 73
75 0 U 64
76 1 L 3
77 1 L 6
78 1 U 77
79 0 U 78
80 0 U 79
81 0 U -1
82 0 U 4
83 0 L 41
84 0 U 83
85 0 U 84
86
0 0 U -1
1 0 U 0
2 1 U 1
3 0 U 2
4 0 U 3
5 0 U 4
6 1 U -1
7 0 U 6
8 0 U 7
9 0 U -1
10 1 L 5
11 0 U 10
12 1 U 11
13 1 U 12
14 1 U 13
15 0 U 14
16 0 U 15
17 1 U 16
18 0 U -1
19 0 U 18
20 1 U 19
21 0 U 20
22 0 U 21
23 1 U 22
24 0 U 23
25 0 U 24
26 0 U 25
27 0 U -1
28 1 U 27
29 0 U 28
30 1 U 29
31 0 U 30
32 0 L -1
33 1 U 32
34 1 U 33
35 1 U 34
36 1 U -1
37 0 U 36
38 1 U 37
39 0 U 38
40 0 L 35
41 1 U 40
42 1 L 23
43 0 U 40
44 1 U 43
45 1 U -1
46 1 L -1
47 1 U 46
48 1 U 47
49 0 L 6
50 1 U 49
51 0 U 50
52 1 U 51
53 0 U 52
54 1 U -1
55 1 U 2
56 0 U 55
57 0 U 56
58 0 U 22
59 1 U 58
60 0 U 59
61 0 L -1
62 1 U 61
63 1 U -1
64 1 U 63
65 0 U 2
66 1 U 3
67 0 U 66
68 0 U 67
69 0 U 68
70 1 U 69
71 0 U 70
72 0 U 33
73 0 U 5
74 1 U 73
75 0 U 74
76 1 U 75
77 1 L 6
78 0 L 68
79 0 U 78
80 0 U 79
81 0 U -1
82 1 L 25
83 1 U 82
84 0 U 83
85 0 U 84
86
0 0 L -1
1 0 U 0
2 1 U 1
3 0 U 2
4 0 U 3
5 0 U 4
6 1 U -1
7 0 U 6
8 0 U 7
9 0 U -1
10 0 L 9
11 0 U 8
12 1 U 11
13 1 U 12
14 1 U 13
15 0 U 14
16 0 U 15
17 1 U 16
18 0 U -1
19 0 U 11
20 1 U 19
21 0 U 20
22 0 L 18
23 1 U 22
24 0 U 23
25 0 U 24
26 0 U 2
27 0 U -1
28 1 U 27
29 0 U 28
30 1 U 29
31 0 U 30
32 0 L -1
33 1 U 32
34 1 U 33
35 0 L 33
36 1 U -1
37 0 U 36
38 1 U 37
39 0 U 38
40 0 L 35
41 1 U 40
42 1 U 41
43 0 U 42
44 1 U 43
45 1 U -1
46 1 L -1
47 0 U 38
48 1 U 47
49 0 L 6
50 1 U 49
51 0 L 43
52 1 U 51
53 0 U 52
54 1 U -1
55 1 U 2
56 0 U 55
57 0 U 56
58 0 U 22
59 1 U 58
60 0 U 38
61 0 U 60
62 1 U 61
63 1 U -1
64 1 U 63
65 0 U 2
66 1 U 3
67 0 U 66
68 0 U 67
69 0 U 68
70 1 U 69
71 0 U 70
72 0 U 33
73 0 U 5
74 1 U 73
75 0 U 74
76 1 U 75
77 1 L 6
78 1 U 77
79 0 U 78
80 0 U 79
81 0 U -1
82 1 U 46
83 1 U 82
84 1 U 6
85 0 U 84
86
0 0 U -1
1 0 U 0
2 1 U 1
3 0 U 2
4 0 U 3
5 0 U 4
6 0 U 1
7 0 U 6
8 0 U 7
9 0 U -1
10 0 L 9
11 0 U 10
12 1 U 11
13 1 U 12
14 1 U 13
15 0 U 14
16 0 U 15
17 1 U 16
18 0 U -1
19 0 U 18
20 1 U 19
21 0 U 20
22 0 U 21
23 1 U 22
24 0 U 23
25 0 U 24
26 0 U 25
27 0 U -1
28 1 U 27
29 0 U 28
30 1 U 29
31 0 L 3
32 0 L -1
33 1 U 32
34 1 U 33
35 1 U 34
36 1 U -1
37 0 U 36
38 1 U 37
39 0 U 38
40 0 L 35
41 0 L 12
42 1 U 41
43 0 U 42
44 1 U 43
45 1 U -1
46 1 L -1
47 1 U 46
48 1 U 47
49 0 L 6
50 1 U 49
51 0 U 50
52 1 U 51
53 0 U 52
54 1 U -1
55 1 U 2
56 0 U 55
57 0 U 56
58 0 U 22
59 1 U 58
60 0 U 59
61 0 U 60
62 1 U 61
63 1 U -1
64 1 U 63
65 1 U 37
66 1 U 3
67 0 U 66
68 0 U 67
69 0 U 68
70 1 U 69
71 0 U 70
72 0 U 33
73 0 U 5
74 1 U 73
75 0 U 74
76 1 U 75
77 1 L 6
78 1 U 77
79 0 U 78
80 0 U 79
81 0 U 10
82 1 L 25
83 1 U 82
84 0 U 83
85 1 U 32
86
0 0 U -1
1 0 U 0
2 1 U 1
3 0 U 2
4 0 U 3
5 0 U 4
6 1 U -1
7 0 U 6
8 0 U 7
9 0 U -1
10 0 U 7
11 0 U 10
12 1 U 11
13 1 U 12
14 1 U 13
15 0 U 14
16 0 U 15
17 0 U 10
18 0 U -1
19 0 U 18
20 1 U 19
21 0 U 20
22 0 U 21
23 1 U 22
24 0 U 23
25 0 U 24
26 0 U 25
27 0 U -1
28 1 U 27
29 0 U 28
30 1 L 11
31 1 U 25
32 0 L -1
33 1 U 32
34 1 U 33
35 1 U 34
36 1 U -1
37 0 U 36
38 1 U 37
39 0 U 38
40 0 L 35
41 1 U 40
42 1 U 41
43 0 U 42
44 1 U 43
45 1 U -1
46 1 L -1
47 1 U 36
48 1 U 47
49 0 L 6
50 1 U 49
51 0 U 50
52 1 U 51
53 0 U 52
54 1 L 19
55 1 U 2
56 0 U 55
57 0 U 56
58 0 U 22
59 1 U 58
60 0 U 59
61 0 U 60
62 1 U 61
63 1 U -1
64 1 U 63
65 0 U 2
66 1 U 3
67 1 L 13
68 0 U 52
69 0 U 68
70 1 U 69
71 0 U 70
72 0 U 33
73 0 U 5
74 1 U 73
75 0 U 74
76 1 U 75
77 1 L 6
78 1 U 77
79 0 U 78
80 0 U 79
81 1 U 30
82 1 L 25
83 1 U 82
84 0 L 43
85 0 U 84
86
0 0 L -1
1 0 U 0
2 1 U 1
3 0 U 2
4 0 U 3
5 0 U 4
6 1 U -1
7 0 U 6
8 0 U 7
9 0 U -1
10 0 L 9
11 0 U 10
12 1 U 11
13 1 U 12
14 0 L 7
15 0 U -1
16 0 U 15
17 1 U 16
18 0 U -1
19 0 U 18
20 0 U 19
21 0 U 20
22 0 U 21
23 1 U 22
24 0 U 23
25 0 L 20
26 1 U 24
27 0 U -1
28 1 U 27
29 0 U 28
30 1 U 29
31 0 U 30
32 0 L -1
33 1 U 32
34 1 U 33
35 1 U 0
36 1 U -1
37 0 U 36
38 1 U 37
39 1 U 23
40 0 L 35
41 1 U 40
42 1 U 41
43 0 L 22
44 1 U 43
45 1 U -1
46 0 U 0
47 1 U 46
48 1 U 47
49 0 L 6
50 1 U 49
51 1 L 42
52 1 U 51
53 0 U 52
54 1 U -1
55 1 U 2
56 0 U 55
57 1 U 23
58 0 U 22
59 1 U 58
60 0 U 59
61 0 U 60
62 1 U 61
63 1 U -1
64 1 U 63
65 0 U 20
66 1 U 3
67 0 U 66
68 0 U 67
69 0 U 68
70 1 U 69
71 0 U 70
72 0 U 33
73 0 U 5
74 1 U 73
75 0 U 74
76 1 U 75
77 1 L 6
78 1 U 77
79 0 U 78
80 0 U 79
81 1 L 7
82 1 L 25
83 1 L 71
84 0 U 83
85 0 U 84
86
0 0 L -1
1 0 U 0
2 1 U 1
3 0 U 2
4 0 U 3
5 0 U 4
6 1 U -1
7 0 U 6
8 0 U 7
9 0 U -1
10 0 L 9
11 0 U 10
12 1 U 11
13 1 U 8
14 1 U 13
15 0 U 14
16 0 U 15
17 1 U 16
18 0 U -1
19 0 U 18
20 0 L 19
21 0 U 20
22 0 U 21
23 1 U 22
24 0 U 23
25 0 U 24
26 0 U 25
27 0 U -1
28 1 U 27
29 0 U 28
30 1 U 29
31 0 U 30
32 0 L -1
33 1 U 32
34 1 U 33
35 1 U 34
36 1 U -1
37 0 U 36
38 1 U 37
39 0 U 38
40 0 L 35
41 1 U 40
42 1 U 41
43 0 U 42
44 1 U 43
45 1 U -1
46 1 L -1
47 1 U 46
48 1 U 47
49 0 L 6
50 1 U 49
51 0 U 50
52 1 L 47
53 0 U 52
54 0 U 53
55 1 U 2
56 0 U 55
57 0 U 56
58 0 U 22
59 1 U 58
60 0 U 59
61 0 U 60
62 1 U 61
63 1 U -1
64 1 U 63
65 0 U 2
66 1 U 3
67 0 U 66
68 0 U 67
69 0 U 68
70 1 U 69
71 0 U 70
72 0 U 33
73 0 U 5
74 1 U 73
75 0 U 74
76 1 U 75
77 1 L 6
78 1 U 77
79 0 U 78
80 0 L 13
81 0 U -1
82 1 L 25
83 1 U 82
84 0 U 83
85 0 U 84
86
0 0 U -1
1 0 U 0
2 1 U 1
3 0 U 2
4 0 U 3
5 0 U 4
6 1 U -1
7 1 U -1
8 0 U 7
9 1 U 4
10 0 L 9
11 0 U 10
12 1 U 11
13 1 L 8
14 1 U 13
15 0 U 14
16 0 U 15
17 1 U 16
18 0 U -1
19 0 U 18
20 1 U 19
21 0 U 20
22 0 U 21
23 1 U 22
24 0 U 23
25 0 U 24
26 0 U 25
27 0 U -1
28 0 L 24
29 0 U 28
30 1 U 29
31 0 U 30
32 0 L -1
33 1 U 32
34 1 U 33
35 1 L 33
36 1 U -1
37 0 U 36
38 1 U 37
39 0 U 38
40 0 L 35
41 1 U 40
42 1 U 41
43 0 U 42
44 1 U 43
45 1 U -1
46 1 L -1
47 1 U 46
48 1 U 47
49 0 L 6
50 1 U 49
51 0 L 12
52 1 U 51
53 0 U 52
54 1 U -1
55 1 U 2
56 0 U 55
57 0 U 56
58 0 U 22
59 1 L 29
60 1 L 58
61 0 U 60
62 1 U 61
63 1 U -1
64 1 U 63
65 0 U 2
66 1 U 3
67 0 U 66
68 0 U 67
69 0 U 68
70 1 U 69
71 0 U 70
72 0 U 33
73 0 U 5
74 1 U 73
75 0 U 74
76 1 U 75
77 1 L 6
78 1 U 77
79 0 U 78
80 0 U 79
81 0 U -1
82 1 L 25
83 1 U 82
84 0 U 83
85 0 L 56
86
0 0 U -1
1 0 U 0
2 1 U 1
3 0 U 2
4 0 U 3
5 0 U 4
6 1 U -1
7 0 U 6
8 0 U 7
9 0 U -1
10 0 L 9
11 0 U 10
12 1 U 11
13 1 U 12
14 1 U 13
15 0 U 14
16 1 L 7
17 1 U 16
18 0 U -1
19 0 U 18
20 1 U 19
21 0 U 20
22 0 U 21
23 1 U 22
24 0 U 23
25 1 U 14
26 0 U 25
27 0 U -1
28 1 U 27
29 0 U 28
30 1 U 10
31 1 U 28
32 0 L -1
33 1 U 32
34 1 U 33
35 1 L 2
36 1 U -1
37 0 U 36
38 1 U 37
39 0 U 38
40 0 L 35
41 1 U 21
42 1 U 41
43 0 L 20
44 1 U 43
45 1 U -1
46 1 L -1
47 1 U 46
48 1 U 47
49 0 L 6
50 1 U 49
51 0 U 50
52 1 U 51
53 1 U 22
54 1 U -1
55 1 U 2
56 0 U 55
57 0 U 56
58 0 U 22
59 1 U 58
60 0 U 59
61 0 U 60
62 1 U 61
63 1 U -1
64 1 U 63
65 0 L 61
66 1 U 3
67 0 U 66
68 0 U 67
69 0 U 68
70 1 U 69
71 0 U 70
72 0 U 33
73 0 U 5
74 0 U 41
75 1 U 5
76 1 U 75
77 1 L 6
78 1 U 77
79 0 U 78
80 0 U 52
81 0 U -1
82 1 L 25
83 1 U 82
84 0 U 83
85 0 L 81
