34
0 1 U -1
1 0 U 0
2 1 U 1
3 1 U 2
4 0 U 3
5 1 U -1
6 1 U 5
7 1 U 6
8 1 U 7
9 0 U 8
10 0 U -1
11 0 U 10
12 0 U 11
13 1 U 12
14 0 U 13
15 1 U -1
16 0 U 15
17 1 U 16
18 0 U 17
19 0 U 18
20 0 U -1
21 1 U 20
22 1 U 21
23 0 U 22
24 1 U 23
25 1 U -1
26 1 U 25
27 1 U 26
28 0 U 27
29 0 U 28
30 1 U -1
31 1 U 30
32 1 U 31
33 0 U 32
34
0 1 U -1
1 0 U 0
2 1 L -1
3 1 U 2
4 0 U 3
5 1 U -1
6 0 L 2
7 1 U 6
8 1 U 7
9 0 U 8
10 0 U -1
11 0 U 10
12 0 U 11
13 1 L 1
14 0 U 13
15 1 U -1
16 0 U 15
17 1 U 16
18 0 U 17
19 0 U 18
20 0 U -1
21 1 U 20
22 1 U 21
23 0 U 22
24 1 U 23
25 1 U -1
26 1 U 25
27 1 U 26
28 0 U 27
29 0 U 28
30 1 U -1
31 1 U 30
32 1 U 31
33 0 U 32
34
0 1 U -1
1 0 U 0
2 1 L -1
3 1 U 2
4 0 U 3
5 1 U -1
6 0 L 2
7 1 U 6
8 1 U 7
9 0 U 8
10 0 U -1
11 0 U 10
12 0 U 11
13 1 L 1
14 0 U 13
15 1 U -1
16 0 U 15
17 1 U 16
18 0 L 0
19 0 U 18
20 0 U -1
21 1 U 20
22 1 U 21
23 0 U 22
24 1 U 11
25 1 U -1
26 1 U 25
27 1 U 26
28 0 U 27
29 0 U 28
30 1 U -1
31 1 U 30
32 1 U 31
33 0 U 17
34
0 1 U -1
1 0 U 0
2 1 L -1
3 1 U 2
4 0 L 0
5 1 U -1
6 0 L 2
7 1 U 6
8 1 U 7
9 0 U 8
10 0 U -1
11 0 U 10
12 0 U 11
13 1 L 1
14 0 U 13
15 1 U -1
16 0 U 15
17 1 U 16
18 0 U 17
19 0 U 18
20 0 U -1
21 1 U 20
22 1 U 21
23 0 U 22
24 1 U 23
25 1 U -1
26 0 L 13
27 1 U 26
28 0 U 27
29 0 U 28
30 1 U -1
31 1 U 30
32 0 U 11
33 0 U 32
34
0 1 U -1
1 0 U 0
2 1 L -1
3 1 U 2
4 0 U 3
5 1 U -1
6 0 L 2
7 1 U 6
8 1 U 7
9 0 U 8
10 1 L 6
11 0 U 10
12 0 U 11
13 1 L 1
14 0 U 13
15 1 U -1
16 0 U 15
17 1 U 16
18 0 U 17
19 0 U 18
20 1 U 5
21 1 U 20
22 1 U 21
23 0 U 22
24 1 U 23
25 0 U 15
26 1 U 25
27 1 U 26
28 0 U 27
29 0 U 28
30 1 U -1
31 1 U 30
32 1 U 31
33 0 U 32
34
0 1 U -1
1 0 U 0
2 1 L -1
3 0 L 0
4 0 U 3
5 1 U -1
6 0 L 2
7 1 U 6
8 1 U 7
9 0 U 8
10 0 U -1
11 0 U 10
12 0 U 11
13 1 L 1
14 0 U 13
15 1 U -1
16 0 U 15
17 1 L 11
18 0 U 17
19 1 U 1
20 0 U -1
21 1 U 20
22 1 U 21
23 1 L 1
24 1 U 23
25 1 U -1
26 1 U 25
27 1 U 26
28 0 U 27
29 0 U 28
30 1 U -1
31 1 U 30
32 1 U 31
33 0 U 32
34
0 1 U -1
1 0 U 0
2 1 L -1
3 1 U 2
4 0 U 3
5 1 U -1
6 0 L 2
7 1 U 6
8 1 U 7
9 0 U 8
10 0 U -1
11 0 U 10
12 0 U 11
13 1 L 1
14 0 U 13
15 1 U -1
16 0 U 15
17 1 U 16
18 0 U 2
19 0 U 18
20 0 U -1
21 1 U 20
22 1 U 21
23 0 U 22
24 1 L 22
25 1 U -1
26 1 U 25
27 1 U 26
28 0 U 27
29 0 U 28
30 1 U -1
31 1 U 30
32 1 U 31
33 0 U 32
34
0 1 U -1
1 0 U 0
2 1 L -1
3 1 U 2
4 0 U 3
5 1 U -1
6 0 L 4
7 1 U 6
8 1 U 7
9 0 U 8
10 0 U -1
11 0 U 10
12 1 L 5
13 1 L 1
14 0 U 13
15 1 U -1
16 0 U 15
17 1 U 16
18 0 U 17
19 0 U 18
20 0 U -1
21 0 U 18
22 1 U 21
23 0 U 22
24 1 U 23
25 1 U -1
26 1 U 18
27 1 U 26
28 1 L 14
29 0 U 9
30 1 U -1
31 1 U 30
32 1 U 31
33 0 U 32
34
0 1 U -1
1 0 U 0
2 1 L -1
3 1 U 2
4 0 L 0
5 1 U -1
6 0 L 2
7 1 U 6
8 1 U 7
9 0 U 8
10 0 U -1
11 1 U 3
12 0 U 11
13 1 L 11
14 0 U 13
15 1 U 0
16 0 U 15
17 1 U 16
18 0 U 17
19 0 U 6
20 0 U -1
21 1 U 20
22 1 U 21
23 0 U 22
24 0 L 6
25 1 L 22
26 1 U 21
27 1 U 26
28 0 U 27
29 0 U 28
30 1 U -1
31 1 U 30
32 1 U 31
33 0 U 32
34
0 1 U -1
1 0 U 0
2 1 L -1
3 1 U 2
4 0 U 3
5 1 U -1
6 0 L 2
7 1 U 6
8 1 U 7
9 0 U 8
10 0 U -1
11 0 U 10
12 0 U 11
13 1 L 1
14 0 U 13
15 1 U -1
16 0 U 15
17 1 U 16
18 0 U 17
19 0 U 18
20 0 U -1
21 1 U 20
22 0 L 11
23 0 U 22
24 1 U 23
25 1 U -1
26 1 U 25
27 1 U 26
28 1 U 4
29 0 U 28
30 1 U 0
31 1 U 30
32 0 L 15
33 0 U 32
34
0 1 U -1
1 0 U 0
2 0 U 0
3 1 U 2
4 0 L -1
5 1 U -1
6 0 L 2
7 1 U 6
8 1 U 7
9 0 U 6
10 0 U -1
11 0 U 10
12 0 U 11
13 0 L 11
14 0 U 13
15 1 U -1
16 0 U 15
17 1 U 16
18 0 U 17
19 0 U 18
20 0 U -1
21 1 U 20
22 1 U 21
23 0 U 22
24 1 U 23
25 1 U -1
26 1 U 25
27 1 U 20
28 0 U 27
29 0 U 28
30 1 U -1
31 1 U 30
32 1 U 31
33 0 U 32
34
0 1 U -1
1 0 U 0
2 1 L -1
3 1 U 2
4 0 U 3
5 1 U -1
6 1 L 0
7 1 U 6
8 1 U 7
9 0 U 8
10 0 U -1
11 0 U 0
12 0 U 11
13 1 L 1
14 0 U 13
15 1 L 1
16 0 U 15
17 1 U 16
18 0 L 6
19 0 U 18
20 0 U -1
21 1 U 20
22 1 U 21
23 0 U 22
24 1 U 23
25 1 U -1
26 1 U 25
27 1 U 26
28 0 U 27
29 0 U 28
30 1 U -1
31 1 U 30
32 1 U 31
33 0 U 32
34
0 1 U -1
1 0 U 0
2 1 L -1
3 1 U 2
4 0 U 3
5 1 U -1
6 0 L 2
7 1 U 6
8 1 U 7
9 0 L 4
10 0 U -1
11 0 U 10
12 0 U 11
13 1 L 1
14 0 U 13
15 1 U -1
16 0 U 15
17 1 U 16
18 0 U 17
19 0 U 18
20 0 U -1
21 1 U 20
22 1 U 21
23 0 U 22
24 1 U 23
25 1 U -1
26 1 U 25
27 1 U 26
28 0 U 27
29 0 U 28
30 1 L 25
31 1 U 30
32 1 U 31
33 0 U 32
34
0 1 U -1
1 0 U 0
2 1 L -1
3 1 U 2
4 0 U 3
5 1 U -1
6 0 L 2
7 0 L 6
8 1 L 7
9 1 L 2
10 0 U -1
11 0 U 10
12 0 U 11
13 1 L 1
14 0 U 13
15 1 U -1
16 0 U 15
17 1 U 16
18 0 U 17
19 0 U 18
20 0 U -1
21 1 U 20
22 1 U 21
23 0 U 22
24 1 U 23
25 1 U -1
26 1 U 25
27 1 U 26
28 0 U 27
29 0 U 28
30 1 U -1
31 1 U 30
32 1 U 31
33 0 L 24
34
0 1 U -1
1 0 U 0
2 1 L -1
3 1 U 2
4 0 U 3
5 1 U -1
6 0 L 2
7 1 U 6
8 1 U 7
9 0 U 8
10 0 U -1
11 0 U 10
12 0 U 11
13 1 L 1
14 0 U 13
15 1 U -1
16 0 U 15
17 1 U 16
18 0 U 17
19 0 U 18
20 0 U -1
21 1 U 20
22 1 U 21
23 0 U 22
24 1 U 23
25 0 L 23
26 1 U 25
27 1 U 26
28 0 U 27
29 0 U 28
30 1 U -1
31 1 U 30
32 1 U 31
33 0 U 32
34
0 1 U -1
1 0 U 0
2 1 L -1
3 1 U 2
4 0 U 3
5 1 U -1
6 0 L 2
7 1 U 6
8 1 U 7
9 0 U 8
10 0 U -1
11 0 U 10
12 0 U 11
13 1 L 1
14 0 U 13
15 1 U -1
16 0 U 15
17 1 U 16
18 1 U 6
19 0 U 18
20 0 U -1
21 1 U 20
22 1 U 21
23 0 U 22
24 1 U 23
25 1 U -1
26 1 U 25
27 1 U 26
28 0 U 27
29 0 U 28
30 1 U -1
31 1 U 30
32 1 U 31
33 0 U 32
34
0 1 U -1
1 0 U 0
2 1 L -1
3 1 U 2
4 0 U 3
5 0 L 0
6 0 L 2
7 1 U 6
8 1 U 7
9 0 U 8
10 0 U -1
11 0 U 10
12 0 U 11
13 1 L 1
14 0 U 13
15 1 U -1
16 0 U 15
17 1 U 16
18 1 L 10
19 0 U 18
20 0 U -1
21 1 U 20
22 1 U 21
23 0 U 22
24 1 U 23
25 1 U -1
26 1 U 25
27 0 L 8
28 1 L 6
29 0 U 28
30 1 U -1
31 1 U 30
32 1 U 31
33 0 U 32
34
0 1 U -1
1 0 U 0
2 1 L -1
3 1 U 2
4 0 U 3
5 1 U -1
6 0 L 2
7 1 U 6
8 1 U 7
9 0 U 8
10 0 U -1
11 0 U 10
12 0 U 11
13 1 L 1
14 0 U 13
15 1 U -1
16 0 U 15
17 1 U 16
18 0 U 17
19 0 U 18
20 0 U -1
21 1 U 20
22 1 U 21
23 0 U 22
24 1 U 23
25 1 U -1
26 1 U 25
27 1 U 26
28 0 U 27
29 0 U 28
30 1 U -1
31 1 U 30
32 1 U 31
33 0 U 32
34
0 1 U -1
1 0 U 0
2 1 L -1
3 1 U 2
4 0 U 3
5 1 U -1
6 1 U 4
7 1 U 6
8 1 U 7
9 0 U 8
10 0 U -1
11 0 U 10
12 0 U 11
13 1 L 1
14 0 U 3
15 1 U -1
16 0 U 15
17 1 U 13
18 0 U 17
19 0 U 18
20 0 U -1
21 1 U 20
22 1 U 21
23 0 U 22
24 1 U 23
25 1 U -1
26 1 U 25
27 1 U 13
28 0 U 27
29 0 U 28
30 1 U -1
31 1 U 30
32 1 U 31
33 0 U 32
34
0 1 U -1
1 0 U 0
2 1 L -1
3 1 U 2
4 0 U 3
5 1 U -1
6 0 L 2
7 1 U 6
8 0 U 1
9 0 U 8
10 1 U 4
11 0 U 3
12 0 U 11
13 1 L 1
14 0 U 13
15 1 U 11
16 0 U 15
17 1 U 16
18 0 U 17
19 0 U 18
20 0 U -1
21 1 U 20
22 1 U 21
23 0 U 22
24 1 U 23
25 1 U -1
26 1 U 25
27 1 U 26
28 0 U 27
29 0 U 28
30 1 U -1
31 1 U 0
32 1 U 31
33 0 U 32
34
0 1 U -1
1 0 U 0
2 1 U -1
3 1 U 2
4 0 U 3
5 1 U -1
6 0 L 2
7 1 U 6
8 1 U 7
9 0 U 2
10 0 U -1
11 0 U 10
12 0 U 3
13 1 L 1
14 0 U 13
15 1 U -1
16 0 U 15
17 1 U 16
18 0 U 17
19 0 U 18
20 0 U -1
21 1 U 20
22 1 U 21
23 0 U 22
24 1 U 23
25 1 U -1
26 1 U 25
27 1 U 26
28 0 U 27
29 0 U 28
30 1 U -1
31 1 U 30
32 1 U 31
33 0 U 32
34
0 1 U -1
1 0 U 0
2 1 U -1
3 1 U 2
4 0 U 3
5 1 U -1
6 1 L 1
7 1 U 6
8 1 U 7
9 0 U 2
10 0 U -1
11 0 U 10
12 0 U 3
13 1 L 1
14 0 U 13
15 0 L 10
16 0 U 0
17 1 U 16
18 0 U 17
19 0 U 18
20 0 U -1
21 1 U 20
22 1 U 21
23 0 U 22
24 1 U 23
25 1 U -1
26 1 L 25
27 1 U 26
28 0 U 27
29 0 U 28
30 1 U -1
31 1 U 30
32 1 U 31
33 0 U 32
34
0 1 U -1
1 0 U 0
2 1 U -1
3 1 U 2
4 0 U 3
5 1 U -1
6 0 L 2
7 1 U 6
8 1 U 7
9 1 U 4
10 0 U -1
11 0 U 10
12 0 U 3
13 1 L 1
14 0 U 13
15 1 U -1
16 1 U 15
17 1 U 16
18 0 U 17
19 0 U 18
20 0 U -1
21 1 U 20
22 1 U 21
23 0 U 22
24 1 U 23
25 1 U 7
26 1 U 25
27 1 U 26
28 0 U 27
29 0 U 28
30 1 U -1
31 1 U 30
32 1 U 31
33 0 U 32
34
0 1 U -1
1 0 U 0
2 1 U -1
3 1 U 2
4 0 U 3
5 1 U -1
6 0 L 2
7 1 U 6
8 1 U 7
9 0 U 2
10 0 L 4
11 0 U 10
12 0 U 3
13 1 L 1
14 0 U 13
15 1 U -1
16 0 U 15
17 1 U 16
18 0 U 5
19 0 U 18
20 0 U -1
21 1 U 20
22 1 U 15
23 0 U 22
24 1 U 23
25 1 U -1
26 1 U 25
27 1 U 26
28 0 U 27
29 0 U 28
30 1 U -1
31 1 U 30
32 1 U 31
33 0 U 32
34
0 1 U -1
1 0 U 0
2 1 U -1
3 1 U 2
4 0 U 3
5 1 U -1
6 0 L 2
7 1 U 6
8 1 U 7
9 0 U 2
10 0 U -1
11 0 U 10
12 0 U 3
13 1 L 1
14 0 U 13
15 1 U -1
16 0 U 15
17 1 U 16
18 0 U 17
19 0 U 18
20 0 U -1
21 1 U 20
22 1 U 21
23 0 U 22
24 1 U 23
25 1 U -1
26 1 U 25
27 1 U 26
28 0 U 27
29 0 U 28
30 1 U -1
31 1 U 30
32 1 U 31
33 0 U 32
34
0 1 U -1
1 1 U 0
2 1 U -1
3 1 U 2
4 0 U 3
5 1 U -1
6 0 L 2
7 1 U 6
8 1 U 7
9 0 U 2
10 0 U -1
11 0 U 10
12 0 U 3
13 1 L 1
14 0 U 13
15 1 U -1
16 0 U 15
17 1 U 16
18 0 U 17
19 0 U 10
20 0 U -1
21 1 U 20
22 1 U 21
23 0 U 22
24 1 U 23
25 1 U -1
26 1 U 25
27 1 U 26
28 1 U 11
29 0 U 28
30 1 U -1
31 1 U 30
32 1 U 31
33 0 U 32
34
0 1 U -1
1 0 U 0
2 1 U -1
3 1 U 2
4 0 U 3
5 1 U -1
6 0 L 2
7 1 U 6
8 1 U 7
9 0 U 2
10 0 U -1
11 0 U 10
12 0 U 3
13 1 L 1
14 0 U 13
15 1 U -1
16 0 U 15
17 1 U 16
18 0 U 17
19 0 U 18
20 0 U -1
21 1 U 20
22 1 U 21
23 0 U 22
24 1 U 23
25 1 U -1
26 1 U 25
27 1 U 26
28 0 U 27
29 0 U 28
30 1 U -1
31 1 U 2
32 1 U 31
33 0 U 32
34
0 1 U -1
1 0 U 0
2 1 U -1
3 1 U 2
4 0 U 3
5 1 U -1
6 0 L 2
7 1 U 6
8 1 U 7
9 0 U 2
10 0 U -1
11 0 U 10
12 0 U 3
13 1 L 1
14 0 U 13
15 1 U -1
16 0 U 15
17 1 U 16
18 0 U 17
19 0 U 18
20 0 U -1
21 1 U 20
22 1 U 21
23 0 U 22
24 1 U 23
25 1 U -1
26 1 U 25
27 1 U 26
28 0 U 27
29 0 U 28
30 1 U -1
31 1 U 30
32 1 U 31
33 1 U 21
