58
0 0 U -1
1 1 U 0
2 0 U 1
3 1 U 2
4 0 U 3
5 0 U 4
6 1 U 5
7 1 U -1
8 0 U 7
9 1 U 8
10 1 U 9
11 1 U 10
12 1 U 11
13 0 U 12
14 0 U -1
15 0 U 14
16 1 U 15
17 1 U 16
18 0 U 17
19 0 U 18
20 1 U 19
21 0 U -1
22 1 U 21
23 0 U 22
24 0 U 23
25 1 U 24
26 1 U 25
27 0 U 26
28 0 U -1
29 0 U 28
30 1 U 29
31 1 U 30
32 0 U 31
33 0 U 32
34 0 U 33
35 1 U -1
36 1 U 35
37 0 U 36
38 1 U 37
39 1 U 38
40 1 U 39
41 1 U 40
42 0 U -1
43 0 U 42
44 0 U 43
45 0 U 44
46 1 U 45
47 0 U 46
48 1 U 47
49 0 U -1
50 1 U 49
51 0 U 50
52 1 U 51
53 0 U 52
54 1 U 53
55 1 U 54
56 1 U -1
57 1 U 56
58
0 0 U -1
1 1 U 0
2 0 U 1
3 1 U 2
4 0 U 3
5 0 U -1
6 1 U 5
7 1 U -1
8 0 U 7
9 1 U 8
10 1 U 9
11 1 U 10
12 1 U 11
13 0 U 12
14 0 U -1
15 0 U 14
16 1 U 15
17 0 U 9
18 0 U 17
19 0 U 18
20 1 U 19
21 1 L -1
22 1 L 4
23 1 U 19
24 0 U 3
25 1 U 24
26 1 U 25
27 0 U 12
28 0 U -1
29 0 U 28
30 1 U 29
31 1 U 30
32 0 U 31
33 0 U 32
34 0 U 33
35 1 U -1
36 1 U 35
37 0 U 36
38 1 U 37
39 1 U 38
40 1 U 39
41 1 U 40
42 0 U 16
43 0 U 29
44 0 U 43
45 0 U 44
46 1 U 45
47 0 U 46
48 1 U 47
49 0 U -1
50 1 U 49
51 0 U 50
52 1 U 38
53 0 U 52
54 1 U 53
55 1 U 54
56 1 U -1
57 1 U 56
58
0 0 U -1
1 1 U 0
2 1 U -1
3 0 U 2
4 1 L -1
5 0 U -1
6 1 U 5
7 1 U -1
8 0 U 7
9 1 U 8
10 1 U 9
11 1 U 10
12 1 U 11
13 0 U 4
14 0 U -1
15 1 U 4
16 1 U 15
17 1 U 0
18 0 U 17
19 0 U 18
20 1 U 19
21 1 L -1
22 1 U 4
23 1 U 19
24 0 U 3
25 1 U 24
26 1 U 25
27 0 U 12
28 0 U -1
29 0 U 28
30 1 U 29
31 1 U 30
32 0 U 31
33 0 U 32
34 0 U 33
35 1 U -1
36 1 U 35
37 0 U 36
38 1 U 37
39 1 U 38
40 1 U 39
41 1 U 40
42 0 L 13
43 0 U 29
44 0 U 43
45 0 U 44
46 1 U 45
47 0 U 46
48 1 U 47
49 1 U 30
50 1 U 49
51 0 U 50
52 1 U 38
53 0 U 52
54 1 U 53
55 1 U 54
56 1 U -1
57 1 U 56
58
0 0 U -1
1 1 U 0
2 0 U 1
3 1 U 2
4 0 U 3
5 0 U -1
6 1 U 5
7 1 U -1
8 0 U 7
9 1 U 8
10 1 U 9
11 1 U 10
12 1 U 11
13 0 U 12
14 0 U -1
15 0 U 14
16 1 U 15
17 0 U 9
18 0 U 3
19 0 U 18
20 1 U 19
21 1 L 14
22 1 L 4
23 1 U 19
24 0 U 3
25 1 U 24
26 1 U 25
27 0 U 12
28 0 U -1
29 0 U 28
30 1 U 29
31 1 U 30
32 1 L 15
33 0 U 32
34 0 U 33
35 1 U -1
36 1 U 35
37 0 U 36
38 1 U 37
39 1 U 38
40 1 U 39
41 1 U 40
42 1 U 10
43 0 U 29
44 0 U 43
45 0 U 44
46 1 U 45
47 0 U 46
48 1 U 47
49 0 U -1
50 1 U 49
51 0 U 50
52 1 U 38
53 0 U 52
54 1 U 53
55 1 U 54
56 1 U -1
57 1 U 56
58
0 0 U -1
1 1 U 0
2 0 U 1
3 1 U 2
4 0 U 3
5 0 U -1
6 1 U 5
7 1 U -1
8 0 U 7
9 1 U 8
10 1 U 9
11 1 U 10
12 1 U 11
13 0 U 12
14 0 U -1
15 0 U 14
16 1 U 15
17 0 U 9
18 0 U 17
19 0 U 18
20 1 U 19
21 1 L -1
22 1 L 4
23 1 U 19
24 0 U 3
25 1 U 24
26 1 U 25
27 0 U 12
28 0 U -1
29 0 U 28
30 1 U 24
31 1 U 30
32 0 U 31
33 0 U 32
34 0 U 33
35 1 U -1
36 1 U 35
37 0 U 36
38 1 U 37
39 1 U 38
40 1 U 39
41 1 U 40
42 0 U 16
43 0 U 29
44 0 U 43
45 0 U 44
46 0 L 45
47 0 U 46
48 1 L 1
49 0 U -1
50 1 U 49
51 0 U 50
52 1 U 38
53 0 U 52
54 1 U 53
55 1 U 54
56 1 U -1
57 1 U 56
58
0 0 U -1
1 1 U 0
2 0 U 1
3 1 U 2
4 0 U 3
5 0 U -1
6 1 U 5
7 1 U -1
8 0 U 7
9 1 U 8
10 0 L 2
11 1 U 10
12 1 U 11
13 0 U 4
14 0 U -1
15 0 U 14
16 1 U 15
17 0 U 9
18 0 U 17
19 0 U 18
20 1 L 10
21 1 L -1
22 1 L 4
23 1 U 19
24 0 U 3
25 1 U 24
26 1 U 25
27 0 U 12
28 0 U -1
29 0 U 28
30 1 U 29
31 1 U 30
32 0 U 31
33 0 U 32
34 0 U 33
35 1 U -1
36 1 U 35
37 0 U 36
38 1 L 21
39 1 U 38
40 1 U 39
41 1 U 40
42 0 U 16
43 0 U 29
44 0 U 43
45 0 U 44
46 1 U 45
47 0 U 46
48 0 U 10
49 0 U -1
50 1 U 49
51 0 L 3
52 1 U 38
53 0 U 52
54 1 U 53
55 1 U 54
56 1 U -1
57 1 U 56
58
0 1 U -1
1 1 U 0
2 0 U 1
3 1 U 2
4 0 U 3
5 0 U -1
6 1 U 5
7 1 L 5
8 0 U 7
9 1 L 8
10 1 U 9
11 1 U 10
12 1 U 11
13 0 U 12
14 0 U -1
15 0 U 14
16 1 U 15
17 0 U 9
18 0 U 17
19 0 U 18
20 1 U 19
21 0 L 9
22 1 L 4
23 1 U 19
24 0 U 3
25 1 U 24
26 1 U 25
27 0 U 12
28 0 U -1
29 0 U 28
30 1 U 29
31 1 U 30
32 0 U 31
33 0 U 32
34 0 U 33
35 1 U -1
36 1 U 35
37 0 U 36
38 1 U 37
39 1 U 38
40 1 U 39
41 1 U 40
42 0 U 16
43 0 U 29
44 0 U 43
45 0 U 44
46 1 U 45
47 0 U 46
48 0 U 46
49 0 U -1
50 1 U 49
51 0 U 50
52 1 U 38
53 0 U 52
54 1 U 53
55 1 U 54
56 1 U -1
57 1 U -1
58
0 0 U -1
1 1 U 0
2 0 U 1
3 1 U 2
4 0 U 3
5 0 U -1
6 1 U 5
7 1 U -1
8 0 U 7
9 1 U 8
10 1 U 9
11 1 U 10
12 1 U 11
13 0 U 4
14 0 U -1
15 0 U 14
16 1 U 15
17 0 U 9
18 0 U 17
19 0 U 12
20 1 U 19
21 1 L -1
22 1 L 4
23 1 U 19
24 0 U 3
25 1 U 24
26 1 U 25
27 1 L 19
28 0 U -1
29 0 U 28
30 1 U 29
31 1 U 30
32 0 U 31
33 0 U 32
34 1 U 27
35 1 U -1
36 1 U 35
37 0 U 36
38 1 U 37
39 1 U 38
40 1 U 39
41 1 U 40
42 0 U 16
43 0 U 29
44 0 U 43
45 0 U 44
46 1 U 45
47 0 U 46
48 1 U 47
49 0 U -1
50 1 U 49
51 0 L 22
52 1 L 26
53 0 U 52
54 0 L 26
55 1 U 54
56 1 U -1
57 1 U 56
58
0 0 U -1
1 1 U 0
2 0 U 1
3 1 U 2
4 0 U 3
5 0 U -1
6 1 U 5
7 1 U -1
8 0 U 7
9 1 U 7
10 1 U 9
11 1 U 10
12 1 U 11
13 0 U 10
14 0 U -1
15 0 U 14
16 1 U 15
17 0 U 9
18 0 U 17
19 0 U 18
20 1 U 19
21 1 L -1
22 1 L 4
23 1 U 19
24 0 U 3
25 1 U 24
26 1 U 25
27 0 U 12
28 0 U -1
29 0 U 28
30 0 L 23
31 1 U 30
32 0 U -1
33 0 U 32
34 0 U 33
35 1 U -1
36 1 U 35
37 0 U 36
38 1 U 37
39 0 U -1
40 1 U 39
41 1 U 40
42 0 U 16
43 0 U 29
44 0 U 43
45 0 U 44
46 1 U 45
47 0 U 46
48 1 U 47
49 0 U -1
50 1 U 49
51 0 U 50
52 1 U 38
53 0 U 52
54 1 U 53
55 1 U 54
56 1 U -1
57 1 U 56
58
0 0 U -1
1 1 U 0
2 0 U 1
3 1 U 2
4 0 U 3
5 0 U -1
6 1 U 5
7 1 U -1
8 0 U 0
9 1 U 8
10 1 U 9
11 1 U 10
12 1 U 11
13 0 U 12
14 1 L 2
15 0 U 14
16 1 U 15
17 0 U 9
18 1 L 17
19 0 U 18
20 1 U 19
21 1 L -1
22 1 L 4
23 1 U 19
24 0 U 3
25 1 U 24
26 1 U 25
27 0 U 12
28 0 U -1
29 0 U 28
30 1 U 29
31 1 U 30
32 0 U 31
33 0 U 32
34 0 U 33
35 1 U -1
36 1 U 35
37 0 U 36
38 1 U 37
39 1 U 38
40 1 U 39
41 1 U 40
42 0 U 16
43 0 U 29
44 0 U 43
45 0 U 44
46 1 U 45
47 0 U 46
48 1 U 8
49 0 U -1
50 1 U 49
51 0 U 50
52 1 U 0
53 0 U 52
54 1 U 53
55 1 U 54
56 1 U -1
57 1 U 56
58
0 0 U -1
1 1 U 0
2 1 L 1
3 1 U 2
4 0 U 3
5 0 U -1
6 1 U 5
7 1 U -1
8 0 U 7
9 1 U 8
10 1 U 9
11 1 U 10
12 1 U 11
13 0 U 12
14 0 U -1
15 0 U 14
16 1 U 15
17 1 L 11
18 0 U 17
19 0 U 18
20 1 U 19
21 0 U 7
22 1 L 4
23 1 U 19
24 0 U 3
25 1 U 24
26 1 U 25
27 0 U 12
28 0 U -1
29 0 U 28
30 1 U 29
31 1 U 30
32 0 U 31
33 0 U 32
34 0 U 33
35 1 U -1
36 1 U 35
37 0 U 36
38 1 U 37
39 1 U 38
40 1 U 39
41 1 U 40
42 0 U 16
43 0 U 29
44 0 U 43
45 0 U 44
46 1 U 45
47 0 U 46
48 1 U 47
49 0 U -1
50 1 U 49
51 0 U 50
52 1 U 38
53 0 U 52
54 1 U 53
55 1 U 54
56 1 U -1
57 1 L 43
58
0 0 U -1
1 0 L -1
2 0 U 1
3 1 U 2
4 0 U 3
5 0 U -1
6 1 U 5
7 1 U -1
8 0 U 7
9 1 U 8
10 1 U 9
11 1 U 3
12 1 U 11
13 1 U 12
14 0 U -1
15 0 U 14
16 1 U 15
17 0 U 9
18 0 U 17
19 0 U 18
20 1 U 19
21 1 L -1
22 1 L 4
23 1 U 19
24 0 U 3
25 1 U 24
26 1 U 25
27 0 L 8
28 0 U -1
29 0 U 28
30 1 U 29
31 1 U 30
32 0 U 31
33 0 U 32
34 0 U 33
35 1 U -1
36 1 U 35
37 0 U 36
38 1 U 37
39 1 U 38
40 0 U 39
41 1 U 40
42 0 U 16
43 0 U 29
44 0 U 43
45 0 U 44
46 1 U 45
47 0 U 46
48 1 U 47
49 0 U -1
50 1 U 49
51 0 U 50
52 1 U 38
53 0 U 52
54 1 U 53
55 1 U 54
56 1 U -1
57 1 U 56
58
0 0 U -1
1 1 U 0
2 0 U 1
3 1 U 2
4 0 U 3
5 0 U -1
6 1 U 5
7 1 U -1
8 0 U 7
9 1 U 8
10 1 U 9
11 1 U 10
12 1 U 11
13 0 U 7
14 1 U 4
15 0 U 14
16 1 U 15
17 0 U 9
18 0 U 17
19 0 U 18
20 1 U 19
21 1 L -1
22 1 L 4
23 1 U 19
24 0 L -1
25 1 U 24
26 1 U 25
27 0 U 12
28 1 U 9
29 0 U 28
30 1 U 29
31 1 L 18
32 0 U 31
33 0 U 32
34 0 L 4
35 1 U -1
36 1 U 35
37 0 U 36
38 0 L 33
39 1 U 38
40 1 U 39
41 1 U 40
42 0 U 16
43 0 U 29
44 0 U 43
45 0 U 44
46 1 U 45
47 0 U 46
48 1 U 47
49 0 U -1
50 1 U 49
51 0 U 50
52 1 U 38
53 0 U 52
54 1 U 53
55 1 U 54
56 1 U -1
57 1 U 56
58
0 1 U -1
1 1 U 0
2 0 L 0
3 1 U 2
4 0 U 3
5 0 L 2
6 1 U 5
7 1 U -1
8 0 U 7
9 1 U 8
10 0 L 1
11 1 U 10
12 1 U 11
13 1 U 2
14 0 U -1
15 0 U 14
16 1 U 15
17 0 U 9
18 0 U 17
19 0 U 18
20 1 U 19
21 1 L -1
22 1 L 4
23 1 U 19
24 0 U 3
25 0 U 1
26 1 U 19
27 0 U 12
28 0 U -1
29 0 U 28
30 1 U 29
31 1 U 30
32 0 U 31
33 0 U 32
34 0 U 33
35 0 L 7
36 1 U 35
37 0 U 12
38 1 U 37
39 1 U 38
40 1 U 39
41 1 U 3
42 0 U 16
43 0 U 29
44 0 U 43
45 0 U 44
46 1 U 45
47 0 U 46
48 1 U 47
49 0 U -1
50 1 U 49
51 1 U 36
52 1 U 38
53 0 U 52
54 1 U 53
55 0 L 50
56 1 U -1
57 1 U 56
58
0 0 U -1
1 1 U 0
2 1 U -1
3 1 U 2
4 0 U 3
5 0 U -1
6 1 U 5
7 1 U -1
8 0 U 7
9 0 U 6
10 1 U 9
11 0 U 4
12 1 U 11
13 0 U 12
14 0 U -1
15 0 U 14
16 1 U 15
17 0 U 9
18 0 U 17
19 0 U 18
20 1 L 5
21 1 L -1
22 1 L 4
23 1 U 21
24 0 U 3
25 1 U 24
26 1 U 25
27 0 U 12
28 0 U -1
29 0 U 28
30 1 U 29
31 1 L 23
32 0 U 31
33 0 U 32
34 0 U 33
35 1 U -1
36 1 U 35
37 0 U 36
38 1 U 37
39 1 U 38
40 1 U 39
41 1 U 40
42 0 U 16
43 0 U 29
44 0 U 43
45 0 U 44
46 1 L 29
47 0 U 46
48 1 U 47
49 0 U -1
50 1 U 49
51 1 U 25
52 1 U 38
53 0 U 52
54 1 U 53
55 1 U 54
56 1 U -1
57 1 U 56
58
0 0 U -1
1 1 U 0
2 0 U 1
3 1 U 2
4 1 U 1
5 0 U -1
6 1 U 5
7 1 U 2
8 0 U 7
9 0 U 1
10 1 U 9
11 1 U 10
12 1 U 11
13 1 L 9
14 0 U -1
15 0 U 14
16 1 U 15
17 0 U 9
18 0 U 17
19 0 U 18
20 1 U 19
21 1 L -1
22 1 U 12
23 1 U 19
24 0 U 3
25 1 U 24
26 1 L 11
27 0 U 12
28 0 U -1
29 0 U 28
30 1 U 29
31 1 U 30
32 0 U 31
33 0 U 32
34 0 U 33
35 1 L -1
36 1 U 35
37 0 U 36
38 1 U 31
39 1 U 38
40 1 U 39
41 1 U 40
42 0 U 16
43 0 U 29
44 0 U 43
45 0 U 44
46 1 U 45
47 0 U 46
48 1 U 47
49 0 U -1
50 1 U 49
51 0 U 50
52 1 U 38
53 0 U 52
54 1 U 53
55 1 U 54
56 1 U -1
57 1 U 56
58
0 0 U -1
1 1 U 0
2 1 L -1
3 1 U 2
4 0 U 3
5 0 U -1
6 1 U 5
7 1 U -1
8 0 U 7
9 1 U 8
10 1 U 9
11 1 L 6
12 1 U 11
13 0 U 12
14 0 U -1
15 0 U 14
16 1 U 15
17 0 U 9
18 0 U 17
19 0 U 18
20 1 U 9
21 1 L -1
22 1 L 4
23 1 U 19
24 0 U 3
25 1 U 24
26 1 U 25
27 0 U 12
28 0 U -1
29 0 U 28
30 1 U 29
31 1 U 30
32 0 U 31
33 0 U 32
34 0 U 33
35 1 U -1
36 1 U 35
37 0 U 36
38 1 U 37
39 1 U 38
40 1 U 39
41 1 U 0
42 0 U 16
43 0 U 29
44 0 U 43
45 0 L 10
46 1 U 45
47 0 U 46
48 0 U 42
49 0 U -1
50 1 U 49
51 0 U 50
52 1 U 38
53 0 U 52
54 1 U 53
55 1 U 54
56 1 U -1
57 1 U 56
58
0 0 U -1
1 0 L 0
2 0 U 1
3 1 U 2
4 0 U 3
5 0 U -1
6 1 U 5
7 1 U -1
8 0 U 7
9 1 U 8
10 1 U 9
11 1 U 10
12 1 U 11
13 0 U 12
14 0 U -1
15 0 U 14
16 1 U 15
17 0 U 9
18 0 U 17
19 0 U 18
20 1 U 4
21 1 L -1
22 1 L 4
23 1 U 19
24 0 U 3
25 1 U 24
26 1 U 11
27 0 U 12
28 0 U -1
29 0 U 5
30 1 U 29
31 1 U 30
32 0 U 31
33 0 U 32
34 0 U 33
35 1 U -1
36 1 U 35
37 0 U 36
38 1 U 37
39 1 U 38
40 1 L 4
41 1 U 40
42 0 U 16
43 1 U 8
44 0 U 43
45 0 U 44
46 1 U 45
47 0 U 46
48 1 U 47
49 0 U -1
50 1 U 49
51 0 U 50
52 1 U 38
53 0 U 52
54 1 U 53
55 1 U 54
56 1 U -1
57 1 U 56
58
0 0 U -1
1 1 U 0
2 0 U 1
3 1 U 2
4 0 U 3
5 0 U -1
6 1 U -1
7 1 U -1
8 1 L 2
9 0 L 3
10 0 L 2
11 1 U 10
12 0 U 1
13 0 U 12
14 1 L 6
15 0 U 14
16 1 U 15
17 0 U 9
18 0 U 17
19 0 U 18
20 1 U 19
21 1 L -1
22 1 L 4
23 1 U 19
24 0 U 3
25 1 U 24
26 1 U 25
27 0 U 16
28 0 U -1
29 0 U 28
30 0 L -1
31 1 U 30
32 0 U 31
33 0 L 32
34 0 U 33
35 1 U -1
36 1 U 35
37 0 U 36
38 1 U 37
39 1 U 38
40 0 U 36
41 1 U 40
42 0 U 16
43 0 U 29
44 0 U 43
45 0 U 44
46 1 U 45
47 0 U 46
48 1 U 47
49 1 U 40
50 1 U 49
51 0 U 50
52 1 U 38
53 0 U 52
54 1 U 53
55 1 U 54
56 1 U -1
57 1 U 56
58
0 0 U -1
1 1 U 0
2 0 U 1
3 1 L -1
4 0 U 3
5 0 U -1
6 1 U 1
7 1 U -1
8 1 L 2
9 0 L 3
10 0 L 2
11 1 U 10
12 0 U 1
13 0 U 12
14 1 L 6
15 0 U 14
16 1 U 15
17 1 U 11
18 0 U 17
19 0 U 18
20 1 U 19
21 1 L -1
22 0 L 19
23 1 U 19
24 0 U 3
25 1 U 24
26 1 U 25
27 0 U 16
28 0 U -1
29 0 L 5
30 0 L -1
31 1 U 20
32 1 L 30
33 0 L 32
34 0 U 33
35 1 U -1
36 1 U 35
37 1 U 34
38 1 U 37
39 1 U 38
40 0 U 36
41 1 U 40
42 1 L 39
43 0 U 29
44 0 U 43
45 0 U 44
46 1 U 45
47 0 U 46
48 1 U 47
49 1 U 40
50 0 U 16
51 0 U 50
52 1 U 38
53 0 U 52
54 1 U 53
55 1 U 1
56 1 U -1
57 1 U 56
58
0 0 U -1
1 1 U 0
2 0 U 1
3 1 U 2
4 0 U 3
5 0 U -1
6 0 U 2
7 1 U -1
8 0 U 5
9 0 U 2
10 0 L 2
11 1 U 10
12 0 U 1
13 0 L 5
14 1 U 7
15 0 U 14
16 1 U 15
17 0 U 15
18 0 U 17
19 0 U 18
20 1 U 19
21 1 L -1
22 0 U 13
23 1 U 19
24 0 U 3
25 1 U 24
26 1 U 25
27 0 U 16
28 0 U -1
29 1 U 22
30 0 L -1
31 1 U 30
32 0 U 31
33 0 L 32
34 1 L -1
35 1 U -1
36 1 U 35
37 0 U 36
38 1 U 37
39 1 U 38
40 0 U 36
41 1 U 40
42 0 U 16
43 0 U 29
44 0 U 43
45 0 U 44
46 1 U 45
47 0 U 46
48 1 U 47
49 1 U 40
50 1 U 49
51 0 U 50
52 1 U 3
53 0 U 52
54 1 U 53
55 1 U 54
56 1 U -1
57 1 U 56
58
0 0 U -1
1 1 U 0
2 0 L -1
3 1 U 2
4 0 U 3
5 0 U -1
6 1 U -1
7 1 U -1
8 1 L 2
9 0 L 3
10 0 L 2
11 1 U 10
12 0 U 1
13 0 U 12
14 1 L 6
15 0 U 14
16 1 U 15
17 0 U 9
18 1 U 13
19 0 U 18
20 1 U 19
21 1 L -1
22 1 L 4
23 1 U 19
24 0 U 3
25 1 U 24
26 1 U 25
27 0 U 16
28 0 U -1
29 0 U 28
30 0 L 18
31 1 U 30
32 0 U 31
33 0 L 32
34 0 U 33
35 1 U -1
36 1 U 35
37 0 U 36
38 1 U 37
39 1 U 38
40 0 U 36
41 1 L 2
42 0 L 19
43 0 U 29
44 0 U 43
45 0 U 44
46 1 U 45
47 0 U 46
48 1 U 47
49 1 U 40
50 1 U 49
51 0 U 50
52 1 U 38
53 0 U 52
54 1 U 53
55 1 U 54
56 1 U -1
57 1 U 56
58
0 0 U -1
1 1 U 0
2 0 U 1
3 1 U 2
4 0 U 3
5 1 L 0
6 1 U -1
7 1 U -1
8 1 L 2
9 0 L 3
10 0 L 2
11 1 U 1
12 0 U 1
13 0 U 12
14 1 L 6
15 0 U 14
16 1 U 15
17 0 U 9
18 0 U 17
19 0 U 18
20 1 U 19
21 1 L -1
22 1 L 4
23 1 U 19
24 0 U 3
25 1 U 24
26 1 U 25
27 0 U 16
28 0 U -1
29 0 U 28
30 0 L -1
31 0 L 21
32 0 U 31
33 0 L 32
34 0 U 33
35 1 U -1
36 1 U 35
37 0 L 10
38 1 U 37
39 1 U 38
40 0 U 36
41 1 U 40
42 0 U 16
43 0 U 29
44 0 U 43
45 0 U 44
46 1 U 45
47 0 U 46
48 1 U 47
49 1 U 40
50 1 U 49
51 0 U 50
52 0 U 23
53 0 U 52
54 1 U 53
55 1 U 54
56 1 U -1
57 1 U 56
58
0 0 U -1
1 1 U 0
2 0 U 1
3 1 U 2
4 0 U 3
5 0 U -1
6 0 L 5
7 1 U -1
8 1 L 2
9 0 L 3
10 0 L 2
11 1 U 10
12 0 U 1
13 0 U 12
14 1 L 6
15 0 U 14
16 1 U 15
17 0 U 9
18 0 U 17
19 1 L 1
20 1 U 19
21 1 L -1
22 1 L 4
23 1 U 19
24 0 U 3
25 1 U 24
26 1 U 25
27 0 U 16
28 0 U -1
29 0 U 28
30 0 L -1
31 1 U 30
32 0 U 31
33 0 L 32
34 0 U 12
35 1 U -1
36 1 U 35
37 0 U 36
38 1 U 37
39 1 U 38
40 0 U 36
41 1 U 40
42 1 U 41
43 0 U 29
44 1 L 17
45 0 U 44
46 1 U 45
47 0 U 46
48 1 U 47
49 1 U 40
50 1 U 49
51 0 U 50
52 1 U 38
53 0 U 52
54 1 L 9
55 1 U 54
56 1 U -1
57 1 U 56
58
0 0 U -1
1 1 U 0
2 0 U 1
3 1 U 2
4 0 U 3
5 1 L -1
6 1 U -1
7 1 U -1
8 1 L 2
9 0 L -1
10 0 L 2
11 1 U 10
12 1 L 1
13 0 U 12
14 1 L 6
15 0 U 14
16 1 U 15
17 0 U 9
18 0 U 17
19 0 U 18
20 1 U 19
21 1 L -1
22 1 L 4
23 1 U 19
24 0 U 3
25 1 U 24
26 1 U 25
27 0 U 16
28 0 U -1
29 0 U 28
30 0 L -1
31 1 U 30
32 0 U 31
33 0 L 32
34 0 U 33
35 1 U -1
36 1 U 35
37 0 U 36
38 1 U 37
39 1 U 38
40 0 U 36
41 1 U 40
42 0 U 16
43 0 U 29
44 0 U 43
45 0 U 44
46 1 U 45
47 0 U 46
48 1 U 47
49 1 U 40
50 1 U 49
51 0 U 50
52 1 U 38
53 0 U 52
54 1 U 53
55 1 U 54
56 1 U -1
57 1 U 56
58
0 0 U -1
1 1 U 0
2 0 U 1
3 1 U 2
4 0 U 3
5 0 U -1
6 1 U -1
7 1 U -1
8 1 L 2
9 0 L 3
10 0 L 2
11 1 U 10
12 0 U 1
13 0 U 12
14 1 L 6
15 0 U 14
16 1 U 15
17 0 L 10
18 1 U 14
19 0 U 18
20 1 U 19
21 1 L -1
22 1 L 4
23 1 U 19
24 0 U 3
25 1 U 24
26 1 U 25
27 0 U 16
28 0 U -1
29 0 U 28
30 0 L -1
31 1 U 30
32 0 U 31
33 0 L 32
34 0 U 33
35 1 U -1
36 1 U 35
37 0 U 36
38 1 U 37
39 1 U 38
40 0 U 36
41 1 U 40
42 0 U 16
43 0 U 29
44 0 U 43
45 0 U 44
46 1 U 45
47 0 U 46
48 1 U 47
49 1 U 40
50 1 U 49
51 0 U 50
52 1 U 38
53 0 U 52
54 1 U 53
55 1 U 54
56 1 U -1
57 0 L 52
58
0 0 U -1
1 1 U 0
2 0 U 1
3 1 U 2
4 0 U 3
5 0 U -1
6 1 U -1
7 1 U -1
8 1 L 2
9 0 U 6
10 0 L 2
11 1 U 10
12 0 U 1
13 0 U 12
14 1 U 5
15 0 U 14
16 1 U 15
17 0 U 9
18 0 U 17
19 0 U 18
20 1 U 19
21 1 L -1
22 1 L 4
23 1 U 19
24 0 U 3
25 1 U 24
26 1 U 25
27 0 U 16
28 0 U -1
29 0 U 28
30 0 L -1
31 1 U 30
32 0 U 31
33 0 L 32
34 0 U 33
35 1 U -1
36 1 U 35
37 0 U 36
38 1 U 37
39 1 U 38
40 0 U 36
41 1 U 40
42 0 U 16
43 0 U 29
44 0 U 43
45 0 U 44
46 1 U 45
47 0 U 46
48 1 U 47
49 0 U 41
50 1 U 49
51 0 U 50
52 1 U 38
53 0 U 52
54 1 U 53
55 1 U 54
56 1 U -1
57 1 U 56
58
0 0 U -1
1 1 U 0
2 0 U 1
3 1 U 2
4 0 U 3
5 0 U -1
6 1 U -1
7 1 U -1
8 1 L 2
9 0 L 3
10 0 L 2
11 1 U 6
12 0 U 1
13 0 U 12
14 1 L 6
15 0 U 14
16 1 U 15
17 1 U 12
18 0 U 17
19 0 U 18
20 1 U 19
21 1 L -1
22 1 L 4
23 1 U 19
24 0 U 3
25 1 U 24
26 1 U 25
27 0 U 16
28 0 U -1
29 0 U 28
30 0 L -1
31 1 U 30
32 0 U 31
33 0 L 32
34 0 U 33
35 1 U 12
36 1 U 35
37 0 U 36
38 1 U 37
39 1 U 38
40 0 U 36
41 1 U 40
42 0 U 16
43 0 U 29
44 0 U 43
45 0 U 44
46 1 U 45
47 0 U 46
48 1 U 47
49 1 U 40
50 0 L 18
51 0 U 50
52 1 U 38
53 0 U 52
54 1 U 53
55 1 U 54
56 1 U -1
57 1 U 56
58
0 0 L -1
1 1 U 0
2 0 U 1
3 0 U 1
4 0 U 3
5 0 U -1
6 1 U -1
7 1 U -1
8 1 L 2
9 0 L 3
10 1 U 9
11 0 L 7
12 0 U 1
13 0 U 12
14 1 L 6
15 0 U 14
16 1 U 15
17 0 U 9
18 1 L 8
19 0 U 18
20 1 U 19
21 1 L -1
22 1 L 4
23 1 L 7
24 0 U 3
25 1 U 24
26 1 U 25
27 0 U 16
28 0 U -1
29 0 U 28
30 0 L -1
31 1 U 30
32 0 U 31
33 0 L 32
34 0 U 33
35 1 U -1
36 1 U 35
37 0 U 36
38 1 U 37
39 1 U 38
40 0 U 36
41 1 U 40
42 0 U 16
43 0 U 29
44 0 U 43
45 0 U 44
46 1 U 45
47 0 U 46
48 1 U 47
49 1 L 37
50 1 U 49
51 0 U 50
52 1 U 38
53 0 U 52
54 1 U 53
55 1 U 54
56 1 U -1
57 1 U 56
58
0 0 U -1
1 1 U 0
2 0 U 1
3 1 U 2
4 0 U 3
5 0 U -1
6 1 U -1
7 1 U -1
8 1 L 2
9 0 L 3
10 0 L 2
11 1 U 10
12 0 U 1
13 0 U 12
14 0 U 10
15 0 U 14
16 1 U 15
17 0 U 9
18 0 U 17
19 0 U 18
20 1 U 19
21 1 L -1
22 1 L 4
23 0 L 9
24 0 U 3
25 1 U 24
26 1 L 2
27 0 U 16
28 1 L 4
29 0 U 28
30 1 U 3
31 1 U 30
32 0 U 31
33 0 L 32
34 1 U 0
35 1 U -1
36 1 U 35
37 0 U 36
38 1 U 37
39 1 L 1
40 0 U 36
41 1 U 40
42 0 U 16
43 0 U 29
44 0 U 43
45 0 U 44
46 1 U 45
47 0 U 46
48 1 U 47
49 1 U 40
50 1 U 49
51 0 U 50
52 1 U 38
53 0 U 52
54 1 U 53
55 1 U 54
56 1 U -1
57 1 U 56
58
0 0 U -1
1 1 U 0
2 0 U 1
3 1 U 2
4 0 U 3
5 0 U -1
6 1 U -1
7 1 U -1
8 1 L 2
9 0 L 3
10 0 L 2
11 1 U 10
12 0 U 1
13 0 U 12
14 1 L 6
15 0 U 14
16 1 U 15
17 0 U 9
18 0 U 17
19 0 U 18
20 1 U 19
21 1 L -1
22 1 L 4
23 0 L 17
24 0 U 3
25 1 U 24
26 1 U 25
27 0 U 16
28 0 U -1
29 0 U 28
30 0 L -1
31 1 U 30
32 0 U 31
33 0 L 32
34 0 U 33
35 1 U -1
36 1 U 35
37 0 U 36
38 0 L 36
39 1 U 38
40 0 U 36
41 1 U 6
42 0 U 16
43 0 U 29
44 0 U 43
45 0 U 44
46 1 U 45
47 0 U 46
48 1 U 47
49 1 U 40
50 1 U 49
51 0 U 50
52 1 U 38
53 0 U 52
54 1 U 53
55 1 U 54
56 1 U -1
57 1 U 56
58
0 0 U -1
1 1 U 0
2 0 U 1
3 1 U 2
4 0 U 3
5 0 U -1
6 1 L 1
7 0 U 6
8 1 L 2
9 0 L 3
10 0 U 8
11 1 U 10
12 0 U 1
13 0 U 12
14 1 L 6
15 0 U 14
16 0 U 1
17 0 U 9
18 0 U 17
19 0 U 18
20 1 U 19
21 1 L -1
22 1 L 4
23 1 U 19
24 0 U 3
25 1 U 24
26 1 U 25
27 0 U 16
28 0 U -1
29 0 U 28
30 0 L -1
31 1 U 30
32 0 U 31
33 0 L 32
34 0 U 33
35 1 U -1
36 1 U 35
37 0 U 36
38 1 U 37
39 0 L 9
40 0 U 36
41 1 U 40
42 0 U 16
43 1 U 29
44 0 U 43
45 1 U 27
46 1 U 45
47 0 U 46
48 1 U 47
49 1 U 40
50 1 U 49
51 0 U 50
52 1 U 38
53 0 U 52
54 1 U 53
55 1 U 54
56 1 U -1
57 1 U 56
58
0 0 U -1
1 1 U 0
2 0 U 1
3 1 U 2
4 0 U 3
5 0 U -1
6 1 U -1
7 1 U -1
8 1 L 2
9 0 L 3
10 0 L 2
11 1 U 10
12 0 U 1
13 0 U 12
14 1 L 6
15 0 U 14
16 1 U 15
17 0 U 9
18 0 U 17
19 0 U 18
20 1 U 19
21 1 L -1
22 1 L 4
23 1 U 19
24 0 U 3
25 1 U 24
26 1 U 25
27 0 U 16
28 0 U -1
29 0 U 28
30 0 L -1
31 1 U 30
32 0 U 31
33 0 L 32
34 0 U 33
35 1 U -1
36 1 U 35
37 0 U 36
38 1 U 37
39 1 U 38
40 0 U 36
41 1 U 40
42 0 U 16
43 0 U 29
44 0 U 43
45 0 L 14
46 1 U 45
47 0 U 46
48 1 U 47
49 1 U 40
50 1 U 49
51 0 U 50
52 1 U 38
53 0 U 52
54 1 U 53
55 1 U 54
56 1 U -1
57 1 U 56
58
0 0 U -1
1 1 U 0
2 0 U 1
3 0 L 0
4 0 U 3
5 0 U -1
6 1 U -1
7 1 U -1
8 1 L 2
9 0 L 3
10 0 L 2
11 1 U 10
12 0 U 7
13 0 U 12
14 1 L 6
15 0 U 14
16 1 L 13
17 0 U 9
18 0 U 17
19 0 U 18
20 1 U 19
21 1 L -1
22 1 L 4
23 1 U 19
24 1 U 7
25 1 U 24
26 1 U 25
27 0 U 16
28 0 U -1
29 0 U 28
30 0 L -1
31 1 U 30
32 0 U 31
33 0 U 32
34 0 U 33
35 1 U -1
36 1 U 35
37 1 L 33
38 1 U 37
39 1 U 38
40 0 U 36
41 1 U 40
42 0 U 16
43 0 U 29
44 0 U 43
45 0 U 44
46 1 U 45
47 0 U 46
48 1 U 47
49 1 U 40
50 1 U 49
51 0 L 44
52 1 U 38
53 0 U 52
54 1 U 53
55 1 U 54
56 1 U -1
57 1 U 56
58
0 0 U -1
1 1 U 0
2 0 U 1
3 1 U 2
4 0 U 2
5 0 U -1
6 1 U -1
7 1 U -1
8 1 L 2
9 0 L 3
10 0 L 2
11 1 U 10
12 0 U 1
13 0 U 12
14 1 L 6
15 0 U 14
16 1 U 15
17 0 U 9
18 0 U 17
19 0 U 18
20 1 U 19
21 1 L -1
22 1 L 4
23 1 U 19
24 0 U 3
25 1 U 24
26 1 U 25
27 0 U 16
28 0 U -1
29 0 U 28
30 0 L -1
31 1 U 30
32 0 U 31
33 0 L 32
34 0 U 33
35 1 U -1
36 1 U 35
37 0 U 36
38 1 U 37
39 1 U 38
40 0 U 36
41 0 L 6
42 0 U 16
43 0 U 29
44 0 U 43
45 0 U 44
46 1 L 21
47 0 U 46
48 1 U 47
49 1 U 40
50 1 U 49
51 0 L 31
52 1 U 38
53 0 U 52
54 1 U 53
55 1 U 54
56 1 U -1
57 1 U 56
58
0 0 U -1
1 1 U 0
2 0 U 1
3 1 U 2
4 0 U 3
5 0 U -1
6 1 U -1
7 1 U -1
8 1 L 2
9 0 L 3
10 0 L 2
11 1 U 10
12 0 U 1
13 0 U 12
14 1 L 6
15 0 U 14
16 1 U 15
17 0 U 9
18 0 U 17
19 0 U 18
20 1 U 19
21 0 L 3
22 1 L 4
23 1 U 19
24 0 U 3
25 1 U 24
26 1 U 25
27 1 U 15
28 0 U -1
29 0 U 28
30 0 L -1
31 1 U 15
32 0 U 31
33 0 L 32
34 0 U 33
35 1 U -1
36 1 U 35
37 0 U 36
38 1 U 37
39 1 U 38
40 0 U 36
41 1 U 40
42 0 U 16
43 0 L 7
44 0 U 43
45 0 U 44
46 1 U 45
47 0 U 46
48 1 U 47
49 1 U 40
50 1 U 49
51 0 L 37
52 0 L 3
53 0 U 52
54 1 U 53
55 1 U 54
56 1 U -1
57 1 U 56
58
0 0 U -1
1 1 U 0
2 0 U 1
3 1 U 2
4 0 U 3
5 0 U -1
6 1 U -1
7 1 U -1
8 1 L 2
9 0 L 3
10 0 L 2
11 1 U 10
12 0 U 1
13 0 U 12
14 1 L 6
15 0 U 14
16 1 U 15
17 0 U 9
18 0 U 17
19 0 U 18
20 1 U 19
21 1 L -1
22 0 U 14
23 1 U 19
24 0 U 3
25 1 U 24
26 1 U 25
27 0 U 16
28 0 U 23
29 0 U 28
30 0 L -1
31 1 U 30
32 0 U 31
33 0 L 32
34 0 U 33
35 0 U 23
36 1 U 35
37 0 U 36
38 1 U 37
39 1 U 38
40 0 U 36
41 1 U 40
42 0 U 16
43 0 U 29
44 0 U 43
45 0 U 44
46 1 U 45
47 0 U 46
48 1 U 47
49 1 U 40
50 1 U 49
51 0 U 50
52 1 U 38
53 0 U 52
54 1 U 53
55 1 U 54
56 1 U -1
57 1 U 49
58
0 0 U -1
1 1 U 0
2 0 U 1
3 1 U 2
4 0 U 3
5 0 U -1
6 1 U -1
7 1 U -1
8 1 L 2
9 0 L 3
10 0 L 2
11 1 U 10
12 0 U 1
13 1 L 11
14 1 L 6
15 0 U 14
16 1 U 15
17 0 U 9
18 0 U 17
19 0 U 18
20 1 U 19
21 1 L -1
22 1 L 4
23 1 U 19
24 0 U 3
25 1 U 24
26 1 U 25
27 0 U 16
28 0 U -1
29 0 U 28
30 0 L -1
31 1 U 30
32 0 U 31
33 0 L 32
34 0 U 33
35 1 U -1
36 1 U 35
37 0 U 36
38 1 U 37
39 1 U 38
40 0 U 36
41 1 U 40
42 0 U 16
43 0 U 29
44 0 U 43
45 0 L 34
46 1 U 45
47 0 U 46
48 1 U 47
49 1 U 40
50 1 U 49
51 0 U 50
52 1 U 38
53 0 U 52
54 1 U 53
55 1 U 54
56 0 L 15
57 1 U 12
58
0 0 U -1
1 1 U 0
2 0 U 1
3 1 U 2
4 0 U 3
5 0 U -1
6 1 U -1
7 1 U -1
8 1 L 2
9 0 L 3
10 0 L 2
11 1 U 10
12 1 U 2
13 0 U 12
14 1 L 6
15 0 U 14
16 1 U 15
17 0 U 9
18 0 U 17
19 0 U 18
20 1 U 19
21 1 L -1
22 1 U 11
23 1 U 19
24 0 U 3
25 1 U 24
26 1 U 25
27 0 U 16
28 1 U 23
29 0 U 28
30 0 L -1
31 0 L -1
32 0 U 31
33 0 L 32
34 0 U 33
35 1 U -1
36 1 U 35
37 0 U 36
38 1 U 37
39 1 U 38
40 0 U 36
41 1 U 40
42 0 U 16
43 0 L 38
44 1 L 4
45 0 U 44
46 1 U 45
47 0 U 46
48 1 U 47
49 1 U 40
50 1 U 49
51 0 U 50
52 1 U 38
53 0 U 52
54 1 U 53
55 1 U 54
56 1 U -1
57 1 U 56
58
0 0 U -1
1 1 U 0
2 0 U 1
3 1 U 2
4 0 U 3
5 0 U -1
6 1 U -1
7 1 U -1
8 1 L 2
9 0 L 3
10 0 L 2
11 1 U 10
12 0 U 1
13 0 U 12
14 1 L 6
15 0 U 14
16 1 U 15
17 0 U 9
18 0 U 17
19 0 U 18
20 1 U 19
21 1 L -1
22 1 L 4
23 1 U 19
24 0 U 3
25 1 U 24
26 1 U 25
27 0 U 16
28 0 U -1
29 0 U 28
30 0 L -1
31 1 U 30
32 0 U 31
33 0 L 32
34 0 U 33
35 1 U -1
36 1 U 35
37 0 U 36
38 0 U 23
39 1 U 38
40 0 U 36
41 1 U 40
42 0 U 16
43 0 U 29
44 0 U 43
45 1 L 4
46 1 U 45
47 0 U 46
48 1 U 47
49 1 U 40
50 1 U 49
51 0 U 50
52 1 U 38
53 0 U 52
54 1 U 53
55 1 U 54
56 1 U -1
57 1 U 56
58
0 0 U -1
1 1 U 0
2 0 U 1
3 1 U 2
4 0 U 3
5 0 U -1
6 1 U -1
7 1 U -1
8 1 L 2
9 0 L 3
10 0 L 2
11 1 U 10
12 0 U 1
13 0 U 12
14 1 L 6
15 0 U 14
16 1 U 15
17 0 U 9
18 0 U 17
19 0 U 18
20 1 U 19
21 1 L -1
22 0 U 8
23 1 U 19
24 0 U 3
25 1 U 24
26 1 U 25
27 1 L 26
28 0 U -1
29 0 U 28
30 0 L -1
31 1 U 30
32 0 U 31
33 0 L 32
34 0 U 33
35 1 U -1
36 1 U 35
37 0 U 36
38 1 U 37
39 1 U 38
40 0 U 36
41 1 U 40
42 0 U 16
43 0 U 29
44 0 U 43
45 0 U 44
46 1 U 45
47 0 L 33
48 1 U 47
49 1 U 40
50 1 U 49
51 1 L 26
52 1 U 38
53 0 U 52
54 1 U 53
55 1 U 54
56 1 U -1
57 1 U 56
58
0 0 U -1
1 1 U 0
2 0 U 1
3 1 U 2
4 0 U 3
5 0 U -1
6 1 U -1
7 1 U -1
8 1 L 2
9 0 L 3
10 0 L 2
11 1 U 10
12 0 U 1
13 0 U 12
14 1 L 6
15 0 U 14
16 1 U 15
17 0 U 9
18 0 U 17
19 0 U 18
20 1 U 19
21 0 U 8
22 1 L 4
23 1 U 19
24 0 U 3
25 1 U 24
26 0 U 11
27 0 U 16
28 0 U -1
29 0 U 28
30 0 L -1
31 1 U 30
32 0 U 31
33 0 L 32
34 0 U 33
35 1 U -1
36 1 U 35
37 0 U 36
38 1 U 37
39 1 L 35
40 0 U 36
41 1 U 40
42 0 U 16
43 0 U 29
44 0 U 43
45 0 U 44
46 1 U 45
47 0 U 46
48 1 U 47
49 1 U 40
50 1 U 49
51 0 U 50
52 1 U 38
53 0 U 52
54 1 U 53
55 1 U 54
56 1 U -1
57 1 U 56
58
0 0 U -1
1 0 U 0
2 0 L 0
3 1 U 2
4 0 U 3
5 0 U -1
6 1 U -1
7 1 L 4
8 1 L 2
9 0 L 3
10 0 L 2
11 1 U 10
12 0 U 1
13 0 U 12
14 1 L 6
15 0 U 14
16 1 U 15
17 0 U 9
18 1 L 7
19 0 U 18
20 1 U 19
21 1 L -1
22 1 L 4
23 1 U 19
24 0 U 3
25 0 L 16
26 1 L 4
27 0 U 16
28 0 U -1
29 0 U 28
30 0 L -1
31 1 U 30
32 0 U 31
33 0 L 32
34 0 U 33
35 1 U -1
36 1 U 35
37 0 U 36
38 1 U 37
39 1 U 38
40 1 L 7
41 1 U 40
42 0 U 16
43 0 U 29
44 0 U 43
45 0 U 44
46 1 U 45
47 0 U 46
48 1 U 47
49 1 U 40
50 1 U 49
51 0 U 50
52 1 U 38
53 0 U 52
54 1 U 53
55 1 U 54
56 1 U -1
57 1 U 56
58
0 0 U -1
1 1 U 0
2 0 U 1
3 1 U 2
4 0 U 3
5 0 L 4
6 1 U -1
7 1 U -1
8 1 L 2
9 0 L 3
10 0 L 2
11 0 L 3
12 0 U 1
13 0 U 12
14 1 L 6
15 0 U 14
16 1 U 15
17 0 L 15
18 0 U 17
19 0 U 18
20 1 U 19
21 1 L -1
22 1 L 4
23 1 U 19
24 0 U 3
25 1 U 24
26 1 U 25
27 0 U 16
28 0 U -1
29 0 U 28
30 0 L -1
31 1 U 30
32 0 U 31
33 1 L 5
34 0 U 33
35 1 U -1
36 0 U 14
37 0 U 36
38 1 U 37
39 1 U 38
40 0 U 36
41 1 U 40
42 0 U 16
43 0 U 29
44 0 U 43
45 0 U 44
46 1 U 45
47 0 U 46
48 1 U 47
49 0 L 35
50 1 U 49
51 0 U 50
52 1 U 38
53 0 U 52
54 0 L 47
55 1 U 7
56 1 U -1
57 1 U 56
58
0 0 U -1
1 1 U 0
2 0 U 1
3 1 U 2
4 0 U 3
5 0 U -1
6 1 U -1
7 1 U -1
8 1 L 2
9 0 L -1
10 0 L 2
11 1 U 10
12 0 U 1
13 0 U 12
14 1 L 6
15 0 U 14
16 1 U 15
17 0 U 9
18 0 U 17
19 0 U 18
20 1 L 8
21 1 L -1
22 1 L 4
23 1 U 19
24 0 U 3
25 0 U 2
26 1 U 25
27 0 U 16
28 0 U -1
29 0 U 28
30 0 L -1
31 1 U 30
32 1 L 21
33 1 U 31
34 0 U 33
35 1 U -1
36 1 U 35
37 0 U 36
38 1 U 37
39 0 U 32
40 0 U 36
41 0 U 11
42 0 U 16
43 0 U 29
44 0 U 43
45 0 U 44
46 1 U 45
47 0 U 46
48 1 U 47
49 1 U 40
50 1 U 49
51 0 U 50
52 1 U 38
53 0 U 52
54 1 U 53
55 1 U 54
56 1 U -1
57 1 U 56
58
0 0 U -1
1 1 U 0
2 0 U 1
3 1 U 2
4 0 U 3
5 1 U 3
6 1 U -1
7 1 U -1
8 1 L 2
9 0 L 3
10 0 L 2
11 1 U 10
12 0 U 1
13 0 U 12
14 1 L 6
15 0 U 14
16 1 U 15
17 0 U 9
18 0 U 17
19 0 U 18
20 0 U 12
21 1 L -1
22 1 L 4
23 1 U 19
24 0 L 6
25 1 U 24
26 1 U 25
27 0 U 16
28 1 U 0
29 0 U 28
30 0 L -1
31 1 U 1
32 0 U 31
33 0 L 32
34 0 U 33
35 1 U -1
36 1 U 35
37 0 U 36
38 1 U 37
39 0 U 21
40 0 U 36
41 1 U 40
42 0 U 16
43 0 U 29
44 0 U 43
45 0 U 44
46 1 U 45
47 0 U 46
48 1 U 47
49 1 U 40
50 1 U 49
51 0 U 50
52 1 U 38
53 0 U 52
54 1 U 53
55 1 U 54
56 1 U -1
57 1 U 56
58
0 0 U -1
1 1 U 0
2 0 U 1
3 1 U 2
4 0 U 3
5 0 U -1
6 1 U -1
7 1 U -1
8 1 L 2
9 0 L 3
10 0 L 2
11 1 U 10
12 0 U 1
13 0 U 12
14 1 L 6
15 0 U 14
16 1 U 15
17 1 L 15
18 0 U 17
19 0 U 18
20 1 U 19
21 1 L -1
22 1 L 4
23 1 U 19
24 0 U 3
25 1 U 24
26 1 U 25
27 0 U 16
28 0 U -1
29 0 U 28
30 0 L -1
31 1 U 30
32 0 U 31
33 0 L 32
34 0 U 33
35 1 U -1
36 1 U 35
37 0 U 36
38 1 U 37
39 1 U 38
40 0 U 36
41 1 U 40
42 0 U 16
43 0 L 34
44 0 U 43
45 0 U 44
46 0 L 13
47 0 U 46
48 1 U 47
49 1 U 40
50 1 U 49
51 0 U 50
52 1 U 38
53 0 U 52
54 1 U 53
55 1 U 54
56 1 U -1
57 1 U 56
58
0 0 U -1
1 1 U 0
2 0 U 1
3 1 U 2
4 0 U 3
5 0 U -1
6 1 U -1
7 1 U -1
8 1 L 2
9 0 L 3
10 0 L 2
11 1 U 10
12 0 U 1
13 0 U 12
14 1 L 6
15 0 U 14
16 1 U 15
17 0 U 9
18 0 U 17
19 0 U 18
20 1 U 19
21 1 L -1
22 1 L 4
23 1 U 19
24 0 U 3
25 1 U 24
26 1 U 25
27 1 L -1
28 0 U -1
29 0 U 28
30 0 L -1
31 1 U 30
32 0 U 31
33 0 L 32
34 0 U 33
35 1 U 4
36 1 U 35
37 0 U 36
38 1 U 37
39 1 L 2
40 0 U 36
41 1 U 40
42 0 U 16
43 0 L 12
44 0 U 43
45 0 U 44
46 1 U 45
47 0 U 46
48 1 U 47
49 1 U 40
50 1 U 49
51 0 U 50
52 1 U 38
53 0 U 52
54 1 U 53
55 1 U 54
56 0 U 4
57 1 U 56
58
0 0 U -1
1 1 U 0
2 1 U 1
3 1 U 2
4 0 U 3
5 1 L 2
6 1 U -1
7 1 U -1
8 1 L 2
9 0 L 3
10 0 L 2
11 1 U 10
12 0 U 1
13 0 U 12
14 1 L 6
15 0 U 14
16 1 U 15
17 0 U 9
18 0 U 17
19 0 U 18
20 1 U 19
21 1 L -1
22 1 L 4
23 1 U 19
24 0 U 3
25 1 U 24
26 1 U 25
27 0 U 16
28 0 U -1
29 0 U 28
30 0 L 0
31 0 L -1
32 0 U 17
33 0 L 32
34 0 U 33
35 1 U -1
36 1 U 35
37 0 U 36
38 1 U 37
39 1 U 7
40 0 U 36
41 1 U 40
42 0 U 16
43 1 U 6
44 0 U 43
45 0 U 44
46 1 U 45
47 0 U 44
48 1 U 47
49 1 U 40
50 1 U 49
51 0 U 50
52 1 U 38
53 0 U 52
54 1 U 53
55 1 U 54
56 1 U -1
57 1 U -1
58
0 0 U -1
1 1 U 0
2 0 U 1
3 1 U 2
4 0 U 3
5 0 U -1
6 1 U -1
7 1 U -1
8 1 L 2
9 1 L -1
10 0 L 2
11 1 U 10
12 0 U 1
13 0 U 12
14 1 L 6
15 0 U 14
16 1 U 15
17 0 U 9
18 0 U 17
19 0 U 18
20 1 U 19
21 1 L -1
22 1 L 4
23 1 U 21
24 0 U 3
25 1 U 24
26 1 U 25
27 0 U 16
28 0 U -1
29 0 U 28
30 0 L -1
31 1 U 30
32 0 U 31
33 0 L 32
34 0 U 33
35 1 U -1
36 1 U 35
37 0 U 36
38 1 U 37
39 1 U 38
40 0 U 36
41 1 U 40
42 0 U 16
43 0 U 29
44 0 U 43
45 0 U 44
46 1 U 45
47 0 U 46
48 1 U 47
49 1 U 40
50 1 U 49
51 0 U 50
52 1 U 38
53 0 U 52
54 1 U 53
55 1 U 54
56 1 U -1
57 1 U 56
58
0 0 U -1
1 1 U 0
2 0 U 1
3 1 U 2
4 0 U 3
5 0 U -1
6 1 U -1
7 1 U -1
8 1 L 2
9 0 U 7
10 0 L 2
11 1 U 10
12 0 U 1
13 0 U 12
14 1 L 6
15 0 U 14
16 1 U 15
17 1 L 12
18 0 U 17
19 0 U 18
20 1 U 19
21 1 L -1
22 1 L 4
23 1 U 19
24 0 U 3
25 1 U 24
26 1 U 25
27 0 U 16
28 0 U -1
29 0 U 28
30 0 L -1
31 1 U 30
32 0 U 31
33 0 L 32
34 0 U 33
35 1 U 19
36 1 U 35
37 0 U 36
38 1 U 37
39 1 U -1
40 0 U 36
41 1 U 40
42 0 U 16
43 0 U 29
44 0 U 43
45 0 U 44
46 1 U 45
47 0 U 46
48 1 U 47
49 1 U 40
50 0 L 23
51 0 U 50
52 1 U 38
53 0 U 52
54 1 U 53
55 1 U 54
56 1 U -1
57 1 U 56
58
0 0 U -1
1 1 U -1
2 0 U 1
3 1 U 2
4 0 U 3
5 0 U -1
6 1 U -1
7 1 U -1
8 1 L 2
9 0 L 3
10 0 L 2
11 1 U 10
12 0 L 9
13 0 U 12
14 1 L 1
15 0 U 14
16 1 U 15
17 0 U 9
18 0 U 17
19 0 U 18
20 1 U 19
21 1 L -1
22 1 L 4
23 1 U 19
24 0 U 3
25 1 U 24
26 1 U 25
27 0 U 16
28 0 U -1
29 0 U 28
30 0 L -1
31 1 U 30
32 0 U 31
33 0 L 32
34 0 U 33
35 1 U -1
36 1 U 35
37 0 U 36
38 1 U 37
39 1 U 38
40 0 U 36
41 1 U 40
42 0 U 16
43 0 U 29
44 0 U 43
45 0 U 44
46 1 U 45
47 0 U 46
48 1 U 47
49 1 U 40
50 1 U 49
51 0 U 50
52 1 U 38
53 0 U 52
54 1 L 4
55 1 U 54
56 1 U -1
57 1 U 56
58
0 0 U -1
1 1 U 0
2 0 U 1
3 1 U 2
4 0 U 3
5 0 U 1
6 1 U -1
7 1 U -1
8 1 L 2
9 0 L 3
10 1 U 7
11 1 U 10
12 0 U 1
13 0 U 12
14 1 L 6
15 0 U 14
16 1 L 13
17 0 U 9
18 0 U 17
19 0 U 18
20 1 U 19
21 1 L -1
22 1 L 4
23 1 U 19
24 0 U 3
25 1 U 24
26 1 U 25
27 0 U 16
28 0 U -1
29 0 U 28
30 0 L -1
31 1 U 30
32 0 U 31
33 0 L 32
34 0 U 33
35 1 U -1
36 1 U 35
37 0 U 36
38 1 U 37
39 1 U 38
40 0 U 28
41 1 U 40
42 0 U 16
43 0 U 29
44 0 U 43
45 0 U 44
46 1 U 45
47 0 U 46
48 1 U 47
49 1 U 40
50 1 U 49
51 0 U 50
52 1 U 38
53 0 U 52
54 0 U 52
55 1 U 54
56 1 U -1
57 1 U 56
58
0 0 U -1
1 1 U 0
2 0 U 1
3 1 U 2
4 0 U 3
5 0 U -1
6 1 U -1
7 1 U -1
8 1 L 2
9 0 L 3
10 0 L 1
11 0 U 0
12 0 U 1
13 0 L 3
14 1 L 6
15 0 U 14
16 1 U 15
17 0 U 9
18 0 U 17
19 0 U 18
20 0 L 13
21 0 U 18
22 1 L 4
23 1 U 19
24 0 U 3
25 1 U 24
26 1 U 25
27 0 U 16
28 0 U -1
29 0 U 28
30 0 L -1
31 1 U 30
32 0 U 31
33 0 L 32
34 0 U 33
35 1 U -1
36 1 U 35
37 0 U 36
38 1 U 37
39 1 U 38
40 0 U 36
41 1 U 40
42 0 U 16
43 0 U 29
44 0 U 7
45 0 U 44
46 1 L 32
47 0 U 46
48 1 U 47
49 1 U 40
50 1 U 49
51 0 U 50
52 1 U 38
53 0 U 52
54 1 U 53
55 1 U 52
56 1 U -1
57 1 U 56
58
0 0 L -1
1 1 U 0
2 0 U 1
3 0 L 1
4 0 U 3
5 0 U -1
6 1 U -1
7 1 U -1
8 1 L 2
9 1 U 5
10 1 U 0
11 1 U 10
12 0 U 1
13 0 U 12
14 1 L 6
15 0 U 14
16 1 U 15
17 0 U 9
18 0 U 17
19 0 U 18
20 1 U 19
21 1 L -1
22 1 L 4
23 1 U 19
24 0 U 10
25 1 U 24
26 1 U 25
27 1 U 23
28 0 U -1
29 0 U 28
30 0 L -1
31 1 U 30
32 0 U 31
33 0 L 32
34 0 U 33
35 1 U -1
36 1 U 35
37 0 U 36
38 1 U 37
39 1 U 38
40 0 U 36
41 1 U 40
42 0 U 16
43 0 U 29
44 0 U 43
45 0 U 44
46 1 U 45
47 0 U 46
48 1 U 47
49 1 U 40
50 1 U 49
51 0 U 50
52 1 U 38
53 0 U 52
54 1 U 53
55 1 U 54
56 1 U -1
57 1 U 56
58
0 0 U -1
1 1 U 0
2 0 U 1
3 1 U -1
4 0 U 3
5 0 U -1
6 1 U -1
7 1 U -1
8 1 L 2
9 0 L 3
10 0 L 2
11 1 U 10
12 0 U 1
13 0 U 12
14 0 L 7
15 0 U 14
16 1 U 15
17 0 U 9
18 0 U 17
19 0 U 18
20 1 U 19
21 1 L -1
22 1 L 4
23 1 U 19
24 0 U 3
25 1 U 24
26 1 U 25
27 0 U 16
28 0 U -1
29 0 U 28
30 0 L -1
31 1 U 30
32 0 U 31
33 0 L 32
34 0 U 33
35 1 U -1
36 1 U 35
37 0 U 36
38 1 U 37
39 1 U 38
40 0 U 36
41 1 U 40
42 0 U 16
43 0 U 29
44 0 U 43
45 0 U 44
46 1 U 45
47 0 U 46
48 1 U 47
49 1 U 40
50 0 U 47
51 0 U 50
52 1 U 38
53 0 U 52
54 1 U 53
55 1 U 54
56 1 U -1
57 1 U 56
58
0 0 U -1
1 1 U 0
2 0 U 1
3 1 U 2
4 1 U -1
5 0 U -1
6 1 U -1
7 1 U -1
8 1 L 2
9 0 L 3
10 0 L 2
11 1 U 10
12 0 U 1
13 0 U 12
14 1 L 6
15 0 U 14
16 1 U 15
17 0 U 9
18 0 U 17
19 0 U 18
20 1 U 19
21 1 L -1
22 1 L 4
23 1 U 19
24 1 L 8
25 1 U 24
26 1 U 25
27 1 U 2
28 0 U -1
29 0 U 28
30 0 L -1
31 1 U 30
32 0 U 31
33 0 L 32
34 0 U 33
35 1 U -1
36 1 U 35
37 0 U 36
38 1 U 37
39 1 U 38
40 0 U 36
41 1 U 40
42 0 U 16
43 0 U 29
44 0 U 43
45 1 L 27
46 1 L 34
47 0 U 46
48 1 U 47
49 1 U 40
50 1 U 49
51 0 U 50
52 1 U 38
53 0 U 52
54 1 U 53
55 1 U 54
56 1 U -1
57 1 U 56
58
0 0 U -1
1 1 U 0
2 0 U 1
3 1 U 2
4 0 U 3
5 0 U -1
6 1 U -1
7 1 U -1
8 1 L 2
9 0 L 3
10 0 L 4
11 1 U 10
12 0 U 1
13 0 U 12
14 1 L 6
15 0 U 14
16 1 U 15
17 0 U 9
18 0 U 17
19 0 U 18
20 1 U 4
21 1 L -1
22 1 L 4
23 1 U 19
24 1 U 12
25 1 U 24
26 1 U 25
27 0 U 16
28 1 L -1
29 0 U 28
30 0 L -1
31 1 U 30
32 0 U 31
33 0 L 32
34 0 U 33
35 1 U -1
36 1 U 35
37 0 U 36
38 1 U 37
39 1 U 38
40 0 L 26
41 1 U 40
42 0 U 16
43 0 U 29
44 0 U 43
45 0 U 44
46 1 U 45
47 0 U 46
48 1 U 47
49 0 L 27
50 1 U 49
51 0 U 50
52 1 U 38
53 0 U 52
54 1 U 53
55 1 U 54
56 1 U -1
57 1 U 56
58
0 0 U -1
1 1 U 0
2 0 U 1
3 1 U 2
4 0 U 3
5 0 U -1
6 1 U -1
7 1 U -1
8 1 L 2
9 0 L 3
10 0 L 2
11 1 U 10
12 1 U 2
13 0 U 12
14 1 L 6
15 0 U 14
16 1 U 15
17 0 U 9
18 0 U 17
19 0 U 18
20 1 U 19
21 1 L -1
22 1 L 4
23 1 U 19
24 0 U 3
25 1 U 24
26 1 U 25
27 0 U 16
28 0 U -1
29 0 U 28
30 0 L -1
31 1 U 14
32 0 U 31
33 0 L 32
34 0 U 33
35 1 U -1
36 1 U 35
37 0 U 36
38 1 U 37
39 1 U 38
40 0 U 36
41 1 U 40
42 0 U 16
43 0 U 29
44 0 U 43
45 0 U 44
46 1 U 45
47 0 U 46
48 1 U 47
49 1 U 40
50 1 U 49
51 0 U 50
52 1 U 38
53 0 U 52
54 1 U 53
55 1 U 54
56 1 U 14
57 1 U 56
58
0 0 U -1
1 1 U 0
2 0 U 1
3 1 U 2
4 0 U 3
5 0 U -1
6 1 U -1
7 1 U -1
8 1 L 2
9 0 L 3
10 0 L 2
11 1 U 10
12 0 U 1
13 0 U 12
14 1 L 6
15 0 U 14
16 1 U 15
17 0 U 9
18 0 U 17
19 0 U 18
20 1 U 19
21 1 L -1
22 1 U 10
23 1 U 19
24 1 U 23
25 1 U 24
26 1 U 25
27 0 U 16
28 0 U -1
29 0 U 28
30 0 L -1
31 1 U 30
32 0 U 31
33 0 L 32
34 0 U 33
35 1 U -1
36 1 U 35
37 0 U 36
38 1 U 37
39 1 U 38
40 0 U 15
41 1 U 40
42 0 U 16
43 0 U 29
44 1 U 18
45 0 U 44
46 1 U 45
47 0 U 46
48 1 U 47
49 1 U 40
50 1 U 49
51 0 U 50
52 1 U 38
53 0 U 32
54 1 U 53
55 1 U 54
56 1 U -1
57 1 U 56
58
0 0 U -1
1 1 U 0
2 0 U 1
3 1 U 2
4 0 U 3
5 0 U -1
6 1 U -1
7 1 U -1
8 1 L 2
9 0 L 3
10 0 L 2
11 1 U 10
12 0 U 1
13 0 L 11
14 1 L 6
15 0 U 14
16 1 U 15
17 0 U 9
18 0 U 17
19 0 U 18
20 1 U 19
21 1 L -1
22 1 L 4
23 1 U 19
24 0 U 3
25 1 U 24
26 1 U 25
27 0 U 23
28 0 U -1
29 0 U 28
30 0 L -1
31 1 L 10
32 0 U 31
33 0 L 32
34 0 U 33
35 1 U -1
36 1 U 35
37 0 U 36
38 1 U 37
39 1 U 38
40 0 U 36
41 1 U 40
42 0 U 16
43 0 U 29
44 0 U 43
45 0 U 44
46 1 U 45
47 0 U 46
48 0 L 2
49 1 U 40
50 1 U 49
51 0 U 50
52 1 U 38
53 0 U 36
54 1 U 53
55 1 U 54
56 1 U -1
57 1 U 56
58
0 0 U -1
1 1 U 0
2 0 U 1
3 1 U 2
4 0 U 3
5 0 U -1
6 1 U -1
7 1 U -1
8 1 L 2
9 0 L 3
10 0 L 2
11 1 U 10
12 0 U 1
13 0 U 12
14 1 L 6
15 0 U 14
16 1 U 15
17 0 U 9
18 0 L 8
19 0 U 18
20 1 U 19
21 1 L -1
22 1 L 4
23 1 L 22
24 0 U 3
25 1 U 24
26 1 U 25
27 0 U 16
28 0 U -1
29 0 U 28
30 0 U 14
31 0 U 4
32 0 U 31
33 0 L 32
34 0 U 33
35 1 U -1
36 1 U 35
37 0 U 36
38 1 U 37
39 1 U 38
40 0 U 36
41 1 U 40
42 0 U 16
43 0 U 29
44 0 U 43
45 0 U 44
46 1 U 45
47 0 U 46
48 1 U 47
49 1 U 40
50 0 U 21
51 0 U 50
52 1 U 38
53 0 U 52
54 1 U 53
55 1 U 54
56 1 U -1
57 0 U 55
58
0 0 U -1
1 1 U 0
2 0 U 1
3 1 U 2
4 0 U 3
5 0 U -1
6 1 U -1
7 1 U -1
8 1 L 2
9 0 L 3
10 0 L 2
11 1 U 10
12 0 U 1
13 0 U 12
14 1 L 6
15 0 U 14
16 1 U 15
17 0 U 9
18 0 U 17
19 0 U 18
20 1 U 19
21 1 L -1
22 1 L 4
23 1 U 19
24 0 U 3
25 1 U 24
26 1 U 25
27 0 U 16
28 0 U -1
29 0 U 28
30 0 L -1
31 1 U 30
32 0 U 31
33 0 L 32
34 0 U 33
35 1 U 13
36 1 U 35
37 0 U 36
38 1 U 37
39 1 U 38
40 0 U 36
41 1 U 3
42 0 U 16
43 0 U 29
44 0 U 43
45 0 U 44
46 1 U 45
47 0 U 46
48 1 U 47
49 1 U 40
50 1 U 49
51 0 U 50
52 1 U 38
53 0 U 52
54 1 U 53
55 1 U 54
56 1 U -1
57 1 U 56
58
0 0 U -1
1 1 U 0
2 0 U 1
3 1 U 2
4 0 U 3
5 0 U -1
6 1 U -1
7 1 U -1
8 1 L 2
9 0 L 3
10 0 L 2
11 1 U 10
12 0 U 1
13 0 U 12
14 1 L 6
15 0 U 14
16 1 L 9
17 0 U 9
18 0 U 17
19 0 U 18
20 1 U 19
21 1 L -1
22 1 L 4
23 1 U 19
24 0 U 3
25 1 U 24
26 1 U 25
27 0 U 16
28 0 U -1
29 0 U 28
30 0 L -1
31 1 U 22
32 0 U 31
33 0 L 32
34 0 U 33
35 1 U -1
36 1 U 35
37 0 U 36
38 1 U 37
39 1 U 38
40 0 U 36
41 1 U 40
42 0 U 16
43 0 U 29
44 0 U 43
45 1 L 36
46 0 U 26
47 0 U 46
48 1 U 47
49 1 U 40
50 1 U 49
51 0 U 50
52 1 U 38
53 0 U 52
54 1 U 32
55 1 U 54
56 1 U -1
57 1 U 56
58
0 0 U -1
1 1 U 0
2 0 U 1
3 1 U 2
4 0 U 3
5 0 U -1
6 1 U -1
7 1 L 0
8 1 L 2
9 0 L 3
10 0 L 2
11 1 U 10
12 0 U 1
13 0 U 12
14 1 U 11
15 1 L 12
16 1 U 15
17 0 U 9
18 0 U 17
19 0 U 18
20 1 U 19
21 1 L -1
22 0 U 6
23 1 U 3
24 0 U 3
25 1 U 24
26 1 U 25
27 0 U 16
28 1 L 26
29 0 U 28
30 0 L -1
31 1 U 30
32 1 L 29
33 0 L 19
34 1 U 8
35 1 U -1
36 1 U 35
37 0 L 36
38 1 U 37
39 0 U 6
40 0 U 36
41 1 U 40
42 0 U 16
43 0 U 29
44 0 U 43
45 0 U 44
46 1 U 45
47 0 U 46
48 0 L 31
49 1 U 40
50 1 U 49
51 0 U 50
52 1 U 38
53 0 L 4
54 1 U 53
55 1 U 54
56 1 U -1
57 1 U 56
58
0 0 U -1
1 1 U 0
2 0 U 1
3 1 L 0
4 0 U 3
5 0 U -1
6 1 U -1
7 1 U -1
8 1 L 2
9 0 L 3
10 0 L 2
11 1 U 10
12 1 U 9
13 0 U 12
14 1 L 6
15 0 L 0
16 1 U 15
17 0 U 9
18 0 U 17
19 0 U 18
20 1 U 19
21 1 L -1
22 1 L 4
23 1 U 19
24 0 U 3
25 1 U 24
26 1 U 25
27 0 U 16
28 0 U -1
29 0 U 28
30 0 L -1
31 1 U 30
32 1 L 8
33 0 L 32
34 0 U 33
35 1 U -1
36 1 L 10
37 0 U 36
38 1 U 37
39 1 U 38
40 0 U 36
41 1 U 40
42 0 U 16
43 0 U 29
44 0 U 43
45 0 U 44
46 1 U 45
47 0 U 46
48 1 U 47
49 1 U 22
50 1 U 49
51 0 U 50
52 1 U 38
53 0 U 52
54 1 U 53
55 1 U 54
56 1 U -1
57 1 U 56
58
0 0 U -1
1 1 U -1
2 0 U 1
3 1 U 2
4 0 U 3
5 0 U -1
6 1 U -1
7 1 U -1
8 1 L -1
9 0 L 3
10 0 L 2
11 1 U 10
12 0 U 1
13 0 U 12
14 1 L 6
15 0 U 14
16 1 U 15
17 0 U 9
18 0 U 17
19 0 U 18
20 1 U 19
21 1 L -1
22 1 L 4
23 1 U 19
24 0 U 3
25 1 U 24
26 1 U 25
27 0 U 16
28 0 U -1
29 0 U 28
30 0 L -1
31 1 U 30
32 0 U 31
33 0 L 32
34 0 U 33
35 1 U -1
36 1 U 35
37 0 U 36
38 1 U 37
39 1 U 38
40 0 U 36
41 0 U 39
42 0 U 16
43 0 U 29
44 0 U 43
45 0 U 44
46 1 U 45
47 0 U 46
48 1 U 47
49 1 U 40
50 1 U 49
51 0 U 50
52 0 U 26
53 0 U 52
54 1 U 53
55 1 U 54
56 1 U -1
57 1 U 56
58
0 0 U -1
1 1 U -1
2 0 U 1
3 1 U 2
4 0 U 3
5 0 U -1
6 0 U 1
7 1 U -1
8 1 L 2
9 0 L 3
10 0 L 2
11 1 U 10
12 0 U 1
13 0 U 12
14 1 L 6
15 0 U 14
16 1 U 15
17 0 U 9
18 0 U 17
19 0 U 18
20 1 U 19
21 1 L -1
22 1 L 4
23 1 U 19
24 0 U 3
25 1 U 24
26 1 U 25
27 0 U 16
28 0 U -1
29 0 U 28
30 0 L -1
31 1 U 30
32 0 L 2
33 0 L 32
34 0 U 33
35 1 U -1
36 1 U 35
37 0 U 36
38 1 U 37
39 1 U 38
40 0 U 36
41 1 U 40
42 0 U 16
43 0 U 29
44 0 U 43
45 0 U 44
46 1 U 45
47 0 U 46
48 1 U 47
49 1 U 40
50 1 U 49
51 0 U 50
52 1 U 38
53 0 L 48
54 1 U 53
55 1 U 54
56 0 U 50
57 1 U 56
58
0 0 U -1
1 1 U 0
2 0 U 1
3 1 U 2
4 0 U 3
5 0 U -1
6 1 U -1
7 1 U -1
8 1 L 2
9 0 L 3
10 0 L 2
11 1 U 10
12 0 U 1
13 0 U 12
14 1 L 6
15 0 U 14
16 1 U 15
17 0 U 9
18 0 U 17
19 0 U 18
20 1 U 19
21 1 L 2
22 1 L 4
23 1 U 19
24 0 U 3
25 0 L 3
26 1 U 25
27 0 L 25
28 0 U -1
29 0 U 28
30 0 L -1
31 1 U 30
32 0 U 31
33 0 L 32
34 1 L 20
35 1 U -1
36 1 U 35
37 0 U 36
38 0 L -1
39 1 U 38
40 0 U 36
41 1 U 40
42 0 U 15
43 0 U 29
44 0 U 43
45 0 U 44
46 1 U 45
47 0 U 46
48 0 U 26
49 1 U 40
50 1 U 28
51 0 U 50
52 0 U 29
53 0 U 52
54 1 U 53
55 1 U 54
56 1 U -1
57 1 U 56
58
0 0 U -1
1 1 U 0
2 1 L 0
3 1 U 2
4 0 U 3
5 0 U -1
6 1 U -1
7 1 L -1
8 1 L 2
9 1 U 0
10 0 L 2
11 1 U 10
12 0 U 1
13 0 U 12
14 1 L 6
15 0 U 14
16 1 U 15
17 0 U 9
18 0 U 17
19 0 U 18
20 1 U 19
21 1 L -1
22 1 L 4
23 1 U 19
24 0 U 3
25 1 U 24
26 1 U 25
27 0 U 16
28 0 L 8
29 0 U 28
30 0 L -1
31 1 U 30
32 0 U 31
33 0 L 32
34 0 U 33
35 1 U -1
36 1 U 35
37 0 U 36
38 1 U 37
39 1 U 38
40 0 U 36
41 1 U 40
42 0 U 16
43 0 U 29
44 0 U 43
45 0 U 44
46 1 U 45
47 0 U 46
48 1 U 47
49 1 U 40
50 1 U 49
51 0 U 50
52 1 U 38
53 0 U 52
54 1 U 53
55 1 U 54
56 1 U -1
57 1 U 56
58
0 0 U -1
1 1 U 0
2 0 U 1
3 1 U 2
4 0 U 3
5 0 U -1
6 1 U -1
7 1 U -1
8 1 L 2
9 0 L 3
10 0 L 2
11 1 U 10
12 0 U 1
13 0 U 7
14 1 L 6
15 0 U 14
16 1 U 15
17 0 U 9
18 0 U 17
19 0 U 18
20 1 U 19
21 1 L -1
22 1 L 4
23 1 U 19
24 0 U 3
25 1 U 24
26 1 L 21
27 0 U 16
28 0 U -1
29 0 U 28
30 0 U 2
31 1 U 30
32 0 U 31
33 0 L 32
34 0 U 32
35 1 U -1
36 1 U 35
37 0 U 36
38 1 L 31
39 1 U 38
40 0 U 36
41 1 U 40
42 0 U 16
43 0 U 29
44 0 U 43
45 0 U 44
46 1 U 45
47 0 U 46
48 1 U 47
49 1 U 40
50 1 U 49
51 0 U 50
52 1 U 38
53 0 U 52
54 1 U 53
55 1 U 54
56 1 U -1
57 1 U 56
58
0 0 U -1
1 1 U 0
2 0 U 1
3 1 U 2
4 0 U 3
5 0 U -1
6 1 U -1
7 0 L 2
8 1 L 2
9 0 L 3
10 0 L 2
11 1 U 10
12 0 U 1
13 0 U 12
14 1 L 6
15 0 U 14
16 1 U 15
17 0 U 9
18 0 U 17
19 0 U 18
20 1 U 19
21 1 L -1
22 1 L 4
23 1 U 19
24 0 U 3
25 1 U 24
26 0 L 19
27 0 U 16
28 0 U -1
29 0 U 28
30 0 L -1
31 1 U 30
32 0 U 31
33 0 L 32
34 0 U 33
35 1 U -1
36 1 U 35
37 0 L 20
38 1 U 37
39 1 U 38
40 0 U 36
41 1 U 40
42 0 U 16
43 0 U 29
44 0 U 43
45 1 L 20
46 1 U 45
47 0 U 46
48 1 U 47
49 1 U 40
50 1 L 38
51 0 U 50
52 1 U 38
53 0 U 52
54 1 U 53
55 1 U 54
56 1 U -1
57 1 U 56
58
0 0 L -1
1 1 U 0
2 0 U 1
3 1 U 2
4 0 U 3
5 0 U -1
6 1 U -1
7 1 U -1
8 1 L 2
9 0 L 3
10 0 L 2
11 1 U 10
12 0 U 1
13 0 U 12
14 1 L 6
15 0 U 14
16 1 U 15
17 0 U 9
18 0 U 17
19 0 U 18
20 1 U 19
21 1 L -1
22 1 L 4
23 1 U 19
24 0 U 3
25 1 U 24
26 1 U 25
27 0 U 16
28 0 U -1
29 0 U 28
30 0 L -1
31 1 U 30
32 0 U 31
33 0 L 32
34 0 U 33
35 1 U -1
36 0 U 17
37 0 U 36
38 1 U 37
39 1 U 38
40 0 U 36
41 1 U 40
42 0 U 16
43 0 U 29
44 0 U 43
45 0 U 44
46 1 U 45
47 1 U 24
48 1 U 47
49 1 U 40
50 1 U 49
51 0 U 50
52 0 L 12
53 0 U 52
54 1 U 53
55 1 U 54
56 1 U -1
57 1 L 40
58
0 0 U -1
1 1 U 0
2 0 U 1
3 1 U 2
4 0 U 3
5 0 U -1
6 1 U -1
7 1 U -1
8 1 L 2
9 0 L 3
10 0 L 2
11 1 U 10
12 1 L 8
13 0 U 12
14 1 L 6
15 0 U 14
16 1 U 15
17 0 U 9
18 0 U 17
19 0 U 18
20 1 U 19
21 1 L -1
22 1 L 4
23 1 L 1
24 0 U 3
25 1 U 24
26 1 U 25
27 0 U 16
28 1 U 16
29 0 L 3
30 0 L -1
31 1 U 30
32 0 U 31
33 0 L 32
34 0 U 33
35 1 U -1
36 1 U 35
37 0 U 24
38 1 U 37
39 1 U 36
40 0 U 36
41 1 U 40
42 0 U 16
43 0 U 29
44 0 U 43
45 1 U 8
46 1 U 45
47 0 U 46
48 1 U 47
49 1 L 13
50 1 U 49
51 0 U 50
52 1 U 38
53 0 U 52
54 1 U 53
55 1 U 54
56 1 U -1
57 1 U 56
58
0 0 U -1
1 1 L -1
2 0 U 1
3 1 U 2
4 0 U 3
5 0 U -1
6 1 U -1
7 0 L 0
8 1 U 0
9 0 L 3
10 0 L 2
11 1 U 10
12 0 U 1
13 0 U 12
14 1 L 6
15 1 L -1
16 1 U 15
17 0 U 6
18 0 U 17
19 0 U 18
20 1 U 19
21 1 L -1
22 1 L 4
23 1 U 19
24 0 U 3
25 1 U 24
26 1 L 13
27 0 U 16
28 0 U -1
29 0 U 28
30 0 L -1
31 1 U 30
32 0 U 31
33 0 L 32
34 0 U 33
35 1 U -1
36 1 U 35
37 0 U 36
38 1 U 37
39 1 U 38
40 0 U 36
41 1 U 40
42 0 U 16
43 0 U 29
44 0 U 43
45 0 U 44
46 1 U 45
47 0 U 46
48 1 U 47
49 1 U 40
50 0 L 39
51 0 U 50
52 1 U 38
53 0 U 52
54 1 U 53
55 1 U 54
56 1 U -1
57 1 U 56
58
0 1 L -1
1 1 U 0
2 0 U 1
3 1 U 2
4 0 U 3
5 0 U -1
6 1 U -1
7 1 U -1
8 1 L 2
9 0 L 3
10 0 L 2
11 1 U 10
12 0 U 1
13 0 U 12
14 1 L 6
15 0 U 14
16 1 U 15
17 0 L 5
18 1 U 16
19 0 U 4
20 1 U 19
21 1 L -1
22 1 L 4
23 1 U 19
24 0 U 3
25 1 U 24
26 1 U 25
27 0 U 16
28 0 U -1
29 0 L 15
30 0 L -1
31 1 U 30
32 0 U 31
33 0 L 32
34 0 U 33
35 1 U -1
36 1 U 35
37 0 U 36
38 1 U 21
39 1 U 38
40 0 U 36
41 1 U 40
42 0 U 16
43 0 U 29
44 0 U 43
45 0 U 44
46 1 U 45
47 1 L 32
48 1 U 47
49 1 U 40
50 1 U 49
51 1 U 32
52 1 U 38
53 0 U 52
54 1 U 53
55 1 U 3
56 1 U -1
57 1 U 56
58
0 0 U -1
1 1 U 0
2 0 U 1
3 1 L 1
4 0 L 1
5 1 L 4
6 1 U -1
7 1 U -1
8 0 L -1
9 0 L 3
10 0 L 2
11 1 U 10
12 0 U 1
13 0 U 12
14 1 L 6
15 0 U 14
16 0 L 2
17 0 U 9
18 0 U 17
19 0 U 18
20 1 U 19
21 1 L -1
22 1 L 0
23 1 U 5
24 0 U 3
25 1 U 24
26 1 U 25
27 0 U 16
28 0 U -1
29 0 U 28
30 0 L -1
31 1 L 12
32 0 U 31
33 0 L 32
34 0 U 33
35 1 U -1
36 1 U 35
37 1 U 3
38 1 U 37
39 1 U 38
40 0 U 36
41 1 U 40
42 0 U 16
43 0 U 29
44 0 U 43
45 0 U 44
46 1 U 45
47 0 U 46
48 1 U 47
49 1 U 40
50 1 U 49
51 0 U 50
52 1 U 38
53 0 U 52
54 1 U 53
55 1 U 54
56 1 U -1
57 1 U 56
58
0 0 U -1
1 1 U 0
2 0 U 1
3 1 U 2
4 0 U 3
5 0 U -1
6 1 U -1
7 1 U -1
8 0 L 3
9 0 L -1
10 0 L 2
11 1 U 10
12 0 U 1
13 0 U 12
14 1 L 6
15 0 U 14
16 1 U 15
17 0 U 9
18 0 U 17
19 0 U 18
20 1 U 19
21 1 L -1
22 1 L 4
23 1 U 19
24 0 U 3
25 1 U 24
26 1 L 14
27 0 U 16
28 0 U -1
29 0 U 28
30 0 L -1
31 1 U 30
32 0 U 31
33 0 L 32
34 0 U 33
35 1 U -1
36 1 U 35
37 0 U 36
38 1 U 37
39 1 U 38
40 0 U 36
41 1 U 40
42 1 L 40
43 1 U 3
44 0 U 43
45 0 U 44
46 1 U 45
47 0 U 38
48 1 U 47
49 1 U 40
50 1 U 49
51 0 U 50
52 1 U 38
53 0 U 52
54 1 U 53
55 1 U 54
56 1 U -1
57 1 U 56
58
0 0 U -1
1 1 U 0
2 0 U 1
3 1 U 2
4 0 U 3
5 0 U -1
6 1 U -1
7 1 U -1
8 1 L 2
9 0 L 3
10 1 U -1
11 1 U 10
12 0 U 1
13 0 U 12
14 1 L 6
15 0 U 14
16 1 U 15
17 0 U 9
18 0 U 17
19 0 U 18
20 1 U 19
21 1 L -1
22 1 L 4
23 1 U 19
24 0 U 3
25 1 U 24
26 1 U 25
27 0 U 16
28 0 U -1
29 0 U 28
30 0 L -1
31 1 U 30
32 0 U 31
33 0 L 32
34 0 U 33
35 1 U -1
36 0 L -1
37 0 U 36
38 1 U 37
39 1 U 38
40 0 U 36
41 1 U 40
42 0 U 16
43 0 U 29
44 0 U 43
45 0 U 44
46 1 U 45
47 0 U 46
48 1 U 47
49 1 U 40
50 1 U 49
51 0 U 42
52 1 U 38
53 0 U 52
54 1 U 53
55 1 U 54
56 1 U -1
57 1 U 56
58
0 0 U -1
1 1 U 0
2 0 U 1
3 1 U 2
4 0 U 3
5 0 U -1
6 1 U -1
7 1 U -1
8 1 L 2
9 0 L 5
10 0 L 2
11 1 U 10
12 0 U 1
13 0 U 12
14 1 L 6
15 0 U 14
16 1 U 15
17 0 U 9
18 0 U 17
19 0 U 18
20 1 U 19
21 1 L -1
22 1 L 13
23 0 U 8
24 0 U 3
25 1 U 24
26 1 U 25
27 0 U 16
28 0 U -1
29 0 U 28
30 0 L -1
31 1 U 30
32 0 U 31
33 0 L 32
34 0 U 33
35 1 U -1
36 1 U 35
37 0 U 36
38 1 U 34
39 1 U 38
40 0 U 36
41 1 U 40
42 0 U 16
43 0 U 29
44 0 U 43
45 0 U 44
46 1 L 25
47 0 U 46
48 1 U 47
49 1 U 40
50 1 U 49
51 0 U 50
52 1 U 38
53 0 U 52
54 1 U 53
55 1 U 54
56 1 U -1
57 1 U 56
58
0 0 U -1
1 1 U 0
2 0 U 1
3 1 U 2
4 0 U 3
5 1 L 0
6 1 U -1
7 0 L 6
8 1 L 2
9 0 L 3
10 0 L 2
11 1 U 10
12 1 U 1
13 0 U 12
14 1 L 6
15 0 U 14
16 1 U 15
17 0 U 9
18 0 U 17
19 0 U 18
20 1 L 8
21 1 L -1
22 1 L 4
23 1 U 19
24 0 U 3
25 1 U 24
26 1 U 25
27 0 U 16
28 0 U -1
29 0 U 28
30 0 L -1
31 1 U 30
32 0 U 31
33 0 L 32
34 0 U 33
35 1 U -1
36 1 U 35
37 0 U 36
38 1 U 37
39 1 U 28
40 0 U 36
41 1 U 40
42 0 U 16
43 0 U 29
44 0 U 43
45 0 U 44
46 1 U 45
47 0 U 46
48 1 L 46
49 1 U 40
50 1 U 49
51 0 U 50
52 1 U 38
53 0 U 52
54 1 L 48
55 1 U 54
56 1 U -1
57 1 U 56
58
0 0 U -1
1 1 U 0
2 0 U 1
3 1 U 2
4 0 U 3
5 0 U -1
6 1 U -1
7 1 U -1
8 1 L 2
9 0 L 3
10 0 L 2
11 1 U 10
12 0 U 1
13 0 U 12
14 1 L 6
15 0 U 14
16 1 U 10
17 0 U 9
18 0 U 17
19 0 U 18
20 1 U 19
21 1 L -1
22 1 L 4
23 1 U 19
24 0 U 3
25 1 U 24
26 1 L 20
27 0 U 16
28 0 U -1
29 0 U 28
30 0 L -1
31 1 U 30
32 0 U 6
33 0 L 32
34 0 U 33
35 1 U -1
36 1 U 35
37 0 U 36
38 1 U 37
39 1 U 38
40 0 U 23
41 1 U 40
42 0 U 16
43 0 U 29
44 0 U 43
45 0 U 44
46 1 U 45
47 0 U 46
48 1 U 47
49 1 U 40
50 1 U 49
51 0 U 50
52 1 U 38
53 0 U 52
54 1 U 53
55 1 U 54
56 1 U -1
57 1 U 56
58
0 1 L -1
1 1 U 0
2 0 U 1
3 0 U 2
4 0 U 3
5 0 U -1
6 1 U -1
7 1 U -1
8 1 L 2
9 0 L 3
10 0 L 2
11 1 U 10
12 0 U 1
13 0 U 12
14 1 L 6
15 0 U 14
16 1 U 15
17 0 U 9
18 0 U 17
19 0 U 18
20 1 U 19
21 1 L -1
22 1 L 4
23 1 U 19
24 0 U 3
25 0 U 3
26 1 U 25
27 0 U 16
28 0 U -1
29 0 U 28
30 0 L -1
31 1 U 30
32 0 U 31
33 0 L 32
34 0 U 33
35 1 U -1
36 1 U 35
37 1 U 15
38 1 U 37
39 1 U 38
40 0 U 14
41 1 U 40
42 0 U 16
43 0 U 29
44 0 U 34
45 0 L 31
46 1 U 45
47 0 U 46
48 1 U 47
49 1 U 40
50 1 U 49
51 0 U 50
52 1 U 38
53 0 U 52
54 1 U 53
55 1 U 54
56 1 U -1
57 1 U 56
58
0 0 U -1
1 1 U 0
2 0 U 0
3 0 U -1
4 0 U 3
5 0 U -1
6 0 L 4
7 1 U -1
8 0 U 1
9 0 L 3
10 0 L 2
11 1 U 10
12 0 U 1
13 0 U 12
14 1 L 6
15 0 U 14
16 1 U 15
17 0 U 9
18 0 U 17
19 0 U 18
20 1 U 19
21 1 L -1
22 1 L 4
23 1 U 19
24 0 U 11
25 1 U 24
26 1 U 25
27 0 U 16
28 1 U 12
29 0 U 28
30 0 L -1
31 1 U 30
32 0 U 29
33 0 L 32
34 0 U 33
35 1 U -1
36 1 U 35
37 0 U 36
38 1 U 37
39 1 U 11
40 0 U 36
41 1 U 40
42 0 U 16
43 1 U 8
44 0 U 43
45 1 L 18
46 1 U 45
47 0 U 46
48 1 U 47
49 1 U 40
50 1 U 49
51 0 U 50
52 1 U 38
53 0 U 46
54 1 U 53
55 1 U 54
56 1 U -1
57 1 L 26
58
0 0 U -1
1 1 U 0
2 0 U 1
3 1 U 2
4 1 U 0
5 0 U -1
6 1 U -1
7 1 U -1
8 1 L 2
9 0 L 3
10 0 L 2
11 1 U 2
12 0 U 1
13 0 U 12
14 1 L 6
15 0 U 14
16 1 U 15
17 0 U 9
18 0 U 17
19 0 U 18
20 1 U 19
21 1 L -1
22 1 L 4
23 1 L 13
24 0 L 13
25 1 L 22
26 1 U 25
27 0 L 18
28 0 U -1
29 0 U 28
30 0 L -1
31 1 U 30
32 0 U 31
33 0 L 32
34 0 U 33
35 1 U -1
36 1 U 35
37 0 U 36
38 1 U 37
39 0 L 3
40 0 U 36
41 1 U 40
42 0 U 16
43 0 U 29
44 0 U 43
45 0 U 7
46 1 U 45
47 0 U 46
48 1 U 47
49 1 U 40
50 1 U 49
51 1 L 20
52 1 U 38
53 0 U 52
54 1 U 53
55 0 L 43
56 1 U -1
57 1 U 56
58
0 0 U -1
1 1 U 0
2 1 U 0
3 1 U 2
4 0 U 3
5 0 U -1
6 1 U -1
7 1 U -1
8 1 L 2
9 0 L 3
10 0 L 2
11 1 U 10
12 0 U 1
13 0 U 12
14 1 L 6
15 0 U 14
16 1 U 15
17 0 U 9
18 0 U 17
19 0 U 18
20 1 U 19
21 1 L -1
22 1 L 1
23 1 U 19
24 0 U 3
25 1 U 24
26 1 U 25
27 0 U 16
28 0 U -1
29 1 L 26
30 0 L -1
31 1 U 30
32 0 U 31
33 0 L 32
34 0 U 33
35 1 U -1
36 1 U 35
37 1 U 2
38 1 U 37
39 1 U 38
40 0 U 36
41 1 U 40
42 0 U 16
43 0 U 29
44 0 U 43
45 0 U 44
46 1 U 45
47 0 U 46
48 1 U 47
49 1 U 40
50 1 U 49
51 0 U 50
52 1 U 38
53 0 U 52
54 1 U 53
55 1 U 54
56 1 U -1
57 1 U 56
58
0 0 U -1
1 1 U 0
2 0 U 1
3 1 U 2
4 0 U 3
5 0 U -1
6 1 U -1
7 1 U -1
8 1 L 2
9 0 L 3
10 0 L 2
11 1 U 10
12 0 U 1
13 0 U 12
14 1 L 6
15 0 U 14
16 1 U 15
17 0 U 9
18 1 L 16
19 0 U 18
20 1 U 19
21 1 L -1
22 1 L 4
23 0 U 13
24 0 U 3
25 1 U 24
26 0 L -1
27 0 U 16
28 1 U 16
29 0 U 28
30 0 L -1
31 1 U 30
32 0 U 31
33 0 L 32
34 0 U 33
35 0 L 19
36 1 U 35
37 0 U 36
38 1 U 37
39 1 U 38
40 0 U 36
41 1 U 40
42 0 U 16
43 0 U 29
44 0 U 43
45 1 L 29
46 1 U 45
47 0 U 46
48 1 U 47
49 1 U 40
50 1 U 49
51 0 U 50
52 1 U 38
53 0 U 52
54 1 U 53
55 1 U 54
56 1 U -1
57 1 U 56
58
0 0 U -1
1 1 U 0
2 0 U 1
3 1 U 2
4 0 U 3
5 0 U -1
6 1 U -1
7 1 U -1
8 1 L 2
9 0 L 3
10 0 L 2
11 1 U 10
12 0 U 1
13 0 U 12
14 1 L 6
15 0 U 14
16 1 U 15
17 0 U 9
18 0 U 17
19 0 U 18
20 1 U 19
21 1 L -1
22 1 L 4
23 1 U 19
24 0 U 3
25 1 U 22
26 1 U 25
27 0 U 16
28 0 U -1
29 0 U 28
30 0 L -1
31 1 U 30
32 0 U 31
33 0 L 32
34 0 U 33
35 1 L 24
36 1 U 35
37 0 U 36
38 1 U 37
39 1 U 38
40 0 U 36
41 1 U 40
42 0 U 16
43 0 U 29
44 0 U 43
45 0 U 44
46 1 U 45
47 0 U 46
48 1 U 47
49 1 U 40
50 1 L 20
51 0 U 50
52 1 U 38
53 0 U 52
54 0 L 34
55 1 U 54
56 1 U -1
57 0 U 35
58
0 0 U -1
1 1 U 0
2 0 U 1
3 1 U 2
4 0 U 3
5 0 U -1
6 0 U 2
7 1 U -1
8 1 L 2
9 0 L 3
10 0 L 2
11 1 U 10
12 0 U 1
13 0 U 12
14 1 U 12
15 0 U 14
16 1 U 14
17 0 U 9
18 0 U 17
19 0 U 18
20 0 L 2
21 1 L -1
22 1 L 4
23 1 U 19
24 0 U 3
25 1 U 24
26 1 U 25
27 0 U 16
28 0 U -1
29 0 U 28
30 0 L -1
31 1 U 30
32 0 U 31
33 0 L 32
34 0 U 33
35 1 U -1
36 1 U 35
37 0 U 36
38 1 U 37
39 1 U 38
40 0 U 36
41 1 U 40
42 0 U 16
43 0 U 29
44 0 U 43
45 0 U 34
46 0 L 41
47 0 U 46
48 1 U 47
49 0 L 35
50 0 U 38
51 0 U 50
52 1 U 38
53 0 U 52
54 1 U 53
55 1 U 54
56 1 U -1
57 1 U 56
58
0 0 U -1
1 1 U 0
2 0 U 1
3 1 U 2
4 0 U 3
5 0 U -1
6 1 U -1
7 1 U -1
8 1 L 2
9 0 L 3
10 0 L 2
11 1 U 10
12 0 U 1
13 0 U 12
14 1 L 6
15 0 U 14
16 1 U 15
17 0 U 9
18 0 U 17
19 0 U 18
20 1 U 19
21 1 L -1
22 1 L 4
23 1 U 19
24 0 U 3
25 1 U 24
26 1 U 25
27 0 U 16
28 0 U -1
29 0 U 28
30 0 L -1
31 1 U 29
32 0 U 31
33 0 L 32
34 0 U 33
35 1 U -1
36 1 U 35
37 0 U 36
38 1 U 37
39 1 U 38
40 0 U 36
41 1 U 40
42 1 L 0
43 0 L 39
44 0 U 43
45 0 U 44
46 1 U 45
47 0 U 46
48 1 U 47
49 0 L 23
50 1 U 49
51 0 U 50
52 1 U 38
53 0 U 52
54 1 L 36
55 1 U 54
56 1 U -1
57 0 L 34
58
0 0 U -1
1 1 U 0
2 0 U 1
3 1 U 2
4 0 U 3
5 0 U -1
6 1 U -1
7 1 U -1
8 1 L 2
9 0 L 3
10 0 L 2
11 1 U 10
12 0 U 1
13 0 U 12
14 1 L 6
15 0 U 14
16 1 U 15
17 0 U 9
18 0 U 17
19 0 U 18
20 1 U 19
21 1 L -1
22 1 L 4
23 1 U 19
24 0 U 3
25 1 U 24
26 1 U 25
27 0 U 16
28 0 U -1
29 0 L 24
30 0 L -1
31 1 U 30
32 0 U 31
33 0 L 32
34 0 U 33
35 1 U -1
36 1 U 35
37 1 L 11
38 1 U 37
39 1 U 38
40 0 U 36
41 1 U 40
42 0 U 16
43 0 U 29
44 0 U 43
45 0 U 44
46 1 L 44
47 0 U 46
48 1 U 47
49 1 U 40
50 1 U 49
51 0 U 50
52 1 U 38
53 0 U 52
54 1 U 53
55 1 U 54
56 1 U -1
57 1 U 56
58
0 0 U -1
1 1 U 0
2 0 U 1
3 1 U 2
4 0 U 3
5 0 U -1
6 1 U -1
7 1 U -1
8 1 L 2
9 0 L 3
10 0 U 5
11 0 U 6
12 0 U 1
13 0 U 12
14 1 L 6
15 0 U 14
16 1 U 15
17 0 U 9
18 0 U 17
19 0 U 18
20 1 U 19
21 1 L -1
22 1 L 4
23 1 U 19
24 0 U 3
25 1 U 24
26 1 U 25
27 0 U 16
28 0 U -1
29 0 U 28
30 0 U 0
31 1 U 30
32 0 U 31
33 0 L 32
34 0 U 33
35 1 L 15
36 1 U 35
37 0 U 36
38 1 U 37
39 1 U 38
40 0 U 36
41 1 U 40
42 0 U 16
43 0 U 29
44 0 U 43
45 0 U 44
46 1 U 45
47 0 U 46
48 1 U 47
49 1 U 40
50 1 U 49
51 0 U 50
52 1 U 38
53 0 U 52
54 1 U 30
55 1 U 54
56 1 U -1
57 1 U 56
58
0 0 U -1
1 1 U 0
2 0 U 1
3 1 U 2
4 0 U 3
5 0 U -1
6 0 L 5
7 1 U -1
8 1 L 2
9 1 L 4
10 0 L 2
11 1 U 10
12 0 U 1
13 1 L 10
14 1 L 6
15 0 U 14
16 1 U 15
17 0 U 9
18 0 U 17
19 0 U 18
20 1 U 15
21 1 L -1
22 1 L 4
23 1 U 19
24 0 U 3
25 1 U 24
26 1 U 25
27 0 U 16
28 0 U -1
29 0 U 28
30 0 L -1
31 1 U 30
32 0 U 31
33 0 L 32
34 0 U 33
35 0 L 32
36 1 U 35
37 0 U 36
38 1 U 37
39 1 U 38
40 0 U 36
41 1 U 40
42 0 U 16
43 0 U 29
44 0 L 37
45 0 U 44
46 1 U 45
47 0 U 46
48 1 U 47
49 0 U 26
50 1 U 49
51 1 L 27
52 1 U 38
53 0 U 52
54 1 U 53
55 1 U 54
56 1 U -1
57 1 U 56
58
0 0 U -1
1 1 U 0
2 0 U 1
3 0 L 2
4 0 U 3
5 0 U -1
6 1 U -1
7 1 U -1
8 1 L 2
9 0 L 3
10 0 L 2
11 1 U 10
12 0 U 1
13 0 U 12
14 0 U 9
15 0 U 14
16 1 U 15
17 0 U 9
18 0 U 17
19 0 U 18
20 1 U 19
21 1 L -1
22 1 L 4
23 1 U 19
24 0 U 3
25 1 U 24
26 1 U 25
27 0 U 16
28 0 U -1
29 0 U 28
30 0 L -1
31 1 U 30
32 0 L 29
33 0 L 32
34 0 U 33
35 1 U -1
36 1 U 35
37 0 U 36
38 1 U 37
39 1 U 38
40 0 U 36
41 1 U 40
42 0 U 16
43 0 U 29
44 0 U 43
45 0 U 44
46 0 U 38
47 0 L 19
48 1 U 47
49 0 U 21
50 1 U 49
51 0 U 50
52 1 U 38
53 0 U 52
54 1 U 53
55 1 U 54
56 1 U -1
57 1 U 56
58
0 0 U -1
1 1 U 0
2 0 L 0
3 1 U 2
4 0 U 3
5 0 U -1
6 1 U -1
7 1 U -1
8 0 L 0
9 0 L 3
10 0 L 2
11 1 U 10
12 0 U 1
13 0 U 12
14 1 L 6
15 0 U 14
16 1 U 15
17 0 U 9
18 0 U 17
19 0 U 7
20 1 U 19
21 1 L -1
22 1 L 4
23 0 U 17
24 0 U 3
25 1 U 24
26 1 U 25
27 0 U 16
28 0 U -1
29 0 U 28
30 0 L -1
31 1 U 10
32 0 U 31
33 0 L 32
34 0 U 33
35 1 U -1
36 1 U 35
37 0 U 36
38 1 U 0
39 1 U 38
40 0 U 36
41 1 U 40
42 0 U 16
43 0 U 29
44 0 U 42
45 0 U 44
46 1 U 45
47 0 U 46
48 1 U 47
49 1 U 40
50 1 U 49
51 0 U 50
52 1 U 13
53 0 U 52
54 1 U 53
55 1 U 54
56 1 L 27
57 1 U 56
58
0 0 U -1
1 1 U 0
2 0 U 1
3 1 U 2
4 0 U 3
5 0 U -1
6 1 U -1
7 1 U -1
8 1 L 2
9 0 L 3
10 0 L 2
11 1 U 10
12 0 U 1
13 0 U 12
14 1 L 6
15 0 U 14
16 1 U 15
17 0 L 15
18 0 U 17
19 1 L 0
20 1 U 19
21 1 L -1
22 1 L 4
23 1 U 19
24 0 U 3
25 1 U 24
26 1 U 25
27 0 U 16
28 0 U -1
29 0 U 28
30 0 L -1
31 1 U 30
32 0 U 31
33 0 L 32
34 0 U 33
35 1 U -1
36 1 U 35
37 0 U 36
38 1 U 37
39 1 U 38
40 0 U 36
41 1 U 40
42 0 U 16
43 0 U 29
44 0 U 43
45 0 U 44
46 1 U 8
47 0 U 46
48 0 U 38
49 1 U 40
50 1 U 49
51 0 U 50
52 1 U 38
53 0 U 29
54 1 U 53
55 1 U 54
56 1 U -1
57 1 U 56
58
0 0 U -1
1 1 U 0
2 0 U 1
3 1 U 2
4 0 U 3
5 0 U -1
6 1 U -1
7 1 U -1
8 1 L 2
9 0 L 3
10 0 L 2
11 1 U 10
12 0 U 1
13 0 U 12
14 1 U 3
15 0 U 14
16 1 U 15
17 0 U 1
18 0 U 17
19 0 U 18
20 1 U 19
21 0 U 0
22 1 L 4
23 1 U 19
24 0 U 3
25 1 U 24
26 1 U 25
27 0 U 16
28 0 U -1
29 0 U 28
30 0 L -1
31 1 U 30
32 0 U 31
33 0 L 32
34 0 U 33
35 1 U -1
36 1 L 29
37 0 U 36
38 0 U 1
39 1 U 38
40 0 U 36
41 1 U 40
42 0 U 16
43 0 U 29
44 0 U 43
45 0 U 44
46 1 U 45
47 0 U 46
48 1 U 47
49 1 U 40
50 1 U 49
51 0 U 50
52 1 U 38
53 0 U 52
54 1 U 53
55 1 U 54
56 1 U -1
57 1 U 56
58
0 0 L -1
1 1 U 0
2 0 U 1
3 1 U 2
4 0 U 3
5 0 U -1
6 1 U -1
7 1 U -1
8 1 L 2
9 0 L 3
10 0 L 2
11 1 U 10
12 0 U 1
13 0 U 12
14 1 L 6
15 1 U 5
16 1 U 15
17 0 U 9
18 0 U 17
19 0 U 18
20 1 U 19
21 1 L -1
22 1 L 4
23 1 U 19
24 0 U 3
25 1 U 24
26 1 U 25
27 0 U 16
28 0 U -1
29 0 U 28
30 0 L -1
31 0 U 30
32 0 U 27
33 1 U 28
34 0 L 24
35 1 U -1
36 1 U 35
37 0 U 36
38 1 U 2
39 1 U 38
40 0 U 36
41 1 U 40
42 0 U 16
43 0 U 29
44 0 U 43
45 0 U 44
46 1 U 45
47 0 U 46
48 1 U 47
49 1 U 40
50 1 U 49
51 0 U 29
52 1 U 38
53 0 U 52
54 1 U 53
55 1 U 54
56 1 U -1
57 0 U 12
58
0 0 U -1
1 1 U 0
2 0 U 1
3 1 U 2
4 0 U 3
5 0 U -1
6 1 U -1
7 1 U -1
8 1 L 2
9 0 L 3
10 0 L 2
11 1 U 10
12 0 U 1
13 0 U 12
14 1 L 6
15 1 L 11
16 1 U 15
17 0 U 9
18 0 U 17
19 0 U 18
20 1 U 19
21 1 L -1
22 1 L 4
23 1 U 19
24 0 U 3
25 1 U 24
26 1 U 25
27 0 U 16
28 0 U -1
29 1 U 25
30 0 L 13
31 1 U 30
32 0 U 31
33 0 L 32
34 0 U 33
35 1 U -1
36 0 U 10
37 0 U 36
38 1 L 12
39 1 U 38
40 0 U 36
41 1 U 15
42 0 U 16
43 0 U 29
44 0 L 24
45 0 U 44
46 1 U 45
47 0 U 46
48 1 U 47
49 1 U 40
50 1 U 49
51 0 U 50
52 1 U 38
53 0 U 4
54 1 U 53
55 1 U 54
56 1 U -1
57 1 U 56
58
0 0 U -1
1 1 U 0
2 0 U 1
3 1 U 2
4 0 U 3
5 0 U -1
6 1 U -1
7 1 U -1
8 1 L 2
9 0 L 3
10 0 L 2
11 1 U 10
12 0 U 1
13 0 U 12
14 1 L 6
15 0 U 14
16 1 U 15
17 0 U 12
18 0 U 17
19 0 U 18
20 1 U 19
21 1 L -1
22 1 L 4
23 1 U 19
24 0 U 3
25 1 U 24
26 0 L 7
27 0 U 16
28 0 U -1
29 0 U 28
30 0 U 12
31 1 U 30
32 0 U 31
33 0 L 32
34 1 U 25
35 1 U -1
36 0 U 7
37 0 L 22
38 1 U 37
39 1 U 38
40 0 U 36
41 1 U 40
42 0 U 16
43 0 U 29
44 0 U 43
45 0 U 44
46 1 U 45
47 0 U 46
48 1 U 47
49 1 U 40
50 1 U 49
51 0 L 43
52 1 U 38
53 0 U 52
54 1 U 53
55 0 U 12
56 0 U -1
57 1 U 56
