44
0 1 U -1
1 1 U 0
2 0 U 1
3 1 U 2
4 0 U 3
5 0 U 4
6 0 U -1
7 1 U 6
8 1 U 7
9 0 U 8
10 1 U 9
11 1 U 10
12 0 U -1
13 1 U 12
14 1 U 13
15 0 U 14
16 1 U 15
17 0 U 16
18 0 U -1
19 1 U 18
20 0 U 19
21 1 U 20
22 0 U 21
23 0 U 22
24 0 U -1
25 0 U 24
26 0 U 25
27 1 U 26
28 0 U 27
29 0 U 28
30 0 U -1
31 1 U 30
32 0 U 31
33 1 U 32
34 0 U 33
35 1 U 34
36 1 U -1
37 0 U 36
38 0 U 37
39 1 U 38
40 1 U 39
41 0 U 40
42 0 U -1
43 1 U 42
44
0 1 U -1
1 1 U 0
2 0 U 1
3 1 U 2
4 0 L 1
5 0 U 4
6 0 U -1
7 0 L 2
8 1 U 7
9 1 U 3
10 1 U 9
11 1 U 2
12 0 U -1
13 1 U 12
14 1 U 13
15 0 U 14
16 1 U 15
17 0 U 16
18 1 U 3
19 1 U 18
20 0 U 19
21 1 U 20
22 0 U 21
23 0 U 22
24 0 U -1
25 0 U 24
26 0 U 25
27 1 U 26
28 0 U 27
29 0 U 28
30 0 U -1
31 1 U 30
32 0 U 31
33 1 U 32
34 0 U 33
35 1 U 34
36 1 U -1
37 0 U 36
38 0 U 37
39 1 U 38
40 1 U 39
41 0 U 40
42 0 U -1
43 1 U 42
44
0 1 U -1
1 1 U 0
2 0 U 1
3 1 U 2
4 0 L 1
5 0 U 4
6 0 U -1
7 0 L 2
8 1 U 7
9 1 U 3
10 1 U 9
11 1 U 2
12 1 U 2
13 1 U 12
14 1 U 13
15 0 U 14
16 1 U 15
17 0 U 16
18 1 U 3
19 1 U 18
20 0 U 19
21 1 U 20
22 0 U 21
23 0 U 22
24 0 U -1
25 0 U 24
26 0 U 25
27 1 U 26
28 0 U 27
29 0 U 28
30 0 U -1
31 1 U 30
32 0 U 31
33 1 U 32
34 0 U 33
35 1 U 34
36 1 U -1
37 0 U 36
38 0 U 37
39 1 U 38
40 1 U 39
41 0 U 40
42 0 U -1
43 1 L 23
44
0 1 U -1
1 1 U 0
2 0 U 1
3 1 U 2
4 0 L 1
5 0 U 4
6 0 U -1
7 0 L 2
8 1 U 7
9 1 U 3
10 1 U 9
11 1 U 2
12 0 U -1
13 1 U 12
14 1 U 13
15 0 U 14
16 1 U 15
17 0 U 16
18 1 U 3
19 1 U 18
20 0 U 19
21 1 U 20
22 0 U 21
23 0 U 22
24 0 U -1
25 0 U 24
26 0 U 25
27 1 U 26
28 0 U 27
29 0 U 10
30 0 U -1
31 1 U 30
32 1 L 19
33 1 L 15
34 0 U 33
35 1 U 34
36 1 U -1
37 0 U 36
38 0 L 33
39 1 U 38
40 1 U 39
41 0 U 40
42 1 L 34
43 0 L 21
44
0 1 U -1
1 1 U 0
2 1 L 1
3 1 U 2
4 0 L 1
5 0 U 4
6 0 U -1
7 0 L 2
8 1 U 7
9 1 U 3
10 1 U 9
11 0 L 9
12 0 U -1
13 1 U 12
14 1 U 13
15 0 L 13
16 1 U 15
17 0 U 16
18 1 U 3
19 1 U 18
20 0 U 19
21 1 U 20
22 0 U 21
23 0 U 22
24 0 U -1
25 0 U 24
26 0 U 25
27 1 U 26
28 1 L 26
29 0 U 28
30 0 U -1
31 1 U 30
32 0 U 31
33 1 U 32
34 1 U 10
35 1 U 34
36 1 U -1
37 0 U 36
38 0 U 37
39 1 U 38
40 1 U 39
41 0 U 40
42 0 U -1
43 0 U 10
44
0 1 U -1
1 1 U 0
2 0 L 0
3 1 U 2
4 0 L 1
5 0 U 4
6 0 U -1
7 0 L 2
8 1 U 7
9 1 U 3
10 1 U 9
11 1 U 2
12 0 U -1
13 1 U 12
14 1 U 13
15 0 U 14
16 1 U 15
17 0 U 16
18 1 U 3
19 1 U 18
20 0 U 19
21 1 U 20
22 0 U 21
23 0 U 22
24 0 U -1
25 1 U 9
26 0 U 25
27 0 U 3
28 0 U 27
29 0 U 28
30 0 U -1
31 1 U 30
32 1 U 6
33 1 U 32
34 0 U 33
35 1 U 34
36 1 U -1
37 0 U 36
38 0 U 26
39 1 U 38
40 1 U 39
41 0 U 40
42 0 U -1
43 1 L 30
44
0 1 U -1
1 1 U 0
2 0 U 1
3 1 U 2
4 0 L 1
5 0 U 4
6 0 U 2
7 0 L 2
8 1 U 7
9 1 U 3
10 1 U 9
11 1 U 2
12 0 U -1
13 1 U 12
14 1 U 13
15 0 U 14
16 1 U 15
17 0 U 16
18 1 U 3
19 1 U 18
20 0 U 19
21 1 U 20
22 0 U 21
23 0 U 22
24 1 U 13
25 0 U 24
26 0 U 25
27 1 U 26
28 0 U 27
29 0 U 28
30 0 U -1
31 1 U 30
32 1 U 15
33 1 U 32
34 0 U 33
35 1 U 34
36 1 U -1
37 0 U 36
38 0 U 37
39 1 U 38
40 1 U 39
41 0 U 40
42 0 U -1
43 0 L 40
44
0 1 U -1
1 1 U 0
2 0 U 1
3 1 U 2
4 0 U 3
5 0 U 4
6 0 U 0
7 0 L 2
8 1 U 7
9 1 U 3
10 1 U 9
11 1 U 2
12 0 U -1
13 1 U 12
14 1 U 13
15 0 U 14
16 1 U 15
17 0 U 12
18 0 L 5
19 1 U 18
20 0 U 19
21 1 U 20
22 0 U 21
23 0 U 22
24 0 U -1
25 0 U 24
26 0 U 25
27 1 U 26
28 0 U 27
29 0 U 28
30 0 U -1
31 1 U 30
32 0 U 31
33 1 U 32
34 1 L 6
35 1 U 34
36 1 U -1
37 1 L 8
38 0 U 37
39 1 U 38
40 0 U 35
41 0 U 40
42 0 U -1
43 1 U 42
44
0 1 U -1
1 1 U 0
2 0 U 1
3 1 U 2
4 0 L 1
5 0 L 3
6 1 L -1
7 0 L 2
8 1 U 7
9 1 U 3
10 1 U 9
11 1 U 2
12 1 U 11
13 1 U 12
14 1 U 13
15 1 L 9
16 1 U 15
17 0 U 16
18 1 U 3
19 1 U 18
20 0 U 19
21 1 L 5
22 0 U 21
23 0 U 22
24 0 U -1
25 0 U 24
26 0 L 12
27 1 U 26
28 0 U 27
29 0 U 28
30 0 U -1
31 1 L 12
32 0 U 31
33 1 L 15
34 0 U 33
35 1 U 34
36 1 U -1
37 0 U 36
38 0 U 37
39 1 U 38
40 1 U 39
41 0 U 40
42 0 U -1
43 1 U 42
44
0 1 U -1
1 1 U 0
2 1 U -1
3 1 U 2
4 0 L 1
5 0 L 4
6 0 U -1
7 0 L 2
8 1 U 7
9 1 U 3
10 1 U 9
11 1 U 2
12 0 U -1
13 1 U 12
14 1 U 13
15 0 U 14
16 1 U 15
17 0 U 16
18 1 U 3
19 1 U 18
20 0 U 19
21 1 U 20
22 0 U 21
23 0 U 22
24 0 U -1
25 0 U 24
26 0 U 25
27 1 U 26
28 0 U 27
29 0 U 28
30 0 U -1
31 1 U 30
32 0 U 31
33 1 U 32
34 0 U 33
35 1 U 20
36 1 U 13
37 0 U 36
38 0 U 37
39 1 U 38
40 1 U 39
41 0 U 40
42 0 U -1
43 1 U 42
44
0 1 U -1
1 1 U 0
2 0 U 1
3 1 U 1
4 0 L 1
5 0 U 4
6 0 U -1
7 0 L 4
8 1 U 7
9 1 U 3
10 1 U 9
11 1 U 2
12 0 U -1
13 1 U 12
14 1 U 13
15 0 U 14
16 1 U 15
17 1 U 7
18 1 U 3
19 0 U 17
20 0 U 19
21 0 U -1
22 1 L 18
23 0 U 22
24 0 U -1
25 0 U 24
26 0 U 18
27 1 U 26
28 0 U 27
29 0 U 28
30 0 U -1
31 1 U 30
32 0 U 31
33 1 U 32
34 0 U 33
35 1 U 34
36 1 U -1
37 1 L 7
38 0 U 37
39 1 U 38
40 1 U 19
41 0 U 40
42 0 U -1
43 1 U 42
44
0 1 U -1
1 1 U 0
2 0 U 1
3 1 U 2
4 0 L 1
5 0 U 4
6 0 U -1
7 0 L 2
8 1 U 7
9 1 U 3
10 1 U 9
11 1 U 2
12 0 U -1
13 1 U 12
14 1 U 13
15 0 U 14
16 1 U 15
17 0 U 16
18 1 U 3
19 1 U 18
20 0 U 19
21 1 U 20
22 0 U 21
23 0 U 20
24 0 U -1
25 0 U 24
26 0 U 25
27 1 U 26
28 0 U 27
29 0 U 28
30 0 U -1
31 1 U 7
32 0 U 31
33 0 U 21
34 0 L 17
35 1 U 34
36 1 U -1
37 0 U 36
38 1 U 6
39 1 U 38
40 1 U 39
41 0 U 40
42 0 U -1
43 1 U 42
44
0 1 U -1
1 1 U 0
2 0 U 1
3 1 U 2
4 0 L 1
5 0 U 4
6 0 U -1
7 0 L 2
8 1 U 7
9 1 U 3
10 1 U 9
11 1 U 2
12 0 U -1
13 1 U 12
14 1 U 13
15 0 U 10
16 1 U 15
17 0 U 16
18 1 U 3
19 1 U 18
20 0 U 19
21 1 U 20
22 0 U 21
23 1 L 10
24 0 U -1
25 0 U 24
26 0 U 25
27 1 U 26
28 0 U 27
29 0 U 28
30 0 U -1
31 1 U 30
32 0 U 31
33 1 U 32
34 0 U 33
35 0 L 7
36 1 U -1
37 0 U 36
38 0 U 37
39 1 U 38
40 1 U 39
41 0 U 40
42 0 U -1
43 1 U 42
44
0 0 U -1
1 1 U 0
2 0 U 1
3 1 U 2
4 0 L 1
5 0 U 4
6 0 U -1
7 0 L 2
8 1 U 7
9 1 U 3
10 1 U 9
11 1 U 2
12 0 U -1
13 1 U 12
14 1 U 13
15 0 U 14
16 1 U 15
17 0 U 16
18 1 U 3
19 1 U 18
20 0 U 19
21 1 U 20
22 0 U 21
23 0 U 22
24 0 L 22
25 0 U 24
26 0 U 25
27 1 U 26
28 0 U 0
29 0 U 28
30 0 U -1
31 1 U 30
32 0 U 31
33 1 U 32
34 0 U 33
35 1 U 34
36 1 U -1
37 0 U 36
38 0 U 37
39 1 U 38
40 1 U 39
41 0 U 40
42 0 L 23
43 1 U 42
44
0 1 U -1
1 1 U 0
2 0 U 1
3 1 U 2
4 0 L 1
5 0 U 4
6 0 U -1
7 0 L 2
8 1 U 7
9 1 U 3
10 1 U 9
11 1 U 2
12 0 U -1
13 1 U 12
14 1 U -1
15 0 U 14
16 1 U 12
17 0 U 16
18 1 U 3
19 1 U 18
20 0 U 19
21 1 U 20
22 0 U 21
23 0 U 22
24 0 U -1
25 0 U 24
26 0 U 25
27 0 L 26
28 0 U 27
29 0 U 28
30 0 U -1
31 1 U 30
32 0 U 31
33 1 U 32
34 0 U 33
35 1 U 34
36 1 U -1
37 0 U 36
38 0 U 37
39 1 U 38
40 1 U 39
41 0 U 40
42 0 U -1
43 1 U 42
44
0 1 U -1
1 1 U 0
2 0 U 1
3 1 U 2
4 0 L 1
5 0 U 4
6 0 U -1
7 0 L 2
8 1 U 7
9 1 U 3
10 1 U 9
11 1 U 2
12 0 U -1
13 1 U 12
14 1 U -1
15 0 U 10
16 1 U 12
17 0 U 16
18 1 U 3
19 1 U 18
20 0 U 19
21 1 U 20
22 0 U 21
23 0 U 22
24 0 U -1
25 0 U 12
26 0 U 25
27 0 L 26
28 0 U 27
29 0 U 28
30 0 U -1
31 1 U 30
32 0 U 31
33 1 U 32
34 0 U 33
35 1 L 27
36 1 U -1
37 0 U 36
38 0 U 37
39 1 U 38
40 1 U 39
41 0 U 40
42 0 U -1
43 1 U 42
44
0 1 U -1
1 1 U 0
2 0 U 1
3 1 U 2
4 0 L 1
5 0 U 4
6 1 L 0
7 0 U 6
8 1 U 7
9 1 U 3
10 1 U 9
11 1 U 2
12 0 U -1
13 1 U 12
14 1 U -1
15 0 U 14
16 1 U 12
17 0 U 16
18 1 U 3
19 1 U 18
20 0 U 19
21 1 U 2
22 0 U 21
23 0 U 22
24 0 U -1
25 0 U 24
26 0 U 25
27 0 L 26
28 0 U 27
29 0 U 28
30 0 U -1
31 1 U 30
32 0 U 31
33 1 U 32
34 1 L 23
35 1 U 34
36 1 U -1
37 0 U 36
38 0 U 37
39 1 U 38
40 1 U 39
41 0 U 40
42 0 U -1
43 1 U 42
44
0 1 U -1
1 0 L 0
2 0 U 1
3 1 U 2
4 0 L 1
5 0 U 4
6 0 U -1
7 0 L 2
8 1 U 7
9 1 U 3
10 1 U 9
11 1 U 2
12 0 U -1
13 1 U 12
14 1 U -1
15 0 U 14
16 1 U 9
17 0 L 5
18 1 U 3
19 1 U 18
20 0 U 19
21 1 U 20
22 0 U 21
23 0 U 22
24 0 U -1
25 0 U 24
26 0 U 25
27 0 L 26
28 0 U 27
29 0 U 28
30 0 U -1
31 1 U 30
32 0 U 31
33 1 L 31
34 0 U 33
35 1 U 34
36 1 L 19
37 1 L 36
38 0 U 37
39 1 L -1
40 1 U 39
41 0 U 40
42 0 U -1
43 1 U 42
44
0 1 U -1
1 1 U 0
2 0 U 1
3 1 U 2
4 0 L 1
5 0 U 4
6 0 U -1
7 0 L 2
8 1 U 7
9 0 L -1
10 1 U 9
11 1 U 2
12 0 U -1
13 0 U 7
14 0 L 5
15 0 U 14
16 1 U 12
17 0 U 16
18 1 U 3
19 1 U 18
20 0 U 19
21 1 U 20
22 0 U 21
23 0 U 22
24 1 L 6
25 0 U 24
26 0 U 25
27 0 L 26
28 0 L 11
29 0 U 28
30 0 U -1
31 1 U 23
32 0 U 31
33 1 U 32
34 0 U 33
35 0 L 9
36 1 U -1
37 0 U 36
38 0 U 37
39 0 U 23
40 1 U 39
41 0 U 40
42 0 U -1
43 1 U 42
44
0 1 U -1
1 1 U 0
2 0 U 1
3 1 U 2
4 0 L 1
5 0 U 4
6 0 U -1
7 0 L 2
8 1 U 7
9 1 U 3
10 1 U 9
11 1 L 5
12 0 U -1
13 1 U 12
14 1 U -1
15 0 U 14
16 1 U 12
17 0 U 16
18 1 U 3
19 1 U 18
20 0 U 19
21 1 U 20
22 0 U 21
23 0 U 22
24 0 U -1
25 0 U 24
26 0 U 25
27 0 L 26
28 0 U 27
29 1 L 11
30 0 U 3
31 1 U 30
32 0 U 31
33 1 U 32
34 0 U 33
35 1 U 34
36 1 U -1
37 0 U 36
38 0 U 37
39 1 U 38
40 1 U 39
41 0 U 40
42 0 U -1
43 1 U 42
44
0 1 U -1
1 1 U 0
2 0 U 1
3 1 U 2
4 0 L 1
5 0 U 4
6 0 U -1
7 0 L 2
8 1 U 7
9 1 U 3
10 0 L 2
11 1 U 2
12 0 U -1
13 1 U 12
14 1 U -1
15 0 U 14
16 1 U 12
17 0 U 16
18 1 U 3
19 1 U 18
20 0 U 19
21 1 U 20
22 0 U 21
23 0 U 22
24 0 U -1
25 0 U 24
26 1 U 24
27 0 L 26
28 0 U 27
29 0 U 28
30 0 U 18
31 1 U 30
32 0 U 31
33 1 U 32
34 0 U 33
35 1 U 34
36 1 U -1
37 0 U 36
38 1 L 37
39 1 U 38
40 1 U 39
41 0 U 40
42 0 U -1
43 1 U 42
44
0 1 U -1
1 1 U 0
2 0 U 1
3 1 U 2
4 0 L 1
5 1 U 1
6 0 U -1
7 0 L 2
8 1 U 7
9 1 U 3
10 1 U 9
11 1 U 2
12 0 U -1
13 1 U 12
14 1 U -1
15 0 U 14
16 1 U 12
17 0 L 6
18 1 U 3
19 1 U 18
20 0 U 19
21 1 U 20
22 0 U 21
23 0 U 22
24 0 U -1
25 0 U 24
26 0 U 25
27 0 L 26
28 0 U 27
29 0 U 28
30 0 U -1
31 1 U 30
32 1 U 27
33 1 U 32
34 0 U 33
35 1 U 34
36 1 U -1
37 0 L 12
38 0 U 37
39 1 U 38
40 1 U 39
41 0 U 40
42 0 U -1
43 1 U 42
44
0 1 U -1
1 1 U -1
2 0 U 1
3 1 U 2
4 0 L 1
5 0 U 4
6 0 U -1
7 0 L 2
8 1 U 7
9 1 U 3
10 1 U 9
11 1 U 2
12 0 U -1
13 1 U 12
14 1 U -1
15 0 U 14
16 1 U 12
17 0 U 16
18 1 U 3
19 1 U 18
20 0 U 19
21 1 U 20
22 0 U 21
23 0 U 22
24 0 U -1
25 0 U 24
26 0 U 25
27 0 L 26
28 0 U 27
29 0 U 28
30 0 U -1
31 1 U 30
32 0 U 31
33 1 U 32
34 0 L 28
35 1 U 34
36 1 U -1
37 0 U 36
38 0 U 37
39 1 U 38
40 1 U 39
41 0 U 35
42 0 U -1
43 1 U 42
44
0 1 U -1
1 1 U 0
2 0 U 1
3 1 U 2
4 0 L 1
5 0 U 4
6 0 U -1
7 0 L 2
8 1 U 7
9 1 U 0
10 1 U 9
11 1 U 2
12 0 U -1
13 1 U 12
14 1 U -1
15 0 U 14
16 1 L 15
17 0 U 16
18 1 U 3
19 1 U 18
20 0 U 19
21 1 U 20
22 0 L 17
23 0 U 22
24 0 U -1
25 0 U 24
26 0 U 25
27 1 L 16
28 0 U 27
29 0 U 28
30 0 U -1
31 1 U 30
32 0 U 31
33 1 U 32
34 0 U 33
35 1 U 34
36 1 U -1
37 0 U 36
38 0 U 37
39 1 U 38
40 1 U 39
41 0 U 40
42 0 U 15
43 1 U 42
44
0 1 U -1
1 1 U 0
2 0 U 1
3 1 U 2
4 1 U -1
5 0 U 4
6 1 L -1
7 0 L 2
8 0 U 0
9 1 U 3
10 1 U 9
11 1 U 2
12 0 U -1
13 1 U 12
14 1 U -1
15 0 U 14
16 1 U 12
17 0 U 16
18 1 U 3
19 1 U 18
20 0 U 19
21 1 U 20
22 0 U 21
23 0 U 22
24 1 L 4
25 0 U 24
26 0 U 25
27 0 U 2
28 0 U 27
29 0 U 28
30 0 U -1
31 1 U 30
32 0 U 31
33 1 U 32
34 0 U 33
35 1 U 34
36 1 U -1
37 0 U 36
38 0 U 37
39 1 U 38
40 1 L 39
41 0 U 40
42 0 U -1
43 1 U 42
44
0 1 U -1
1 1 U 0
2 0 U -1
3 1 U 2
4 0 L 1
5 0 U 4
6 0 U -1
7 0 L 2
8 1 U 7
9 1 U 3
10 1 U 9
11 1 U 2
12 0 U -1
13 1 U 12
14 1 U -1
15 0 U 0
16 1 U 12
17 0 U 16
18 1 U 3
19 1 U 18
20 0 U 19
21 1 U 20
22 0 U 21
23 0 U 22
24 0 U -1
25 0 U 24
26 0 U 25
27 0 L 26
28 0 U 27
29 0 U 28
30 1 L 23
31 1 L 6
32 0 U 31
33 1 L 24
34 0 U 33
35 0 L 7
36 1 U -1
37 0 U 36
38 0 U 37
39 1 U 38
40 1 U 39
41 0 U 40
42 0 U -1
43 1 L 31
44
0 1 U -1
1 1 U 0
2 0 U 1
3 1 U 2
4 0 L 1
5 0 U 4
6 0 U -1
7 0 L 2
8 1 U 7
9 1 U 3
10 1 U 9
11 1 U 2
12 0 U -1
13 0 U -1
14 1 U -1
15 0 U 14
16 1 U 12
17 0 U 16
18 1 U 3
19 1 U 18
20 0 U 19
21 1 U 20
22 0 U 21
23 0 U 22
24 0 U -1
25 0 U 24
26 0 U 25
27 1 U 9
28 0 U 27
29 0 U 28
30 0 U -1
31 1 U 30
32 0 U 31
33 1 U 32
34 0 U 33
35 1 U 34
36 1 U -1
37 0 U 36
38 0 U 37
39 1 U 38
40 1 U 39
41 0 U 40
42 1 U 28
43 1 U 42
44
0 1 U -1
1 1 U 0
2 0 U 1
3 1 U 2
4 0 L 1
5 0 U 4
6 0 U -1
7 0 L 2
8 1 U 7
9 1 U 3
10 1 U 9
11 1 U 2
12 0 U -1
13 1 U 12
14 1 U -1
15 0 U 14
16 1 U 12
17 0 U 16
18 1 U 3
19 1 U 18
20 0 U 19
21 1 U 20
22 0 U 21
23 0 U 22
24 0 U -1
25 0 U 24
26 0 L 18
27 0 L 26
28 0 U 27
29 0 U 28
30 0 U -1
31 1 U 30
32 0 U 31
33 1 U 32
34 0 U 33
35 1 U 34
36 1 U -1
37 0 U 36
38 0 U 37
39 1 U 38
40 1 U 39
41 0 U 40
42 0 U -1
43 1 U 42
44
0 1 U -1
1 1 U 0
2 0 U 1
3 1 U 2
4 0 L 1
5 0 U 4
6 0 U -1
7 0 L 2
8 1 U 7
9 1 U 3
10 1 U 9
11 1 U 2
12 0 U -1
13 1 U 12
14 1 U -1
15 0 U 14
16 1 U 12
17 0 U 16
18 1 U 3
19 1 U 18
20 0 U 19
21 1 U 20
22 0 U 21
23 0 U 22
24 0 U -1
25 0 U 24
26 0 U 25
27 0 L 26
28 0 U 27
29 0 U 28
30 0 U -1
31 1 U 30
32 0 U 31
33 1 U 32
34 0 U 33
35 1 U 34
36 1 U -1
37 0 U 36
38 0 U 37
39 0 U 31
40 1 U 39
41 0 U 40
42 0 U -1
43 1 U 42
44
0 1 U -1
1 1 L 0
2 0 U 1
3 1 U 2
4 0 L 1
5 0 U 4
6 0 U -1
7 0 L 2
8 1 U 7
9 1 U 3
10 1 U 9
11 1 U 2
12 0 U -1
13 1 U 12
14 1 U -1
15 0 U 14
16 1 U 12
17 0 U 16
18 1 L 15
19 1 U 18
20 0 U 19
21 1 U 20
22 0 U 21
23 0 U 22
24 1 U 8
25 0 U 24
26 0 U 25
27 0 L 26
28 0 U 27
29 0 U 28
30 0 U -1
31 1 U 25
32 0 U 31
33 1 U 32
34 0 U 33
35 1 U 34
36 1 U -1
37 0 U 36
38 0 U 37
39 1 U 38
40 1 U 39
41 0 U 40
42 0 U -1
43 1 U 42
44
0 1 U -1
1 1 U 0
2 0 U 1
3 0 L 1
4 0 L 1
5 0 U 4
6 0 U -1
7 0 L 2
8 1 U 7
9 1 U 3
10 1 U 9
11 1 U 0
12 0 U -1
13 1 U 12
14 1 U -1
15 0 U 14
16 1 U 12
17 1 L 2
18 1 U 3
19 1 U 18
20 0 U 19
21 1 U 20
22 1 U 14
23 0 U 22
24 1 U 14
25 0 U 24
26 0 U 25
27 0 L 26
28 0 U 27
29 0 U 28
30 0 U -1
31 1 U 30
32 0 U 31
33 1 U 32
34 0 U 33
35 1 U 34
36 1 U -1
37 0 U 36
38 0 U 37
39 1 U 38
40 1 U 39
41 0 U 40
42 0 U -1
43 1 U 42
44
0 1 U -1
1 1 U -1
2 0 U 1
3 1 U 2
4 0 L 1
5 0 U 4
6 0 U -1
7 0 L 2
8 1 U 7
9 1 U 1
10 1 U 9
11 1 U 2
12 0 U -1
13 1 U 12
14 1 U -1
15 0 U 14
16 1 U 12
17 0 U 16
18 1 U 3
19 1 U 18
20 0 U 19
21 0 L 8
22 0 U 21
23 0 U 22
24 0 U -1
25 0 U 24
26 0 U 25
27 0 L 26
28 0 U 27
29 0 U 28
30 0 L 5
31 1 U 30
32 0 U 31
33 1 U 32
34 0 U 33
35 1 U 34
36 1 U -1
37 0 U 36
38 0 L 21
39 1 U 38
40 1 U 39
41 0 U 40
42 0 U -1
43 1 U 42
44
0 1 U -1
1 1 U 0
2 0 U 1
3 1 U 2
4 0 L 1
5 0 U 4
6 0 U -1
7 0 U 4
8 1 U 7
9 0 L 7
10 1 U 9
11 1 U 2
12 0 U -1
13 1 U 12
14 1 U -1
15 0 U 14
16 1 U 1
17 0 U 16
18 1 U 3
19 0 L 8
20 0 U 19
21 1 U 20
22 0 U 21
23 0 U 11
24 0 U -1
25 0 U 24
26 1 U 13
27 0 L 26
28 0 U 27
29 0 U 28
30 0 U -1
31 0 U 4
32 1 U 4
33 1 U 32
34 0 U 33
35 1 U 34
36 1 U -1
37 0 U 36
38 0 U 37
39 1 U 38
40 1 U 39
41 0 U 17
42 0 U -1
43 1 U 42
44
0 1 U -1
1 1 U 0
2 0 U 1
3 1 U 2
4 0 L 1
5 0 U 4
6 0 U -1
7 0 L 2
8 1 U 7
9 1 U 3
10 1 U 9
11 1 U 2
12 0 U -1
13 1 U 12
14 1 U -1
15 0 U 14
16 1 U 12
17 0 U 16
18 1 U 3
19 1 U 18
20 0 U 19
21 1 U 20
22 0 U 21
23 0 U 22
24 0 U -1
25 0 U 24
26 0 U 25
27 0 L 26
28 0 U 27
29 0 U 28
30 0 U -1
31 1 U 30
32 0 U 31
33 1 U 32
34 1 U 21
35 1 U 34
36 0 U 29
37 0 U 36
38 0 U 37
39 1 U 38
40 1 U 39
41 0 U 40
42 0 U -1
43 1 U 42
44
0 1 U -1
1 1 U 0
2 0 L 0
3 1 U 2
4 0 L 1
5 0 U 4
6 0 U -1
7 0 L 2
8 1 U 7
9 1 U 3
10 1 U 9
11 1 U 2
12 0 U -1
13 1 U 12
14 1 U -1
15 0 U 14
16 1 U 12
17 0 U 16
18 1 U 3
19 1 U 18
20 0 U 19
21 1 U 20
22 1 L 9
23 0 U 22
24 0 U -1
25 0 U 24
26 1 U 22
27 0 L 26
28 0 U 27
29 0 U 28
30 0 U -1
31 1 U 30
32 0 U 31
33 1 U 32
34 0 U 33
35 1 U 34
36 1 U -1
37 0 U 15
38 0 U 37
39 1 U 38
40 1 U 39
41 0 U 40
42 0 U -1
43 1 U 42
44
0 1 U -1
1 1 U 0
2 0 U 1
3 0 U 1
4 0 L 1
5 0 U 4
6 0 U -1
7 0 L 2
8 1 U 7
9 1 U 3
10 1 U 9
11 1 U 2
12 0 U -1
13 1 U 12
14 1 U -1
15 0 U 14
16 1 U 12
17 0 U 16
18 1 U 3
19 1 U 18
20 0 U 19
21 1 U 20
22 0 U 21
23 0 U 22
24 0 U -1
25 0 U 24
26 0 U 25
27 0 L 26
28 0 U 27
29 0 U 28
30 0 U -1
31 1 U 30
32 0 U 31
33 1 U 32
34 0 U 33
35 1 U 34
36 1 U -1
37 1 L 6
38 0 U 37
39 1 U 38
40 1 U 39
41 0 U 40
42 0 U -1
43 1 U 42
44
0 1 U -1
1 1 U 0
2 0 U 1
3 0 U 1
4 0 L 1
5 0 U 4
6 0 U -1
7 0 L 2
8 1 U 7
9 1 U 3
10 1 U 9
11 1 U 2
12 0 U -1
13 1 U 12
14 1 U -1
15 1 U 0
16 1 U 12
17 0 U 16
18 1 U 3
19 1 U 18
20 0 U 19
21 1 U 20
22 0 U 15
23 0 U 22
24 0 U -1
25 0 U 24
26 0 U 25
27 0 L 26
28 0 U 27
29 0 U 28
30 0 U -1
31 0 U 18
32 0 U 31
33 1 U 32
34 0 U 33
35 1 U 34
36 1 U -1
37 0 U 36
38 0 U 37
39 1 U 38
40 1 U 39
41 0 U 40
42 0 U -1
43 1 U 42
44
0 1 U -1
1 1 U 0
2 0 U -1
3 1 U 2
4 0 L 1
5 0 U 4
6 0 U -1
7 0 L 6
8 1 U 7
9 1 L 1
10 1 U 9
11 1 U 2
12 0 U -1
13 1 U 12
14 1 U -1
15 0 U 14
16 1 U 12
17 0 U 16
18 1 U 3
19 1 U 5
20 0 U 19
21 1 U 20
22 0 U 21
23 0 U 22
24 0 U -1
25 0 U 24
26 0 U 25
27 1 U 21
28 0 U 27
29 0 U 28
30 1 U 9
31 1 U 30
32 0 U 31
33 1 U 32
34 0 U 33
35 1 U 14
36 1 L 10
37 0 U 36
38 0 U 37
39 1 U 38
40 1 U 39
41 0 U 40
42 0 U -1
43 1 U 42
44
0 1 U -1
1 1 U 0
2 0 U 1
3 0 L 1
4 0 L 1
5 0 U 4
6 0 U -1
7 0 L 2
8 1 U 7
9 0 L -1
10 1 U 9
11 1 U 2
12 0 U -1
13 1 U 12
14 1 U -1
15 0 U 14
16 1 U 12
17 0 U 16
18 1 U 3
19 1 U 18
20 0 U 19
21 1 U 20
22 0 U 21
23 0 U 22
24 0 U -1
25 0 U 24
26 0 U 25
27 0 L 26
28 0 U 27
29 0 U 28
30 0 U -1
31 1 U 30
32 0 U 31
33 1 U 32
34 0 U 33
35 1 U 34
36 1 U -1
37 0 L 3
38 0 U -1
39 1 U 38
40 1 U 39
41 0 U 40
42 0 U -1
43 1 U 42
44
0 1 U -1
1 1 L 0
2 0 U 0
3 1 U 2
4 0 L 1
5 0 U 4
6 0 U -1
7 0 L 2
8 1 U 7
9 1 U 3
10 1 U 9
11 1 U 2
12 0 U -1
13 1 U 12
14 1 U -1
15 0 U 14
16 1 U 12
17 0 U 16
18 1 U 3
19 1 U 18
20 0 U 19
21 0 L 15
22 0 U 18
23 0 U 22
24 0 U -1
25 0 U 24
26 0 U 25
27 0 L 26
28 0 U 27
29 0 U 28
30 0 U -1
31 1 U 30
32 0 U 31
33 1 U 32
34 0 U 33
35 1 U 34
36 1 U -1
37 0 U 36
38 0 U 37
39 1 U 38
40 0 L 12
41 0 U 40
42 0 U -1
43 1 U 42
44
0 1 U -1
1 1 U 0
2 0 U 1
3 1 U 2
4 0 L 1
5 0 U 4
6 0 U -1
7 0 L 2
8 1 U 7
9 1 U 3
10 1 U 9
11 1 U 2
12 0 U -1
13 1 U 12
14 1 U -1
15 0 U 14
16 1 U 12
17 0 U 16
18 1 U 3
19 1 U 18
20 0 U 19
21 1 U 20
22 0 L 9
23 0 U 22
24 0 U -1
25 0 U 24
26 0 L 18
27 0 L 26
28 0 U 27
29 1 U 23
30 0 U -1
31 1 L 23
32 0 U 31
33 1 U 32
34 0 U 33
35 1 U 34
36 1 U -1
37 0 U 36
38 0 U 37
39 0 L 31
40 1 U 39
41 0 U 40
42 0 U -1
43 1 U 42
44
0 1 U -1
1 1 U 0
2 0 U 1
3 1 U 2
4 0 U 1
5 0 U 4
6 0 U -1
7 0 L 2
8 1 U 7
9 1 U 3
10 1 U 9
11 1 U 1
12 0 U -1
13 1 U 12
14 1 U -1
15 0 U 14
16 1 U 12
17 0 U 16
18 1 U 3
19 1 U 18
20 0 U 19
21 1 U 20
22 0 U 21
23 0 U 22
24 0 U -1
25 0 U 24
26 0 U 25
27 0 L 26
28 0 U 27
29 0 U 28
30 0 U -1
31 1 U 30
32 1 L -1
33 1 U 32
34 0 U 33
35 1 U 34
36 1 U -1
37 0 U 36
38 0 U 37
39 1 U 38
40 1 U 39
41 0 U 40
42 1 U 36
43 1 U 42
44
0 1 U -1
1 1 U 0
2 1 L 1
3 1 U 2
4 0 L 1
5 0 U 4
6 0 L 0
7 1 L 4
8 1 U 7
9 1 U 3
10 1 U 9
11 1 U 2
12 0 U -1
13 1 U 12
14 1 U -1
15 1 L 10
16 1 U 12
17 0 U 16
18 1 U 3
19 1 U 18
20 0 U 19
21 0 U 11
22 0 U 21
23 0 U 8
24 0 U -1
25 0 U 24
26 0 U 25
27 0 L 26
28 0 U 27
29 0 U 28
30 0 U -1
31 1 U 30
32 0 U 31
33 1 U 32
34 0 U 33
35 1 U 34
36 1 U -1
37 0 U 36
38 0 U 37
39 1 U 38
40 1 U 39
41 1 L 4
42 0 U -1
43 1 U 42
44
0 1 U -1
1 1 U 0
2 0 U 1
3 1 U 2
4 0 L 1
5 0 U 4
6 0 U -1
7 0 L 2
8 1 U 7
9 1 U 3
10 1 U 9
11 1 U 2
12 0 U -1
13 1 U 12
14 1 U -1
15 0 U 14
16 1 U 12
17 0 U 16
18 1 U 3
19 1 U 18
20 0 U 19
21 1 U 20
22 0 U 21
23 0 U 22
24 0 U -1
25 0 U 24
26 0 U 25
27 0 L 26
28 0 U 27
29 0 U 28
30 0 U -1
31 1 U 30
32 0 U 31
33 1 U 32
34 0 U 33
35 1 U 34
36 1 U -1
37 1 U 6
38 0 U 37
39 1 U 38
40 1 U 39
41 0 U 40
42 0 U -1
43 1 U 42
44
0 1 U -1
1 1 U 0
2 0 U 1
3 1 U 2
4 0 L 1
5 0 U 4
6 0 U -1
7 0 L 2
8 1 U 7
9 1 U 3
10 1 L 8
11 1 U 2
12 0 U -1
13 1 U 12
14 1 U -1
15 0 U 14
16 1 U 12
17 0 U 16
18 1 U 3
19 1 U 18
20 0 U 19
21 1 U 20
22 0 U 21
23 0 U 22
24 0 U -1
25 0 U 24
26 0 U 25
27 0 L 26
28 0 U 27
29 0 U 28
30 0 U -1
31 1 U 30
32 0 U 31
33 1 U 32
34 0 U 33
35 0 U 1
36 1 U -1
37 0 U 36
38 0 U 37
39 1 U 38
40 0 U 24
41 0 U 40
42 0 U -1
43 1 U 42
44
0 1 U -1
1 1 U 0
2 0 U 1
3 1 U 2
4 0 L 1
5 0 U 4
6 0 U -1
7 0 L 2
8 0 U 4
9 1 U 3
10 1 U 9
11 1 U 2
12 0 U -1
13 1 U 12
14 1 U -1
15 1 L 4
16 1 U 12
17 0 U 16
18 1 U 3
19 1 L 10
20 0 U 19
21 1 U 20
22 0 U 21
23 0 U 22
24 0 U -1
25 0 U 24
26 0 U 25
27 0 L 26
28 0 U 27
29 0 U 28
30 0 U -1
31 1 U 30
32 0 U 31
33 1 U 32
34 0 U 33
35 1 U 34
36 1 U -1
37 0 U 36
38 0 U 37
39 1 L 33
40 1 U 39
41 0 U 40
42 0 U -1
43 1 U 42
44
0 1 U -1
1 1 U 0
2 0 U 1
3 1 U 2
4 0 L 1
5 0 U 4
6 0 U -1
7 0 L 2
8 1 U 7
9 1 U 3
10 1 U 9
11 1 U 2
12 0 U -1
13 1 U 12
14 1 U -1
15 0 U 14
16 1 U 12
17 0 U 16
18 1 U 3
19 1 U 18
20 0 U 19
21 1 U 20
22 0 L 1
23 0 U 22
24 0 U -1
25 0 U 24
26 0 L 11
27 0 L 9
28 0 U 27
29 0 U 28
30 0 U -1
31 1 U 30
32 0 U 31
33 0 L 22
34 0 U 33
35 1 U 34
36 1 U -1
37 0 U 36
38 0 U 37
39 1 U 38
40 1 U 39
41 0 U 40
42 0 U -1
43 1 U 42
44
0 1 U -1
1 0 L 0
2 0 U 1
3 1 U 2
4 1 L 0
5 0 U 4
6 0 U -1
7 0 L 2
8 1 U 7
9 1 U 3
10 1 U 9
11 1 U 2
12 0 U -1
13 1 U 12
14 1 U -1
15 0 U 14
16 1 U 12
17 0 U 16
18 1 U 3
19 1 U 18
20 0 U 19
21 1 U 20
22 0 U 21
23 0 U -1
24 0 U 8
25 0 U 24
26 0 L 25
27 0 L 26
28 0 U 27
29 0 U 28
30 0 U -1
31 1 U 30
32 0 U 31
33 1 U 32
34 0 U 33
35 1 U 34
36 1 U -1
37 0 U 36
38 1 U 17
39 1 U 38
40 1 U 39
41 0 U 40
42 0 U -1
43 1 U 42
44
0 1 U -1
1 1 L 0
2 0 U 1
3 1 U 2
4 0 L 1
5 0 U 4
6 0 U -1
7 0 L 2
8 1 U 7
9 1 U 3
10 1 U 9
11 1 U 2
12 0 U -1
13 1 U 12
14 1 U -1
15 0 U 14
16 1 U 12
17 0 U 16
18 1 U 3
19 1 U 18
20 0 U 19
21 1 U 20
22 0 U 21
23 0 U 22
24 0 U -1
25 0 U 24
26 0 U 25
27 0 L 26
28 0 U 27
29 0 U 28
30 0 U -1
31 1 U 30
32 1 U 19
33 1 U 8
34 0 U 33
35 1 U 34
36 1 U -1
37 0 U 36
38 0 U 37
39 0 L 9
40 1 U 39
41 0 U 40
42 0 U -1
43 1 U 42
44
0 1 U -1
1 0 U 0
2 1 U -1
3 1 U 2
4 0 L 1
5 0 U 4
6 0 U -1
7 0 L 2
8 1 U 7
9 1 U 3
10 1 U 9
11 1 U 2
12 0 U -1
13 1 U 12
14 1 U 0
15 0 U 14
16 1 U 12
17 0 U 16
18 1 U 3
19 0 U 3
20 0 U 19
21 1 U 20
22 0 U 21
23 0 U 22
24 0 U -1
25 0 U 24
26 0 U 25
27 0 L 26
28 0 U 27
29 0 U 28
30 0 U -1
31 1 U 30
32 0 U 31
33 1 U 32
34 0 U 33
35 1 U 34
36 1 U -1
37 0 U 36
38 0 U 37
39 1 U 38
40 1 U 39
41 0 U 40
42 0 U -1
43 1 U 42
44
0 1 U -1
1 1 U 0
2 0 U 1
3 1 U 2
4 0 L 1
5 0 U 4
6 0 U -1
7 0 L 2
8 1 U 7
9 1 U 3
10 1 U 9
11 1 U 2
12 0 U -1
13 1 U 12
14 1 U -1
15 0 U 14
16 1 U 12
17 0 U 16
18 1 U 3
19 1 U 18
20 0 U 19
21 1 U 20
22 0 U 21
23 0 U 22
24 0 U -1
25 0 U 24
26 0 U 25
27 0 L 26
28 0 U 27
29 0 U 28
30 0 U -1
31 1 U 30
32 1 U 20
33 1 U 32
34 0 U 33
35 1 U 13
36 1 U -1
37 0 U 36
38 0 U 37
39 1 U 38
40 1 U 39
41 0 U 40
42 0 U -1
43 1 U 42
44
0 1 U -1
1 1 U 0
2 0 U 1
3 1 U 2
4 0 L 1
5 0 U 4
6 0 U -1
7 0 U 0
8 1 U 7
9 1 U 3
10 1 U 9
11 1 U 2
12 0 U -1
13 1 U 12
14 1 U -1
15 0 U 14
16 1 U 12
17 0 U 16
18 1 U 3
19 1 U 18
20 0 U 19
21 1 U 20
22 0 U 21
23 0 U 22
24 0 U -1
25 0 U 12
26 0 U 25
27 0 L 26
28 1 L 9
29 0 U 28
30 0 U -1
31 1 U 30
32 0 U 31
33 1 U 32
34 0 U 33
35 1 U 34
36 1 U -1
37 0 U 36
38 0 U 37
39 1 U 38
40 1 U 39
41 0 U 40
42 0 U -1
43 1 U 42
44
0 1 U -1
1 1 U 0
2 0 U 1
3 1 U 2
4 0 L 1
5 0 U 4
6 0 U -1
7 0 L 2
8 1 U 7
9 1 U 3
10 1 U 9
11 1 U 2
12 0 U -1
13 1 U 7
14 1 U -1
15 0 U 14
16 1 U 12
17 0 U 16
18 1 U 6
19 1 U 18
20 1 L 11
21 1 U 20
22 0 U 21
23 1 L 3
24 0 U 21
25 0 U 24
26 0 U 25
27 0 L 26
28 0 U 27
29 0 U 28
30 1 U 1
31 1 U 30
32 0 U 31
33 1 U 32
34 0 U 33
35 1 U 34
36 1 U -1
37 0 U 36
38 0 U 26
39 1 L -1
40 0 U 38
41 0 U 40
42 0 U -1
43 1 U 42
44
0 1 U -1
1 1 U 0
2 0 U 1
3 1 U 2
4 0 L 1
5 0 U 4
6 0 U -1
7 1 U 4
8 1 U 7
9 1 U 3
10 1 U 9
11 1 U 2
12 0 U -1
13 1 U 12
14 1 U -1
15 0 U 14
16 1 U 12
17 0 U 16
18 1 U 3
19 1 U 18
20 0 U 19
21 0 L 15
22 0 U 21
23 0 U 22
24 0 U -1
25 0 U 24
26 1 U -1
27 0 L 26
28 0 U 27
29 0 U 28
30 0 U -1
31 1 U 30
32 0 L 27
33 1 U 32
34 0 U 33
35 1 L 2
36 1 U -1
37 0 U 36
38 0 U 37
39 1 U 38
40 1 U 39
41 0 U 40
42 0 U -1
43 1 U 42
44
0 1 U -1
1 1 U 0
2 0 U 1
3 1 U 2
4 0 L 1
5 0 U 4
6 0 U -1
7 0 L 2
8 1 U 7
9 1 U 3
10 1 U 9
11 1 U 2
12 1 U 10
13 1 U 12
14 1 U -1
15 0 U 14
16 0 U 0
17 0 U 16
18 1 U 3
19 1 U 18
20 0 U 19
21 1 U 20
22 0 U 21
23 0 U 22
24 1 L 4
25 0 U 24
26 0 U 25
27 0 L 26
28 0 U 27
29 0 U 28
30 0 U -1
31 1 U 30
32 0 U 31
33 1 U 32
34 0 U 33
35 1 U 34
36 1 U -1
37 1 L 31
38 0 U 37
39 0 U 26
40 1 U 39
41 0 U 40
42 0 U -1
43 1 U 42
44
0 0 U -1
1 1 U 0
2 0 L 0
3 1 U 2
4 0 L 1
5 0 U 4
6 0 U -1
7 0 L 2
8 1 U 7
9 1 L 1
10 1 U 9
11 1 U 2
12 0 U 7
13 1 U 8
14 1 U -1
15 0 U 14
16 1 U 12
17 0 U 16
18 1 U 3
19 0 L 3
20 0 U 19
21 1 U 20
22 0 U 21
23 0 U 22
24 0 U -1
25 0 U 24
26 0 U 25
27 0 L 26
28 0 U 27
29 0 U 28
30 1 U 20
31 1 U 30
32 0 U 31
33 1 U 32
34 0 U 33
35 0 L 34
36 0 U 5
37 0 U 36
38 0 L 10
39 1 U 38
40 1 U 39
41 0 U 40
42 0 U -1
43 1 U 42
44
0 1 U -1
1 1 U 0
2 0 U 1
3 1 U 2
4 0 L 1
5 0 U 4
6 0 U -1
7 0 L 2
8 1 U 7
9 1 U 3
10 0 L 1
11 1 U 2
12 0 U -1
13 1 U 12
14 1 U -1
15 0 U 14
16 1 U 12
17 0 U 16
18 1 U 3
19 1 U 18
20 0 U 19
21 1 U 20
22 0 U 21
23 0 U 22
24 0 U -1
25 0 U 24
26 0 U 25
27 0 L 26
28 0 U 27
29 0 U 28
30 0 U -1
31 1 U 30
32 0 U 31
33 1 U 32
34 0 U 33
35 1 U 34
36 1 U -1
37 0 U 36
38 0 U 37
39 1 U 38
40 1 U 39
41 0 U 40
42 0 U -1
43 0 L 11
44
0 1 U -1
1 1 U 0
2 0 U 1
3 1 L 0
4 0 L 1
5 0 U 4
6 0 U -1
7 0 L 2
8 1 U 7
9 0 U 4
10 1 U 9
11 1 U 2
12 0 U -1
13 1 U 12
14 1 U -1
15 0 U 4
16 1 U 12
17 0 U 16
18 1 U 3
19 1 U 18
20 0 U 19
21 1 U 20
22 0 U 21
23 0 U 22
24 0 U -1
25 0 U 24
26 1 L 17
27 0 L 26
28 0 U 27
29 0 U 28
30 0 U -1
31 1 U 30
32 1 U 0
33 1 U 32
34 0 U 33
35 1 L 22
36 1 U -1
37 0 U 36
38 0 U 37
39 1 U 38
40 1 U 39
41 0 U 40
42 0 U -1
43 1 U 42
44
0 1 U -1
1 1 U 0
2 1 U 0
3 1 U 2
4 0 L 1
5 0 U 4
6 0 U -1
7 0 L 2
8 1 U 7
9 1 U 3
10 1 U 9
11 1 U 2
12 0 U -1
13 1 U 12
14 0 L 7
15 0 U 14
16 1 U 12
17 0 U 16
18 1 U 3
19 1 U 18
20 0 U 19
21 1 U 20
22 1 L 2
23 0 U 22
24 0 U -1
25 0 U 24
26 0 U 25
27 0 L 26
28 0 U 27
29 0 U 28
30 0 U -1
31 1 U 30
32 0 U 31
33 1 U 32
34 0 U 33
35 1 U 34
36 1 U -1
37 0 U 36
38 0 U 37
39 1 U 38
40 1 U 39
41 0 U 40
42 0 U -1
43 1 U 42
44
0 1 U -1
1 1 U 0
2 0 U 1
3 1 U 2
4 0 L 1
5 0 U 4
6 0 U -1
7 0 L 2
8 1 U 7
9 1 U 3
10 1 U 9
11 1 U 2
12 0 U -1
13 1 U 12
14 1 U -1
15 0 U 14
16 1 U 2
17 0 U 16
18 1 U 3
19 1 U 18
20 0 U 19
21 1 U 20
22 0 U 21
23 0 U 22
24 0 U -1
25 0 U 24
26 0 U 25
27 0 L 26
28 0 U 27
29 0 U 28
30 0 U -1
31 1 U 30
32 0 U 31
33 1 U 32
34 0 U 33
35 1 U 34
36 1 U -1
37 0 U 36
38 1 U 22
39 1 U 38
40 1 U 39
41 0 U 40
42 1 L 9
43 1 U 42
44
0 1 U -1
1 1 U 0
2 0 U 1
3 1 U 2
4 0 L 1
5 0 L 2
6 0 U -1
7 0 L 2
8 1 U 7
9 1 U 3
10 1 U 9
11 1 L 1
12 1 U 11
13 1 U 12
14 1 U -1
15 1 L 10
16 1 U 12
17 0 U 16
18 1 U 3
19 1 U 18
20 0 U 19
21 1 U 20
22 0 U 21
23 0 U 22
24 0 U -1
25 0 U 24
26 1 L 25
27 1 L 18
28 1 L 25
29 0 U 28
30 0 U -1
31 1 U 19
32 0 U 31
33 1 U 32
34 0 U 33
35 0 U 12
36 1 U -1
37 0 U 36
38 0 U 37
39 1 U 38
40 1 U 39
41 0 L 29
42 0 U -1
43 1 U 42
44
0 1 U -1
1 1 U 0
2 0 U 1
3 1 U 2
4 0 L 1
5 0 U 4
6 0 U -1
7 0 L 2
8 1 U 7
9 1 L 6
10 1 U 9
11 1 U 2
12 0 U -1
13 1 U 12
14 1 U -1
15 0 U 14
16 1 U 12
17 0 U 16
18 1 U 3
19 1 U 18
20 1 L 9
21 1 U 20
22 0 U 21
23 0 U 22
24 0 U -1
25 0 U 24
26 0 U 25
27 0 L 26
28 0 U 27
29 0 U 28
30 0 U -1
31 1 U 30
32 0 U 31
33 1 U 32
34 0 U 33
35 1 U 34
36 1 U -1
37 0 U 36
38 0 U 37
39 1 U 38
40 1 U 39
41 0 U 40
42 0 U -1
43 1 U 42
44
0 1 U -1
1 1 U 0
2 0 U 1
3 1 U 2
4 0 L 1
5 0 U 4
6 0 U -1
7 0 L 2
8 0 L 5
9 1 U 3
10 1 U 9
11 1 U 2
12 0 U -1
13 1 L 2
14 1 U -1
15 1 L -1
16 1 U 12
17 0 U 16
18 1 U 3
19 0 L 4
20 0 U 19
21 1 U 20
22 0 U 21
23 0 U 22
24 0 U -1
25 0 U 24
26 0 U 25
27 0 L 26
28 0 U 27
29 0 U 28
30 0 U -1
31 1 U 30
32 0 U 31
33 1 U 32
34 0 U 33
35 1 U 34
36 1 U -1
37 0 U 36
38 1 U 2
39 1 U 38
40 1 U 39
41 0 U 40
42 0 U -1
43 1 U 9
44
0 1 U -1
1 1 U 0
2 0 U 1
3 1 U 2
4 0 L 1
5 0 U 4
6 0 U -1
7 0 L 2
8 1 U 7
9 0 U 5
10 1 U 9
11 1 U 2
12 0 U -1
13 1 U 12
14 1 U -1
15 0 U 14
16 1 U 12
17 0 L 3
18 0 L 12
19 1 U 18
20 0 U 19
21 1 U 20
22 0 U 21
23 0 U 22
24 0 U -1
25 0 U 24
26 0 U 25
27 0 L 26
28 0 U 1
29 0 U 28
30 0 U -1
31 1 U 30
32 0 U 31
33 1 U 32
34 0 U 33
35 1 U 34
36 1 U -1
37 0 U 36
38 0 U 37
39 1 U 38
40 1 U 39
41 0 U 40
42 0 U -1
43 1 U 42
44
0 1 U -1
1 1 U 0
2 1 L -1
3 1 U 2
4 0 L 1
5 0 U 4
6 0 U -1
7 1 L 6
8 1 U 7
9 1 U 3
10 1 U 9
11 1 U 2
12 1 U 8
13 1 U 12
14 1 U 11
15 0 U 14
16 1 U 12
17 0 U 16
18 1 U 3
19 1 U 18
20 0 U 19
21 1 U 20
22 0 U 21
23 0 U 22
24 0 U -1
25 0 U 24
26 0 U 25
27 0 L 26
28 0 U 27
29 0 U 28
30 0 U -1
31 1 U 30
32 0 U 31
33 1 U 32
34 0 U 6
35 1 U 8
36 1 U -1
37 0 U 36
38 0 U 37
39 1 U 38
40 1 U 39
41 0 U 40
42 0 U -1
43 1 U 42
44
0 1 U -1
1 0 L 0
2 0 U 1
3 1 U 2
4 0 L 1
5 0 U 4
6 0 U -1
7 0 L 2
8 1 U 7
9 1 U 3
10 1 U 9
11 1 U 2
12 0 U -1
13 1 U 12
14 1 U -1
15 0 U 14
16 1 U 12
17 0 U 16
18 1 U 3
19 1 U 18
20 1 L 19
21 1 U 20
22 0 U 21
23 0 U 22
24 0 U -1
25 0 U 24
26 0 U 25
27 0 L 26
28 0 U 27
29 0 U 28
30 0 U -1
31 0 L 5
32 0 U 31
33 1 L 8
34 0 U 33
35 1 U 34
36 1 U -1
37 0 U 36
38 0 L 29
39 1 U 38
40 1 U 39
41 0 U 40
42 0 U -1
43 1 U 42
44
0 1 U -1
1 1 U 0
2 0 U -1
3 1 U 2
4 0 L 1
5 0 U 4
6 0 U -1
7 0 L 2
8 0 L 4
9 1 U 3
10 1 U 9
11 1 U 2
12 0 U -1
13 1 U 12
14 1 U -1
15 0 U 14
16 1 U 12
17 0 U 16
18 1 U 3
19 0 U 11
20 0 U 19
21 1 U 20
22 0 U 21
23 0 U 22
24 0 U -1
25 0 U 24
26 0 U 25
27 0 L 26
28 0 U 27
29 0 U 28
30 0 U -1
31 1 U 30
32 0 U 31
33 1 U 32
34 0 U 33
35 1 U 34
36 1 U -1
37 0 U 36
38 0 U 37
39 1 U 38
40 1 U 39
41 0 U 40
42 0 U -1
43 1 U 42
44
0 1 U -1
1 1 U 0
2 1 L 0
3 1 U 2
4 0 L 1
5 1 U 2
6 0 U -1
7 0 L 2
8 1 U 7
9 1 U 3
10 1 U 9
11 1 U 2
12 0 U -1
13 1 U 12
14 1 U -1
15 0 U 14
16 1 U 12
17 0 U 16
18 1 U 3
19 1 U 18
20 0 U 19
21 1 U 20
22 0 U 21
23 0 L 19
24 0 U -1
25 0 U 24
26 0 U 25
27 0 L 26
28 0 U 27
29 0 U 28
30 0 U -1
31 1 U 30
32 1 U 24
33 1 U 32
34 0 U 33
35 1 U 16
36 1 U -1
37 0 U 36
38 0 U 37
39 1 U 38
40 1 U 39
41 0 L 24
42 0 U -1
43 1 U 42
44
0 1 U -1
1 1 U 0
2 0 U 1
3 1 U 2
4 0 L 1
5 0 U 4
6 0 U -1
7 0 L 2
8 1 U 7
9 1 U 3
10 1 U 9
11 1 U 2
12 0 U -1
13 1 U 12
14 1 U -1
15 0 U 14
16 1 U 1
17 0 U 16
18 1 U 3
19 1 U 18
20 0 U 19
21 1 U 20
22 0 U 21
23 0 U 22
24 0 U -1
25 0 U 24
26 0 U 25
27 0 L 26
28 0 U 27
29 0 U 28
30 0 U -1
31 1 U 30
32 0 U 31
33 1 U 32
34 1 U 2
35 1 U 34
36 1 L 20
37 0 U 36
38 0 U 37
39 1 U 38
40 1 U 39
41 0 U 40
42 0 U -1
43 1 U 21
44
0 1 U -1
1 1 U 0
2 0 U 1
3 0 U -1
4 0 L 1
5 0 U 4
6 0 U -1
7 0 L 2
8 1 U 7
9 1 U 3
10 1 U 9
11 1 U 2
12 0 U -1
13 0 U -1
14 1 U -1
15 0 U 14
16 1 U 12
17 0 U 16
18 0 U 4
19 1 U 18
20 0 U 19
21 1 U 20
22 0 U 21
23 0 U 19
24 0 U -1
25 1 U 4
26 0 U 25
27 0 L 26
28 0 U 27
29 0 U 28
30 0 U -1
31 1 U 30
32 0 U 31
33 1 U 32
34 0 U 33
35 1 U 34
36 1 U -1
37 0 U 36
38 0 U 37
39 1 U 38
40 1 U 39
41 0 L 39
42 0 U -1
43 1 U 8
44
0 1 U -1
1 0 U -1
2 0 U 1
3 1 U 2
4 0 L 1
5 0 U 4
6 0 U -1
7 0 L 2
8 1 U 7
9 1 U 3
10 1 U 9
11 1 U 2
12 0 U -1
13 1 U 12
14 1 U -1
15 0 U 14
16 1 U 12
17 0 U 12
18 1 U 3
19 1 U 18
20 0 U 19
21 1 U 20
22 0 U 21
23 0 U 22
24 0 U -1
25 0 U 24
26 0 U 25
27 0 L 26
28 0 U 27
29 0 U 28
30 1 U 10
31 1 U 30
32 0 U 31
33 1 U 32
34 0 L 3
35 1 U 34
36 0 L 33
37 1 U 0
38 0 U 37
39 1 U 38
40 1 U 21
41 0 U 40
42 0 U -1
43 1 U 42
44
0 1 U -1
1 1 U 0
2 0 U 1
3 1 U 2
4 0 L 1
5 0 U 4
6 0 U -1
7 0 L 2
8 1 U 7
9 1 U 3
10 0 U 7
11 1 U 2
12 0 U 6
13 1 U 12
14 1 U -1
15 1 U 12
16 1 U 12
17 0 U 16
18 1 U 3
19 1 U 18
20 0 U 19
21 1 U 20
22 0 U 21
23 0 U 22
24 0 U -1
25 0 U 24
26 1 L 3
27 0 L 26
28 0 U 27
29 0 U 28
30 0 U -1
31 1 U 30
32 0 U 31
33 1 U 32
34 0 U 33
35 1 U 34
36 1 U -1
37 0 U 36
38 0 U 37
39 1 U 38
40 1 U 39
41 0 U 40
42 0 U -1
43 1 U 42
