67
0 0 U -1
1 1 U 0
2 1 U 1
3 1 U 2
4 1 U 3
5 1 U 4
6 0 U 5
7 0 U 6
8 1 U -1
9 1 U 8
10 1 U 9
11 1 U 10
12 0 U 11
13 1 U 12
14 0 U 13
15 0 U 14
16 0 U -1
17 1 U 16
18 0 U 17
19 0 U 18
20 1 U 19
21 0 U 20
22 1 U 21
23 1 U 22
24 1 U -1
25 1 U 24
26 1 U 25
27 1 U 26
28 1 U 27
29 1 U 28
30 0 U 29
31 0 U 30
32 0 U -1
33 1 U 32
34 0 U 33
35 1 U 34
36 1 U 35
37 1 U 36
38 1 U 37
39 1 U 38
40 1 U -1
41 1 U 40
42 1 U 41
43 0 U 42
44 0 U 43
45 0 U 44
46 0 U 45
47 1 U 46
48 1 U -1
49 0 U 48
50 1 U 49
51 0 U 50
52 0 U 51
53 1 U 52
54 0 U 53
55 0 U 54
56 1 U -1
57 0 U 56
58 0 U 57
59 1 U 58
60 0 U 59
61 1 U 60
62 0 U 61
63 0 U 62
64 0 U -1
65 0 U 64
66 0 U 65
67
0 0 U -1
1 1 U 0
2 1 U 1
3 1 U 2
4 0 L -1
5 1 U 4
6 0 U 5
7 0 L 3
8 1 U -1
9 0 U 2
10 1 U 9
11 1 U 10
12 0 U 11
13 1 U 12
14 0 U 13
15 0 U 14
16 0 U -1
17 1 U 16
18 0 U 17
19 0 U 18
20 1 U 19
21 0 U 20
22 1 U 21
23 1 U 18
24 1 U -1
25 1 U 24
26 1 U 25
27 1 U 26
28 1 U 27
29 1 U 28
30 0 U 29
31 0 U 30
32 0 U -1
33 1 U 32
34 0 U 33
35 1 U 34
36 1 U 35
37 1 U 36
38 1 U 37
39 1 U 38
40 0 U 3
41 1 U 40
42 1 U 41
43 0 U 42
44 0 U 43
45 0 U 44
46 0 U 45
47 1 U 46
48 1 U -1
49 0 U 48
50 1 U 49
51 0 U 50
52 1 U 7
53 1 U 52
54 0 U 53
55 0 U 54
56 1 U -1
57 0 U 56
58 0 U 57
59 1 U 58
60 0 U 59
61 1 L 3
62 0 U 61
63 0 U 62
64 0 U -1
65 0 U 64
66 0 U 65
67
0 1 L -1
1 1 U 0
2 1 U 1
3 1 U 2
4 0 L -1
5 1 U 4
6 1 U 2
7 0 L 3
8 1 U -1
9 0 U 2
10 1 U 9
11 1 U 10
12 0 U 11
13 1 U 12
14 0 U 13
15 0 U 14
16 0 U -1
17 1 U 16
18 0 U 17
19 0 U 18
20 1 U 19
21 0 U 20
22 1 U 21
23 1 U 18
24 1 U -1
25 1 U 24
26 1 U 25
27 1 U 26
28 1 U 27
29 1 U 28
30 0 U 29
31 0 U 30
32 0 U -1
33 1 U 32
34 0 U 33
35 0 L 9
36 1 U 35
37 1 U 36
38 0 L 3
39 1 U 38
40 0 U 3
41 1 U 33
42 1 U 41
43 0 U 42
44 0 U 43
45 1 U 6
46 0 U 45
47 1 U 46
48 1 U -1
49 0 U 48
50 1 U 49
51 0 U 50
52 1 U 7
53 1 U 52
54 0 U 53
55 0 U 54
56 0 L 37
57 0 U 56
58 0 U 57
59 1 U 58
60 0 U 59
61 1 L 3
62 0 U 61
63 0 U 62
64 0 U -1
65 0 U 64
66 0 U 65
67
0 0 U -1
1 1 U 0
2 1 U 1
3 1 U 2
4 0 L -1
5 1 U 4
6 0 U 5
7 0 L 3
8 1 U -1
9 0 U 2
10 1 U 9
11 0 L 7
12 0 U 11
13 1 U 12
14 0 U 6
15 0 U 14
16 0 U -1
17 1 U 16
18 0 U 17
19 0 U 18
20 1 U 19
21 0 U 20
22 1 U 21
23 1 U 18
24 1 U -1
25 1 U 24
26 1 U 25
27 1 U 26
28 1 U 27
29 1 U 28
30 0 U 29
31 0 U 30
32 0 U -1
33 1 U 32
34 0 U 33
35 1 U 34
36 1 U 35
37 1 U 36
38 1 L 6
39 1 U 38
40 0 U 3
41 1 U 40
42 1 U 41
43 0 U 42
44 0 U 43
45 0 U 44
46 0 U 45
47 1 U 46
48 1 U -1
49 0 U 48
50 1 U 49
51 0 U 50
52 1 U 7
53 1 U 52
54 0 U 53
55 0 U 54
56 1 U -1
57 0 U 56
58 0 U 57
59 1 U 58
60 0 U 59
61 0 L -1
62 0 U 61
63 0 U 62
64 0 U -1
65 0 U 64
66 0 U 65
67
0 0 U -1
1 1 U 0
2 1 U 1
3 1 U 2
4 0 L -1
5 1 U 4
6 0 U 5
7 0 L 3
8 1 U -1
9 0 U 2
10 0 U 9
11 1 U 10
12 0 U 8
13 1 U 12
14 0 U 13
15 0 U 14
16 0 U -1
17 1 U 16
18 0 U 17
19 0 U 18
20 1 U 19
21 0 U 20
22 1 U 21
23 1 U 18
24 1 U -1
25 1 U 24
26 1 U 25
27 1 U 26
28 1 U 27
29 1 U 28
30 0 U 29
31 0 U 30
32 0 U -1
33 1 U 32
34 0 U 33
35 1 U 34
36 1 L 24
37 1 U 36
38 1 U 37
39 0 U 15
40 0 U 3
41 1 U 40
42 1 U 41
43 0 U 42
44 0 U 43
45 0 U 28
46 0 U 45
47 1 U 46
48 1 U -1
49 0 L 36
50 1 U 49
51 0 U 50
52 1 U 7
53 1 U 52
54 0 U 53
55 0 U 54
56 1 U -1
57 0 L 6
58 0 U 57
59 1 U 58
60 0 U 59
61 1 L 3
62 0 U 61
63 0 U 62
64 0 U -1
65 0 U 64
66 0 U 65
67
0 0 U -1
1 1 U 0
2 1 U 0
3 1 U 2
4 0 L -1
5 1 U 4
6 0 U 5
7 0 L 3
8 1 U -1
9 0 U 2
10 1 U 9
11 1 U 10
12 0 U 4
13 1 U 12
14 0 U 13
15 0 L 10
16 0 U -1
17 1 U 16
18 0 U 17
19 0 U 18
20 1 U 19
21 0 U 20
22 1 U 21
23 1 U 18
24 1 U -1
25 1 U 24
26 1 U 25
27 1 U 26
28 1 U 27
29 1 U 28
30 0 U 29
31 0 U 30
32 0 U -1
33 1 U 32
34 0 U 33
35 1 U 34
36 1 U 35
37 1 U 36
38 1 U 37
39 1 U 38
40 0 U 3
41 1 U 40
42 1 U 41
43 0 U 42
44 0 U 43
45 0 U 44
46 0 U 45
47 1 U 0
48 0 U 36
49 0 U 48
50 1 U 49
51 0 U 50
52 1 U 7
53 0 U 20
54 0 U 53
55 0 U 54
56 1 U -1
57 0 U 56
58 0 U 57
59 1 U 58
60 0 U 59
61 1 L 3
62 0 U 61
63 0 U 62
64 0 U -1
65 0 U 64
66 0 L 61
67
0 0 U -1
1 0 L -1
2 1 U 1
3 1 U 0
4 0 L -1
5 1 U 4
6 0 U 5
7 0 L 3
8 1 U -1
9 0 U 2
10 1 U 9
11 0 L 7
12 0 U 11
13 0 L 1
14 0 U 13
15 0 U 14
16 0 U 10
17 1 U 16
18 0 L 15
19 0 U 18
20 1 U 19
21 0 U 20
22 1 U 21
23 1 U 18
24 1 U -1
25 1 U 24
26 1 U 25
27 1 U 26
28 1 U 27
29 1 U 11
30 1 L 6
31 0 U 30
32 0 U -1
33 1 U 32
34 0 U 33
35 1 U 34
36 1 U 35
37 1 U 36
38 1 U 37
39 1 U 38
40 0 U 3
41 1 U 40
42 1 U 41
43 0 U 42
44 0 U 43
45 0 U 44
46 0 U 45
47 1 U 46
48 1 U -1
49 0 U 48
50 1 U 49
51 0 U 50
52 1 U 7
53 1 U 52
54 0 U 53
55 0 U 54
56 1 U -1
57 0 U 56
58 0 U 9
59 1 L 35
60 0 U 59
61 1 L 3
62 0 U 61
63 0 U 62
64 0 U -1
65 0 U 64
66 0 U 65
67
0 0 U -1
1 1 U 0
2 1 U 1
3 1 L 1
4 0 L -1
5 1 U 4
6 0 U 5
7 0 L 3
8 0 U 7
9 0 U 2
10 1 L 4
11 1 U 10
12 0 U 11
13 1 U 12
14 0 U 13
15 0 U 14
16 0 U -1
17 1 U 16
18 0 U 17
19 0 U 18
20 0 L 3
21 0 U 20
22 1 U 21
23 1 U 18
24 1 U -1
25 1 U 24
26 1 U 25
27 1 U 26
28 1 U 27
29 1 U 28
30 0 U 29
31 0 U 30
32 0 U -1
33 1 U 32
34 0 U 33
35 1 U 34
36 1 U 35
37 1 U 36
38 1 U 37
39 1 U 38
40 0 U 3
41 1 U 40
42 1 U 41
43 0 U 42
44 0 U 43
45 0 U 44
46 0 U 45
47 1 U 46
48 1 U -1
49 0 U 48
50 1 U 49
51 0 U 50
52 1 U 7
53 1 U 52
54 0 U 53
55 0 U 54
56 1 L 33
57 0 U 0
58 0 U 57
59 0 L 48
60 0 U 59
61 1 L 3
62 0 U 61
63 0 L 45
64 0 U -1
65 0 U 64
66 0 U 65
67
0 0 U -1
1 1 U 0
2 1 U 1
3 1 U 2
4 0 L -1
5 1 L 0
6 0 U 5
7 0 L 3
8 1 U -1
9 0 U 2
10 1 L 3
11 1 U 10
12 0 U 11
13 1 U 12
14 0 U 13
15 0 U 14
16 0 U -1
17 1 U 16
18 0 U 17
19 0 U 18
20 1 U 19
21 0 U 20
22 1 U 21
23 1 U 18
24 1 L 21
25 1 U 24
26 1 U 25
27 1 U 26
28 1 U 27
29 1 U 28
30 1 U 16
31 0 U 30
32 0 U -1
33 1 U 24
34 0 U 33
35 1 U 34
36 1 U 35
37 1 U 36
38 1 U 37
39 1 U 38
40 0 U 3
41 1 U 40
42 1 U 41
43 0 U 42
44 0 U 43
45 0 U 44
46 0 U 45
47 1 L 31
48 1 U -1
49 0 U 48
50 1 U 49
51 0 U 50
52 1 U 7
53 1 U 52
54 0 U 53
55 0 U 54
56 1 U -1
57 0 U 56
58 0 U 57
59 1 U 58
60 0 U 59
61 1 L 3
62 0 U 61
63 0 U 62
64 0 U -1
65 0 U 64
66 0 U 65
67
0 0 U -1
1 1 U 0
2 1 U 1
3 1 U 2
4 0 L -1
5 1 U 4
6 0 U 5
7 0 L 3
8 1 U -1
9 0 U 1
10 1 U 9
11 1 U 10
12 0 U 11
13 1 U 12
14 0 U 13
15 0 U 14
16 0 U -1
17 1 U 16
18 0 U 17
19 0 U 18
20 0 U 4
21 0 U 20
22 1 U 21
23 1 U 18
24 1 U -1
25 1 U 24
26 1 U 25
27 1 U 26
28 1 U 27
29 1 U 28
30 0 U 29
31 0 U 30
32 0 U -1
33 1 U 32
34 0 U 33
35 1 U 34
36 1 U 35
37 1 U 36
38 1 U 37
39 1 U 38
40 0 U 3
41 1 U 40
42 1 U 41
43 0 U 42
44 0 U 43
45 0 U 44
46 0 U 45
47 1 L 33
48 1 U -1
49 0 U 48
50 1 U 49
51 0 U 50
52 1 U 7
53 1 U 52
54 0 U 53
55 0 U 54
56 1 U -1
57 1 U 33
58 0 U 57
59 1 U 58
60 1 L 36
61 1 L 3
62 0 U 61
63 0 U 62
64 0 U -1
65 0 U 64
66 0 U 65
67
0 0 U -1
1 1 U -1
2 1 U 1
3 1 U 2
4 0 L -1
5 1 U 4
6 0 U 5
7 0 L 3
8 1 U -1
9 0 U 2
10 1 U 9
11 1 U 10
12 0 U 11
13 1 U 12
14 0 U 13
15 0 U 14
16 0 U -1
17 1 U 16
18 0 L 8
19 0 U 18
20 1 U 19
21 0 U 20
22 1 U 21
23 1 U 18
24 1 U -1
25 0 L 19
26 1 U 25
27 1 U 26
28 1 U 27
29 0 L 27
30 0 U 29
31 0 U 30
32 0 U -1
33 1 U 32
34 0 U 33
35 0 L 1
36 1 U 35
37 1 U 36
38 1 U 37
39 1 U 38
40 0 U 3
41 1 U 40
42 1 U 41
43 1 U 6
44 0 U 43
45 0 U 44
46 0 U 45
47 1 U 46
48 1 U -1
49 0 U 48
50 1 L 41
51 0 U 50
52 1 U 7
53 1 U 45
54 0 U 53
55 0 U 16
56 1 U -1
57 0 U 56
58 0 L 40
59 1 U 58
60 0 U 27
61 1 L 3
62 0 U 33
63 0 U 62
64 0 U -1
65 0 U 64
66 0 U 41
67
0 0 U -1
1 1 U 0
2 1 U 1
3 1 U 0
4 0 L -1
5 1 U 4
6 0 U 5
7 0 L 3
8 1 U -1
9 0 U 2
10 1 L 1
11 1 U 10
12 1 U 9
13 0 U 11
14 0 U 13
15 0 U 14
16 0 U -1
17 1 U 16
18 0 U 17
19 0 U 18
20 1 U 9
21 0 U 9
22 1 U 21
23 1 U 18
24 1 U -1
25 1 U 24
26 1 U 25
27 1 U 26
28 1 U 27
29 1 U 28
30 0 U 29
31 0 U 30
32 0 U -1
33 1 U 32
34 0 U 33
35 1 U 34
36 1 U 35
37 1 U 36
38 1 U 37
39 1 U 38
40 0 U 3
41 1 U 40
42 1 U 41
43 0 U 42
44 0 U 43
45 0 U 44
46 0 U 45
47 1 U 46
48 1 U -1
49 0 U 48
50 1 U 49
51 0 U 5
52 1 U 7
53 1 U 52
54 0 U 53
55 0 U 54
56 1 L 45
57 0 U 56
58 0 U 57
59 1 U 58
60 1 L 16
61 1 L 3
62 0 U 61
63 0 U 62
64 0 U -1
65 0 U 64
66 0 U 65
67
0 1 L -1
1 1 L 0
2 1 U 1
3 1 U 2
4 0 U 3
5 1 U 4
6 0 U 5
7 0 L 3
8 1 U -1
9 0 U 2
10 1 U 9
11 1 U 10
12 0 U 11
13 1 U 12
14 0 U 13
15 0 U 11
16 0 U -1
17 1 U 16
18 0 U 17
19 0 U 18
20 1 U 19
21 0 U 20
22 1 U 21
23 1 U 18
24 1 U -1
25 1 U 24
26 1 L 7
27 1 U 26
28 1 U 27
29 1 U 28
30 0 U -1
31 0 U 30
32 0 U -1
33 1 U 32
34 0 L 7
35 1 U 34
36 1 U 35
37 1 U 36
38 1 U 37
39 1 U 38
40 0 U 3
41 1 U 40
42 1 L 9
43 0 U 42
44 0 U 43
45 0 U 44
46 0 U 45
47 1 U 46
48 1 U -1
49 0 U 48
50 1 U 49
51 0 U 50
52 1 U 16
53 1 U 52
54 0 U 53
55 0 U 54
56 1 U -1
57 1 L 22
58 0 L 44
59 1 L 40
60 0 U 59
61 1 L 3
62 0 U 61
63 0 U 62
64 0 U 43
65 0 U 64
66 0 U 65
67
0 0 U -1
1 1 U 0
2 1 U 1
3 1 U 2
4 0 L -1
5 1 U 4
6 0 U 5
7 0 L 3
8 1 U -1
9 0 U 2
10 1 U 9
11 1 U 10
12 0 U 11
13 1 U 12
14 0 U 13
15 0 U 14
16 0 U -1
17 1 U 16
18 0 U 17
19 0 U 18
20 1 U 19
21 0 U 20
22 1 U 21
23 1 U 18
24 1 L 3
25 1 U 24
26 1 U 14
27 1 U 26
28 1 U 27
29 1 U 28
30 0 U 12
31 0 U 30
32 0 U -1
33 1 U 32
34 0 U 4
35 1 U 34
36 1 U 35
37 1 U 36
38 1 U 37
39 1 U 38
40 0 U 3
41 1 U 40
42 1 U 41
43 0 U 42
44 0 U 43
45 0 U 44
46 0 U 45
47 1 U 46
48 1 L 20
49 0 U 48
50 1 U 49
51 0 U 50
52 1 U 7
53 1 U 52
54 0 U 53
55 0 U 54
56 1 U -1
57 0 L 56
58 0 U 57
59 1 U 58
60 0 U 59
61 1 L 3
62 0 U 61
63 0 U 62
64 0 U -1
65 0 U 64
66 0 U 65
67
0 1 L -1
1 1 U 0
2 1 U 1
3 1 U 2
4 0 L -1
5 1 U 4
6 0 U 5
7 0 L 3
8 1 U -1
9 0 U 2
10 1 U 9
11 1 U 10
12 0 U 11
13 1 U 12
14 0 U 13
15 0 U 14
16 0 U -1
17 1 U 16
18 0 U 17
19 0 U 18
20 1 U 19
21 0 U 20
22 1 U 21
23 1 L 14
24 1 L 22
25 1 U 24
26 1 U 25
27 1 U 26
28 1 U 27
29 1 U 28
30 0 U 29
31 0 U 30
32 0 U -1
33 1 U 32
34 0 U 33
35 1 U 34
36 1 U 35
37 1 U 36
38 1 U 37
39 1 U 21
40 0 U 3
41 1 U 40
42 1 U 41
43 0 U 42
44 0 U 43
45 0 U 44
46 0 L 7
47 1 U 46
48 1 L 26
49 0 U 48
50 1 U 49
51 0 U 50
52 1 U 7
53 1 L 32
54 0 U 53
55 0 U 54
56 1 U -1
57 0 U 56
58 0 U 57
59 1 U 58
60 0 U 59
61 1 U 10
62 0 U 61
63 0 U 62
64 1 L 54
65 0 U 64
66 0 U 65
67
0 0 U -1
1 1 U 0
2 1 U 1
3 1 U 2
4 0 L -1
5 1 U 4
6 0 U 5
7 1 U 1
8 1 U -1
9 0 U 2
10 1 U 9
11 1 U 10
12 0 U 11
13 1 U 4
14 0 U 13
15 0 U 14
16 0 U -1
17 1 U 16
18 0 U 17
19 0 U 18
20 1 U 19
21 0 U 20
22 1 U 21
23 1 U 18
24 1 U -1
25 1 U 24
26 1 U 25
27 1 U 26
28 1 U 27
29 1 U 28
30 0 U 29
31 0 U 30
32 0 U -1
33 1 U 32
34 0 U 33
35 1 U 34
36 1 U 35
37 1 U 36
38 1 U 37
39 1 U 38
40 0 U 3
41 1 U 40
42 1 U 41
43 0 U 42
44 0 U 6
45 1 U 23
46 0 U 45
47 1 U 46
48 1 U -1
49 0 U 48
50 1 U 49
51 0 U 50
52 1 U 7
53 1 U 52
54 0 U 53
55 1 L 1
56 1 U -1
57 0 U 56
58 0 U 57
59 1 U 58
60 0 U 59
61 1 L 3
62 0 U 61
63 0 U 62
64 0 U -1
65 0 U 64
66 0 U 65
67
0 0 U -1
1 1 U 0
2 1 U 1
3 1 L -1
4 0 L -1
5 1 U 4
6 0 U 5
7 1 U 1
8 1 L -1
9 0 U 2
10 1 U 9
11 1 U 10
12 0 U 11
13 1 U 4
14 0 U 13
15 0 U 14
16 0 U -1
17 1 U 16
18 0 U 17
19 1 U -1
20 1 U 19
21 0 U 20
22 1 U 21
23 1 U 18
24 1 U -1
25 1 U 24
26 1 U 25
27 1 U 26
28 1 U 27
29 1 U 28
30 0 U 29
31 0 U 30
32 0 U -1
33 1 L 29
34 0 L 3
35 1 U 34
36 1 U 35
37 1 U 36
38 0 U 21
39 1 U 38
40 0 U 3
41 1 U 40
42 1 U 41
43 0 U 42
44 0 U 6
45 1 U 23
46 0 L 5
47 1 U 46
48 1 U -1
49 0 U 48
50 1 U 49
51 0 U 50
52 1 U 7
53 1 U 52
54 0 U 53
55 1 L 1
56 1 L 49
57 0 U 56
58 0 U 57
59 1 U 58
60 0 U 59
61 1 L 3
62 0 U 61
63 0 U 62
64 0 U -1
65 0 U 64
66 0 U 65
67
0 0 U -1
1 1 U 0
2 1 U 1
3 1 U 2
4 1 L -1
5 1 U 4
6 0 U 5
7 0 L -1
8 1 U -1
9 0 U 2
10 1 U 9
11 1 U 10
12 0 U 11
13 0 U 9
14 0 U 13
15 0 U 14
16 0 U -1
17 1 U 16
18 0 U 17
19 0 U 18
20 1 U 19
21 0 U 20
22 1 U 21
23 1 U 18
24 1 U -1
25 1 U 24
26 1 U 25
27 1 U 26
28 1 U 27
29 1 U 28
30 0 U 29
31 0 U 30
32 0 U -1
33 0 L 6
34 1 L 5
35 1 U 34
36 1 U 35
37 1 U 36
38 1 L 28
39 1 U 38
40 0 U 3
41 1 U 40
42 1 U 41
43 0 U 42
44 0 U 6
45 1 U 23
46 0 U 24
47 1 U 46
48 1 U -1
49 0 U 48
50 1 U 49
51 0 U 50
52 1 U 7
53 1 U 52
54 0 U 53
55 1 L 1
56 1 U -1
57 0 U 56
58 0 U 57
59 1 U 58
60 0 U 59
61 1 L 3
62 0 U 61
63 0 U 62
64 0 U -1
65 0 U 64
66 0 U 65
67
0 0 U -1
1 1 U 0
2 1 U 1
3 1 U 2
4 0 L -1
5 1 U 4
6 1 L 4
7 1 U 1
8 1 U -1
9 0 U 2
10 1 U 9
11 1 U 10
12 0 U 11
13 1 U 4
14 1 L 11
15 0 U 14
16 0 U -1
17 1 U 16
18 0 U 17
19 0 U 18
20 1 U 19
21 1 U 4
22 1 U 21
23 1 U 18
24 1 U -1
25 1 U 24
26 1 U 25
27 1 U 26
28 1 U 27
29 1 U 28
30 0 U 29
31 0 U 30
32 0 U -1
33 1 U 32
34 0 U 33
35 1 U 34
36 1 U 35
37 1 L 6
38 1 U 37
39 1 U 38
40 0 U 3
41 0 L 14
42 1 U 41
43 0 U 42
44 0 U 6
45 1 U 23
46 0 U 45
47 1 U 46
48 1 U -1
49 0 U 48
50 1 U 49
51 0 U 50
52 0 U 32
53 1 U 52
54 0 U 53
55 1 L 1
56 1 U -1
57 0 U 56
58 1 L 3
59 1 U 58
60 0 U 59
61 1 L 3
62 0 U 61
63 0 U 62
64 0 U -1
65 0 U 64
66 0 U 65
67
0 0 U -1
1 1 L 0
2 1 U 1
3 1 U 2
4 0 L -1
5 1 U 4
6 0 U 5
7 1 U 1
8 1 U -1
9 0 U 2
10 1 U 9
11 1 U 10
12 0 U 11
13 1 U 4
14 0 U 13
15 0 U 14
16 0 U -1
17 1 U 16
18 0 U 17
19 0 U 18
20 1 U 19
21 0 U 20
22 1 U 21
23 1 U 18
24 1 U -1
25 1 U 24
26 1 U 25
27 0 U 3
28 1 U 27
29 1 U 28
30 1 L 19
31 1 U 18
32 0 U -1
33 1 U 32
34 0 U 33
35 1 U 34
36 1 U 35
37 0 L 14
38 1 U 25
39 1 U 38
40 0 U 3
41 1 U 40
42 1 U 41
43 0 U 42
44 0 U 6
45 1 U 23
46 0 U 45
47 1 U 46
48 1 U -1
49 0 U 48
50 1 U 49
51 0 U 50
52 1 U 7
53 1 U 37
54 0 U 53
55 1 L 1
56 0 U 41
57 1 U 17
58 0 U 57
59 0 L 55
60 0 U 59
61 1 L 3
62 0 U 61
63 0 U 62
64 0 U -1
65 0 U 64
66 0 U 65
67
0 0 U -1
1 1 U 0
2 1 U 1
3 1 U 2
4 0 L -1
5 1 U 4
6 0 U 5
7 1 U 3
8 1 U -1
9 0 U 2
10 1 U 9
11 1 U 10
12 0 U 11
13 1 U 4
14 0 U 13
15 0 U 14
16 0 U -1
17 1 U 16
18 0 U 17
19 0 U 18
20 1 U 19
21 0 U 20
22 1 U 21
23 0 L -1
24 1 U -1
25 1 L 12
26 1 U 25
27 1 U 26
28 1 U 27
29 1 U 28
30 1 L 16
31 0 U 30
32 0 U -1
33 1 U 32
34 0 U 33
35 1 U 34
36 1 U 21
37 0 U -1
38 1 U 37
39 1 U 38
40 0 L 18
41 1 L -1
42 1 U 41
43 0 U 42
44 0 U 9
45 1 U 23
46 0 U 45
47 1 U 46
48 1 U -1
49 0 U 48
50 1 U 49
51 0 U 50
52 1 U 7
53 1 U 52
54 0 U 53
55 1 L 1
56 0 U 32
57 0 U 56
58 1 U 16
59 1 U 58
60 0 U 59
61 1 L 3
62 0 U 61
63 0 U 62
64 0 U -1
65 0 U 64
66 0 L 14
67
0 0 U -1
1 1 U 0
2 1 U 1
3 1 U 2
4 0 L -1
5 1 U 4
6 0 U 5
7 1 U 1
8 1 U -1
9 0 U 5
10 1 U 9
11 1 U 10
12 0 U 11
13 1 U 4
14 0 U 13
15 0 U 14
16 0 U -1
17 1 U 9
18 0 U 17
19 0 U 18
20 1 U 19
21 0 U 20
22 1 U 21
23 1 L 15
24 1 U -1
25 1 U 24
26 1 U 25
27 1 U 26
28 1 U 27
29 1 U 28
30 0 U 29
31 0 U 30
32 0 U -1
33 1 U 32
34 0 U 33
35 1 U 34
36 1 U 35
37 1 L 32
38 1 U 37
39 1 U 38
40 0 U 3
41 1 U 40
42 1 U 41
43 0 U 42
44 0 U 6
45 1 U 23
46 0 U 45
47 1 U 46
48 1 U -1
49 0 U 48
50 1 U 49
51 0 U 50
52 1 U 7
53 1 U 52
54 0 U 53
55 1 L 1
56 1 L 21
57 0 U 56
58 0 U 57
59 1 U 58
60 0 U 59
61 1 L 3
62 0 U 61
63 0 U 62
64 0 U -1
65 0 U 64
66 0 U 65
67
0 0 U -1
1 1 U 0
2 1 U 1
3 1 U 2
4 0 L -1
5 1 U 4
6 0 U 5
7 1 U 1
8 1 U -1
9 0 U 2
10 1 U 9
11 1 U 10
12 0 U 11
13 1 U 9
14 0 U 13
15 0 U 14
16 0 U -1
17 1 L 13
18 0 U 17
19 0 U 18
20 1 U 19
21 0 U 20
22 1 U 21
23 1 U 18
24 1 U -1
25 1 U 24
26 1 U 25
27 1 U 26
28 1 U 27
29 1 U 28
30 0 U 29
31 0 U 30
32 0 U -1
33 1 L 1
34 0 U 33
35 1 L 3
36 1 U 35
37 1 U 36
38 1 U 37
39 1 U 38
40 0 U 3
41 1 U 40
42 1 U 41
43 0 U 42
44 0 U 6
45 1 U 23
46 0 U 45
47 1 U 46
48 1 U -1
49 0 U 48
50 1 U 49
51 0 U 50
52 1 U 7
53 1 U 52
54 0 U 53
55 1 L 1
56 1 U 48
57 0 U 56
58 0 U 57
59 1 U 58
60 0 U 59
61 1 L 3
62 0 U 61
63 0 U 62
64 1 U 11
65 0 U 64
66 1 U 56
67
0 0 U -1
1 1 U 0
2 1 U 1
3 1 U 2
4 0 L -1
5 1 U 4
6 0 U 5
7 1 U 1
8 1 U -1
9 0 L -1
10 1 U 9
11 1 U 10
12 0 U 11
13 1 U 4
14 0 U 13
15 0 U 14
16 0 U -1
17 1 U 16
18 0 U 17
19 0 U 10
20 1 U 19
21 0 U 20
22 1 U 21
23 1 U 18
24 1 U -1
25 1 U 24
26 1 U 25
27 1 U 26
28 1 U 27
29 1 U 28
30 0 U 29
31 0 U 30
32 0 U -1
33 1 U 32
34 0 U 33
35 1 U 34
36 1 U 35
37 1 U 36
38 1 U 37
39 1 U 38
40 0 U 3
41 1 U 40
42 1 U 41
43 0 U 42
44 0 U 6
45 1 U 23
46 0 U 45
47 1 U 46
48 1 U -1
49 0 U 48
50 1 U 16
51 0 U 50
52 1 U 7
53 1 U 48
54 0 U 53
55 1 L 1
56 1 L 7
57 0 U 56
58 0 U 57
59 1 U 58
60 1 U 43
61 1 L 3
62 0 U 61
63 0 U 62
64 0 U -1
65 0 U 64
66 0 U 65
67
0 0 U -1
1 1 U 0
2 1 U 1
3 0 U 1
4 0 L -1
5 1 U 4
6 0 U 5
7 0 L -1
8 1 U -1
9 0 L -1
10 1 U 9
11 1 U 10
12 0 U 11
13 1 U 4
14 0 U 13
15 0 U 14
16 0 U -1
17 1 U 16
18 1 L 8
19 0 U 10
20 1 U 19
21 0 U 20
22 1 U 21
23 1 U 18
24 1 U -1
25 1 U 24
26 1 U 25
27 1 U 26
28 1 U 27
29 1 U 28
30 0 U 29
31 0 L 1
32 0 U -1
33 1 U 32
34 0 U 7
35 1 U 34
36 1 U 35
37 1 U 36
38 1 U 37
39 1 U 38
40 1 L 11
41 1 U 40
42 1 U 41
43 0 U 42
44 0 U 6
45 1 U 23
46 0 U 45
47 1 U 46
48 1 U -1
49 0 U 48
50 1 U 47
51 0 U 50
52 1 U 7
53 1 U 48
54 0 U 31
55 1 L 1
56 1 U 40
57 1 U 5
58 0 U 57
59 1 U 58
60 0 U 24
61 1 L 3
62 0 U 9
63 0 U 62
64 0 U -1
65 0 U 64
66 0 U 65
67
0 0 U -1
1 1 U 0
2 1 U 1
3 1 U 2
4 0 L -1
5 1 U 4
6 0 U 5
7 1 U 1
8 1 U -1
9 0 L -1
10 1 U 9
11 1 U 10
12 1 U 9
13 1 U 4
14 0 U 13
15 0 U 14
16 0 U -1
17 1 U 16
18 0 U 17
19 0 U 4
20 1 U 19
21 0 U 20
22 1 U 21
23 1 U 18
24 1 U -1
25 1 U 24
26 1 U 25
27 1 U 26
28 1 U 27
29 1 U 28
30 0 U 29
31 0 U 30
32 0 U -1
33 1 U 32
34 0 U 33
35 1 U 34
36 0 L 19
37 1 U 36
38 1 U 37
39 1 U 38
40 0 U 3
41 1 U 40
42 1 U 41
43 0 U 42
44 0 U 6
45 1 U 23
46 0 U 45
47 1 U 46
48 1 U -1
49 0 U 48
50 1 U 16
51 0 U 50
52 1 U 7
53 1 U 48
54 0 U 53
55 1 L 1
56 1 L 7
57 0 U 56
58 0 U 57
59 1 U 58
60 1 U 43
61 1 L 3
62 0 U 61
63 0 U 62
64 0 U -1
65 0 U 64
66 0 U 65
67
0 1 U -1
1 1 U 0
2 1 U 1
3 1 U 2
4 1 L 2
5 1 U 4
6 0 U 1
7 1 U 1
8 1 U -1
9 0 L -1
10 1 U 9
11 1 U 10
12 0 U 11
13 1 U 4
14 0 U 13
15 0 U 14
16 0 U 9
17 1 U 16
18 0 U 17
19 0 U 10
20 1 U 19
21 0 U 20
22 1 U 21
23 1 U 18
24 0 U 17
25 1 U 24
26 0 U 6
27 1 U 26
28 1 U 27
29 1 U 28
30 0 U 29
31 0 U 30
32 0 U -1
33 1 U 32
34 1 L 4
35 1 U 34
36 1 L 32
37 1 U 36
38 1 U 37
39 1 U 38
40 0 U 3
41 1 U 40
42 1 U 41
43 1 U 41
44 0 U 6
45 0 L 38
46 0 U 45
47 1 U 46
48 0 U 40
49 0 U 48
50 1 U 16
51 0 U 50
52 1 U 7
53 1 U 48
54 0 U 53
55 1 L 1
56 1 L 7
57 0 U 56
58 0 L 55
59 1 U 58
60 0 L 32
61 1 L 3
62 0 U 61
63 0 U 62
64 0 U -1
65 0 U 64
66 0 U 65
67
0 0 U -1
1 1 U 0
2 1 U 1
3 1 U 2
4 0 L -1
5 1 U 4
6 0 U 5
7 1 U 1
8 1 U -1
9 0 L -1
10 1 U 9
11 0 U -1
12 0 U 11
13 1 U 4
14 0 U 13
15 0 U 7
16 0 U -1
17 1 U 16
18 0 U 17
19 0 U 10
20 1 U 19
21 0 U 20
22 1 U 21
23 1 U 18
24 1 U -1
25 1 U 24
26 1 U 25
27 1 U 26
28 0 L 13
29 1 U 28
30 0 U 29
31 0 U 30
32 0 U -1
33 1 U 32
34 0 U 33
35 1 U 34
36 1 U 35
37 1 U 36
38 1 U 37
39 1 U 37
40 0 U 3
41 1 U 40
42 1 U 41
43 0 U 42
44 0 U 6
45 1 U 23
46 0 U 45
47 1 U 46
48 1 U -1
49 0 U 48
50 1 U 16
51 0 U 50
52 1 U 7
53 1 U 48
54 0 U 53
55 1 L 1
56 1 L 7
57 1 L 53
58 0 U 57
59 1 U 58
60 1 U 43
61 1 U 16
62 0 U 61
63 0 U 62
64 0 U -1
65 0 U 64
66 0 U 65
67
0 0 U -1
1 1 U 0
2 1 U 1
3 1 U 2
4 0 L -1
5 1 U 4
6 0 U 5
7 1 U 1
8 1 U -1
9 0 L -1
10 1 U 9
11 1 U 10
12 0 U 11
13 1 U 4
14 0 U 13
15 0 U 14
16 0 U -1
17 1 U 16
18 0 U 17
19 0 U 10
20 1 U 19
21 0 U 12
22 1 U 12
23 1 U 18
24 1 U -1
25 1 U 24
26 1 U 25
27 1 L 14
28 1 U 27
29 1 U 28
30 0 U 29
31 0 U 30
32 0 U -1
33 1 U 32
34 0 U 33
35 1 U 34
36 1 U 35
37 1 U 36
38 1 U 37
39 1 U 38
40 0 U 3
41 1 U 40
42 1 U 41
43 0 L 16
44 0 U 6
45 1 U 23
46 0 U 45
47 1 U 46
48 1 U -1
49 0 U 48
50 1 U 16
51 0 U 50
52 1 U 7
53 1 U 48
54 0 U 53
55 1 L 1
56 1 L 7
57 0 U 56
58 0 U 57
59 1 U 58
60 1 U 43
61 1 L 3
62 1 L 46
63 0 U 62
64 0 U -1
65 0 U 64
66 0 U 65
67
0 0 U -1
1 1 U 0
2 1 U 1
3 1 U 0
4 0 L -1
5 0 L 3
6 0 U 5
7 1 U 1
8 1 U -1
9 0 L -1
10 1 U 9
11 1 U 10
12 1 U 9
13 1 U 4
14 0 U 13
15 0 U 14
16 0 U -1
17 1 L -1
18 0 U 17
19 0 U 10
20 1 U 19
21 0 U 20
22 1 U 21
23 1 U 18
24 1 U -1
25 1 U 24
26 1 U 25
27 1 U 26
28 1 U 27
29 1 U 28
30 0 U 29
31 0 U 30
32 0 U -1
33 1 U 32
34 0 U 33
35 1 U 34
36 1 U 35
37 1 U 36
38 1 U 37
39 1 U 38
40 0 U 3
41 1 U 40
42 1 U 41
43 0 U 42
44 0 U 6
45 1 U 23
46 0 U 45
47 1 U 46
48 1 U -1
49 0 U 48
50 1 U 16
51 0 U 50
52 1 L 49
53 1 U 48
54 0 U 53
55 1 L 1
56 1 L 7
57 0 U 56
58 0 U 11
59 1 U 58
60 1 U 43
61 1 L 3
62 0 U 61
63 0 U 62
64 0 U -1
65 0 U 64
66 0 U 65
67
0 0 U -1
1 1 U 0
2 1 U 0
3 1 U 2
4 0 L -1
5 1 U 4
6 0 U 5
7 0 L 2
8 1 U -1
9 0 L -1
10 1 U 9
11 1 U 10
12 0 U 11
13 1 U 4
14 0 U 13
15 0 U 14
16 1 L 14
17 1 U 16
18 0 U 17
19 0 U 10
20 1 U 19
21 0 U 20
22 1 U 21
23 1 U 18
24 1 U -1
25 1 U 24
26 1 U 25
27 1 U 26
28 1 U 27
29 1 U 28
30 0 U 29
31 0 U 30
32 0 U -1
33 1 U 32
34 0 U 33
35 1 U 34
36 1 U 35
37 1 U 36
38 1 U 37
39 1 U 38
40 0 U 3
41 1 U 40
42 1 U 41
43 0 U 42
44 0 U 6
45 1 U 23
46 0 U 45
47 1 U 46
48 1 U -1
49 0 U 48
50 0 L 33
51 0 U 50
52 1 U 7
53 1 U 48
54 0 U 53
55 1 L 1
56 1 L 7
57 0 U 56
58 0 U 57
59 1 U 58
60 1 U 43
61 1 L 3
62 0 U 61
63 0 U 62
64 0 U -1
65 0 U 64
66 0 U 65
67
0 0 U -1
1 1 U 0
2 1 U 1
3 1 U 2
4 0 L -1
5 1 U 4
6 0 U 5
7 1 U 1
8 1 U -1
9 1 L 8
10 1 U 9
11 1 L 8
12 0 U 11
13 1 U 4
14 0 U 13
15 0 U 14
16 0 U -1
17 0 L 12
18 0 U 17
19 0 U 10
20 1 U 19
21 0 U 20
22 1 U 21
23 1 U 18
24 1 U -1
25 1 U 24
26 1 U 25
27 0 L -1
28 1 U 27
29 1 U 28
30 0 U 29
31 0 U 30
32 0 U -1
33 1 U 32
34 0 U 33
35 1 U 34
36 1 U 35
37 1 U 36
38 1 U 37
39 1 U 38
40 0 U 3
41 1 U 40
42 1 U 41
43 0 U 42
44 0 U 6
45 1 U 23
46 0 U 45
47 1 U 46
48 1 U -1
49 0 U 48
50 1 U 16
51 0 U 50
52 1 U 7
53 1 U 48
54 0 U 53
55 1 L 1
56 1 L 7
57 0 U 56
58 0 U 57
59 1 U 58
60 1 U 43
61 0 L 24
62 0 U 44
63 0 U 62
64 0 U -1
65 0 U 64
66 0 U 65
67
0 0 U -1
1 1 U 0
2 1 U 0
3 1 U 2
4 0 L -1
5 1 U 4
6 0 U 5
7 1 U 1
8 1 U -1
9 0 L -1
10 1 U 9
11 1 U 10
12 0 U 11
13 1 U 4
14 0 U 3
15 0 U 14
16 0 U -1
17 1 U 16
18 0 U 17
19 0 U 10
20 1 U 19
21 0 U 20
22 1 U 21
23 1 U 18
24 1 U -1
25 1 U 24
26 1 U 25
27 1 L 14
28 0 U 25
29 1 U 28
30 0 U 29
31 0 U 30
32 1 U 30
33 1 U 32
34 0 U 33
35 1 U 34
36 1 U 35
37 1 U 36
38 1 U 37
39 1 U 38
40 0 U 3
41 1 U 40
42 1 U 41
43 0 U 42
44 0 U 6
45 1 U 23
46 0 U 45
47 1 U 46
48 1 U -1
49 0 U 48
50 1 U 16
51 0 U 50
52 1 U 7
53 1 U 48
54 0 L 38
55 1 L 1
56 1 L 7
57 0 U 56
58 0 U 57
59 1 U 58
60 1 U 43
61 1 L 3
62 1 L 50
63 0 U 62
64 0 U -1
65 0 U 64
66 0 U 65
67
0 0 U -1
1 1 U 0
2 1 U 1
3 1 U 2
4 0 L -1
5 1 L -1
6 0 U 5
7 1 U 1
8 1 U -1
9 0 L -1
10 1 U 9
11 1 U 10
12 0 U 11
13 0 U 1
14 0 U 8
15 0 U 14
16 0 U -1
17 1 U 16
18 0 U 17
19 0 U 14
20 0 U 9
21 0 U 20
22 1 U 21
23 1 U 22
24 1 U -1
25 1 U 24
26 1 U 25
27 1 U 26
28 1 U 27
29 1 U 28
30 0 U 29
31 0 U 30
32 0 U -1
33 1 U 32
34 0 U 33
35 1 U 34
36 1 L 3
37 1 U 36
38 1 U 37
39 1 U 38
40 0 U 3
41 1 U 40
42 0 L 24
43 0 U 42
44 0 U 6
45 1 L 27
46 0 U 45
47 1 U 46
48 1 U -1
49 1 L -1
50 1 U 16
51 0 U 50
52 1 U 7
53 1 U 48
54 0 U 53
55 1 L 1
56 1 L 7
57 0 U 56
58 0 U 57
59 1 U 22
60 1 U 43
61 1 L 3
62 0 U 61
63 0 U 62
64 0 U -1
65 0 U 64
66 0 U 65
67
0 0 U -1
1 1 U 0
2 1 U -1
3 1 U 2
4 0 L -1
5 1 U 4
6 1 U 1
7 1 U 1
8 1 U -1
9 0 U 6
10 1 U 9
11 1 U 10
12 0 U 11
13 1 U 4
14 1 U -1
15 0 U 14
16 0 U -1
17 1 U 16
18 0 U 17
19 0 U 10
20 0 L 13
21 0 U 20
22 1 U 21
23 1 U 18
24 1 U -1
25 1 U 24
26 1 U 25
27 1 U 26
28 0 L -1
29 1 U 28
30 0 U 29
31 0 U 30
32 0 U -1
33 1 U 32
34 0 U 33
35 1 L -1
36 1 U 35
37 1 U 36
38 1 U 37
39 1 U 38
40 0 U 3
41 1 U 40
42 1 U 41
43 0 U 42
44 0 U 6
45 1 U 23
46 0 U 45
47 1 U 46
48 1 U -1
49 0 U 48
50 1 U 16
51 0 U 50
52 1 U 7
53 1 U 48
54 0 U 53
55 1 L 1
56 1 L 7
57 0 U 56
58 0 U 57
59 1 U 52
60 1 U 43
61 1 L 3
62 0 U 61
63 0 U 62
64 0 U -1
65 0 U 64
66 0 L 25
67
0 0 U -1
1 1 U 0
2 1 U -1
3 1 U 2
4 0 L -1
5 1 U 4
6 0 U 5
7 1 U 1
8 1 U -1
9 0 L -1
10 1 U 9
11 1 U 10
12 0 U 11
13 1 U 4
14 0 U 13
15 0 U 14
16 0 U -1
17 1 U 16
18 0 U 17
19 0 U 10
20 0 U 9
21 0 U 20
22 1 U 21
23 0 U 20
24 1 U -1
25 1 U 24
26 1 U 25
27 0 L 21
28 1 U 27
29 1 L 23
30 0 U 29
31 0 U 30
32 0 U -1
33 1 U 32
34 0 U 33
35 1 U 34
36 1 U 35
37 1 U 36
38 1 U 37
39 1 U 38
40 0 U 3
41 1 U 40
42 1 U 41
43 0 U 42
44 0 U 6
45 1 U 23
46 0 U 45
47 1 U 46
48 1 U -1
49 0 U 48
50 1 U 16
51 0 U 50
52 1 U 7
53 1 U 48
54 0 U 53
55 1 L 1
56 1 L 7
57 0 U 56
58 0 U 57
59 1 U 58
60 1 U 43
61 1 L 3
62 0 U 61
63 0 U 62
64 0 U -1
65 0 U 64
66 0 U 65
67
0 0 U -1
1 1 U 0
2 1 U 1
3 1 U 2
4 0 U 3
5 1 U 4
6 0 U 5
7 1 U 1
8 1 U -1
9 0 L -1
10 1 U 9
11 1 U 10
12 0 U 11
13 1 U 4
14 0 U 13
15 0 U 14
16 0 U -1
17 1 U 16
18 1 L 0
19 0 U 10
20 1 U 19
21 0 U 20
22 1 U 21
23 1 U 18
24 1 U -1
25 1 U 24
26 1 U 25
27 0 U 19
28 1 U 27
29 0 U 9
30 0 U 29
31 0 U 30
32 0 U -1
33 1 U 32
34 0 U 33
35 1 L 2
36 1 U 35
37 1 U 36
38 1 U 37
39 1 U 38
40 0 U 3
41 1 U 40
42 1 U 41
43 0 U 42
44 0 U 6
45 1 U 23
46 0 U 45
47 1 U 46
48 0 L 39
49 0 U 48
50 1 U 16
51 0 U 50
52 1 U 7
53 1 U 48
54 0 U 53
55 1 L 1
56 1 L 7
57 0 U 56
58 0 U 57
59 1 U 58
60 1 U 43
61 1 L 3
62 1 L 34
63 0 U 62
64 0 U 54
65 0 L 37
66 1 U 49
67
0 0 U -1
1 1 U 0
2 1 U 1
3 0 U 2
4 0 L -1
5 1 U 4
6 0 U 5
7 1 U 1
8 1 U -1
9 0 L -1
10 1 U 9
11 1 U 10
12 0 U 11
13 1 U 4
14 0 U 13
15 0 U 14
16 0 U -1
17 1 U 16
18 1 U 5
19 0 U 10
20 1 U 19
21 0 U 20
22 1 U 21
23 0 U 19
24 1 U -1
25 1 U 24
26 1 U 6
27 1 U 26
28 1 U 27
29 1 U 28
30 0 U 29
31 0 U 30
32 0 U -1
33 1 U 32
34 0 U 33
35 1 U 29
36 1 U 35
37 1 U 36
38 1 U 37
39 1 U 38
40 1 L 9
41 1 U 40
42 1 U 41
43 0 U 42
44 0 U 6
45 0 L 41
46 0 U 45
47 1 U 46
48 1 U -1
49 0 U 48
50 1 U 16
51 0 U 50
52 1 U 7
53 1 U 48
54 0 U 53
55 1 L 1
56 1 L 7
57 0 U 56
58 0 U 57
59 0 L 30
60 1 U 43
61 1 L 3
62 0 U 61
63 0 U 62
64 0 L 26
65 0 U 64
66 0 U 65
67
0 0 U -1
1 1 U 0
2 1 U 1
3 0 L 2
4 0 L -1
5 0 L -1
6 0 U 5
7 1 U 1
8 1 U -1
9 0 L -1
10 1 U 9
11 1 U 10
12 0 U 11
13 1 U 4
14 0 U 13
15 0 U 14
16 0 U -1
17 0 U 15
18 0 U 17
19 1 L 18
20 1 U 19
21 0 U 20
22 1 U 21
23 1 U 18
24 1 U -1
25 1 U 24
26 1 U 25
27 1 U 26
28 1 U 27
29 1 U 28
30 0 L 23
31 0 U 30
32 0 U -1
33 1 U 32
34 0 U 33
35 1 U 34
36 1 U 35
37 1 U 36
38 1 U 37
39 1 U 38
40 0 U 3
41 1 U 40
42 1 U 41
43 0 U 42
44 0 L 35
45 1 U 23
46 0 U 45
47 1 U 46
48 1 U -1
49 1 L 21
50 1 U 16
51 0 U 50
52 1 U 7
53 1 U 48
54 0 U 53
55 1 L 1
56 1 L 7
57 0 U 56
58 1 U 33
59 1 U 58
60 1 U 43
61 1 L 3
62 0 U 61
63 0 U 62
64 0 U -1
65 1 U 13
66 0 U 65
67
0 0 U -1
1 1 U 0
2 0 U 1
3 1 U 2
4 0 U 0
5 1 U 4
6 0 U 5
7 1 U 1
8 1 U -1
9 0 L -1
10 1 U 9
11 1 U 10
12 0 U 11
13 1 U 4
14 0 U 13
15 0 U 14
16 0 U -1
17 1 U 16
18 0 U 17
19 0 U 10
20 1 U 19
21 0 U 20
22 1 U 21
23 1 U 18
24 1 U -1
25 1 U 24
26 1 U 25
27 1 U 26
28 1 U 27
29 1 U 28
30 0 U 29
31 0 U 30
32 0 U -1
33 1 U 32
34 0 U 33
35 1 U 34
36 1 U 35
37 1 U 36
38 1 U 37
39 1 U 38
40 1 L 2
41 1 U 40
42 1 U 41
43 0 U 42
44 0 U 6
45 1 U 23
46 0 U 45
47 1 U 46
48 1 U -1
49 0 U 48
50 1 U 16
51 0 U 50
52 1 U 7
53 1 U 16
54 0 U 53
55 1 L 1
56 1 L 7
57 0 U 56
58 0 U 57
59 1 U 58
60 1 U 43
61 1 L 3
62 1 U 8
63 0 U 40
64 0 U -1
65 0 L 0
66 1 L 58
67
0 0 U -1
1 1 U 0
2 1 U 1
3 1 U 2
4 1 L 2
5 1 U 4
6 0 U 5
7 1 U 1
8 1 U -1
9 0 L -1
10 1 U 9
11 1 U 10
12 0 U 11
13 1 U 4
14 0 U 13
15 0 U 14
16 0 U -1
17 1 U 16
18 0 U 17
19 0 U 10
20 0 U 11
21 0 U 20
22 1 U 21
23 1 U 18
24 0 L 21
25 1 U 24
26 0 U 17
27 1 U 26
28 1 U 27
29 1 U 28
30 0 U 29
31 0 U 30
32 0 U 14
33 1 U 32
34 0 U 33
35 1 U 34
36 1 U 35
37 1 U 36
38 1 U 37
39 1 U 38
40 0 U 3
41 1 U 40
42 1 U 41
43 0 U 42
44 0 U 6
45 1 U 23
46 0 U 45
47 1 U 46
48 0 U 4
49 0 U 48
50 1 U 16
51 0 U 50
52 1 U 7
53 1 U 48
54 0 U 53
55 1 L 1
56 1 U 51
57 0 U 56
58 0 L 1
59 1 U 1
60 1 U 43
61 1 L 3
62 0 U 61
63 0 L 32
64 0 U -1
65 0 U 64
66 0 U 65
67
0 0 U -1
1 1 U 0
2 1 U 1
3 1 U 2
4 0 L -1
5 1 U 4
6 0 U 5
7 1 U 1
8 1 U -1
9 0 L -1
10 1 U 9
11 1 U 10
12 0 U 11
13 1 U 4
14 0 U 13
15 1 L 13
16 0 U -1
17 1 U 16
18 0 U 17
19 0 U 10
20 1 U 19
21 1 L 5
22 1 U 21
23 1 U 18
24 1 U -1
25 1 U 24
26 1 U 25
27 1 U 26
28 1 U 27
29 0 U 5
30 0 U 29
31 0 U 30
32 0 U -1
33 1 U 32
34 0 U 33
35 1 U 34
36 1 U 35
37 1 U 36
38 1 U 37
39 1 U 38
40 0 U 3
41 1 U 40
42 1 U 41
43 0 U 42
44 0 U 6
45 1 U 23
46 0 U 45
47 1 U 46
48 0 L 16
49 0 U 48
50 1 U 16
51 0 U 50
52 1 U 7
53 1 U 48
54 0 U 53
55 1 L 1
56 1 L 7
57 0 U 56
58 0 L 54
59 1 U 58
60 1 U 43
61 0 L 57
62 0 U 61
63 0 U 62
64 0 U -1
65 0 U 64
66 0 U 65
67
0 0 U -1
1 1 U 0
2 1 U 1
3 1 U 2
4 1 L 2
5 1 U 4
6 0 U 5
7 0 U 0
8 1 U -1
9 0 U 6
10 1 U 9
11 0 L 2
12 0 U 11
13 1 U 4
14 0 U 13
15 0 L 2
16 0 U -1
17 1 U 16
18 0 U 17
19 0 U 10
20 1 U 19
21 0 U 20
22 1 U 21
23 1 U 9
24 1 U -1
25 1 U 24
26 1 U 25
27 1 U 26
28 1 U 27
29 1 U 28
30 0 U 29
31 0 U 30
32 0 U -1
33 1 U 32
34 0 U 33
35 1 U 34
36 1 U 35
37 1 U 36
38 1 U 37
39 1 U 38
40 0 U 3
41 1 U 40
42 1 U 41
43 0 U 42
44 1 L 1
45 1 U 23
46 0 U 45
47 1 U 46
48 1 U -1
49 0 U 48
50 1 U 16
51 0 U 50
52 1 U 7
53 1 U 48
54 1 U 42
55 1 L 1
56 1 L 7
57 0 U 56
58 0 U 57
59 1 U 58
60 1 U 43
61 1 L 3
62 0 U 61
63 0 U 62
64 0 U -1
65 0 U 64
66 0 U 65
67
0 0 L -1
1 1 U 0
2 1 U 1
3 1 U 2
4 0 L -1
5 1 U 4
6 0 U 5
7 1 U 1
8 1 U -1
9 0 L -1
10 1 U 9
11 1 U 10
12 0 U 11
13 1 U 4
14 0 U 13
15 0 U 14
16 0 U -1
17 1 U 16
18 0 U 17
19 0 U 10
20 1 U 19
21 0 U 6
22 1 U 21
23 1 U 18
24 1 U -1
25 0 U 17
26 1 U 25
27 1 U 26
28 1 U 27
29 1 U 28
30 0 U 29
31 0 U 30
32 0 U -1
33 1 U 32
34 0 L 9
35 1 U 34
36 1 U 35
37 1 U 36
38 1 U 37
39 1 U 38
40 0 U 3
41 1 U 40
42 1 U 41
43 1 L 32
44 0 U 6
45 1 U 23
46 0 U 45
47 1 U 46
48 1 U -1
49 0 U 48
50 1 U 16
51 0 U 50
52 1 U 7
53 1 U 48
54 0 U 53
55 1 L 1
56 1 L 7
57 0 U 56
58 0 U 57
59 1 U 58
60 1 U 43
61 1 L 3
62 0 U 61
63 0 U 62
64 0 U -1
65 0 U 64
66 0 U 65
67
0 0 U -1
1 1 U 0
2 1 U 1
3 1 U 2
4 0 L -1
5 0 U 1
6 0 U 5
7 1 U 1
8 1 U -1
9 0 L -1
10 1 U 9
11 1 U 10
12 1 U 10
13 1 U 4
14 0 U 13
15 0 L 3
16 0 U -1
17 1 U 16
18 0 U 17
19 0 U 10
20 1 U 19
21 0 U 20
22 1 U 21
23 1 U 18
24 1 U -1
25 1 U 24
26 1 U 25
27 1 U 26
28 1 U 27
29 1 U 28
30 0 U 29
31 0 U 30
32 0 U -1
33 1 U 32
34 0 U 33
35 1 U 34
36 1 U 35
37 1 U 36
38 1 U 37
39 1 U 38
40 0 U 3
41 0 L 0
42 1 U 41
43 0 U 42
44 0 U 6
45 1 U 23
46 0 U 45
47 0 U 6
48 1 U -1
49 0 U 48
50 1 U 16
51 0 U 50
52 1 U 7
53 1 U 48
54 0 U 53
55 1 L 1
56 1 L 7
57 0 L 2
58 0 U 57
59 1 U 58
60 0 L 59
61 1 L 3
62 0 U 61
63 1 L 14
64 0 L 15
65 0 U 64
66 0 U 65
67
0 0 U -1
1 1 U 0
2 1 U 1
3 1 U 2
4 0 L -1
5 1 U 4
6 0 U 5
7 1 U 1
8 1 U -1
9 0 L -1
10 1 U 9
11 1 U 10
12 0 U 11
13 1 U 4
14 0 U 13
15 1 L 12
16 1 U 1
17 1 U 16
18 0 U 17
19 0 U 10
20 1 U 19
21 0 U 20
22 1 U 21
23 1 U 18
24 1 U -1
25 1 U 24
26 1 U 25
27 1 U 26
28 1 U 27
29 1 U 28
30 0 U 29
31 0 U 30
32 0 U -1
33 1 U 32
34 0 U 33
35 0 U -1
36 1 U 35
37 1 U 36
38 1 U 37
39 1 U 38
40 0 U 3
41 1 U 40
42 1 U 41
43 0 U 42
44 0 U 6
45 1 U 23
46 0 U 45
47 1 U 46
48 1 U -1
49 0 U 48
50 1 U 16
51 0 U 50
52 1 U 7
53 1 U 48
54 0 U 53
55 1 L 1
56 1 U 2
57 1 U 3
58 0 U 57
59 1 U 58
60 1 U 43
61 1 L 3
62 0 U 61
63 0 U 62
64 0 U -1
65 0 U 64
66 0 U 65
67
0 0 U -1
1 1 U 0
2 1 U 1
3 1 U 2
4 0 L -1
5 1 U 4
6 0 U 5
7 1 U 1
8 1 U -1
9 0 L -1
10 1 U 9
11 1 U 10
12 0 U 11
13 0 U 7
14 0 U 13
15 0 L 5
16 0 U -1
17 1 U 16
18 0 U 17
19 0 U 10
20 1 U 19
21 0 U 20
22 1 U 21
23 1 U 18
24 1 U -1
25 1 U 24
26 1 U 25
27 1 U 26
28 1 U 27
29 1 U 28
30 1 L 16
31 0 U 30
32 0 U -1
33 1 U 32
34 0 U 33
35 1 U 34
36 1 U 35
37 1 U 36
38 1 U 37
39 1 U 38
40 0 U 3
41 1 U 40
42 1 U 41
43 0 U 42
44 0 U 6
45 1 U 23
46 0 U 45
47 1 U 46
48 1 U -1
49 0 U 48
50 1 U 16
51 0 U 50
52 1 U 7
53 1 U 48
54 0 U 53
55 1 L 1
56 1 L 23
57 0 L 5
58 0 U 57
59 1 U 58
60 1 U 43
61 1 L 3
62 0 U 61
63 0 U 62
64 0 U -1
65 0 U 64
66 0 U 65
67
0 1 U -1
1 1 U 0
2 1 U 1
3 1 U 2
4 0 L -1
5 1 U 1
6 0 U 5
7 1 U 1
8 1 U -1
9 0 L -1
10 1 U 9
11 1 U 10
12 0 U 11
13 1 U 4
14 0 U 13
15 0 U 14
16 0 U -1
17 1 U 16
18 0 U 17
19 0 U 10
20 1 U 19
21 0 U 20
22 1 U 21
23 0 L 3
24 1 U -1
25 0 U 24
26 1 U 25
27 1 U 26
28 1 U 27
29 1 U 28
30 0 U 29
31 0 U 30
32 0 U -1
33 1 U 32
34 0 U 33
35 1 U 34
36 1 U 35
37 1 U 36
38 1 U 37
39 1 U 38
40 0 U 3
41 1 U 40
42 1 U 41
43 0 U 42
44 0 U 6
45 1 U 23
46 0 U 45
47 1 U 46
48 1 U -1
49 0 U 48
50 1 U 16
51 0 U 50
52 0 L 8
53 1 U 48
54 0 U 53
55 1 L 1
56 1 L 7
57 0 U 56
58 0 U 57
59 1 U 58
60 1 U 43
61 1 L 3
62 0 U 61
63 0 U 62
64 1 U 30
65 0 U 64
66 0 U 65
67
0 1 U -1
1 1 U 0
2 1 U 1
3 1 L 1
4 0 L -1
5 1 U 1
6 0 U 5
7 1 U 1
8 1 U -1
9 0 L -1
10 1 U 9
11 1 U 10
12 0 U 11
13 1 U 4
14 0 U 13
15 0 U 14
16 0 U -1
17 1 U 16
18 0 U 17
19 0 U 10
20 1 U 19
21 1 L 12
22 1 U 21
23 0 L 3
24 1 U -1
25 0 U 24
26 1 L 18
27 1 U 26
28 1 U 27
29 1 U 28
30 0 U 29
31 0 U 30
32 0 U -1
33 1 U 32
34 0 U 33
35 1 U 34
36 1 U 35
37 1 L 25
38 0 L 32
39 1 U 38
40 0 U 3
41 1 U 40
42 1 U 41
43 0 U 17
44 0 U 6
45 1 U 23
46 0 U 19
47 1 U 46
48 1 U -1
49 0 U 48
50 1 U 16
51 0 U 50
52 0 L 8
53 1 U 48
54 0 U 53
55 1 L 1
56 1 L 7
57 0 U 56
58 0 U 57
59 1 U 58
60 1 U 43
61 1 L 3
62 1 L 19
63 0 U 62
64 1 U 30
65 0 U 64
66 0 U 29
67
0 1 U -1
1 1 U 0
2 1 U 1
3 1 U 2
4 0 L -1
5 1 U 1
6 0 U 5
7 1 U 1
8 1 U -1
9 1 U 2
10 1 U 9
11 1 U 10
12 0 U 11
13 1 U 4
14 0 U 13
15 0 U 14
16 1 U 4
17 1 U 16
18 0 U 17
19 0 U 10
20 0 U 19
21 0 U 20
22 1 U 21
23 0 L 3
24 1 U -1
25 0 U 24
26 1 U 25
27 1 U 26
28 1 U 27
29 1 U 28
30 0 U 29
31 0 U 30
32 0 U -1
33 1 U 32
34 0 U 33
35 1 U 34
36 0 U 25
37 1 U 36
38 1 U 37
39 1 U 38
40 0 U 3
41 1 U 40
42 1 U 41
43 0 U 42
44 0 U 6
45 1 U 23
46 0 U 45
47 1 U 46
48 1 U -1
49 0 U 48
50 1 U 16
51 0 U 50
52 0 L 8
53 1 U 48
54 0 U 53
55 1 L 1
56 1 L 7
57 0 U 56
58 0 U 57
59 1 U 58
60 1 U 43
61 1 L 3
62 0 U 61
63 0 U 62
64 1 U 30
65 0 U 64
66 0 U 65
67
0 1 U -1
1 1 U 0
2 1 U 1
3 1 U 2
4 0 L -1
5 1 U 1
6 0 U 5
7 1 U 1
8 1 U -1
9 1 U 2
10 1 U 9
11 1 U 10
12 0 U 11
13 1 U 10
14 0 U 13
15 0 U 14
16 1 U 4
17 1 U 16
18 0 U 17
19 0 L 5
20 0 U 19
21 0 U 20
22 1 U 21
23 0 L 3
24 1 U -1
25 0 U 24
26 1 U 25
27 1 U 26
28 1 U 27
29 1 U 28
30 0 U 29
31 0 U 30
32 0 U -1
33 1 U 32
34 0 U 33
35 1 U 34
36 0 U 25
37 1 U 36
38 1 U 37
39 1 U 38
40 0 U 3
41 1 U 40
42 1 U 41
43 0 U 42
44 0 U 6
45 1 U 23
46 0 U 45
47 0 U 22
48 1 U -1
49 0 U 48
50 1 U 16
51 1 L 49
52 0 L 8
53 1 U 48
54 0 U 53
55 1 L 1
56 1 L 7
57 0 U 56
58 0 U 57
59 0 L 41
60 0 L 51
61 1 L 3
62 0 U 61
63 0 U 62
64 0 U 57
65 0 U 64
66 0 U 65
67
0 1 U -1
1 1 U 0
2 1 U 1
3 1 U 2
4 0 L -1
5 1 U 1
6 0 U 5
7 0 L -1
8 1 U -1
9 1 U 2
10 1 U 9
11 1 U 10
12 0 U 11
13 1 U 4
14 0 U 13
15 0 U 14
16 1 U 4
17 1 U 8
18 0 U 17
19 1 L 16
20 0 U 19
21 0 U 20
22 1 U 21
23 0 L 3
24 1 U -1
25 0 U 24
26 1 U 25
27 1 U 26
28 1 U 27
29 1 U 28
30 0 U 29
31 0 U 30
32 0 U -1
33 1 U 32
34 0 U 33
35 1 U 3
36 0 U 25
37 1 L 23
38 1 U 12
39 1 U 38
40 1 U 28
41 0 U 16
42 1 U 41
43 1 U 8
44 0 U 6
45 0 L 26
46 0 U 45
47 1 U 46
48 1 U -1
49 0 U 48
50 1 U 16
51 0 U 50
52 0 L 8
53 1 U 48
54 0 U 53
55 1 L 1
56 1 L 7
57 0 L 36
58 1 L 18
59 1 U 58
60 1 U 43
61 0 U 40
62 0 U 61
63 0 U 62
64 1 U 30
65 0 U 64
66 0 U 65
67
0 1 U -1
1 1 U 0
2 1 U 1
3 1 U 2
4 0 L -1
5 1 U 1
6 0 L 4
7 1 U 1
8 1 U -1
9 1 U 2
10 1 U 9
11 1 U 10
12 0 U 11
13 1 U 4
14 0 U 13
15 0 L 1
16 1 U 4
17 1 U 16
18 0 U 17
19 0 U 10
20 0 U 19
21 0 U 20
22 1 U 21
23 0 L 3
24 1 U -1
25 0 U 24
26 1 U 25
27 1 U 26
28 1 U 27
29 1 U 28
30 0 U 29
31 0 U 30
32 0 U -1
33 1 L 0
34 0 U 33
35 1 U 34
36 0 U 25
37 1 U 36
38 1 U 37
39 0 U 25
40 0 U 3
41 1 U 40
42 1 L 16
43 0 U 42
44 0 U 6
45 0 U 40
46 0 U 45
47 1 U 46
48 1 L 18
49 0 U 48
50 1 U 16
51 0 U 50
52 0 L 8
53 1 U 48
54 0 U 53
55 1 L 1
56 1 L 7
57 0 U 56
58 0 U 57
59 1 U 58
60 0 U 40
61 1 L 3
62 0 U 61
63 0 U 62
64 1 U 30
65 0 U 64
66 0 U 65
67
0 1 U -1
1 1 U 0
2 1 U 1
3 1 U 2
4 0 L -1
5 1 U 1
6 0 U 5
7 1 U 1
8 1 U -1
9 1 U 2
10 1 U 9
11 1 U 10
12 0 L 0
13 1 U 4
14 0 U 13
15 0 U 14
16 1 U 4
17 1 U 16
18 0 U 12
19 0 U 10
20 0 U 19
21 0 U -1
22 1 U 21
23 0 L 3
24 1 U -1
25 0 U 24
26 1 U 16
27 1 U 26
28 1 U 27
29 1 U 28
30 0 U 29
31 1 U 6
32 1 U 5
33 1 U 32
34 0 U 33
35 0 L -1
36 0 U 25
37 1 U 36
38 1 U 37
39 1 U 38
40 0 U 3
41 1 U 40
42 1 U 41
43 0 U 42
44 0 U 6
45 1 U 23
46 0 U 45
47 1 U 46
48 1 U -1
49 0 U 48
50 1 U 16
51 0 U 50
52 0 L 8
53 1 U 48
54 0 U 53
55 1 L 1
56 1 L 7
57 0 U 16
58 0 U 57
59 1 U 58
60 1 U 41
61 0 L 50
62 0 U 61
63 0 U 62
64 1 U 30
65 0 U 64
66 0 U 65
67
0 1 U -1
1 1 U 0
2 1 L 1
3 1 U 2
4 0 L -1
5 1 U 1
6 0 U 5
7 1 U 1
8 1 U -1
9 1 U 2
10 1 U 9
11 1 U 10
12 0 U 11
13 1 U 4
14 0 U 13
15 0 U 14
16 1 U 4
17 1 U 16
18 1 U 17
19 0 U 10
20 0 U 19
21 0 U 6
22 1 U 21
23 0 L 3
24 1 U -1
25 0 U 24
26 1 U 25
27 1 U 26
28 1 U 27
29 1 U 28
30 0 U 29
31 0 U 30
32 0 U -1
33 1 U 32
34 0 U 33
35 1 U 34
36 0 U 25
37 1 U 36
38 1 U 37
39 1 U 38
40 0 U 3
41 1 U 40
42 1 U 41
43 0 U 42
44 0 U 6
45 1 U 23
46 0 U 45
47 0 U 34
48 1 U -1
49 0 U 48
50 1 U 16
51 0 U 50
52 0 L 8
53 1 U 48
54 0 U 53
55 1 L 1
56 0 U 47
57 0 U 56
58 0 U 57
59 1 U 58
60 1 U 43
61 1 L 3
62 0 U 61
63 0 U 62
64 1 L 1
65 0 U 64
66 0 U 65
67
0 1 U -1
1 1 U 0
2 1 U 1
3 1 U 2
4 1 L 2
5 1 U 1
6 0 U 5
7 1 U 1
8 1 U -1
9 1 U 2
10 1 U 9
11 1 U 10
12 1 U 10
13 1 U 4
14 0 U 13
15 0 U 14
16 1 U 4
17 1 U 16
18 0 U 17
19 0 U 10
20 0 U 19
21 0 U 20
22 1 U 21
23 0 L 3
24 1 U -1
25 0 U 24
26 1 U 25
27 1 U 26
28 1 U 27
29 1 U 28
30 0 U 29
31 0 U 30
32 1 L 29
33 1 U 32
34 0 U 33
35 0 U 12
36 0 U 25
37 1 U 36
38 1 U 37
39 1 U 38
40 0 U 3
41 1 U 40
42 1 U 41
43 0 U 42
44 0 U 6
45 1 U 23
46 1 L 37
47 1 U 46
48 1 U -1
49 0 U 48
50 1 U 16
51 0 U 50
52 0 L 8
53 1 U 48
54 0 U 53
55 1 L 1
56 1 L 7
57 0 U 56
58 0 U 57
59 1 U 58
60 1 U 43
61 1 L 3
62 0 U 56
63 0 U 62
64 1 U 30
65 0 U 64
66 0 U 65
67
0 1 U -1
1 1 L -1
2 1 U 1
3 1 U 2
4 0 L -1
5 1 U 1
6 0 U 5
7 1 U 1
8 1 U -1
9 1 U 2
10 1 U 9
11 0 U 5
12 0 U 11
13 1 U 4
14 0 U 13
15 0 U 14
16 1 U -1
17 1 U 16
18 0 U 17
19 0 U 10
20 0 U 19
21 0 L 9
22 1 U 21
23 0 L 3
24 1 U -1
25 0 L -1
26 1 L 2
27 0 L 14
28 1 U 27
29 1 U 28
30 0 U 29
31 1 U 22
32 0 U -1
33 1 U 32
34 1 L 28
35 1 U 34
36 0 U 25
37 1 U 36
38 1 U 37
39 1 U 38
40 0 U 3
41 1 U 40
42 1 U 21
43 0 U 42
44 0 U 6
45 0 U 20
46 0 U 45
47 1 U 46
48 1 U 9
49 0 U 48
50 1 L 8
51 0 U 50
52 0 L 8
53 1 U 48
54 0 U 53
55 1 L 1
56 1 L 52
57 0 U 56
58 0 U 57
59 1 U 58
60 1 U 43
61 0 U 48
62 0 U 61
63 0 U 62
64 1 U 30
65 0 U 64
66 1 U 47
67
0 1 U -1
1 1 U 0
2 1 U 1
3 1 U 2
4 0 L -1
5 1 U 1
6 0 U 5
7 1 U 1
8 1 U -1
9 1 U 2
10 0 L 9
11 1 U 10
12 0 U 11
13 1 U 4
14 0 U 13
15 0 U 14
16 1 U 4
17 1 U 16
18 0 U 17
19 0 U 10
20 0 U 19
21 0 U 20
22 1 U 8
23 0 L 14
24 1 U -1
25 0 U 24
26 1 U 25
27 1 U 26
28 1 U 27
29 1 U 28
30 0 U 29
31 0 U 30
32 0 U -1
33 1 U 32
34 1 L 21
35 1 U 34
36 0 U 25
37 1 U 36
38 1 U 37
39 1 U 38
40 0 U 3
41 1 U 40
42 1 U 41
43 0 U 42
44 0 U 6
45 1 U 1
46 0 U 45
47 1 U 46
48 1 U -1
49 0 U 48
50 1 U 16
51 1 L 19
52 0 L 8
53 1 U 48
54 0 U 53
55 1 L 1
56 1 L 7
57 0 U 56
58 0 U 57
59 1 U 58
60 1 U 43
61 1 L 3
62 1 L 11
63 0 U 62
64 1 U 30
65 0 U 64
66 0 U 65
67
0 1 U -1
1 1 U 0
2 1 U 1
3 1 U 2
4 0 L -1
5 1 U 1
6 0 U 5
7 1 U 1
8 1 U -1
9 1 U 2
10 0 L 9
11 1 U 10
12 0 U 11
13 1 U 4
14 0 U 13
15 0 U 14
16 1 U 4
17 1 U 16
18 0 U 17
19 0 U 10
20 0 U 19
21 0 U 20
22 1 U 8
23 0 L 14
24 1 U -1
25 0 U 24
26 1 U 25
27 1 U 26
28 1 U 27
29 1 U 28
30 0 U 29
31 0 U 30
32 0 U -1
33 1 U 32
34 1 L 21
35 1 U 34
36 0 U 25
37 0 L 4
38 1 U 37
39 1 U 38
40 0 U 15
41 1 U 40
42 1 U 41
43 0 U 42
44 0 U 6
45 1 U 1
46 0 U 45
47 0 L 14
48 1 U -1
49 0 U 48
50 1 U 16
51 1 L 19
52 0 L 8
53 1 U 48
54 0 U 53
55 1 L 1
56 1 L 7
57 0 U 56
58 0 U 57
59 1 U 58
60 1 U 43
61 1 L 3
62 1 U 25
63 0 U 62
64 1 U 30
65 0 U 64
66 0 U 65
67
0 1 U -1
1 1 U 0
2 1 U 1
3 1 U -1
4 0 L -1
5 1 U 1
6 0 U 5
7 1 U 1
8 1 U -1
9 1 U 2
10 0 L 9
11 1 U 10
12 0 U 11
13 1 U 4
14 0 U 13
15 0 U 14
16 1 U 4
17 1 U 16
18 0 U 17
19 0 U 10
20 0 U 19
21 0 U 20
22 1 U 8
23 0 L 14
24 1 U -1
25 0 U 24
26 1 U 25
27 1 U 22
28 1 U 27
29 1 U 28
30 0 U 29
31 0 U 30
32 0 U -1
33 1 U 32
34 1 L 21
35 1 U 34
36 0 U 25
37 1 U 36
38 1 U 37
39 1 U 38
40 0 U 3
41 1 U 40
42 1 U 41
43 0 U 42
44 1 L 5
45 1 U 1
46 0 U 45
47 1 U 46
48 1 U 25
49 0 U 48
50 1 U 16
51 1 L 19
52 1 U 35
53 1 U 48
54 0 U 53
55 1 L 1
56 1 L 7
57 0 L 10
58 0 L 43
59 1 U 58
60 1 U 43
61 1 L 3
62 1 L 11
63 0 U 48
64 0 U 10
65 0 U 64
66 0 U 65
67
0 1 L -1
1 1 U 0
2 1 U 1
3 1 U 2
4 0 L -1
5 1 U 1
6 0 U 5
7 1 U 1
8 1 U -1
9 1 U 2
10 0 L 9
11 1 U 10
12 0 U 11
13 1 U 9
14 0 U 13
15 0 U 14
16 1 U 4
17 1 U 16
18 0 U 17
19 0 U 10
20 0 U 19
21 0 U 20
22 1 U 8
23 0 L 14
24 1 U -1
25 1 L 17
26 1 U 25
27 0 U 7
28 1 U 27
29 1 U 28
30 0 U 29
31 0 U 17
32 0 L 4
33 1 U 32
34 1 L 21
35 1 U 34
36 0 U 25
37 1 U 36
38 1 U 37
39 1 U 38
40 0 U 3
41 1 U 40
42 1 U 41
43 0 U 42
44 0 U 6
45 1 U 1
46 0 U 45
47 1 U 46
48 1 U -1
49 0 U 48
50 1 U 16
51 1 L 19
52 0 L 8
53 1 L 13
54 0 U 53
55 1 L 1
56 0 L -1
57 0 U 56
58 0 U 57
59 1 U 58
60 1 U 43
61 1 L 3
62 1 L 11
63 0 U 62
64 1 U 30
65 0 U 64
66 0 U 65
67
0 1 U -1
1 1 U 0
2 1 U 1
3 1 U 2
4 0 L -1
5 1 U 1
6 0 U 5
7 0 U 6
8 1 U -1
9 1 U 2
10 0 L 9
11 1 U 10
12 0 U 11
13 1 U 4
14 0 U 8
15 0 U 14
16 1 U 4
17 1 U 16
18 0 U 17
19 0 U 10
20 0 U 19
21 0 U 20
22 1 U 8
23 0 L 14
24 1 U -1
25 1 L 0
26 1 U 25
27 1 U 26
28 1 U 27
29 1 U 28
30 0 U 29
31 0 U 30
32 0 U -1
33 1 U 32
34 1 L 21
35 1 U 34
36 0 U 34
37 1 U 36
38 0 L 11
39 1 U 38
40 0 L 33
41 1 U 40
42 1 U 41
43 0 L 21
44 0 U 6
45 1 U 1
46 0 U 45
47 1 U 46
48 1 U -1
49 0 U 48
50 1 U 16
51 1 L 19
52 0 L 8
53 0 L 43
54 0 U 53
55 1 L 1
56 1 L 7
57 0 L 55
58 0 U 57
59 1 U 58
60 1 U 43
61 1 L 3
62 1 L 11
63 0 U 62
64 1 U 30
65 0 U 64
66 0 U 65
67
0 1 U -1
1 1 U 0
2 1 U 1
3 1 U 2
4 0 L -1
5 1 U 1
6 0 U 5
7 1 U 4
8 1 U -1
9 1 U 2
10 0 L 9
11 1 U 10
12 0 U 11
13 1 U 4
14 0 L 8
15 0 U 14
16 1 U 4
17 1 U 16
18 0 U 17
19 0 U 10
20 0 U 6
21 0 U 20
22 1 U 8
23 0 L 14
24 1 L 21
25 0 U 24
26 1 U 25
27 1 U 26
28 1 U 27
29 1 U 28
30 0 U 29
31 0 U 30
32 0 U -1
33 1 U 32
34 1 L 21
35 1 U 34
36 0 U 25
37 1 U 36
38 1 U 37
39 1 U 38
40 0 U 3
41 1 U 40
42 1 U 41
43 0 U 42
44 0 U 6
45 1 U 1
46 0 U 45
47 1 U 46
48 1 U -1
49 0 U 48
50 1 U 16
51 1 L 19
52 0 L 8
53 1 U 48
54 0 U 53
55 1 L 1
56 1 U 44
57 0 U 56
58 0 U 57
59 1 U 58
60 1 U 43
61 1 L 3
62 1 L 11
63 0 U 62
64 1 U 30
65 1 U 56
66 0 U 65
67
0 1 U -1
1 1 U 0
2 1 U 1
3 1 U 2
4 0 L -1
5 1 U 1
6 0 U 5
7 1 U 1
8 1 U -1
9 1 U 2
10 0 L 9
11 1 L 8
12 0 U 11
13 1 U 4
14 0 U 13
15 0 U 14
16 1 U 4
17 1 U 16
18 0 U 17
19 0 U 10
20 0 U 19
21 0 U 20
22 1 U 8
23 0 L 14
24 1 U -1
25 0 U 24
26 1 U 25
27 1 U 26
28 1 U 27
29 0 U 13
30 0 U 29
31 0 U 30
32 0 U -1
33 1 U 32
34 1 L 21
35 1 U 34
36 0 U 25
37 1 U 28
38 1 U 37
39 1 U 38
40 0 L 27
41 1 U 40
42 1 U 41
43 0 U 42
44 0 L 5
45 1 U 1
46 0 U 45
47 1 U 46
48 1 U -1
49 0 U 48
50 1 U 16
51 1 L 19
52 0 L 8
53 1 U 48
54 0 U 53
55 1 L 1
56 1 L 7
57 0 U 56
58 0 U 57
59 0 U 3
60 1 U 43
61 1 L 3
62 1 L 11
63 0 U 62
64 1 U 30
65 0 U 64
66 0 U 65
67
0 1 U -1
1 1 U 0
2 1 U 1
3 1 U 2
4 0 L -1
5 1 U 1
6 0 U 5
7 1 U 1
8 0 L -1
9 1 U 2
10 0 L 9
11 1 U 10
12 0 U 11
13 1 U 4
14 0 U 13
15 0 U 4
16 1 U 4
17 1 U 16
18 0 U 17
19 0 U 10
20 0 U 19
21 0 U 20
22 1 U 8
23 0 L 14
24 1 U -1
25 0 U 2
26 1 U 25
27 1 L 1
28 1 U 27
29 1 U 28
30 0 U 29
31 0 U 30
32 0 U -1
33 1 L 20
34 1 U 20
35 1 U 34
36 0 U 25
37 1 U 36
38 1 U 37
39 1 U 38
40 1 U 23
41 1 U 40
42 1 U 41
43 0 U 42
44 0 U 6
45 1 U 1
46 0 U 45
47 1 U 46
48 1 U -1
49 0 U 48
50 1 U 16
51 1 L 19
52 0 L 8
53 0 L 28
54 0 U 53
55 1 L 1
56 1 L 7
57 0 U 56
58 0 U 57
59 1 U 58
60 1 U 43
61 1 L 3
62 0 U 5
63 0 U 62
64 1 U 30
65 0 U 64
66 0 U 65
67
0 1 U -1
1 1 U 0
2 1 U 1
3 1 U 2
4 0 L -1
5 1 U 1
6 0 L 1
7 1 U 1
8 1 U -1
9 1 U 2
10 1 L 0
11 1 U 10
12 0 U 11
13 1 U 4
14 0 U 13
15 0 L 5
16 1 U 4
17 1 U 16
18 0 U 2
19 1 L 9
20 0 U 19
21 0 U 20
22 1 U 8
23 0 L 14
24 1 U -1
25 0 U 24
26 1 U 25
27 1 U 26
28 1 U 27
29 1 U 28
30 0 U 29
31 0 U 30
32 0 U -1
33 1 U 32
34 1 L 21
35 1 U 34
36 0 U 25
37 1 U 36
38 0 L 0
39 1 U 38
40 0 U 3
41 1 U 40
42 1 U 41
43 0 U 42
44 0 U 6
45 1 U 1
46 0 U 45
47 1 U 46
48 1 U -1
49 0 U 48
50 1 U 16
51 0 L 12
52 0 L 8
53 1 U 48
54 0 U 53
55 1 L 1
56 1 L 7
57 0 U 56
58 0 U 57
59 1 U 58
60 1 U 43
61 1 L 3
62 1 L 11
63 0 U 62
64 1 U 30
65 0 U 64
66 0 U 65
67
0 1 U -1
1 1 U 0
2 1 U 1
3 1 U 2
4 0 U 3
5 1 U 1
6 0 U 5
7 1 U 1
8 1 U -1
9 1 U 2
10 0 L 4
11 1 U 10
12 0 U 11
13 1 U 4
14 0 U 13
15 0 L 8
16 1 U 4
17 1 U 16
18 0 U 17
19 0 U 11
20 0 U 19
21 0 U 20
22 1 U 8
23 0 L 14
24 1 U -1
25 0 U 24
26 1 U 25
27 1 U 26
28 1 U 27
29 1 U 28
30 0 U 29
31 0 U 30
32 0 U -1
33 1 U 32
34 1 L 21
35 1 U 34
36 0 U 25
37 1 U 36
38 1 U 37
39 1 U 38
40 0 U 3
41 1 U 40
42 1 U 41
43 0 U 42
44 0 U 6
45 0 U 29
46 0 U 45
47 1 U 46
48 1 U -1
49 0 U 48
50 1 U 16
51 1 L 48
52 0 L 8
53 1 U 48
54 0 U 53
55 1 L 1
56 1 L 7
57 0 U 11
58 0 U 57
59 1 U 58
60 1 U 43
61 0 L 2
62 1 L 11
63 1 U 48
64 1 U 30
65 0 U 64
66 1 U 41
67
0 1 U -1
1 1 U 0
2 1 U 1
3 1 U 2
4 0 L -1
5 1 U 1
6 0 U 5
7 1 U 1
8 1 U -1
9 1 U 8
10 0 L 9
11 1 U 10
12 0 U 11
13 1 U 4
14 0 U 13
15 0 U 14
16 1 U 4
17 1 U 16
18 0 U 17
19 0 U 10
20 0 U 19
21 0 U 20
22 0 U 3
23 0 L 14
24 1 U -1
25 0 U 24
26 1 U 25
27 1 U 13
28 1 U 27
29 1 U 28
30 0 U 29
31 0 U 30
32 1 U 26
33 1 U 32
34 1 L 21
35 1 U 34
36 0 U 25
37 1 U 36
38 1 U 37
39 1 U 38
40 0 U 3
41 1 U 40
42 1 U 41
43 0 U 42
44 0 U 6
45 1 U 1
46 0 U 45
47 1 U 46
48 1 U -1
49 0 U 48
50 1 U 16
51 1 L 19
52 0 L 8
53 1 U 48
54 0 U 53
55 1 L 1
56 1 L 7
57 0 U 56
58 0 U 57
59 1 U 58
60 1 U 43
61 1 L 3
62 1 U 34
63 0 U 62
64 1 U 30
65 0 U 64
66 0 U 65
67
0 1 U -1
1 1 U 0
2 0 U 1
3 1 U 2
4 0 L -1
5 1 U 1
6 0 U 5
7 1 U 1
8 1 U -1
9 1 U 2
10 0 L 9
11 1 L 1
12 0 U 11
13 1 U 4
14 0 U 13
15 0 U 14
16 1 U 4
17 1 U 16
18 0 U 17
19 0 U 10
20 0 U 19
21 0 U 20
22 1 U 8
23 0 L 14
24 1 U -1
25 0 U 24
26 1 U 25
27 1 U 26
28 1 U 27
29 1 U 28
30 0 U 29
31 0 U 30
32 0 U -1
33 1 U 32
34 1 L 21
35 1 U 34
36 0 U 25
37 1 U 36
38 1 U 37
39 1 U 38
40 0 U 3
41 1 U 40
42 1 U 41
43 0 U 42
44 0 U 6
45 1 U 1
46 0 U 45
47 1 U 46
48 1 U -1
49 0 U 48
50 1 U 16
51 1 L 19
52 0 L 8
53 1 U 7
54 0 U 53
55 1 L 1
56 1 L 7
57 0 U 56
58 0 U 57
59 1 U 58
60 1 U 43
61 1 L 3
62 1 L 11
63 0 U 62
64 1 U 30
65 0 U 64
66 0 U 65
67
0 1 U -1
1 1 U 0
2 1 U 1
3 1 U 2
4 0 L -1
5 0 U -1
6 0 U 5
7 1 U 1
8 1 U -1
9 1 L 1
10 0 L 9
11 0 L -1
12 0 U 11
13 1 U 4
14 0 U 13
15 0 U 14
16 1 U 4
17 1 U 16
18 0 U 17
19 0 U 10
20 0 U 19
21 0 U 20
22 0 L 7
23 0 L 14
24 1 U -1
25 0 U 24
26 1 U 25
27 1 U 26
28 1 U 27
29 1 U 28
30 1 U 7
31 0 U 30
32 0 U -1
33 1 U 32
34 1 L 21
35 1 U 34
36 0 U 25
37 1 U 36
38 1 U 37
39 1 U 38
40 0 U 3
41 1 U 40
42 1 U 41
43 0 U 42
44 0 U 6
45 1 U 1
46 0 U 45
47 1 U 46
48 1 U -1
49 0 U 48
50 1 U 16
51 1 L 19
52 0 L 8
53 1 U 48
54 0 U 53
55 1 L 1
56 1 L 7
57 0 U 56
58 0 U 57
59 1 U 58
60 1 U 43
61 1 L 3
62 1 L 11
63 0 U 62
64 1 U 30
65 0 U 64
66 0 U 65
67
0 1 U -1
1 1 U 0
2 1 U 1
3 1 U 2
4 0 U 1
5 1 U 1
6 1 L 2
7 1 U 1
8 1 U -1
9 1 U 2
10 0 L 9
11 1 U 10
12 0 U 11
13 0 U 4
14 0 U 13
15 0 U 14
16 1 U 4
17 1 U 15
18 0 U 17
19 0 U 10
20 0 U 19
21 0 U 20
22 1 U 8
23 0 L 14
24 1 U -1
25 0 U 24
26 1 U 25
27 1 U 26
28 1 U 27
29 1 U 28
30 0 U 29
31 0 U 30
32 1 L 11
33 1 U 32
34 1 L 21
35 1 U 34
36 0 U 25
37 1 U 36
38 1 U 37
39 1 U 38
40 0 U 3
41 1 U 40
42 1 U 41
43 0 U 42
44 0 U 6
45 1 U 1
46 0 U 45
47 1 U 46
48 1 U -1
49 0 U 48
50 1 U 16
51 1 L 19
52 0 L 8
53 1 U 48
54 0 U 53
55 0 U 38
56 1 L 7
57 0 U 56
58 0 U 57
59 1 U 58
60 1 U 43
61 1 L 3
62 1 L 11
63 0 U 62
64 1 U 30
65 0 U 64
66 0 U 65
67
0 1 U -1
1 1 U 0
2 1 U 1
3 1 U 2
4 0 L -1
5 1 U 1
6 0 U 5
7 1 U 1
8 1 U -1
9 1 U 2
10 0 L 9
11 1 U 10
12 0 U 11
13 1 U 4
14 0 U 13
15 0 U 14
16 1 U 4
17 1 U 16
18 0 U 17
19 1 L 4
20 0 U 19
21 0 U 20
22 0 L -1
23 0 L 14
24 1 U 5
25 0 U 24
26 0 L 1
27 1 U 26
28 1 U 27
29 1 U 28
30 0 U 29
31 0 U 30
32 0 U -1
33 1 L 5
34 1 L 21
35 1 U 34
36 0 U 28
37 1 U 36
38 1 U 37
39 1 U 38
40 0 U 3
41 1 U 40
42 1 U 41
43 0 U 42
44 0 U 6
45 1 U 1
46 0 U 45
47 1 U 46
48 1 U -1
49 0 U 48
50 1 U 21
51 1 L 19
52 0 L 8
53 1 U 48
54 0 U 53
55 1 L 1
56 1 L 7
57 0 U 56
58 0 U 57
59 1 U 58
60 1 U 43
61 1 L 3
62 1 L 11
63 0 U 62
64 1 U 30
65 0 U 64
66 0 U 65
67
0 1 U -1
1 1 L -1
2 1 U 1
3 1 U 2
4 0 L -1
5 1 U 1
6 0 U 5
7 1 U 1
8 1 U -1
9 1 U 2
10 0 L 9
11 0 U 6
12 0 U 11
13 1 U 4
14 0 U 13
15 0 U 14
16 1 U 4
17 1 U 16
18 0 U 17
19 0 U 10
20 0 U 19
21 0 U 20
22 1 U 8
23 1 U 20
24 1 U -1
25 0 U 24
26 1 U 25
27 1 U 26
28 1 U 27
29 1 U 28
30 0 U 29
31 0 U 30
32 0 U -1
33 1 U 32
34 1 L 21
35 1 U 34
36 0 U 25
37 1 U 36
38 1 U 37
39 1 U 38
40 1 L 37
41 1 U 40
42 0 L 18
43 0 U 42
44 0 U 6
45 1 U 1
46 0 U 45
47 1 U 46
48 1 U -1
49 0 L 28
50 1 U 16
51 1 L 19
52 1 L 38
53 1 U 48
54 0 U 53
55 1 L 1
56 1 L 7
57 0 U 56
58 0 U 57
59 1 U 58
60 1 U 43
61 1 L 3
62 1 L 11
63 0 U 62
64 1 U 30
65 0 U 64
66 0 U 65
67
0 1 U -1
1 1 U -1
2 1 U -1
3 1 U 2
4 1 U 0
5 1 U 1
6 0 U 5
7 1 U 1
8 1 U -1
9 1 U 2
10 0 L 9
11 1 U 10
12 0 U 11
13 1 U 4
14 0 U 13
15 0 U 14
16 1 U 4
17 1 U 15
18 0 U 17
19 0 U 10
20 0 U 19
21 0 U 20
22 1 U 8
23 0 L 14
24 1 U -1
25 0 U 24
26 1 U 25
27 1 U 26
28 1 U 27
29 1 U 28
30 0 U 29
31 0 U 30
32 0 U -1
33 1 U 32
34 1 L 21
35 1 U 34
36 0 U 25
37 1 U 36
38 1 U 37
39 1 U 38
40 0 U 3
41 1 U 40
42 1 U 41
43 0 U 42
44 0 U 6
45 1 U 1
46 0 U 45
47 1 U 46
48 0 U 20
49 0 U 48
50 1 U 16
51 1 L 19
52 0 L 8
53 1 U 48
54 0 U 53
55 1 L 1
56 0 U 19
57 0 U 56
58 0 U 57
59 1 U 58
60 1 U 43
61 1 L 3
62 1 L 11
63 0 U 62
64 1 U 30
65 0 U 64
66 0 U 65
67
0 1 L -1
1 1 U 0
2 1 U 1
3 1 U 2
4 0 L -1
5 1 U 1
6 0 U 5
7 1 U 1
8 1 L -1
9 1 U 2
10 0 L 9
11 1 L 1
12 0 U 11
13 1 U 4
14 0 U 13
15 0 U 14
16 1 U 4
17 1 U 16
18 0 U 17
19 0 U 10
20 0 U 19
21 0 U 20
22 1 U 8
23 0 L 14
24 1 U -1
25 0 U 24
26 1 U 25
27 1 U 26
28 1 L 6
29 1 U 28
30 0 U 29
31 0 U 30
32 0 U -1
33 1 U 32
34 1 L 21
35 1 U 24
36 0 U 25
37 1 U 36
38 1 U 37
39 1 U 38
40 0 U 3
41 1 U 40
42 1 U 41
43 0 U 42
44 0 U 6
45 1 U 1
46 1 U -1
47 1 U 46
48 1 U -1
49 0 U 48
50 1 U 16
51 1 L 19
52 0 L 8
53 1 U 48
54 0 U 53
55 1 L 1
56 1 L 7
57 0 U 56
58 0 U 57
59 1 U 58
60 1 U 43
61 1 L 3
62 1 L 11
63 0 U 62
64 1 U 30
65 0 U 64
66 0 U 65
67
0 1 U -1
1 1 U 0
2 1 U 1
3 1 U 2
4 0 L -1
5 1 U 1
6 0 U 5
7 1 U 1
8 0 U 4
9 1 U 2
10 0 L 9
11 1 U 10
12 0 U 11
13 1 U 4
14 0 U 13
15 0 U 14
16 1 U 4
17 1 U 16
18 1 U 13
19 0 U 10
20 0 U 19
21 0 U 20
22 1 U 8
23 1 U 8
24 1 U -1
25 0 U 24
26 1 U 25
27 1 U 26
28 1 U 27
29 1 U 28
30 0 U 29
31 0 U 30
32 0 U -1
33 0 L 19
34 1 L 21
35 0 U 16
36 0 U 25
37 1 U 36
38 0 U 26
39 1 U 38
40 0 U 3
41 1 U 40
42 1 U 41
43 0 U 42
44 0 U 6
45 1 U 1
46 0 U 45
47 1 U 46
48 1 U -1
49 0 U 48
50 1 U 16
51 1 L 19
52 1 L 3
53 1 U 48
54 0 U 53
55 1 L 1
56 1 L 7
57 0 U 56
58 0 U 57
59 1 U 58
60 1 U 43
61 1 L 3
62 1 L 11
63 0 U 62
64 1 U 30
65 0 L 30
66 0 U 65
67
0 1 U -1
1 1 U 0
2 1 U 1
3 1 U 2
4 0 L -1
5 1 U 1
6 1 U 0
7 1 U 1
8 1 U -1
9 1 U 2
10 0 L 9
11 1 U 10
12 0 U 11
13 1 U 4
14 0 U 13
15 0 U 14
16 1 U 4
17 1 U 16
18 0 U 17
19 0 U 10
20 0 U 19
21 0 U 20
22 1 U 8
23 0 L 14
24 1 U -1
25 0 U 24
26 1 U 25
27 1 U 26
28 1 U 27
29 1 U 28
30 0 U 29
31 0 U 30
32 0 U -1
33 1 U 32
34 1 L -1
35 1 U 34
36 0 U 25
37 1 U 36
38 1 U 37
39 1 U 38
40 0 U 3
41 1 U 40
42 1 U 41
43 0 U 42
44 0 U 6
45 1 U 1
46 0 U 45
47 1 U 46
48 1 U -1
49 0 U 48
50 1 U 16
51 1 L 19
52 0 L 8
53 1 U 48
54 0 U 53
55 1 L 1
56 1 L 7
57 0 U 56
58 0 U 57
59 1 U 58
60 1 U 43
61 1 L 3
62 1 L 11
63 0 U 62
64 1 U 30
65 0 U 64
66 0 U 65
67
0 1 U -1
1 1 U 0
2 0 L -1
3 1 U 2
4 0 L -1
5 1 U 1
6 0 U 5
7 1 U 1
8 1 U -1
9 1 U 2
10 0 L 9
11 1 U 10
12 0 U 11
13 1 U 4
14 0 U 13
15 0 U 14
16 1 U 4
17 1 U 16
18 0 U 17
19 0 U 10
20 0 U 19
21 0 U 20
22 1 U 8
23 0 L 14
24 1 L 11
25 0 U 24
26 1 U 25
27 1 U 26
28 1 U 27
29 1 U 28
30 0 U 29
31 0 U 30
32 1 U 25
33 1 U 32
34 1 L 4
35 1 U 34
36 0 U 25
37 1 U 36
38 1 U 37
39 1 U 38
40 0 U 3
41 1 U 40
42 1 U 41
43 0 U 42
44 0 U 6
45 1 U 8
46 0 U 45
47 1 U 46
48 1 U -1
49 0 U 48
50 1 U 16
51 1 L 19
52 0 L 8
53 1 U 48
54 0 U 53
55 1 U 16
56 1 L 7
57 0 U 56
58 0 U 57
59 1 U 58
60 1 U 43
61 1 L 3
62 1 L 11
63 0 U 62
64 1 U 30
65 0 U 64
66 0 U 65
67
0 1 U -1
1 1 U 0
2 0 U 0
3 1 U 2
4 0 L -1
5 1 U 1
6 0 U 5
7 1 U 1
8 1 U -1
9 1 U 2
10 0 L 9
11 1 U 10
12 0 U 11
13 1 U 4
14 0 U 13
15 0 U 14
16 1 L 6
17 1 U 16
18 0 U 1
19 0 U 10
20 0 U 19
21 0 U 20
22 1 U 8
23 0 L 14
24 1 U -1
25 0 U 24
26 1 U 25
27 1 U 26
28 1 U 27
29 0 L 24
30 0 U 29
31 0 U 30
32 0 U -1
33 1 U 32
34 1 L 21
35 1 U 34
36 0 U 25
37 1 U 36
38 1 U 37
39 1 U 38
40 0 U 3
41 1 U 40
42 1 U 41
43 0 U 42
44 0 U 6
45 1 U 1
46 0 U 45
47 1 U 46
48 0 L 15
49 0 L 42
50 1 U 16
51 1 L 19
52 0 L 8
53 1 U 48
54 0 U 53
55 1 L 1
56 1 L 7
57 0 U 56
58 0 U 57
59 1 U 58
60 1 U 43
61 1 L 3
62 1 L 11
63 0 U 62
64 1 U 30
65 0 U 64
66 0 U 65
67
0 1 U -1
1 1 U -1
2 1 U 1
3 1 U 2
4 0 L 2
5 1 U 2
6 0 L 5
7 1 U 1
8 1 U -1
9 1 U 2
10 0 L 9
11 1 U 10
12 0 U 11
13 1 U 4
14 0 U 13
15 0 U 14
16 1 U 4
17 1 U 16
18 0 U 17
19 0 U 10
20 0 U 19
21 0 U 20
22 1 U 8
23 0 L 14
24 1 U -1
25 0 U 24
26 1 U 25
27 1 U 26
28 1 U 27
29 1 U 28
30 0 U 29
31 0 U 30
32 0 U -1
33 1 U 32
34 1 L 21
35 1 U 34
36 0 U 25
37 0 L 3
38 1 U 37
39 1 U 34
40 0 U 3
41 1 U 40
42 0 U 26
43 0 U 42
44 0 U 6
45 1 U 1
46 0 U 45
47 1 U 46
48 1 U -1
49 0 U 48
50 1 U 16
51 1 L 19
52 0 U 15
53 1 U 48
54 0 U 53
55 1 L 1
56 1 L 7
57 0 U 56
58 0 U 57
59 1 U 58
60 1 U 43
61 1 L 3
62 1 L 11
63 0 U 62
64 1 U 30
65 0 U 64
66 0 U 65
67
0 1 U -1
1 1 U 0
2 1 U 1
3 1 U 2
4 0 L -1
5 1 U 1
6 0 U 5
7 1 U -1
8 1 U -1
9 1 U 2
10 0 L 9
11 1 U 10
12 1 L -1
13 1 U 4
14 0 U 13
15 0 U 14
16 1 U 4
17 1 U 16
18 0 U 17
19 0 U 10
20 0 U 19
21 0 U 20
22 1 U 8
23 0 L 14
24 1 U -1
25 0 U 24
26 1 U 25
27 1 L 17
28 1 U 27
29 1 U 28
30 0 L 16
31 0 U 30
32 0 U -1
33 1 U 32
34 1 L 21
35 1 U 34
36 0 U 25
37 1 U 36
38 1 U 37
39 1 U 38
40 0 U 3
41 1 U 20
42 1 U 41
43 0 U 42
44 0 U 6
45 1 U 1
46 0 U 45
47 1 U 46
48 1 U -1
49 0 U 48
50 1 U 16
51 1 L 19
52 0 L 8
53 1 U 48
54 0 U 53
55 1 L 1
56 1 L 7
57 0 U 56
58 0 U 57
59 1 U 58
60 1 U 43
61 1 L 3
62 1 L 11
63 0 L 36
64 1 U 30
65 0 U 64
66 0 U 65
67
0 1 U -1
1 1 U 0
2 1 U 1
3 1 U 2
4 0 L -1
5 1 U 1
6 1 L 4
7 1 U 1
8 1 U -1
9 1 U 2
10 0 L 9
11 1 U 10
12 0 U 11
13 1 U 4
14 0 U 13
15 0 U 14
16 1 U 4
17 1 U 16
18 0 U 17
19 0 U 10
20 0 U 19
21 0 U 20
22 1 U 8
23 0 L 14
24 1 U -1
25 1 U 2
26 1 U 25
27 1 U 26
28 1 U 27
29 1 U 28
30 0 U 29
31 0 U 30
32 0 U -1
33 1 U 32
34 1 L 21
35 1 U 34
36 0 U 25
37 1 U 36
38 1 U 37
39 1 L 17
40 0 U 3
41 1 U 40
42 1 U 41
43 0 U 42
44 0 U 6
45 1 U 1
46 0 U 45
47 1 U 46
48 0 U 32
49 0 U 48
50 1 U 16
51 1 L 19
52 0 L 8
53 1 U 48
54 0 U 53
55 1 L 1
56 1 L 7
57 0 U 56
58 0 U 57
59 1 U 58
60 1 U 43
61 1 L 3
62 1 L 11
63 0 U 62
64 1 U 30
65 0 U 64
66 0 U 65
67
0 1 U -1
1 1 U 0
2 1 U 1
3 1 U 2
4 0 L -1
5 1 U 1
6 0 U 5
7 1 U 1
8 1 U -1
9 1 L 5
10 0 L 9
11 1 U 10
12 0 U 11
13 1 U 4
14 1 L 12
15 0 U 14
16 1 U 4
17 1 U 16
18 0 U 17
19 0 U 10
20 1 L 4
21 0 U 20
22 1 U 8
23 0 L 14
24 1 U -1
25 0 U 24
26 1 U 25
27 1 U 26
28 1 U 27
29 1 U 28
30 0 U 29
31 0 U 30
32 0 U -1
33 1 U 32
34 1 L 21
35 1 U 34
36 0 U 25
37 1 L 34
38 1 U 37
39 1 U 9
40 0 L 35
41 1 U 40
42 0 U 27
43 0 U 42
44 0 U 6
45 1 U 1
46 0 U 45
47 1 U 46
48 1 U -1
49 0 U 48
50 1 U 16
51 1 L 19
52 0 L 20
53 1 U 48
54 0 U 53
55 1 L 1
56 1 L 7
57 0 U 56
58 0 U 57
59 1 U 58
60 1 U 43
61 1 L 3
62 1 L 11
63 0 U 62
64 1 U 30
65 0 U 64
66 0 U 65
67
0 1 U -1
1 1 U -1
2 1 U 1
3 1 U 2
4 0 L -1
5 1 U 1
6 0 U 5
7 1 U 1
8 1 U -1
9 1 U 2
10 0 L 9
11 1 U 10
12 0 U 11
13 1 U 4
14 0 U 13
15 0 U 14
16 1 L -1
17 1 U 16
18 0 U 17
19 0 U 10
20 0 U 17
21 0 U 20
22 1 U 8
23 0 L 14
24 1 U -1
25 0 U 24
26 1 U 25
27 1 U 26
28 1 U 27
29 1 U 28
30 0 U 29
31 0 U 30
32 0 U -1
33 1 U 32
34 1 L 21
35 1 U 34
36 0 U 25
37 1 U 36
38 1 L 24
39 1 U 38
40 0 U 3
41 1 U 40
42 1 U 41
43 0 U 42
44 0 U 6
45 1 U 1
46 0 U 45
47 1 U 46
48 1 U -1
49 1 U 46
50 1 U 16
51 1 L 19
52 0 L 8
53 1 U 48
54 0 U 53
55 1 L 1
56 1 L 7
57 0 U 22
58 0 U 57
59 1 U 58
60 1 U 43
61 1 L 3
62 1 L 11
63 0 U 62
64 1 U 30
65 0 U 64
66 0 U 65
67
0 1 U -1
1 1 U 0
2 1 U -1
3 1 U 2
4 0 L -1
5 1 U 1
6 0 U 5
7 1 U 1
8 1 U 7
9 1 U 2
10 0 L 9
11 1 U 10
12 0 U 11
13 1 U 4
14 1 L 12
15 0 U 14
16 1 U 4
17 1 U 16
18 0 U 17
19 0 U 10
20 0 U 19
21 0 U 20
22 1 U 8
23 0 L 14
24 1 U 19
25 0 U 24
26 1 U 25
27 0 U 9
28 1 U 27
29 1 U 28
30 0 U 29
31 0 U 30
32 0 U -1
33 1 L 18
34 1 L 21
35 1 U 34
36 0 U 25
37 1 U 36
38 1 U 37
39 1 U 38
40 0 U 3
41 1 U 40
42 1 U 41
43 0 U 42
44 0 U 6
45 1 U 1
46 1 L 42
47 1 U 46
48 1 U -1
49 0 U 48
50 1 L 44
51 1 L 19
52 1 U 21
53 1 U 48
54 0 U 53
55 1 L 1
56 1 L 7
57 0 U 56
58 0 U 57
59 1 U 19
60 1 U 43
61 1 L 3
62 1 L 11
63 0 U 62
64 1 U 30
65 0 U 64
66 0 U 65
67
0 1 U -1
1 1 U 0
2 1 U 1
3 1 U 2
4 0 L -1
5 1 U 1
6 0 U 5
7 1 U 1
8 1 U -1
9 0 L 6
10 0 L 9
11 1 U 10
12 0 U 11
13 0 L 3
14 0 U 13
15 0 U 14
16 1 U 4
17 1 U 16
18 0 U 17
19 0 U 10
20 0 U 19
21 0 U 20
22 1 U 8
23 0 U 11
24 1 U -1
25 0 U 24
26 1 U 25
27 1 U 26
28 1 U 27
29 1 U 28
30 0 U 29
31 0 U 30
32 0 U -1
33 1 U 32
34 1 L 21
35 1 U 34
36 0 U 25
37 1 U 36
38 1 U 37
39 1 U 38
40 0 U 3
41 1 U 40
42 1 U 41
43 0 U 42
44 0 U 6
45 0 L 26
46 1 U 7
47 1 U 46
48 1 U -1
49 1 U 2
50 1 U 42
51 1 L 19
52 0 L 8
53 1 U 48
54 0 U 53
55 1 L 1
56 1 L 28
57 0 U 56
58 0 U 57
59 1 L 15
60 1 U 43
61 1 L 3
62 1 L 11
63 0 U 62
64 1 U 30
65 1 L 42
66 0 U 65
67
0 1 U -1
1 1 U 0
2 1 U 1
3 1 U 2
4 0 L -1
5 1 U 1
6 0 U 5
7 1 U 3
8 1 U -1
9 1 U 2
10 0 L 9
11 1 U 10
12 0 U 11
13 1 U 4
14 0 U 13
15 0 U 14
16 1 U 4
17 1 U 16
18 0 U 17
19 0 U 10
20 0 L 12
21 0 L 4
22 1 U 8
23 0 L 14
24 1 U -1
25 0 U 24
26 1 U 25
27 1 U 26
28 1 U 27
29 1 U 28
30 0 U 29
31 0 U 30
32 0 U -1
33 1 U 32
34 1 L 21
35 1 U 34
36 0 U 25
37 1 U 36
38 1 U 37
39 1 U 38
40 1 U 23
41 1 U 40
42 1 U 41
43 0 U 42
44 0 U 6
45 0 U 34
46 0 U 45
47 1 U 46
48 1 U -1
49 0 U 48
50 1 U 16
51 1 L 19
52 0 L 8
53 1 U 48
54 0 U 53
55 1 L 1
56 0 U 24
57 0 U 56
58 0 U 57
59 1 U 58
60 1 U 43
61 1 L 3
62 1 U 42
63 0 U 62
64 1 U 30
65 0 U 64
66 0 U 65
67
0 1 U -1
1 1 U 0
2 1 U 1
3 1 U 2
4 0 L -1
5 1 U 1
6 0 U 5
7 1 U 1
8 1 U -1
9 1 U 2
10 0 L 9
11 1 U 10
12 0 U 11
13 1 U 4
14 0 U 13
15 0 U 14
16 1 U 3
17 1 U 16
18 0 U 17
19 0 L 11
20 0 U 19
21 0 U 20
22 1 U 8
23 0 L 14
24 1 U -1
25 0 U 24
26 1 U 25
27 1 U 26
28 1 U 27
29 1 U 28
30 1 U 27
31 0 U 30
32 0 U -1
33 1 L 13
34 1 L 21
35 1 U 34
36 0 U 25
37 1 U 36
38 1 U 37
39 1 U 38
40 0 U 3
41 1 L 34
42 1 U 41
43 0 U 42
44 0 U 6
45 1 U 1
46 0 U 45
47 1 U 46
48 1 U -1
49 0 U 48
50 1 U 16
51 1 L 19
52 0 L 8
53 1 U 48
54 0 U 53
55 1 L 1
56 1 L 7
57 0 U 56
58 0 U 57
59 1 U 58
60 1 U 43
61 1 L 3
62 1 L 11
63 0 U 62
64 1 U 30
65 0 U 64
66 0 U 65
67
0 1 U -1
1 1 U 0
2 1 U 1
3 0 U 0
4 0 L -1
5 1 U 1
6 0 U 5
7 1 U 1
8 1 U -1
9 1 U 2
10 0 L 9
11 1 U 10
12 0 U 11
13 1 U 4
14 0 U 13
15 0 U 14
16 1 U 4
17 1 U 16
18 0 U 17
19 0 U 10
20 0 U 19
21 1 L 15
22 1 U 8
23 0 L 14
24 1 U -1
25 0 U 24
26 1 U 25
27 1 U 26
28 1 U 27
29 1 U 28
30 0 U 29
31 0 U 30
32 0 U -1
33 0 L 8
34 1 L 21
35 1 U 34
36 0 U 25
37 1 U 36
38 1 U 37
39 1 U 38
40 0 U 3
41 1 U 40
42 1 U 41
43 0 U 42
44 0 U 6
45 1 U 1
46 0 U 45
47 1 U 46
48 1 U -1
49 0 U 48
50 1 U 16
51 1 L 30
52 0 L 8
53 1 U 48
54 0 U 53
55 1 L 1
56 0 U 50
57 0 U 56
58 0 U 57
59 1 U 58
60 1 U 43
61 1 L 3
62 1 L 27
63 0 U 62
64 1 U 30
65 0 U 64
66 0 U 65
67
0 1 U -1
1 1 U 0
2 1 U 1
3 1 U 2
4 0 L -1
5 0 L 1
6 0 L 3
7 1 U 1
8 1 U -1
9 1 U 2
10 0 L 9
11 1 U 10
12 0 U 11
13 1 U 4
14 0 U 13
15 0 U 14
16 1 U 4
17 1 U 16
18 0 U 17
19 0 U 10
20 0 U 19
21 0 U 20
22 1 U 8
23 0 L 14
24 1 U -1
25 0 U 24
26 1 U 25
27 1 U 26
28 1 U 27
29 1 U 28
30 0 U 29
31 0 U 30
32 0 U -1
33 1 U 32
34 1 L 24
35 1 U 34
36 0 L 24
37 0 U 28
38 1 U 37
39 1 U 38
40 0 L 25
41 1 U 40
42 1 U 41
43 0 U 42
44 0 U 6
45 1 U 1
46 0 U 45
47 1 U 46
48 1 U -1
49 0 U 48
50 1 U 16
51 1 L 19
52 0 L 8
53 1 U 48
54 0 U 53
55 1 L 1
56 1 L 7
57 0 U 56
58 0 U 57
59 1 U 58
60 1 U 43
61 1 L 3
62 1 L 11
63 0 U 62
64 1 U 30
65 0 U 64
66 0 U 65
67
0 1 U -1
1 1 U 0
2 1 U 1
3 1 U 2
4 0 L -1
5 1 U 1
6 0 U 5
7 1 U 1
8 1 U -1
9 1 U 2
10 0 L 9
11 1 U 10
12 0 U 11
13 1 U 4
14 0 U 13
15 0 U 14
16 1 U 4
17 1 U 16
18 0 U 17
19 0 U 10
20 0 U 19
21 0 U 20
22 1 U 8
23 0 L 14
24 0 L 9
25 0 U 24
26 1 U 25
27 1 U 26
28 1 U 27
29 1 U 28
30 0 U 29
31 0 U 30
32 0 U -1
33 0 L 19
34 1 L 21
35 1 U 34
36 0 U 25
37 1 U 36
38 1 U 37
39 1 U 38
40 0 U 3
41 1 U 40
42 1 U 10
43 0 U 42
44 0 U 6
45 1 U 1
46 0 U 45
47 1 U 46
48 1 U -1
49 0 U 48
50 1 U 16
51 1 L 19
52 0 L 8
53 1 U 48
54 0 U 53
55 1 L 1
56 1 L 7
57 0 U 56
58 0 U 57
59 1 U 58
60 1 U 43
61 1 L 3
62 1 L 11
63 0 U 62
64 1 U 30
65 1 U 54
66 0 U 65
67
0 1 U -1
1 1 U 0
2 1 U 1
3 1 U 2
4 0 L -1
5 1 U 1
6 0 U 5
7 1 U 1
8 1 U -1
9 1 U 2
10 0 L 9
11 1 U 10
12 0 U 11
13 1 U 4
14 0 U 13
15 1 L 8
16 1 U 4
17 1 U 16
18 0 U 17
19 0 U 10
20 1 U 0
21 0 U 20
22 1 U 8
23 0 L 14
24 1 U -1
25 0 U 23
26 1 U 25
27 1 U 26
28 1 U 27
29 1 U 28
30 0 U 29
31 0 U 30
32 0 U -1
33 1 U 32
34 0 L -1
35 1 U 34
36 0 U 25
37 1 U 36
38 1 U 37
39 1 U 38
40 0 U 3
41 1 U 40
42 1 U 41
43 0 U 42
44 1 U 43
45 1 U 1
46 0 U 19
47 1 U 46
48 1 U -1
49 0 U 48
50 1 U 16
51 1 U 18
52 0 L 8
53 1 U 48
54 0 U 53
55 1 L 1
56 1 L 7
57 0 U 56
58 0 U 57
59 1 U 58
60 1 U 43
61 1 L 3
62 1 L 11
63 0 U 62
64 1 U 30
65 0 U 64
66 0 U 65
67
0 1 U -1
1 1 U 0
2 1 U 1
3 1 U 2
4 0 L -1
5 1 U 1
6 0 U 5
7 1 U 1
8 1 U -1
9 1 U 2
10 0 L 9
11 1 U 10
12 0 U 11
13 1 U 4
14 0 U 13
15 0 U 14
16 1 U 4
17 1 U 16
18 0 U 17
19 0 U 10
20 0 U 19
21 0 U 20
22 0 U 10
23 0 L 14
24 1 U -1
25 0 U 24
26 1 U 25
27 1 U 26
28 1 U 27
29 0 L 4
30 0 U 29
31 0 U 30
32 0 U -1
33 1 U 32
34 1 L 21
35 1 U 34
36 0 U 25
37 1 U 36
38 1 U 37
39 1 U 38
40 0 U 3
41 1 U 40
42 1 L 24
43 0 U 42
44 0 U 6
45 1 L 26
46 1 L 12
47 0 U 31
48 1 U -1
49 0 U 48
50 1 U 16
51 1 L 19
52 0 L 8
53 1 U 48
54 0 U 53
55 1 L 1
56 1 L 7
57 0 U 56
58 0 U 57
59 1 U 58
60 1 U 43
61 1 L 3
62 1 L 11
63 0 U 62
64 1 U 30
65 1 U 41
66 0 U 65
67
0 1 U -1
1 0 U -1
2 1 U 1
3 1 U 2
4 0 L -1
5 1 U 1
6 0 U 5
7 1 U 1
8 1 U -1
9 1 U 2
10 0 L 9
11 1 U 10
12 0 U 11
13 1 U 4
14 0 U 13
15 0 U 14
16 0 L 1
17 1 U 16
18 0 U 17
19 0 U 10
20 0 U 19
21 0 U 20
22 1 U 8
23 0 L 14
24 0 U 0
25 0 U 7
26 1 U 25
27 1 U 26
28 1 U 27
29 0 L 6
30 0 U 29
31 0 U 30
32 1 U 27
33 1 U 32
34 1 L 21
35 1 U 34
36 0 U 25
37 1 U 36
38 0 L 11
39 1 U 38
40 0 U 3
41 1 U 40
42 1 U 41
43 0 U 20
44 0 U 6
45 1 U 1
46 0 U 45
47 1 U 46
48 1 U -1
49 0 U 48
50 0 U 23
51 1 L 19
52 0 L 8
53 1 U 48
54 0 U 53
55 1 L 1
56 1 L 7
57 0 U 56
58 0 U 57
59 1 U 58
60 1 U 43
61 1 L 3
62 1 L 11
63 0 U 62
64 1 U 30
65 1 U 33
66 0 U 65
67
0 1 U -1
1 1 U 0
2 1 U 1
3 1 U 2
4 0 L -1
5 1 U 1
6 0 U 5
7 1 U 1
8 1 U -1
9 1 U 2
10 0 L 9
11 1 U 10
12 0 U 11
13 1 U 4
14 0 U 13
15 0 U 14
16 1 L 10
17 1 U 16
18 0 U 17
19 0 U 10
20 0 U 19
21 0 U 20
22 1 U 8
23 0 L 14
24 1 U -1
25 1 L 13
26 1 U 25
27 1 U 26
28 1 U 27
29 1 U 28
30 0 U 29
31 0 U 30
32 0 U -1
33 1 U 32
34 1 L 21
35 1 U 34
36 0 U 25
37 1 U 36
38 1 U 37
39 1 U 38
40 0 U 3
41 1 U 40
42 1 U 41
43 0 U 42
44 0 U 6
45 1 L 16
46 0 U 45
47 0 U -1
48 1 U -1
49 0 U 48
50 1 U 16
51 1 L 19
52 0 L 8
53 1 U 48
54 0 U 53
55 1 L 1
56 1 L 7
57 1 U 29
58 0 U 57
59 1 U 58
60 1 U 43
61 1 L 3
62 0 L 9
63 0 U 51
64 1 U 30
65 0 U 64
66 0 U 65
67
0 1 U -1
1 1 L 0
2 1 U 1
3 1 U 2
4 0 L -1
5 1 U 1
6 0 U 5
7 1 U 1
8 1 U -1
9 0 L 2
10 0 L 9
11 1 U 10
12 0 U 11
13 1 U 4
14 0 U 13
15 0 U 14
16 1 U 4
17 1 U 16
18 0 U 17
19 0 U 10
20 0 U 19
21 0 U 20
22 1 U 21
23 0 L 14
24 1 U -1
25 0 U 24
26 1 U 25
27 1 U 26
28 1 U 27
29 1 U 28
30 0 U 29
31 0 U 30
32 0 U -1
33 1 U 32
34 1 L 21
35 1 U 34
36 0 U 25
37 1 U 36
38 1 U 37
39 1 U 38
40 0 U 3
41 1 U 40
42 1 U 41
43 0 U 42
44 0 U 6
45 1 U 1
46 0 U 45
47 1 U 46
48 1 U -1
49 0 U 48
50 1 U 16
51 1 L 19
52 0 L 8
53 1 U 48
54 0 U 53
55 1 L 1
56 1 L 7
57 0 U 56
58 0 U 57
59 1 U 58
60 1 U 43
61 1 L 3
62 1 L 11
63 0 U 62
64 1 U 30
65 0 U 64
66 0 U 65
67
0 1 U -1
1 1 L -1
2 1 U 1
3 1 U 2
4 0 L -1
5 1 U 1
6 0 U 5
7 1 U 1
8 1 U -1
9 1 U 2
10 0 L 9
11 1 L 5
12 0 U 11
13 0 U 0
14 0 U 13
15 0 U 14
16 1 U 4
17 1 U 16
18 0 U 17
19 0 U 10
20 0 U 19
21 0 U 20
22 1 U 8
23 0 L 14
24 1 U -1
25 0 U 24
26 1 U 25
27 0 U 23
28 1 U 27
29 1 U 28
30 0 U 29
31 0 U 30
32 0 U -1
33 1 U 32
34 1 U 25
35 1 U 34
36 0 U 25
37 1 U 36
38 1 U 37
39 1 U 15
40 0 U 3
41 1 U 40
42 1 L 23
43 0 U 42
44 0 U 6
45 1 U 1
46 0 U 45
47 0 L 35
48 1 U -1
49 0 U 48
50 1 U 16
51 1 L 19
52 0 L 8
53 1 U 45
54 0 U 53
55 1 L 1
56 1 L 7
57 0 U 56
58 0 U 57
59 1 U 58
60 1 U 43
61 1 L 3
62 1 L 11
63 1 L 29
64 1 U 30
65 0 U 64
66 0 U 65
67
0 1 U -1
1 1 U 0
2 1 U 1
3 0 L 2
4 0 L -1
5 1 U 1
6 0 U 5
7 1 U 1
8 1 U -1
9 1 L 5
10 0 L 9
11 1 U 10
12 0 U 11
13 1 U 4
14 0 U 13
15 0 U 12
16 1 U 4
17 1 L 8
18 0 U 17
19 0 U 10
20 0 U 19
21 0 U 20
22 1 U 8
23 0 L 14
24 1 U -1
25 0 U 24
26 1 U 25
27 1 U 26
28 1 U 27
29 1 U 28
30 0 U 29
31 0 U 30
32 0 U -1
33 1 U 32
34 1 L 21
35 1 U 34
36 0 U 25
37 0 U 20
38 1 U 37
39 1 U 38
40 0 U 3
41 1 U 40
42 1 U 41
43 1 U 8
44 0 U 6
45 1 U 1
46 0 U 45
47 1 U 46
48 0 L 14
49 0 U 48
50 1 U 16
51 1 L 19
52 0 L 8
53 1 U 48
54 0 U 53
55 1 L 1
56 1 L 7
57 0 U 56
58 0 U 57
59 1 U 58
60 1 U 43
61 1 L 3
62 1 L 11
63 0 U 57
64 1 U 30
65 0 U 64
66 0 U 65
67
0 1 U -1
1 1 U 0
2 1 U 1
3 1 U 2
4 0 L -1
5 1 U 1
6 0 U 5
7 1 U 1
8 1 U -1
9 1 U 2
10 0 L 9
11 1 U 10
12 0 L 5
13 1 U 4
14 0 U 13
15 0 U 14
16 1 U 4
17 1 U 16
18 0 U 17
19 0 U 10
20 0 U 19
21 0 U 20
22 1 U 8
23 0 L 14
24 0 U 11
25 0 U 24
26 1 U 25
27 1 U 26
28 1 U 27
29 1 U 28
30 0 U 29
31 0 U 30
32 0 U -1
33 1 L 32
34 1 L 21
35 1 U 34
36 1 L 32
37 1 U 36
38 1 U 37
39 1 U 38
40 0 U 3
41 1 U 40
42 1 U 41
43 0 U 42
44 0 U 6
45 1 U 1
46 0 U 45
47 1 U 46
48 1 U -1
49 0 L 29
50 1 U 16
51 1 L 19
52 0 L 8
53 1 U 48
54 0 U 53
55 1 L 1
56 1 L 7
57 0 U 56
58 0 U 57
59 1 U 58
60 1 U 43
61 1 L 3
62 1 L 11
63 0 U 62
64 1 U 30
65 0 U 64
66 0 U 65
67
0 1 U -1
1 1 U 0
2 1 U 1
3 1 U 2
4 0 L -1
5 1 U 1
6 0 U 5
7 1 U 1
8 1 U -1
9 1 U 2
10 0 L 9
11 1 U 10
12 0 U 11
13 1 U 4
14 0 U 13
15 0 U 14
16 1 U 4
17 1 U 16
18 0 U 17
19 0 U 10
20 0 U 19
21 0 U 20
22 1 U 8
23 0 L 5
24 1 U -1
25 0 U 24
26 1 U 25
27 1 U 26
28 1 U 27
29 1 U 28
30 0 U 29
31 0 U 30
32 0 U -1
33 1 U 32
34 0 L 29
35 1 U 34
36 0 U 25
37 1 U 36
38 1 U 37
39 0 L 9
40 0 U 3
41 1 U 40
42 1 U 41
43 0 U 42
44 0 U 6
45 1 U 1
46 0 U 45
47 1 U 46
48 1 U -1
49 1 U 44
50 1 U 16
51 0 L 36
52 0 L 8
53 1 U 48
54 0 U 53
55 1 L 1
56 0 U 33
57 0 U 56
58 0 U 57
59 1 U 58
60 1 U 43
61 1 L 3
62 1 L 11
63 0 U 62
64 0 U 29
65 1 U 13
66 0 U 65
67
0 1 U -1
1 0 L -1
2 1 U 1
3 1 U 2
4 0 L -1
5 1 U 1
6 0 U 5
7 1 U 1
8 1 U -1
9 1 U 2
10 0 L 9
11 1 U 10
12 0 U 11
13 1 U 4
14 0 U 8
15 1 U 5
16 1 U 4
17 1 U 16
18 0 L 1
19 0 U 10
20 0 L 12
21 0 U 20
22 1 U 8
23 0 L 14
24 1 U -1
25 0 U 24
26 1 U 25
27 1 U 26
28 1 U 27
29 1 U 6
30 0 U 29
31 0 U 30
32 0 U -1
33 1 U 32
34 1 L 21
35 1 U 34
36 0 U 25
37 1 U 36
38 1 U 37
39 1 U 38
40 0 U 3
41 1 U 40
42 1 U 41
43 0 U 42
44 0 U 6
45 1 U 1
46 0 U 45
47 1 U 46
48 1 U -1
49 0 U 48
50 1 U 16
51 1 L 19
52 0 L 8
53 1 U 48
54 0 U 53
55 0 L 50
56 1 L 7
57 0 U 56
58 0 U 57
59 1 U 58
60 1 U 43
61 1 L 3
62 0 L 29
63 0 U 62
64 1 U 30
65 0 U 64
66 0 U 65
67
0 1 U -1
1 1 U 0
2 1 U 1
3 1 U 2
4 0 L -1
5 1 U 1
6 0 U 5
7 1 U 1
8 1 U -1
9 1 U 2
10 0 L 9
11 1 U 10
12 0 U 11
13 1 U 4
14 0 U 13
15 0 U 14
16 1 U 4
17 1 U 16
18 0 U 17
19 0 U 10
20 0 U 19
21 0 U 20
22 1 U 8
23 0 L 14
24 1 U -1
25 0 U 24
26 1 U 25
27 1 U 26
28 1 U 27
29 1 U 28
30 0 U 29
31 0 U 30
32 0 U -1
33 1 L 19
34 1 L 21
35 1 U 34
36 0 U 25
37 1 U 36
38 1 U 37
39 1 U 38
40 0 U 3
41 1 U 40
42 1 U 41
43 0 U 42
44 0 U 6
45 1 U 1
46 0 U 45
47 1 U 46
48 1 U -1
49 0 U 48
50 0 U 8
51 1 L 19
52 0 L 8
53 1 U 48
54 0 U 53
55 1 L 1
56 1 L 7
57 0 U 56
58 0 U 57
59 1 U 58
60 1 U 43
61 1 L -1
62 1 L 11
63 0 U 62
64 1 L 16
65 0 U 64
66 0 U 65
67
0 1 U -1
1 1 U 0
2 1 U 1
3 1 U 2
4 0 L -1
5 1 U 1
6 0 U 5
7 1 U 1
8 1 U -1
9 1 U 2
10 0 L 9
11 1 U 10
12 1 L 4
13 1 L 8
14 0 U 13
15 0 U 14
16 1 U 4
17 1 U 16
18 0 U 17
19 0 U 10
20 0 U 19
21 0 U 20
22 1 U 8
23 0 L 14
24 1 U -1
25 0 U 19
26 1 U 25
27 1 U 26
28 1 U 27
29 1 U 28
30 0 U 29
31 0 U 30
32 0 U -1
33 1 U 32
34 1 L 21
35 1 U 34
36 0 U 25
37 1 U 36
38 1 U 37
39 1 U 38
40 0 U 3
41 1 U 40
42 1 U 41
43 0 U 42
44 0 U 31
45 1 U 1
46 0 L 37
47 0 U 27
48 1 U -1
49 0 U 48
50 1 U 16
51 1 L 19
52 0 L 8
53 1 U 48
54 0 U 53
55 1 L 1
56 1 L 7
57 0 U 56
58 0 U 57
59 1 U 58
60 1 U 43
61 1 L 3
62 1 L 11
63 0 U 62
64 1 U 30
65 0 U 64
66 0 U 65
67
0 1 U -1
1 1 U 0
2 0 L -1
3 1 U 2
4 0 L -1
5 1 U 1
6 0 U 5
7 1 U 1
8 1 U -1
9 0 L 1
10 0 L 9
11 1 U 10
12 0 U 11
13 1 U 4
14 0 U 13
15 0 U 14
16 1 U 4
17 1 U 16
18 0 U 17
19 0 U 10
20 0 U 19
21 0 U 20
22 1 U 8
23 0 L 1
24 1 U -1
25 0 U 24
26 1 U 25
27 1 U 26
28 1 U 27
29 1 U 28
30 0 U 29
31 0 L 15
32 0 U -1
33 1 U 32
34 1 L 21
35 1 U 34
36 0 U 16
37 1 U 36
38 1 U 37
39 1 U 38
40 0 U 3
41 1 U 40
42 1 U 41
43 0 U 42
44 0 U 6
45 1 U 1
46 0 U 45
47 1 U 46
48 1 U -1
49 0 L 36
50 1 U 16
51 0 U 22
52 0 L 8
53 0 U 8
54 0 U 53
55 0 U 46
56 1 L 7
57 0 U 56
58 0 U 25
59 1 U 58
60 1 U 43
61 1 L 3
62 1 L 11
63 1 U -1
64 1 U 30
65 0 U 64
66 0 U 65
