70
0 0 U -1
1 0 U 0
2 0 U 1
3 0 U 2
4 1 U 3
5 0 U 4
6 1 U 5
7 0 U 6
8 1 U -1
9 1 U 8
10 1 U 9
11 0 U 10
12 1 U 11
13 1 U 12
14 0 U 13
15 0 U 14
16 1 U -1
17 1 U 16
18 1 U 17
19 1 U 18
20 0 U 19
21 1 U 20
22 1 U 21
23 0 U 22
24 0 U -1
25 0 U 24
26 0 U 25
27 1 U 26
28 1 U 27
29 0 U 28
30 1 U 29
31 0 U 30
32 0 U -1
33 1 U 32
34 0 U 33
35 0 U 34
36 0 U 35
37 1 U 36
38 0 U 37
39 1 U 38
40 1 U -1
41 1 U 40
42 0 U 41
43 1 U 42
44 1 U 43
45 0 U 44
46 1 U 45
47 0 U 46
48 1 U -1
49 1 U 48
50 1 U 49
51 1 U 50
52 0 U 51
53 0 U 52
54 0 U 53
55 1 U 54
56 1 U -1
57 1 U 56
58 1 U 57
59 1 U 58
60 0 U 59
61 1 U 60
62 1 U 61
63 1 U 62
64 1 U -1
65 0 U 64
66 1 U 65
67 0 U 66
68 0 U 67
69 0 U 68
70
0 1 L -1
1 0 U 0
2 0 U 1
3 0 U 2
4 1 U 3
5 0 U 4
6 1 U 5
7 0 U 6
8 1 U -1
9 1 U 8
10 1 U 9
11 0 U 10
12 1 U 11
13 1 U 12
14 0 U 11
15 0 U 14
16 1 U -1
17 1 U 16
18 1 U 17
19 1 U 18
20 0 U 19
21 1 U 7
22 1 U 14
23 0 U 22
24 0 U -1
25 0 U 24
26 0 U 25
27 1 U 26
28 1 U 27
29 0 U 28
30 1 U 29
31 0 U 3
32 0 U -1
33 1 U 32
34 0 U 33
35 0 U 34
36 0 U 35
37 1 U 36
38 0 U 37
39 1 U 38
40 1 U -1
41 1 U 40
42 0 U 17
43 1 U 42
44 0 U 10
45 0 U 44
46 1 U 45
47 0 U 46
48 1 U -1
49 1 U 48
50 1 U 49
51 1 U 50
52 0 L 45
53 0 U 52
54 0 U 53
55 1 U 54
56 1 U -1
57 1 U 56
58 1 U 57
59 1 U 58
60 0 U 59
61 1 U 60
62 1 U 61
63 1 U 62
64 1 U -1
65 0 U 64
66 1 U 65
67 0 L -1
68 0 U 67
69 0 L 6
70
0 1 L -1
1 0 U 0
2 0 U 1
3 0 U 2
4 1 U 3
5 0 U 4
6 1 U 5
7 0 U 6
8 1 U -1
9 1 U 8
10 1 U 9
11 0 U 10
12 1 U 11
13 1 U 12
14 0 U 11
15 0 U 14
16 1 U -1
17 1 U 16
18 1 U 17
19 1 U 18
20 0 U 19
21 1 U 7
22 1 U 14
23 0 U 22
24 0 U -1
25 0 U 24
26 0 U 25
27 1 U 26
28 1 U 27
29 0 U 28
30 1 U 29
31 0 U 3
32 0 U -1
33 1 U 32
34 0 U 33
35 0 U 34
36 0 U 35
37 1 U 30
38 0 U 37
39 1 U 38
40 1 U -1
41 1 U 40
42 0 U 17
43 1 U 42
44 0 U 10
45 0 U 44
46 1 U 45
47 0 U 46
48 1 U -1
49 0 L 10
50 0 U 31
51 1 U 50
52 0 L 45
53 0 U 52
54 0 U 53
55 1 U 54
56 1 U -1
57 1 U 56
58 1 U 57
59 1 U 58
60 1 L 25
61 1 U 60
62 1 U 61
63 1 U 62
64 1 U -1
65 0 U 64
66 1 U 65
67 0 L -1
68 0 U 67
69 0 U 60
70
0 1 L -1
1 0 U 0
2 0 U 1
3 0 U 2
4 1 U 3
5 0 U 4
6 1 U 5
7 0 U 6
8 1 U -1
9 1 U 8
10 1 U 9
11 0 U 6
12 1 U 11
13 1 U 12
14 0 U 11
15 0 L 10
16 1 U -1
17 1 U 16
18 1 U 17
19 1 U 18
20 0 U 19
21 1 U 7
22 1 U 14
23 0 U 22
24 0 U -1
25 0 U 24
26 0 U 25
27 1 U 26
28 1 U 27
29 0 U 28
30 1 U 29
31 0 U 3
32 0 U -1
33 1 U 32
34 1 L 23
35 0 U 34
36 1 L 9
37 1 U 19
38 0 U 37
39 1 U 38
40 1 U -1
41 1 U 40
42 0 U 17
43 1 U 42
44 0 U 10
45 0 U 44
46 1 U 45
47 0 U 46
48 1 U -1
49 1 U 48
50 1 U 49
51 1 U 50
52 0 L 45
53 0 U 52
54 0 U 53
55 1 U 54
56 1 U -1
57 1 U 56
58 1 U 57
59 1 U 58
60 0 U 59
61 1 U 60
62 1 L 57
63 1 U 62
64 1 U -1
65 0 U 64
66 1 U 65
67 0 L -1
68 0 U 67
69 0 L 6
70
0 1 L -1
1 0 U 0
2 0 U 1
3 0 U 2
4 1 U 3
5 0 U 4
6 1 U 5
7 1 U 4
8 1 U -1
9 1 U 8
10 1 U 9
11 0 U 10
12 1 U 11
13 1 U 12
14 0 U 11
15 0 U 14
16 1 U -1
17 1 U 16
18 1 U 17
19 1 U 18
20 0 U 19
21 1 U 7
22 1 U 14
23 0 L 12
24 0 U -1
25 1 L 5
26 0 U 25
27 1 U 26
28 1 U 27
29 0 U 28
30 1 U 29
31 0 U 3
32 0 U -1
33 1 U 32
34 0 U 33
35 0 U 34
36 0 U 35
37 1 U 36
38 0 U 37
39 1 U 38
40 1 U -1
41 1 U 40
42 1 L -1
43 1 U 42
44 1 L 21
45 0 U 44
46 1 U 45
47 0 U 46
48 1 U -1
49 1 U 48
50 1 U 49
51 1 U 50
52 0 L 45
53 0 U 52
54 0 U 53
55 1 U 54
56 1 U -1
57 1 U 56
58 1 U 40
59 1 U 58
60 0 U 59
61 1 U 60
62 1 U 61
63 1 U 62
64 1 U -1
65 0 U 64
66 1 U 65
67 0 L -1
68 0 U 67
69 0 L 6
70
0 1 L -1
1 0 U 0
2 1 U 1
3 0 U 2
4 1 U 3
5 0 U 4
6 1 U 5
7 1 U -1
8 1 U 7
9 1 L 6
10 1 U 9
11 0 U 10
12 0 L 7
13 1 U 12
14 0 U 11
15 0 U 14
16 1 U -1
17 1 U 16
18 1 L 4
19 1 U 18
20 0 U 19
21 1 U 7
22 1 U 14
23 0 U 22
24 0 U -1
25 0 U 24
26 0 U 25
27 1 U 26
28 1 U 27
29 0 U 28
30 1 U 29
31 0 U 3
32 0 U -1
33 1 U 32
34 0 U 33
35 0 U 34
36 0 U 35
37 1 U 36
38 0 U 37
39 1 U 38
40 1 U -1
41 1 U 40
42 0 U 17
43 1 U 42
44 0 U 10
45 0 U 44
46 1 U 45
47 0 U 46
48 1 U -1
49 0 L 20
50 1 U 49
51 1 U 50
52 0 L 45
53 0 U 52
54 1 L 25
55 1 U 54
56 1 U -1
57 1 L 56
58 1 U 57
59 1 L 56
60 0 U 35
61 1 U 60
62 1 U 61
63 1 U 62
64 1 U -1
65 0 U 64
66 1 U 65
67 0 L -1
68 0 U 67
69 0 L 6
70
0 1 L -1
1 0 U 0
2 1 U 1
3 0 U 2
4 1 U 3
5 0 U 4
6 1 U 5
7 1 U -1
8 1 U 7
9 1 L 6
10 1 U 9
11 0 U 7
12 0 L 7
13 1 U 12
14 0 U 11
15 1 U 4
16 1 U -1
17 1 U 16
18 1 L 4
19 1 U 18
20 0 U 19
21 1 U 7
22 1 U 14
23 0 U 22
24 0 U -1
25 0 U 24
26 0 U 25
27 1 L 26
28 1 U 27
29 0 U 28
30 1 U 29
31 0 U 3
32 0 U -1
33 1 U 32
34 0 U 33
35 0 U 34
36 0 U 35
37 1 U 36
38 0 U 37
39 1 U 38
40 1 U -1
41 1 U 40
42 0 U 16
43 1 U 42
44 1 U 28
45 0 U 44
46 1 L 25
47 0 U 46
48 1 U -1
49 0 L 7
50 0 U 43
51 1 U 50
52 0 L 45
53 0 U 52
54 1 L 25
55 1 U 54
56 1 U -1
57 1 L 56
58 1 U 57
59 1 L 56
60 0 U 35
61 1 U 60
62 1 U 61
63 1 U 62
64 1 U -1
65 0 U 64
66 1 U 65
67 0 L -1
68 0 U 67
69 0 L 6
70
0 1 L -1
1 0 U 0
2 1 U 1
3 0 L -1
4 1 U 3
5 0 U 4
6 1 U 5
7 1 L 0
8 1 U 7
9 1 L 6
10 1 U 9
11 0 U 10
12 0 L 7
13 1 U 5
14 0 U 11
15 0 U 14
16 1 U -1
17 1 U 16
18 1 L 4
19 1 U 18
20 0 U 19
21 1 U 7
22 1 U 14
23 0 U 22
24 0 U -1
25 0 U 24
26 0 U 25
27 1 U 8
28 1 U 27
29 1 L 18
30 1 U 29
31 0 U 3
32 0 U -1
33 1 U 32
34 0 U 33
35 0 U 34
36 0 U 35
37 1 U 36
38 0 U 37
39 1 U 38
40 1 U -1
41 1 U 40
42 1 U 37
43 1 U 42
44 0 U 10
45 0 L 39
46 1 U 45
47 1 U 7
48 1 U -1
49 0 L 20
50 1 U 49
51 1 U 50
52 0 L 45
53 0 U -1
54 1 L 25
55 0 U 20
56 1 U -1
57 1 L 56
58 1 U 57
59 1 L 56
60 0 U 35
61 1 U 60
62 1 U 61
63 1 U 62
64 1 U 52
65 0 U 64
66 1 U 65
67 0 L -1
68 1 U 60
69 0 L 6
70
0 1 L -1
1 0 U 0
2 1 U 1
3 0 U 2
4 1 U 3
5 0 U 4
6 1 U 5
7 1 U -1
8 1 U 7
9 1 L 6
10 1 U 9
11 0 U 10
12 0 L 7
13 1 U 12
14 0 U 11
15 0 U 14
16 1 U -1
17 1 U 16
18 1 L 4
19 1 U 18
20 0 U 19
21 1 U 7
22 1 U 14
23 0 U 22
24 0 U -1
25 0 U 24
26 0 U 25
27 1 U 26
28 1 U 27
29 0 U 22
30 1 U 29
31 0 U 3
32 0 U -1
33 1 U 32
34 0 U 33
35 0 U 34
36 0 U 35
37 1 U 36
38 0 U 37
39 1 U 38
40 1 U -1
41 1 U 40
42 0 U 17
43 1 U 42
44 0 U 10
45 0 U 44
46 1 U 45
47 1 U 7
48 1 U -1
49 0 L 20
50 1 U 49
51 1 U 50
52 0 L 45
53 0 U 52
54 1 L 25
55 1 U 54
56 1 U -1
57 1 L 56
58 1 U 57
59 1 L 56
60 0 U 35
61 1 U 60
62 1 U 61
63 1 U 62
64 1 U -1
65 0 U 64
66 1 U 65
67 0 L -1
68 0 U 67
69 0 U 10
70
0 1 L -1
1 0 U 0
2 1 U 1
3 0 U 2
4 1 U 3
5 0 U 4
6 1 U 5
7 1 U -1
8 1 U 7
9 1 U 2
10 1 U 9
11 0 U 10
12 0 L 7
13 1 U 12
14 1 L 4
15 0 U 14
16 1 U -1
17 1 U 16
18 1 L 4
19 1 U 18
20 0 U 19
21 1 U 7
22 1 U 14
23 0 U 22
24 0 U -1
25 0 U 24
26 0 L -1
27 1 L 15
28 1 U 27
29 0 U 28
30 1 U 29
31 0 U 3
32 0 U -1
33 0 U 32
34 0 U 33
35 0 U 34
36 0 U 35
37 1 U 36
38 0 U 37
39 1 U 38
40 0 L 12
41 1 U 40
42 0 U 17
43 1 U 42
44 0 U 10
45 0 U 44
46 1 U 45
47 0 U 46
48 1 U -1
49 0 L 20
50 1 U 49
51 1 U 50
52 0 U 10
53 0 U 52
54 1 L 25
55 1 U 54
56 1 U -1
57 1 U 8
58 1 U 57
59 1 L 56
60 0 U 35
61 1 U 60
62 1 U 61
63 1 U 62
64 0 U 63
65 0 U 64
66 1 U 65
67 0 L -1
68 0 U 67
69 0 L 6
70
0 1 L -1
1 0 U 0
2 1 U 1
3 0 U 2
4 1 U 3
5 0 U 4
6 1 U 5
7 1 U -1
8 1 U 7
9 1 L 6
10 1 U 9
11 0 U 10
12 0 L 7
13 1 U 12
14 0 U 11
15 0 U 14
16 1 U -1
17 1 U 5
18 1 L 4
19 1 U 18
20 0 U 19
21 1 U 7
22 1 U 14
23 0 U 22
24 0 U -1
25 0 U 24
26 0 U 25
27 1 U 26
28 1 U 27
29 0 U 28
30 1 U 29
31 0 U 3
32 0 U -1
33 1 U 32
34 0 U 6
35 0 U 34
36 0 U 35
37 1 U 36
38 0 U 37
39 1 U 38
40 1 U -1
41 1 U 40
42 0 U 17
43 1 U 42
44 0 U 10
45 0 U 44
46 1 U 45
47 0 U 46
48 1 U -1
49 0 L 20
50 1 U 49
51 1 U 50
52 0 L 45
53 0 L 39
54 1 U 52
55 1 U 54
56 1 U -1
57 1 L 56
58 1 U 57
59 1 L 56
60 0 U 35
61 0 L 8
62 1 U 61
63 1 U 62
64 1 U -1
65 0 U 64
66 1 U 65
67 1 U 43
68 0 U 67
69 0 L 6
70
0 1 L -1
1 0 U 0
2 1 U 1
3 0 U 2
4 1 U 3
5 0 U 4
6 1 U 5
7 1 U -1
8 1 U 7
9 1 L 6
10 1 U -1
11 0 U 10
12 0 L 7
13 1 U 12
14 0 U 11
15 0 U 14
16 1 U -1
17 1 U 16
18 1 L 4
19 1 U 18
20 0 U 19
21 1 U 7
22 1 U 14
23 0 U 22
24 0 U -1
25 0 U 24
26 0 U 25
27 1 U 26
28 1 U 22
29 0 U 28
30 1 U 29
31 0 U 3
32 1 L 23
33 1 U 32
34 0 U 33
35 0 U 34
36 0 U 35
37 1 U 36
38 0 U 37
39 1 U 38
40 1 U -1
41 1 U 40
42 0 U 17
43 1 U 42
44 0 U 10
45 0 U 44
46 1 U 45
47 1 U 18
48 1 U -1
49 0 L 20
50 1 U 49
51 1 U 50
52 0 L 45
53 0 U 52
54 1 L 25
55 1 U 54
56 1 U -1
57 1 L 28
58 1 U 57
59 1 L 56
60 0 U 35
61 1 U 60
62 1 U 61
63 1 U 62
64 1 U -1
65 0 U 64
66 1 U 65
67 0 L -1
68 0 U 67
69 0 L 6
70
0 1 L -1
1 1 L 0
2 1 U 1
3 0 U 2
4 1 U 3
5 0 U 4
6 1 U 5
7 1 U -1
8 1 U 7
9 0 U 7
10 1 U 9
11 0 U 10
12 0 L 7
13 1 U 12
14 0 U 11
15 0 U 14
16 1 U -1
17 1 U 16
18 1 U 9
19 1 U 18
20 0 U 19
21 1 U 7
22 1 U 14
23 0 U 22
24 0 U -1
25 0 U 24
26 0 U 25
27 1 U 26
28 1 U 27
29 0 U 28
30 1 U 29
31 0 U 3
32 0 U -1
33 0 L 0
34 0 U 33
35 0 U 34
36 0 U 35
37 1 U 36
38 0 U 37
39 1 U 38
40 1 U -1
41 1 U 40
42 1 U 13
43 1 U 42
44 0 U 10
45 0 U 44
46 1 U 45
47 0 U 46
48 1 U -1
49 0 L 20
50 1 U 49
51 1 U 50
52 0 L 45
53 0 U 52
54 1 L 25
55 1 U 54
56 1 U -1
57 1 L 56
58 1 U 57
59 1 L 56
60 0 U 35
61 1 U 60
62 1 U 61
63 1 U 62
64 1 U -1
65 0 U 64
66 1 U 65
67 0 L -1
68 0 U 67
69 0 L 6
70
0 1 L -1
1 0 U 0
2 1 U 1
3 0 U 2
4 1 U 3
5 0 U 4
6 1 U 5
7 1 U -1
8 1 U 7
9 1 L 6
10 1 U 9
11 0 U 10
12 0 U 5
13 1 U 12
14 0 U 11
15 0 U 14
16 1 U -1
17 1 U 16
18 1 L 4
19 1 U 18
20 0 U 17
21 1 U 7
22 1 U 14
23 0 U 22
24 0 U -1
25 0 U 24
26 0 U 25
27 1 U 26
28 0 U 24
29 0 U 28
30 1 U 29
31 0 U 3
32 0 U -1
33 1 U 32
34 0 U 33
35 0 U 34
36 0 U 35
37 1 U 36
38 0 U 37
39 1 U 38
40 1 U -1
41 1 U 40
42 0 U 17
43 1 U 42
44 0 U 10
45 0 U 44
46 1 U 45
47 0 U 46
48 1 U -1
49 0 L 20
50 1 U 49
51 1 U 50
52 0 L 45
53 0 U 52
54 1 L 25
55 1 U 54
56 1 U -1
57 1 L 56
58 1 U 57
59 1 L 56
60 0 U 35
61 1 U 60
62 1 U 61
63 1 U 62
64 1 U -1
65 0 U 64
66 1 U 65
67 0 L -1
68 0 U 67
69 0 L 6
70
0 1 L -1
1 0 U 0
2 1 U 1
3 0 U 2
4 1 U 3
5 0 U 4
6 1 U 5
7 1 U -1
8 1 U 7
9 1 L 6
10 1 U 9
11 0 U 10
12 0 L 7
13 1 U 12
14 0 U 11
15 0 U 14
16 1 U -1
17 0 U 2
18 1 L 4
19 1 U 18
20 0 U 19
21 1 U 7
22 1 L 21
23 0 U 22
24 1 L 4
25 1 L 9
26 0 U 25
27 1 U 26
28 1 U 27
29 1 L 15
30 0 U 18
31 0 U 3
32 0 U -1
33 1 U 32
34 0 U 33
35 0 U 21
36 0 U 35
37 1 U 36
38 0 U 37
39 1 U 38
40 1 L 9
41 1 U 40
42 0 U 17
43 1 U 42
44 0 U 10
45 0 U 44
46 1 U 45
47 0 U 46
48 1 U -1
49 0 L 20
50 1 U 49
51 1 U 50
52 0 L 45
53 0 U 52
54 1 L 25
55 1 U 54
56 1 U -1
57 1 L 56
58 1 U 57
59 1 L 56
60 0 U 35
61 1 U 49
62 1 U 61
63 1 U 62
64 1 U -1
65 0 U 64
66 1 U 65
67 0 L -1
68 0 U 67
69 0 L 6
70
0 1 L -1
1 0 U 0
2 1 U 1
3 0 U 2
4 0 U 2
5 0 U 4
6 1 U 5
7 1 U -1
8 1 U 7
9 1 L 6
10 1 U 9
11 0 U 10
12 0 L 7
13 1 U 12
14 0 U 11
15 1 U 12
16 1 U -1
17 1 U 16
18 1 L 4
19 1 U 18
20 0 U 19
21 1 U 7
22 1 U 14
23 0 U 22
24 0 U -1
25 0 U 24
26 0 U 25
27 1 U 26
28 1 U 27
29 0 U 28
30 1 U 29
31 0 U 3
32 0 U -1
33 1 U 32
34 0 U 33
35 1 L 27
36 0 U 35
37 1 U 36
38 0 U 37
39 0 U 18
40 1 U -1
41 1 U 40
42 0 U 17
43 1 U 42
44 0 U 10
45 0 U 44
46 1 U 45
47 0 U 46
48 1 U -1
49 0 L 20
50 1 U 27
51 1 U 50
52 0 L 45
53 1 U 51
54 1 L 25
55 1 U 54
56 1 U -1
57 1 L 56
58 1 U 57
59 1 L 56
60 0 U 35
61 1 U 60
62 1 U 61
63 1 U 62
64 1 U -1
65 0 U 64
66 1 U 65
67 0 L -1
68 0 U 67
69 0 L 6
70
0 1 L -1
1 0 U 0
2 0 U -1
3 0 U 2
4 0 U 2
5 0 U 4
6 1 U 5
7 1 U -1
8 1 U 7
9 1 L 6
10 1 U 9
11 0 U 10
12 0 L 7
13 1 U 12
14 1 U -1
15 1 U 12
16 0 L 6
17 1 U 16
18 1 L 4
19 1 L 8
20 0 U 19
21 1 U 7
22 1 U 14
23 0 U 22
24 0 U -1
25 0 U 24
26 0 U 25
27 1 U 26
28 1 U 27
29 0 U 28
30 1 U 29
31 0 U 3
32 0 U -1
33 1 U 32
34 0 U 33
35 1 L 27
36 0 U 35
37 1 U 36
38 0 U 37
39 0 U 18
40 1 U -1
41 1 U 40
42 0 U 17
43 1 U 42
44 0 U 10
45 0 U 44
46 1 U 45
47 0 U 46
48 1 U -1
49 0 L 20
50 1 U 27
51 1 U 50
52 0 L 45
53 1 U 51
54 1 L 25
55 1 U 54
56 1 U -1
57 1 L 56
58 1 U 57
59 1 L 56
60 0 U 35
61 1 U 60
62 1 U 61
63 1 U 62
64 1 U -1
65 0 L 32
66 1 U 65
67 0 L -1
68 1 U 52
69 0 L 6
70
0 1 L -1
1 0 U 0
2 1 U -1
3 0 U -1
4 0 U 2
5 0 U 4
6 1 U 5
7 1 U -1
8 1 U 7
9 1 U 4
10 1 U 9
11 0 U 10
12 0 L 7
13 1 U 12
14 0 U 11
15 1 U 12
16 1 U -1
17 1 U 16
18 1 L 4
19 1 U 18
20 0 U 19
21 1 U 7
22 1 U 14
23 0 U 22
24 0 U -1
25 0 U 24
26 0 U 25
27 1 U 26
28 1 U 27
29 0 U 28
30 1 U 29
31 0 U 3
32 0 U -1
33 1 U 32
34 0 U 33
35 1 L 27
36 0 U 35
37 1 U 36
38 0 U 37
39 0 U 18
40 1 U -1
41 1 U 40
42 0 U 17
43 1 U 42
44 0 U 10
45 0 U 44
46 1 L 36
47 0 U 46
48 1 U -1
49 0 L 20
50 1 U 27
51 1 U 50
52 1 L 18
53 1 U 51
54 1 L 25
55 0 U 43
56 1 U -1
57 1 L 56
58 1 U 57
59 1 L 56
60 0 U 35
61 1 U 60
62 1 U 61
63 1 U 62
64 1 U -1
65 0 U 64
66 1 U 65
67 0 L -1
68 0 U 67
69 0 L 6
70
0 1 L -1
1 0 U 0
2 1 U 1
3 1 L 0
4 1 L 0
5 0 U 4
6 1 U 5
7 1 U -1
8 1 U 7
9 1 L 6
10 1 U 9
11 0 U 10
12 0 L 7
13 1 U 12
14 0 U 11
15 1 U 12
16 1 U -1
17 0 U 7
18 1 L 4
19 1 U 18
20 0 U 19
21 1 U 7
22 1 U 14
23 0 U 22
24 0 U -1
25 0 U 24
26 0 U 25
27 1 U 26
28 1 U 27
29 0 U 28
30 1 U 29
31 0 L 10
32 0 L 14
33 1 U 32
34 0 U 33
35 1 L 27
36 1 U 6
37 1 U 36
38 0 U 37
39 0 U 18
40 1 U -1
41 1 U 40
42 0 U 17
43 1 U 42
44 0 U 10
45 0 U 44
46 1 U 45
47 0 U 46
48 1 U -1
49 0 L 20
50 0 L 13
51 1 L 26
52 0 L 45
53 1 U 51
54 1 L 25
55 1 U 54
56 1 U -1
57 1 L 56
58 1 U 57
59 1 L 56
60 0 U 35
61 1 U 60
62 1 U 61
63 1 U 62
64 1 U -1
65 0 U 64
66 1 U 65
67 0 L -1
68 0 U 67
69 0 L 6
70
0 1 L -1
1 0 U 0
2 0 L -1
3 0 U 2
4 0 U 2
5 0 U 4
6 1 U 5
7 1 U -1
8 1 U 7
9 1 L 6
10 1 U 9
11 0 U 10
12 0 L 7
13 1 U 12
14 0 U 11
15 0 L 1
16 1 U -1
17 1 U 16
18 1 L 4
19 1 U 18
20 0 U 19
21 1 U 9
22 1 U 14
23 0 U 22
24 0 U -1
25 0 U 24
26 0 U 25
27 1 U 26
28 1 U 27
29 0 U 28
30 1 U -1
31 0 U 3
32 0 U -1
33 1 U 32
34 0 U 33
35 1 L 27
36 0 U 35
37 1 U 36
38 0 U 37
39 0 U 18
40 1 U -1
41 1 U 40
42 0 U 17
43 1 U 42
44 0 U 10
45 0 U 44
46 1 U 45
47 0 U 46
48 1 U -1
49 1 U 34
50 1 U 27
51 1 U 50
52 0 U 0
53 1 U 51
54 1 L 25
55 1 U 54
56 1 U -1
57 1 L 56
58 1 U 57
59 1 L 56
60 0 U 35
61 1 U 60
62 1 U 61
63 1 U 62
64 1 U -1
65 0 U 64
66 1 U 65
67 0 L -1
68 0 U 67
69 0 L 6
70
0 1 L -1
1 0 U 0
2 1 U 1
3 0 U 2
4 0 U 2
5 0 U 4
6 1 U 5
7 1 U -1
8 1 U 7
9 1 L 6
10 1 U 9
11 0 U 10
12 0 L 7
13 1 U 12
14 0 U 11
15 1 U 12
16 1 U -1
17 0 L 7
18 1 L 4
19 1 U 18
20 0 U 19
21 1 U 7
22 1 U 14
23 1 U 21
24 0 U -1
25 0 U 24
26 0 U 25
27 1 U 26
28 1 U 27
29 0 U 28
30 1 U 29
31 0 U 3
32 0 U -1
33 1 U 32
34 0 U 33
35 1 L 27
36 0 U 35
37 1 U 7
38 1 U 35
39 0 U 18
40 1 U -1
41 1 U 40
42 0 U 17
43 1 U 42
44 0 U 10
45 0 U 44
46 0 L 30
47 0 U 23
48 1 U -1
49 0 L 20
50 1 U 27
51 1 U 50
52 0 L 45
53 1 U 51
54 1 L 25
55 1 U 54
56 1 U -1
57 1 L 56
58 1 U 57
59 1 L 56
60 0 U 35
61 1 U 60
62 1 U 61
63 1 L 10
64 1 U -1
65 0 U 64
66 1 U 65
67 1 L 52
68 0 U 67
69 0 L 6
70
0 1 L -1
1 0 U 0
2 1 U 1
3 0 U 2
4 0 U 2
5 0 U 4
6 0 L 3
7 1 U -1
8 1 U 7
9 1 L 6
10 1 U 9
11 0 U 10
12 0 L 7
13 1 U 12
14 0 U 11
15 1 U 12
16 1 U -1
17 1 U 16
18 1 L 4
19 1 U 18
20 0 U 19
21 1 U 7
22 1 U 14
23 0 U 22
24 0 U -1
25 0 U 24
26 0 U 25
27 1 U 26
28 1 U 27
29 0 U 28
30 1 U 29
31 0 U 11
32 0 U -1
33 1 U 32
34 0 U 33
35 1 L 27
36 0 U 35
37 1 U 36
38 0 U 37
39 0 U 18
40 1 U -1
41 1 U 32
42 0 U 17
43 1 U 42
44 0 U 10
45 0 U 44
46 1 U 45
47 0 U 46
48 1 U -1
49 0 L 20
50 1 L 29
51 1 U 50
52 0 L 45
53 1 U 51
54 1 L 25
55 1 U 54
56 1 U -1
57 1 L 56
58 1 U 57
59 1 L 56
60 0 U 35
61 1 U 60
62 1 U 61
63 1 U 62
64 1 U -1
65 1 U 47
66 1 U 65
67 0 L -1
68 0 U 67
69 0 L 6
70
0 1 L -1
1 0 U 0
2 1 U 1
3 0 U 2
4 0 U 2
5 0 U 4
6 0 L 3
7 1 U -1
8 1 U 7
9 1 L 6
10 1 U 9
11 0 U 10
12 0 L 7
13 1 U 12
14 0 U 11
15 1 U 12
16 1 U -1
17 1 U 16
18 1 L 4
19 1 U 1
20 0 U 19
21 1 U 7
22 1 U 14
23 0 U 22
24 0 U -1
25 0 U 24
26 0 U 25
27 1 U 26
28 1 U 27
29 0 U 28
30 1 U 29
31 0 U 3
32 0 U -1
33 1 U 32
34 0 U 33
35 1 L 9
36 0 U -1
37 1 U 36
38 0 U 37
39 1 L 35
40 1 U -1
41 1 U 40
42 0 U 17
43 1 L 37
44 0 U 10
45 0 U 44
46 1 L 19
47 0 U 46
48 1 U -1
49 0 L 20
50 1 U 27
51 1 U 50
52 1 L 42
53 1 U 51
54 1 L 25
55 1 U 54
56 1 U -1
57 1 L 56
58 1 U 57
59 1 L 56
60 0 U 35
61 1 U 60
62 0 U 43
63 1 U 62
64 1 U -1
65 0 U 64
66 1 U 65
67 1 L 47
68 0 U 67
69 0 U 1
70
0 1 L -1
1 0 U 0
2 1 U 1
3 0 U 2
4 0 U 2
5 0 U 4
6 0 L 2
7 1 L 3
8 1 U 7
9 1 L 6
10 1 U 9
11 0 U 10
12 0 L 7
13 1 U 12
14 0 U 11
15 1 U 12
16 1 U -1
17 1 U 16
18 1 L 4
19 1 U 18
20 0 U 19
21 1 U 7
22 1 U 14
23 0 U 22
24 0 U -1
25 0 U 24
26 0 U 25
27 1 U 26
28 1 U 27
29 0 U 28
30 1 U 29
31 0 U 3
32 0 U -1
33 1 U 32
34 0 U 33
35 1 L 27
36 0 U 35
37 1 U 34
38 0 U 37
39 0 U 18
40 1 U -1
41 1 U 40
42 0 U 17
43 1 U 42
44 0 U 10
45 0 U 44
46 1 U 45
47 0 U 46
48 1 U -1
49 1 U 45
50 0 L 33
51 1 U 50
52 0 U 47
53 1 U 51
54 1 L 25
55 1 U 54
56 1 U -1
57 1 L 56
58 1 U 57
59 1 L 56
60 0 U 35
61 1 U 60
62 0 L 9
63 1 U 62
64 1 U -1
65 0 U 64
66 1 U 65
67 0 L -1
68 0 U 67
69 0 L 6
70
0 1 L -1
1 0 U 0
2 1 U 1
3 0 U 2
4 0 U 2
5 0 U 4
6 1 U 5
7 1 U -1
8 1 U 7
9 1 L 6
10 1 U 9
11 0 U 10
12 0 L 7
13 1 U 12
14 0 U 11
15 1 U 12
16 1 U -1
17 1 U 16
18 1 L 4
19 1 U 18
20 0 U 19
21 1 U 7
22 1 U 14
23 0 U 22
24 0 U -1
25 0 U 24
26 0 U 25
27 1 U 26
28 1 U 27
29 0 U 28
30 1 U 29
31 1 L -1
32 0 U -1
33 1 U 32
34 0 U 33
35 1 L 27
36 0 U 35
37 1 U 36
38 0 U 37
39 0 L 26
40 1 U -1
41 1 U 40
42 0 U 17
43 1 U 42
44 0 U 10
45 0 U 44
46 1 U 45
47 0 U 46
48 1 U -1
49 0 L 20
50 1 U 27
51 1 U 50
52 0 L 45
53 1 U 51
54 1 L 25
55 1 U 54
56 1 U -1
57 1 L 56
58 1 U 57
59 1 L 56
60 0 U 35
61 0 L 28
62 1 U 61
63 1 U 62
64 1 U -1
65 0 U 64
66 1 U 65
67 0 L -1
68 0 U 67
69 0 L 6
70
0 1 L -1
1 0 U 0
2 0 L -1
3 0 U 2
4 0 L -1
5 0 U 2
6 1 U 5
7 1 U -1
8 1 U 7
9 1 L 6
10 0 L 8
11 0 U 10
12 0 L 7
13 1 U 12
14 0 U 11
15 1 U 12
16 1 U -1
17 1 U 16
18 1 L 4
19 1 U 18
20 0 U 19
21 1 U 7
22 1 U 14
23 0 U 22
24 0 U -1
25 0 U 24
26 0 U 25
27 1 U 26
28 1 U 27
29 0 U 28
30 1 U 29
31 0 U 29
32 0 U -1
33 0 U 11
34 0 U 33
35 1 U 10
36 0 U 35
37 0 L 19
38 1 L 34
39 0 U 5
40 1 U -1
41 1 U 40
42 1 U 24
43 1 U 42
44 0 L 31
45 0 U 44
46 1 U 45
47 0 U 46
48 1 U -1
49 0 L 20
50 1 U 27
51 1 U 50
52 0 L 45
53 1 U 51
54 1 L 25
55 1 U 54
56 1 U -1
57 0 L 49
58 1 U 57
59 1 L 56
60 0 U 35
61 1 U 60
62 1 U 61
63 1 U 62
64 1 U -1
65 0 U 64
66 1 U 65
67 0 L -1
68 0 U 67
69 0 L 6
70
0 1 L -1
1 0 U 0
2 1 U 1
3 0 U 2
4 0 L 2
5 0 U 4
6 1 U 5
7 1 U -1
8 1 U 7
9 1 L 6
10 1 U 9
11 1 U 5
12 0 L 7
13 1 U 12
14 0 U 11
15 1 U 12
16 1 U -1
17 1 U 16
18 1 L 4
19 1 U 18
20 0 U 19
21 1 U 7
22 1 U 14
23 0 U 22
24 0 U -1
25 0 U 24
26 0 U 25
27 1 U 26
28 1 U 27
29 0 U 28
30 1 U 29
31 1 U 21
32 0 U -1
33 1 U 32
34 0 U 33
35 1 L 27
36 0 U 35
37 1 U 36
38 0 U 37
39 0 U 18
40 1 U -1
41 1 U 40
42 0 U 17
43 1 U 42
44 0 U 10
45 0 U 44
46 1 U 45
47 0 U 46
48 1 U -1
49 0 L 20
50 1 U 27
51 1 U 50
52 0 L 45
53 1 U 51
54 0 L 51
55 1 U 54
56 1 U 41
57 1 L 56
58 1 U 57
59 1 L 56
60 0 U 35
61 1 U 60
62 1 U 61
63 1 U 62
64 1 U 48
65 0 U 64
66 1 U 65
67 0 L -1
68 0 U 67
69 0 L 6
70
0 1 L -1
1 0 U 0
2 1 U 1
3 0 U 2
4 0 L 2
5 0 U 4
6 1 U 5
7 1 U -1
8 1 U 7
9 1 L 6
10 1 L 4
11 1 U 5
12 0 L 7
13 1 U 12
14 0 U 11
15 1 U 12
16 1 U 14
17 1 U 16
18 1 L 4
19 1 U 18
20 0 U 19
21 1 U 7
22 1 U 14
23 0 U 22
24 0 U -1
25 0 U 24
26 0 U 25
27 1 U 26
28 1 U 27
29 1 U 10
30 1 U 29
31 0 L 3
32 0 U -1
33 1 U 32
34 0 U 33
35 1 L 27
36 0 U 35
37 1 U 36
38 0 U 37
39 0 U 18
40 1 U -1
41 1 U 40
42 0 U 17
43 1 U 42
44 0 U 10
45 0 U 4
46 1 U 45
47 0 U 46
48 1 U -1
49 0 L 20
50 1 U 27
51 1 U 50
52 0 L 45
53 1 U 51
54 0 L 51
55 1 U 54
56 1 U 41
57 0 L 3
58 1 U 57
59 1 L 56
60 0 U 35
61 1 U 60
62 1 U 61
63 1 U 62
64 1 U 48
65 0 U 64
66 1 U 65
67 0 L -1
68 0 U 67
69 0 L 6
70
0 1 L -1
1 0 U 0
2 1 U 1
3 0 U 2
4 0 L 2
5 0 U 4
6 1 U 5
7 1 U -1
8 1 U 6
9 1 L 6
10 1 U 9
11 1 U 5
12 0 L 7
13 1 U 12
14 0 U 11
15 1 U 12
16 1 U -1
17 1 U 16
18 1 L 4
19 1 U 18
20 0 U 19
21 1 L -1
22 1 U 14
23 0 U 22
24 0 U -1
25 0 U 24
26 1 L 15
27 1 U 26
28 1 U 27
29 0 U 28
30 1 U 29
31 1 U 21
32 0 U -1
33 0 U 22
34 0 U 33
35 1 U 21
36 0 U 35
37 1 U 36
38 0 U 37
39 0 U 18
40 1 U -1
41 1 U 40
42 0 U 17
43 1 U 42
44 0 U 10
45 0 U 44
46 1 U 45
47 0 U 46
48 1 U -1
49 0 L 20
50 0 U 25
51 1 U 50
52 0 L 45
53 1 U 51
54 0 L 51
55 1 U 54
56 1 U 41
57 1 L 56
58 1 U 57
59 1 L 56
60 0 U 35
61 1 U 60
62 1 U 61
63 1 U 62
64 1 U 48
65 0 U 64
66 1 U 30
67 0 L -1
68 0 U 67
69 0 L 6
70
0 1 L -1
1 0 U 0
2 1 U 1
3 0 U 2
4 0 L 2
5 0 U 4
6 1 U 5
7 1 U -1
8 1 U 7
9 1 L 6
10 1 U 9
11 1 U 5
12 0 L 7
13 1 U 12
14 0 U 11
15 1 U 12
16 1 U -1
17 1 U 16
18 1 L 4
19 1 U 18
20 0 U 19
21 1 L 5
22 1 U 14
23 0 L 18
24 0 U -1
25 0 U 24
26 0 U 25
27 0 U 20
28 1 U 27
29 0 U 28
30 1 U 29
31 1 U 21
32 0 U -1
33 1 U 32
34 0 U 33
35 1 L 27
36 0 U 35
37 1 U 36
38 0 U 37
39 0 U 18
40 1 U -1
41 1 U 40
42 0 U 17
43 1 U 19
44 0 U 10
45 0 U 44
46 1 U 45
47 0 U 46
48 1 U -1
49 0 L 20
50 1 U 27
51 1 U 50
52 0 L 45
53 1 U 51
54 0 L 51
55 1 U 54
56 1 U 41
57 1 L 56
58 1 U 57
59 1 L 56
60 0 U 35
61 1 U 60
62 1 U 61
63 1 U 62
64 1 U 48
65 0 U 64
66 1 U 65
67 0 L -1
68 0 U 67
69 0 L 6
70
0 1 L -1
1 0 U 0
2 1 U 1
3 0 U 2
4 1 U -1
5 0 U 4
6 1 U 5
7 1 U -1
8 1 U 7
9 1 L 6
10 1 U 9
11 1 U 5
12 0 L 7
13 1 U 12
14 0 L -1
15 1 U 12
16 1 U -1
17 1 U 16
18 1 L 4
19 1 U 18
20 0 U 19
21 1 U 7
22 1 U 14
23 0 U 22
24 0 U -1
25 0 U 24
26 0 U 25
27 1 U 26
28 1 U 27
29 0 U 28
30 1 U 29
31 1 U 21
32 0 U -1
33 1 U 32
34 0 U 33
35 1 L 27
36 0 U 35
37 0 U 26
38 1 U 13
39 0 U 18
40 1 U -1
41 1 U 40
42 1 L -1
43 1 U 42
44 0 U 10
45 0 U 44
46 1 U 45
47 0 U 46
48 1 U -1
49 0 L 20
50 1 U 27
51 1 U 50
52 0 L 45
53 1 U 51
54 0 L 51
55 1 U 54
56 1 U 41
57 1 L 56
58 1 U 57
59 1 L 56
60 0 U 35
61 0 U 37
62 1 U 61
63 1 U 62
64 1 U 48
65 0 U 64
66 0 U 24
67 0 L -1
68 0 U 67
69 0 U 7
70
0 1 L -1
1 0 U 0
2 1 U 1
3 0 U 2
4 0 L 2
5 0 U 4
6 1 U 5
7 1 U -1
8 1 U 7
9 1 L 6
10 1 U 9
11 1 U 5
12 0 L 7
13 0 L 7
14 0 U 11
15 1 U 13
16 1 U -1
17 1 U 16
18 0 U 0
19 1 U 18
20 0 U 19
21 1 U 4
22 1 U 14
23 0 U 22
24 0 U -1
25 0 U 22
26 0 U 25
27 1 U 26
28 1 U 27
29 0 U 28
30 1 U 29
31 1 U 21
32 0 U -1
33 1 U 32
34 0 U 8
35 1 L 27
36 0 U 35
37 1 U 36
38 0 U 37
39 0 U 18
40 1 U -1
41 1 U 40
42 0 U 17
43 1 U 42
44 0 U 10
45 0 L 20
46 1 U 45
47 0 U 46
48 0 U 33
49 0 L 20
50 1 U 27
51 1 U 50
52 0 L 45
53 1 U 51
54 0 L 51
55 1 U 54
56 1 U 41
57 1 L 56
58 1 U 57
59 1 L 56
60 0 U 35
61 1 U 60
62 1 U 61
63 1 U 62
64 1 U 48
65 0 U 64
66 1 U 65
67 0 U 61
68 0 U 27
69 0 L 6
70
0 1 L -1
1 0 U 0
2 1 U 1
3 0 U 2
4 0 L 2
5 0 U 4
6 1 U 5
7 1 U -1
8 0 L 7
9 1 L 6
10 1 U 9
11 1 U 5
12 0 L 7
13 1 U 12
14 1 L 4
15 1 U 12
16 1 U -1
17 1 U 16
18 1 L 4
19 1 U 18
20 0 U 19
21 1 U 7
22 1 U 14
23 0 U 22
24 0 U -1
25 0 U 24
26 0 U 25
27 1 U 26
28 1 U 27
29 0 L 13
30 1 U 29
31 1 U 21
32 0 U -1
33 1 U 32
34 0 U 15
35 1 L 27
36 1 L 25
37 1 U 36
38 0 U 37
39 0 U 18
40 1 U -1
41 1 U -1
42 0 U 17
43 1 U 42
44 1 U 5
45 0 U 44
46 1 U 45
47 0 U 46
48 1 U -1
49 0 L 20
50 1 U 27
51 1 U 50
52 0 L 45
53 1 U 51
54 0 L 51
55 1 U 54
56 1 U 41
57 1 L 56
58 1 U 57
59 1 L 56
60 0 U 35
61 1 U 60
62 0 L 9
63 1 U 62
64 1 U 48
65 1 U 18
66 1 U 65
67 1 L 40
68 0 U 67
69 0 L 6
70
0 1 L -1
1 0 U 0
2 1 U 1
3 0 U 2
4 1 U -1
5 0 U 4
6 0 L 5
7 1 U -1
8 1 U 7
9 1 L 6
10 1 U 9
11 1 U 8
12 0 L 7
13 1 U 12
14 0 U 11
15 0 L 1
16 0 U 4
17 1 U 16
18 1 U 16
19 1 U -1
20 0 U 19
21 1 U 7
22 1 U 14
23 0 U 22
24 0 U -1
25 0 U 24
26 0 U 25
27 1 U 26
28 1 U 27
29 0 U 28
30 1 U 29
31 1 U 20
32 0 U -1
33 1 U 32
34 1 U 28
35 1 L 27
36 0 U 35
37 1 U 36
38 0 L 23
39 0 U 18
40 1 U -1
41 1 U 40
42 0 U 17
43 1 U 42
44 0 U 10
45 0 U 44
46 1 U 45
47 0 U 46
48 1 U 23
49 0 L 20
50 1 U 27
51 1 U 50
52 0 L 45
53 1 L 51
54 0 L 51
55 1 U 54
56 1 U 41
57 1 L 56
58 1 U 57
59 1 L 56
60 0 U 35
61 1 U 60
62 1 U 61
63 1 U 62
64 1 U 48
65 0 U 64
66 1 U 65
67 0 L -1
68 0 U 67
69 1 L 62
70
0 1 L -1
1 0 U 0
2 1 U 1
3 0 U 2
4 0 L 2
5 1 L -1
6 1 U 5
7 1 U -1
8 1 U 7
9 0 U 0
10 1 U 9
11 1 U 5
12 0 L 7
13 1 U 12
14 0 U 11
15 1 U 12
16 1 U -1
17 1 U 16
18 1 L 4
19 1 U 18
20 0 U 19
21 1 U 7
22 1 U 14
23 0 U 22
24 0 U -1
25 0 U 24
26 0 U 25
27 1 U 26
28 1 U 27
29 0 U 28
30 1 U 29
31 1 U 21
32 0 U -1
33 1 U 32
34 0 U 33
35 1 L 27
36 0 U 35
37 1 U 36
38 0 U 37
39 0 U 18
40 1 U -1
41 1 L 15
42 1 L 0
43 1 U 42
44 0 U 10
45 0 U 44
46 1 U 45
47 0 L 2
48 1 U -1
49 0 L 20
50 1 U 27
51 1 U 50
52 0 L 45
53 1 U 51
54 0 L 51
55 1 U 54
56 1 U 41
57 1 L 56
58 0 U 35
59 1 L 56
60 0 U 35
61 1 U 60
62 1 U 61
63 1 U 62
64 1 U 48
65 0 U 64
66 1 U 65
67 0 U 34
68 0 U 67
69 1 U 60
70
0 1 L -1
1 0 U 0
2 1 U 1
3 0 U 2
4 0 L 2
5 0 U 4
6 1 U 5
7 1 U -1
8 0 L 0
9 1 L 6
10 1 U 9
11 1 U 5
12 0 L 7
13 1 U 12
14 0 U 11
15 1 U 12
16 1 U -1
17 1 U 16
18 1 L 3
19 1 U 18
20 0 U 19
21 1 U 7
22 1 L 17
23 0 U 22
24 0 U -1
25 0 U 24
26 0 U 25
27 1 U 26
28 1 L 13
29 0 U 28
30 1 U 29
31 1 U 21
32 0 U -1
33 1 U 32
34 0 U 33
35 1 L 27
36 0 U 35
37 1 U 36
38 0 U 37
39 0 U 18
40 1 U -1
41 1 L 25
42 1 L 19
43 1 U 42
44 0 U 10
45 0 U 44
46 1 U 45
47 0 U 46
48 1 U -1
49 0 U 9
50 0 U 2
51 1 U 50
52 0 L 45
53 1 U 51
54 0 L 51
55 1 U 54
56 1 U 41
57 1 L 56
58 1 U 57
59 1 L 56
60 0 U 35
61 1 U 60
62 1 U 61
63 1 U 62
64 0 U 55
65 0 U 64
66 1 U 65
67 0 L -1
68 0 U 67
69 1 U 48
70
0 1 L -1
1 0 U 0
2 1 U 1
3 0 U 2
4 0 L 2
5 0 U 4
6 1 U 5
7 1 U -1
8 1 U 7
9 1 L 6
10 1 U 9
11 1 U 5
12 0 L 7
13 1 U 12
14 0 U 11
15 1 U 1
16 1 U -1
17 1 U 16
18 1 L 4
19 1 U 18
20 0 U 19
21 1 U 7
22 1 U 14
23 0 U 22
24 0 U -1
25 0 U 24
26 0 U 25
27 1 U 26
28 1 U 27
29 0 U 28
30 1 U 29
31 1 U 21
32 0 U -1
33 1 U 32
34 0 U 33
35 1 L 27
36 0 U 35
37 1 U 36
38 1 L 27
39 0 U 18
40 1 U -1
41 1 U 40
42 0 U 17
43 1 U 42
44 0 U 10
45 1 L 10
46 0 U 3
47 0 U 46
48 0 U 18
49 0 L 20
50 1 U 27
51 1 U 50
52 0 L 45
53 1 U 51
54 0 L 51
55 1 U 54
56 1 U 41
57 1 L 56
58 1 U 57
59 1 L 56
60 0 U 35
61 1 U 12
62 1 U 61
63 1 U 62
64 1 U 48
65 1 L 62
66 1 U 65
67 0 L -1
68 0 U 67
69 0 L 6
70
0 1 L -1
1 0 U 0
2 1 U 1
3 0 U 2
4 0 L 2
5 0 U 4
6 1 U 5
7 1 U -1
8 1 U 7
9 1 L 6
10 1 U 9
11 1 U 5
12 0 L 7
13 1 U 12
14 1 L 8
15 1 U 12
16 1 U -1
17 1 U 16
18 1 L 4
19 1 U 18
20 0 U 19
21 0 U 11
22 1 U 14
23 0 U 22
24 0 U -1
25 0 U 24
26 0 U 25
27 1 U 26
28 1 U 27
29 0 U 28
30 1 U 29
31 1 U 21
32 0 U -1
33 1 U 32
34 0 U 9
35 1 L 27
36 0 U 35
37 1 U 36
38 0 U 37
39 0 U 18
40 1 U -1
41 1 U 40
42 0 U 17
43 1 U 42
44 0 U 10
45 0 U 44
46 1 U 45
47 1 L 6
48 1 U -1
49 0 L 20
50 1 U 27
51 1 U 50
52 0 L 45
53 1 U 51
54 0 L 51
55 1 U 54
56 1 U 41
57 1 L 56
58 1 U 57
59 1 L 40
60 0 U 35
61 1 U 60
62 1 U 61
63 1 U 62
64 1 U 48
65 1 L 49
66 0 L 48
67 0 L -1
68 0 U 67
69 0 L 6
70
0 1 L -1
1 0 U 0
2 1 U 1
3 0 U 2
4 0 L 2
5 1 U 4
6 1 U 5
7 1 U 0
8 1 U 7
9 1 L 6
10 1 U 9
11 1 U 5
12 0 L 7
13 1 U 12
14 0 U 11
15 0 U 13
16 1 U -1
17 1 U 16
18 1 L 4
19 1 U 18
20 0 U 19
21 1 U 7
22 1 U 14
23 0 U 22
24 0 U -1
25 0 U 24
26 0 U 25
27 1 U 26
28 1 U 27
29 0 U 28
30 1 U 29
31 1 U 21
32 0 U -1
33 1 U 32
34 0 U 24
35 1 L 27
36 0 U 35
37 0 U 34
38 0 U 37
39 0 U 18
40 1 U -1
41 1 U 40
42 0 U 17
43 1 U 42
44 0 U 10
45 0 U 44
46 0 U 31
47 0 U 46
48 1 U -1
49 0 L 20
50 1 U 27
51 0 L 10
52 0 L 45
53 1 U 51
54 0 L 51
55 1 U 54
56 1 U 41
57 1 L 56
58 1 U 57
59 1 U 11
60 0 U 35
61 1 U 60
62 0 L 36
63 1 U 62
64 1 U 48
65 1 L 35
66 1 U 65
67 0 L -1
68 0 U 67
69 0 L 6
70
0 1 L -1
1 0 L 0
2 1 U 0
3 0 L 0
4 0 L 2
5 0 U 4
6 1 U 5
7 1 U -1
8 1 U 7
9 1 U -1
10 1 U 9
11 1 U 5
12 0 L 7
13 0 L 11
14 0 U 11
15 1 U 12
16 1 U -1
17 1 U 16
18 1 L 4
19 1 U 18
20 0 U 19
21 1 U 7
22 1 U 14
23 0 U 22
24 0 U -1
25 0 U 24
26 0 U 25
27 1 U 26
28 0 L 14
29 0 U 28
30 1 U 29
31 1 U 21
32 0 L 20
33 1 U 32
34 0 U 33
35 1 L 27
36 0 L 22
37 1 U 36
38 0 L 31
39 0 U 18
40 1 U -1
41 1 U 40
42 0 U 17
43 1 U 42
44 1 L 27
45 0 U 44
46 1 U 45
47 0 U 46
48 1 U -1
49 0 L 20
50 1 U 27
51 1 U 50
52 0 L 45
53 1 L 6
54 0 L 51
55 1 U 54
56 1 U 41
57 1 L 56
58 1 U 57
59 1 L 56
60 0 U 35
61 1 U 60
62 1 U 61
63 0 U 58
64 1 U 48
65 0 U 64
66 1 U 65
67 0 L -1
68 0 U 67
69 0 L 6
70
0 1 L -1
1 1 L -1
2 1 U 1
3 0 U 2
4 0 L 2
5 0 U 4
6 1 U 5
7 1 U -1
8 1 U 7
9 1 L 6
10 1 U 9
11 1 U 5
12 0 L 7
13 1 U 12
14 0 U 11
15 1 U 12
16 1 U -1
17 1 U 16
18 1 L 4
19 1 U 18
20 0 U 19
21 1 U 7
22 1 U 14
23 0 U 22
24 0 U -1
25 0 U 24
26 0 U 25
27 1 U 26
28 0 L 10
29 0 U 28
30 1 L 19
31 1 U 21
32 0 U -1
33 1 U 32
34 0 U 33
35 1 L 27
36 0 U 35
37 1 U 36
38 0 U 37
39 0 U 18
40 1 U -1
41 1 U 40
42 0 U 13
43 1 U 42
44 0 U 10
45 0 U 44
46 1 U 45
47 0 U 46
48 1 U -1
49 0 L 20
50 1 U 27
51 1 U 50
52 0 L 45
53 1 U 51
54 0 L 51
55 0 U 19
56 1 U 41
57 1 L 56
58 1 U 57
59 1 L 56
60 0 U 35
61 1 U 60
62 1 U 61
63 1 U 62
64 0 U 6
65 0 U 64
66 1 U 65
67 0 L -1
68 0 U 67
69 0 L 6
70
0 1 L -1
1 0 U 0
2 1 U 1
3 0 U 2
4 0 L 2
5 0 U 4
6 1 U 5
7 1 U -1
8 1 U 7
9 1 L 6
10 1 U 9
11 1 U 5
12 0 L 7
13 1 U 12
14 0 U 11
15 1 U 12
16 1 U -1
17 1 U 16
18 1 L 4
19 1 U 18
20 0 U 19
21 1 U 7
22 1 U 14
23 0 U 22
24 0 U -1
25 0 U 24
26 0 U 25
27 1 U 26
28 1 U 27
29 0 U 28
30 1 U 29
31 0 L 21
32 0 U -1
33 1 U 32
34 0 U 33
35 1 L 27
36 0 U 35
37 1 U 36
38 1 L 21
39 0 U 18
40 1 U -1
41 1 U 40
42 0 U 17
43 1 U 42
44 0 U 10
45 1 U 0
46 1 U 45
47 0 U 46
48 1 U -1
49 0 L 20
50 1 U 27
51 1 U 50
52 0 L 45
53 1 U 51
54 0 L 51
55 1 U 54
56 1 U 41
57 1 L 56
58 1 U 57
59 1 L 56
60 1 L 23
61 1 U 60
62 1 U 61
63 1 U 62
64 1 U 48
65 0 U 64
66 1 U 65
67 0 L -1
68 0 U 67
69 0 L 6
70
0 1 L -1
1 0 U 0
2 1 U 1
3 0 U 2
4 0 L 2
5 0 U 4
6 1 U 5
7 1 U -1
8 1 U 7
9 1 L 6
10 1 U 9
11 1 U 5
12 0 L 7
13 1 U 12
14 0 U 11
15 1 U 12
16 1 U -1
17 1 U 16
18 1 L 4
19 1 U 18
20 0 U 19
21 1 U 7
22 1 U 14
23 0 U 22
24 0 U -1
25 0 U 24
26 0 U 25
27 1 U 26
28 1 U 27
29 0 U 28
30 1 U 29
31 1 U 21
32 0 U -1
33 1 U 32
34 0 U 33
35 1 L 27
36 0 U 35
37 1 U 36
38 0 L 28
39 0 U 18
40 0 U 5
41 1 U 40
42 0 U 17
43 1 U 42
44 0 U 10
45 0 U 44
46 1 U 45
47 0 U 46
48 1 U 0
49 0 L 20
50 1 U 27
51 1 U 50
52 0 L 45
53 1 U 51
54 0 L 51
55 1 U 54
56 1 U 41
57 1 L 56
58 1 U 57
59 1 L 56
60 0 U 35
61 1 U 60
62 1 U 61
63 1 U 62
64 1 U 48
65 0 L 23
66 1 U 65
67 0 L -1
68 0 U 67
69 0 L 6
70
0 1 L -1
1 1 L -1
2 1 U 1
3 0 U 2
4 0 L 2
5 0 U 4
6 1 U 5
7 1 U -1
8 1 U 7
9 1 L 6
10 1 U 9
11 1 U 5
12 0 U 8
13 1 U 12
14 0 U 11
15 1 U 12
16 1 U -1
17 1 U 16
18 1 L 4
19 0 U 18
20 0 U 19
21 1 U 7
22 1 U 14
23 0 U 22
24 0 U -1
25 0 U 24
26 0 U 25
27 1 U 26
28 1 U 27
29 0 U 28
30 1 U 19
31 1 U 21
32 0 U -1
33 1 U 32
34 0 U 33
35 1 L 27
36 0 U 35
37 0 U 18
38 1 L 22
39 0 U 18
40 1 U -1
41 1 U 40
42 0 U 17
43 1 U 42
44 0 U 10
45 0 U 44
46 1 U 45
47 1 U 33
48 1 U -1
49 0 L 20
50 1 U 27
51 1 U 50
52 0 L 45
53 1 U 51
54 0 L 51
55 1 U 54
56 0 L 4
57 1 L 56
58 1 U 57
59 1 L 56
60 0 U 35
61 1 U 60
62 1 U 61
63 1 U 62
64 1 U 48
65 0 L 29
66 1 U 65
67 0 L -1
68 0 U 67
69 0 L 6
70
0 1 L -1
1 0 U 0
2 1 U 1
3 0 U 2
4 0 L 2
5 0 U 4
6 1 U 5
7 1 U -1
8 1 U 7
9 1 L 6
10 1 U 9
11 1 U 5
12 0 L 7
13 1 U 12
14 0 U 11
15 1 U 12
16 1 U -1
17 1 U 16
18 1 L 4
19 1 U 18
20 0 U 19
21 1 U 7
22 1 U 14
23 0 U 22
24 0 U -1
25 0 U 24
26 0 U 25
27 1 U 26
28 0 L 27
29 0 U 28
30 1 U 29
31 1 U 21
32 0 U -1
33 1 U 32
34 0 U 33
35 1 L 27
36 0 U 35
37 1 U 36
38 0 U 37
39 0 U 18
40 1 U -1
41 1 U 40
42 0 U 17
43 1 U 42
44 0 U 10
45 0 U 44
46 1 U 45
47 0 U 46
48 1 L 36
49 0 L 20
50 1 U 27
51 1 U 50
52 0 L 45
53 1 U 51
54 0 L 51
55 1 U 54
56 1 U 41
57 1 L 56
58 1 U 57
59 1 L 56
60 0 U 35
61 1 U 60
62 1 U 61
63 1 U 62
64 1 U 48
65 0 U 64
66 1 U 65
67 0 L -1
68 1 L 24
69 0 L 6
70
0 1 L -1
1 0 U 0
2 1 L 0
3 0 U 2
4 0 L 2
5 0 U 4
6 1 U 5
7 1 U -1
8 1 U 7
9 1 L 6
10 1 U 9
11 1 U 5
12 0 L 7
13 1 U 12
14 0 U 11
15 1 U 12
16 1 U -1
17 0 U 2
18 1 L 4
19 1 U 18
20 0 U 19
21 1 U 7
22 1 U 14
23 0 U 22
24 0 U -1
25 0 U 24
26 0 U 25
27 1 U 26
28 1 U 27
29 0 U 28
30 1 U 29
31 1 U 21
32 0 U -1
33 1 U 32
34 0 U 33
35 1 L 27
36 0 U 35
37 1 U 36
38 0 U 37
39 0 U 18
40 1 U -1
41 1 U 40
42 0 U 17
43 1 U 42
44 0 U 10
45 0 U 44
46 1 U 45
47 1 U 25
48 1 U -1
49 0 L 20
50 1 U 27
51 1 U 50
52 0 L 45
53 1 U 51
54 0 L 9
55 1 U 54
56 0 U 13
57 1 L 56
58 1 L 9
59 1 L 56
60 0 U 35
61 1 U 60
62 1 U 61
63 1 U 62
64 1 U 48
65 0 U 64
66 1 U 65
67 0 L -1
68 0 U 67
69 0 L 6
70
0 1 L -1
1 0 U 0
2 1 U 1
3 0 U 2
4 0 L 2
5 0 U 4
6 1 U 5
7 1 U -1
8 1 U 7
9 1 L 6
10 1 U 9
11 1 U 5
12 0 L 7
13 1 U 12
14 0 U 11
15 1 U 12
16 1 U -1
17 1 U 16
18 1 L 4
19 1 U 18
20 0 U 19
21 1 U 7
22 1 U 13
23 0 U 22
24 0 U -1
25 0 U 24
26 0 U 25
27 1 U 26
28 1 U 27
29 0 U 28
30 1 U 29
31 1 U 21
32 0 U -1
33 1 U 32
34 1 L 12
35 1 L 27
36 1 U 14
37 1 U 36
38 0 L -1
39 0 U 18
40 1 U -1
41 1 U 40
42 0 U 17
43 1 U 42
44 0 U 10
45 0 U 44
46 1 U 45
47 0 U 46
48 1 U -1
49 0 L 34
50 1 U 27
51 1 U 50
52 0 L 45
53 1 U 51
54 0 L 51
55 1 U 54
56 1 U 41
57 1 L 56
58 1 U 57
59 1 L 56
60 0 U 35
61 1 U 60
62 1 U 61
63 1 U 62
64 1 U 48
65 0 U 64
66 1 U 65
67 0 L -1
68 1 L 49
69 0 L 6
70
0 1 L -1
1 0 U 0
2 1 U 1
3 0 U 2
4 0 L 2
5 0 L 1
6 1 U 5
7 1 U -1
8 1 U 7
9 1 L 6
10 1 U 9
11 1 U 5
12 0 L 7
13 1 U 12
14 0 U 11
15 1 U 12
16 1 U -1
17 1 L 3
18 1 L 4
19 1 U 18
20 0 U 19
21 1 U 7
22 1 U 14
23 0 U 22
24 0 U -1
25 1 U 0
26 0 U 25
27 1 U 26
28 1 U 27
29 1 U 6
30 1 U 29
31 1 U 21
32 0 U -1
33 1 U 32
34 0 U 33
35 1 L 27
36 0 U 35
37 1 U 36
38 0 U 37
39 0 U 18
40 1 U -1
41 1 L 10
42 0 U 17
43 1 U 42
44 0 U 10
45 0 U 44
46 1 U 45
47 0 U 46
48 1 U -1
49 0 L 20
50 1 U 27
51 1 U 50
52 0 L 45
53 1 U 51
54 0 L 51
55 1 U 54
56 1 U 41
57 1 L 45
58 1 U 57
59 1 L 56
60 0 U 35
61 1 U 60
62 1 U 61
63 1 U 62
64 1 U 48
65 0 U 64
66 1 U 65
67 0 L -1
68 0 U 67
69 0 L 6
70
0 1 L -1
1 0 U 0
2 1 U 1
3 0 U 2
4 0 L 2
5 0 U 4
6 1 U 5
7 1 U -1
8 1 U 7
9 1 L 6
10 1 U 9
11 1 U 5
12 0 L 7
13 1 U 12
14 0 U 11
15 1 U 12
16 1 U -1
17 1 U 16
18 1 L 4
19 1 U 18
20 0 U 19
21 1 U 7
22 1 U 14
23 0 U 22
24 0 U -1
25 0 U 24
26 0 U 25
27 1 U 26
28 1 U 27
29 0 U 28
30 1 U 29
31 1 U 21
32 1 L 10
33 1 U 32
34 0 U 33
35 1 L 27
36 0 U 35
37 1 U 36
38 0 U 37
39 0 U 10
40 1 U -1
41 1 U 40
42 0 U 17
43 0 L 32
44 0 U 10
45 0 U 44
46 1 U 45
47 0 U 46
48 1 U -1
49 0 L 20
50 1 U 27
51 1 U 50
52 0 L 51
53 1 U 51
54 0 L 51
55 1 U 54
56 1 U 41
57 1 L 56
58 1 U 57
59 1 L 56
60 0 U 35
61 1 U 60
62 1 U 61
63 1 U 62
64 1 U 48
65 0 U 64
66 1 U 65
67 0 L -1
68 0 U 67
69 0 L 6
70
0 1 L -1
1 0 U 0
2 1 U 1
3 0 U 2
4 0 L 2
5 0 U 4
6 1 U 5
7 1 U -1
8 1 U 7
9 0 L 2
10 1 U 9
11 1 U 5
12 0 L 7
13 1 U 12
14 0 U 11
15 1 U 12
16 1 U -1
17 1 U 16
18 1 L 4
19 0 U 1
20 0 U 19
21 1 U 7
22 1 U 14
23 0 U 22
24 0 U -1
25 0 U 24
26 0 U 25
27 1 U 26
28 1 U 23
29 0 U 28
30 1 U 29
31 1 U 21
32 0 U -1
33 1 U 32
34 0 U 33
35 1 L 27
36 0 U 35
37 1 U 18
38 0 U 37
39 0 U 18
40 1 U -1
41 1 U 40
42 0 U 17
43 0 L -1
44 0 U 10
45 0 U 44
46 1 U 45
47 0 U 46
48 1 U -1
49 0 L 20
50 1 U 27
51 1 U 50
52 0 L 45
53 1 U 51
54 0 L 51
55 1 U 54
56 1 U 41
57 1 L 56
58 1 U 57
59 1 L 56
60 0 U 35
61 1 U 60
62 1 U 61
63 1 U 62
64 1 U 48
65 0 U 64
66 1 U 65
67 0 L -1
68 0 U 67
69 1 L 27
70
0 1 L -1
1 0 U 0
2 1 U 1
3 0 U 2
4 0 L 2
5 0 U 4
6 1 U 5
7 1 U -1
8 1 U 7
9 1 L 6
10 1 U 9
11 1 U 5
12 0 L 7
13 1 U 12
14 0 U 11
15 1 U 12
16 1 U -1
17 1 U 16
18 1 L 4
19 1 U 18
20 0 U 19
21 1 U 7
22 1 U 14
23 0 U 22
24 0 U -1
25 0 U 24
26 0 U 11
27 1 U 26
28 1 U 27
29 0 U 28
30 1 U 29
31 1 U 21
32 0 U -1
33 1 U 32
34 0 U 33
35 1 L 27
36 0 U 35
37 1 U 36
38 0 U 37
39 0 U 18
40 1 U -1
41 1 U 17
42 0 U 17
43 1 U 42
44 0 U 10
45 0 U 44
46 1 U 45
47 0 L 37
48 1 U -1
49 0 L 20
50 1 U 27
51 1 U 50
52 0 L 45
53 1 U 51
54 1 L 16
55 1 U 54
56 1 U 41
57 1 L 56
58 1 U 57
59 1 L 56
60 0 U 35
61 1 U 60
62 1 U 61
63 1 U 62
64 1 U 48
65 0 U 64
66 1 U 65
67 0 L -1
68 0 U 67
69 0 L 6
70
0 1 L -1
1 0 U 0
2 1 L 1
3 0 U 2
4 0 L 2
5 0 U 4
6 1 U 5
7 1 U -1
8 1 U 7
9 1 L 6
10 1 U 9
11 1 U 5
12 0 L 7
13 1 L 1
14 1 U 6
15 1 U 12
16 1 U -1
17 1 U 16
18 1 L 4
19 1 U 18
20 0 U 19
21 1 U 7
22 1 U 14
23 0 U 22
24 0 U -1
25 0 U 24
26 0 U 25
27 0 U 25
28 0 L 11
29 0 U 28
30 1 U 29
31 1 U 21
32 0 U -1
33 1 L 3
34 0 U 33
35 1 L 27
36 0 U 35
37 1 U 36
38 0 U 37
39 0 U 18
40 1 U -1
41 1 U 40
42 0 U 17
43 0 U 11
44 0 U 10
45 0 U 44
46 1 U 45
47 0 U 10
48 1 U -1
49 0 L 20
50 1 U 27
51 1 U 50
52 0 L 45
53 1 U 51
54 0 L 51
55 1 U 54
56 1 U 41
57 1 L 56
58 1 U 57
59 1 L 56
60 0 U 35
61 1 U 60
62 0 U 30
63 1 U 62
64 1 U 48
65 0 U 64
66 1 U 65
67 1 U 47
68 0 U 67
69 0 L 6
70
0 1 L -1
1 0 U 0
2 1 U 1
3 0 U 2
4 0 L 2
5 0 U 4
6 1 L 4
7 1 U -1
8 1 U 7
9 1 L 6
10 1 U 9
11 0 L 0
12 0 L 7
13 1 U 12
14 0 U 11
15 0 L -1
16 1 U -1
17 1 U 16
18 1 L 4
19 1 U 18
20 0 U 19
21 1 U 7
22 1 U 14
23 0 U 22
24 0 U -1
25 0 U 11
26 0 U 25
27 1 U 26
28 1 U 27
29 0 U 28
30 1 U 29
31 1 U 21
32 0 U -1
33 1 U 32
34 0 U 33
35 1 L 27
36 0 U 35
37 1 U 36
38 0 U 37
39 0 U 18
40 1 U -1
41 1 U 40
42 0 U 17
43 1 U 42
44 1 U 8
45 0 U 44
46 1 U 30
47 0 U 46
48 1 U -1
49 0 L 20
50 1 U 27
51 1 U 50
52 0 L 45
53 1 U 51
54 0 L 51
55 1 U 54
56 1 U 41
57 1 L 56
58 1 U 57
59 1 L 56
60 1 L 27
61 1 U 60
62 1 U 61
63 1 U 62
64 1 U 48
65 0 L 60
66 1 U 65
67 0 L -1
68 0 U 67
69 0 L 6
70
0 1 L -1
1 0 U 0
2 1 U 1
3 0 U 2
4 1 U 0
5 0 U 4
6 1 U 5
7 1 U -1
8 1 U 7
9 1 L 6
10 1 U 9
11 1 U 5
12 0 L 7
13 1 U 12
14 0 U 11
15 1 U 12
16 1 U -1
17 1 U 16
18 1 L 4
19 1 U 18
20 0 U 19
21 1 U 7
22 1 U 14
23 0 U 22
24 0 U 6
25 0 U 24
26 0 U 25
27 1 U 26
28 1 U 27
29 0 U 28
30 1 U 29
31 1 U 21
32 0 U -1
33 1 U 32
34 0 U 33
35 1 U -1
36 0 U 35
37 1 U 36
38 0 U 37
39 0 U 18
40 1 U -1
41 1 U 40
42 0 U 17
43 1 U 42
44 1 L 13
45 0 U 44
46 1 U 45
47 1 L 5
48 1 U -1
49 0 L 20
50 1 U 27
51 1 U 50
52 0 L 45
53 1 U 20
54 1 L 52
55 1 U 54
56 1 U 41
57 1 L 56
58 1 U 57
59 1 L 56
60 0 U 35
61 1 U 60
62 1 U 61
63 1 U 62
64 1 U 48
65 0 U 10
66 1 U 65
67 1 L 47
68 0 U 67
69 0 L 6
70
0 0 L -1
1 0 U 0
2 1 U 1
3 0 L 2
4 0 L 2
5 0 U 4
6 1 U 5
7 1 U -1
8 1 U 7
9 1 L 6
10 1 U 9
11 1 U 5
12 0 L 7
13 1 U 12
14 0 U 11
15 1 U 12
16 1 U -1
17 0 L 1
18 1 L 4
19 1 U 18
20 1 U 1
21 1 U 7
22 1 U 14
23 0 L 21
24 0 U -1
25 0 U 24
26 0 U 25
27 1 U 26
28 1 U 27
29 0 U 28
30 1 U 29
31 1 U 21
32 0 U -1
33 1 U 32
34 0 U 33
35 1 L 27
36 0 U 35
37 1 U 36
38 1 U 7
39 0 U 18
40 1 U -1
41 1 U 40
42 0 U 17
43 1 U 42
44 0 U 10
45 0 U 44
46 1 U 45
47 0 U 46
48 1 U -1
49 0 L 20
50 0 L 6
51 1 U 50
52 0 L 45
53 1 U 51
54 0 L 51
55 1 U 54
56 1 U 41
57 1 L 56
58 1 U 57
59 1 L 56
60 0 U 35
61 1 U 60
62 1 U 61
63 1 U 62
64 1 U 48
65 0 U 64
66 1 U 65
67 0 L -1
68 0 U 67
69 0 L 6
70
0 1 L -1
1 0 U 0
2 1 U 1
3 0 U 2
4 0 L 2
5 0 L 2
6 1 U 5
7 1 U -1
8 1 U 7
9 1 L 6
10 1 U 9
11 1 U 5
12 0 L 7
13 1 U 12
14 0 U 11
15 1 U 12
16 1 U -1
17 1 U 16
18 1 L 4
19 1 U 18
20 0 U 19
21 1 U 7
22 1 U 15
23 0 U 22
24 0 U -1
25 0 U 24
26 0 U 25
27 1 U 26
28 1 U 27
29 0 L 16
30 1 U 29
31 1 U 21
32 0 U -1
33 1 U 32
34 0 U 33
35 1 L 27
36 0 U 35
37 1 U 36
38 0 U 37
39 0 U 18
40 1 U -1
41 1 U 40
42 0 U 17
43 1 U 42
44 0 U 10
45 0 U 44
46 1 U 45
47 0 L 28
48 1 U -1
49 0 L 20
50 1 U 27
51 1 U 50
52 0 L 45
53 1 U 51
54 0 L 51
55 1 U 54
56 1 U 41
57 1 L 56
58 1 U 57
59 1 L 56
60 0 U 35
61 1 U 60
62 1 U 61
63 1 U 62
64 1 U 48
65 0 U 29
66 1 U 65
67 0 L -1
68 0 U 67
69 0 L 6
70
0 1 L -1
1 0 U 0
2 1 U 1
3 0 U 2
4 0 L 2
5 0 U 4
6 1 U 5
7 1 U -1
8 0 L 3
9 1 L 6
10 1 U 9
11 1 U 5
12 0 L 7
13 1 U 12
14 0 U 11
15 1 U 12
16 1 U -1
17 0 U 4
18 1 L 4
19 1 U 18
20 0 U 19
21 1 U 7
22 0 U 20
23 0 U 22
24 0 U -1
25 0 U 24
26 0 U 25
27 1 U 26
28 1 U 27
29 0 U 28
30 1 U 29
31 1 U 21
32 0 U -1
33 1 U 32
34 0 U 33
35 0 U 0
36 0 U 35
37 0 L 13
38 1 U 15
39 0 U 18
40 1 U -1
41 1 U 40
42 0 U 17
43 1 U 42
44 0 U 10
45 0 U 44
46 1 U 45
47 0 U 46
48 1 U -1
49 0 L 20
50 1 U 27
51 1 U 50
52 0 L 45
53 1 L 14
54 0 L 51
55 1 U 54
56 1 U 41
57 1 L 29
58 1 U 57
59 1 L 56
60 0 U 35
61 1 U 60
62 0 U 10
63 1 U 62
64 1 U 48
65 0 U 64
66 1 U 65
67 0 L -1
68 0 U 67
69 0 L 6
70
0 1 L -1
1 0 U -1
2 1 U 1
3 1 L 1
4 0 L 2
5 0 U 4
6 1 U 5
7 1 U -1
8 1 U 7
9 1 L 6
10 1 U 9
11 1 U 5
12 0 L 7
13 1 U 12
14 0 U 11
15 1 U 12
16 1 U -1
17 1 U 16
18 1 L 4
19 1 U 18
20 0 U 19
21 1 U 7
22 1 U 14
23 0 U 22
24 0 U -1
25 0 U 24
26 0 U 25
27 1 U 26
28 1 U 27
29 0 U 28
30 1 U 29
31 1 U 21
32 0 U -1
33 1 U 32
34 0 U 33
35 1 L 27
36 0 U 35
37 1 U 36
38 0 U 37
39 0 U 18
40 1 U 21
41 1 U 40
42 0 L 19
43 1 U 42
44 0 U 10
45 0 U 44
46 1 U 45
47 0 L 14
48 1 U -1
49 0 L 20
50 1 U 27
51 1 U 50
52 0 L 45
53 1 U 28
54 0 L 51
55 1 U 54
56 1 U 41
57 1 L 56
58 1 U 57
59 1 L 56
60 0 U 46
61 1 U 60
62 1 U 61
63 0 L 6
64 1 U 48
65 0 U 64
66 1 U 65
67 0 L -1
68 0 U 67
69 0 L 6
70
0 1 L -1
1 0 U 0
2 1 U 1
3 0 U 2
4 0 L 2
5 0 U 4
6 1 U 5
7 1 U -1
8 1 L -1
9 1 L 6
10 1 U 9
11 1 U 5
12 0 L 7
13 1 U 12
14 0 U 11
15 1 U 12
16 1 U -1
17 1 U 16
18 1 L 4
19 1 U 18
20 0 U 19
21 1 U 7
22 1 U 14
23 0 U 22
24 0 U -1
25 0 U 24
26 0 U 25
27 1 U 26
28 1 U 27
29 0 U 28
30 1 U 29
31 1 U 21
32 0 U -1
33 1 U 32
34 0 U 33
35 1 L 27
36 1 U 7
37 1 U 36
38 0 U 37
39 0 U 18
40 1 U -1
41 1 U 40
42 0 U 17
43 1 U 42
44 0 U 10
45 1 U 39
46 1 U 45
47 0 U 46
48 1 U -1
49 0 L 23
50 1 U 27
51 1 U 15
52 0 L 45
53 1 U 51
54 0 L 51
55 1 U 54
56 1 U 41
57 1 L 56
58 1 U 57
59 1 L 56
60 0 U 35
61 1 U 60
62 1 U 61
63 1 U 62
64 1 U 48
65 0 U 64
66 1 U 65
67 0 L -1
68 0 U 67
69 0 L 6
70
0 1 L -1
1 0 U 0
2 1 U 1
3 0 U 2
4 0 L 2
5 0 U 4
6 1 U 5
7 0 U 3
8 1 U 7
9 1 L 6
10 1 U 9
11 1 U 5
12 0 L 7
13 1 U 12
14 0 U 11
15 1 U 12
16 0 L 15
17 1 U 16
18 0 U 9
19 1 U 18
20 0 U 19
21 1 U 7
22 1 U 14
23 0 U 22
24 0 U -1
25 0 U 24
26 0 U 25
27 1 U 26
28 1 U 27
29 0 U 28
30 1 U 29
31 1 U 21
32 0 U -1
33 1 L 25
34 1 L 16
35 1 L 27
36 0 U 35
37 0 U 19
38 0 U 37
39 0 U 18
40 1 U -1
41 1 U 40
42 0 U 17
43 1 U 42
44 0 U 10
45 0 U 44
46 1 U 45
47 0 U 46
48 1 U -1
49 0 L 20
50 1 U 27
51 1 U 50
52 0 L 45
53 1 U 51
54 0 L 51
55 1 U 54
56 0 L 22
57 1 L 56
58 1 U 57
59 1 L 56
60 0 U 35
61 1 U 60
62 1 U 61
63 1 U 62
64 1 U 48
65 0 U 64
66 1 U 65
67 0 L -1
68 0 U 67
69 0 L 6
70
0 1 L -1
1 0 U 0
2 1 U 1
3 1 L 0
4 0 L 2
5 0 U 4
6 1 U 5
7 1 U -1
8 1 U 7
9 1 L 6
10 1 U 9
11 1 U 5
12 1 U 9
13 1 U 12
14 0 U 11
15 1 U 12
16 1 U -1
17 1 U 16
18 1 L 4
19 1 U 18
20 0 U 19
21 1 U 7
22 1 U 14
23 0 U 22
24 1 L -1
25 0 U 24
26 0 U 25
27 1 U 26
28 1 U 27
29 0 U 28
30 1 U 29
31 1 U 21
32 0 U -1
33 1 U 32
34 0 U 33
35 1 L 27
36 0 U 35
37 1 U 36
38 0 L 31
39 0 U 18
40 1 U -1
41 1 U 40
42 0 U 17
43 1 U 42
44 0 U 10
45 0 U 44
46 1 L 26
47 0 U 46
48 1 U -1
49 0 L 20
50 1 U 27
51 1 U 50
52 0 L 38
53 1 U 51
54 1 U 44
55 1 U 54
56 1 U 41
57 1 L 56
58 1 U 57
59 1 L 56
60 0 U 35
61 1 U 60
62 1 U 61
63 1 U 62
64 0 U 47
65 0 U 64
66 1 U 65
67 0 L -1
68 0 U 67
69 0 L 6
70
0 1 L -1
1 0 U 0
2 1 U 1
3 0 U 2
4 0 L 2
5 0 U 4
6 0 U 1
7 1 U -1
8 1 U 7
9 1 L 6
10 1 U 9
11 0 U 1
12 0 L 7
13 1 U 12
14 0 U 11
15 1 U 12
16 1 U -1
17 1 U 16
18 1 L 4
19 1 U 18
20 0 U 19
21 1 U 7
22 1 U 14
23 0 U 22
24 0 U -1
25 0 U 24
26 0 U 25
27 1 U 2
28 1 U 27
29 0 U 28
30 1 U 29
31 1 U 21
32 0 U -1
33 1 U 6
34 0 U 33
35 1 L 27
36 0 U 35
37 1 U 36
38 0 U 25
39 0 U 18
40 1 U -1
41 1 U 40
42 0 U 17
43 1 L 36
44 1 U 0
45 0 U 44
46 1 U 45
47 1 L 35
48 1 U -1
49 0 L 20
50 1 U 27
51 1 U 50
52 0 U 34
53 1 U 51
54 0 L 51
55 1 U 54
56 1 U 41
57 1 L 3
58 1 U 57
59 1 L 56
60 0 U 35
61 1 U 60
62 1 U 61
63 1 U 62
64 1 U 48
65 0 U 64
66 1 U 65
67 0 L -1
68 0 U 67
69 0 L 6
70
0 1 L -1
1 0 U 0
2 1 U 1
3 0 U 2
4 0 L 1
5 0 U 4
6 1 L 2
7 0 L 3
8 1 L 7
9 1 L 6
10 1 U 9
11 1 U 5
12 0 L 7
13 1 U 12
14 0 U 11
15 1 U 12
16 1 U -1
17 1 U 16
18 1 L 4
19 1 U 18
20 0 U 19
21 1 U 7
22 1 U 14
23 0 U 22
24 0 U -1
25 0 U 24
26 0 U 25
27 1 L 24
28 1 U 27
29 0 U 28
30 1 U 29
31 1 U 21
32 0 U -1
33 1 U 32
34 0 U 33
35 1 L 27
36 0 U 35
37 1 U 36
38 0 U 37
39 0 U 18
40 1 U -1
41 1 U 40
42 0 U 17
43 1 U 37
44 0 U 10
45 0 U 44
46 1 U 45
47 0 U 46
48 1 U -1
49 0 L 20
50 1 U 27
51 1 U 50
52 0 L 45
53 1 U 51
54 0 L 51
55 1 U 54
56 1 U 43
57 1 L 56
58 1 U 57
59 1 L 56
60 0 U 35
61 1 U 60
62 1 U 61
63 1 U 62
64 1 U 48
65 0 U 64
66 1 U 65
67 0 L -1
68 0 U 67
69 0 L 6
70
0 0 L -1
1 0 U 0
2 1 U 1
3 0 U 2
4 0 L 2
5 0 U 4
6 1 U 5
7 1 U -1
8 1 U 7
9 1 L 6
10 1 U 9
11 1 U 5
12 0 L 7
13 1 U 12
14 0 U 11
15 1 U 12
16 1 U -1
17 1 L 7
18 1 L 4
19 1 U 18
20 0 U 19
21 1 U 7
22 1 U 14
23 0 U 22
24 0 U -1
25 0 U 24
26 0 U 25
27 1 U 26
28 1 L 1
29 0 U 28
30 1 U 29
31 1 U 21
32 0 U -1
33 1 U 32
34 0 U 33
35 1 L 27
36 0 U 35
37 1 U 36
38 0 U 37
39 0 U 18
40 1 U -1
41 1 U 40
42 0 U 17
43 1 U 42
44 0 U 10
45 0 U 44
46 1 U 45
47 0 U 46
48 1 U -1
49 0 L 20
50 1 U 27
51 1 U 50
52 0 L 45
53 0 L 12
54 0 L 51
55 1 U 54
56 1 U 41
57 1 L 56
58 1 U 57
59 1 L 56
60 0 U 35
61 1 U 60
62 1 U 61
63 1 U 62
64 1 U 48
65 0 U 64
66 1 U 65
67 0 L -1
68 0 U 67
69 0 L 6
70
0 1 L -1
1 0 U 0
2 1 U 1
3 0 U 2
4 0 L 2
5 0 U 4
6 1 U 5
7 1 U -1
8 1 U 7
9 1 L 6
10 1 U 9
11 1 U 5
12 0 L 6
13 0 L 2
14 0 U 11
15 1 L 14
16 1 U -1
17 1 U 16
18 1 U 14
19 1 U 18
20 0 U 19
21 1 U 7
22 1 U 14
23 0 U 22
24 0 U -1
25 0 U 24
26 0 U 25
27 0 L 16
28 1 U 27
29 0 U 28
30 1 U 29
31 1 U 21
32 0 U -1
33 1 U 32
34 1 U 10
35 1 L 27
36 0 U 8
37 1 U 36
38 0 U 37
39 0 U 18
40 0 L 13
41 1 U 40
42 0 U 17
43 1 U 42
44 0 U 10
45 0 U 44
46 1 U 45
47 0 U 46
48 1 U -1
49 0 L 20
50 1 U 27
51 1 U 50
52 0 L 45
53 1 U 51
54 0 L 51
55 1 U 54
56 1 U 41
57 1 L 56
58 1 U 57
59 1 L 56
60 0 U 35
61 1 U 60
62 1 U 61
63 1 U 62
64 1 U 48
65 0 U 64
66 0 U 22
67 0 L -1
68 0 U 67
69 0 L 6
70
0 1 U -1
1 0 U 0
2 1 U 1
3 0 U 2
4 0 L 2
5 0 U 4
6 1 L 3
7 1 L 3
8 1 U 7
9 1 L 6
10 1 U 9
11 1 U 5
12 0 L 7
13 1 U 12
14 0 U 11
15 1 U 12
16 1 U -1
17 1 U 16
18 1 L 4
19 1 U 18
20 0 U 19
21 1 U 7
22 1 U 14
23 0 U 22
24 0 U -1
25 0 U 24
26 0 U 25
27 1 L 16
28 1 U 27
29 0 U 28
30 1 U 29
31 1 U 21
32 0 U -1
33 0 U 22
34 0 U 33
35 1 L 27
36 0 U 35
37 1 U 36
38 0 U 37
39 0 U 18
40 1 U -1
41 1 U 40
42 0 L 36
43 1 U 42
44 0 U 10
45 0 U 44
46 1 U 45
47 0 U 46
48 1 U -1
49 0 L 20
50 1 U 27
51 1 U 50
52 0 L 45
53 1 U 51
54 0 L 51
55 1 U 54
56 1 U 41
57 1 L 56
58 1 U 57
59 1 L 56
60 0 U 35
61 1 U 60
62 1 U 61
63 1 U 62
64 1 U 48
65 0 L 51
66 1 U 65
67 0 L -1
68 0 U 67
69 0 L 6
70
0 1 L -1
1 0 U 0
2 1 U 1
3 0 U 2
4 0 L 2
5 0 U 4
6 1 U 5
7 0 U 3
8 1 U 7
9 1 L 6
10 0 U -1
11 1 U 5
12 0 L 7
13 1 U 12
14 0 U 11
15 1 U 12
16 1 U -1
17 1 U 16
18 1 L 4
19 1 U 18
20 0 U 19
21 1 U 7
22 1 U 14
23 0 U 22
24 0 U -1
25 0 U 24
26 0 U 25
27 1 U 26
28 1 U 27
29 0 U 28
30 1 U 29
31 1 U 21
32 0 U -1
33 1 U 32
34 0 U 33
35 1 L 27
36 0 U 35
37 1 U 36
38 0 U 37
39 0 U 18
40 1 U -1
41 1 U 40
42 0 U 17
43 1 U 42
44 0 U 10
45 0 L 3
46 1 U 45
47 0 U 46
48 1 U -1
49 0 L 20
50 1 U 27
51 1 U 50
52 0 L 45
53 1 U 51
54 0 L 51
55 1 L 4
56 1 U 41
57 1 L 56
58 1 U 57
59 1 L 56
60 0 U 35
61 1 U 60
62 1 U 61
63 1 U 62
64 1 U 48
65 0 U 64
66 1 L 49
67 0 L -1
68 0 U 67
69 0 L 6
70
0 1 L -1
1 0 U 0
2 1 U 1
3 0 U 2
4 0 L 2
5 0 U 4
6 1 U 5
7 1 U -1
8 1 U 7
9 0 L 7
10 1 U 9
11 1 U 5
12 0 L 7
13 1 L 1
14 0 U 11
15 1 U 12
16 1 U -1
17 1 U 16
18 1 L 4
19 1 U 18
20 0 U 19
21 1 U 7
22 1 U 14
23 0 U 22
24 0 U 6
25 0 U 24
26 0 U 25
27 1 U 26
28 1 U 27
29 0 U 28
30 1 U 29
31 1 L 0
32 0 L 18
33 1 U 32
34 0 U 33
35 1 L 27
36 0 U 35
37 1 U 36
38 0 U 37
39 0 U 18
40 1 U -1
41 1 U 40
42 0 U 17
43 1 U 21
44 0 U 10
45 0 U 44
46 1 U 45
47 0 U 46
48 1 U -1
49 0 L 20
50 1 U 27
51 1 U 50
52 0 L 45
53 1 U 51
54 0 L 51
55 1 U 54
56 1 U 41
57 1 L 56
58 1 U 57
59 1 L 56
60 0 U 35
61 1 U 60
62 1 U 61
63 1 U 62
64 1 U 48
65 0 U 64
66 0 L 1
67 1 U 50
68 0 U 67
69 0 L 4
70
0 0 U -1
1 0 U 0
2 1 U 1
3 0 U 2
4 0 L 2
5 0 U 4
6 1 U 5
7 1 U -1
8 1 U 7
9 1 L 6
10 1 U 9
11 1 U 5
12 0 L 7
13 1 U 5
14 0 U 11
15 1 U 12
16 1 U -1
17 1 U 16
18 1 L 4
19 1 U 18
20 0 U 19
21 1 U 7
22 1 U 14
23 0 U 22
24 0 U -1
25 0 U 24
26 0 U 25
27 1 U 26
28 1 U 27
29 0 U 28
30 1 U 29
31 1 U 21
32 0 U -1
33 1 U 32
34 0 U 33
35 1 L 27
36 0 U 35
37 1 U 36
38 0 U 37
39 0 U 18
40 1 U -1
41 1 U 40
42 0 U 17
43 1 U 42
44 0 U 10
45 0 U 44
46 1 U 45
47 0 U 46
48 1 U -1
49 0 L 20
50 1 U 27
51 1 U 50
52 0 L 45
53 1 U 51
54 0 L 51
55 1 U 54
56 1 U 41
57 1 L 56
58 1 U 57
59 1 L 56
60 0 U 35
61 1 U 60
62 1 U 61
63 1 U 62
64 1 L 5
65 0 U 64
66 1 U 65
67 0 L -1
68 0 U 67
69 0 L 6
70
0 1 L -1
1 0 U 0
2 1 U 1
3 0 U 2
4 0 L 2
5 1 U 3
6 1 U 5
7 1 U -1
8 1 U 7
9 1 L 6
10 1 L 5
11 1 U 5
12 0 L 7
13 1 U 12
14 0 U 11
15 1 U 12
16 1 U -1
17 1 U 7
18 1 L 4
19 1 U 18
20 0 U 19
21 0 L 8
22 1 U 14
23 0 U 22
24 0 U -1
25 0 U 24
26 0 U 25
27 1 U 26
28 1 U 27
29 0 U 28
30 1 U 29
31 1 U 21
32 0 U -1
33 1 U 32
34 0 U 33
35 1 L 27
36 0 U 35
37 1 U 36
38 0 U 12
39 0 U 18
40 1 U -1
41 1 U 40
42 0 L 27
43 1 U 42
44 0 U 10
45 0 U 44
46 1 U 45
47 0 U 46
48 1 U -1
49 0 L 28
50 1 U 27
51 1 U 50
52 0 L 45
53 1 U 51
54 0 L 51
55 1 U 54
56 1 U 41
57 1 L 56
58 1 U 57
59 1 L 56
60 0 U 35
61 1 U 60
62 0 L 0
63 1 U 51
64 1 U 48
65 0 U 64
66 1 U 65
67 0 L -1
68 0 U 67
69 0 L 6
70
0 1 L -1
1 0 U 0
2 1 U 1
3 0 U 2
4 0 L 2
5 0 U 4
6 1 U 5
7 1 U -1
8 1 U 7
9 1 L 6
10 1 U 9
11 1 U 5
12 0 L 7
13 1 U 12
14 0 U 11
15 1 U 12
16 1 U -1
17 1 U 16
18 1 L 4
19 1 U 18
20 0 U 19
21 1 U 7
22 1 U 14
23 0 U 22
24 0 U -1
25 0 U 24
26 0 U 25
27 1 U 26
28 1 U 27
29 0 U 28
30 1 U 29
31 1 U 21
32 0 U -1
33 1 U 32
34 0 U 33
35 1 L 27
36 0 U 35
37 1 U 36
38 0 U 37
39 0 U 18
40 1 U -1
41 1 U 40
42 0 U 17
43 1 U 10
44 0 U 10
45 1 L 28
46 1 U 45
47 0 U 46
48 1 U -1
49 0 L 20
50 1 U 27
51 0 U 23
52 0 L 45
53 1 U 51
54 0 L 51
55 1 U 54
56 1 U 41
57 1 L 56
58 1 U 57
59 1 L 56
60 0 U 35
61 1 U 60
62 1 U 61
63 1 U 62
64 1 U 48
65 0 U 64
66 0 U 60
67 0 L -1
68 0 U 67
69 0 L 6
70
0 1 L -1
1 0 U 0
2 1 U 1
3 0 U 2
4 0 L 2
5 0 U 4
6 0 U 5
7 1 U -1
8 1 U 7
9 1 L 6
10 1 U 9
11 1 U 5
12 0 L 7
13 1 L 6
14 0 U 11
15 1 U 12
16 1 U -1
17 1 U 16
18 1 L 4
19 1 U 18
20 0 U 19
21 1 U 7
22 1 L 9
23 0 U 22
24 0 U -1
25 1 L 23
26 0 U 25
27 1 U 26
28 1 U 27
29 0 U 28
30 1 U 26
31 1 U 21
32 0 U -1
33 1 U 32
34 0 U 33
35 1 L 27
36 0 U 35
37 1 U 36
38 0 U 5
39 0 U 18
40 1 U -1
41 1 U 40
42 0 U 17
43 1 L 14
44 0 U 10
45 1 L 17
46 1 U 45
47 0 U 46
48 1 U -1
49 1 U 19
50 1 U 27
51 1 U 50
52 1 L 47
53 1 U 51
54 0 L 51
55 1 U 54
56 1 U 41
57 1 L 56
58 1 U 57
59 1 L 56
60 0 U 35
61 1 U 60
62 1 U 61
63 1 U 62
64 1 U 48
65 0 U 64
66 1 U 65
67 0 L -1
68 0 U 67
69 0 L 6
70
0 1 L -1
1 0 U 0
2 1 U 1
3 0 U 2
4 1 U 2
5 0 L 2
6 1 U 5
7 1 U -1
8 1 U 7
9 1 L 6
10 1 U 9
11 1 U 5
12 0 L 7
13 1 U 12
14 0 U 11
15 1 U 12
16 1 U -1
17 1 U 16
18 1 L 4
19 1 U 18
20 0 U 19
21 1 U 11
22 1 U 14
23 0 U 22
24 0 U -1
25 0 U 24
26 0 U 25
27 1 U 26
28 1 U 27
29 0 L 3
30 1 U 29
31 1 U 21
32 0 U -1
33 1 U 32
34 0 U 33
35 1 L 27
36 0 U 35
37 1 U 36
38 1 U 8
39 0 U 18
40 1 U -1
41 1 U 40
42 0 U 17
43 1 U 42
44 0 U 10
45 0 U 44
46 1 U 36
47 0 U 46
48 1 U -1
49 0 L 20
50 1 U 27
51 1 U 50
52 0 L 45
53 1 U 51
54 0 L 51
55 1 U 54
56 1 U 41
57 1 L 56
58 1 U 57
59 1 L 56
60 0 U 35
61 1 U 60
62 1 U 61
63 1 U 62
64 1 U 48
65 0 U 64
66 1 U 65
67 1 U 6
68 0 U 67
69 1 U 39
70
0 1 L -1
1 0 U 0
2 1 U 1
3 0 U 2
4 0 L 2
5 0 U 4
6 1 U 5
7 1 U -1
8 1 U 2
9 1 L 6
10 1 U 9
11 1 U 5
12 0 L 7
13 1 U 12
14 0 U 11
15 1 U 12
16 1 U -1
17 1 U 16
18 1 L 4
19 1 U 18
20 0 U 19
21 1 U 7
22 1 U 14
23 1 L 8
24 0 U -1
25 0 U 24
26 0 U 25
27 1 U 26
28 1 U 27
29 0 U 28
30 1 U 7
31 1 U 21
32 0 U -1
33 1 U 32
34 0 U 33
35 1 L 27
36 0 U 35
37 1 U 36
38 0 U 37
39 0 U 18
40 1 U -1
41 1 U 40
42 0 U 17
43 1 U 42
44 0 U 10
45 0 U 44
46 1 U 45
47 1 L 44
48 1 U -1
49 0 U 23
50 1 U 27
51 1 U 50
52 0 L 45
53 1 U 51
54 0 L 51
55 1 U 54
56 0 L 41
57 1 L 56
58 1 U 57
59 0 L 53
60 1 U 31
61 1 U 60
62 1 U 61
63 1 U 62
64 1 U 48
65 0 L 56
66 1 U 65
67 0 L -1
68 0 U 67
69 0 L 31
70
0 1 L -1
1 0 U 0
2 1 U 1
3 0 U 2
4 0 L 2
5 0 U 4
6 1 U 5
7 1 U -1
8 1 U 7
9 1 L 6
10 1 U 9
11 1 U 5
12 0 L 7
13 1 U 12
14 0 U 11
15 1 U 12
16 1 U -1
17 1 U 16
18 1 L 4
19 1 U 18
20 0 U 19
21 1 U 7
22 1 U 14
23 0 U 22
24 0 U -1
25 0 U 24
26 0 U 25
27 1 U 26
28 1 U 27
29 0 U 16
30 1 U 29
31 1 U 21
32 0 U -1
33 0 L 16
34 0 U 33
35 1 L 27
36 1 L 13
37 1 U 36
38 0 U 37
39 0 U 18
40 1 U -1
41 1 U 40
42 0 U 17
43 1 U 42
44 0 U 10
45 0 U 44
46 1 U 45
47 0 U 46
48 1 U -1
49 0 L 20
50 0 U 25
51 1 U 50
52 0 L 45
53 1 U 51
54 0 L 51
55 1 U 54
56 1 U 41
57 1 L 56
58 1 U 57
59 1 L 56
60 0 U 35
61 1 U 60
62 1 U 18
63 1 U 62
64 1 U 48
65 0 U 64
66 1 U 65
67 1 L 58
68 0 U 67
69 1 L 63
70
0 1 L -1
1 0 U 0
2 1 U 1
3 0 U 2
4 0 L 2
5 0 U 4
6 1 U 5
7 1 U -1
8 1 U 7
9 1 L 6
10 1 U 9
11 1 U 5
12 0 L 7
13 1 U 12
14 0 U 11
15 1 U 5
16 1 U 8
17 1 U 16
18 1 L 4
19 1 U 18
20 0 U 19
21 1 U 7
22 1 U 14
23 0 U 22
24 0 U -1
25 0 U 24
26 0 U 25
27 1 U 26
28 1 U 27
29 0 U 28
30 1 U 29
31 1 U 21
32 0 U -1
33 1 U 32
34 0 U 33
35 1 L 27
36 0 U 35
37 0 U 24
38 0 U 37
39 0 U 18
40 1 U -1
41 1 U 40
42 0 U 17
43 1 U 42
44 0 U 10
45 0 U 44
46 1 U 45
47 0 U 46
48 1 U -1
49 0 L 20
50 1 U 27
51 1 U 50
52 0 L 45
53 1 U 51
54 1 L 4
55 1 U 54
56 1 U 41
57 1 L 56
58 1 L 5
59 1 L 56
60 0 U 35
61 1 U 60
62 1 U 61
63 1 U 62
64 1 U 48
65 0 U 64
66 1 U 65
67 0 L -1
68 0 U 67
69 0 L 6
70
0 1 L -1
1 0 U 0
2 1 U 1
3 0 L -1
4 0 L 2
5 0 U 4
6 1 U 5
7 1 U -1
8 1 U 7
9 1 L 6
10 1 U 9
11 1 U 5
12 0 L 7
13 1 U 12
14 0 U 11
15 1 U 12
16 1 U -1
17 1 U 16
18 1 L 4
19 1 U 18
20 0 U 19
21 1 U 7
22 1 U 14
23 0 U 22
24 0 U -1
25 0 U 24
26 0 U 25
27 1 L 17
28 1 U 27
29 0 U 28
30 1 U 29
31 1 U 21
32 0 U -1
33 1 U 32
34 0 U 33
35 1 L 27
36 0 U 35
37 1 U 36
38 0 U 37
39 0 U 18
40 1 L 6
41 1 U 40
42 0 U 17
43 1 U 42
44 0 U 10
45 0 U 44
46 1 U 45
47 0 U 46
48 1 U -1
49 0 L 20
50 1 U 27
51 1 U 50
52 0 L 45
53 1 U 51
54 0 L 51
55 1 U 54
56 1 U 21
57 1 L 56
58 1 U 57
59 1 L 56
60 0 U 35
61 1 U 60
62 1 U 61
63 1 U 62
64 1 U 48
65 0 U 64
66 1 U 65
67 0 L -1
68 0 U 67
69 0 U 53
70
0 1 L -1
1 0 U 0
2 1 U 1
3 0 U 2
4 0 L 2
5 0 U 4
6 1 U 5
7 1 U -1
8 1 U 7
9 1 L 6
10 1 U 9
11 1 U 5
12 0 U 6
13 1 U 12
14 0 U 11
15 1 U 12
16 1 U -1
17 1 U 16
18 1 L 4
19 1 U 18
20 0 U 19
21 1 U 7
22 1 U 14
23 0 U 22
24 0 U -1
25 0 U 24
26 0 U 25
27 1 U 26
28 1 L 14
29 0 U 28
30 1 U 29
31 1 U 21
32 0 U -1
33 1 U 32
34 0 U 33
35 1 U 11
36 0 U 35
37 1 U 36
38 0 U 37
39 1 L 9
40 1 U -1
41 1 U 40
42 0 U 17
43 1 U 42
44 0 U 10
45 1 L 7
46 0 L 44
47 0 U 46
48 1 U -1
49 1 L 28
50 1 U 27
51 1 U 50
52 0 L 45
53 1 U 51
54 0 L 51
55 1 U 54
56 1 U 1
57 1 L 56
58 1 U 57
59 1 L 56
60 0 U 35
61 0 L -1
62 1 U 61
63 1 U 62
64 1 U 48
65 0 U 64
66 1 U 65
67 0 L -1
68 0 U 67
69 0 L 6
70
0 1 L -1
1 0 U 0
2 1 U 1
3 0 U 2
4 0 L 2
5 0 U 4
6 1 U 5
7 1 U -1
8 1 U 7
9 1 L 6
10 1 U 9
11 1 U 5
12 0 L 7
13 1 U 12
14 1 U 4
15 0 U 13
16 1 U -1
17 1 U 16
18 1 L 4
19 1 U 18
20 0 U 19
21 1 U 7
22 1 U 14
23 0 U 22
24 0 U -1
25 0 U 24
26 0 U 25
27 1 U 26
28 1 U 27
29 0 U 28
30 1 U 29
31 1 U 21
32 0 U -1
33 1 U 32
34 0 U 33
35 1 L 27
36 1 U 16
37 1 U 36
38 0 U 37
39 0 U 18
40 1 U -1
41 1 U 40
42 0 U 17
43 0 U 42
44 0 U 10
45 0 U 44
46 1 U 45
47 0 U 46
48 1 U -1
49 0 L 20
50 1 U 27
51 1 U 50
52 1 U 43
53 1 U 51
54 0 L 51
55 1 U 54
56 1 U 41
57 1 L 56
58 0 U 15
59 1 L 56
60 0 U 35
61 1 U 60
62 1 U 61
63 1 U 62
64 1 U 48
65 1 U 47
66 1 U 65
67 0 L -1
68 0 U 67
69 0 L 6
70
0 1 L -1
1 0 U 0
2 1 U 1
3 0 U 2
4 0 L 2
5 0 U 4
6 1 U 5
7 1 U -1
8 1 U 7
9 1 L 6
10 1 U 9
11 1 U 5
12 0 L 7
13 1 U 12
14 0 U 11
15 1 L 13
16 1 U -1
17 1 U 16
18 1 L 4
19 1 U 18
20 0 U 19
21 1 U 7
22 1 U 14
23 0 U 22
24 0 U -1
25 0 U 24
26 0 U 25
27 1 U 26
28 1 U 27
29 0 U 28
30 1 U 29
31 1 U 21
32 0 U -1
33 1 U 18
34 0 U 28
35 1 L 27
36 0 U 35
37 1 U 36
38 1 L 3
39 0 U 18
40 1 U -1
41 1 U 40
42 0 U 17
43 1 U 42
44 0 U 10
45 0 U 44
46 1 U 45
47 0 U 46
48 1 U -1
49 0 L 20
50 1 U 27
51 1 U 50
52 1 U 50
53 1 U 51
54 0 L 51
55 1 U 54
56 1 U 41
57 0 U 42
58 1 U 57
59 1 L 56
60 0 U 35
61 1 U 60
62 1 U 61
63 1 U 62
64 1 U 48
65 0 U 64
66 1 U 65
67 0 L -1
68 0 U 67
69 0 L 6
70
0 1 L -1
1 0 U 0
2 1 U 1
3 0 U 2
4 0 L 2
5 1 L 1
6 1 U 5
7 1 U -1
8 1 U 7
9 1 L 6
10 1 U 9
11 1 U 5
12 0 L 7
13 1 U 12
14 0 U 11
15 1 U 12
16 1 U -1
17 1 U 16
18 1 L 4
19 1 U 18
20 0 U 19
21 1 U 7
22 1 U 14
23 0 U 22
24 0 U -1
25 0 U 24
26 0 U 25
27 1 U 26
28 0 U 9
29 0 U 28
30 1 U 29
31 1 U 21
32 0 U -1
33 0 U 13
34 1 L 15
35 1 L 27
36 0 U 35
37 1 U 36
38 0 U 37
39 0 U 18
40 1 U -1
41 1 U 40
42 0 U 17
43 1 U 42
44 0 U 10
45 0 U 44
46 1 U 13
47 0 U 46
48 1 U -1
49 0 L 20
50 1 U 27
51 1 U 50
52 0 L 45
53 1 U 51
54 0 L 51
55 1 U 54
56 1 U 41
57 1 L 56
58 1 U 11
59 1 L 56
60 0 U 35
61 1 U 60
62 1 U 61
63 1 U 62
64 1 U 48
65 0 U 64
66 1 U 65
67 0 L -1
68 0 U 67
69 0 L 6
70
0 1 L -1
1 0 U 0
2 1 U 1
3 0 U 2
4 0 L 2
5 0 U 4
6 1 U 5
7 1 U -1
8 1 U 7
9 1 L 6
10 1 U 9
11 1 U 5
12 0 L 7
13 1 U 12
14 0 U 11
15 1 U 12
16 1 U -1
17 0 U 0
18 1 L 4
19 1 U 18
20 0 U -1
21 1 U 7
22 1 U 14
23 0 U 22
24 1 L 19
25 0 U 24
26 0 U 25
27 1 U 26
28 1 U 27
29 0 U 28
30 1 U 29
31 1 U 21
32 0 U -1
33 1 U 32
34 0 U 33
35 1 L 27
36 0 U 35
37 1 U 36
38 0 U 37
39 0 U 18
40 1 U -1
41 1 L 40
42 0 U 17
43 1 U 42
44 0 U 10
45 0 U 44
46 1 U 45
47 1 L 37
48 1 U -1
49 0 L 20
50 1 U 27
51 1 U 50
52 0 L 45
53 1 U 41
54 0 L 51
55 1 U 54
56 1 U 41
57 1 L 56
58 1 U 57
59 1 L 56
60 0 U 35
61 1 U 60
62 1 U 61
63 1 U 62
64 1 U 48
65 0 U 64
66 1 U 65
67 0 L -1
68 0 U 67
69 0 L 6
70
0 1 L -1
1 0 U 0
2 1 U 1
3 0 U 2
4 0 L 2
5 0 U 4
6 1 U 5
7 1 U -1
8 1 U 7
9 1 L 6
10 1 U 9
11 1 U 5
12 0 L 7
13 1 U 12
14 0 U 11
15 1 U 12
16 0 L 5
17 1 U 16
18 1 L 4
19 1 U 18
20 0 U 19
21 1 U 7
22 1 U 14
23 0 U 22
24 0 L 15
25 0 U 24
26 0 U 25
27 1 U 26
28 0 U 12
29 0 U 28
30 1 U 29
31 1 U 21
32 0 U -1
33 0 U 22
34 0 U 33
35 1 L 27
36 0 U 35
37 1 U 36
38 0 U 37
39 0 U 18
40 1 U -1
41 1 U 40
42 0 U 17
43 1 U 42
44 0 U 10
45 0 U 44
46 1 U 45
47 0 U 46
48 1 U -1
49 0 L 20
50 1 L 7
51 1 U 50
52 0 L 45
53 1 U 51
54 0 L 51
55 1 U 54
56 0 L 16
57 1 L 56
58 1 U 57
59 1 L 56
60 0 U 35
61 1 U 60
62 1 U 61
63 1 U 62
64 1 U 48
65 0 U 64
66 1 U 65
67 1 U 33
68 0 U 67
69 0 L 6
70
0 1 L -1
1 0 U 0
2 1 U 1
3 0 U 2
4 0 L 2
5 0 U 4
6 1 U 5
7 1 U -1
8 1 U 7
9 1 L 6
10 1 U 9
11 1 U 5
12 0 L 7
13 1 U 12
14 0 U 11
15 1 U 12
16 1 U -1
17 1 U 16
18 0 L 10
19 1 U 18
20 0 U 19
21 1 U 7
22 1 U 14
23 0 U 22
24 1 U 8
25 0 U 24
26 0 U 25
27 1 U 26
28 1 U 27
29 0 U 28
30 1 U 29
31 1 U 21
32 0 U 17
33 1 U 32
34 0 U 33
35 1 L 27
36 0 U 35
37 1 U 36
38 0 U 37
39 0 U 18
40 1 U -1
41 1 U 40
42 0 U 17
43 1 U 42
44 0 U 10
45 0 U 44
46 1 L 42
47 0 U 46
48 1 L 13
49 0 L 20
50 1 U 27
51 1 U 50
52 0 L 45
53 1 U 51
54 0 L 51
55 1 U 54
56 1 U 41
57 1 L 56
58 1 U 57
59 1 L 56
60 0 U 35
61 1 U 60
62 1 U 61
63 1 U 62
64 1 U 48
65 0 U 64
66 1 U 65
67 0 L -1
68 0 U 67
69 1 L 3
