60
0 1 U -1
1 0 U 0
2 1 U 1
3 0 U 2
4 0 U 3
5 1 U 4
6 0 U 5
7 0 U -1
8 0 U 7
9 0 U 8
10 0 U 9
11 0 U 10
12 0 U 11
13 1 U 12
14 0 U -1
15 0 U 14
16 0 U 15
17 0 U 16
18 1 U 17
19 1 U 18
20 0 U 19
21 0 U -1
22 1 U 21
23 1 U 22
24 0 U 23
25 1 U 24
26 1 U 25
27 1 U 26
28 0 U -1
29 1 U 28
30 0 U 29
31 1 U 30
32 0 U 31
33 0 U 32
34 1 U 33
35 1 U -1
36 1 U 35
37 0 U 36
38 1 U 37
39 0 U 38
40 1 U 39
41 0 U 40
42 0 U -1
43 0 U 42
44 0 U 43
45 1 U 44
46 0 U 45
47 0 U 46
48 1 U 47
49 1 U -1
50 1 U 49
51 1 U 50
52 0 U 51
53 0 U 52
54 1 U 53
55 0 U 54
56 1 U -1
57 1 U 56
58 1 U 57
59 0 U 58
60
0 1 U -1
1 0 U 0
2 1 U 1
3 0 U 2
4 1 L -1
5 1 U 4
6 0 U 5
7 0 U -1
8 0 U 7
9 0 U 8
10 0 U 9
11 0 U 10
12 0 L 9
13 1 U 12
14 0 U -1
15 0 U 14
16 0 U 15
17 0 U 16
18 1 U 17
19 1 U 18
20 0 U 19
21 0 U -1
22 1 U 21
23 1 U 22
24 0 U 23
25 1 U 24
26 1 U 25
27 0 L 15
28 0 U -1
29 1 U 28
30 0 U 29
31 1 U 30
32 0 U 31
33 0 U 32
34 1 U 33
35 1 U -1
36 1 L 10
37 0 U 36
38 1 L 0
39 0 U 38
40 1 U 39
41 0 U 40
42 0 U -1
43 0 U 42
44 0 U 43
45 1 U 44
46 0 U 45
47 0 U 46
48 1 U 47
49 1 U -1
50 1 U 49
51 1 U 50
52 0 U 51
53 0 U 52
54 1 U 53
55 0 U 54
56 1 L 47
57 1 U 56
58 1 U 57
59 0 U 58
60
0 1 U -1
1 1 U 0
2 0 U 1
3 0 U 2
4 1 L -1
5 1 U 4
6 0 U 5
7 0 U -1
8 0 U 7
9 0 U 8
10 0 U 9
11 1 L 9
12 0 L 9
13 1 U 12
14 0 U -1
15 0 U 14
16 0 U 15
17 0 U 16
18 1 U 17
19 1 U 18
20 0 U 19
21 0 L 14
22 1 U 21
23 1 U 22
24 0 U 23
25 1 U 24
26 1 U 25
27 0 L 15
28 0 U -1
29 1 U 28
30 0 U 29
31 1 U 30
32 0 U 6
33 0 U 32
34 1 U 33
35 1 U -1
36 1 L 10
37 0 U 36
38 1 L 0
39 0 U 38
40 1 U 39
41 0 U 40
42 0 U -1
43 0 U 42
44 0 U 43
45 1 U 44
46 0 U 45
47 1 U 18
48 1 U 47
49 1 U -1
50 1 U 49
51 1 U 50
52 0 U 51
53 0 U 52
54 1 U 53
55 0 U 54
56 1 L 47
57 1 U 56
58 1 U 57
59 0 U 58
60
0 1 U -1
1 0 U 0
2 1 U 1
3 0 U 2
4 1 L -1
5 0 L 2
6 0 U 5
7 0 U -1
8 0 U 7
9 0 U 8
10 0 U 9
11 0 U 10
12 0 L 9
13 1 U 12
14 0 U -1
15 0 U 14
16 0 U 15
17 0 U 5
18 1 U 17
19 1 U 18
20 0 U 19
21 0 U -1
22 1 U 21
23 1 U 22
24 0 U 23
25 1 U 24
26 1 U 25
27 0 L 15
28 0 U -1
29 1 U 28
30 0 U 29
31 1 U 30
32 0 U 31
33 0 U 32
34 1 U 33
35 1 U -1
36 1 L 10
37 0 U 36
38 1 L 0
39 0 U 38
40 1 U 39
41 0 U 8
42 0 U -1
43 0 U 42
44 0 U 43
45 1 U 44
46 0 U 45
47 0 U 46
48 1 U 47
49 1 U -1
50 1 U 49
51 1 U 50
52 0 U 51
53 0 U 52
54 1 U 53
55 0 U 54
56 1 L 47
57 1 U 56
58 1 U 57
59 0 U 58
60
0 1 U -1
1 0 U 0
2 1 U 0
3 0 U 2
4 1 L -1
5 1 U 4
6 0 U 5
7 0 U -1
8 0 U 7
9 0 U 8
10 0 U 9
11 0 U 10
12 0 L 9
13 1 U 12
14 0 L 12
15 0 U 14
16 0 U 15
17 0 U 16
18 1 U 17
19 1 U 18
20 0 U 19
21 0 U -1
22 1 U 21
23 1 U 22
24 0 U 23
25 0 L 8
26 1 U 25
27 0 L 15
28 0 U -1
29 1 U 28
30 0 U 29
31 1 U 30
32 0 U 31
33 0 U 32
34 1 U 33
35 1 U -1
36 1 L 10
37 0 U 36
38 1 L 0
39 0 U 38
40 1 U 39
41 0 U 40
42 0 U -1
43 0 U 42
44 0 U 36
45 1 U 44
46 0 U 45
47 0 U 46
48 1 U 47
49 0 U 28
50 1 U 49
51 1 U 50
52 0 U 51
53 1 L 32
54 1 U 53
55 0 U 54
56 1 L 47
57 1 U 56
58 1 U 57
59 1 U 34
60
0 1 U -1
1 0 U 0
2 1 U 1
3 0 U 2
4 1 L -1
5 1 L 2
6 0 U 5
7 0 U -1
8 0 U 7
9 0 U 8
10 0 U 9
11 0 U 10
12 0 L 9
13 1 U 12
14 0 U -1
15 0 U 14
16 0 U 15
17 0 U 16
18 1 U 17
19 1 U 18
20 0 L 9
21 0 U -1
22 1 U 21
23 1 U 22
24 0 U 23
25 1 U 24
26 1 U 25
27 0 L 15
28 0 U -1
29 1 U 28
30 0 U 29
31 1 U 30
32 0 U 31
33 0 U 32
34 1 U 33
35 1 U -1
36 1 L 10
37 0 U 36
38 1 L 0
39 0 U 38
40 1 U 39
41 0 U 40
42 0 U -1
43 0 U 42
44 0 U 43
45 1 U 44
46 0 U 45
47 0 U 46
48 1 U 47
49 1 U -1
50 1 U 49
51 1 U 50
52 1 U 10
53 0 U 52
54 1 U 53
55 0 U 54
56 1 L 47
57 1 U 56
58 1 U 57
59 0 U 58
60
0 1 U -1
1 0 U 0
2 1 U 1
3 0 U 2
4 1 L -1
5 1 L 1
6 0 U 5
7 0 U -1
8 0 U 7
9 0 U 1
10 0 U 9
11 0 L 7
12 0 L 9
13 1 U 12
14 0 U -1
15 0 U 14
16 0 U 15
17 0 U 16
18 1 U 17
19 1 U 18
20 1 L 19
21 0 U -1
22 1 U 21
23 1 U 22
24 0 U 23
25 1 L 23
26 1 U 25
27 1 L 22
28 0 U -1
29 1 U 28
30 0 U 29
31 1 U 30
32 0 U 31
33 0 U 32
34 1 U 33
35 1 U -1
36 1 L 10
37 0 U 36
38 1 L 0
39 0 U 38
40 1 U 39
41 0 U 40
42 0 U -1
43 0 U 42
44 0 U 43
45 1 U 44
46 1 L 31
47 1 L 26
48 1 U 47
49 1 U -1
50 1 U 49
51 1 U 50
52 1 U 10
53 0 U 52
54 1 U 53
55 0 U 54
56 1 L 47
57 1 U 56
58 1 U 57
59 0 U 58
60
0 1 U -1
1 0 U 0
2 1 U 1
3 1 U 1
4 1 L -1
5 1 L 2
6 0 U 5
7 0 U -1
8 0 U 7
9 0 U 8
10 0 U 9
11 0 U 10
12 0 L 9
13 0 U 5
14 1 L -1
15 0 U 14
16 0 U 15
17 0 U 16
18 1 U 17
19 1 U 18
20 0 U 9
21 0 U -1
22 1 U 21
23 1 U 22
24 0 U 23
25 1 U 24
26 1 U 25
27 0 L 15
28 0 U 5
29 1 U 28
30 1 U 28
31 1 U 30
32 1 U 30
33 0 U 32
34 1 U 33
35 1 U -1
36 0 U 14
37 0 U 36
38 1 L 0
39 0 U 38
40 1 U 30
41 0 U 40
42 0 U -1
43 0 U 42
44 0 U 43
45 1 U 44
46 0 U 45
47 0 U 46
48 1 U 47
49 1 U -1
50 1 U 49
51 1 U 50
52 1 U 10
53 0 U 52
54 1 U 53
55 0 U 54
56 1 L 51
57 1 U 56
58 0 U 23
59 0 U 58
60
0 1 U -1
1 0 U 0
2 1 U 1
3 1 U 1
4 1 L -1
5 1 L 1
6 0 U 5
7 0 U -1
8 0 U 7
9 0 U 8
10 0 U 9
11 0 U 10
12 0 L 9
13 0 U 5
14 1 L 6
15 0 U 14
16 0 U 15
17 0 U 16
18 1 U 17
19 1 U 18
20 0 U 9
21 0 U -1
22 1 U 21
23 1 U 22
24 0 U 23
25 1 U 24
26 1 U 25
27 0 L 15
28 0 U 5
29 1 U 28
30 1 U 28
31 1 U 30
32 1 U 13
33 0 U 32
34 1 U 33
35 1 U -1
36 0 U 14
37 0 U 36
38 1 L 0
39 0 U 38
40 0 L 32
41 0 U 40
42 0 L 41
43 0 U 42
44 0 U 43
45 1 U 44
46 0 U 45
47 0 U 46
48 1 U 47
49 1 U -1
50 1 U 49
51 1 U 50
52 1 U 8
53 0 U 52
54 1 U 53
55 0 U 54
56 1 L 51
57 1 U 56
58 0 U 23
59 0 U 58
60
0 1 U -1
1 0 U 0
2 1 U 1
3 1 U 1
4 1 L -1
5 1 L 2
6 0 U 5
7 0 U -1
8 0 U 7
9 0 U 8
10 0 U 9
11 0 U 10
12 0 L 9
13 0 U 5
14 1 L -1
15 0 U 14
16 0 U 15
17 0 U 16
18 1 U 17
19 1 U 18
20 0 U 9
21 0 U -1
22 1 U 21
23 1 U 22
24 0 U 23
25 1 U 24
26 1 U 25
27 0 L 15
28 0 U 5
29 1 U 28
30 1 U 28
31 1 U 30
32 1 U 30
33 0 U 32
34 1 U 33
35 1 U -1
36 0 U 14
37 0 U 36
38 1 L 0
39 0 U 38
40 1 U 30
41 0 U 40
42 0 U -1
43 0 U 42
44 0 U 43
45 1 U 44
46 0 U 45
47 0 U 46
48 1 U 47
49 1 U -1
50 1 U 49
51 1 U 50
52 1 U 10
53 0 U 52
54 1 U 53
55 0 U 54
56 1 L 51
57 1 U 56
58 0 U 23
59 0 U 58
60
0 1 U -1
1 0 U 0
2 0 U -1
3 1 U 1
4 1 L -1
5 1 L 2
6 0 U 5
7 0 U -1
8 0 U 7
9 0 U 8
10 0 U 9
11 0 U 10
12 0 L 9
13 0 U 8
14 1 L -1
15 1 U 1
16 0 U 15
17 0 U 16
18 1 U 17
19 1 U 18
20 0 U 9
21 0 U -1
22 1 U 21
23 1 U 22
24 0 U 23
25 1 U 24
26 1 U 25
27 0 L 15
28 0 U 5
29 1 U 28
30 1 U 28
31 0 U 23
32 1 U 30
33 0 U 32
34 0 L 26
35 1 U -1
36 1 U -1
37 0 U 36
38 1 L 0
39 0 U 38
40 1 U 30
41 0 U 40
42 0 U -1
43 0 U 42
44 0 U 43
45 1 U 44
46 0 U 45
47 0 U 46
48 1 U 47
49 1 U 7
50 1 U 49
51 1 U 50
52 1 U 10
53 0 U 52
54 1 U 53
55 0 U 54
56 1 L 51
57 1 U 56
58 0 U 23
59 0 U 58
60
0 1 U -1
1 1 U -1
2 1 U 1
3 1 U 1
4 1 L -1
5 1 L 2
6 0 U 5
7 0 U -1
8 0 U 7
9 0 U 8
10 0 U 9
11 0 U 10
12 0 L 9
13 1 U -1
14 1 L -1
15 0 U 14
16 0 U 15
17 0 U 16
18 1 U 17
19 1 U 18
20 0 U 9
21 0 U -1
22 1 U 21
23 0 L 6
24 0 U 23
25 1 U 24
26 1 U 25
27 0 L 15
28 0 U 5
29 1 U 28
30 1 U 28
31 1 U 30
32 1 U 30
33 0 U 32
34 1 U 33
35 1 U -1
36 0 U 14
37 0 U 36
38 1 L 0
39 0 U 38
40 1 U 30
41 0 U 40
42 0 U -1
43 0 U 20
44 0 U 43
45 1 U 44
46 0 U 45
47 0 U 46
48 1 U 47
49 1 U -1
50 1 U 49
51 1 U 50
52 0 U 35
53 0 U 52
54 1 U 53
55 0 U 54
56 1 L 51
57 1 U 56
58 0 U 23
59 0 U 58
60
0 1 U -1
1 0 U 0
2 1 U 1
3 1 U 1
4 0 L 2
5 1 L 2
6 0 U 5
7 0 U -1
8 0 U 7
9 0 U 8
10 0 U 9
11 0 U 10
12 0 L 9
13 0 U 5
14 1 L -1
15 0 U 14
16 1 U 6
17 0 U 16
18 1 U 17
19 1 U 18
20 0 U 9
21 1 U 6
22 1 U 21
23 1 U 22
24 0 U 4
25 1 U 24
26 1 U 25
27 0 L 15
28 0 U 5
29 1 U 28
30 1 U 28
31 1 U 30
32 1 U 30
33 0 U 32
34 1 U 33
35 1 U -1
36 0 U 14
37 0 U 36
38 1 L 30
39 0 U 38
40 1 U 30
41 0 U 40
42 0 U -1
43 0 U 42
44 0 U 43
45 1 U 44
46 0 U 45
47 0 U 46
48 1 U 47
49 1 U -1
50 0 U 17
51 1 U 50
52 1 U 10
53 0 U 52
54 1 U 53
55 0 U 54
56 1 L 51
57 1 U 56
58 0 U 23
59 0 U 58
60
0 1 U -1
1 1 U -1
2 1 U 1
3 1 U -1
4 0 L 2
5 1 L 2
6 0 U 5
7 0 U -1
8 0 U 7
9 0 U 8
10 0 U 9
11 0 U 10
12 0 L 9
13 0 U 5
14 1 L -1
15 0 U 14
16 1 U 6
17 0 U 16
18 1 U 17
19 1 U 18
20 0 U 9
21 1 U 6
22 1 U 21
23 1 U 22
24 0 U 4
25 1 U 24
26 1 U 25
27 0 L 15
28 0 U 5
29 1 U 28
30 1 U 28
31 1 U 30
32 1 U 30
33 0 U 32
34 1 U 33
35 1 U -1
36 0 U 14
37 0 U 36
38 1 L 30
39 0 U 38
40 0 U 18
41 0 U 40
42 0 U -1
43 0 U 42
44 0 U 43
45 0 U 14
46 0 U 45
47 0 U 46
48 1 U 47
49 0 U 37
50 0 U 17
51 1 L 4
52 1 L 46
53 0 U 52
54 1 U 53
55 0 U 54
56 1 U 33
57 1 U 56
58 0 U 23
59 0 U 58
60
0 1 U -1
1 0 U 0
2 1 U 1
3 1 U 1
4 0 L 2
5 1 L 2
6 0 U 5
7 0 U -1
8 0 U 5
9 0 U 8
10 0 U 9
11 0 U 10
12 0 L 9
13 0 U 5
14 0 U 8
15 0 U 14
16 1 U 6
17 0 U 16
18 1 U 17
19 1 U 18
20 0 U 9
21 1 U 6
22 0 L -1
23 1 U 22
24 0 U 4
25 1 U 24
26 0 L 4
27 1 L 0
28 0 L 20
29 1 U 28
30 1 L 11
31 1 U 30
32 1 U 30
33 0 U 32
34 1 U 33
35 0 U 8
36 0 U 14
37 0 U 36
38 1 L 30
39 0 U 38
40 1 U 30
41 0 U 40
42 0 U -1
43 0 U 42
44 0 U 43
45 0 U 31
46 0 U 45
47 0 U 46
48 1 U 47
49 1 L 28
50 0 U 17
51 1 U 50
52 1 U 10
53 0 U 52
54 1 U 53
55 0 U 54
56 1 L 51
57 0 L 34
58 0 U 23
59 0 U 58
60
0 1 U -1
1 0 U 0
2 1 U 1
3 1 U 1
4 0 L 2
5 1 L 2
6 0 U 5
7 0 U -1
8 1 L 3
9 0 U 8
10 0 U 9
11 0 U 10
12 0 L 9
13 0 U 5
14 1 L -1
15 0 U 13
16 1 U 6
17 0 U 16
18 1 U 17
19 1 U 18
20 0 U 9
21 1 U 6
22 1 U 21
23 1 U 22
24 0 U 4
25 1 U 24
26 0 U 19
27 0 L 15
28 0 U 5
29 1 U 28
30 1 U 28
31 1 U 30
32 1 U 30
33 0 U 32
34 1 U 33
35 1 U -1
36 0 U 14
37 0 U 36
38 1 L 30
39 0 U 38
40 1 U 30
41 1 L 12
42 0 U -1
43 0 U 42
44 0 U 43
45 1 U 44
46 0 U 45
47 0 U 46
48 0 L 24
49 1 U -1
50 0 U 17
51 0 U 25
52 1 U 10
53 0 U 52
54 1 U 53
55 0 U 54
56 1 L 51
57 1 L 41
58 0 U 23
59 0 U 58
60
0 1 U -1
1 0 U 0
2 1 U 1
3 1 U 1
4 0 L 2
5 1 L 2
6 0 U 5
7 0 U -1
8 0 U 7
9 0 U 8
10 0 U 9
11 0 U 10
12 0 L 9
13 0 U 5
14 1 L -1
15 0 U 14
16 1 U 6
17 0 U 16
18 1 U 17
19 1 U 18
20 0 U 9
21 1 U 6
22 1 U 21
23 1 U 22
24 0 U 4
25 1 U 24
26 1 U 25
27 0 L 15
28 1 U 0
29 0 L 9
30 1 U 28
31 1 U 30
32 1 U 30
33 0 U 32
34 1 U 33
35 1 U -1
36 0 U 14
37 0 U 36
38 1 L 30
39 0 U 38
40 1 U 30
41 0 U 40
42 0 U -1
43 0 U 42
44 1 L 28
45 1 U 44
46 0 U 45
47 0 U 46
48 1 U 47
49 1 U -1
50 0 U 17
51 1 U 50
52 1 U 10
53 0 U 52
54 1 U 53
55 0 U 54
56 1 L 51
57 1 U 56
58 0 U 23
59 0 U 58
60
0 1 U -1
1 0 U 0
2 1 U 1
3 1 U 1
4 0 L 2
5 1 L 2
6 0 U 5
7 0 U -1
8 0 U 7
9 0 U 8
10 0 U 9
11 0 U 10
12 0 L 9
13 0 U 5
14 1 L -1
15 0 U 14
16 1 U 6
17 0 U 16
18 1 U 17
19 1 U 18
20 0 U 9
21 1 U 6
22 1 U 21
23 1 U 20
24 1 L 11
25 1 U 24
26 1 U 25
27 0 L 15
28 0 U 5
29 1 U 28
30 1 U 28
31 1 U 30
32 1 L 7
33 0 U 32
34 1 U 33
35 1 U -1
36 0 U 14
37 0 U 36
38 1 L 30
39 0 U 38
40 1 U 30
41 0 U 40
42 0 U -1
43 0 U 42
44 0 U 43
45 1 U 44
46 0 U 45
47 0 U 46
48 0 U 47
49 1 U -1
50 0 U 17
51 1 U 24
52 1 U 10
53 0 U 52
54 1 U 53
55 0 U 54
56 1 L 51
57 1 U 56
58 0 U 23
59 0 U 58
60
0 0 U -1
1 0 U 0
2 1 L -1
3 1 U 1
4 0 L 2
5 1 L 2
6 0 U 5
7 0 U -1
8 0 U 7
9 0 U 8
10 0 U 9
11 0 U 10
12 0 L 9
13 0 U 5
14 1 L -1
15 1 U -1
16 1 U 6
17 1 U 15
18 1 U 17
19 1 L 14
20 0 U 9
21 1 U 6
22 1 U 21
23 1 U 22
24 0 U 4
25 0 L 12
26 1 U 25
27 0 L 15
28 0 U 5
29 1 U 28
30 1 U 28
31 1 U 30
32 1 U 30
33 0 U 32
34 1 U 33
35 1 U -1
36 0 U 14
37 0 U 28
38 1 L 30
39 0 L 24
40 1 U 30
41 0 U 40
42 0 U -1
43 0 U 42
44 0 U 43
45 1 U 44
46 0 U 45
47 0 U 46
48 1 U 47
49 1 U -1
50 0 U 17
51 1 U 50
52 1 U 10
53 0 U 52
54 0 L 34
55 0 U 54
56 1 L 51
57 1 U 56
58 0 U 23
59 1 U 58
60
0 0 L -1
1 0 U 0
2 1 U 1
3 1 U 1
4 0 L 2
5 1 L 2
6 0 U 5
7 0 U -1
8 0 U 7
9 1 U 3
10 0 U 9
11 0 U 10
12 0 L 9
13 0 U 5
14 1 L -1
15 0 U 14
16 1 U 6
17 0 U 16
18 1 U 17
19 1 U 18
20 0 U 9
21 1 U 6
22 1 U 21
23 1 U 22
24 0 U 4
25 1 U 24
26 1 U 25
27 0 L 15
28 0 U 5
29 1 U 28
30 1 U 28
31 1 U 30
32 0 L 31
33 0 U 28
34 1 U 33
35 1 U -1
36 0 U 14
37 0 U 36
38 1 L 30
39 0 U 38
40 1 U 30
41 0 U 40
42 0 U -1
43 0 U 42
44 0 U 43
45 1 U 44
46 0 U 45
47 0 U 46
48 1 U 47
49 1 U -1
50 0 U 17
51 1 U 50
52 1 U 10
53 0 U 52
54 1 U 7
55 0 U 54
56 1 L 51
57 1 U 56
58 0 U 23
59 0 U 58
60
0 1 U -1
1 1 L -1
2 0 L 0
3 1 U 1
4 0 L 2
5 1 L 2
6 0 U 5
7 0 U -1
8 0 U 7
9 0 U 8
10 0 U 9
11 0 U 10
12 1 L 4
13 0 U 5
14 1 L -1
15 0 U 14
16 1 U 6
17 0 U 16
18 1 U 17
19 1 U 18
20 0 U 9
21 1 U 6
22 1 U 21
23 1 U 22
24 0 U 4
25 1 U 24
26 1 U 25
27 0 L 15
28 0 U 5
29 1 U 28
30 1 U 28
31 1 U 30
32 1 U 30
33 0 U 12
34 1 L 1
35 1 U -1
36 0 U 14
37 0 U 36
38 0 L 27
39 0 U 38
40 1 U 30
41 0 U 6
42 0 U -1
43 0 U 42
44 0 U 43
45 1 U 44
46 0 U 45
47 1 L 30
48 1 U 47
49 1 U -1
50 0 U 17
51 1 U 50
52 1 U 10
53 0 U 52
54 1 U 53
55 0 U 54
56 1 L 51
57 1 U 56
58 0 U 23
59 0 U 58
60
0 1 U -1
1 0 U 0
2 1 U 1
3 1 U 1
4 0 L 2
5 1 L 2
6 0 U 5
7 0 U -1
8 0 U 7
9 0 U 8
10 0 U 9
11 0 U 10
12 0 L 9
13 0 U 5
14 1 L -1
15 0 U 14
16 1 U 6
17 0 U 16
18 1 U 17
19 1 U 18
20 0 U 9
21 1 U 6
22 1 U 21
23 1 U 22
24 0 U 4
25 0 U 8
26 1 U 9
27 0 L 10
28 0 U 5
29 1 U 28
30 1 U 28
31 1 U 30
32 1 U 30
33 0 U 32
34 1 U 33
35 1 U -1
36 0 U 14
37 0 U 36
38 1 L 30
39 0 U 38
40 1 U 30
41 0 U 40
42 0 U -1
43 0 U 42
44 0 U 43
45 1 U 44
46 0 U 45
47 0 U 46
48 1 U 47
49 1 U -1
50 0 U 17
51 1 U 50
52 1 U 10
53 0 U 52
54 1 U 53
55 0 U 54
56 1 L 51
57 1 U 56
58 1 U 28
59 0 U 58
60
0 1 U -1
1 0 U 0
2 1 U 1
3 1 U 1
4 0 L 2
5 1 L 2
6 0 U 5
7 0 U -1
8 0 U 7
9 0 U 8
10 0 U 9
11 0 U 10
12 0 L 9
13 0 U 5
14 1 L -1
15 0 U 14
16 1 U 6
17 0 U 16
18 1 U -1
19 1 U 18
20 0 U 9
21 1 U 6
22 1 U 21
23 1 U 22
24 0 U 4
25 1 U 18
26 1 U 25
27 0 L 18
28 0 U 5
29 1 U 28
30 1 U 28
31 1 U 30
32 1 U 30
33 0 U 32
34 0 U 5
35 1 U -1
36 0 U 14
37 0 U 36
38 1 L 30
39 0 U 38
40 0 L 37
41 0 U 0
42 0 U -1
43 0 U 42
44 0 U 43
45 1 U 44
46 0 U 45
47 0 U 46
48 1 U 47
49 1 U -1
50 0 U 17
51 1 U 50
52 1 U 10
53 0 U 52
54 1 U 53
55 0 U 54
56 1 L 51
57 1 U 56
58 0 U 23
59 0 U 58
60
0 1 U -1
1 0 U 0
2 1 U 1
3 1 U 1
4 0 L 2
5 1 L 2
6 0 U 5
7 0 U -1
8 1 U -1
9 0 U 8
10 0 U 9
11 0 U 10
12 0 L 9
13 0 U 5
14 1 L -1
15 0 U 14
16 1 U 6
17 0 U 16
18 1 U 17
19 1 U 18
20 0 U 9
21 1 U 6
22 0 L 6
23 1 U 22
24 0 U 4
25 0 U 23
26 1 U 25
27 0 L 15
28 0 U 5
29 1 U 28
30 1 U 28
31 1 U 30
32 1 U 30
33 0 U 32
34 1 U 33
35 1 U -1
36 0 U 14
37 0 U 36
38 1 L 30
39 0 U 38
40 1 U 30
41 0 U 40
42 0 U -1
43 0 U 42
44 0 U 43
45 1 U 44
46 0 U 45
47 0 U 46
48 1 U 47
49 1 U -1
50 0 U 17
51 1 U 50
52 1 U 10
53 0 L 31
54 1 U 53
55 0 U 17
56 1 L 51
57 1 U 56
58 1 U 56
59 1 U 58
60
0 1 U -1
1 0 U 0
2 1 U 1
3 1 U 1
4 0 L 2
5 1 L 2
6 0 U 5
7 0 U -1
8 0 U 7
9 0 U 8
10 0 U 9
11 0 U 10
12 1 L 0
13 0 U 5
14 1 L -1
15 0 U 14
16 1 U 6
17 0 U 16
18 1 U 17
19 1 U 18
20 0 U 9
21 1 U 6
22 1 U 21
23 1 U 22
24 0 U 4
25 1 U 24
26 1 U 25
27 0 L 15
28 0 U 5
29 1 U 28
30 1 U 18
31 1 U 30
32 1 U 30
33 0 U 32
34 1 U 33
35 1 U -1
36 0 U 14
37 0 U 36
38 1 L 30
39 0 U 38
40 1 U 30
41 0 U 40
42 0 U -1
43 0 U 42
44 0 U 43
45 1 U 44
46 0 U 45
47 0 U 46
48 1 U 39
49 1 L 31
50 0 U 43
51 1 U 50
52 1 U 10
53 0 U 52
54 1 U 53
55 0 U 54
56 1 L 51
57 1 U 56
58 0 U 23
59 0 U 58
60
0 1 U -1
1 0 U 0
2 1 U 1
3 1 U 1
4 0 L 2
5 1 L 2
6 0 U 5
7 0 U -1
8 0 U 7
9 0 U 8
10 0 U 9
11 0 U 10
12 0 L 9
13 0 U 5
14 1 L -1
15 0 U 14
16 1 U 6
17 0 U 16
18 1 U 17
19 1 U 18
20 0 U 9
21 1 U 6
22 1 U 21
23 1 U 22
24 0 U 4
25 1 U 24
26 1 U 25
27 0 L 15
28 0 U 5
29 1 U 28
30 1 U 28
31 1 U 30
32 1 U 30
33 0 U 32
34 1 U 33
35 1 U -1
36 0 U 14
37 0 U 36
38 1 L 30
39 0 U 38
40 1 U 30
41 0 U 40
42 1 L 25
43 0 U 42
44 1 U 12
45 1 U 44
46 1 L 32
47 0 U 46
48 1 U 47
49 1 U -1
50 0 U 17
51 1 U 50
52 1 U 10
53 0 U 52
54 1 U 53
55 0 U 54
56 1 L 51
57 1 U 56
58 0 U 23
59 0 U 58
60
0 1 U -1
1 0 U 0
2 1 U 1
3 1 U 1
4 0 L 2
5 1 L 2
6 0 U 5
7 0 U -1
8 0 U 7
9 0 U 8
10 0 U 9
11 0 U 10
12 0 L 9
13 0 U 5
14 1 L -1
15 0 U 14
16 1 U 6
17 0 U 16
18 1 U 17
19 1 U 18
20 0 U 9
21 1 U 6
22 1 U 21
23 1 U 22
24 0 U 4
25 1 U 24
26 1 U 25
27 1 U 26
28 0 U 5
29 1 U 28
30 1 U 28
31 1 U 30
32 1 U 30
33 0 U 32
34 1 U 33
35 1 U -1
36 0 U 14
37 0 U 36
38 1 L 30
39 0 U 38
40 1 U 30
41 0 U 40
42 0 U -1
43 0 U 42
44 0 U 43
45 1 U 44
46 1 U 1
47 0 U 46
48 1 U 47
49 1 U -1
50 0 U 17
51 1 U 50
52 1 U 10
53 0 U 52
54 1 U 53
55 1 U 0
56 1 L 51
57 1 U 56
58 0 U 23
59 0 U 58
60
0 1 U -1
1 0 U 0
2 1 U 1
3 1 U 1
4 0 L 2
5 1 L 2
6 0 U 5
7 0 U -1
8 0 U 7
9 0 U 8
10 0 U 9
11 0 U 10
12 0 L 9
13 1 L 8
14 1 L -1
15 0 U 14
16 1 U 6
17 0 U 16
18 1 U 17
19 1 U 18
20 0 U 9
21 1 U 6
22 1 U 21
23 1 U 22
24 0 U 4
25 1 U 24
26 1 U 25
27 0 L 15
28 0 U 19
29 1 U 28
30 1 U 11
31 1 U 30
32 1 U 30
33 0 U 32
34 0 L 5
35 1 U -1
36 0 U 14
37 0 U 36
38 1 L 30
39 0 U 38
40 1 U 30
41 0 U 40
42 0 U -1
43 0 U 42
44 0 U 43
45 1 U 44
46 0 U 45
47 0 U 5
48 1 U 47
49 1 U -1
50 0 U 17
51 1 U 50
52 1 U 10
53 0 U -1
54 1 U 53
55 0 U 54
56 1 L 51
57 1 U 56
58 0 U 23
59 0 U 58
60
0 1 U -1
1 1 L -1
2 1 U 1
3 1 U 1
4 0 L 2
5 1 L 2
6 0 U 5
7 0 L 4
8 0 L 2
9 0 U 8
10 0 U 9
11 0 U 10
12 0 L 9
13 0 U 5
14 1 L -1
15 0 U 14
16 1 U 6
17 0 U 16
18 1 U 17
19 1 U 18
20 0 U 9
21 1 U 6
22 1 U 21
23 1 U 22
24 0 U 4
25 1 U 24
26 0 U 5
27 0 L 15
28 0 U 5
29 1 U 28
30 1 U 28
31 1 U 30
32 1 U 30
33 0 U 32
34 1 U 33
35 1 U -1
36 0 U 14
37 1 U 22
38 1 L 30
39 0 U 38
40 1 U 30
41 0 U 40
42 0 U -1
43 0 U 42
44 0 U 43
45 1 U 44
46 1 L 21
47 0 U 46
48 1 U 47
49 1 L 46
50 0 U 17
51 1 U 50
52 1 U 10
53 0 U 52
54 1 U 53
55 0 U 54
56 0 L 45
57 1 U 56
58 0 U 23
59 0 U 58
60
0 1 U -1
1 0 U 0
2 1 U 1
3 1 U 1
4 0 L 2
5 1 L 2
6 0 U 5
7 0 U -1
8 0 U 7
9 0 U 8
10 0 U 9
11 0 U 10
12 0 L 9
13 0 U 5
14 1 L -1
15 0 U 14
16 0 U 0
17 0 U 16
18 1 U 17
19 1 U 18
20 0 U 9
21 1 U 6
22 0 U 9
23 1 U 22
24 0 U 4
25 1 U 24
26 1 U -1
27 0 L 15
28 0 U 5
29 0 L 6
30 1 U 28
31 1 U 30
32 1 U 30
33 0 U 32
34 1 U 33
35 1 U -1
36 0 U 14
37 0 U 36
38 1 L 30
39 1 L 9
40 1 U 30
41 0 U 40
42 0 U -1
43 0 U 42
44 0 U 43
45 1 U 44
46 0 U 45
47 0 U 46
48 1 U 47
49 1 U -1
50 0 U 17
51 0 L 2
52 1 U 10
53 0 U 52
54 1 U 53
55 0 U 54
56 1 L 51
57 1 U 56
58 0 U 23
59 0 U 58
60
0 1 U -1
1 0 U 0
2 1 U 1
3 1 U 1
4 0 L 2
5 1 L 2
6 0 U 5
7 0 U -1
8 0 U 7
9 0 U 8
10 0 U 9
11 0 U 10
12 0 U -1
13 0 U 5
14 1 L -1
15 0 U 14
16 0 L 4
17 0 U 16
18 1 U 17
19 1 U 18
20 0 U 9
21 0 L 14
22 0 L 17
23 1 U 22
24 0 U 4
25 1 U 24
26 1 U 25
27 0 L 15
28 0 U -1
29 1 U 28
30 1 U 28
31 1 U 30
32 1 U 30
33 0 U 32
34 1 U 33
35 1 U -1
36 0 U 14
37 0 L 4
38 1 L 30
39 0 U 38
40 0 L 9
41 0 U 40
42 0 U -1
43 0 U 10
44 0 U 43
45 1 U 44
46 0 U 45
47 0 U 46
48 1 U 47
49 1 U -1
50 0 U 17
51 1 U 50
52 1 U 10
53 0 U 52
54 1 U 53
55 0 U 54
56 1 L 51
57 1 U 0
58 0 U 23
59 0 U 58
60
0 1 U -1
1 0 U 0
2 1 U 1
3 1 U 1
4 0 L 2
5 1 L 2
6 0 U 5
7 0 U -1
8 0 U 7
9 0 U 8
10 0 U 9
11 0 U 10
12 0 L 9
13 0 U 5
14 1 L -1
15 0 U 14
16 1 U 6
17 0 U 16
18 0 L 12
19 1 U 18
20 0 U 9
21 1 U 6
22 1 U 21
23 1 U 22
24 0 U 4
25 1 U 24
26 1 U 25
27 0 L 15
28 0 U 5
29 1 U 28
30 1 U 28
31 1 U 30
32 1 U 30
33 0 U 32
34 1 U 33
35 1 U -1
36 0 U 14
37 0 U 36
38 1 L 30
39 0 U 38
40 1 U 30
41 0 U 40
42 0 U 18
43 0 U 42
44 0 U 43
45 1 U 44
46 0 U 45
47 1 U 9
48 1 U 47
49 1 U -1
50 0 U 17
51 1 U 50
52 1 U 10
53 0 U 52
54 0 L 53
55 1 U 36
56 1 L 51
57 1 U 56
58 1 L 31
59 0 U 58
60
0 1 U -1
1 0 U 0
2 0 L 1
3 1 U -1
4 0 L 2
5 1 L 2
6 0 U 5
7 0 U -1
8 0 U 7
9 0 U 8
10 0 U 9
11 0 U 10
12 0 L 9
13 0 U 5
14 1 L -1
15 0 U 14
16 1 U 6
17 0 U 16
18 1 U 17
19 1 U 18
20 0 U 9
21 1 U 6
22 1 U 21
23 1 U 22
24 0 U 4
25 0 L 3
26 1 U 25
27 0 L 15
28 0 U 5
29 1 U 28
30 1 U 28
31 1 U 30
32 1 U 30
33 0 U 32
34 1 U 33
35 1 U -1
36 0 U 14
37 0 U 36
38 1 L 30
39 0 U 38
40 1 U 30
41 0 U 40
42 0 U -1
43 0 U 42
44 0 U 43
45 1 U 44
46 0 U 45
47 0 U 46
48 1 U 47
49 1 U -1
50 0 U 17
51 1 U 50
52 1 L 15
53 0 U 52
54 1 U 53
55 0 U 54
56 1 L 51
57 1 U 56
58 0 U 23
59 0 U 58
60
0 1 L -1
1 0 U 0
2 1 U 1
3 0 U 1
4 1 U -1
5 1 L 2
6 0 U 5
7 0 U -1
8 0 U 7
9 0 U 8
10 0 U 9
11 0 U 10
12 0 L 9
13 0 U 5
14 1 L -1
15 0 U 14
16 1 U 6
17 0 U 16
18 1 U 17
19 1 U 18
20 0 U 9
21 1 U 6
22 1 U 21
23 1 U 22
24 1 U 17
25 0 U 8
26 1 U 25
27 0 L 15
28 0 U 5
29 1 U 28
30 1 U 28
31 1 U 30
32 1 U 30
33 0 U 32
34 1 U 33
35 1 L 5
36 1 L 6
37 0 U 36
38 1 L 30
39 0 U 38
40 0 L 33
41 0 U 40
42 0 U -1
43 0 U 42
44 1 L 6
45 1 U 44
46 0 U 45
47 0 U 46
48 1 U 47
49 1 U -1
50 0 U 17
51 1 U 50
52 1 L 29
53 0 U 52
54 1 U 53
55 0 U 54
56 1 L 51
57 1 U 56
58 0 U 23
59 0 U 58
60
0 0 U -1
1 0 U 0
2 1 L 1
3 1 U 1
4 0 L 2
5 1 L 2
6 0 U 5
7 0 U -1
8 0 U 7
9 0 U 6
10 0 U 9
11 0 U 10
12 0 L 9
13 0 U 10
14 1 L -1
15 0 U 14
16 1 U 6
17 0 U 16
18 1 U 17
19 1 U 18
20 0 U 9
21 1 U 6
22 1 U 21
23 1 U 22
24 1 L 14
25 1 U 24
26 1 U 25
27 0 L 15
28 0 U 5
29 0 L 11
30 1 U 28
31 1 L 6
32 1 U 30
33 0 U 32
34 1 U 33
35 1 U -1
36 0 U 14
37 0 U 36
38 1 L 30
39 0 U 38
40 1 U 30
41 0 U 40
42 1 U 9
43 0 U 42
44 0 U 43
45 1 U 44
46 0 U 45
47 0 U 46
48 0 U -1
49 1 U -1
50 0 U 17
51 1 U 50
52 1 U 10
53 0 U 52
54 1 U 53
55 0 U 54
56 1 L 51
57 1 U 56
58 0 U 23
59 0 U 58
60
0 1 U -1
1 0 U 0
2 1 U 1
3 1 L 0
4 0 L 2
5 1 L 2
6 0 U 5
7 0 U -1
8 0 U 7
9 0 U 8
10 0 U 9
11 0 U 10
12 0 L 9
13 0 U 5
14 1 L -1
15 0 U 14
16 1 U 6
17 0 U 16
18 1 U 17
19 1 U 18
20 0 U 9
21 1 U 8
22 1 U 21
23 1 U 22
24 0 U -1
25 1 U 24
26 1 U 25
27 0 L 15
28 0 U 5
29 1 U 28
30 1 U 28
31 1 U 30
32 1 U 30
33 0 U 32
34 1 U 31
35 1 U -1
36 0 U 14
37 0 U 36
38 1 L 30
39 0 U 38
40 1 U 30
41 0 U 3
42 1 U 25
43 0 U 42
44 0 L 18
45 1 U 44
46 1 L 16
47 0 U 46
48 1 U 47
49 1 U -1
50 0 U 17
51 1 U 50
52 1 U 10
53 0 U 52
54 1 U 53
55 0 U 54
56 1 L 51
57 1 U 56
58 0 U 23
59 0 U 58
60
0 1 U -1
1 0 U 0
2 1 U 1
3 1 U 1
4 0 L 2
5 1 L 2
6 0 U 5
7 0 U -1
8 0 L 7
9 0 U 8
10 1 U 0
11 0 U 10
12 0 L 9
13 0 U 5
14 1 L -1
15 0 U 14
16 1 U 6
17 0 U 16
18 1 U 17
19 1 U 18
20 0 U 9
21 1 U 6
22 1 U 21
23 1 U 22
24 0 U 4
25 1 U 24
26 1 U 25
27 0 L 15
28 0 U 5
29 1 U 28
30 1 U 28
31 1 U 30
32 1 U 30
33 0 U 32
34 1 U 33
35 1 L 32
36 0 U 14
37 0 U 36
38 0 U 7
39 0 U 38
40 1 U 30
41 0 U 40
42 0 L 3
43 0 U 42
44 0 U 43
45 1 U 27
46 0 U 45
47 0 U 46
48 1 U 47
49 1 U -1
50 0 U 17
51 1 L 1
52 0 L 19
53 0 U 52
54 1 L 35
55 0 U 54
56 0 U 25
57 1 U 56
58 0 U 23
59 1 U 12
60
0 1 U -1
1 0 U 0
2 1 U 1
3 1 U 1
4 0 U 1
5 1 L 2
6 0 U 5
7 0 U -1
8 0 U 7
9 0 U 8
10 0 U 9
11 0 U 10
12 0 L 9
13 0 U 5
14 1 L -1
15 0 U 14
16 1 U 6
17 0 U 16
18 1 U 17
19 1 U 18
20 0 U 9
21 1 U 6
22 1 U 21
23 1 U 22
24 0 U 4
25 0 L 5
26 1 U 25
27 0 L 15
28 0 U 5
29 1 U 28
30 1 U 28
31 1 U 30
32 1 U 30
33 0 U 32
34 1 U 33
35 1 U -1
36 0 U 14
37 0 U 36
38 1 L 30
39 0 U 38
40 1 U 30
41 0 U 40
42 0 U -1
43 0 U 42
44 0 U 43
45 0 L 20
46 0 U 45
47 0 U 46
48 1 U 47
49 1 U -1
50 1 L 30
51 1 U 50
52 1 U 10
53 0 U 52
54 1 U 53
55 0 U 54
56 1 L 51
57 1 U 56
58 0 U 23
59 0 U 58
60
0 1 U -1
1 0 U 0
2 1 U 1
3 1 U 1
4 0 L 2
5 1 L 2
6 0 U 5
7 0 U -1
8 0 U 7
9 0 U 8
10 0 U 9
11 0 L 5
12 0 L 9
13 0 U 5
14 1 L -1
15 0 U 14
16 1 U 6
17 0 U 16
18 1 U 17
19 1 U 18
20 0 U 9
21 1 U 6
22 1 U 21
23 1 U 22
24 0 U 4
25 1 U 24
26 1 U 25
27 0 L 15
28 0 U 5
29 1 U 28
30 1 U 28
31 1 U 30
32 1 U 30
33 0 U 32
34 1 U 33
35 1 U -1
36 0 U 14
37 0 U 36
38 1 L 30
39 0 U 38
40 1 U 30
41 0 U 40
42 0 U -1
43 0 U 42
44 0 U 43
45 1 U 44
46 0 U 45
47 0 U 46
48 1 U 47
49 1 U -1
50 0 U 17
51 1 U 50
52 1 U 10
53 0 U -1
54 1 U 53
55 1 L 7
56 1 L 51
57 1 U 56
58 0 U 23
59 0 U 58
60
0 1 L -1
1 0 U 0
2 1 U 1
3 1 U 1
4 0 L 2
5 1 L 2
6 0 U 5
7 0 U -1
8 0 U 3
9 0 U 8
10 0 U 9
11 0 U 10
12 0 L 9
13 0 L 8
14 1 U 2
15 0 U 14
16 1 U 6
17 0 U 16
18 1 U 17
19 1 U 18
20 0 U 9
21 1 U 6
22 1 U 21
23 1 U 22
24 0 U 4
25 1 U 24
26 1 U 25
27 0 L 15
28 0 U 5
29 1 U 28
30 1 U 28
31 1 U 30
32 0 L -1
33 0 U 32
34 1 U 33
35 1 U -1
36 0 L 0
37 0 U 36
38 1 L 30
39 0 U 38
40 1 U 30
41 0 U 40
42 0 U -1
43 0 U 42
44 0 U 24
45 1 U 44
46 0 U 45
47 0 U 46
48 1 U 47
49 1 U -1
50 0 U 17
51 1 U 50
52 1 U 15
53 0 U 52
54 1 U 53
55 0 U 54
56 1 L 51
57 1 U 56
58 0 U 23
59 0 U 58
60
0 1 U -1
1 1 U 0
2 1 U 1
3 1 U 1
4 0 L 2
5 1 L 2
6 0 L 2
7 0 U -1
8 0 U 7
9 0 U 8
10 0 U 9
11 0 L 3
12 0 L 9
13 0 U 5
14 1 L -1
15 0 U 14
16 1 U 6
17 0 U 16
18 1 U 17
19 1 U 18
20 0 U 9
21 1 U 6
22 1 U 21
23 1 U 22
24 0 U 4
25 1 U 24
26 1 U 25
27 0 L 15
28 0 U 5
29 1 U 24
30 0 U -1
31 1 U 30
32 1 U 30
33 0 U 32
34 0 U 22
35 1 U -1
36 0 U 14
37 0 U 36
38 1 L 30
39 0 L 2
40 1 U 30
41 0 U 40
42 0 U -1
43 0 U 42
44 0 U 43
45 1 U 44
46 0 U 45
47 0 U 46
48 1 U 47
49 1 U -1
50 0 U 17
51 1 U 50
52 1 U 10
53 0 U 52
54 1 U 53
55 1 L 48
56 1 L 51
57 1 U 56
58 0 U 23
59 0 U 58
60
0 1 U -1
1 0 U 0
2 1 U 1
3 1 U 1
4 0 L 2
5 1 L 2
6 1 U 0
7 0 U -1
8 0 U 7
9 0 U 8
10 0 U 9
11 0 U 10
12 0 L 9
13 0 U 5
14 1 L -1
15 0 U 14
16 1 U 6
17 0 U 16
18 1 U 17
19 1 U 18
20 0 U 9
21 1 U 6
22 1 U 21
23 1 U 22
24 0 U 4
25 1 U 24
26 1 U 25
27 0 L 15
28 0 U 5
29 1 U 28
30 1 U 28
31 1 U 30
32 1 U 30
33 1 L 6
34 1 U 33
35 1 U -1
36 0 U 14
37 0 U 36
38 1 L 30
39 0 U 38
40 1 U 30
41 0 U 40
42 0 U -1
43 0 U 42
44 0 U 43
45 1 U 44
46 0 U 45
47 0 U 46
48 0 L 13
49 1 U -1
50 0 U 17
51 0 L 45
52 1 U 10
53 0 U 52
54 1 U 16
55 0 U 54
56 1 L 51
57 1 U 56
58 0 U 23
59 0 U 58
60
0 1 U -1
1 0 U 0
2 1 U 1
3 0 U 2
4 0 L 2
5 1 L 2
6 0 U 5
7 0 U -1
8 0 U 7
9 0 U 8
10 0 U 9
11 0 U 10
12 1 L 0
13 0 U 5
14 1 L -1
15 0 U 14
16 1 U 6
17 0 U 16
18 1 U 17
19 1 U 18
20 0 U 9
21 1 U 6
22 1 U 21
23 1 U 22
24 0 U 4
25 0 U 8
26 1 U 25
27 0 L 15
28 0 U 5
29 1 U 28
30 1 U 28
31 1 U 30
32 1 U 30
33 1 L 1
34 1 U 33
35 1 U -1
36 0 U 14
37 1 L 22
38 1 L 30
39 0 U 38
40 1 U 30
41 0 U 40
42 0 U -1
43 0 U 42
44 0 U 43
45 1 L 39
46 0 U 45
47 0 U 46
48 1 U 47
49 1 U -1
50 0 U 17
51 1 U 50
52 1 U 10
53 0 U 52
54 1 U 53
55 0 U 54
56 1 L 51
57 1 U 56
58 0 U 23
59 0 U 58
60
0 0 U -1
1 0 U 0
2 1 U 1
3 1 U 1
4 0 L 2
5 1 L 2
6 0 U 5
7 0 U -1
8 0 U 7
9 0 U 8
10 0 U 9
11 0 U 10
12 0 L 9
13 0 U 5
14 1 L -1
15 0 U 14
16 1 U 6
17 0 U 16
18 1 U 17
19 1 U 18
20 0 U 9
21 1 U 6
22 1 U 21
23 1 U 22
24 0 U 4
25 1 U 24
26 1 U 25
27 0 L 15
28 0 U 5
29 1 U 28
30 1 U 28
31 1 U 30
32 1 U 30
33 0 L 10
34 1 U 16
35 1 U -1
36 0 U 14
37 0 U 36
38 1 L 30
39 0 U 38
40 1 U 30
41 0 U 40
42 0 U -1
43 0 U 42
44 0 U 43
45 1 U 44
46 0 U 6
47 0 U 46
48 1 U 47
49 1 U -1
50 0 U 17
51 1 U 50
52 1 U 10
53 0 U 52
54 1 U 53
55 0 U 54
56 1 L 51
57 1 U 56
58 1 L 7
59 0 U 58
60
0 1 U -1
1 0 U 0
2 0 L -1
3 1 U 1
4 0 L 2
5 1 L 2
6 0 U 5
7 0 U -1
8 0 U 7
9 0 U 8
10 0 U 9
11 0 U 10
12 0 L 9
13 0 U 5
14 1 L -1
15 0 U 14
16 1 U 6
17 0 U 16
18 1 U 17
19 1 U 0
20 0 U 9
21 1 U 6
22 1 U 21
23 1 U 22
24 0 U 4
25 1 U 6
26 0 U 0
27 0 L 15
28 0 U 5
29 1 U 28
30 1 U 28
31 1 U 30
32 1 U 30
33 0 U 32
34 1 U 33
35 1 U -1
36 0 U 14
37 0 U 36
38 1 L 30
39 0 U 38
40 1 U 30
41 0 U 40
42 0 L 20
43 0 U 42
44 0 U 43
45 1 U 44
46 0 U 45
47 0 U 46
48 0 L 42
49 1 U -1
50 0 U 17
51 1 U 50
52 1 U 10
53 0 U 52
54 1 U 53
55 0 U 54
56 1 L 51
57 1 U 56
58 0 U 23
59 1 U 37
60
0 1 U -1
1 0 U 0
2 1 U 1
3 1 U 1
4 0 L 2
5 1 L 2
6 0 U 5
7 0 U -1
8 0 U 7
9 0 U 8
10 0 L 6
11 0 U 10
12 0 L 9
13 0 U 5
14 1 L -1
15 0 U 14
16 1 U 6
17 0 U 16
18 1 U 17
19 1 U 18
20 0 U 9
21 1 U 6
22 1 U 21
23 1 U 22
24 0 U 4
25 1 L 2
26 1 U 25
27 1 L 18
28 0 U 5
29 1 U 28
30 1 U 28
31 1 U 30
32 1 U 30
33 0 U 32
34 1 U 33
35 1 U -1
36 0 U 14
37 0 U 36
38 1 L 30
39 0 U 38
40 1 U 30
41 0 U 40
42 0 U -1
43 0 U 42
44 0 U 43
45 1 U 44
46 0 U 45
47 0 U 46
48 0 L 11
49 1 U -1
50 0 U 17
51 1 U 50
52 1 U 10
53 1 U 50
54 1 U 53
55 0 U 54
56 1 L 51
57 1 U 56
58 0 U 23
59 0 U 58
60
0 1 U -1
1 0 U 0
2 1 U 1
3 1 U 1
4 0 L 2
5 1 L 2
6 0 U 5
7 0 U -1
8 0 U 7
9 0 U 8
10 0 U 9
11 0 U 10
12 0 L 9
13 0 U 5
14 1 L -1
15 0 U 14
16 1 U 6
17 0 U 16
18 1 U 17
19 1 U 18
20 0 U 9
21 1 U 6
22 1 L 8
23 1 U 22
24 0 U 4
25 1 U 24
26 1 U 25
27 0 L 15
28 0 U 5
29 1 U 28
30 0 U 11
31 1 U 30
32 1 U 30
33 0 U 32
34 1 U 33
35 0 U 19
36 0 U 15
37 0 U 36
38 1 L 30
39 0 U 38
40 1 U 30
41 0 U 40
42 0 U -1
43 0 U 42
44 0 U 43
45 0 L 33
46 0 U 45
47 0 U 46
48 1 U 47
49 1 U -1
50 0 U 17
51 1 U 50
52 1 U 10
53 0 U 52
54 1 U 53
55 0 U 54
56 1 L 51
57 1 U 56
58 0 U 23
59 0 U 58
60
0 1 U -1
1 0 U 0
2 1 U 1
3 1 U 1
4 0 U 3
5 0 U 0
6 0 U 5
7 0 U -1
8 0 U 7
9 1 L 3
10 0 U 9
11 0 U 10
12 0 L 9
13 0 L 11
14 1 L -1
15 0 U 14
16 1 U 6
17 0 U 16
18 1 U 17
19 1 U 18
20 0 U 9
21 1 U 6
22 1 U 21
23 1 U 22
24 0 U 4
25 1 U 24
26 1 U 25
27 0 L 15
28 0 U 5
29 0 U 11
30 1 U 28
31 1 U 30
32 1 U 30
33 0 U 32
34 1 U 33
35 1 U -1
36 0 U 14
37 0 U 24
38 1 L 30
39 0 U 38
40 1 U 30
41 0 U 40
42 0 U -1
43 0 U 42
44 0 U 43
45 1 U 44
46 0 U 45
47 0 U 41
48 1 U 47
49 1 U 9
50 0 U 17
51 1 L 35
52 1 U 10
53 0 U 52
54 0 L 3
55 0 U 54
56 1 L 51
57 1 U 56
58 0 U 23
59 0 U 58
60
0 1 U -1
1 0 U 0
2 1 U 1
3 1 U 1
4 0 L 2
5 1 L 2
6 0 U 5
7 0 U -1
8 0 U 7
9 0 U 8
10 0 U 9
11 0 U 10
12 0 L 9
13 0 U 5
14 1 L -1
15 0 U 14
16 1 U 13
17 0 U 8
18 1 U 17
19 1 U 18
20 0 U 9
21 1 U 6
22 1 U 21
23 1 U 22
24 0 U 4
25 1 U 24
26 1 U 25
27 0 L 15
28 0 U 5
29 1 U 28
30 1 U 28
31 1 U 30
32 1 U 30
33 0 U 32
34 1 U 33
35 1 U -1
36 0 U 14
37 0 U 36
38 1 L 30
39 0 U 38
40 1 U 30
41 0 U 40
42 0 U -1
43 0 U 42
44 1 L 29
45 1 U 44
46 0 U 45
47 0 U 46
48 1 U 47
49 1 U -1
50 0 U 17
51 1 U 50
52 1 U 10
53 0 L 5
54 1 U 53
55 0 U 54
56 1 L 51
57 1 U 56
58 0 U 23
59 0 U 58
60
0 1 U -1
1 0 U 0
2 1 U 1
3 1 U 1
4 0 L 2
5 1 L 2
6 0 U 5
7 0 U -1
8 0 U 7
9 0 U 8
10 0 U 9
11 0 U 10
12 0 L 9
13 0 U 5
14 1 U 3
15 0 U 14
16 1 L 8
17 0 U 16
18 0 U 9
19 1 U 18
20 0 U 9
21 1 U 6
22 0 U 19
23 0 L 6
24 0 U 4
25 1 U 24
26 1 U 25
27 0 L 15
28 0 U 5
29 1 U 28
30 1 U 28
31 1 U 30
32 1 U 30
33 0 U 32
34 1 U 33
35 1 U -1
36 0 U 14
37 0 U 36
38 1 L 30
39 0 U 38
40 1 U 30
41 0 U 40
42 0 U -1
43 0 U 42
44 0 U 43
45 1 U 44
46 1 U 22
47 0 U 46
48 1 U 47
49 1 U -1
50 0 U 17
51 1 U 50
52 1 U 10
53 0 U 52
54 1 U 53
55 0 U 54
56 1 L 51
57 1 U 56
58 0 U 23
59 0 U 58
60
0 1 U -1
1 0 U 0
2 1 U 1
3 1 U 1
4 0 L 2
5 1 L 2
6 0 U 5
7 0 U -1
8 0 U 7
9 0 U 8
10 0 U 9
11 0 U 2
12 0 L 9
13 0 U 5
14 1 L -1
15 0 U 14
16 1 U 7
17 0 U 16
18 1 U 17
19 1 U 18
20 0 U 9
21 0 L 8
22 1 U 21
23 1 U 22
24 0 U 4
25 1 U 24
26 1 U 25
27 0 L 15
28 1 U 7
29 1 U 28
30 1 U 28
31 1 U 25
32 1 U 30
33 0 U 32
34 1 U 4
35 1 U -1
36 0 U 14
37 0 U 36
38 1 L 30
39 0 U 38
40 1 U 30
41 0 U 40
42 0 U -1
43 0 U 42
44 0 U 43
45 1 U 44
46 0 U 45
47 0 U 46
48 1 U 47
49 1 U -1
50 0 L 41
51 0 L 20
52 1 U 10
53 0 U 52
54 0 L 39
55 0 U 54
56 1 L 51
57 1 U 56
58 0 U 23
59 0 U 58
60
0 1 U -1
1 0 U 0
2 1 U 1
3 1 U 1
4 0 L 2
5 1 L 2
6 0 U 5
7 0 U -1
8 0 U 7
9 0 U 8
10 0 U 9
11 0 U 10
12 0 L 9
13 0 U 5
14 1 L -1
15 1 U -1
16 1 U 6
17 0 U 16
18 1 U 17
19 1 U 18
20 0 U 9
21 1 U 6
22 1 U 21
23 1 U 22
24 0 U 4
25 1 U 24
26 1 U 25
27 0 L 15
28 1 U 24
29 1 U 28
30 1 U 28
31 1 U 30
32 1 U 30
33 0 U 32
34 1 U 33
35 0 L 5
36 0 U 14
37 0 U 36
38 1 L 30
39 0 U 38
40 1 U 30
41 0 U 40
42 0 U -1
43 0 U 42
44 0 U 43
45 0 U 42
46 1 L 40
47 0 U 46
48 1 U 47
49 1 U -1
50 0 L 16
51 0 U 44
52 1 L 16
53 0 U 52
54 1 U 53
55 1 U 52
56 1 L 51
57 1 U 56
58 0 U 55
59 0 U 58
60
0 1 U -1
1 0 U 0
2 1 U 1
3 1 U 1
4 0 L 2
5 1 L 2
6 0 U 5
7 0 U 1
8 0 U 7
9 0 U 8
10 0 U 9
11 0 U 10
12 0 L 9
13 0 U 5
14 1 L -1
15 0 U 14
16 1 U 6
17 0 U 16
18 1 U 17
19 1 U 18
20 0 U 9
21 1 U 6
22 0 L 11
23 1 U 22
24 0 U 4
25 1 U 24
26 1 U 25
27 0 L 15
28 0 U 5
29 1 U 28
30 1 U 28
31 1 L 15
32 1 U 30
33 0 L 21
34 1 U 33
35 1 U -1
36 0 U 14
37 0 U 36
38 0 L 32
39 0 U 38
40 1 U 30
41 0 U 40
42 0 U -1
43 0 U 42
44 0 U 43
45 1 U 44
46 0 U 45
47 0 U 46
48 1 U 47
49 1 U -1
50 0 U 17
51 1 L 31
52 1 U 10
53 0 U 52
54 1 U 53
55 0 U 54
56 1 L 51
57 1 U 56
58 0 U 29
59 0 L 26
60
0 1 U -1
1 0 U 0
2 1 U 1
3 1 U 1
4 0 L 2
5 1 L 2
6 0 U 5
7 0 U -1
8 0 U 7
9 0 U 8
10 0 U 9
11 0 U 10
12 0 L 9
13 0 U 5
14 1 L 6
15 0 U 14
16 0 U 4
17 0 U 16
18 1 U 17
19 1 U 18
20 0 U 9
21 1 U 6
22 1 U 21
23 1 U 22
24 0 U 4
25 1 U 24
26 1 U 25
27 0 L 15
28 0 U 5
29 1 U 28
30 1 U 28
31 1 U 30
32 1 U 30
33 0 U 32
34 1 U 33
35 0 U 7
36 0 U 14
37 0 U 36
38 1 L 30
39 0 U 38
40 1 U 30
41 0 U 40
42 0 U -1
43 0 U 42
44 0 U 23
45 1 U 44
46 0 U 45
47 0 U 46
48 1 U 47
49 1 U -1
50 0 U 17
51 1 U 50
52 1 U 28
53 0 U 52
54 1 U 53
55 0 U 54
56 1 L 51
57 1 U 56
58 1 U 1
59 0 U 58
60
0 1 U -1
1 0 U 0
2 1 U 1
3 1 U 1
4 0 L 2
5 1 L 2
6 0 U 5
7 0 U -1
8 0 U 7
9 0 U 8
10 0 U 9
11 0 L 0
12 0 L 9
13 0 U 5
14 1 L -1
15 0 U 14
16 1 U 6
17 0 U 16
18 1 U 17
19 1 U 18
20 0 U 9
21 1 U 6
22 1 U 21
23 1 U 22
24 0 U 4
25 1 U 24
26 1 U 25
27 0 L 15
28 0 U 5
29 1 U 28
30 1 U 28
31 1 U 30
32 1 U 30
33 0 U 32
34 1 U 33
35 1 U -1
36 0 U 14
37 0 U 36
38 1 L 30
39 0 U 38
40 1 U 30
41 0 U 40
42 0 U -1
43 0 U 42
44 0 U 43
45 1 U 44
46 0 U 45
47 1 L 18
48 1 U 47
49 1 U -1
50 0 U 17
51 1 U 47
52 1 U 10
53 0 U 52
54 1 U 53
55 0 U 54
56 1 L 51
57 1 U 56
58 0 U 23
59 0 U 58
60
0 1 U -1
1 0 U 0
2 1 U 1
3 1 L 2
4 0 L 2
5 1 L 2
6 0 U 5
7 0 U -1
8 1 L 1
9 0 U 8
10 0 U 9
11 0 U 10
12 0 L 9
13 0 U 5
14 1 L -1
15 0 U 14
16 1 U 6
17 0 U 16
18 1 U 17
19 1 U 18
20 0 U 9
21 1 U 6
22 1 U 21
23 1 L 0
24 0 U 4
25 1 U 24
26 1 U 25
27 0 L 15
28 0 U 5
29 1 U 28
30 1 U 28
31 1 U 30
32 1 U 30
33 0 U 32
34 1 U 33
35 1 U -1
36 0 U 14
37 0 U 36
38 1 L 30
39 0 U 38
40 1 U 30
41 0 U 40
42 0 U -1
43 0 U 42
44 0 U 43
45 1 U 44
46 0 U 45
47 0 U 46
48 1 U 47
49 1 L 38
50 1 U 45
51 1 U 50
52 1 U 10
53 0 U 52
54 1 L 35
55 0 U 54
56 1 L 51
57 1 U 56
58 0 U 23
59 0 U 58
60
0 1 U -1
1 0 U 0
2 1 U 1
3 1 U 1
4 0 L 2
5 1 L 2
6 0 U 5
7 0 U -1
8 0 U 7
9 0 U 8
10 0 U 9
11 0 U 10
12 0 L 9
13 0 U 5
14 1 L -1
15 0 U 14
16 1 U 6
17 1 U 14
18 1 U 17
19 1 U 18
20 0 U 14
21 1 U 6
22 1 U 21
23 1 U 22
24 0 U 4
25 1 U 24
26 1 U 25
27 0 L 15
28 0 U 5
29 1 U 28
30 1 U 28
31 1 U 30
32 1 U 30
33 0 U 32
34 1 U 33
35 1 U -1
36 0 U 14
37 0 U 36
38 1 L 30
39 1 L 30
40 1 L 11
41 0 U 40
42 0 U -1
43 0 U 42
44 0 U 43
45 1 U 44
46 0 U 45
47 0 U 46
48 0 L 14
49 1 U -1
50 0 U 17
51 1 U 50
52 1 U 10
53 0 L 2
54 1 U 53
55 0 U 54
56 1 L 51
57 1 U 56
58 0 U 23
59 0 U 58
60
0 1 U -1
1 0 U 0
2 1 U 1
3 0 L 1
4 0 L 2
5 1 L 2
6 0 U 5
7 0 U -1
8 0 U 7
9 0 U 8
10 0 U 9
11 0 U 10
12 0 L 9
13 0 U 5
14 1 L -1
15 0 U 14
16 1 U 6
17 1 U 9
18 1 U 17
19 1 U 18
20 0 U 9
21 1 U 6
22 0 U 10
23 1 U 22
24 0 U 4
25 1 U 24
26 1 U 25
27 0 L 15
28 0 U 5
29 1 U 28
30 1 U 28
31 1 U 30
32 1 U 30
33 0 U 32
34 1 U 33
35 1 U -1
36 0 U 14
37 0 U 36
38 1 L 30
39 0 U 38
40 1 U 30
41 0 U 40
42 0 U -1
43 0 U 42
44 0 U 43
45 1 L 24
46 0 U 45
47 0 U 46
48 1 U 47
49 1 U -1
50 0 U 17
51 1 U 50
52 1 U 10
53 0 U 52
54 1 U 53
55 0 U 54
56 1 L 51
57 1 U 56
58 0 U 23
59 1 L 30
60
0 1 U -1
1 0 U 0
2 1 U 0
3 1 U 1
4 0 L 2
5 1 L 2
6 0 U 5
7 0 U -1
8 0 U 7
9 0 U 8
10 0 U 3
11 0 U 10
12 0 U 8
13 0 U 5
14 1 L -1
15 1 L 3
16 1 U 6
17 0 U 16
18 1 U 17
19 1 U 18
20 1 L 3
21 1 U 6
22 1 U 21
23 1 U 22
24 1 U 3
25 1 U 24
26 1 U 25
27 0 L 15
28 0 U 5
29 1 U 28
30 0 L 4
31 1 U 30
32 1 U 30
33 0 U 32
34 1 U 33
35 1 U -1
36 0 U 14
37 0 U 36
38 1 L 30
39 0 U 38
40 1 U 30
41 0 U 39
42 0 U -1
43 0 U 42
44 0 U 43
45 1 U 44
46 0 U 45
47 0 U 46
48 1 U 47
49 1 U -1
50 0 U 17
51 1 U 50
52 1 U 10
53 0 L 18
54 1 U 53
55 1 L 42
56 1 L 51
57 1 U 56
58 0 U 23
59 0 U 58
60
0 1 U -1
1 1 U 0
2 1 U 1
3 1 U 1
4 0 L 2
5 1 L 2
6 0 U 5
7 0 U -1
8 0 U 7
9 0 U 6
10 0 U 9
11 0 L -1
12 0 L 9
13 1 U 9
14 1 L -1
15 0 U 14
16 1 U 6
17 0 U 16
18 1 L 16
19 1 U 18
20 0 U 9
21 1 U 6
22 1 U 21
23 1 U 22
24 0 U 4
25 1 U 24
26 1 U 25
27 1 L 15
28 0 U 5
29 1 U 28
30 1 U 28
31 1 U 30
32 0 L 9
33 0 U 32
34 1 U 33
35 1 U -1
36 0 U 14
37 0 U 36
38 1 L 30
39 0 U 38
40 1 U 30
41 1 L 10
42 0 U -1
43 0 U 42
44 0 U 43
45 0 L 31
46 1 L 32
47 1 L 23
48 1 U 47
49 0 U 23
50 0 U 17
51 1 U 50
52 1 U 10
53 0 U 52
54 1 U 53
55 0 U 54
56 1 L 51
57 1 U 56
58 0 U 23
59 0 U 58
60
0 1 U -1
1 0 U 0
2 1 U 1
3 1 U 1
4 0 L 2
5 1 L 2
6 0 U -1
7 0 U -1
8 0 U 7
9 0 U 8
10 0 U 9
11 0 U 10
12 0 L 9
13 0 U 5
14 1 L -1
15 0 U 14
16 1 U 6
17 0 U 16
18 1 U 17
19 1 U 18
20 0 U 9
21 1 U 6
22 0 L 12
23 1 U 22
24 0 U 4
25 1 U 24
26 1 U 25
27 0 L 15
28 0 U 5
29 1 U 28
30 1 U 28
31 1 U 30
32 1 U 30
33 0 U 32
34 0 U 5
35 1 U -1
36 0 U 14
37 0 U 36
38 0 U 16
39 0 U 38
40 1 U 30
41 0 U 40
42 0 U -1
43 0 U 42
44 0 U 43
45 1 U 30
46 0 U 45
47 0 U 46
48 1 U 47
49 1 U -1
50 0 U 17
51 1 U 50
52 1 U 10
53 0 U 52
54 1 U 53
55 0 U 54
56 1 L 51
57 1 U 56
58 0 U 23
59 0 U 58
60
0 1 U -1
1 0 U 0
2 1 U 1
3 1 U 1
4 0 L 2
5 1 L 2
6 0 U 5
7 0 U -1
8 0 U 7
9 0 U 8
10 0 U 9
11 0 U 10
12 0 L 9
13 0 U 5
14 1 L -1
15 0 U 14
16 0 U 10
17 0 U 16
18 1 U 17
19 1 U 18
20 0 U 9
21 1 U 1
22 1 U 21
23 0 L 6
24 1 U 1
25 1 U 24
26 0 U 21
27 0 L 15
28 0 U 5
29 1 U 28
30 1 U 28
31 1 U 10
32 1 U 30
33 0 U 32
34 1 U 33
35 1 U -1
36 0 U 14
37 0 U 36
38 1 L 30
39 0 U 38
40 1 U 30
41 0 U 40
42 0 U -1
43 1 L 38
44 0 U 43
45 1 U 44
46 0 U 43
47 0 U 46
48 0 U 18
49 1 U -1
50 0 U 17
51 1 U 50
52 1 U 10
53 0 U 52
54 0 L 28
55 0 U 54
56 1 L 51
57 1 U 56
58 0 U 23
59 0 U 58
60
0 1 U -1
1 0 U 0
2 1 U 1
3 1 U 1
4 0 L 2
5 1 L 2
6 0 U 5
7 0 U -1
8 0 U 7
9 0 U 8
10 0 U 9
11 0 U 10
12 0 L 9
13 0 U 5
14 1 L -1
15 0 U 14
16 1 U 6
17 0 U 16
18 1 U 17
19 1 U 18
20 0 U 9
21 1 U 6
22 1 U 21
23 1 U 22
24 1 L 8
25 1 U 24
26 1 U 25
27 0 L 15
28 0 L 6
29 1 U 28
30 1 U 28
31 1 U 30
32 1 U 30
33 0 U 32
34 1 U 33
35 1 U -1
36 0 U 14
37 0 U 36
38 1 L 30
39 0 U 38
40 0 U 37
41 0 U 40
42 0 U 5
43 0 U 42
44 0 U 43
45 1 U 44
46 0 U 45
47 0 U 46
48 1 U 47
49 1 U -1
50 0 U 17
51 1 U 50
52 1 U 30
53 0 U 52
54 1 U 53
55 0 U 54
56 1 L 51
57 1 U 56
58 0 U 23
59 0 U 58
60
0 1 U -1
1 1 U -1
2 1 U 1
3 1 U 1
4 0 L 2
5 1 L 2
6 0 U 5
7 0 U -1
8 0 U 7
9 0 U 8
10 0 U 3
11 0 U 10
12 0 L 9
13 0 U 5
14 1 L -1
15 0 U 14
16 1 U 6
17 0 U 16
18 1 U 17
19 1 U 18
20 0 U 9
21 1 U 6
22 1 U 21
23 1 U 22
24 0 U 4
25 1 U 24
26 1 U 25
27 0 L 15
28 0 U 5
29 1 U 28
30 1 U 28
31 1 U 30
32 1 U 30
33 0 U 32
34 1 U 33
35 1 U -1
36 1 L 1
37 0 U 36
38 1 L 30
39 0 L 3
40 1 U 30
41 0 U 40
42 0 U -1
43 0 U 42
44 1 L 6
45 1 U 44
46 0 U 45
47 0 U 46
48 1 L 28
49 1 U -1
50 0 U 17
51 1 U 50
52 1 U 10
53 0 U 52
54 1 U 53
55 0 U 54
56 1 L 51
57 1 U 56
58 0 U 23
59 0 U 58
60
0 1 U -1
1 0 U 0
2 1 U 1
3 1 U 1
4 0 L 2
5 1 U 0
6 0 U 5
7 0 U -1
8 0 U 7
9 0 U 8
10 0 U 9
11 0 U 10
12 0 L 9
13 0 U 5
14 1 L -1
15 0 U 14
16 1 U 6
17 0 U 7
18 1 U 17
19 1 U 18
20 0 U 9
21 1 U 6
22 1 U 21
23 1 U 22
24 1 U 9
25 1 U 24
26 1 U 25
27 0 L 15
28 0 U 5
29 1 U 28
30 1 U 28
31 1 U 30
32 1 U 30
33 0 U 32
34 1 U 33
35 1 U -1
36 0 U 14
37 0 U 36
38 1 L 30
39 0 U 38
40 1 U 30
41 0 U 40
42 0 U -1
43 0 U 42
44 0 U 43
45 1 U 44
46 0 U 45
47 0 U 46
48 1 U 47
49 1 U -1
50 0 U 17
51 1 U 50
52 1 U 10
53 0 U 52
54 1 U 53
55 0 U 54
56 1 L 51
57 1 U 56
58 0 U 23
59 0 U 58
60
0 1 U -1
1 0 U 0
2 1 U 1
3 1 U 1
4 0 L 2
5 0 L 3
6 0 U 5
7 0 U -1
8 0 U 7
9 0 U 8
10 0 U 9
11 0 U 10
12 0 L 9
13 0 L 1
14 1 L -1
15 0 U 14
16 0 U 8
17 1 U 4
18 1 U 17
19 1 U 18
20 0 U 9
21 1 U 6
22 1 U 21
23 1 U 0
24 0 U 4
25 1 U 24
26 1 U 25
27 0 L 15
28 0 U 5
29 1 U 28
30 1 U 28
31 1 U 30
32 1 U 30
33 0 U 32
34 1 U 33
35 1 U -1
36 0 U 14
37 0 U 36
38 1 L 30
39 0 U 38
40 1 U 30
41 0 U 40
42 0 U -1
43 0 U 42
44 0 U 43
45 1 U 44
46 0 U 45
47 0 U 46
48 1 U 47
49 1 U -1
50 0 U 17
51 1 U 50
52 1 U 10
53 0 U 52
54 1 U 53
55 0 U 54
56 1 L 51
57 1 U 56
58 0 U 23
59 0 U 58
60
0 1 U -1
1 0 U 0
2 1 U 1
3 1 U -1
4 0 L 2
5 1 L 2
6 0 U 5
7 0 U -1
8 0 U 7
9 0 U 8
10 0 U 9
11 0 U 10
12 0 L 9
13 0 U 5
14 1 L -1
15 0 U 5
16 1 U 6
17 0 U 16
18 1 U 17
19 1 U 18
20 0 U 9
21 1 U 6
22 1 U 21
23 1 U 22
24 0 U 4
25 1 U 24
26 1 U 25
27 0 L 15
28 0 U 5
29 1 U 28
30 1 U 28
31 1 U 30
32 1 U 19
33 0 U 32
34 1 U 33
35 1 U -1
36 0 U 14
37 0 U 23
38 1 L 30
39 0 U 38
40 1 U 5
41 0 U 40
42 0 U -1
43 0 U 42
44 0 U 43
45 1 U 44
46 1 U 14
47 0 U 46
48 1 U 47
49 1 U -1
50 0 U 17
51 1 U 50
52 1 U 10
53 0 U 52
54 1 U 53
55 0 U 54
56 1 L 51
57 1 L 2
58 0 U 23
59 0 U 58
60
0 1 U -1
1 0 U 0
2 1 U 1
3 1 U 1
4 0 L 2
5 1 L 2
6 0 U 5
7 0 U -1
8 0 U 7
9 0 U 8
10 0 U 9
11 0 U 10
12 0 L 9
13 0 U 5
14 1 L -1
15 0 U 14
16 1 U 6
17 0 U 16
18 1 U 17
19 1 U 18
20 0 U 9
21 0 U 18
22 1 U 21
23 1 U 22
24 0 U 4
25 1 U 24
26 1 U 25
27 0 L 15
28 0 L 16
29 1 U 28
30 1 L 1
31 1 U 30
32 1 U 30
33 0 U 32
34 0 L 23
35 1 U -1
36 0 U 14
37 0 U 36
38 0 L 22
39 0 U 38
40 1 U 30
41 0 U 40
42 0 U -1
43 0 U 42
44 1 L 33
45 1 U 44
46 0 U 45
47 0 U 46
48 1 U 47
49 1 U -1
50 0 U 17
51 1 U 50
52 1 U 10
53 0 U 52
54 1 U 53
55 0 U 54
56 1 L 51
57 1 U 56
58 0 U 23
59 0 U 58
60
0 1 U -1
1 1 L 0
2 1 U 1
3 1 U 1
4 0 L 2
5 1 L 2
6 1 U 3
7 0 L 4
8 0 U 7
9 0 U 8
10 0 U 9
11 0 U 10
12 0 L 9
13 0 U 5
14 1 L -1
15 1 L 3
16 0 L 14
17 0 U 16
18 1 U 17
19 0 U 8
20 0 U 9
21 1 U 6
22 1 U 21
23 1 U 13
24 0 U 2
25 1 U 24
26 1 U 25
27 0 L 15
28 0 U 5
29 1 U 28
30 1 U 28
31 1 L 1
32 1 U 30
33 0 L 12
34 1 U 33
35 1 U -1
36 0 L 20
37 0 U 36
38 1 L 30
39 0 U 38
40 1 U 30
41 0 U 40
42 0 U -1
43 0 U 42
44 0 U 43
45 1 U 44
46 0 U 45
47 0 L 0
48 1 U 47
49 1 U -1
50 0 U 17
51 1 U 50
52 1 U 10
53 0 U 52
54 1 U 53
55 0 U 54
56 1 L 51
57 1 U 56
58 0 U 23
59 0 U 58
60
0 1 U -1
1 1 L 0
2 1 U 1
3 1 U 1
4 0 L 2
5 0 U 4
6 1 U 3
7 0 L 4
8 0 U 7
9 0 U 8
10 0 U 9
11 0 U 10
12 0 L 9
13 0 U 5
14 1 L -1
15 1 L 3
16 0 L 14
17 0 U 16
18 1 U 17
19 0 U 8
20 0 U 9
21 1 U 6
22 1 U 21
23 1 U 13
24 1 L 13
25 1 U 24
26 1 U 25
27 0 L 15
28 0 U 5
29 1 U 28
30 1 U 28
31 1 L 1
32 0 L -1
33 0 L 12
34 1 U 33
35 1 U -1
36 0 L 20
37 0 U 36
38 1 L 30
39 0 U 38
40 1 U 30
41 0 U 40
42 0 U -1
43 0 U 42
44 0 U 43
45 0 U 32
46 0 U 45
47 0 L 0
48 1 U 47
49 1 U -1
50 0 U 17
51 1 L 40
52 1 U 10
53 0 U 52
54 1 U 53
55 0 U 54
56 1 L 51
57 1 U 41
58 0 U 23
59 0 U 58
60
0 0 L -1
1 1 L -1
2 1 U 1
3 1 U 1
4 0 L 2
5 1 L 2
6 1 U 3
7 0 L 4
8 0 L 0
9 0 U 8
10 0 U 9
11 0 U 10
12 0 L 9
13 0 U 5
14 1 L -1
15 1 L 3
16 0 L 14
17 0 U 16
18 1 U 17
19 0 U 8
20 0 U 9
21 1 U 6
22 1 U 21
23 1 U 13
24 0 U 2
25 1 U 24
26 1 U 25
27 0 L 15
28 0 U 5
29 1 U 28
30 1 U 28
31 1 U 30
32 1 U 30
33 0 L 12
34 1 U 17
35 1 U -1
36 0 L 20
37 0 U 36
38 1 L 30
39 0 U 38
40 1 U 30
41 0 U 40
42 0 U -1
43 0 U 42
44 0 U 43
45 1 U 44
46 0 L 30
47 0 L 0
48 1 U 47
49 1 U -1
50 1 U 41
51 1 U 50
52 1 U 10
53 0 U 52
54 1 U 53
55 0 U 54
56 1 L 51
57 1 U 56
58 0 U 23
59 0 U 58
60
0 1 U -1
1 1 L 0
2 1 U 1
3 1 U 1
4 0 L 2
5 1 L 2
6 1 U 3
7 0 L 4
8 0 U 7
9 0 U 8
10 0 U 9
11 0 U 10
12 0 L 9
13 0 U 5
14 1 L -1
15 1 L 3
16 0 L 14
17 1 L 5
18 1 U 17
19 0 U 8
20 0 U 9
21 1 U 6
22 1 U 21
23 1 U 13
24 0 U 2
25 1 U 24
26 1 U 25
27 0 L 15
28 0 U 5
29 1 U 28
30 1 U 28
31 1 L 1
32 1 U 30
33 0 L 12
34 1 U 33
35 1 U -1
36 0 L 20
37 0 U 36
38 1 L 30
39 0 U 38
40 1 U 30
41 0 U 40
42 0 U -1
43 0 U 42
44 1 U 36
45 0 U 8
46 0 U 45
47 0 L 0
48 1 U 47
49 1 U -1
50 0 U 17
51 1 U 50
52 1 U 10
53 1 U 47
54 1 U 53
55 0 U 54
56 1 L 51
57 1 U 56
58 0 U 23
59 0 U 58
60
0 1 U -1
1 1 L 0
2 1 U 1
3 1 U 1
4 0 L 2
5 1 L 2
6 1 U 3
7 0 L 4
8 0 U 7
9 0 L 4
10 0 U 9
11 0 U 10
12 0 L 9
13 0 U 5
14 1 L -1
15 1 L 3
16 0 L 14
17 0 U 16
18 0 U 10
19 0 U 8
20 0 U 9
21 1 U 6
22 1 U 21
23 0 U 3
24 0 L 4
25 1 U 24
26 1 U 25
27 0 L 15
28 0 U 5
29 1 U 28
30 1 U 28
31 0 L 8
32 1 U 30
33 0 L 12
34 1 U 33
35 1 U -1
36 0 L 20
37 0 U -1
38 1 L 30
39 0 U 38
40 1 U 30
41 0 U 40
42 0 U -1
43 0 U 42
44 0 U 43
45 1 L 35
46 0 U 45
47 0 L 0
48 1 U 47
49 1 U -1
50 0 U 17
51 1 U 50
52 1 U 10
53 0 U 52
54 1 U 53
55 0 U 54
56 1 L 51
57 1 U 56
58 0 U 23
59 0 U 58
60
0 1 U -1
1 1 L 0
2 1 U 1
3 1 U 1
4 0 L 2
5 1 L 2
6 1 U 3
7 0 L 4
8 0 U 7
9 1 L 2
10 0 U 9
11 0 U 10
12 0 L 9
13 0 U 5
14 1 L -1
15 1 L 3
16 0 L 14
17 0 U 16
18 1 U 17
19 0 U 8
20 0 U 9
21 1 U 6
22 1 U 21
23 1 U 13
24 0 U 2
25 1 U 24
26 1 U 25
27 0 L 15
28 0 U 5
29 1 U 28
30 1 U 28
31 1 L 1
32 1 U 30
33 0 L 12
34 1 U 33
35 1 U -1
36 0 L 20
37 0 U 36
38 1 L 30
39 0 U 38
40 1 U 30
41 0 U 40
42 0 U -1
43 0 U 42
44 0 U 43
45 1 U 44
46 0 U 45
47 0 L 0
48 1 U 47
49 1 U -1
50 0 U 17
51 0 L 10
52 0 U 17
53 0 U 52
54 1 U 53
55 0 U 54
56 0 U 14
57 1 U 56
58 0 U 23
59 0 U 58
60
0 1 U -1
1 1 U -1
2 1 U 1
3 1 U 1
4 0 L 2
5 1 L 2
6 1 U 3
7 0 L 4
8 0 U 7
9 0 U 8
10 0 U 9
11 0 U 10
12 0 L 9
13 0 U 5
14 1 L -1
15 1 L 3
16 0 L 14
17 0 U 16
18 1 U 17
19 1 U 10
20 0 U 9
21 1 U 6
22 1 U 21
23 1 U 17
24 0 U 2
25 1 U 24
26 1 U 25
27 0 L 15
28 0 U 5
29 1 U 28
30 1 L 12
31 1 L 1
32 1 U 30
33 0 L 12
34 1 U 33
35 1 U 11
36 0 L 20
37 0 U 36
38 1 L 30
39 0 U 38
40 1 U 30
41 0 U 40
42 0 U -1
43 0 U 42
44 0 U 43
45 0 U 0
46 0 U 45
47 0 L 0
48 1 U 47
49 1 U -1
50 0 U 17
51 1 U 50
52 1 U 10
53 0 U 52
54 1 U 53
55 0 U 54
56 1 L 51
57 1 U 56
58 0 U 23
59 1 L 50
60
0 1 U -1
1 1 L 0
2 1 U 1
3 1 U 1
4 0 L 2
5 1 L 2
6 1 U 3
7 0 U 4
8 0 U 7
9 0 U 8
10 0 U 9
11 0 U 10
12 0 L 9
13 0 U 5
14 0 L 12
15 1 L 3
16 0 L 14
17 0 U 16
18 1 L 11
19 0 U 8
20 0 U 9
21 1 U 6
22 1 U 21
23 1 U 13
24 0 U 2
25 1 U 24
26 1 U 25
27 0 L 15
28 0 U 5
29 0 L 23
30 1 U 28
31 1 L 1
32 1 U 30
33 0 L 26
34 1 U 33
35 1 U 12
36 0 L 20
37 0 U 28
38 1 L 30
39 0 U 38
40 1 U 30
41 0 U 40
42 0 U -1
43 0 U 42
44 0 U 43
45 1 U 44
46 0 U 45
47 0 L 0
48 1 U 47
49 1 U 47
50 0 U 17
51 1 U 50
52 1 U 10
53 1 U 29
54 1 U 53
55 0 U 54
56 1 L 51
57 1 U 56
58 0 U 23
59 0 U 58
60
0 1 U -1
1 1 L 0
2 0 L 1
3 1 U 1
4 0 L 2
5 1 L 2
6 1 U 3
7 0 L 4
8 0 U 7
9 0 U 8
10 0 U 9
11 0 U 10
12 0 L 9
13 0 U 5
14 1 L -1
15 1 L 3
16 0 L 14
17 0 U 16
18 1 U 17
19 0 U 8
20 0 U 9
21 0 U 0
22 1 U 21
23 1 U 13
24 0 U 2
25 1 U 24
26 1 U 25
27 0 L 15
28 0 U 5
29 1 U 28
30 1 U 28
31 1 L 1
32 1 U 30
33 0 L 12
34 1 U 33
35 1 U -1
36 0 L 20
37 1 L 2
38 1 L 30
39 0 U 38
40 1 U 30
41 0 U 40
42 0 U -1
43 0 U 42
44 0 U 43
45 1 U 44
46 0 U 45
47 0 L 0
48 1 U 47
49 1 U -1
50 0 U 17
51 1 U 50
52 1 U 10
53 0 U 52
54 1 U 53
55 0 U 54
56 1 L 51
57 1 U 28
58 0 U 23
59 0 U 58
60
0 1 U -1
1 1 L -1
2 1 U 1
3 1 U 1
4 0 L 2
5 1 L 2
6 1 U 3
7 0 L 4
8 0 U 4
9 0 U 8
10 0 U 9
11 0 U 10
12 0 L 9
13 1 U 12
14 1 L -1
15 1 L 3
16 0 L 14
17 0 U 16
18 1 U 17
19 0 U 8
20 0 U 9
21 1 U 6
22 0 L 11
23 1 U 13
24 0 U 2
25 1 U 24
26 1 U 25
27 1 L 2
28 0 U 5
29 1 U 28
30 1 U 28
31 1 L 1
32 1 U 30
33 0 L 12
34 1 U 33
35 1 U -1
36 0 L 20
37 0 U 28
38 1 L 30
39 0 U 38
40 1 U 30
41 0 U 40
42 0 U -1
43 0 U 42
44 0 U 43
45 1 U 44
46 1 L 39
47 0 L 0
48 1 U 47
49 1 U -1
50 0 L 14
51 1 U 21
52 1 U 10
53 0 U 52
54 1 U 53
55 0 U 54
56 1 L 51
57 1 U 56
58 0 U 23
59 0 U 58
60
0 1 U -1
1 1 L 0
2 1 U 1
3 1 U 1
4 0 L 2
5 1 L 2
6 1 U 3
7 0 L 4
8 0 U 7
9 0 U 8
10 0 U 9
11 0 L 6
12 0 L 9
13 0 U 5
14 1 L -1
15 1 L 3
16 0 L 14
17 0 U 11
18 1 U 17
19 0 U 8
20 0 U 9
21 1 U 6
22 1 U 21
23 1 U 13
24 0 U 2
25 1 U 24
26 1 U 25
27 0 L 15
28 0 U 5
29 0 L 7
30 1 U 28
31 1 L 1
32 1 U 30
33 0 L 12
34 1 U 33
35 1 U -1
36 0 L 20
37 0 U 36
38 1 L 30
39 0 U 38
40 1 U 30
41 0 U 27
42 0 U -1
43 0 U 42
44 0 U 43
45 1 U 44
46 0 U 45
47 0 L 0
48 1 U 47
49 0 U 0
50 0 U 17
51 1 U 50
52 1 U 10
53 0 U 52
54 1 U 53
55 1 U 52
56 1 L 51
57 1 U 56
58 0 U 23
59 0 U 58
60
0 1 U -1
1 1 L 0
2 1 U 1
3 1 U 1
4 0 L 2
5 1 L 2
6 1 L 0
7 0 L 4
8 0 U 7
9 0 U 7
10 0 U 9
11 1 L -1
12 0 L 9
13 0 U 5
14 1 L -1
15 1 L 3
16 0 L 14
17 0 U 16
18 1 U 17
19 0 U 8
20 0 U 9
21 1 U 6
22 1 U 21
23 1 U 13
24 0 U 2
25 1 U 24
26 1 U 25
27 1 U 8
28 0 U 5
29 1 U 28
30 1 U 28
31 1 L 1
32 1 U 30
33 0 L 12
34 1 U 33
35 1 U -1
36 1 U 14
37 0 U 36
38 1 L 30
39 0 U 38
40 1 U 30
41 0 U 40
42 0 U -1
43 0 U 42
44 0 U 43
45 1 U 44
46 0 U 45
47 1 L 26
48 1 U 47
49 1 U -1
50 0 U 17
51 1 U 50
52 1 U 10
53 0 L 15
54 1 U 53
55 0 U 54
56 1 L 51
57 1 U 56
58 0 U 23
59 0 U 58
60
0 0 U -1
1 0 U 0
2 1 U 1
3 1 U 1
4 0 L 2
5 1 L 2
6 1 U 3
7 0 L 4
8 0 U 7
9 0 U 8
10 0 U 9
11 0 U 10
12 0 L 9
13 0 U 5
14 1 L -1
15 1 L 3
16 0 L 14
17 0 U 16
18 1 U 17
19 0 U 8
20 0 U 9
21 1 U 6
22 1 U 21
23 1 U 13
24 0 U 2
25 1 U 24
26 1 U 25
27 0 L 15
28 0 U 5
29 1 U 28
30 1 U 28
31 1 L 1
32 1 U 30
33 0 L 12
34 1 U 33
35 1 U -1
36 0 L 20
37 0 U 36
38 1 L 30
39 0 U 38
40 1 L 16
41 1 L 21
42 0 U -1
43 0 L 42
44 0 U 43
45 1 U 44
46 0 U 45
47 0 L 0
48 1 U 47
49 1 U -1
50 0 U 17
51 1 U 50
52 1 U 10
53 0 U 52
54 1 U 53
55 0 U 54
56 1 L 51
57 1 U 56
58 0 U 23
59 0 U 58
60
0 1 U -1
1 1 L 0
2 1 U 1
3 1 U 1
4 0 L 2
5 1 L 2
6 0 U 1
7 0 L 4
8 0 U 7
9 0 U 8
10 0 U 9
11 0 U 10
12 0 U 10
13 0 U 5
14 0 L 12
15 1 L 3
16 0 L 14
17 0 U 16
18 1 L 9
19 0 U 8
20 0 U 9
21 0 U 19
22 1 U 21
23 1 U 13
24 0 U 2
25 1 U 24
26 1 U 25
27 0 L 15
28 0 U 5
29 1 L 13
30 1 U 28
31 1 L 1
32 1 U 30
33 0 L 12
34 1 U 33
35 1 U -1
36 0 L 30
37 0 U 36
38 1 L 30
39 1 L 10
40 1 U 30
41 0 U 40
42 0 U -1
43 0 U 42
44 0 U 43
45 1 U 44
46 0 U 45
47 0 L 0
48 1 U 47
49 1 U -1
50 0 U 17
51 1 U 50
52 1 U 10
53 0 U 52
54 0 U 5
55 0 U 54
56 1 L 51
57 0 L 15
58 0 U 23
59 1 L 39
60
0 1 U -1
1 1 L 0
2 1 U 1
3 1 L 2
4 0 L 2
5 1 L 2
6 1 U 3
7 0 L 4
8 0 U 7
9 0 U 8
10 0 U 9
11 0 U 10
12 0 L 9
13 0 U 5
14 1 L -1
15 1 L 3
16 0 L 14
17 0 U 16
18 1 U 17
19 0 U 8
20 0 U 9
21 1 U 6
22 1 U 21
23 1 U 13
24 0 U 2
25 1 U 24
26 1 U 25
27 0 L 15
28 0 U 5
29 1 U 28
30 1 U 28
31 1 L 1
32 1 U 30
33 0 L 12
34 1 U 33
35 1 U -1
36 0 L 20
37 0 U 36
38 1 L 30
39 0 U 38
40 1 U 30
41 0 U 40
42 0 U -1
43 0 U 42
44 1 L 42
45 1 U 44
46 0 U 45
47 0 L 0
48 1 U 47
49 1 L 44
50 1 L 19
51 1 L 28
52 1 U 10
53 0 U 52
54 1 U 53
55 0 U 54
56 1 L 51
57 1 U 56
58 0 U 23
59 0 U 58
60
0 1 U -1
1 0 L 0
2 1 U 1
3 1 U 1
4 0 L 2
5 1 L 2
6 1 U 3
7 0 L 4
8 0 U 7
9 0 U 8
10 0 U 9
11 0 U 10
12 0 L 9
13 0 U 5
14 1 L -1
15 1 L 3
16 0 L 14
17 0 U 16
18 1 U 17
19 0 U 8
20 0 U 9
21 1 U 6
22 1 U 21
23 1 U 13
24 0 U 2
25 1 U 24
26 1 U 25
27 0 L 15
28 0 U 5
29 1 U 28
30 1 U 28
31 1 L 28
32 1 U 30
33 0 L 12
34 1 U 33
35 1 U -1
36 0 L 20
37 0 U 36
38 1 L 30
39 0 U 38
40 1 U 30
41 0 U 40
42 0 U -1
43 0 U 33
44 0 U 43
45 1 U 44
46 0 U 45
47 0 L 0
48 1 U 47
49 1 U -1
50 0 U 17
51 1 U 50
52 1 U 10
53 0 U 52
54 1 U 53
55 0 U 54
56 1 L 51
57 1 U 56
58 0 U 23
59 0 L 15
60
0 1 U -1
1 1 L 0
2 1 L 0
3 0 L -1
4 0 L 2
5 1 L 2
6 1 U 3
7 1 L 0
8 0 U 7
9 0 U 8
10 0 U 9
11 0 U 10
12 0 L 9
13 0 U 5
14 0 L -1
15 1 L 3
16 0 L 14
17 0 U 16
18 1 U 17
19 0 U 8
20 0 U 9
21 1 U 6
22 1 U 21
23 1 U 13
24 0 U 2
25 1 U 24
26 1 U 25
27 0 L 15
28 0 U 5
29 1 U 28
30 1 U 28
31 1 L 13
32 1 U 30
33 0 L 12
34 1 U 33
35 1 U 33
36 0 U 3
37 0 U 36
38 1 L 30
39 0 U 38
40 1 U 30
41 0 U 40
42 0 U -1
43 0 U 42
44 0 U 43
45 1 U 44
46 0 U 45
47 0 L 0
48 1 U 43
49 1 U -1
50 1 U 28
51 1 U 50
52 1 U 10
53 0 U 52
54 1 U 53
55 0 U 54
56 1 L 51
57 1 U 56
58 0 U 23
59 0 U 58
60
0 1 U -1
1 1 L 0
2 1 U 1
3 1 U 1
4 0 L 2
5 1 L 2
6 1 U 3
7 1 U 5
8 0 U 7
9 1 L 1
10 0 U 9
11 0 U 10
12 0 L 9
13 0 U 5
14 1 L -1
15 1 L 3
16 0 L 14
17 0 U 16
18 1 L 8
19 0 U 8
20 1 L 10
21 1 U 6
22 1 U 21
23 1 U 13
24 0 U 2
25 1 U 24
26 0 U 12
27 0 L 22
28 0 U 21
29 1 U 28
30 1 U 28
31 1 L 1
32 1 U 30
33 0 L 19
34 1 U 33
35 1 U -1
36 0 L 20
37 0 U 36
38 1 L 30
39 0 U 38
40 1 U 30
41 0 U 40
42 0 U -1
43 0 U 42
44 0 U 43
45 1 U 44
46 0 U 45
47 0 L 0
48 1 U 47
49 1 U -1
50 0 U 17
51 1 U 50
52 1 U 10
53 0 U 52
54 1 U 53
55 0 U 41
56 1 L 51
57 1 U 56
58 0 U 23
59 0 U 58
60
0 1 U -1
1 1 L 0
2 1 U 1
3 1 U 1
4 0 L 2
5 0 U 4
6 1 U 3
7 0 L 4
8 0 U -1
9 0 U 8
10 0 U 9
11 0 U 10
12 0 L 9
13 0 U 5
14 1 L -1
15 1 L 3
16 0 L 14
17 0 U 16
18 1 U 17
19 0 U 8
20 0 L 2
21 1 U 6
22 1 U 21
23 1 U 13
24 0 U 2
25 1 U 24
26 1 U 25
27 0 L 15
28 0 U 5
29 1 U 28
30 1 U 28
31 0 L 10
32 1 U 30
33 0 L 12
34 1 U 33
35 1 U -1
36 1 U 20
37 0 U 36
38 1 L 30
39 0 U 38
40 1 U 30
41 0 U 40
42 0 L 28
43 0 U 42
44 1 U 15
45 1 U 44
46 0 U 24
47 0 L 0
48 1 U 47
49 0 U 30
50 0 U 17
51 1 U 18
52 1 U 10
53 0 U 52
54 1 U 53
55 0 U 54
56 1 L 51
57 1 U 56
58 0 U 23
59 0 U 58
60
0 1 U -1
1 1 L 0
2 1 U 1
3 1 U 1
4 0 L 2
5 1 L 2
6 1 U 3
7 0 L 4
8 0 U 7
9 0 U 8
10 0 U 9
11 0 U 10
12 0 L 9
13 0 U 5
14 1 L -1
15 1 L 3
16 0 L 14
17 0 U 16
18 1 U 17
19 0 U 8
20 0 U 9
21 0 L -1
22 1 U 21
23 1 U 2
24 0 U 2
25 1 U 24
26 1 U 25
27 0 L 15
28 0 U 5
29 1 U 28
30 0 U 6
31 0 L 14
32 1 U 30
33 0 L 12
34 1 L 10
35 0 U 14
36 0 L 20
37 0 U 36
38 1 L 30
39 0 U 38
40 1 U 30
41 0 U 40
42 0 U -1
43 0 U 42
44 0 U 43
45 1 U 44
46 0 U 45
47 0 L 0
48 1 U 47
49 1 U -1
50 0 U 17
51 1 U 50
52 1 U 10
53 0 U 52
54 1 U 53
55 0 U 54
56 1 L 51
57 1 U 56
58 0 U 23
59 0 U 58
60
0 1 U -1
1 1 L 0
2 1 U 1
3 0 U 2
4 0 L 2
5 1 L 2
6 1 U 3
7 0 L 4
8 0 U 7
9 0 U 8
10 0 U 9
11 0 U 10
12 0 L 9
13 0 U 5
14 1 L -1
15 1 L 3
16 0 L 14
17 0 U 16
18 1 L 1
19 0 U 8
20 0 U 9
21 1 U 6
22 1 U 21
23 1 U 13
24 0 U 2
25 1 U 24
26 1 U 25
27 1 U 24
28 0 U 5
29 1 U 28
30 1 U 28
31 1 L 1
32 1 U 30
33 0 L 12
34 1 U 33
35 1 U -1
36 0 L 20
37 0 U 36
38 1 L 30
39 0 U 38
40 1 U 30
41 0 U 40
42 0 U -1
43 0 U 42
44 0 U 43
45 1 U 44
46 0 U 45
47 0 L 0
48 1 U 47
49 1 U -1
50 0 U 17
51 1 U 50
52 1 U 10
53 0 U 52
54 1 U 53
55 0 U 54
56 1 L 51
57 1 U 56
58 0 U 23
59 1 U 11
60
0 0 L -1
1 1 L 0
2 1 U 1
3 1 U 1
4 1 U 0
5 1 L 2
6 1 L 4
7 0 L 4
8 0 U 7
9 0 U 8
10 0 U 9
11 0 U 10
12 0 L 9
13 0 U 5
14 1 L -1
15 1 L 3
16 1 L 12
17 0 U 16
18 1 U 17
19 0 U 8
20 0 U 9
21 1 U 6
22 1 U 21
23 1 U 13
24 0 U 2
25 1 U 24
26 1 U 25
27 0 L 15
28 0 U 5
29 1 U 28
30 1 U 28
31 0 L 0
32 0 L 12
33 0 L 12
34 1 U 33
35 1 U -1
36 0 L 20
37 0 U 36
38 1 L 30
39 0 U 38
40 1 U 30
41 0 U 40
42 0 U 27
43 0 U 42
44 0 U 43
45 1 U 44
46 0 U 45
47 0 U 15
48 1 U 47
49 1 U -1
50 1 L 10
51 1 U 50
52 1 U 10
53 0 U 52
54 1 U 53
55 0 U 54
56 0 U -1
57 1 U 56
58 0 U 23
59 0 U 58
60
0 1 U -1
1 1 L 0
2 1 U 1
3 1 U 1
4 0 L 2
5 0 U 1
6 1 U 3
7 0 L 4
8 0 U 7
9 0 U 8
10 0 U 9
11 0 U 10
12 0 L 9
13 0 U 5
14 1 L -1
15 1 L 3
16 0 L 14
17 0 U 5
18 1 U 17
19 0 U 8
20 0 U 9
21 1 L 15
22 1 U 21
23 1 U 13
24 0 U 2
25 1 U 24
26 1 U 25
27 1 L 0
28 0 U 5
29 1 U 28
30 1 U 28
31 1 L 1
32 1 U 30
33 0 L 12
34 1 U 33
35 1 U -1
36 0 L 20
37 0 U 36
38 1 L 30
39 0 U 38
40 0 U 6
41 0 U 40
42 0 U -1
43 0 U 42
44 0 U 43
45 1 U 44
46 0 U 45
47 0 L 0
48 1 U 47
49 1 U -1
50 1 U 12
51 1 U 50
52 1 U 10
53 0 U 52
54 1 U 53
55 0 U 54
56 1 L 51
57 1 U 56
58 0 U 23
59 0 U 58
60
0 1 U -1
1 1 L 0
2 1 U 1
3 1 U 1
4 0 L 2
5 1 L 2
6 1 U 3
7 0 L 4
8 0 U 7
9 0 U 8
10 0 U 9
11 1 L 2
12 0 L 9
13 0 U 5
14 1 L -1
15 1 L 3
16 0 L 14
17 0 L 15
18 1 U 17
19 0 U 8
20 0 U 9
21 1 U 6
22 1 U 21
23 1 U 13
24 0 U 2
25 1 U 24
26 1 U 25
27 0 L 15
28 0 U 5
29 1 U 28
30 1 U 28
31 1 L 1
32 1 U 30
33 0 L 12
34 1 U 33
35 1 U -1
36 0 L 20
37 0 U 36
38 1 L 30
39 0 U 38
40 1 U 30
41 1 L 21
42 0 U -1
43 0 U 42
44 0 U 43
45 1 U 44
46 0 U 45
47 0 L 0
48 1 U 47
49 1 U -1
50 1 U 35
51 1 U 50
52 1 U 10
53 0 U 52
54 1 U 53
55 0 U 54
56 1 L 51
57 1 U 56
58 0 U 23
59 0 U 58
60
0 1 U -1
1 1 L 0
2 1 U 1
3 0 L -1
4 0 U 3
5 1 L 2
6 1 U 3
7 0 L 0
8 0 U 7
9 0 U 8
10 0 U 9
11 0 U 10
12 0 L 9
13 1 L 1
14 1 L -1
15 1 L 3
16 0 L 14
17 0 U 16
18 0 L 12
19 0 U 8
20 0 U 9
21 1 U 6
22 1 U 21
23 1 U 13
24 1 U 17
25 1 U 24
26 1 U 25
27 0 L 15
28 0 U 5
29 1 U 28
30 1 U 28
31 1 L 20
32 1 U 30
33 0 L 12
34 1 U 33
35 1 U -1
36 0 L 20
37 0 U 36
38 1 L 30
39 0 U 38
40 0 L 2
41 0 U 40
42 0 U 9
43 0 U 42
44 0 U 43
45 1 U 44
46 0 U 45
47 0 L 0
48 1 U 47
49 0 L 6
50 0 U 17
51 1 U 50
52 1 U 10
53 0 U 52
54 1 U 53
55 1 L 22
56 1 L 13
57 1 U 56
58 0 U 23
59 0 U 58
60
0 1 U -1
1 1 L 0
2 1 U 1
3 1 U 1
4 0 L 2
5 1 L 2
6 1 U 3
7 0 L 4
8 0 U 7
9 0 U 8
10 0 U 9
11 0 U 10
12 0 L 9
13 0 U 5
14 1 L -1
15 1 L 3
16 0 L 14
17 0 U 16
18 1 U 17
19 0 U 8
20 0 U 9
21 1 U 6
22 1 U 21
23 1 U 13
24 0 U 2
25 1 U 24
26 1 U 25
27 0 L 15
28 0 U 5
29 0 L 11
30 1 U 28
31 1 L 1
32 1 U 30
33 0 L 12
34 1 U 33
35 1 U -1
36 0 L 20
37 0 U 36
38 1 L 30
39 0 U 38
40 1 U 30
41 0 U 40
42 0 U -1
43 1 U 39
44 0 U 43
45 1 U 44
46 0 U 45
47 0 L 0
48 1 U 47
49 1 U -1
50 0 U 17
51 1 U 50
52 1 U 10
53 0 U 52
54 1 U 53
55 0 U 54
56 1 L 51
57 1 U 56
58 0 U 23
59 0 U 58
60
0 0 L -1
1 1 L 0
2 1 U 1
3 1 U 1
4 0 L 2
5 1 L 2
6 1 U 3
7 0 L 4
8 0 U 7
9 0 U 8
10 0 U 9
11 1 L 3
12 0 L 8
13 0 U 5
14 1 L -1
15 1 L 3
16 0 L 14
17 0 U 16
18 1 U 17
19 0 U 8
20 0 U 9
21 1 U 6
22 1 U 21
23 1 U 13
24 0 U 2
25 1 U 24
26 1 U 25
27 0 U 16
28 0 U 5
29 1 U 28
30 1 U 28
31 1 L 1
32 0 L 15
33 0 L 12
34 1 U 33
35 1 U -1
36 0 L 20
37 0 U 36
38 1 L 30
39 0 U 38
40 1 U 30
41 0 U 40
42 0 U -1
43 0 U -1
44 0 U 43
45 1 U 44
46 0 U 45
47 0 L 0
48 1 U 5
49 1 U -1
50 0 U 17
51 1 U 50
52 1 U 10
53 0 U 52
54 1 U 53
55 1 L 27
56 1 L 51
57 1 U 56
58 0 U 23
59 0 U 58
60
0 1 U -1
1 1 L 0
2 1 U 1
3 1 U 1
4 0 L 2
5 1 L 2
6 1 U 3
7 0 L 4
8 0 U 7
9 0 U 8
10 0 U 3
11 0 U 10
12 0 L 9
13 0 U 5
14 1 L -1
15 1 L 14
16 0 L 14
17 0 L 5
18 1 U 17
19 0 U 8
20 0 U 9
21 1 U 6
22 1 U 21
23 1 U 13
24 0 U 2
25 1 U 24
26 1 U 25
27 0 L 15
28 0 U 5
29 1 U 28
30 0 U 5
31 1 L 1
32 1 U 30
33 0 L 12
34 1 U 33
35 1 U -1
36 0 L 20
37 0 U 36
38 1 L 30
39 0 U 38
40 1 U 30
41 1 U 29
42 0 U -1
43 0 U 42
44 0 U 43
45 1 U 44
46 0 U 45
47 0 L 0
48 1 U 47
49 1 U -1
50 0 U 25
51 1 U 50
52 1 U 10
53 0 U 52
54 1 U 53
55 0 U 54
56 1 L 51
57 1 U 56
58 0 U 14
59 0 U 58
60
0 1 U -1
1 1 L 0
2 1 U 1
3 1 U 1
4 0 L 2
5 1 L 2
6 1 U 3
7 0 L 4
8 1 L 7
9 0 U 8
10 0 U 9
11 1 U 2
12 0 L 9
13 1 L 9
14 1 L -1
15 1 L 3
16 0 U 0
17 0 U 16
18 1 U 17
19 0 U 8
20 0 U 9
21 1 U 6
22 1 U 21
23 1 U 13
24 0 U 2
25 1 U 24
26 1 U 25
27 0 L 15
28 0 U 5
29 0 U 1
30 1 U 28
31 1 L 1
32 1 U 30
33 1 U 21
34 1 U 33
35 1 U -1
36 0 L 20
37 0 U 36
38 1 L 30
39 0 U 38
40 1 U 30
41 0 U 40
42 0 U -1
43 0 U 42
44 0 U 43
45 1 U 44
46 1 U 28
47 0 L 0
48 1 U 47
49 1 U -1
50 0 U 17
51 1 U 50
52 1 U 10
53 0 U 52
54 1 U 53
55 0 U 54
56 1 L 51
57 1 U 56
58 0 U 23
59 0 U 58
60
0 1 U -1
1 1 U 0
2 1 U 1
3 1 U 1
4 0 U 0
5 1 L 2
6 0 U 0
7 0 L 4
8 0 U 7
9 0 U 8
10 0 U 9
11 0 U 10
12 0 L 9
13 0 U 5
14 1 L -1
15 1 L 3
16 0 L 14
17 0 U 7
18 1 U 17
19 0 U 8
20 0 U 9
21 1 U 6
22 0 L 10
23 1 U 13
24 0 U 2
25 1 U 24
26 1 U 25
27 0 L 15
28 0 U 5
29 1 U 28
30 1 U 28
31 1 L 1
32 1 U 30
33 0 L 12
34 1 U 33
35 1 U -1
36 0 L 20
37 0 U 36
38 1 L 30
39 0 U 38
40 1 U 30
41 0 U 40
42 0 U -1
43 0 L 9
44 0 U 43
45 1 U 44
46 0 U 45
47 0 L 0
48 1 U 47
49 1 U -1
50 0 U 17
51 1 U 50
52 1 U 10
53 0 U 52
54 0 U 24
55 0 U 54
56 1 L 51
57 1 U 56
58 0 U 23
59 0 U 58
60
0 0 L -1
1 1 L 0
2 1 U 1
3 1 U 1
4 0 L 2
5 1 L 2
6 1 U 3
7 0 L 4
8 0 U 7
9 0 U 8
10 0 U 9
11 0 U 10
12 0 L 9
13 0 U 5
14 1 L -1
15 1 L 3
16 0 L 4
17 0 U 16
18 1 U 17
19 0 U 8
20 0 U 9
21 1 U 6
22 1 U 21
23 1 U 13
24 0 U 2
25 1 U 24
26 1 U 25
27 0 L 15
28 0 U 5
29 1 U 28
30 1 U 28
31 0 L 5
32 1 U 30
33 0 L 12
34 0 U 11
35 1 U -1
36 0 L 20
37 0 U 36
38 1 L 30
39 0 U 38
40 1 U 30
41 0 U 40
42 0 U -1
43 0 U 42
44 0 U 43
45 1 U 44
46 0 U 45
47 0 L 0
48 1 U 47
49 1 U -1
50 0 U 17
51 1 U 50
52 1 U 10
53 0 U 52
54 1 U 53
55 0 U 54
56 1 L 51
57 0 L 55
58 1 U 25
59 0 U 58
60
0 1 U -1
1 1 L 0
2 1 U 1
3 0 L -1
4 0 L 2
5 1 L 2
6 1 U 3
7 0 L 4
8 0 U 7
9 0 U 8
10 0 U 9
11 0 U 10
12 0 L 9
13 0 U 5
14 1 L -1
15 1 L 3
16 1 L 6
17 0 U 16
18 1 U 17
19 0 U 8
20 0 U 9
21 1 U 6
22 1 U 21
23 1 U 13
24 0 U 2
25 1 U 24
26 1 U 25
27 0 L 15
28 0 U 5
29 1 U 28
30 1 U 28
31 1 L 1
32 1 U 30
33 0 L 12
34 1 U 33
35 1 U -1
36 0 L 20
37 1 U 7
38 1 L 30
39 0 U 38
40 1 U 30
41 0 U 40
42 0 U -1
43 0 U 42
44 0 U 43
45 1 U 44
46 0 U 45
47 0 L 0
48 1 U 47
49 1 U -1
50 0 U 17
51 1 U 50
52 1 U 10
53 0 U 52
54 1 U 53
55 0 L -1
56 1 L 51
57 1 U 56
58 1 U 3
59 0 U 58
60
0 1 U -1
1 1 L 0
2 1 U 1
3 0 U 2
4 0 L 2
5 1 L 2
6 1 U 3
7 0 L 4
8 0 U 0
9 0 U 8
10 0 U 9
11 0 U 10
12 0 L 9
13 0 U 5
14 1 L -1
15 1 L 3
16 0 L 14
17 0 U 16
18 1 U 17
19 0 U 8
20 0 U 9
21 1 U 6
22 1 L 15
23 1 U 13
24 0 U 2
25 1 U 24
26 1 U 25
27 0 L 15
28 0 U 5
29 1 U 28
30 1 U 28
31 1 L 1
32 1 U 30
33 0 L 12
34 1 U 33
35 1 L 20
36 0 L 20
37 1 L 20
38 0 U 30
39 0 U 38
40 1 U 30
41 0 U 40
42 0 U -1
43 0 U 42
44 0 U 43
45 1 U 44
46 0 U 45
47 0 L 0
48 1 U 47
49 0 U 13
50 0 U 17
51 1 L 7
52 1 U 10
53 0 L 6
54 1 U 53
55 0 U 54
56 1 L 51
57 1 U 56
58 0 U 23
59 0 U 58
60
0 1 U -1
1 1 L 0
2 1 U 1
3 1 U 1
4 0 L 2
5 1 L 2
6 1 U 3
7 0 L 4
8 0 U 7
9 0 U 8
10 0 U 9
11 0 U 10
12 0 L 9
13 0 U 5
14 1 L -1
15 1 L 3
16 0 L 14
17 0 L 15
18 1 U 17
19 0 U 8
20 0 U 9
21 1 U 6
22 1 U 21
23 1 U 13
24 0 U 2
25 1 U 24
26 1 U 25
27 0 L 15
28 1 L 19
29 1 U 28
30 1 U 28
31 1 L 1
32 1 U 30
33 0 L 12
34 1 U 33
35 1 U -1
36 1 U 17
37 0 U 36
38 1 L 30
39 0 U 38
40 1 U 2
41 0 U 40
42 0 U -1
43 0 U 42
44 0 U 43
45 1 U 44
46 0 U 45
47 0 L 0
48 1 U 47
49 1 U -1
50 0 U 17
51 1 U 50
52 1 U 10
53 0 U 52
54 1 U 53
55 1 U 54
56 1 L 51
57 0 U 24
58 0 U 23
59 1 L 19
60
0 1 U -1
1 1 L 0
2 1 U 1
3 1 U 1
4 0 L 2
5 1 L 2
6 1 U 3
7 0 L 4
8 0 U 6
9 0 U 8
10 0 U 9
11 0 U 10
12 1 L 11
13 1 L -1
14 1 L -1
15 1 L 3
16 0 L 14
17 0 U 16
18 1 U 17
19 0 U 8
20 0 U 9
21 1 U 6
22 1 U 21
23 0 U 11
24 0 U 2
25 1 U 24
26 1 U 25
27 0 L 15
28 0 U 5
29 1 U 28
30 1 U 28
31 1 L 1
32 1 U 30
33 0 L 12
34 1 U 33
35 1 U -1
36 0 L 20
37 0 U 36
38 1 L 30
39 0 U 38
40 1 U 30
41 1 L 3
42 0 U -1
43 0 U 42
44 0 U 43
45 1 U 44
46 0 U 45
47 0 L 0
48 1 U 47
49 1 U -1
50 0 U 17
51 1 U 50
52 1 U 10
53 0 U 52
54 1 U 53
55 1 L 5
56 1 L 51
57 1 U 56
58 0 U 23
59 0 U 58
60
0 1 U -1
1 1 L 0
2 1 U 1
3 1 U 1
4 0 L 2
5 1 L 2
6 1 U 3
7 0 L 4
8 0 U 7
9 0 U 8
10 0 U 9
11 0 U 10
12 0 L 0
13 0 U 5
14 1 L 4
15 1 L 3
16 0 L 14
17 0 U 16
18 0 U 17
19 0 U 8
20 1 U 6
21 1 U 6
22 1 U 21
23 1 U 13
24 0 U 2
25 1 U 24
26 0 U 10
27 0 L 15
28 0 U 5
29 1 U 28
30 1 U 28
31 1 L 1
32 1 U 30
33 0 L 12
34 1 U 33
35 1 U -1
36 0 U 14
37 0 U 36
38 1 L 30
39 0 U 38
40 1 U 30
41 0 U 40
42 0 U -1
43 0 U 42
44 0 U 43
45 1 U 44
46 0 U 45
47 0 L 0
48 1 U 47
49 1 U -1
50 0 U 17
51 1 U 50
52 1 U 10
53 0 U 52
54 1 U 53
55 0 U 54
56 1 L 51
57 1 U 56
58 1 U 36
59 0 U 58
60
0 1 U -1
1 1 L 0
2 0 U 1
3 1 U 1
4 0 L 2
5 1 L 2
6 1 U 3
7 0 L 4
8 0 U 7
9 0 U 8
10 0 U 9
11 1 U 6
12 0 L 9
13 1 L 6
14 1 L -1
15 0 U 13
16 0 L 14
17 0 U 16
18 1 U 17
19 0 U 8
20 0 U 9
21 1 L 0
22 1 U 21
23 1 U 13
24 0 U 2
25 1 U 24
26 1 U 25
27 0 L 15
28 0 U 5
29 1 U 28
30 1 U 28
31 1 L 1
32 1 U 30
33 0 L 12
34 1 U 33
35 1 U -1
36 1 U 1
37 0 U 36
38 1 L 30
39 1 U 35
40 0 L 22
41 0 U 40
42 0 U -1
43 0 U 42
44 0 U 43
45 1 U 44
46 0 U 45
47 0 L 0
48 1 U 47
49 1 U -1
50 0 U 17
51 1 U 50
52 1 U 10
53 0 U 52
54 1 U 53
55 0 U 54
56 0 L 1
57 1 U 56
58 0 U 23
59 0 U 58
60
0 1 U -1
1 1 L 0
2 1 U 1
3 1 U 1
4 0 L 2
5 1 L 2
6 1 U 3
7 0 L 4
8 0 U 7
9 0 U 8
10 0 U 9
11 0 U 10
12 0 L 9
13 0 U 5
14 0 L 1
15 1 L 3
16 0 L 14
17 0 U 16
18 1 U 17
19 0 U 8
20 0 U 9
21 1 U 6
22 1 U 21
23 1 U 13
24 0 U 2
25 1 U 24
26 1 U 25
27 0 L 15
28 0 U 5
29 1 U 28
30 1 U 28
31 0 U 18
32 1 U 30
33 0 L 12
34 1 U 33
35 0 L 19
36 0 L 20
37 0 U 36
38 1 L 30
39 0 U 38
40 1 U 30
41 0 U 40
42 0 U -1
43 0 U 42
44 0 U 43
45 1 U 44
46 1 U 29
47 0 L 0
48 1 U 47
49 1 U -1
50 0 U 17
51 1 U 50
52 1 U 10
53 0 U 52
54 1 U 53
55 0 U 54
56 1 L 51
57 1 U 56
58 0 U 23
59 0 U 58
60
0 1 U -1
1 1 L 0
2 1 U 1
3 1 U 1
4 0 L 2
5 1 L 2
6 1 U 3
7 0 L 4
8 0 U 7
9 0 U 8
10 0 U 9
11 0 U 10
12 0 L 9
13 0 U 5
14 1 L -1
15 1 L 3
16 0 L 14
17 0 U 16
18 1 U 17
19 0 U 8
20 0 U 9
21 1 U 6
22 1 U 21
23 1 U 13
24 0 U 2
25 1 U 24
26 1 U 25
27 0 L 15
28 0 U 5
29 1 U 28
30 1 U 28
31 1 L 1
32 1 U 30
33 0 L 12
34 1 U 33
35 1 U -1
36 0 L 20
37 0 U 36
38 1 L 30
39 0 U 38
40 1 U 30
41 0 U 40
42 0 U -1
43 0 L 37
44 0 U 43
45 1 U 9
46 0 U 45
47 0 L 0
48 1 U 47
49 1 U -1
50 0 U 17
51 1 U 50
52 1 U 10
53 0 L 45
54 1 U 53
55 0 U 54
56 1 U 45
57 1 U 56
58 0 U 23
59 0 U 58
60
0 1 U -1
1 1 L 0
2 1 U 1
3 0 L 1
4 0 L 2
5 1 L 2
6 1 U 3
7 0 L 4
8 0 U 7
9 0 U 1
10 0 U 9
11 0 U 10
12 0 U -1
13 0 U 5
14 1 L -1
15 1 L 3
16 1 L 9
17 0 U 16
18 1 U 17
19 0 U 8
20 0 U 9
21 1 U 6
22 1 U 21
23 1 U 13
24 0 U 2
25 1 U 24
26 0 L 22
27 0 L 15
28 0 U 5
29 1 U 28
30 1 U 28
31 0 L 2
32 0 L 20
33 0 L 12
34 1 U 33
35 1 U -1
36 0 L 20
37 0 U 36
38 1 L 30
39 0 U 38
40 1 U 30
41 0 U 40
42 0 U -1
43 0 U 42
44 0 U 43
45 1 U 44
46 0 U 18
47 0 L 0
48 1 U 47
49 1 U -1
50 0 U 17
51 1 U 50
52 1 U 10
53 0 U 52
54 1 U 53
55 0 U 54
56 1 L 51
57 1 U 56
58 0 U 23
59 0 U 58
60
0 1 U -1
1 1 L 0
2 1 U 1
3 1 U 1
4 0 L 2
5 1 L 2
6 1 U 3
7 0 L 4
8 0 U 7
9 0 U 8
10 0 U 9
11 0 U 10
12 0 L 9
13 0 U -1
14 1 L -1
15 1 L 3
16 0 L 14
17 0 U 16
18 1 U 17
19 0 U 7
20 0 U 9
21 0 U 0
22 1 U 21
23 1 U 13
24 0 U 2
25 1 U 24
26 0 L 25
27 0 L 15
28 0 U 5
29 1 U 24
30 1 U 28
31 1 L 1
32 1 U 30
33 0 L 12
34 1 U 33
35 1 U -1
36 0 L 20
37 0 U 36
38 0 U 28
39 1 L 6
40 1 U 30
41 0 U 40
42 0 U -1
43 0 U 42
44 0 U 43
45 1 U 44
46 0 U 45
47 0 L 0
48 1 U 47
49 1 U -1
50 0 U 17
51 1 U 50
52 1 U 10
53 0 U 52
54 1 U 53
55 0 U 54
56 0 L 1
57 1 U 56
58 0 U 23
59 0 U 58
60
0 1 U -1
1 1 L 0
2 1 U 1
3 1 U 1
4 0 L 2
5 1 L 2
6 1 U 3
7 0 L 4
8 0 U 7
9 0 U 8
10 0 U 9
11 0 U 10
12 0 L 9
13 0 U 5
14 1 L -1
15 1 L 3
16 0 L 14
17 0 U 16
18 1 U 17
19 0 U 8
20 0 U 9
21 1 U 6
22 0 U 2
23 1 U 13
24 0 U 2
25 1 U 24
26 1 U 25
27 0 L 15
28 0 U 5
29 1 U 28
30 1 U 28
31 1 L 1
32 1 U 30
33 0 L 21
34 1 U 33
35 1 U -1
36 0 L 20
37 0 U 36
38 0 L 28
39 0 U 38
40 1 U 30
41 0 U 40
42 0 U -1
43 0 U 42
44 0 U 43
45 1 U 44
46 0 U 45
47 0 L 0
48 1 U 36
49 0 L 47
50 0 U 17
51 1 U 50
52 1 U 10
53 1 L 31
54 1 U 53
55 0 U 54
56 1 L 51
57 1 U 56
58 0 U 23
59 0 U 58
60
0 1 U -1
1 1 L 0
2 1 U 1
3 1 U 1
4 0 L 2
5 1 L 2
6 1 L -1
7 0 L 4
8 1 L 5
9 0 U 8
10 0 U 9
11 0 U 10
12 0 L 9
13 0 U 5
14 1 L -1
15 1 L 3
16 0 L 14
17 0 U 16
18 0 L 15
19 0 U 8
20 0 U 9
21 1 U 6
22 1 U 21
23 1 U 13
24 0 U 2
25 1 L 3
26 1 U 25
27 0 L 15
28 0 U 5
29 0 L 14
30 1 U 28
31 1 L 1
32 0 U 23
33 0 L 12
34 1 U 33
35 1 U -1
36 0 L 20
37 0 U 36
38 1 L 30
39 0 U 38
40 1 U 30
41 0 U 40
42 0 U -1
43 0 U 42
44 0 U 43
45 1 L 2
46 0 U 45
47 0 L 21
48 1 U 47
49 1 U -1
50 0 U 17
51 1 U 50
52 1 U 10
53 0 U 52
54 1 U 53
55 0 U 54
56 1 L 51
57 1 U 56
58 0 U 23
59 0 U 58
60
0 0 U -1
1 1 L 0
2 1 U 1
3 1 U 1
4 0 L 2
5 1 L 2
6 1 U 3
7 0 L 4
8 0 U 7
9 0 U 8
10 0 U 9
11 0 U 10
12 0 L 9
13 0 U 5
14 0 U -1
15 1 L 3
16 0 L 14
17 0 U 16
18 1 U 17
19 0 U 8
20 0 U 9
21 1 U 6
22 1 U 21
23 1 U 13
24 0 U 2
25 1 U 24
26 1 U 25
27 0 L 15
28 0 U 5
29 0 U 9
30 1 U 28
31 1 L 1
32 1 U 30
33 0 L 12
34 1 U 33
35 0 L -1
36 0 L 20
37 1 L 20
38 1 L 30
39 0 U 38
40 1 U 30
41 0 U 40
42 0 U -1
43 0 U 42
44 0 U 43
45 1 U 44
46 0 U 45
47 0 L 0
48 1 U 47
49 1 U -1
50 0 U 17
51 1 U 50
52 1 U 10
53 0 U 52
54 1 U 53
55 0 U 54
56 1 L 51
57 1 U 56
58 0 U 23
59 0 U 58
60
0 1 U -1
1 1 L 0
2 1 U 1
3 1 U 1
4 0 L 2
5 1 L 2
6 1 U 3
7 0 L 4
8 0 U 7
9 0 U 8
10 0 U 9
11 0 U 10
12 1 L 1
13 0 U 5
14 1 L -1
15 1 L 3
16 0 L 14
17 0 U 16
18 1 U 17
19 0 U 8
20 0 U 9
21 1 U 6
22 1 U 21
23 0 L 10
24 0 U 2
25 1 U 24
26 1 U 25
27 0 L 15
28 0 U 5
29 1 U 28
30 1 U 28
31 1 L 1
32 0 L 31
33 1 L 5
34 1 U 33
35 1 U -1
36 0 L 20
37 0 U 36
38 1 L 30
39 0 U 38
40 1 U 30
41 0 U 40
42 1 L 5
43 1 U 24
44 0 U 43
45 1 U 44
46 0 U 45
47 0 L 0
48 1 U 47
49 1 U -1
50 0 U 17
51 1 U 50
52 1 U 10
53 0 U 52
54 1 U 53
55 0 U 54
56 1 L 51
57 1 U 56
58 0 U 23
59 0 U 58
60
0 1 U -1
1 1 L 0
2 1 U 1
3 1 U 1
4 0 L 0
5 1 L 2
6 1 U 3
7 0 L 4
8 0 U 7
9 0 U 8
10 0 U 9
11 0 U 10
12 0 L 9
13 1 L 10
14 1 L -1
15 1 L 3
16 0 L 14
17 0 L 15
18 0 L 13
19 0 U 2
20 1 L 8
21 0 U 20
22 1 L 16
23 1 U 13
24 0 U 2
25 1 U 24
26 1 U 25
27 1 L 0
28 0 U 5
29 1 U 28
30 1 U 28
31 1 L 1
32 1 U 30
33 0 L 12
34 1 U 33
35 1 U -1
36 0 L 20
37 0 U 36
38 1 L 30
39 0 U 38
40 1 U 30
41 0 U 40
42 0 U -1
43 0 U 42
44 0 U 43
45 1 U 44
46 0 U 45
47 0 L 0
48 1 U 47
49 1 U -1
50 0 U 17
51 1 U 50
52 1 U 48
53 0 U 52
54 1 U 53
55 0 U 54
56 1 L 51
57 0 L 42
58 0 U 23
59 0 U 58
60
0 1 U -1
1 1 L 0
2 1 U 1
3 1 U 1
4 0 L 2
5 1 L 2
6 1 U 3
7 0 L 4
8 0 U 7
9 0 U 2
10 0 U 9
11 0 U 10
12 0 L 9
13 0 U 5
14 1 U 13
15 1 L 3
16 0 L 14
17 1 L 13
18 1 U 17
19 0 U 8
20 0 U 9
21 1 U 6
22 1 U 21
23 1 U 13
24 0 U 2
25 1 U 24
26 1 U 25
27 0 L 15
28 0 U 5
29 1 U 28
30 1 U 28
31 1 L 1
32 1 U 30
33 0 L 12
34 1 U 33
35 1 U -1
36 0 L 20
37 0 U 36
38 1 L 30
39 0 U 38
40 0 L 4
41 1 L 38
42 0 U -1
43 0 U 42
44 0 U 43
45 1 U 44
46 0 U 45
47 0 L 0
48 1 U 47
49 1 U -1
50 0 U 16
51 1 U 50
52 1 U 10
53 0 U 52
54 1 U 53
55 0 U 54
56 1 L 51
57 1 U 56
58 0 U 23
59 0 U 58
60
0 1 U -1
1 1 L 0
2 1 U 1
3 1 U 1
4 0 L 2
5 1 L 2
6 1 U 3
7 0 L 4
8 0 U 7
9 0 U 8
10 0 U 9
11 0 U 10
12 0 L 9
13 0 U 5
14 1 L -1
15 1 L 3
16 0 L 14
17 0 U 16
18 0 U -1
19 0 U 8
20 0 U 9
21 1 U 6
22 1 U 21
23 1 U 13
24 0 U 2
25 1 U 24
26 1 U 25
27 0 L 15
28 0 U 5
29 1 U 28
30 1 U 28
31 1 U 14
32 1 U 30
33 0 L 12
34 1 U 33
35 1 L 3
36 0 L 20
37 0 U 36
38 1 L 30
39 0 U 38
40 1 U 30
41 0 U 40
42 0 U -1
43 0 U 42
44 0 U 43
45 1 U 44
46 1 U 42
47 0 L 0
48 1 U 47
49 1 U -1
50 0 U 17
51 1 U 50
52 1 U 10
53 0 U 52
54 1 U 53
55 0 U 54
56 1 L 51
57 1 U 56
58 0 U 17
59 0 U 58
60
0 1 U -1
1 1 L 0
2 1 U 1
3 1 U 1
4 0 L 2
5 1 L 2
6 1 U 3
7 0 L 4
8 0 U 7
9 0 U 8
10 0 U 9
11 0 U 10
12 0 L 9
13 0 U 5
14 1 L -1
15 0 L 14
16 0 L 14
17 1 L 1
18 1 U 4
19 0 U 8
20 0 U 9
21 1 U 6
22 1 U 21
23 1 U 13
24 1 U 15
25 1 U 24
26 1 U 25
27 0 L 15
28 0 U 5
29 1 U 28
30 1 U 28
31 0 U 17
32 1 U 30
33 0 L 12
34 1 U 33
35 1 U -1
36 0 L 20
37 0 U 36
38 1 U 7
39 0 U 38
40 1 U 30
41 0 U 40
42 0 U -1
43 0 U 42
44 0 U 43
45 1 U 22
46 0 U 45
47 0 L 0
48 1 U 47
49 1 U -1
50 0 U 17
51 1 U 50
52 1 U 10
53 0 U 52
54 1 U 53
55 0 U 54
56 1 U 9
57 1 U 56
58 0 U 23
59 0 U 58
60
0 1 U -1
1 1 L 0
2 1 U 1
3 1 U 1
4 0 L 2
5 1 L 2
6 1 U 3
7 0 L 4
8 0 U 7
9 0 U 8
10 0 U -1
11 0 U 10
12 0 L 9
13 0 U 5
14 1 L -1
15 1 L 3
16 0 L 14
17 0 U 16
18 1 U 17
19 0 U 8
20 0 U 9
21 1 U 6
22 1 U 21
23 1 U 13
24 0 L 6
25 1 U 24
26 1 U 25
27 0 L 15
28 0 U 5
29 1 U 28
30 1 U 28
31 1 L 1
32 1 U 30
33 0 L 12
34 1 U 33
35 1 U -1
36 0 L 20
37 0 U 36
38 1 L 30
39 0 U 38
40 1 U 30
41 0 U 40
42 0 U -1
43 0 L 23
44 0 U 43
45 1 U 44
46 0 U 45
47 0 L 0
48 1 U 47
49 1 U -1
50 0 L 37
51 1 U 50
52 1 U 10
53 1 U 24
54 1 U 53
55 0 U 54
56 0 U 50
57 1 U 56
58 0 U 23
59 1 L 27
60
0 1 U -1
1 1 L 0
2 1 U 1
3 1 U 1
4 0 L 2
5 1 L 2
6 1 U 3
7 0 L 4
8 0 L 6
9 0 U 8
10 0 U 9
11 0 U 10
12 0 L 9
13 0 U 5
14 1 L -1
15 1 L 3
16 0 L 14
17 0 U 16
18 1 U 17
19 0 U 8
20 0 U 9
21 1 U 6
22 1 U 21
23 1 U 13
24 0 U 2
25 1 U 24
26 1 U 25
27 0 L 20
28 0 U 5
29 1 U 28
30 1 U 28
31 1 L 1
32 1 U 30
33 0 L 12
34 1 U 33
35 1 U -1
36 0 L 20
37 1 U 22
38 0 U 37
39 0 U 38
40 1 U 30
41 0 U 40
42 0 U -1
43 0 U 42
44 1 L 42
45 1 U 44
46 0 U 45
47 0 L 0
48 1 U 47
49 1 U -1
50 1 L 37
51 1 U 50
52 1 U 10
53 0 U 52
54 1 U 53
55 0 U 54
56 1 L 51
57 1 U 56
58 0 U 23
59 0 U 58
60
0 1 U -1
1 1 L 0
2 1 U 1
3 1 U 1
4 0 L 2
5 1 U 3
6 1 U 3
7 0 L 4
8 0 U 7
9 0 U 8
10 0 U 9
11 0 U 10
12 0 L 9
13 0 U 5
14 1 L -1
15 1 L 3
16 0 L 14
17 0 U 16
18 1 U 17
19 1 U 18
20 0 U 9
21 1 U 6
22 1 U 21
23 1 U 13
24 0 U 2
25 1 U 24
26 1 U 25
27 0 L 15
28 0 U 5
29 0 U 11
30 1 U 28
31 1 L 1
32 1 U 30
33 0 L 12
34 1 U 33
35 1 U -1
36 0 L 20
37 0 U 36
38 1 L 35
39 0 U 38
40 1 U 30
41 0 U 40
42 0 U -1
43 0 U 42
44 0 U 43
45 1 U 44
46 0 U 45
47 0 L 0
48 1 U 47
49 0 U 11
50 0 U 17
51 1 U 50
52 1 U 10
53 0 U 52
54 1 U 53
55 0 U 54
56 1 L 51
57 1 L 48
58 0 U 23
59 0 U 58
60
0 1 L -1
1 1 L 0
2 1 U 1
3 1 U 1
4 0 L 2
5 1 L 2
6 1 U 3
7 0 L 4
8 0 U 7
9 0 U 8
10 0 U 9
11 0 U 10
12 0 L 9
13 0 U 0
14 1 L -1
15 1 L 3
16 0 L 14
17 0 U 16
18 1 U 17
19 0 U 8
20 0 U 9
21 1 U 6
22 1 U 21
23 1 U 13
24 0 U 2
25 1 U 24
26 1 L 7
27 0 L 15
28 0 U 5
29 1 U 28
30 1 U 28
31 1 L 1
32 1 U 30
33 0 L 12
34 1 U 1
35 1 L 27
36 0 L 20
37 0 U 36
38 1 L 30
39 0 U 38
40 1 U 30
41 0 U 40
42 0 U -1
43 0 U 42
44 0 U 43
45 1 U 44
46 0 U 45
47 0 L 0
48 1 U 47
49 1 U -1
50 0 U 17
51 1 U 50
52 1 U 10
53 0 U 52
54 1 U 53
55 0 U 54
56 1 L 51
57 1 U 56
58 0 U 23
59 0 U 58
60
0 1 U -1
1 1 L 0
2 1 U 1
3 1 U 1
4 0 L 3
5 1 L 2
6 1 U 3
7 0 L 4
8 0 U 7
9 0 U 8
10 0 U 9
11 0 U 10
12 0 L 9
13 0 U 5
14 1 L 8
15 1 L 3
16 0 L 14
17 1 U 10
18 1 U 17
19 0 U 8
20 0 U 9
21 1 U 6
22 1 U 21
23 1 U 13
24 0 U 2
25 1 U 24
26 1 U 25
27 0 L 15
28 0 U 5
29 1 U 28
30 1 U 28
31 1 L 1
32 1 U 30
33 0 L 12
34 1 U 33
35 1 U -1
36 0 L 20
37 0 U 36
38 1 L 30
39 0 U 38
40 1 U 30
41 0 U 40
42 0 U -1
43 0 U 42
44 0 U 43
45 1 U 44
46 0 U 45
47 0 L 0
48 1 U 47
49 1 U -1
50 0 U 17
51 1 U 50
52 1 U 10
53 0 U 52
54 1 U 53
55 1 L 37
56 1 L 51
57 1 U 56
58 0 U 23
59 0 U 58
60
0 1 U -1
1 1 L 0
2 1 U 1
3 1 U 1
4 0 L 2
5 1 L 2
6 1 U 3
7 0 L 4
8 0 U 7
9 0 U 8
10 0 U 9
11 0 U 10
12 0 L 9
13 0 U 5
14 1 L -1
15 1 L 3
16 0 L 14
17 0 U 4
18 1 U 17
19 0 U 8
20 0 U 9
21 1 U 6
22 1 U 21
23 1 U 13
24 0 U 2
25 1 U 24
26 0 L 21
27 0 L 15
28 0 U 5
29 0 L 21
30 1 U 28
31 1 L 1
32 1 U 30
33 0 L 12
34 1 U 33
35 1 U -1
36 0 L 20
37 0 U 36
38 1 L 30
39 0 U 38
40 0 L 2
41 0 U 40
42 0 U -1
43 0 U 42
44 0 U 43
45 1 U 44
46 0 U 45
47 0 L 0
48 1 U 47
49 1 U -1
50 0 L 4
51 1 U 50
52 1 U 10
53 0 U 52
54 1 U 53
55 0 L 19
56 1 L 51
57 1 U 56
58 0 U 23
59 0 U 58
60
0 1 U -1
1 1 L 0
2 1 U 1
3 1 U 1
4 0 L 2
5 1 L 2
6 1 U 3
7 0 L 4
8 0 U 7
9 0 U 8
10 0 U 9
11 0 U 10
12 0 L 9
13 0 U 5
14 1 L -1
15 1 U 9
16 0 L 14
17 0 U 16
18 1 U 17
19 0 U 8
20 1 L 15
21 1 U 6
22 1 U 21
23 0 U 20
24 0 U 2
25 1 U 24
26 1 U 25
27 1 U 17
28 0 U 5
29 1 U 28
30 1 U 28
31 1 L 1
32 1 U 30
33 0 L 12
34 1 U 33
35 1 U -1
36 0 L 20
37 0 U 36
38 1 L 30
39 0 U 38
40 1 U 30
41 0 U 40
42 0 U -1
43 0 L 0
44 0 U 43
45 1 U 44
46 0 U 45
47 0 L 0
48 0 L 8
49 1 U -1
50 0 U 17
51 1 U 39
52 1 U 10
53 0 U 52
54 1 U 53
55 0 U 54
56 1 L 51
57 1 U 56
58 0 U 48
59 0 U 58
60
0 1 U -1
1 1 L 0
2 1 U 1
3 1 U 1
4 0 L 2
5 1 L 2
6 1 U 3
7 0 L 4
8 0 U 7
9 0 U 8
10 0 U 9
11 0 U 10
12 0 L 9
13 0 U 5
14 1 L -1
15 1 L 3
16 0 L 14
17 0 U 16
18 1 U 17
19 0 U 8
20 0 U 9
21 1 U 6
22 1 U 21
23 1 U 13
24 0 U 2
25 1 U 24
26 1 U 25
27 0 L 15
28 0 U 5
29 1 U 28
30 1 U 28
31 1 L 1
32 1 U 30
33 0 L 12
34 1 U 30
35 1 U -1
36 0 L 20
37 0 U 36
38 1 L 30
39 0 U 38
40 1 U 30
41 0 U 40
42 0 U -1
43 0 U 42
44 0 U 43
45 1 U 44
46 0 U 45
47 0 L 0
48 1 U 47
49 1 U -1
50 0 U 17
51 1 U 50
52 1 U 10
53 0 U 52
54 1 U 53
55 0 U 54
56 1 L 51
57 1 U 56
58 0 U 23
59 0 U 58
60
0 1 U -1
1 1 L 0
2 1 U 1
3 1 U 1
4 0 L 2
5 1 L 2
6 1 U 3
7 0 L 4
8 0 U 7
9 1 L 0
10 0 U 9
11 0 U 10
12 0 L 9
13 0 U 5
14 1 L -1
15 1 L 3
16 0 L 14
17 0 U 16
18 1 U 17
19 0 U 8
20 0 L 4
21 1 U 6
22 1 U 21
23 1 U 13
24 0 U 2
25 1 U 24
26 1 U 25
27 0 L 15
28 0 U 5
29 1 U 28
30 1 U 28
31 1 L 1
32 1 U 30
33 0 L 12
34 1 U 33
35 1 U -1
36 0 L 20
37 0 U 36
38 1 L 30
39 0 U 38
40 1 U 30
41 0 U 40
42 0 U -1
43 0 U 42
44 0 U 43
45 0 U 7
46 0 U 45
47 0 L 0
48 1 U 24
49 1 U -1
50 0 U 17
51 1 U 50
52 1 U 10
53 0 U 52
54 1 U 53
55 1 U 11
56 1 L 51
57 1 U 56
58 0 U 23
59 0 U 58
60
0 1 U -1
1 1 L 0
2 1 U 1
3 1 U 1
4 0 L 2
5 1 L 2
6 1 U 3
7 0 L 4
8 0 U 7
9 0 U 8
10 0 U 9
11 0 U 10
12 0 L 9
13 0 U 5
14 1 L -1
15 1 L 3
16 0 L 14
17 0 U 16
18 1 U 17
19 0 U 8
20 0 U 9
21 1 U 6
22 1 U 21
23 0 L 1
24 0 U 2
25 1 U 24
26 1 U 25
27 0 L 15
28 0 U 5
29 1 U 28
30 1 L 7
31 1 L 1
32 1 U 30
33 0 L 12
34 1 U 33
35 1 U -1
36 0 L 20
37 0 U 36
38 1 L 30
39 0 U 38
40 1 U 30
41 0 U 40
42 0 U -1
43 0 U 42
44 0 U 43
45 1 U 44
46 1 L 41
47 0 L 0
48 1 U 47
49 1 U -1
50 0 U 17
51 1 U 50
52 1 U 10
53 1 U 24
54 1 U 53
55 0 U 54
56 1 L 51
57 1 U 56
58 0 U 23
59 0 U 58
60
0 1 U -1
1 1 U 0
2 1 U 1
3 1 U 1
4 0 L 2
5 1 L 2
6 1 U 3
7 0 L 4
8 0 U 7
9 0 U 8
10 1 L 2
11 0 U 10
12 0 L 9
13 0 U 5
14 1 L -1
15 1 L 3
16 0 U 5
17 0 U 16
18 1 U 17
19 0 U 8
20 0 U 9
21 1 U 6
22 1 U 21
23 1 U 13
24 0 U 2
25 1 U 24
26 1 U 25
27 0 L 15
28 0 U 5
29 1 U 28
30 1 U 28
31 1 L 1
32 0 L 17
33 0 L 12
34 1 U 33
35 1 U -1
36 0 L 20
37 0 U 36
38 1 L 30
39 0 L 24
40 1 U 30
41 0 U 40
42 0 U -1
43 0 U 42
44 0 U 43
45 1 U 44
46 0 U 45
47 0 L 0
48 0 U 30
49 1 U -1
50 0 U 17
51 1 U 50
52 1 U 10
53 1 U 35
54 1 U 53
55 0 U 54
56 1 L 51
57 1 U 56
58 0 U 23
59 0 U 58
60
0 1 U -1
1 1 L 0
2 1 U 1
3 1 U 1
4 0 L 2
5 1 L 2
6 1 U 3
7 0 L 3
8 0 U 7
9 0 U 8
10 0 U 9
11 0 U -1
12 0 L 9
13 0 U 5
14 1 L -1
15 1 L 3
16 0 L 14
17 0 U 16
18 1 U 17
19 0 U 8
20 0 U 9
21 1 U 6
22 1 U 21
23 1 U 13
24 0 U 2
25 1 U 24
26 1 U 25
27 0 L 15
28 0 U 5
29 1 U 28
30 1 U 28
31 1 L 1
32 1 U 30
33 0 L 12
34 1 U 33
35 1 U -1
36 0 L 20
37 0 U 36
38 1 L 30
39 0 U 38
40 1 U 30
41 1 U 32
42 1 U -1
43 0 U 42
44 0 U 43
45 1 U 44
46 0 U 45
47 0 L 0
48 1 U 47
49 1 U -1
50 0 U 17
51 1 U 50
52 1 U 10
53 0 U 46
54 1 U 53
55 0 U 54
56 1 L 51
57 1 U 56
58 0 U 23
59 1 L 29
60
0 1 U -1
1 1 L 0
2 1 U 1
3 1 U 1
4 0 L 2
5 1 L 2
6 1 U 3
7 0 L 3
8 0 U 7
9 0 U 8
10 0 U 9
11 0 U 10
12 0 L 9
13 0 L 1
14 1 L -1
15 1 L 3
16 0 L 14
17 0 U 16
18 1 L 7
19 0 U 8
20 0 U 9
21 1 U 6
22 1 U 21
23 1 U 13
24 0 U 2
25 1 U 24
26 1 U 25
27 0 L 15
28 0 U 5
29 1 U 28
30 1 U 28
31 1 L 1
32 1 U 30
33 0 L 12
34 1 U 33
35 1 U -1
36 0 L 20
37 0 U 36
38 1 L 30
39 0 U 38
40 1 U 30
41 0 L 17
42 0 U -1
43 0 U 42
44 0 U 43
45 1 U 44
46 0 U 45
47 0 L 0
48 1 U 47
49 1 U -1
50 0 U 17
51 1 U 50
52 1 U 10
53 0 U 52
54 1 U 53
55 0 U 54
56 1 L 51
57 1 U 56
58 0 U 23
59 0 U 58
60
0 1 U -1
1 1 L 0
2 1 U 1
3 1 U 1
4 0 L 2
5 1 L 2
6 1 U 3
7 0 L 4
8 0 L 1
9 0 U 8
10 0 U 9
11 0 U 10
12 0 L 9
13 0 U 5
14 1 L -1
15 1 L 3
16 0 L 14
17 0 U 16
18 1 U 17
19 0 U 8
20 0 U 9
21 1 U 6
22 1 U 21
23 1 U 13
24 0 U 2
25 1 U 24
26 1 U 25
27 0 L 15
28 0 U 5
29 1 U 28
30 1 U 28
31 1 L 1
32 1 U 30
33 0 L 12
34 1 U 33
35 1 U -1
36 0 L 20
37 0 U 36
38 1 L 30
39 0 U 38
40 1 U 30
41 0 U 40
42 0 U -1
43 0 U 42
44 0 U 43
45 1 U 44
46 0 U 45
47 0 L 0
48 1 U 47
49 0 U 12
50 0 U 17
51 1 U 50
52 1 U 10
53 0 U 52
54 1 U 53
55 0 U 54
56 1 L 51
57 1 U 56
58 1 U 51
59 0 L 55
60
0 0 L -1
1 1 L 0
2 1 U 1
3 1 U 1
4 0 L 2
5 1 L 2
6 1 U 3
7 0 L 4
8 0 U 7
9 0 U 8
10 0 U 9
11 0 U 10
12 0 L 9
13 0 U 5
14 1 L -1
15 0 L 9
16 0 L 14
17 0 U 16
18 1 U 17
19 0 U 8
20 0 U 9
21 1 U 6
22 1 U 21
23 1 U 13
24 0 U 2
25 1 U 24
26 1 U 25
27 0 L 15
28 0 U 5
29 1 U 28
30 1 U 28
31 1 L 1
32 1 U 30
33 1 U 7
34 1 U 33
35 1 U -1
36 0 L 20
37 0 U 36
38 1 L 30
39 0 U 38
40 1 U 30
41 0 U 40
42 0 U -1
43 0 U 42
44 0 U 43
45 1 U 44
46 0 U 45
47 0 L 0
48 1 U 47
49 1 U -1
50 1 L 48
51 1 U 50
52 1 U 10
53 1 U 17
54 1 U 53
55 0 U 54
56 1 L 51
57 1 U 56
58 0 U 23
59 0 U 58
60
0 1 U -1
1 0 L -1
2 1 U 1
3 1 U 1
4 1 U 1
5 1 L 2
6 1 U 3
7 0 L 4
8 0 U 7
9 0 U 8
10 0 U 9
11 0 U 10
12 0 L 9
13 0 U 5
14 1 L -1
15 1 L 4
16 1 U 10
17 0 U 16
18 1 U 17
19 0 U 8
20 0 U 9
21 1 U 6
22 0 L 12
23 1 U 13
24 0 U 2
25 1 U 24
26 1 U 25
27 0 L 15
28 0 U 5
29 1 U 16
30 1 U 28
31 1 L 1
32 1 U 30
33 0 L 12
34 1 U 33
35 1 U -1
36 0 L 20
37 0 U 36
38 1 L 30
39 0 U 38
40 1 U 30
41 0 U 40
42 0 U -1
43 1 U 42
44 0 U 43
45 1 U 44
46 0 L -1
47 0 L 0
48 1 U 47
49 1 U -1
50 0 U 17
51 1 U 50
52 1 U 10
53 0 U 52
54 1 U 53
55 0 U 54
56 1 L 51
57 1 U 56
58 1 L 31
59 0 U 58
60
0 1 U -1
1 1 L 0
2 1 L 1
3 1 U 1
4 0 L 2
5 1 L 2
6 1 U 3
7 0 L 3
8 0 U 7
9 0 U 8
10 0 U 9
11 0 U 10
12 0 U -1
13 0 U 5
14 1 L 8
15 1 L 3
16 0 L 10
17 0 U 16
18 1 U 17
19 0 U 8
20 0 U 15
21 1 U 6
22 1 U 21
23 1 U 13
24 0 U 2
25 1 U 24
26 1 U 25
27 0 L 15
28 0 U 5
29 1 U 28
30 1 U 28
31 1 L 1
32 1 U 30
33 0 L 12
34 1 U 33
35 1 U -1
36 0 L 20
37 0 U 36
38 1 L 30
39 1 L 5
40 1 U 30
41 0 U 40
42 0 U -1
43 0 U 42
44 0 U 43
45 1 U 44
46 0 U 45
47 0 L 0
48 1 U 47
49 1 U -1
50 0 U 17
51 1 U 50
52 1 U 10
53 0 U 52
54 1 U 53
55 0 U 54
56 1 L 51
57 1 U 56
58 1 U 17
59 0 U 30
60
0 1 U -1
1 1 L 0
2 0 L 0
3 1 U 1
4 0 L 2
5 1 L 2
6 1 U 3
7 1 L -1
8 0 U 7
9 1 L 2
10 0 U 9
11 0 U 10
12 0 L 9
13 0 U 5
14 1 L -1
15 1 L 3
16 0 L 14
17 1 L 16
18 1 U 17
19 0 U 8
20 0 U 9
21 1 U 6
22 1 U 21
23 1 U 13
24 0 U 2
25 1 U 24
26 1 U 25
27 0 L 15
28 0 U 5
29 1 U 28
30 1 U 28
31 1 L 1
32 1 U 30
33 0 L 12
34 1 U 33
35 1 U -1
36 0 L 20
37 0 U 36
38 1 L 30
39 0 U 38
40 1 U 39
41 0 U 40
42 0 U -1
43 0 U 42
44 0 U 43
45 1 U 0
46 0 U 45
47 1 L 9
48 1 U 47
49 1 U -1
50 0 U 17
51 1 U 50
52 1 U 10
53 0 U 52
54 1 U 53
55 0 U 54
56 1 L 51
57 1 U 56
58 0 U 23
59 0 L 6
60
0 1 U -1
1 1 L 0
2 1 U 1
3 1 U 1
4 0 L 2
5 1 L 2
6 1 U 3
7 0 L 4
8 0 U 7
9 0 U 0
10 0 U 9
11 0 U 10
12 0 L 9
13 0 U 5
14 1 L -1
15 1 L 3
16 0 L 14
17 0 U 16
18 1 U 17
19 1 L 2
20 0 U -1
21 1 U 6
22 1 U 21
23 1 U 13
24 0 U 2
25 1 L 15
26 1 U 25
27 0 L 15
28 0 U 5
29 1 U 28
30 0 L 4
31 1 L 1
32 1 U 30
33 0 L 12
34 1 U 33
35 1 U -1
36 0 L 20
37 0 U 36
38 1 L 30
39 1 U 5
40 0 L 4
41 0 U 40
42 0 U -1
43 0 U 42
44 0 U 43
45 1 U 44
46 0 U 45
47 0 L 0
48 1 U 47
49 1 U -1
50 0 U 17
51 1 U 50
52 1 U 10
53 0 U 52
54 1 U 53
55 0 U 54
56 1 L 51
57 1 U 56
58 0 U 23
59 0 U 58
60
0 1 U -1
1 1 L 0
2 1 U 1
3 1 U 1
4 0 L 2
5 1 L 2
6 1 U 3
7 0 L 4
8 0 U 7
9 0 U 8
10 0 U 9
11 0 U 10
12 0 L 9
13 0 U 5
14 1 L -1
15 1 L 3
16 0 L 14
17 0 U 16
18 1 U 17
19 0 L 5
20 0 U 9
21 1 U 6
22 1 U 21
23 1 U 13
24 0 U 2
25 1 U 24
26 1 U 25
27 0 L 15
28 0 U 5
29 1 U 28
30 1 U 28
31 1 L 1
32 1 U 30
33 0 L 12
34 1 U 33
35 1 U -1
36 0 L 20
37 0 U 36
38 1 L 30
39 0 U 38
40 1 U 30
41 0 U 40
42 1 U 35
43 0 U 42
44 0 U 43
45 1 U 44
46 0 U 45
47 0 L 0
48 1 U 47
49 1 U -1
50 0 U 17
51 1 U 50
52 1 U 10
53 0 U 52
54 1 U 53
55 0 U 54
56 0 U 28
57 1 U 56
58 0 U 23
59 0 U 58
60
0 1 U -1
1 1 L 0
2 1 U 1
3 1 U 1
4 0 L 2
5 1 L 2
6 1 U 3
7 0 L 4
8 0 U 7
9 0 U 8
10 0 U 9
11 0 U 10
12 0 L 9
13 1 U 8
14 1 L -1
15 1 L 3
16 0 L 14
17 0 U 16
18 1 U 17
19 0 U 8
20 0 U 9
21 1 U 6
22 1 U 21
23 1 U 13
24 0 U 2
25 1 U 24
26 1 U 25
27 0 L 15
28 0 U 5
29 1 U 28
30 1 U 28
31 1 L 1
32 1 U 30
33 0 L 12
34 1 U 33
35 1 U -1
36 0 L 20
37 0 U 36
38 1 L 30
39 0 U 38
40 1 U 30
41 0 U 40
42 0 U -1
43 0 U 42
44 0 U 43
45 1 U 44
46 0 U 45
47 1 U 0
48 1 U 47
49 1 U -1
50 0 U 17
51 1 U 50
52 1 U 10
53 0 U 52
54 1 U 53
55 0 U 54
56 1 L 51
57 0 L 54
58 0 U 23
59 0 U 58
60
0 1 U -1
1 1 L 0
2 1 U 1
3 1 U 1
4 0 L 2
5 1 L 2
6 1 U 3
7 0 L 4
8 0 U 7
9 0 U 8
10 0 U 9
11 0 U 10
12 0 L 9
13 0 U 0
14 1 L -1
15 1 L 3
16 0 L 14
17 0 U 16
18 1 U 17
19 0 U 8
20 0 U 13
21 1 U 6
22 1 U 21
23 1 U 13
24 0 U 2
25 1 U 24
26 1 U 25
27 0 L 15
28 0 U 5
29 1 U 28
30 1 U 28
31 1 L 1
32 1 U 30
33 0 L 12
34 1 U 33
35 1 U -1
36 0 L 20
37 0 U 36
38 1 L 30
39 0 U 38
40 1 U 30
41 0 U 40
42 0 U -1
43 0 U 42
44 0 U 43
45 1 U 44
46 0 U 45
47 0 L 0
48 1 U 47
49 1 U -1
50 0 U 17
51 1 U 50
52 1 U 10
53 0 U 52
54 1 U 53
55 0 U 54
56 1 L 51
57 1 U 56
58 0 U 23
59 0 U 58
60
0 1 U -1
1 1 L 0
2 1 U 1
3 1 U 1
4 0 L 2
5 1 L 3
6 1 U 3
7 0 L 4
8 0 U 7
9 0 U 8
10 0 U 9
11 0 U 10
12 0 L 9
13 0 U 5
14 1 L -1
15 1 L 3
16 0 L 14
17 0 U 16
18 1 U 9
19 0 U 8
20 0 U 9
21 1 U 6
22 1 U 21
23 1 U 13
24 0 U 2
25 1 U 24
26 1 U 25
27 0 L 15
28 0 L 12
29 1 U 28
30 1 U 28
31 1 L 1
32 1 U 30
33 0 L 12
34 1 U 33
35 1 U -1
36 0 L 20
37 0 U 36
38 1 L 30
39 0 U 38
40 1 U 30
41 0 U 40
42 0 U -1
43 0 U 42
44 0 U 43
45 1 U 44
46 1 U 28
47 0 L 0
48 1 U 47
49 1 U -1
50 0 U 17
51 1 U 50
52 1 U 10
53 0 U 52
54 1 U 53
55 0 U 54
56 1 L 51
57 1 U 56
58 0 U 23
59 0 U 58
60
0 1 U -1
1 1 L 0
2 1 U 1
3 1 U 1
4 0 L 2
5 1 L 2
6 1 U 3
7 0 L 4
8 0 U 7
9 0 U 8
10 0 U 9
11 0 U 10
12 0 L 9
13 0 U 5
14 1 U 7
15 1 L 3
16 0 L 14
17 0 U 16
18 1 U 17
19 0 U 8
20 0 U 9
21 1 U 6
22 1 U 21
23 0 U 7
24 0 U 2
25 1 U 24
26 1 U 25
27 0 L 15
28 0 U 5
29 1 U 28
30 1 U 28
31 1 L 1
32 1 U 30
33 0 L 12
34 1 U 33
35 1 U -1
36 0 L 20
37 0 L 5
38 1 L 30
39 1 U 0
40 1 U 30
41 0 U 40
42 0 U -1
43 0 U 42
44 0 U 43
45 1 U 44
46 0 U 45
47 1 U 13
48 1 U 47
49 1 U -1
50 1 L 47
51 1 U 50
52 1 U 10
53 0 U 52
54 1 U 53
55 0 U 54
56 1 L 51
57 1 U 56
58 0 U 23
59 0 U 43
60
0 1 U -1
1 1 L 0
2 1 L 0
3 1 U 1
4 1 U 3
5 1 L 2
6 1 U 3
7 0 L 4
8 0 U 1
9 0 U 8
10 0 U 9
11 0 U 10
12 0 L 9
13 0 U 5
14 1 L -1
15 1 L 3
16 0 L 14
17 0 U 16
18 1 U 17
19 0 U 8
20 0 U 9
21 1 U 6
22 1 U 0
23 1 U 13
24 0 U 2
25 1 U 24
26 1 U 25
27 0 L 15
28 0 U 5
29 0 L 14
30 1 U 28
31 1 L 1
32 1 U 30
33 0 L 12
34 1 U 33
35 1 L 2
36 0 L 20
37 0 U 36
38 1 L 30
39 0 U 38
40 1 U 30
41 0 L 5
42 0 U -1
43 0 U 42
44 0 U 43
45 1 U 44
46 0 U 45
47 0 L 0
48 0 U 31
49 0 U 9
50 0 U 17
51 1 U 50
52 1 U 10
53 0 U 52
54 1 U 53
55 0 U 54
56 1 L 51
57 1 U 56
58 0 U 23
59 0 U 58
60
0 0 U -1
1 1 L 0
2 1 U 1
3 1 U 1
4 0 L 2
5 1 L 2
6 1 U 3
7 0 L 4
8 0 U 7
9 0 U 8
10 0 U 9
11 0 U 10
12 1 L 8
13 0 U 5
14 1 L -1
15 1 L 3
16 1 U 15
17 0 U 16
18 0 U 15
19 0 U 8
20 0 U 9
21 1 U 6
22 1 U 21
23 1 U 13
24 0 U 2
25 1 U 24
26 1 U 25
27 0 L 19
28 1 L 13
29 1 U 28
30 1 U 28
31 0 U 13
32 1 U 30
33 1 L 11
34 1 U 33
35 1 U -1
36 0 L 20
37 0 U 36
38 1 L 33
39 0 U 38
40 1 U 30
41 1 L 32
42 0 U -1
43 0 U 42
44 0 U 43
45 1 U 44
46 0 U 45
47 0 L 0
48 1 U 47
49 1 U -1
50 0 U 17
51 1 U 50
52 1 U 10
53 1 L 10
54 1 U 53
55 0 U 54
56 1 L 51
57 1 U 56
58 0 U 23
59 1 U 38
60
0 1 U -1
1 1 L 0
2 1 L -1
3 1 U 1
4 0 L 2
5 1 L 2
6 1 U 3
7 0 L 4
8 1 U 2
9 0 U 0
10 0 U 9
11 0 U 10
12 0 L 9
13 0 U 5
14 0 U 4
15 1 L 3
16 0 L 14
17 0 U 16
18 1 U 17
19 0 U 8
20 0 U 9
21 1 U 6
22 1 U 21
23 1 U 13
24 0 U 2
25 1 U 24
26 1 U 25
27 0 L 15
28 0 U 5
29 1 U 28
30 1 U 28
31 1 L 1
32 1 U 30
33 0 L 12
34 1 U 33
35 1 L 14
36 0 L 20
37 0 U 36
38 1 L 30
39 0 U 38
40 1 U 30
41 0 U 40
42 0 U -1
43 1 U 23
44 0 U 43
45 1 U 44
46 0 L 27
47 0 L 0
48 1 U 47
49 1 U -1
50 0 U 17
51 1 U 50
52 1 U 10
53 0 U 52
54 0 U 13
55 0 U 54
56 1 L 51
57 1 U 56
58 0 U 23
59 0 U 58
60
0 1 U -1
1 1 L 0
2 0 L 1
3 1 U 1
4 0 L 2
5 1 L 2
6 1 U 3
7 0 L 4
8 0 U 7
9 0 U 8
10 0 U 9
11 0 U 10
12 1 L 3
13 1 L 9
14 1 L -1
15 1 L 3
16 0 L 14
17 0 U 16
18 1 U 17
19 0 U 8
20 0 U 9
21 1 U 6
22 1 U 21
23 1 U 13
24 0 U 2
25 1 L 16
26 1 U 25
27 0 L 15
28 0 U 5
29 1 U 28
30 1 U 28
31 1 L 1
32 1 L 5
33 0 L 12
34 1 U 33
35 0 L 34
36 0 L 20
37 0 U 36
38 1 L 30
39 0 U 38
40 1 U 30
41 0 U 40
42 0 U 11
43 0 U 42
44 0 U 43
45 1 U 44
46 0 U 45
47 0 L 0
48 1 U 41
49 0 L 25
50 0 U 1
51 1 U 50
52 1 U 10
53 0 U 52
54 1 U 53
55 0 U 54
56 1 L 51
57 1 U 56
58 0 U 23
59 0 U 58
60
0 1 U -1
1 1 L 0
2 1 U 1
3 1 U 1
4 0 L 2
5 1 L 2
6 1 U 3
7 0 L 4
8 0 U 7
9 1 L 1
10 0 U 9
11 0 U 0
12 1 U 2
13 0 U 5
14 1 L -1
15 1 L 3
16 1 L 7
17 0 U 16
18 1 U 17
19 0 U 8
20 0 U 9
21 1 U 6
22 1 U 21
23 1 U 13
24 0 U 2
25 1 U 24
26 1 U 25
27 0 L 15
28 0 U 5
29 1 U 28
30 0 U 0
31 1 U 25
32 1 U 30
33 0 L 12
34 1 U 33
35 1 U -1
36 0 L 20
37 0 U 36
38 1 L 30
39 0 U 38
40 1 U 30
41 0 U 40
42 0 U -1
43 0 U 42
44 0 U 43
45 0 L 21
46 0 U 45
47 0 L 0
48 1 U 47
49 1 U -1
50 0 U 17
51 1 U 50
52 0 L 17
53 0 U 52
54 1 U 53
55 0 U 54
56 1 L 51
57 1 U 56
58 0 U 23
59 0 L 10
60
0 1 U -1
1 1 L 0
2 1 U 1
3 1 U 1
4 0 L 2
5 1 L 2
6 1 U 3
7 0 L -1
8 0 U 7
9 0 U 8
10 0 U 9
11 0 U 10
12 0 L 9
13 0 U 5
14 1 L -1
15 1 L 3
16 0 L 14
17 0 U 16
18 1 U 17
19 0 U 8
20 0 U 9
21 1 U 6
22 1 U 21
23 1 U 13
24 0 U 2
25 1 U 24
26 1 U 25
27 0 L 15
28 0 U 5
29 1 U 28
30 1 U 28
31 1 L 1
32 1 U 30
33 0 L 12
34 1 U 33
35 1 U -1
36 1 U 17
37 0 U 36
38 1 L 30
39 0 U 38
40 1 U 30
41 0 U 40
42 0 U 6
43 0 L 0
44 0 U 43
45 1 U 44
46 0 U 45
47 0 L 0
48 0 L 7
49 1 U -1
50 0 U 17
51 1 U 50
52 1 U 10
53 0 U 52
54 1 U 53
55 0 U 54
56 1 L 51
57 1 U 56
58 1 U 36
59 0 U 58
60
0 1 U -1
1 1 L 0
2 1 U 1
3 1 U 1
4 0 L 2
5 1 L 2
6 1 U 3
7 0 L 4
8 0 U 7
9 0 U 8
10 0 U 9
11 0 U 10
12 0 L 9
13 1 U 4
14 1 L -1
15 1 L 3
16 0 L 14
17 0 U 16
18 1 U 17
19 0 U 8
20 0 U 9
21 1 U 6
22 1 U 21
23 1 U 13
24 0 U 2
25 1 U 24
26 1 U 25
27 0 L 15
28 0 U 5
29 1 U 28
30 1 U 28
31 1 L 1
32 1 U 30
33 0 L 12
34 1 U 33
35 1 U -1
36 1 U 2
37 0 U 36
38 1 L 30
39 1 L 13
40 1 U 30
41 0 U 40
42 0 U -1
43 0 U 42
44 0 U 43
45 1 U 44
46 0 U 45
47 0 L 0
48 1 U 47
49 1 U -1
50 0 U 17
51 1 U 50
52 1 U 10
53 0 U 52
54 1 U 53
55 0 U 54
56 1 L 51
57 0 L 12
58 0 U 23
59 0 U 58
60
0 1 U -1
1 1 L 0
2 1 U 1
3 1 U 1
4 1 L -1
5 1 L 2
6 1 U 3
7 0 L 4
8 0 U 7
9 0 U 8
10 0 U 9
11 0 U 10
12 0 L 0
13 0 U 5
14 1 L -1
15 1 L 3
16 0 L 14
17 0 U 16
18 1 U 17
19 0 U 8
20 0 U 9
21 1 U 6
22 1 U 21
23 1 U 13
24 0 U 2
25 1 U 24
26 1 U 25
27 0 L 15
28 0 U 5
29 1 U 28
30 0 U 14
31 0 U 11
32 1 U 30
33 0 L 12
34 1 U 33
35 0 U 11
36 0 L 20
37 0 U 36
38 0 U 6
39 0 U 38
40 1 U 30
41 0 U 40
42 0 U -1
43 0 U 42
44 0 U 43
45 1 L 33
46 0 U 45
47 0 L 1
48 1 U 47
49 0 U 24
50 0 U 17
51 1 U 50
52 1 U 10
53 0 U 52
54 1 U 53
55 0 U 54
56 1 L 51
57 1 U 56
58 0 U 16
59 0 U 58
60
0 1 U -1
1 0 L -1
2 1 U 1
3 1 U 1
4 0 L 2
5 1 L 2
6 1 U 3
7 0 L 4
8 1 L 3
9 0 U 8
10 0 U 9
11 0 U 10
12 0 L 9
13 0 U 5
14 1 L -1
15 1 L 3
16 0 L 14
17 1 L 16
18 1 U 17
19 0 U 8
20 0 L 8
21 1 U 6
22 1 U 21
23 1 U 13
24 0 U 2
25 1 U 24
26 1 U 25
27 0 L 15
28 0 U 5
29 1 U 28
30 1 U 28
31 1 L 1
32 1 U 30
33 0 L 12
34 1 U 33
35 1 U -1
36 0 L 20
37 0 U 36
38 1 L 30
39 0 U 38
40 1 U 30
41 1 U 18
42 0 U -1
43 0 U 42
44 0 U 43
45 1 U 44
46 0 U 45
47 0 L 0
48 1 U 47
49 1 U -1
50 0 U 17
51 0 L 29
52 1 U 10
53 0 U 52
54 1 U 53
55 1 U 35
56 1 L 51
57 0 L 18
58 0 U 23
59 0 U 58
60
0 1 U -1
1 1 L 0
2 1 U 1
3 1 U 1
4 0 L 2
5 1 L 2
6 1 U 3
7 0 L 4
8 0 L 5
9 0 U 8
10 0 U 9
11 0 U -1
12 0 L 9
13 0 U 5
14 1 L -1
15 0 U 13
16 0 L 14
17 1 L 2
18 1 U 17
19 0 U 8
20 0 U 9
21 1 U 6
22 1 U 21
23 1 U 13
24 0 U 2
25 1 U 24
26 1 U 25
27 0 L 15
28 0 U 5
29 1 U 28
30 1 U 28
31 1 L 1
32 1 U 30
33 0 L 12
34 1 U 33
35 1 L 12
36 0 L 20
37 0 U 22
38 0 U 17
39 0 U 38
40 1 U 30
41 0 U 40
42 0 U -1
43 0 U 42
44 0 U 43
45 1 U 44
46 0 U 45
47 0 L 0
48 1 U 47
49 1 U -1
50 0 U 17
51 1 U 50
52 1 U 10
53 0 U 52
54 1 U 53
55 0 U 54
56 1 L 51
57 1 U 56
58 0 U 23
59 0 U 58
60
0 1 U -1
1 1 L 0
2 1 U 1
3 1 U 1
4 0 L 2
5 0 L 0
6 1 U 3
7 0 L 4
8 0 L 3
9 0 U 8
10 0 U 9
11 0 U 10
12 0 L 9
13 0 U 5
14 1 L 11
15 1 L 3
16 0 L 14
17 0 U 16
18 1 U 17
19 0 U 8
20 0 U 9
21 1 U 6
22 0 L 14
23 1 U 13
24 0 U 2
25 1 U 24
26 1 U 25
27 0 L 15
28 0 U 5
29 1 U 28
30 1 U 28
31 1 L 1
32 0 U 18
33 0 L 12
34 1 U 33
35 1 U -1
36 1 L 34
37 0 L 24
38 1 L 30
39 0 U 38
40 1 U 30
41 0 U 40
42 0 U -1
43 0 U 42
44 0 L 38
45 1 U 44
46 0 U 45
47 0 L 0
48 1 U 47
49 1 U -1
50 0 U 17
51 1 U 50
52 0 U 44
53 0 U 52
54 1 U 53
55 0 U 54
56 1 L 51
57 1 L 47
58 0 U 23
59 0 U 58
60
0 1 U -1
1 1 L 0
2 1 U 1
3 1 U 1
4 0 L 2
5 1 L 2
6 1 U 3
7 0 L 4
8 0 U 7
9 0 U 8
10 0 U 9
11 0 U 10
12 0 L 9
13 0 U 5
14 1 L -1
15 1 L 3
16 1 L 14
17 0 L 16
18 1 U 17
19 0 U 9
20 0 U 9
21 1 U 6
22 1 U 21
23 0 L 9
24 0 U 2
25 1 U 24
26 1 U 25
27 0 L 15
28 0 U 5
29 1 U 28
30 1 U 28
31 1 L 1
32 1 U 30
33 0 L 12
34 1 U 33
35 1 U -1
36 0 L 20
37 0 U 36
38 1 L 30
39 0 U 38
40 1 U 30
41 0 U 40
42 0 U -1
43 0 U 42
44 0 U 43
45 1 U 44
46 0 U 45
47 1 U 15
48 1 U 47
49 1 U -1
50 0 U 17
51 1 U 50
52 1 U 10
53 1 U 20
54 1 U 53
55 0 U 54
56 1 L 51
57 1 U 56
58 0 U 23
59 0 U 58
60
0 0 U -1
1 0 U -1
2 1 U 1
3 1 U 1
4 0 L 2
5 1 L 3
6 1 U 3
7 0 L 4
8 0 U 7
9 0 U 8
10 0 U 9
11 0 U 10
12 0 L 9
13 0 L 0
14 1 L -1
15 1 L 3
16 0 L 14
17 0 U 16
18 1 U 17
19 0 U 8
20 0 U 9
21 1 U 9
22 1 U 21
23 1 U 13
24 0 U 2
25 1 U 24
26 1 U 25
27 0 L 15
28 0 U 5
29 1 U 7
30 1 U 28
31 1 L 1
32 1 U 30
33 0 L 12
34 1 U 33
35 1 U -1
36 0 L 20
37 0 U 36
38 1 L 30
39 0 U 38
40 1 U 30
41 0 U 40
42 0 U -1
43 0 U 42
44 0 U 43
45 1 U 44
46 0 U 45
47 0 L 0
48 1 U 47
49 1 U -1
50 0 U 17
51 1 U 50
52 1 U 10
53 0 U 44
54 1 U 7
55 0 U 54
56 1 L 51
57 1 U 56
58 0 U 23
59 0 U 58
60
0 1 U -1
1 1 L 0
2 1 U 1
3 1 U 1
4 0 L 2
5 1 L 2
6 1 U 3
7 0 L 4
8 1 L 3
9 0 U 8
10 0 U 9
11 0 U 10
12 0 L 9
13 0 U 5
14 1 L -1
15 1 L 3
16 0 L 14
17 0 U 16
18 1 U 17
19 0 U 8
20 0 U 9
21 1 U 6
22 1 U 21
23 1 U 13
24 0 U 2
25 1 U 24
26 1 U 25
27 0 L 15
28 1 U 16
29 1 U 28
30 1 U 28
31 1 L 1
32 1 U 30
33 0 L 12
34 1 U 33
35 1 U -1
36 0 L 20
37 0 U 36
38 1 L 30
39 1 U 9
40 1 U 30
41 0 U 40
42 0 U -1
43 0 L -1
44 0 U 43
45 1 U 44
46 0 U 45
47 0 L 0
48 1 U 47
49 1 U -1
50 0 U 17
51 1 U 50
52 1 U 10
53 0 U 52
54 1 U 53
55 0 U 54
56 1 L 51
57 1 U 56
58 0 U 23
59 0 U 58
60
0 1 U -1
1 1 L 0
2 1 U 1
3 1 U 1
4 0 L 2
5 1 L 2
6 1 U -1
7 0 L 4
8 0 U 7
9 0 U 8
10 0 U 9
11 0 U 10
12 0 L 9
13 0 U 5
14 1 L -1
15 1 L 3
16 0 L 14
17 0 U 16
18 1 U 17
19 0 U 8
20 1 L 18
21 1 U 6
22 1 U 21
23 1 U 13
24 0 L 14
25 1 U 24
26 1 U 25
27 0 L 15
28 0 U 5
29 1 U 28
30 1 U 28
31 1 L 1
32 1 U 30
33 0 L 12
34 1 U 33
35 1 U -1
36 0 L 20
37 0 U 36
38 1 L 30
39 0 U 38
40 1 U 30
41 0 U 40
42 0 U -1
43 0 U 42
44 0 U 43
45 1 U 44
46 1 U 33
47 0 L 0
48 1 U 47
49 1 U -1
50 0 U 17
51 1 U 50
52 1 U 10
53 0 U 52
54 1 U 53
55 0 U 54
56 1 L 51
57 1 U 56
58 1 L 45
59 0 U 58
