57
0 0 U -1
1 1 U 0
2 0 U 1
3 0 U 2
4 0 U 3
5 0 U 4
6 1 U 5
7 0 U -1
8 0 U 7
9 1 U 8
10 1 U 9
11 1 U 10
12 0 U 11
13 0 U 12
14 0 U -1
15 0 U 14
16 1 U 15
17 1 U 16
18 0 U 17
19 1 U 18
20 1 U 19
21 1 U -1
22 1 U 21
23 0 U 22
24 0 U 23
25 1 U 24
26 0 U 25
27 0 U 26
28 0 U -1
29 1 U 28
30 1 U 29
31 1 U 30
32 0 U 31
33 1 U 32
34 1 U 33
35 0 U -1
36 1 U 35
37 0 U 36
38 1 U 37
39 1 U 38
40 1 U 39
41 1 U 40
42 1 U -1
43 1 U 42
44 0 U 43
45 1 U 44
46 0 U 45
47 1 U 46
48 1 U 47
49 0 U -1
50 0 U 49
51 0 U 50
52 0 U 51
53 1 U 52
54 1 U 53
55 1 U 54
56 0 U -1
57
0 0 U -1
1 1 U 0
2 0 L 1
3 0 U 2
4 0 U 3
5 0 U 4
6 1 U 5
7 0 U 3
8 0 U 7
9 1 U 8
10 1 U 9
11 1 U 10
12 0 U 11
13 0 U 12
14 0 U -1
15 0 U 14
16 1 U 15
17 1 U 16
18 0 U 17
19 1 U 18
20 1 U 19
21 1 U -1
22 1 L -1
23 0 U 22
24 0 U 23
25 1 U 24
26 0 U 25
27 0 U 26
28 0 U -1
29 1 U 28
30 0 U 3
31 1 U 30
32 0 U 31
33 0 L -1
34 1 U 33
35 0 U -1
36 1 U 35
37 0 U 36
38 1 U 37
39 1 U 38
40 1 U 39
41 1 U 40
42 1 U -1
43 1 U 42
44 0 U 43
45 1 U 44
46 0 U 45
47 1 U 46
48 1 U 34
49 0 U -1
50 0 U 49
51 1 L 39
52 0 U 51
53 1 U 52
54 1 U 53
55 1 U 54
56 0 U -1
57
0 0 U -1
1 1 U 0
2 0 L 1
3 0 U 2
4 0 U 3
5 0 U 4
6 1 U 5
7 0 U 3
8 0 U 7
9 1 U 8
10 1 U 9
11 1 U 10
12 0 U 11
13 0 U 12
14 0 U -1
15 0 U 14
16 1 U 15
17 0 L 8
18 0 U 17
19 1 U 18
20 1 U 19
21 1 U -1
22 1 L -1
23 0 U 22
24 0 U 6
25 1 U 24
26 0 U 25
27 0 U 26
28 0 U -1
29 1 U 28
30 0 U 3
31 1 U 30
32 0 U 31
33 0 L -1
34 1 U 33
35 0 U -1
36 1 U 35
37 0 U 36
38 1 U 37
39 1 U 38
40 1 U 39
41 1 U 40
42 1 U -1
43 1 U 42
44 0 U 43
45 0 U 16
46 0 U 45
47 1 U 46
48 1 U 34
49 0 U -1
50 1 L 17
51 1 L 39
52 0 U 51
53 1 U 52
54 1 U 53
55 1 U 54
56 0 U -1
57
0 0 U -1
1 1 U 0
2 0 L 1
3 1 L -1
4 1 L 1
5 1 L -1
6 1 U 5
7 1 U 4
8 0 U 7
9 1 U 8
10 1 U 9
11 1 U 10
12 0 U 11
13 0 U 9
14 0 U -1
15 0 U 14
16 1 U 15
17 1 U 16
18 0 U 17
19 1 U 18
20 1 U 19
21 1 U -1
22 1 L -1
23 0 U 22
24 1 L 16
25 1 U 24
26 0 U 25
27 0 L 4
28 0 U -1
29 1 U 28
30 0 U 3
31 1 U 30
32 0 U 31
33 0 L -1
34 1 U 33
35 0 U -1
36 1 U 35
37 0 U 36
38 1 U 37
39 1 U 38
40 1 U 39
41 1 U 40
42 1 U -1
43 1 U 42
44 0 U 43
45 1 U 44
46 0 U 45
47 1 U 46
48 1 U 34
49 1 U 35
50 0 U 49
51 1 L 39
52 1 L 43
53 1 U 52
54 1 U 53
55 1 U 54
56 0 U -1
57
0 0 U -1
1 1 U 0
2 0 L 1
3 0 U 2
4 0 U 3
5 0 U 4
6 1 U 5
7 0 U 3
8 0 U 7
9 1 U 8
10 1 U 9
11 1 U 10
12 0 U 11
13 0 U 12
14 0 U -1
15 0 U 14
16 1 U 15
17 1 U 16
18 0 U 17
19 1 U 18
20 1 U 19
21 1 U -1
22 1 L -1
23 0 U 22
24 0 U 23
25 1 U 24
26 0 U 25
27 0 U 26
28 0 U -1
29 1 U 28
30 0 U 3
31 1 U 30
32 0 U 31
33 0 L -1
34 1 U 33
35 0 U -1
36 1 U 35
37 0 U 36
38 1 U 37
39 1 U 38
40 1 U 39
41 1 U 40
42 1 U -1
43 1 L 38
44 0 L 41
45 1 U 44
46 0 U 45
47 1 U 46
48 1 U 34
49 0 U -1
50 0 U 49
51 1 L 39
52 1 U 26
53 1 U 52
54 1 U 53
55 1 U 54
56 0 U -1
57
0 0 U -1
1 1 U 0
2 0 L 1
3 0 U 2
4 0 U 3
5 0 U 4
6 1 U 5
7 0 U 3
8 0 U 7
9 1 U 8
10 1 U 9
11 1 U 10
12 0 U 11
13 0 U 12
14 0 U -1
15 0 L 12
16 1 U 15
17 1 U 16
18 0 U 17
19 1 U 18
20 0 L 5
21 1 U -1
22 1 L -1
23 0 U 22
24 0 U 23
25 1 U 24
26 0 U 25
27 0 U 26
28 1 U 23
29 1 U 28
30 0 U 3
31 1 U 30
32 0 U 31
33 0 L -1
34 1 U 33
35 0 U -1
36 1 U 35
37 0 U 36
38 1 U 37
39 1 U 38
40 1 U 39
41 0 L 22
42 1 U -1
43 1 U 42
44 0 U 43
45 1 U 44
46 0 U 45
47 1 U 46
48 1 U 9
49 0 U -1
50 0 U 49
51 1 L 39
52 0 U 51
53 1 U 52
54 1 U 53
55 1 U 54
56 0 U -1
57
0 0 U -1
1 1 U 0
2 0 L 1
3 0 U 2
4 0 U 3
5 0 U 4
6 0 U 5
7 0 U 3
8 0 U 7
9 1 U 8
10 1 U 9
11 1 U 10
12 0 U 11
13 0 U 12
14 0 U -1
15 0 U 14
16 1 U 15
17 1 U 16
18 0 U 17
19 1 U 18
20 1 U 19
21 1 U -1
22 1 L -1
23 0 U 22
24 0 L -1
25 1 U 24
26 1 U 19
27 0 U 26
28 0 U -1
29 1 U 26
30 0 U 3
31 1 U 30
32 0 U 31
33 0 L -1
34 1 U 33
35 0 U -1
36 1 U 35
37 1 L 18
38 1 U 37
39 1 U 38
40 1 U 39
41 1 U 40
42 1 U -1
43 1 U 42
44 0 U 43
45 1 U 44
46 0 U 45
47 1 U 46
48 1 U 34
49 0 U -1
50 0 U 49
51 1 L 39
52 0 U 51
53 1 L 6
54 1 U 53
55 1 U 54
56 0 U -1
57
0 0 U -1
1 1 U 0
2 0 L 1
3 0 U 2
4 0 U 3
5 0 U 4
6 1 U 1
7 0 U 3
8 0 U 7
9 1 U 8
10 1 U 9
11 1 U 10
12 0 U 11
13 0 U 12
14 0 U -1
15 0 U 14
16 1 U 15
17 1 U 16
18 0 U 17
19 1 U 18
20 1 U 19
21 1 U -1
22 1 L -1
23 0 U 22
24 0 U 23
25 1 U 24
26 0 U 25
27 0 U 26
28 0 U -1
29 1 U 28
30 0 U 3
31 1 U 30
32 0 U 31
33 0 L -1
34 1 U 33
35 0 U -1
36 1 U 35
37 0 U 36
38 1 U 37
39 1 U 38
40 1 U 39
41 1 U 40
42 1 U -1
43 1 U 42
44 0 U 43
45 1 U 44
46 0 U 45
47 1 U 46
48 1 U 34
49 0 U -1
50 0 U 49
51 1 L 39
52 0 U 51
53 1 U 52
54 1 U 53
55 1 L 23
56 0 U -1
57
0 0 U -1
1 1 U 0
2 0 L 1
3 0 U 2
4 1 U -1
5 0 U 4
6 0 L -1
7 0 U 3
8 0 U 7
9 1 U 8
10 1 U 9
11 1 U 10
12 0 U 11
13 0 U 12
14 0 U -1
15 1 L 0
16 1 U 15
17 1 U 10
18 0 U 17
19 1 U 18
20 1 U 19
21 1 U -1
22 1 L -1
23 0 U 22
24 0 U 23
25 1 U 24
26 0 U 25
27 0 U 26
28 0 U -1
29 1 U 28
30 0 U 3
31 1 L 4
32 0 U 31
33 0 L -1
34 1 U 33
35 0 U -1
36 1 U 35
37 0 U 36
38 1 U 37
39 1 U 38
40 1 U 39
41 1 U 40
42 1 U -1
43 1 U 42
44 0 U 43
45 1 U 44
46 0 U 45
47 1 U 46
48 1 U 34
49 0 U -1
50 0 U 49
51 1 L 39
52 0 U 51
53 1 U 52
54 1 L 23
55 1 L 23
56 0 U -1
57
0 0 U -1
1 1 U 0
2 0 L 1
3 0 U 2
4 0 U 3
5 0 U 4
6 1 U 1
7 0 U 3
8 1 U 0
9 1 U 8
10 1 U 9
11 1 U 10
12 0 U 11
13 1 U 11
14 0 U -1
15 0 U 14
16 1 U 15
17 1 U 16
18 0 U 17
19 1 U 18
20 1 U 19
21 1 U -1
22 1 L -1
23 0 U 22
24 0 U 23
25 1 U 24
26 0 U 24
27 0 U 26
28 0 U -1
29 1 U 28
30 0 U 3
31 1 U 30
32 0 U 31
33 0 L -1
34 1 U 33
35 0 U -1
36 0 L 13
37 0 U 36
38 1 U 37
39 0 L 16
40 1 U 39
41 1 U 40
42 1 U -1
43 0 L 3
44 0 U 43
45 1 U 44
46 0 U 45
47 1 U 46
48 1 U 43
49 0 U -1
50 0 U 49
51 1 L 39
52 0 U 13
53 0 U -1
54 1 U 53
55 1 L 23
56 0 U -1
57
0 0 U -1
1 1 U 0
2 1 U -1
3 0 U 2
4 0 U 3
5 0 U 4
6 1 U 1
7 0 U 3
8 0 U 7
9 1 U 8
10 1 U 9
11 1 U 10
12 0 L 0
13 0 U 12
14 0 U -1
15 1 L 14
16 0 L -1
17 1 U 16
18 0 U 17
19 1 U 18
20 1 U 19
21 1 U -1
22 1 L -1
23 0 U 22
24 0 U 23
25 1 U 24
26 0 U 25
27 1 U 4
28 0 U 6
29 1 U 28
30 0 U 3
31 0 L 29
32 0 U 31
33 0 L -1
34 1 U 33
35 0 L 4
36 1 U 35
37 0 U 36
38 1 U 37
39 1 U 38
40 1 U 39
41 1 U 40
42 1 U -1
43 1 U 42
44 0 U 43
45 1 U 44
46 0 U 45
47 1 U 46
48 0 U 21
49 1 L 18
50 0 U 49
51 1 L 39
52 0 U 51
53 1 U 52
54 1 U 53
55 0 L 8
56 0 U -1
57
0 0 U -1
1 1 U 0
2 0 L 1
3 0 U 2
4 0 U 3
5 0 U 4
6 1 U 1
7 0 U 3
8 0 L 5
9 1 U 8
10 1 U 9
11 1 U 10
12 0 U 11
13 0 U 12
14 0 U -1
15 0 U 14
16 1 U 15
17 1 U 16
18 0 U 17
19 1 U 18
20 1 U 19
21 1 U -1
22 1 L -1
23 0 U 22
24 0 U 23
25 1 U 24
26 0 U 25
27 0 U 26
28 0 U -1
29 1 U 28
30 0 U 3
31 1 U 30
32 0 U 31
33 0 L -1
34 1 U 33
35 0 U -1
36 1 U 35
37 0 U 36
38 1 U 37
39 1 U 38
40 0 L 34
41 1 U 40
42 1 U -1
43 1 U 42
44 0 U 43
45 1 U 44
46 0 U 45
47 1 U 46
48 1 U 34
49 0 U -1
50 0 U 49
51 1 L 39
52 0 U 51
53 1 U 52
54 1 L 25
55 1 L 23
56 0 U -1
57
0 0 U -1
1 1 U 0
2 0 L 1
3 0 U 2
4 0 U 3
5 0 U 4
6 1 U 1
7 0 U 3
8 0 U 7
9 1 U 8
10 1 U 9
11 1 U 10
12 0 U 11
13 0 U 12
14 0 U -1
15 0 U 14
16 1 U 15
17 1 U 16
18 0 U 17
19 1 U 18
20 1 U 19
21 1 U 13
22 1 L -1
23 0 U 22
24 0 U 23
25 1 U 24
26 1 U 22
27 0 L 9
28 0 U 19
29 1 U 28
30 0 U 3
31 1 U 30
32 0 U 31
33 1 L 0
34 1 U 33
35 0 U -1
36 1 U 35
37 0 U 36
38 1 U 37
39 1 U 38
40 1 U 39
41 1 U 40
42 1 U -1
43 1 U 42
44 0 U 43
45 1 U 44
46 0 U 45
47 1 U 46
48 1 L 10
49 0 U -1
50 0 U 49
51 1 L 39
52 0 U 51
53 1 U 52
54 1 U 53
55 1 L 23
56 0 U -1
57
0 0 U -1
1 1 U 0
2 0 L 1
3 0 U 2
4 0 U 3
5 0 U 4
6 1 U 1
7 0 U 3
8 0 U 7
9 1 U 8
10 1 U 9
11 1 U 10
12 0 U 11
13 0 U 12
14 0 U -1
15 0 U 14
16 1 U 15
17 1 U 16
18 0 U 17
19 1 U 18
20 1 U 14
21 1 U 13
22 0 U 16
23 0 U 22
24 0 U 23
25 1 U 24
26 0 L 15
27 0 L 9
28 0 U 19
29 1 U 28
30 0 U 3
31 1 U 30
32 0 U 31
33 1 L 0
34 1 U 33
35 0 U -1
36 1 U 35
37 0 U 36
38 1 U 37
39 1 U 38
40 1 U 39
41 1 U 40
42 1 U -1
43 1 U 42
44 0 U 43
45 1 U 44
46 0 U 45
47 1 U 46
48 1 L 10
49 0 U -1
50 0 U 49
51 1 L 39
52 0 U 51
53 1 U 52
54 1 U 53
55 0 L 45
56 1 L 36
57
0 0 U -1
1 1 U 0
2 0 L 1
3 0 U 2
4 0 U 3
5 0 U 4
6 1 U 1
7 0 U 3
8 0 U 5
9 1 U 8
10 1 U 9
11 1 U 10
12 0 U 11
13 0 U 12
14 0 L 4
15 0 U 14
16 1 U 15
17 1 U 16
18 0 U 17
19 1 U 18
20 1 U 19
21 1 U 13
22 0 U 6
23 0 U 22
24 0 U 23
25 1 U 24
26 1 U 22
27 0 L 9
28 0 U 19
29 1 U 28
30 0 U 3
31 0 L 24
32 0 U 31
33 1 L 0
34 1 U 33
35 0 U -1
36 1 U 35
37 0 U 36
38 1 U 37
39 1 U 38
40 1 U 39
41 1 U 40
42 1 U -1
43 1 U 42
44 0 U 43
45 1 U 44
46 0 U 45
47 1 U 46
48 1 L 10
49 0 U -1
50 0 U 49
51 1 L 39
52 0 U 51
53 1 U 52
54 1 U 53
55 1 L 13
56 0 U -1
57
0 0 U -1
1 1 U 0
2 1 L -1
3 0 U 2
4 0 U 3
5 0 U 4
6 1 U 1
7 0 U 3
8 1 L 7
9 1 U 8
10 1 U 9
11 1 L 2
12 0 U 11
13 0 U 12
14 0 U -1
15 0 U 14
16 1 U 15
17 1 U 16
18 0 U 17
19 1 U 18
20 0 U 18
21 1 U 13
22 1 L -1
23 0 U 22
24 0 U 23
25 1 U 24
26 1 U 22
27 1 U 0
28 1 L 9
29 1 U 28
30 0 U 3
31 1 U 30
32 0 U 31
33 1 L 0
34 1 U 33
35 0 U -1
36 1 U 35
37 0 U 36
38 1 U 37
39 0 U 11
40 1 U 39
41 1 U 40
42 0 L 37
43 1 U 42
44 0 U 43
45 1 U 44
46 0 L 36
47 1 U 18
48 1 L 10
49 0 L 8
50 0 U 49
51 1 L 39
52 0 U 51
53 1 U 52
54 1 U 53
55 1 L 23
56 0 U -1
57
0 0 U -1
1 1 U 0
2 0 L 1
3 0 U 2
4 0 U 3
5 0 U 4
6 1 U 1
7 0 U 3
8 0 U 7
9 1 U 8
10 1 U 9
11 1 U 10
12 1 L 3
13 0 U 12
14 0 U -1
15 0 U 14
16 1 U 15
17 1 U 16
18 1 U 16
19 1 U 18
20 1 U 19
21 1 U 13
22 1 L -1
23 1 U 18
24 0 U 23
25 0 L 17
26 1 U 8
27 0 L 9
28 0 U 11
29 1 U 28
30 0 U 3
31 1 U 30
32 0 U 31
33 1 L 0
34 1 U 33
35 0 U -1
36 1 U 35
37 0 U 36
38 1 U 37
39 1 U 38
40 1 U 39
41 1 U 40
42 1 U -1
43 1 U 42
44 0 U 43
45 1 U 44
46 0 U 45
47 1 U 46
48 1 L 10
49 0 U -1
50 0 U 49
51 1 L 39
52 0 U 51
53 1 U 52
54 1 U 53
55 1 L 23
56 0 U -1
57
0 0 U -1
1 0 L -1
2 0 L 1
3 0 U 2
4 0 U 3
5 0 U 4
6 1 U 1
7 0 U 3
8 0 U 7
9 1 U 8
10 1 U 9
11 1 U 10
12 0 U 11
13 0 U 12
14 0 U -1
15 0 U 14
16 1 U 15
17 1 U 16
18 1 L 3
19 1 U 18
20 1 U 19
21 1 U 13
22 1 L -1
23 0 U 22
24 0 U 23
25 0 L 1
26 1 U 22
27 0 L 9
28 0 U 19
29 1 U 28
30 1 L 21
31 1 U 30
32 0 U 31
33 1 L 0
34 1 U 33
35 0 U -1
36 1 U 35
37 0 U 36
38 1 U 37
39 1 U 38
40 1 U 39
41 1 U 40
42 1 U -1
43 1 U 42
44 0 U 43
45 1 U 44
46 0 U 45
47 1 U 46
48 1 L 10
49 0 U -1
50 0 U 49
51 1 L 39
52 0 U 51
53 1 U 52
54 1 U 35
55 1 L 23
56 0 U -1
57
0 1 U -1
1 1 U 0
2 0 L 1
3 0 U 2
4 0 U 3
5 0 L 0
6 1 U 1
7 0 U 3
8 0 U 7
9 1 U 8
10 1 U 9
11 1 U 10
12 0 U 11
13 0 U 12
14 0 U -1
15 0 U 14
16 1 U 15
17 1 U 8
18 0 U 17
19 1 U 18
20 1 U 19
21 1 U 13
22 1 L -1
23 0 U 22
24 0 U 23
25 1 U 24
26 1 U 22
27 0 L 9
28 0 U 19
29 1 U 25
30 0 L 24
31 1 U 30
32 0 U 31
33 1 L 0
34 1 U 33
35 0 U -1
36 1 U 35
37 0 U 36
38 1 U 37
39 1 U 38
40 1 U 39
41 1 U 40
42 0 U 39
43 1 U 42
44 0 U 43
45 1 U 44
46 0 U 45
47 1 U 46
48 1 L 10
49 0 U -1
50 1 L 24
51 1 L 39
52 0 U 51
53 1 U 52
54 1 U 53
55 1 L 23
56 0 U -1
57
0 0 U -1
1 1 U 0
2 0 L 1
3 0 U 2
4 0 U 3
5 0 U 4
6 1 U 1
7 0 L 2
8 0 U 7
9 1 U 8
10 1 U 9
11 1 U 10
12 0 U 11
13 0 U 12
14 0 U -1
15 0 U 14
16 0 L 8
17 1 U 16
18 0 U 17
19 1 U 18
20 1 U 19
21 1 U 13
22 1 L -1
23 1 U 22
24 0 U 23
25 1 U 24
26 1 U 22
27 0 L 9
28 0 U 19
29 1 U 28
30 0 U 3
31 1 U 30
32 0 U 31
33 1 U 31
34 1 U 33
35 0 U -1
36 1 U 35
37 0 U 36
38 1 L 35
39 1 U 38
40 1 U 39
41 1 U 40
42 1 U -1
43 1 U 42
44 0 U 43
45 1 U 44
46 0 U 45
47 1 U 46
48 0 U 1
49 0 U -1
50 0 U 49
51 1 U 20
52 0 U 51
53 0 L 26
54 1 U 53
55 1 L 23
56 0 U -1
57
0 0 U -1
1 1 U 0
2 0 L 1
3 0 U 2
4 0 U 3
5 0 U 4
6 1 U 1
7 0 U 3
8 0 U 7
9 1 U 8
10 1 U 9
11 1 U 10
12 0 L 11
13 0 U 12
14 0 U -1
15 0 U 14
16 1 U 15
17 1 U 16
18 0 U 17
19 1 L 0
20 1 U 19
21 1 U 13
22 1 L -1
23 1 U 20
24 0 U 22
25 1 U 24
26 1 U 22
27 0 L 9
28 0 U 19
29 1 U 28
30 0 U 3
31 1 U 30
32 0 U 31
33 1 L 0
34 1 U 33
35 0 U -1
36 1 U 35
37 0 U 36
38 1 U 37
39 1 U 38
40 1 U 39
41 1 U 40
42 1 U -1
43 1 U 42
44 0 U 43
45 1 U 44
46 0 U 45
47 1 U 46
48 1 L 10
49 1 U 12
50 0 U 49
51 1 L 39
52 0 U 51
53 1 U 52
54 1 U 53
55 1 L 23
56 0 U -1
57
0 0 L -1
1 1 U 0
2 0 L 1
3 0 U 2
4 0 U 3
5 0 U 4
6 1 U 1
7 0 U 3
8 0 U 7
9 1 U 8
10 1 U 9
11 1 U 10
12 0 U 11
13 0 U 12
14 0 U 7
15 0 U 14
16 1 U 15
17 0 L 16
18 0 U 17
19 1 U 18
20 1 U 0
21 1 U 13
22 1 U 4
23 0 U 22
24 0 U 23
25 1 U 24
26 1 U 22
27 0 L 9
28 0 U 19
29 1 U 28
30 0 U 3
31 1 U 30
32 0 U 31
33 1 L 0
34 1 U 33
35 0 U -1
36 1 U 35
37 0 U 36
38 1 U 37
39 1 U 38
40 0 L 3
41 1 U 40
42 1 U -1
43 1 U 42
44 0 U 43
45 1 U 44
46 0 U 45
47 1 U 46
48 1 L 10
49 0 U -1
50 0 U 49
51 1 L 39
52 0 U 51
53 1 U 52
54 1 U 53
55 1 L 23
56 0 U -1
57
0 0 U -1
1 1 U 0
2 0 L 1
3 0 U 2
4 0 U 3
5 0 U 4
6 1 U 3
7 0 L 2
8 0 U 7
9 1 U 8
10 1 U 9
11 1 U 10
12 0 U 11
13 0 U 12
14 0 U -1
15 0 U 14
16 1 U 15
17 0 U 3
18 0 U 17
19 1 U 18
20 1 U 19
21 1 U 13
22 1 L -1
23 0 U 22
24 0 U 23
25 1 U 24
26 1 U 22
27 0 L 9
28 0 U 19
29 1 U 28
30 0 U 3
31 1 U 9
32 0 U 31
33 1 L 0
34 1 U 33
35 0 U -1
36 1 U 35
37 0 U 36
38 1 U 37
39 1 U 38
40 1 U 39
41 1 U 40
42 1 U -1
43 1 U 42
44 0 U 43
45 1 U 44
46 0 U 45
47 1 U 46
48 1 L 10
49 1 L 0
50 0 U 49
51 1 L 39
52 0 U 51
53 1 U 52
54 1 U 53
55 1 L 23
56 0 U -1
57
0 0 U -1
1 1 U 0
2 0 L 1
3 0 U 2
4 0 U 3
5 0 U 4
6 1 U 1
7 0 U 3
8 0 U 7
9 1 L 4
10 0 U 3
11 1 U 10
12 0 U 11
13 0 U 12
14 0 U -1
15 0 U 14
16 1 U 15
17 1 U 16
18 0 U 17
19 1 U 18
20 1 U 19
21 1 U 13
22 1 L -1
23 0 U 22
24 0 U 23
25 1 U 24
26 1 U 11
27 0 L 9
28 0 U 19
29 1 U 28
30 0 U 3
31 1 U 30
32 0 U 31
33 1 L 0
34 1 U 33
35 1 L 17
36 1 U 35
37 0 U 36
38 1 U 37
39 1 U 38
40 1 U 39
41 1 U 40
42 1 U -1
43 1 U 42
44 0 U 43
45 1 U 44
46 0 L 2
47 1 U 46
48 1 L 40
49 1 L 6
50 0 U 49
51 1 L 39
52 0 U 51
53 1 U 52
54 1 U 53
55 1 L 23
56 0 U -1
57
0 0 U -1
1 1 U 0
2 0 L 1
3 0 U 2
4 0 U 3
5 0 U 4
6 1 U 1
7 0 U 3
8 0 U 7
9 1 U 8
10 0 U 4
11 1 U 10
12 0 U 11
13 0 U 12
14 0 U -1
15 0 U 14
16 1 U 15
17 1 U 16
18 0 U 17
19 1 U 18
20 1 U 6
21 1 U 13
22 1 L -1
23 0 U 22
24 0 U 23
25 1 U 24
26 1 U 22
27 0 L 9
28 0 U 19
29 1 U 28
30 0 U 3
31 1 U 30
32 0 U 31
33 1 L 0
34 1 U 33
35 0 U -1
36 1 U 35
37 1 L 21
38 1 U 37
39 1 U 38
40 1 U 39
41 0 U 40
42 1 U -1
43 1 U 42
44 0 U 43
45 0 L 2
46 0 U 45
47 1 U 46
48 1 L 10
49 0 U -1
50 0 U 49
51 1 L 39
52 1 L 34
53 1 U 52
54 1 U 53
55 1 L 23
56 0 U -1
57
0 1 U -1
1 1 U 0
2 0 L 1
3 0 U 2
4 0 U 3
5 0 U 4
6 0 L 0
7 0 U 3
8 0 U 7
9 1 U 8
10 1 U 9
11 0 L -1
12 0 U 11
13 0 U 12
14 0 U -1
15 0 U 14
16 1 U 15
17 1 U 16
18 0 L 15
19 1 U 18
20 1 U 19
21 1 U 13
22 1 L -1
23 0 U 22
24 0 U 23
25 1 U 24
26 1 U 22
27 0 L 9
28 0 U 19
29 1 U 28
30 0 U 3
31 1 U 30
32 0 U 31
33 0 L 17
34 1 U 33
35 0 U -1
36 1 U 35
37 0 U 36
38 1 U 37
39 1 U 38
40 1 U 39
41 1 L 24
42 1 U -1
43 1 U 42
44 0 U 43
45 1 U 44
46 1 U 6
47 1 U 46
48 1 L 10
49 0 U -1
50 0 U 49
51 1 L 39
52 0 U 51
53 1 U 52
54 1 U 53
55 1 L 23
56 0 U -1
57
0 0 U -1
1 1 U 0
2 0 L 1
3 0 U 2
4 0 U 3
5 0 U 4
6 1 U 1
7 1 L 3
8 0 U 7
9 1 U 8
10 1 U 9
11 1 U 10
12 1 U 0
13 0 U 12
14 0 U -1
15 0 U 14
16 1 U 15
17 1 U 16
18 0 U 17
19 1 U 18
20 0 L 6
21 1 U 13
22 1 L -1
23 0 U 22
24 0 U 23
25 1 U 24
26 1 U 22
27 0 L 9
28 0 U 19
29 1 U 28
30 0 U 3
31 1 U 30
32 0 U 31
33 1 L 0
34 1 U 29
35 0 U -1
36 1 U 35
37 0 U 36
38 1 U 37
39 1 U 38
40 1 U 39
41 1 U 40
42 1 U -1
43 1 U 42
44 0 U 43
45 1 U 44
46 0 U 45
47 1 U 46
48 1 L 10
49 0 U -1
50 0 U 49
51 1 L 39
52 0 U 51
53 1 U 9
54 1 U 41
55 1 L 23
56 0 U -1
57
0 0 U -1
1 1 U 0
2 0 L 1
3 0 U 2
4 0 U 3
5 0 U 4
6 1 U 1
7 0 U 3
8 0 U 7
9 1 U 8
10 1 U 9
11 1 U 10
12 0 U 11
13 1 L 9
14 0 U -1
15 0 U 14
16 1 U 15
17 1 U 16
18 0 U 17
19 1 U 18
20 1 U 5
21 1 U 13
22 1 L -1
23 0 U 22
24 0 U 23
25 1 U 24
26 1 U 22
27 0 L 9
28 0 U 19
29 1 U 28
30 0 U 3
31 1 U 30
32 0 U 31
33 1 L 0
34 1 U 33
35 0 U -1
36 1 U 35
37 0 U 36
38 1 U 37
39 1 U 38
40 1 U 39
41 1 U 40
42 1 U -1
43 1 U 42
44 0 U 43
45 1 L 29
46 0 U 45
47 1 U 46
48 1 L 10
49 0 U -1
50 0 U 49
51 1 L 39
52 0 U 51
53 1 U 52
54 1 U 53
55 1 L 23
56 1 L 40
57
0 0 U -1
1 1 U 0
2 0 L 1
3 0 U 2
4 0 U 3
5 0 U 4
6 1 U 1
7 0 L 0
8 0 U 7
9 1 U 8
10 1 U 9
11 1 U 0
12 0 U 11
13 0 U 12
14 0 U -1
15 0 U 14
16 1 U 15
17 1 U 16
18 0 U 17
19 1 U 18
20 1 U 19
21 1 U 13
22 1 L -1
23 0 U 22
24 0 U 23
25 1 U 24
26 1 U 22
27 0 L 9
28 0 U 19
29 1 U 28
30 0 U 3
31 1 U 30
32 0 U 31
33 1 L 0
34 1 U 33
35 0 U -1
36 1 U 35
37 0 U 36
38 1 U 37
39 1 U 38
40 1 U 39
41 1 U 40
42 1 U -1
43 1 U 42
44 0 U 43
45 1 U 44
46 0 U 45
47 1 L 15
48 1 L 10
49 1 U 32
50 0 U 49
51 1 L 39
52 0 U 51
53 1 L 36
54 1 U 53
55 0 U 44
56 0 U 25
57
0 0 U -1
1 1 U 0
2 0 L 1
3 0 U 2
4 0 U 3
5 0 U 4
6 1 U 1
7 1 U -1
8 0 U 7
9 1 U 8
10 1 U 9
11 1 U 10
12 0 U 11
13 0 L 2
14 0 U -1
15 0 U 14
16 1 U 15
17 1 U 16
18 0 U 17
19 1 U 18
20 1 U 19
21 0 U 12
22 1 L -1
23 0 U 22
24 0 U 23
25 1 U 24
26 1 U 22
27 0 L 9
28 0 U 19
29 1 U 28
30 0 U 3
31 1 U 30
32 0 U 31
33 1 L 0
34 1 U 33
35 0 U -1
36 1 U 35
37 0 U 36
38 1 U 37
39 1 U 38
40 1 U 39
41 1 U 40
42 1 U -1
43 1 U 42
44 0 L 29
45 1 U 44
46 0 U 45
47 1 U 46
48 1 L 10
49 0 U -1
50 0 U 49
51 1 L 39
52 0 U 51
53 1 U 52
54 1 U 53
55 1 L 23
56 0 U -1
57
0 0 U -1
1 1 U 0
2 0 L 1
3 0 U 2
4 0 U 3
5 0 U 4
6 1 U 1
7 1 L 6
8 0 U 6
9 1 U 8
10 1 U 9
11 1 U 10
12 0 U 11
13 0 U 12
14 0 U -1
15 0 U 14
16 1 L 12
17 0 L 5
18 0 U 17
19 1 L 13
20 1 U 19
21 1 U 13
22 1 L -1
23 0 U 22
24 0 U 23
25 1 U 24
26 1 U 22
27 0 L 9
28 0 U 19
29 1 L 0
30 0 U 3
31 1 U 30
32 0 U 31
33 1 L 0
34 1 U 33
35 0 U -1
36 1 U 35
37 0 U 36
38 1 U 37
39 1 U 38
40 1 U 39
41 1 U 40
42 1 U -1
43 1 U 42
44 0 U 43
45 1 U 44
46 0 U 45
47 1 U 46
48 1 L 10
49 0 U -1
50 0 U 49
51 1 L 39
52 1 U 35
53 1 U 52
54 1 U 53
55 1 L 23
56 0 U -1
57
0 0 U -1
1 1 U 0
2 0 L 1
3 0 U 2
4 0 U 3
5 0 U 4
6 1 U 1
7 0 U 3
8 0 U 7
9 1 U 8
10 1 U 9
11 1 U 10
12 0 U 11
13 0 U 12
14 0 U -1
15 0 U 14
16 1 U 15
17 1 U 16
18 0 U 17
19 1 U 18
20 1 U 19
21 1 U 13
22 1 L -1
23 0 U 22
24 0 U 23
25 1 U 24
26 1 U 22
27 0 L 9
28 0 U 19
29 1 U 28
30 0 U 20
31 1 U 30
32 0 U 31
33 1 L 21
34 1 U 33
35 0 U -1
36 1 U 35
37 0 U 36
38 1 U 37
39 1 U 38
40 1 U 39
41 1 U 40
42 1 U -1
43 1 U 42
44 0 U 43
45 1 U 44
46 0 U 45
47 1 U 46
48 1 L 10
49 0 U -1
50 0 U 49
51 1 L 39
52 0 U 51
53 1 U 52
54 1 U 53
55 1 L 23
56 0 U -1
57
0 0 U -1
1 1 U 0
2 0 L 1
3 0 U 2
4 0 U 3
5 0 U 4
6 1 U 1
7 0 U 3
8 0 U 7
9 1 U 8
10 1 U 9
11 1 U 10
12 0 U 11
13 0 U 12
14 0 U -1
15 0 U 14
16 1 U 15
17 1 U 16
18 0 U 17
19 1 U 18
20 1 U 19
21 1 U 13
22 1 L -1
23 0 U 22
24 0 U 23
25 1 U 24
26 1 U 22
27 0 L 4
28 0 U 19
29 1 U 28
30 0 U 4
31 1 U 30
32 0 U 31
33 0 U 11
34 1 U 33
35 0 U -1
36 1 U 35
37 0 U 36
38 1 L 17
39 1 U 38
40 1 U 39
41 1 U 40
42 1 U -1
43 1 U 42
44 1 U 13
45 1 U 44
46 0 U 45
47 1 U 46
48 1 L 10
49 0 U -1
50 0 U 49
51 1 L 39
52 0 U 51
53 1 U 52
54 1 U 53
55 1 L 23
56 0 U -1
57
0 0 U -1
1 1 U 0
2 0 L 1
3 0 U 2
4 0 U 3
5 0 U 4
6 1 U 1
7 0 U 3
8 0 U 7
9 1 U 8
10 1 U 9
11 1 U 10
12 0 U 11
13 0 U 12
14 0 U 0
15 0 U 14
16 1 U 15
17 1 U 16
18 0 U 17
19 1 U 18
20 1 U 19
21 1 U 13
22 0 U 2
23 0 U 22
24 0 U 23
25 1 U 24
26 1 U 22
27 0 L 9
28 0 U 19
29 1 U 28
30 0 U 3
31 1 U 30
32 0 U 31
33 1 L 0
34 1 U 33
35 0 U -1
36 1 U 35
37 0 U 36
38 1 U 37
39 0 L 33
40 1 U 39
41 0 U 18
42 1 U 38
43 1 U 42
44 0 U 43
45 1 U 44
46 1 U 20
47 1 U 46
48 1 L 10
49 0 U -1
50 0 U 49
51 1 L 39
52 0 U 51
53 0 L 26
54 1 U 53
55 1 L 23
56 0 U -1
57
0 0 U -1
1 1 U 0
2 0 L 1
3 0 U 2
4 0 U 3
5 0 U 4
6 1 U 1
7 0 U 3
8 0 U 7
9 1 U 8
10 1 U 9
11 1 U 10
12 0 U 11
13 0 U 12
14 0 U -1
15 0 U 14
16 1 U 15
17 1 U 16
18 0 L 4
19 1 U 18
20 1 U 19
21 1 U 13
22 1 L -1
23 0 U 22
24 0 U 23
25 1 U 24
26 1 U 22
27 0 L 9
28 0 U 19
29 1 U 28
30 0 U 3
31 1 U 30
32 0 U 31
33 1 L 0
34 0 U 15
35 0 U -1
36 0 L 25
37 0 U 36
38 1 U 37
39 1 U 38
40 1 U 39
41 1 U 40
42 1 U -1
43 1 U 42
44 0 U 7
45 1 U 44
46 0 U 45
47 1 U 46
48 1 L 10
49 0 U -1
50 0 U 49
51 1 L 39
52 0 U 51
53 1 U 52
54 1 U 53
55 1 L 23
56 0 U -1
57
0 0 U -1
1 0 U -1
2 0 L 1
3 0 L 2
4 0 U 3
5 0 U 4
6 1 U 1
7 0 U 3
8 0 U 7
9 1 U 8
10 1 U 9
11 1 U 10
12 0 U 11
13 0 U 12
14 0 U -1
15 0 U 14
16 1 U 15
17 1 U 16
18 0 U 17
19 1 U 18
20 1 U 19
21 1 U 13
22 1 L -1
23 0 U 22
24 0 U 23
25 1 U 24
26 1 U 22
27 0 L 9
28 0 U 19
29 1 U 28
30 0 U 3
31 1 U 30
32 0 U 31
33 1 L 0
34 1 U 33
35 0 U -1
36 1 U 35
37 0 U 36
38 1 U 37
39 1 U 38
40 1 U 39
41 1 U 40
42 1 U -1
43 1 U 42
44 1 L 14
45 1 U 44
46 0 U 45
47 0 L 27
48 1 L 32
49 1 U 24
50 0 U 49
51 1 L 39
52 0 U 51
53 0 L 44
54 1 U 53
55 1 L 23
56 0 U -1
57
0 0 U -1
1 1 U 0
2 0 L 1
3 1 L -1
4 0 U 3
5 1 L 4
6 1 U 1
7 1 L 2
8 0 U 7
9 1 L 1
10 1 U 9
11 1 U 10
12 0 U 11
13 0 U 12
14 0 U -1
15 0 U 14
16 1 U 15
17 1 U 16
18 0 U 17
19 1 U 18
20 1 U 16
21 1 U 13
22 1 L -1
23 0 U 22
24 0 U 23
25 1 L 15
26 1 U 22
27 0 L 9
28 1 L 10
29 1 U 28
30 1 L 19
31 1 U 30
32 0 U 31
33 1 L 0
34 1 U 33
35 0 U -1
36 1 U 35
37 0 U 36
38 1 U 37
39 1 U 38
40 0 L 27
41 0 U 5
42 1 U -1
43 1 U 42
44 0 U 43
45 1 U 44
46 1 U 18
47 1 U 41
48 1 L 10
49 0 U -1
50 0 U 49
51 1 L 39
52 0 U 23
53 1 U 52
54 1 U 53
55 1 L 23
56 0 U -1
57
0 0 U -1
1 1 U 0
2 0 L 1
3 0 U 2
4 0 U 3
5 0 U 4
6 1 U 1
7 0 U 3
8 0 U 7
9 1 U 8
10 1 U 9
11 1 U 10
12 0 U 11
13 0 U 12
14 0 U -1
15 1 L 5
16 1 U 15
17 1 U 16
18 0 U 17
19 1 U 18
20 0 U 1
21 1 U 13
22 1 L -1
23 0 U 22
24 0 U 23
25 1 U 24
26 1 U 22
27 0 L 9
28 0 L 5
29 1 U 28
30 0 U 3
31 1 U 30
32 0 U 31
33 1 L 0
34 1 U 33
35 0 U -1
36 1 U 35
37 0 U 36
38 1 U 37
39 1 U 38
40 1 U 39
41 1 U 40
42 1 U -1
43 1 U 42
44 0 U 43
45 1 U 44
46 0 U 45
47 1 U 46
48 1 L 10
49 0 U -1
50 0 U 49
51 1 L 39
52 0 U 51
53 1 U 52
54 1 U 53
55 1 L 23
56 0 U -1
57
0 0 U -1
1 1 U 0
2 0 L 1
3 0 L 2
4 0 U 3
5 0 U 4
6 1 U 1
7 0 U 3
8 0 U 7
9 1 U 8
10 1 U 9
11 1 U 10
12 0 U 11
13 0 U 12
14 0 U -1
15 0 U 14
16 1 U 15
17 1 U 16
18 0 U 17
19 1 U 18
20 1 U 19
21 1 U 13
22 1 L -1
23 0 U 22
24 0 U 23
25 1 U 24
26 1 U 22
27 0 L 9
28 0 U 19
29 1 U 28
30 0 U 3
31 1 U 30
32 1 U 2
33 1 L 0
34 1 U 33
35 0 U -1
36 1 U 35
37 0 U 36
38 1 U 37
39 1 U 38
40 1 U 39
41 1 U 40
42 1 U -1
43 1 U 42
44 0 U 43
45 1 U 44
46 0 U 45
47 1 U 46
48 1 L 10
49 0 U -1
50 0 U 49
51 1 L 39
52 0 U 51
53 1 U 52
54 1 U 53
55 1 L 4
56 0 U -1
57
0 0 U -1
1 1 U 0
2 0 L 1
3 0 U 2
4 0 U 3
5 0 U 4
6 1 U 1
7 0 U 3
8 0 U 7
9 1 U 8
10 1 U 9
11 1 U 10
12 0 U 11
13 0 U 12
14 0 U -1
15 0 U 14
16 1 U 15
17 1 L 8
18 0 U 17
19 1 U 18
20 1 U 19
21 0 U 14
22 1 L -1
23 0 U 22
24 0 U 9
25 1 U 24
26 1 U 22
27 0 L 9
28 0 U 19
29 1 U 28
30 0 U 3
31 1 U 30
32 0 U 31
33 1 L 0
34 1 L 29
35 0 U -1
36 1 U 35
37 0 U 36
38 1 U 37
39 1 U 38
40 1 U 39
41 1 U 40
42 1 U -1
43 0 L 26
44 1 L 39
45 1 U 44
46 0 U 45
47 1 U 46
48 1 L 10
49 0 U -1
50 0 U 49
51 1 L 39
52 0 U 51
53 1 U 52
54 1 U 53
55 1 U 17
56 0 U -1
57
0 0 U -1
1 1 U 0
2 0 L 1
3 0 U 2
4 0 U 3
5 0 U 1
6 1 U 5
7 0 U 3
8 1 U 6
9 1 U 8
10 1 U 9
11 1 U 10
12 0 U 11
13 0 U 8
14 0 U -1
15 0 U 14
16 1 U 15
17 1 U 16
18 0 U 17
19 1 U 18
20 1 U 19
21 1 U 13
22 1 L -1
23 0 U 22
24 0 U 23
25 1 U 24
26 1 U 22
27 0 L 9
28 0 U 19
29 1 U 28
30 1 L 9
31 1 U 30
32 0 U 31
33 1 L 0
34 1 U 33
35 0 U -1
36 1 U 35
37 0 U 36
38 1 U 37
39 1 U 38
40 1 U 39
41 1 U 26
42 1 U -1
43 1 U 42
44 0 U 43
45 1 U 44
46 0 U 45
47 1 U 46
48 1 L 10
49 0 U -1
50 0 U 49
51 1 U 26
52 0 U 51
53 1 U 52
54 1 U 53
55 1 L 23
56 0 U -1
57
0 0 U -1
1 1 U 0
2 0 L 1
3 0 U 2
4 0 U 3
5 0 U 4
6 1 U 1
7 0 U 3
8 0 L 2
9 1 U 8
10 1 U 9
11 1 U 10
12 0 U 11
13 0 U 12
14 0 U -1
15 0 U 14
16 1 U 15
17 1 U 16
18 0 U 17
19 1 U 18
20 1 U 19
21 1 U 13
22 1 L -1
23 0 U 22
24 0 U 23
25 1 U 24
26 1 U 22
27 0 L 9
28 0 U 19
29 1 U 28
30 0 U 3
31 1 U 30
32 0 U 31
33 1 L 0
34 1 U 33
35 0 U -1
36 1 U 35
37 0 U 36
38 1 U 37
39 1 U 38
40 1 U 39
41 1 U 40
42 1 U -1
43 1 U 42
44 0 U 43
45 1 U 44
46 1 U 3
47 1 U 46
48 1 L 10
49 0 U -1
50 0 U 49
51 1 L 39
52 1 U 2
53 1 U 52
54 1 U 53
55 1 L 23
56 0 U -1
57
0 0 U -1
1 1 U 0
2 0 L 1
3 0 U 2
4 0 U 3
5 0 U 4
6 1 U 1
7 0 U 3
8 0 U 7
9 0 U 7
10 1 U 9
11 0 U 5
12 0 U 11
13 0 L 12
14 0 U -1
15 0 U 14
16 1 U 15
17 1 U 16
18 0 U 17
19 1 U 18
20 1 U 0
21 1 U 13
22 1 L -1
23 0 U 22
24 1 U 19
25 1 U 24
26 1 U 22
27 0 L 9
28 0 U 19
29 1 U 28
30 0 L 21
31 1 U 30
32 0 U 31
33 1 L 0
34 1 U 33
35 0 U -1
36 1 U 35
37 0 U 36
38 1 U 37
39 1 U 38
40 0 L 19
41 1 U 40
42 1 U -1
43 1 U 42
44 0 U 43
45 1 U 44
46 1 L 23
47 1 U 46
48 1 L 10
49 0 U -1
50 0 U 49
51 1 L 39
52 1 L 5
53 1 U 52
54 1 U 53
55 1 L 23
56 0 U -1
57
0 0 U -1
1 1 U 0
2 0 L 1
3 0 U 2
4 0 U 3
5 0 U 4
6 1 U 1
7 0 U 3
8 0 U 7
9 0 U 8
10 1 U 9
11 1 U 10
12 0 U 11
13 0 U 12
14 0 U -1
15 0 L -1
16 1 U 15
17 1 U 16
18 0 U 17
19 1 U 18
20 1 U 19
21 1 U 13
22 1 L -1
23 0 U 22
24 0 U 23
25 1 U 24
26 1 U 22
27 0 L 9
28 0 U 19
29 1 U 28
30 0 U 3
31 1 U 30
32 0 U 31
33 1 L 0
34 1 U 33
35 0 U -1
36 1 U 35
37 0 U 36
38 1 L 5
39 1 U 38
40 1 U 39
41 1 U 40
42 1 U -1
43 1 U 42
44 0 U 43
45 1 U 44
46 0 L 44
47 1 U 46
48 1 L 10
49 0 U -1
50 0 U 49
51 1 L 39
52 0 U 51
53 0 U 5
54 1 U 53
55 1 L 23
56 0 U -1
57
0 0 U -1
1 1 U 0
2 0 L 1
3 0 U 2
4 0 U 3
5 0 U 4
6 1 U 1
7 0 U 3
8 0 U 7
9 1 U 8
10 1 U 9
11 1 U 2
12 0 U 11
13 0 U 12
14 0 U -1
15 0 U 14
16 1 U 15
17 1 U 16
18 0 U 17
19 1 U 18
20 1 U 19
21 1 U 13
22 1 L -1
23 0 U 22
24 0 U 23
25 1 U 24
26 1 L 25
27 0 L 9
28 0 U 19
29 1 U 28
30 0 U 3
31 1 U 30
32 0 U 31
33 1 L 0
34 1 U 33
35 0 U -1
36 1 U 35
37 0 U 36
38 1 U 37
39 1 U 38
40 1 U 39
41 1 U 40
42 1 U -1
43 1 U 42
44 0 U 43
45 1 U 44
46 0 U 45
47 1 U 46
48 1 L 10
49 0 U -1
50 0 U 49
51 1 L 39
52 0 U 51
53 1 U 52
54 1 U 53
55 1 L 23
56 0 U -1
57
0 0 U -1
1 0 L -1
2 0 L 1
3 0 U 2
4 1 L 0
5 0 U 4
6 1 U 1
7 0 U 3
8 0 U 7
9 1 U 8
10 1 U 9
11 1 U 10
12 0 U 11
13 0 U 12
14 0 U -1
15 0 U 14
16 1 U 15
17 1 U 16
18 1 U 11
19 1 U 2
20 1 U 19
21 1 U 13
22 1 L -1
23 0 U 22
24 0 L 14
25 1 L 17
26 1 U 22
27 0 L 9
28 0 U 19
29 1 U 28
30 0 U 3
31 1 U 30
32 0 U 31
33 1 L 0
34 1 U 33
35 0 U -1
36 1 U 35
37 0 U 36
38 1 U 37
39 1 U 38
40 1 U 39
41 1 U 40
42 0 U -1
43 1 U 42
44 0 U 43
45 1 U 44
46 0 U 45
47 0 L 25
48 1 L 10
49 0 U -1
50 0 U 49
51 1 L 39
52 0 U 51
53 1 U 52
54 1 U 53
55 1 L 23
56 0 U -1
57
0 0 U -1
1 1 U 0
2 1 L 0
3 0 L -1
4 0 U 3
5 0 U 4
6 1 U 1
7 0 U 4
8 0 U 2
9 1 U 8
10 1 U 9
11 1 U 10
12 0 U 11
13 0 U 12
14 0 U -1
15 0 U 14
16 1 U 15
17 1 U 16
18 0 U 17
19 1 U 18
20 1 U 19
21 1 U 13
22 1 L -1
23 0 U 22
24 0 U 23
25 1 U 24
26 1 U 22
27 0 L 9
28 0 U 19
29 1 U 28
30 0 U 3
31 1 U 30
32 0 U 31
33 1 L 0
34 1 U 33
35 1 U 3
36 1 U 35
37 0 U 36
38 1 U 37
39 1 U 38
40 1 U 39
41 1 U 40
42 1 U -1
43 1 U 42
44 0 U 43
45 1 U 44
46 0 L 8
47 1 U 46
48 1 L 10
49 0 U -1
50 0 U 49
51 1 L 39
52 0 U 51
53 1 U 52
54 1 U 53
55 1 L 23
56 0 U -1
57
0 0 U -1
1 1 U 0
2 0 L 1
3 0 U 2
4 0 U 3
5 0 U 4
6 1 U 1
7 1 U 2
8 0 U 7
9 0 U 5
10 0 L 5
11 1 U 10
12 0 U 11
13 0 U 12
14 0 U -1
15 0 U 14
16 1 U 15
17 1 U 16
18 0 U 17
19 1 U 18
20 1 U 19
21 1 U 13
22 1 L -1
23 1 U 19
24 0 U 23
25 1 U 24
26 1 U 22
27 0 L 9
28 0 U 19
29 1 U 28
30 0 U 3
31 1 U 30
32 0 U 31
33 1 L 0
34 1 U 33
35 0 L 21
36 1 U 35
37 0 U 36
38 1 U 37
39 1 U 38
40 1 U 39
41 1 U 40
42 1 U -1
43 1 U 16
44 0 U 43
45 1 U 44
46 0 U 45
47 1 U 46
48 1 L 10
49 0 U -1
50 0 U 49
51 1 L 39
52 0 U 51
53 1 U 52
54 1 U 53
55 1 L 23
56 1 U 15
57
0 0 U -1
1 1 U 0
2 1 U 1
3 0 U 2
4 0 U 3
5 1 U -1
6 1 U 1
7 0 U 3
8 0 U 7
9 0 U -1
10 1 U 9
11 1 U 10
12 0 U 11
13 0 U 12
14 0 U -1
15 0 U 14
16 0 L 11
17 1 U 16
18 0 U 17
19 1 U 18
20 0 U 8
21 1 U 13
22 1 L -1
23 0 U 22
24 0 U 23
25 1 U 24
26 1 U 22
27 0 L 9
28 0 U 19
29 1 U 28
30 0 U 3
31 1 U 30
32 0 U 31
33 1 L 0
34 1 U 33
35 0 U -1
36 1 U 35
37 0 U 36
38 1 U 37
39 1 U 38
40 1 U 39
41 1 U 40
42 1 U -1
43 1 U 42
44 0 U 43
45 0 L 23
46 0 U 45
47 1 U 46
48 1 L 10
49 0 U -1
50 0 U 49
51 0 U 39
52 0 U 51
53 1 U 52
54 1 U 53
55 0 L 35
56 0 U -1
57
0 0 U -1
1 1 U 0
2 0 L 1
3 0 U 2
4 1 U -1
5 0 U 4
6 1 U 1
7 0 U 3
8 0 U 7
9 1 U 8
10 1 U 9
11 1 U 10
12 0 U 11
13 0 U 12
14 0 U -1
15 0 U 14
16 1 U 15
17 1 U 16
18 0 U 17
19 1 U 18
20 1 U 19
21 1 U 13
22 1 L -1
23 0 U 22
24 0 U 23
25 1 U 24
26 1 U 22
27 0 L 9
28 0 U 19
29 1 L 22
30 0 U 3
31 1 U 30
32 0 U 31
33 1 L 0
34 1 U 33
35 0 U -1
36 1 U 35
37 0 U 24
38 1 U 37
39 1 U 32
40 1 U 39
41 1 U 40
42 1 U -1
43 1 U 42
44 0 U 43
45 1 U 44
46 0 U 45
47 1 U 46
48 1 L 10
49 0 U -1
50 0 U 49
51 1 U 14
52 1 L 50
53 1 U 52
54 0 L 9
55 1 L 23
56 0 U -1
57
0 0 U -1
1 1 U 0
2 0 L 1
3 0 U 2
4 0 U 3
5 0 L 2
6 1 U 1
7 0 U 3
8 0 U 7
9 1 U 8
10 1 U 9
11 1 U 10
12 0 U 11
13 0 U 12
14 0 U -1
15 0 U 14
16 1 U 15
17 1 U 16
18 0 U 17
19 1 U 18
20 1 U 19
21 1 L 10
22 1 L -1
23 0 L 16
24 0 U 2
25 1 U 24
26 1 U 22
27 0 L 9
28 0 U 19
29 1 U 28
30 0 U 3
31 1 U 30
32 0 U 31
33 1 L 0
34 0 L 23
35 0 U -1
36 1 U 35
37 1 L 3
38 1 U 37
39 1 U 30
40 1 U 22
41 1 U 40
42 1 U -1
43 1 U 42
44 0 U 43
45 1 U 44
46 0 U 45
47 1 U 46
48 1 L 10
49 0 U -1
50 0 U 49
51 1 L 39
52 0 U 51
53 1 U 52
54 1 U 53
55 1 L 18
56 0 U -1
57
0 0 U -1
1 1 U 0
2 0 L 1
3 0 U 2
4 1 L 0
5 0 U 4
6 1 U 1
7 1 U 4
8 0 U 7
9 1 U 8
10 1 U 9
11 1 U 10
12 1 L 9
13 1 L 9
14 0 U -1
15 0 U 0
16 1 U 15
17 1 U 16
18 0 U 17
19 1 U 18
20 1 U 19
21 1 U 13
22 1 L -1
23 0 U 22
24 0 U 23
25 1 U 24
26 0 U 12
27 1 L 4
28 0 U 19
29 1 U 28
30 0 U 3
31 1 U 30
32 0 U 31
33 1 L 0
34 1 U 33
35 0 U -1
36 1 U 35
37 0 U 36
38 1 U 37
39 1 U 38
40 1 U 39
41 1 U 40
42 0 L 16
43 1 U 42
44 0 U 31
45 1 U 44
46 1 U 13
47 1 U 46
48 1 L 10
49 0 U -1
50 0 U 49
51 1 L 39
52 0 U 51
53 1 U 52
54 1 U 42
55 1 L 23
56 0 U -1
57
0 1 U -1
1 1 U 0
2 1 L 1
3 0 U 2
4 0 U 3
5 0 U 4
6 1 U 1
7 0 U 3
8 0 U 7
9 1 U 8
10 1 U 9
11 1 U 10
12 0 U 11
13 0 U 12
14 0 U -1
15 0 U 14
16 1 U 15
17 1 U 16
18 0 U 17
19 1 U 11
20 1 U 19
21 1 U 13
22 1 L -1
23 0 U 22
24 0 U 23
25 1 U 24
26 1 U 22
27 0 L 9
28 0 U 19
29 1 U 28
30 0 U 3
31 1 U 30
32 0 U 31
33 1 L 0
34 1 U 32
35 0 U -1
36 1 L 4
37 0 U 36
38 1 U 37
39 1 U 38
40 1 U 39
41 1 U 40
42 1 U -1
43 1 U 42
44 0 U 43
45 1 U 44
46 0 U 45
47 1 U 46
48 1 L 10
49 0 U -1
50 0 U 49
51 1 L 39
52 1 U 41
53 1 U 52
54 1 U 53
55 1 L 23
56 0 U -1
57
0 0 U -1
1 1 U 0
2 0 L 1
3 0 U 2
4 0 U 3
5 0 U 4
6 1 U 1
7 0 U 3
8 0 U 7
9 1 U 8
10 1 U 9
11 1 U 10
12 0 U 11
13 0 U 12
14 0 U -1
15 0 U 14
16 1 U 4
17 1 U 16
18 0 U 17
19 1 U 18
20 1 U 19
21 1 U 13
22 1 L -1
23 0 U 22
24 0 U 23
25 1 U 3
26 1 U 22
27 0 L 9
28 0 U 19
29 1 U 28
30 0 U 3
31 1 U 30
32 0 U 31
33 1 L 0
34 1 U 33
35 0 U -1
36 1 U 35
37 0 U 36
38 1 U 37
39 0 L 21
40 1 U 39
41 1 U 40
42 1 U -1
43 1 U 42
44 0 U 43
45 1 U 44
46 0 U 45
47 1 U 46
48 1 L 10
49 0 U -1
50 0 U 49
51 1 L 39
52 0 U 51
53 1 U 35
54 1 U 53
55 1 L 23
56 0 U -1
57
0 0 U -1
1 1 U 0
2 0 L 1
3 0 U 2
4 0 U 3
5 0 U 4
6 1 U 1
7 0 U 0
8 0 U 7
9 1 U 8
10 1 U 9
11 1 U 10
12 0 U 11
13 0 U 12
14 0 U -1
15 0 U 14
16 0 U 8
17 1 U 16
18 0 U 17
19 1 U 18
20 1 U 19
21 1 U 13
22 1 L -1
23 0 U 22
24 0 U 23
25 1 U 24
26 1 U 22
27 0 L 9
28 0 U 19
29 1 U 28
30 0 U 3
31 1 U 30
32 0 U 31
33 1 L 0
34 1 U 33
35 0 U -1
36 1 U 35
37 0 U 36
38 1 U 37
39 0 U 32
40 1 U 39
41 1 U 40
42 1 U -1
43 1 U 42
44 0 U 43
45 1 U 44
46 0 U 45
47 1 U 46
48 0 L 3
49 0 U -1
50 0 U 49
51 1 L 39
52 0 U 51
53 1 U 52
54 1 U 53
55 1 L 23
56 0 U -1
57
0 0 U -1
1 1 U 0
2 0 L 1
3 0 U 2
4 0 U 3
5 0 U 4
6 1 U 1
7 0 U 3
8 0 U 7
9 1 U 8
10 0 U 9
11 0 U 3
12 0 U 8
13 0 U 12
14 0 U -1
15 0 U 14
16 1 U 15
17 1 U 16
18 0 U 17
19 1 U 18
20 1 U 8
21 1 U 13
22 1 L -1
23 0 U 22
24 0 U 23
25 1 U 24
26 1 U 22
27 0 L 9
28 0 U 19
29 1 U 28
30 0 U 3
31 1 U 25
32 0 U 31
33 1 L 0
34 1 U 33
35 0 U -1
36 1 U 35
37 0 U 36
38 1 U 37
39 1 L 21
40 1 L 5
41 1 U 40
42 1 U -1
43 1 U 42
44 0 U 43
45 1 U 44
46 0 U 45
47 1 U 46
48 1 L 10
49 0 U -1
50 0 U 49
51 1 L 39
52 0 U 51
53 1 U 17
54 1 U 53
55 1 L 23
56 0 U -1
57
0 0 U -1
1 0 U 0
2 0 L 1
3 0 U 2
4 0 U 3
5 0 U 4
6 1 U 1
7 0 U 3
8 0 U 7
9 1 U 8
10 1 U 9
11 1 U 10
12 0 U 11
13 0 U 12
14 0 U -1
15 0 L 13
16 1 U 15
17 1 U 16
18 0 U 17
19 1 U 18
20 0 L 13
21 1 U 13
22 1 L -1
23 0 U 22
24 0 U 23
25 1 U 24
26 1 U 22
27 0 L 9
28 0 U 19
29 1 U 28
30 0 U 18
31 1 U 30
32 0 U 31
33 1 L 0
34 1 U 33
35 0 U -1
36 1 U 35
37 0 U 36
38 1 U 37
39 1 U 38
40 1 U 39
41 1 U 7
42 1 U -1
43 1 U 42
44 0 U 43
45 1 U 44
46 0 U 45
47 1 U 46
48 1 L 10
49 0 U -1
50 0 U 49
51 1 L 39
52 0 U 51
53 1 L 0
54 1 U 53
55 1 L 23
56 0 U -1
57
0 0 U -1
1 1 U 0
2 0 L 1
3 0 L -1
4 0 U 3
5 0 U 4
6 1 U 1
7 0 U 3
8 0 U 0
9 1 U 8
10 1 U 9
11 1 U 10
12 0 U 11
13 0 U 12
14 0 U -1
15 0 U 14
16 1 U 15
17 1 U 16
18 0 U 17
19 1 U 18
20 1 U 19
21 1 U 13
22 1 L -1
23 0 U 0
24 0 L 21
25 1 U 24
26 1 U 22
27 0 L 9
28 0 U 19
29 1 U 28
30 0 U 3
31 1 U 30
32 0 U 31
33 1 L 0
34 1 U 11
35 0 U -1
36 1 U 35
37 0 U 36
38 1 U 37
39 1 U 38
40 1 U 39
41 1 U 40
42 1 U -1
43 1 U 42
44 0 U 43
45 1 U 44
46 0 U 45
47 1 U 46
48 1 L 10
49 0 U -1
50 0 U 49
51 1 L 39
52 0 U 51
53 1 U 52
54 1 U 53
55 1 L 23
56 0 U -1
57
0 0 U -1
1 1 U 0
2 0 L 1
3 0 U 2
4 0 U 3
5 0 U 4
6 1 U 1
7 0 U 3
8 0 U 7
9 1 U 8
10 1 U 9
11 1 U 10
12 0 U 11
13 0 U 3
14 0 U -1
15 0 U 14
16 1 U 15
17 1 U 16
18 0 U 17
19 1 U 18
20 1 U 19
21 1 U 13
22 1 L -1
23 0 U 22
24 0 U 23
25 1 U 24
26 1 U 22
27 0 U 7
28 0 U 19
29 1 U 28
30 0 U 3
31 1 U 30
32 0 U 31
33 1 L 0
34 1 U 33
35 0 U -1
36 1 U 35
37 0 U 36
38 1 U 37
39 1 U 38
40 1 U 39
41 0 L 35
42 1 U -1
43 1 U 42
44 0 U 43
45 1 U 44
46 0 U 45
47 1 U 46
48 1 L 10
49 0 U -1
50 0 U 49
51 1 L 39
52 0 U 51
53 1 U 52
54 1 U 53
55 1 L 23
56 0 U -1
57
0 0 U -1
1 1 U 0
2 0 L 1
3 0 U 2
4 0 U 3
5 0 U 4
6 1 U 1
7 0 U 3
8 0 U 7
9 1 U 8
10 1 U 9
11 1 U 6
12 0 U 11
13 0 U 12
14 0 U -1
15 0 U 14
16 1 U 15
17 1 U 16
18 0 U 17
19 1 U 18
20 1 U 19
21 1 U 13
22 1 L -1
23 0 U 16
24 0 U 23
25 1 U 24
26 0 L 8
27 0 L 9
28 0 U 19
29 1 U 28
30 0 U 3
31 1 U 30
32 0 U 31
33 1 L 0
34 1 U 33
35 0 U -1
36 1 L 14
37 0 U 36
38 1 U 37
39 1 U 38
40 1 U 39
41 1 U 40
42 1 U 30
43 1 U 42
44 0 U 43
45 1 U 44
46 0 U 45
47 1 U 46
48 1 L 10
49 0 U -1
50 0 U 49
51 1 L 39
52 1 L 11
53 1 U 52
54 1 U 53
55 1 L 23
56 0 U -1
57
0 0 U -1
1 1 U 0
2 0 L 1
3 0 U 2
4 0 U 3
5 0 U 4
6 1 U 1
7 0 U 3
8 0 U 7
9 1 U 8
10 1 U 9
11 1 U 10
12 0 U 11
13 0 L -1
14 0 U -1
15 1 U 2
16 1 L 10
17 1 U 16
18 0 U 17
19 1 U 18
20 1 U 19
21 0 U 13
22 1 L -1
23 0 U 22
24 0 U 23
25 1 U 20
26 1 U 22
27 0 L 9
28 0 U 19
29 1 U 28
30 0 U 3
31 1 U 30
32 0 U 31
33 1 L 0
34 1 U 23
35 0 U -1
36 1 U 35
37 0 U 36
38 0 U 8
39 1 U 38
40 1 U 39
41 1 U 40
42 1 U -1
43 1 U 42
44 0 U 43
45 1 U 44
46 1 U 39
47 1 L 9
48 1 L 10
49 0 U -1
50 0 U 49
51 1 L 39
52 0 U 51
53 1 U 52
54 1 U 53
55 0 U 28
56 0 U -1
57
0 0 U -1
1 1 U 0
2 0 L 1
3 0 U 2
4 0 U 3
5 0 U 4
6 1 U 1
7 0 U 3
8 0 U 7
9 1 U 8
10 1 U 9
11 1 U 10
12 0 U 11
13 0 U 12
14 0 U -1
15 0 U 14
16 1 U 15
17 1 U 16
18 0 U 17
19 1 U 18
20 1 U 19
21 1 U 13
22 1 L -1
23 0 U 22
24 0 U 23
25 1 U 24
26 1 U 22
27 0 L 9
28 0 U 19
29 1 U 28
30 0 U 3
31 1 U 30
32 0 U 31
33 1 L 0
34 1 U 33
35 0 U -1
36 1 U 35
37 0 U 36
38 1 U 37
39 1 U 38
40 1 U 39
41 1 U 40
42 1 U -1
43 1 U 42
44 0 U 43
45 1 U 44
46 0 U 45
47 1 U 46
48 1 L 10
49 0 U -1
50 0 U 49
51 1 L 39
52 0 U 51
53 1 L 27
54 1 U 53
55 1 L 23
56 0 U -1
57
0 0 U -1
1 1 U 0
2 0 L 1
3 0 U 2
4 0 U 3
5 0 U 4
6 1 U 1
7 0 U 3
8 0 U 7
9 1 U 8
10 1 U 9
11 1 U 10
12 0 U 11
13 0 U 12
14 0 U -1
15 0 U 14
16 1 U 15
17 1 U 16
18 0 U 17
19 1 U 18
20 1 U 19
21 1 U 13
22 1 L -1
23 0 U 22
24 0 U 23
25 1 U 24
26 1 U 22
27 0 L 9
28 0 U 19
29 1 U 28
30 0 U 6
31 0 L 20
32 0 U 31
33 1 L 0
34 1 U 33
35 0 U -1
36 1 U 0
37 0 U 36
38 1 U 37
39 1 U 38
40 0 L 36
41 1 U 40
42 1 U -1
43 1 U 42
44 0 U 43
45 0 U 4
46 0 U 45
47 1 U 46
48 1 L 10
49 0 U -1
50 0 U 49
51 1 L 39
52 0 U 51
53 1 U 52
54 1 U 53
55 1 L 23
56 0 U -1
57
0 0 U -1
1 1 U 0
2 0 L 1
3 0 U 2
4 0 U 3
5 0 U 4
6 1 U 1
7 0 U 3
8 0 U 7
9 1 U 8
10 1 L 3
11 1 U 10
12 0 U 11
13 0 U 12
14 0 U -1
15 0 U 14
16 1 U 15
17 1 U 16
18 0 U 17
19 1 U 18
20 1 U 19
21 1 U 13
22 1 L -1
23 0 U 22
24 0 U 23
25 0 U 14
26 1 U 22
27 0 L 9
28 0 U 19
29 1 U 28
30 0 U 3
31 1 U 30
32 0 U 31
33 1 L 0
34 1 U 33
35 0 U -1
36 1 U 35
37 0 U 36
38 1 U 37
39 1 U 38
40 1 U 39
41 1 U 40
42 1 U -1
43 1 U 42
44 0 U 43
45 1 U 44
46 0 U 45
47 1 U 46
48 1 L 10
49 1 U 40
50 0 U 49
51 1 L 39
52 0 U 51
53 1 U 52
54 1 U 53
55 1 L 23
56 0 U -1
57
0 0 U -1
1 1 U 0
2 1 L 1
3 0 U 2
4 1 L -1
5 0 U 4
6 1 U 1
7 0 U 3
8 0 U 7
9 1 U 8
10 1 U 9
11 1 U 10
12 0 U 11
13 0 U 12
14 0 U -1
15 0 U 14
16 1 U 15
17 1 U 16
18 0 U 17
19 1 U 18
20 1 U 19
21 1 U 13
22 0 L 12
23 0 U 22
24 0 U 23
25 1 U 24
26 1 U 22
27 0 L 9
28 0 U 19
29 1 U 28
30 0 U 3
31 0 L 14
32 0 U 8
33 1 L 0
34 1 U 33
35 0 U -1
36 1 U 35
37 0 U 36
38 1 U 37
39 1 U 38
40 1 U 39
41 1 U 40
42 1 U -1
43 1 U 42
44 0 L 20
45 1 U 44
46 0 U 45
47 1 U 46
48 1 L 10
49 0 U -1
50 0 U 49
51 1 L 39
52 0 U 51
53 1 U 52
54 1 U 53
55 1 L 23
56 0 U -1
57
0 0 U -1
1 1 U 0
2 0 L 1
3 0 U 2
4 1 L 0
5 0 U 4
6 1 U 1
7 0 U 3
8 0 U 7
9 1 U 8
10 1 U 9
11 1 U 10
12 0 U 11
13 0 U 12
14 0 U -1
15 0 U 14
16 1 L 7
17 1 U 16
18 0 U 17
19 1 U 18
20 1 U 19
21 1 U 13
22 1 L -1
23 0 U 22
24 0 U 23
25 1 U 24
26 1 U 22
27 0 L 9
28 0 U 19
29 1 U 28
30 0 U 3
31 1 U 30
32 0 U 31
33 1 L 0
34 1 U 33
35 0 U -1
36 1 U 35
37 0 U 36
38 1 U 37
39 1 U 38
40 1 U 30
41 1 U 40
42 1 U -1
43 1 U 42
44 0 U 43
45 1 U 44
46 0 U 45
47 1 U 46
48 1 L 10
49 0 L -1
50 0 U 49
51 1 L 39
52 0 U 51
53 1 U 52
54 1 U 53
55 1 L 23
56 0 U -1
57
0 0 U -1
1 1 U 0
2 1 U 1
3 0 U 2
4 0 U 3
5 0 U 4
6 1 U 1
7 0 U 3
8 0 U 7
9 1 U 8
10 1 U 9
11 1 U 10
12 0 U 11
13 0 U 12
14 0 U -1
15 0 U 14
16 1 U 15
17 1 U 16
18 0 U 17
19 1 U 18
20 1 U 19
21 1 U 13
22 1 L -1
23 0 U 22
24 0 U 23
25 1 U 24
26 0 L 3
27 0 L 9
28 0 U 19
29 1 U 28
30 0 U 3
31 1 L 8
32 1 U 12
33 1 L 0
34 1 U 33
35 0 U -1
36 1 U 35
37 0 U 14
38 1 U 37
39 1 L 5
40 1 U 39
41 1 U 40
42 1 U -1
43 1 U 42
44 0 U 43
45 1 U 44
46 0 U 45
47 1 U 46
48 1 L 10
49 0 U -1
50 0 U 49
51 1 L 39
52 0 U 51
53 1 U 52
54 1 U 53
55 1 L 23
56 0 U -1
57
0 0 U -1
1 1 U 0
2 0 L 1
3 0 U 2
4 0 L -1
5 0 U 4
6 1 U 1
7 0 U 3
8 0 U 7
9 0 U 5
10 1 U 9
11 1 U 10
12 0 U 11
13 0 U 12
14 0 U -1
15 0 U 14
16 1 U 15
17 1 U 16
18 0 L 6
19 1 U 18
20 1 U 19
21 1 U 13
22 1 L -1
23 0 U 22
24 0 L 12
25 1 U 24
26 1 L 8
27 0 L 9
28 0 U 19
29 1 U 28
30 0 U 3
31 1 U 30
32 0 U 31
33 1 L 0
34 1 U 33
35 0 U -1
36 1 U 35
37 0 U 36
38 1 U 37
39 1 U 38
40 1 U 39
41 1 U 40
42 1 U -1
43 1 U 42
44 1 L 32
45 1 U -1
46 0 U 45
47 1 U 46
48 1 L 10
49 0 U -1
50 1 L 12
51 1 L 39
52 0 U 51
53 1 U 52
54 1 U 53
55 1 L 23
56 1 U 37
57
0 0 U -1
1 1 U 0
2 0 L 1
3 0 U 2
4 1 L -1
5 0 U 4
6 1 U 1
7 0 U 3
8 0 U 7
9 1 U 8
10 1 U 9
11 1 U 10
12 0 U 11
13 0 U 12
14 0 U -1
15 0 U 14
16 1 U 15
17 1 U 16
18 0 U 17
19 1 U 18
20 1 U 19
21 1 U 13
22 0 U 12
23 0 U 22
24 0 U 23
25 1 U 24
26 1 U 22
27 0 L 24
28 0 U 19
29 1 U 28
30 0 U 3
31 1 U 30
32 0 U 31
33 1 L 0
34 1 U 33
35 0 U -1
36 1 U 35
37 0 U 36
38 1 U 37
39 1 U 38
40 1 U 33
41 1 U 40
42 1 U -1
43 1 L 21
44 0 U 43
45 1 U 44
46 0 U 45
47 1 U 46
48 1 L 10
49 0 U -1
50 0 U 49
51 1 L 39
52 0 U 51
53 1 U 52
54 1 U 53
55 1 L 23
56 0 U -1
57
0 0 U -1
1 1 U 0
2 0 L 1
3 0 U 2
4 0 U 3
5 0 U 4
6 1 U 1
7 0 U 3
8 0 U 7
9 1 U 8
10 1 U 9
11 1 U 10
12 1 U -1
13 0 U 12
14 0 U -1
15 0 U 14
16 1 U 15
17 1 U 16
18 0 U 17
19 1 U 18
20 1 U 19
21 1 U 13
22 1 L -1
23 0 U 22
24 0 U 23
25 1 U 24
26 1 U 22
27 0 L 22
28 0 U 19
29 1 U 28
30 1 L 22
31 1 U 30
32 0 U 31
33 1 L 0
34 1 U 33
35 0 U -1
36 1 U 35
37 0 U 36
38 1 U 37
39 1 U 38
40 1 U 39
41 0 U 8
42 1 U -1
43 0 L 29
44 0 U 43
45 1 U 44
46 0 U 45
47 1 U 46
48 1 L 10
49 0 U -1
50 0 U 49
51 1 L 39
52 0 U 51
53 1 U 52
54 1 U 53
55 1 L 23
56 0 U -1
57
0 1 U -1
1 1 U 0
2 0 L 1
3 0 U 2
4 0 U 3
5 0 U 4
6 1 U 1
7 0 U 3
8 0 U 7
9 1 U 8
10 1 U 9
11 1 U 10
12 0 U 11
13 0 U 12
14 0 U -1
15 0 U 0
16 1 U 15
17 1 U 16
18 0 U 17
19 1 U 18
20 1 U 19
21 1 U 13
22 1 L -1
23 0 U 22
24 0 U 23
25 1 U 24
26 1 U 22
27 0 L 9
28 0 U 19
29 1 U 28
30 0 U 3
31 0 L 9
32 0 U 31
33 1 L 0
34 1 U 33
35 0 U -1
36 1 U 35
37 0 U 36
38 1 U 37
39 1 U 38
40 1 U 39
41 1 U 40
42 1 U -1
43 1 L 13
44 0 U 43
45 1 U 9
46 0 U 45
47 1 U 46
48 0 U 28
49 0 U -1
50 0 U 49
51 0 U 13
52 0 U 51
53 1 U 52
54 1 U 53
55 1 L 23
56 0 U -1
57
0 0 U -1
1 1 U 0
2 0 L 1
3 0 U 2
4 0 U 3
5 0 U 4
6 1 U 1
7 0 U 3
8 0 U 7
9 1 U 8
10 1 U 9
11 0 U 4
12 0 U 11
13 0 U 12
14 0 U -1
15 0 U 14
16 1 U 15
17 1 U 16
18 0 U 1
19 1 U 18
20 1 U 19
21 1 U 13
22 1 L -1
23 0 U 22
24 0 U 23
25 1 U 24
26 1 U 22
27 0 L 9
28 0 U 19
29 1 U 28
30 0 U 3
31 1 U 30
32 0 U 31
33 1 L 0
34 1 U 33
35 0 U -1
36 1 U 35
37 1 U 8
38 0 L 10
39 1 U 38
40 1 U 39
41 1 U 40
42 1 U -1
43 1 U 42
44 0 U 43
45 1 U 44
46 0 U 45
47 1 U 23
48 1 L 10
49 0 U -1
50 0 U 49
51 1 L 39
52 0 U 51
53 1 U 52
54 0 L 23
55 1 L 23
56 0 U -1
57
0 0 U -1
1 1 U 0
2 0 L 1
3 0 U 2
4 0 U 3
5 0 U 4
6 1 U 1
7 1 U 1
8 0 U 7
9 1 U 8
10 1 U 3
11 1 U 10
12 0 U 11
13 0 U 12
14 0 U -1
15 0 U 14
16 1 U 15
17 1 U 16
18 0 U 17
19 1 U 18
20 1 U 19
21 1 U 13
22 1 L -1
23 1 L 17
24 0 U 23
25 1 U 24
26 1 U 22
27 0 L 9
28 0 U 19
29 1 U 28
30 0 U 3
31 1 U 30
32 0 U 31
33 1 L 0
34 1 U 33
35 0 U -1
36 1 U 35
37 0 U 36
38 1 U 37
39 1 U 38
40 1 L 33
41 1 U 40
42 1 U -1
43 1 U 42
44 0 U 43
45 1 U 44
46 0 U 45
47 1 U 46
48 1 L 10
49 0 U -1
50 1 L 33
51 1 L 39
52 0 U 51
53 1 U 52
54 1 U 53
55 1 L 23
56 0 U -1
57
0 0 U -1
1 1 U 0
2 0 L 1
3 0 U 2
4 0 U 1
5 0 U 4
6 1 U 1
7 1 U 4
8 1 L 4
9 1 U 8
10 1 U 9
11 1 U 10
12 0 U 11
13 0 U 12
14 0 U 11
15 0 U 14
16 1 U 15
17 1 U 16
18 0 U 17
19 1 U 18
20 1 U 19
21 1 U 13
22 1 L -1
23 0 U 22
24 0 U 23
25 1 U 24
26 1 U 22
27 0 L 9
28 0 U 19
29 1 U 28
30 0 U 3
31 0 U 5
32 0 U 31
33 1 L 0
34 1 U 33
35 0 U -1
36 1 U 35
37 1 U 5
38 1 U 37
39 1 U 35
40 1 U 39
41 1 U 40
42 1 L 25
43 1 U 42
44 0 U 43
45 1 U 44
46 0 U 45
47 1 L 38
48 1 L 10
49 0 U -1
50 0 U 49
51 1 L 39
52 0 U 51
53 1 U 52
54 1 U 53
55 1 L 23
56 0 U -1
57
0 0 U -1
1 1 U 0
2 0 L 1
3 0 L 0
4 0 U 3
5 0 U 4
6 1 L 1
7 0 U 3
8 0 U 7
9 1 U 8
10 1 U 9
11 1 U 10
12 0 U 11
13 0 U 12
14 0 U -1
15 0 U 14
16 1 U 15
17 1 U 16
18 0 U 17
19 1 U 18
20 1 U 19
21 1 U 13
22 1 L -1
23 0 U 22
24 0 U 23
25 1 U 24
26 1 U 22
27 0 U 25
28 0 U 19
29 1 U 28
30 0 U 3
31 1 U 30
32 0 U 31
33 1 L 0
34 1 U 33
35 0 U -1
36 1 U 35
37 0 U 36
38 1 U 37
39 1 U 38
40 1 U 39
41 1 U 40
42 1 U -1
43 0 U 41
44 0 U 43
45 1 U 44
46 0 U 45
47 1 U 46
48 1 L 10
49 0 U -1
50 0 U 49
51 1 L 39
52 0 U 51
53 1 U 52
54 1 U 53
55 1 L 23
56 0 U -1
57
0 1 U -1
1 1 U 0
2 0 L 1
3 0 U 2
4 0 U 3
5 0 U 4
6 0 U 2
7 0 U 3
8 0 U 7
9 1 U 8
10 1 U 9
11 1 U 10
12 0 U 11
13 0 U 12
14 0 U -1
15 0 U 6
16 1 U 15
17 0 U 5
18 0 U 17
19 1 U 18
20 1 U 19
21 1 U 13
22 1 L -1
23 0 U 22
24 0 U 23
25 1 U 24
26 1 U 22
27 0 L 9
28 0 U 19
29 1 U 28
30 1 L 24
31 1 U 30
32 0 U 31
33 1 L 0
34 1 U 33
35 1 U 11
36 1 U 35
37 0 U 36
38 1 U 37
39 1 U 38
40 1 U 39
41 1 U 40
42 1 U -1
43 1 U 42
44 0 U 43
45 1 U 44
46 0 U 45
47 1 U 46
48 1 L 10
49 0 U -1
50 0 U 49
51 1 L 39
52 0 U 51
53 1 U 52
54 1 U 53
55 1 L 23
56 0 U -1
57
0 1 L -1
1 1 U 0
2 0 L 1
3 0 U 2
4 0 U 3
5 0 U 4
6 1 U 1
7 0 U 3
8 0 U 7
9 1 U 8
10 1 U 9
11 1 U 10
12 0 U 11
13 0 U 12
14 0 U -1
15 0 L 0
16 1 U 15
17 1 U 16
18 0 U 17
19 1 U 18
20 1 U 19
21 1 U 13
22 1 L -1
23 0 U 22
24 0 U 23
25 1 U 24
26 1 U 22
27 0 L 9
28 0 U 19
29 1 U 28
30 0 U 3
31 1 U 30
32 0 U 31
33 1 L 0
34 1 U 13
35 0 U -1
36 1 U 35
37 0 U 36
38 1 U 35
39 1 U 0
40 1 U 39
41 1 U 40
42 1 U -1
43 1 U 42
44 0 U 43
45 1 U 44
46 0 U 45
47 1 U 46
48 1 L 10
49 0 U -1
50 0 U 49
51 1 L 39
52 0 U 26
53 1 U 52
54 1 U 53
55 1 L 23
56 0 U -1
57
0 0 U -1
1 1 U 0
2 0 L 1
3 0 U 2
4 0 U 3
5 0 U 4
6 1 U 1
7 0 U 3
8 0 U 7
9 1 U 8
10 1 U 9
11 1 U 10
12 0 U 11
13 0 U 12
14 1 L -1
15 0 U 14
16 0 L 12
17 1 L 10
18 0 U 17
19 1 U 18
20 1 U 19
21 1 U 13
22 1 L -1
23 1 U 9
24 0 U 23
25 0 L 11
26 1 U 22
27 0 L 9
28 0 U 19
29 1 U 28
30 0 U 3
31 1 U 30
32 0 U 31
33 1 L 0
34 1 U 33
35 0 U -1
36 0 U 16
37 0 U 36
38 1 U 37
39 1 U 38
40 1 U 39
41 1 U 40
42 1 U -1
43 1 U 42
44 0 L 41
45 1 U 44
46 0 U 45
47 1 U 46
48 1 L 10
49 0 U -1
50 0 U 49
51 1 L 39
52 0 U 51
53 1 U 52
54 1 U 53
55 0 U 16
56 0 U -1
57
0 0 U -1
1 1 U 0
2 0 L 1
3 0 U 2
4 0 U 3
5 0 U 4
6 1 U 1
7 0 U 3
8 0 U 7
9 1 U 8
10 1 U 9
11 1 U 10
12 0 U 11
13 0 U 12
14 0 U -1
15 0 U 14
16 1 U 15
17 1 U 16
18 0 U 17
19 1 U 18
20 1 U 19
21 1 U 13
22 1 L -1
23 0 U 22
24 0 U 23
25 1 U 24
26 1 U 22
27 0 L 9
28 0 U 19
29 1 U 28
30 0 U 3
31 1 U 30
32 0 U 31
33 0 U 15
34 1 U 33
35 0 U -1
36 1 U 35
37 0 U 36
38 1 U 37
39 1 U 38
40 1 U 39
41 1 U 40
42 1 U -1
43 1 L 11
44 0 U 43
45 1 U 44
46 0 U 45
47 1 U 46
48 1 L 10
49 0 U -1
50 0 U 3
51 1 L 39
52 0 U 51
53 0 L 26
54 1 U 53
55 1 L 23
56 0 U -1
57
0 0 U -1
1 1 U 0
2 0 L 1
3 1 U -1
4 0 U 3
5 0 U 4
6 1 U 1
7 0 U 3
8 0 U 7
9 0 L 0
10 1 U 1
11 1 U 10
12 0 U 11
13 0 U 12
14 0 U -1
15 0 U 14
16 1 U 15
17 1 U 16
18 0 U 17
19 1 U 18
20 1 U 19
21 1 U 13
22 0 U 11
23 0 U 22
24 0 U 23
25 1 U 24
26 1 U 22
27 0 L 9
28 0 U 19
29 1 U 28
30 0 U 3
31 1 U 30
32 0 U 31
33 1 L 0
34 1 U 33
35 0 U -1
36 1 U 35
37 0 U 36
38 1 U 37
39 1 U 38
40 1 L 11
41 1 U 40
42 0 L 2
43 1 U 42
44 0 U 43
45 1 U 44
46 0 U 45
47 1 U 46
48 1 L 10
49 0 U -1
50 0 U 49
51 1 L 39
52 0 U 51
53 1 U 52
54 1 U 53
55 1 L 23
56 0 U -1
57
0 0 U -1
1 1 U 0
2 0 L 1
3 0 U 2
4 0 U 3
5 0 U 4
6 1 U 1
7 0 U 3
8 0 U 4
9 1 U 8
10 1 U 9
11 1 U 10
12 0 U 11
13 1 L 9
14 0 U -1
15 0 U 14
16 1 U 15
17 1 U 16
18 0 U 17
19 1 U 18
20 1 U 19
21 1 U 13
22 1 L -1
23 1 L 14
24 1 U -1
25 1 U 24
26 1 U 22
27 1 U 24
28 0 U 19
29 1 U 28
30 0 U 3
31 0 L 26
32 0 U 31
33 1 U 28
34 1 U 33
35 0 U -1
36 1 U 35
37 0 U 36
38 1 U 37
39 1 U 38
40 1 U -1
41 1 U 40
42 1 U -1
43 1 L 41
44 0 U 43
45 1 U 44
46 0 U 45
47 1 U 46
48 1 L 3
49 0 U -1
50 0 U 49
51 1 L 39
52 0 U 51
53 1 U 43
54 1 U 53
55 1 L 23
56 0 U -1
57
0 0 U -1
1 1 U 0
2 0 L 1
3 0 U 2
4 0 U 3
5 0 U 4
6 0 L -1
7 0 U 3
8 0 U 7
9 0 U 8
10 1 U 9
11 1 U 10
12 0 U 11
13 0 U 12
14 0 U 2
15 0 U 14
16 1 U 15
17 1 U 16
18 0 U 17
19 1 U 18
20 1 U 19
21 1 U 13
22 1 L -1
23 0 U 22
24 0 U 23
25 1 U 24
26 1 U 22
27 0 L 9
28 0 U 19
29 1 U 28
30 0 U 3
31 1 U 30
32 0 U 31
33 0 L 14
34 1 U 33
35 0 U -1
36 1 U 35
37 0 U 36
38 1 U 37
39 1 U 38
40 1 U 39
41 0 U 14
42 1 L 30
43 0 L 30
44 0 L 26
45 1 U 44
46 0 U 45
47 1 U 46
48 1 L 10
49 1 U 35
50 0 U 49
51 1 L 39
52 0 U 51
53 1 U 52
54 1 U 53
55 1 L 23
56 0 U -1
57
0 0 U -1
1 1 U 0
2 0 L 1
3 0 U 2
4 0 U 3
5 0 U 4
6 1 L -1
7 0 U 3
8 1 U 7
9 1 U 8
10 1 U 9
11 1 U 10
12 1 U 0
13 0 U 12
14 0 U -1
15 0 U 14
16 1 U 15
17 1 U 16
18 0 U 17
19 1 U 18
20 1 U 19
21 1 U 13
22 1 L -1
23 0 U 22
24 0 U 23
25 1 U 24
26 1 U 22
27 0 L 9
28 0 U 19
29 1 U 28
30 0 U 3
31 1 U 30
32 0 U 31
33 1 L 0
34 1 U 33
35 0 U -1
36 1 U 35
37 0 U 36
38 1 U 37
39 1 U 38
40 1 U 39
41 1 U 40
42 1 U -1
43 1 U 42
44 0 U 43
45 1 U 44
46 0 U 45
47 1 U 46
48 1 L 10
49 0 L 32
50 0 U 49
51 1 L 39
52 0 U 51
53 1 U 52
54 1 U 53
55 1 L 23
56 0 U -1
57
0 0 U -1
1 0 U -1
2 0 L 1
3 1 L 0
4 0 U 3
5 0 U 1
6 1 U 1
7 0 U 3
8 0 U 7
9 1 U 8
10 1 U 9
11 1 U 10
12 0 U 11
13 0 U 12
14 0 U -1
15 0 U 14
16 1 U 15
17 1 U 16
18 0 U 17
19 1 U 18
20 1 U 19
21 1 U 13
22 1 L -1
23 0 U 22
24 0 U 23
25 1 U 24
26 1 U 22
27 0 L 9
28 1 L 25
29 1 U 28
30 0 U 3
31 1 U 30
32 0 U 31
33 1 L 0
34 1 U 33
35 0 U -1
36 1 U 35
37 0 U 36
38 1 U 37
39 1 U 38
40 1 U 39
41 1 U 40
42 1 U -1
43 1 U 42
44 0 U 43
45 1 U 44
46 0 U 45
47 1 U 46
48 1 L 10
49 0 U -1
50 0 U 49
51 1 L 39
52 0 U 51
53 1 U 52
54 1 U 53
55 1 L 23
56 0 U -1
57
0 0 U -1
1 1 U 0
2 0 L 1
3 0 U 2
4 0 U 3
5 0 U 4
6 1 U 1
7 0 U 1
8 0 U 7
9 1 U 8
10 1 U 9
11 1 U 10
12 0 U 11
13 0 U 12
14 0 U -1
15 0 U 14
16 1 U 15
17 1 U 16
18 0 U 17
19 1 U 18
20 1 U 19
21 1 U 13
22 1 L -1
23 0 U 22
24 0 U 23
25 1 U 24
26 1 U 22
27 0 L 9
28 0 U 19
29 1 U 28
30 1 U 28
31 0 U 30
32 0 U 31
33 1 L 0
34 1 U 33
35 0 U -1
36 1 U 35
37 0 U 36
38 1 U 37
39 1 U 38
40 1 U 39
41 1 U 40
42 1 U -1
43 1 U 42
44 0 U 43
45 1 U 44
46 0 U 45
47 1 U 46
48 1 L 10
49 0 U -1
50 0 U 49
51 1 L 39
52 1 L 46
53 1 U 52
54 1 U 53
55 1 L 23
56 0 U -1
57
0 1 U -1
1 1 U 0
2 0 L 1
3 0 U 2
4 0 U 3
5 0 U 4
6 1 U 1
7 0 U 3
8 0 U 7
9 1 U 8
10 1 U 9
11 1 U 10
12 0 U 11
13 1 L 2
14 0 U -1
15 0 U 14
16 1 U 15
17 1 U 16
18 0 U 17
19 0 U 12
20 1 U 19
21 1 U 13
22 1 L -1
23 0 U 22
24 1 L 13
25 1 U 24
26 1 U 22
27 0 L 9
28 0 U 19
29 1 U 28
30 0 U 3
31 1 U 30
32 0 U 31
33 1 L 0
34 1 U 33
35 0 U -1
36 1 U 35
37 0 U 36
38 0 U 1
39 1 U 38
40 1 U 39
41 1 U 40
42 1 U -1
43 1 U 42
44 1 L 28
45 1 U 44
46 0 U 6
47 1 U 46
48 1 L 10
49 0 U -1
50 0 U 49
51 1 L 28
52 0 U 51
53 0 U 25
54 1 U 53
55 1 L 23
56 1 L 36
57
0 0 U -1
1 1 U 0
2 0 L 1
3 0 U 2
4 0 U 3
5 0 U 4
6 1 U 1
7 0 U 3
8 0 U 7
9 1 U 8
10 1 U 9
11 1 U 10
12 0 U 11
13 0 U 12
14 0 U -1
15 0 U 14
16 1 U 15
17 1 U 16
18 0 U 17
19 0 U 7
20 1 U 19
21 1 L 1
22 1 L -1
23 0 U 22
24 0 U 23
25 1 U 24
26 1 U 22
27 0 L 9
28 0 U 19
29 1 U 28
30 0 U 3
31 1 U 30
32 0 U 31
33 1 L 0
34 1 U 33
35 0 U -1
36 1 U 35
37 0 U 36
38 1 U 37
39 1 U 38
40 1 U 39
41 1 U 40
42 1 U -1
43 1 U 42
44 0 U 43
45 1 U 44
46 0 U 45
47 1 U 46
48 1 L 10
49 0 U -1
50 0 U 49
51 1 L 39
52 0 U 51
53 1 U 52
54 0 L -1
55 1 L 23
56 0 L 17
57
0 0 U -1
1 1 U 0
2 0 L 1
3 0 U 2
4 0 U 3
5 0 U 4
6 1 U 1
7 0 U 3
8 0 U 7
9 1 L 2
10 1 U 9
11 1 U 10
12 0 U 11
13 0 U 12
14 0 U -1
15 0 U 14
16 1 U 15
17 1 U 16
18 1 U 4
19 1 U 18
20 1 U 19
21 1 U 13
22 1 L -1
23 0 U 22
24 0 U 23
25 0 L 5
26 1 U 22
27 0 L 9
28 0 U 19
29 1 U 28
30 0 U 3
31 1 U 30
32 0 U 31
33 1 L 0
34 1 U 33
35 0 U -1
36 1 U 35
37 0 U 36
38 1 U 37
39 1 U 38
40 1 L 20
41 1 U 40
42 1 U -1
43 1 U 42
44 0 U 43
45 1 U 44
46 0 U 45
47 1 U 46
48 1 L 10
49 0 U -1
50 0 U 49
51 1 L 39
52 0 U 19
53 1 U 52
54 1 U 53
55 1 L 23
56 0 U -1
57
0 0 U -1
1 1 U 0
2 0 L 1
3 0 U 2
4 0 U 3
5 0 U 4
6 1 U 1
7 0 U 3
8 0 U 7
9 1 L 2
10 1 U 7
11 0 L 0
12 1 L 7
13 0 U 12
14 0 U -1
15 1 L 12
16 1 U 15
17 1 U 16
18 0 U 17
19 1 U 18
20 1 U 19
21 1 U 13
22 1 L -1
23 0 U 22
24 0 U 23
25 1 U 24
26 1 L -1
27 1 U 21
28 0 U 19
29 1 U 28
30 0 U 3
31 1 L 25
32 0 U 31
33 1 L 0
34 1 U 33
35 0 U -1
36 0 U 25
37 0 U 36
38 1 U 37
39 1 U 38
40 1 U 39
41 1 U 40
42 1 U -1
43 1 U 42
44 0 U 43
45 1 U 44
46 0 U 45
47 1 U 46
48 1 L 10
49 0 U -1
50 0 U 49
51 1 L 39
52 0 U 51
53 1 U 52
54 1 U 53
55 1 L 23
56 0 U -1
57
0 0 U -1
1 1 U -1
2 0 L 1
3 0 U 2
4 1 U 3
5 0 U 4
6 1 U 1
7 0 U 3
8 0 U 7
9 1 U 8
10 1 U 9
11 0 L 1
12 0 U 11
13 0 U 12
14 0 U -1
15 0 U 12
16 1 U 15
17 1 U 16
18 0 U 17
19 1 U 18
20 1 U 19
21 1 U 13
22 1 L -1
23 0 U 22
24 0 U 23
25 1 U 24
26 1 U 22
27 0 L 9
28 0 U 19
29 1 U 28
30 0 U 28
31 1 U 30
32 0 U 31
33 1 L 0
34 1 U 33
35 0 U -1
36 1 U 35
37 0 L 2
38 1 U 37
39 1 U 38
40 1 U 39
41 1 U 40
42 1 U -1
43 1 U 42
44 0 U 43
45 1 U 44
46 0 U 45
47 1 U 46
48 0 U 22
49 0 U -1
50 0 U 49
51 1 L 39
52 0 U 51
53 1 U 52
54 1 U 53
55 1 L 23
56 0 U -1
57
0 0 U -1
1 1 L -1
2 0 L 1
3 0 U 2
4 0 U 3
5 0 U 4
6 1 U 1
7 0 U 3
8 0 U 7
9 1 U 8
10 1 U 9
11 1 U 10
12 0 U 11
13 0 U 12
14 0 U 6
15 0 U 14
16 1 U 15
17 1 U 16
18 0 U 17
19 1 U 18
20 1 U 19
21 1 U 13
22 1 L -1
23 0 U 22
24 0 U 23
25 1 U 24
26 1 U 22
27 0 L 9
28 0 U 19
29 1 U 28
30 0 U 3
31 1 U 30
32 0 U 31
33 1 L 0
34 1 U 33
35 0 U -1
36 1 U 35
37 0 U 28
38 1 U 37
39 1 U 38
40 0 U 11
41 1 U 40
42 1 U -1
43 1 U 42
44 0 U 43
45 1 U 44
46 0 U 1
47 1 U 46
48 1 L 10
49 0 U -1
50 0 U 49
51 1 L 39
52 0 U 51
53 1 U 52
54 1 U 53
55 1 L 23
56 0 U -1
57
0 1 U -1
1 1 U 0
2 0 L 1
3 0 U 2
4 0 U 3
5 0 U 4
6 1 U 1
7 0 U 3
8 0 U 7
9 1 U 8
10 1 U 9
11 1 U 10
12 0 U 11
13 0 U 12
14 0 U -1
15 0 U 14
16 1 U 15
17 1 L 1
18 0 U 17
19 1 U 18
20 1 U 19
21 1 U 13
22 1 L -1
23 0 U 22
24 0 U 23
25 1 U 24
26 1 U 22
27 0 L 9
28 0 U 19
29 1 U 28
30 0 U 3
31 1 U 30
32 0 U 31
33 1 L 0
34 1 U 33
35 0 U -1
36 1 U 35
37 0 U 36
38 1 U 37
39 1 U 38
40 1 U 39
41 1 U 40
42 1 U -1
43 1 U 42
44 0 U 43
45 1 L 16
46 0 U 45
47 1 U 46
48 1 L 10
49 0 U -1
50 0 U 49
51 1 L 39
52 0 U 51
53 0 U 13
54 1 U 53
55 0 L 25
56 0 U -1
57
0 0 U -1
1 1 U 0
2 0 L 1
3 0 U 2
4 0 U 3
5 0 U 4
6 1 U 1
7 0 U 3
8 0 U 7
9 1 U 8
10 1 U 9
11 1 U 10
12 0 U 11
13 0 U 12
14 0 U -1
15 0 U 14
16 1 U 15
17 1 U 16
18 0 U 17
19 1 U 18
20 1 U 19
21 1 U 13
22 1 L -1
23 0 U 22
24 0 U 23
25 1 U 24
26 1 U 22
27 0 L 9
28 0 U 19
29 1 U 28
30 0 U 3
31 1 U 30
32 0 U 31
33 1 L 0
34 1 U 33
35 0 U -1
36 1 U 35
37 0 U 36
38 1 U 37
39 1 U 38
40 0 U 8
41 1 U 40
42 1 U -1
43 1 U 42
44 0 U 12
45 1 U 44
46 0 U 45
47 1 U 46
48 1 L 10
49 0 U -1
50 0 U 49
51 1 L 39
52 0 U 51
53 1 U 52
54 1 U 53
55 1 L 23
56 0 U -1
57
0 0 U -1
1 1 U 0
2 0 L 1
3 0 U 2
4 0 U 3
5 0 U 4
6 1 U 1
7 0 U 3
8 0 U 7
9 1 U 8
10 1 U 9
11 1 U 10
12 0 U 11
13 0 U 12
14 1 L 0
15 0 U 14
16 1 U 7
17 1 U 16
18 0 U 17
19 1 U 18
20 1 U 19
21 1 U 13
22 1 L -1
23 0 U 22
24 1 U 5
25 1 U 24
26 1 U 22
27 0 L 9
28 0 U 19
29 1 U 28
30 0 U 3
31 0 U 1
32 0 U 31
33 1 L 0
34 1 U 19
35 0 U -1
36 1 U 35
37 0 U 36
38 1 U 37
39 1 U 38
40 1 U 39
41 1 U 40
42 1 U -1
43 1 U 42
44 0 U 43
45 1 U 44
46 0 U 45
47 1 U 46
48 1 L 10
49 0 U -1
50 0 U 49
51 1 L 39
52 0 U 51
53 1 U 52
54 1 U 53
55 1 L 23
56 0 U -1
57
0 0 U -1
1 1 U 0
2 0 L 1
3 0 U 2
4 0 U 3
5 0 U 4
6 1 U 1
7 0 U 3
8 0 U 7
9 1 U 8
10 1 U 9
11 1 U 10
12 0 U 11
13 0 U 12
14 0 U -1
15 0 U 14
16 1 U 15
17 1 U -1
18 0 U 17
19 1 U 18
20 1 U 19
21 1 U 13
22 1 L -1
23 0 U 22
24 1 U 21
25 1 U 24
26 1 U 22
27 0 L 9
28 0 U 19
29 1 U 28
30 0 U 3
31 1 U 14
32 0 U 31
33 1 L 0
34 1 U 33
35 0 U -1
36 1 U 35
37 0 U 36
38 1 U 37
39 1 U 38
40 1 U 39
41 1 U 40
42 1 U -1
43 0 L 32
44 0 U 43
45 1 U 44
46 0 U 45
47 1 U 46
48 1 L 10
49 0 U -1
50 0 U 49
51 1 L 39
52 0 U 51
53 1 U 52
54 1 L 24
55 1 L 23
56 0 U -1
57
0 0 U -1
1 1 U 0
2 0 L 1
3 0 L 2
4 0 U 3
5 0 U 4
6 1 U 1
7 0 U 3
8 0 U 7
9 1 U 8
10 1 U 9
11 1 U 10
12 0 U 11
13 0 U 12
14 0 U -1
15 0 U 14
16 1 U 15
17 0 U 8
18 0 U 17
19 1 U 18
20 1 U 19
21 1 U 13
22 1 L -1
23 0 U 22
24 0 U 23
25 1 U 24
26 0 L 23
27 0 L 9
28 0 U 19
29 1 U 28
30 0 U 3
31 1 U 30
32 0 U 31
33 1 L 0
34 1 U 33
35 0 U -1
36 1 U 35
37 0 U 36
38 1 U 37
39 1 U 38
40 1 U 39
41 1 U 40
42 1 U -1
43 1 U 42
44 0 U 43
45 1 U 44
46 0 U 45
47 1 U 46
48 1 L 10
49 0 U -1
50 0 U 49
51 1 L 39
52 0 U 51
53 1 U 52
54 1 U 53
55 0 L 19
56 0 U -1
57
0 0 U -1
1 1 U 0
2 1 L 0
3 0 U 2
4 0 U 3
5 0 U 4
6 1 U 1
7 0 U 3
8 0 U 7
9 1 U 8
10 0 L 3
11 1 U 10
12 0 U 11
13 0 U 12
14 0 U -1
15 0 U 14
16 1 U 15
17 1 U 16
18 0 U 17
19 1 U 18
20 1 U 19
21 1 U 13
22 1 L -1
23 0 U 22
24 0 U 23
25 1 U 24
26 1 U 22
27 0 L 9
28 0 U 19
29 1 U 28
30 0 U 3
31 1 U 30
32 0 U 31
33 1 L 0
34 1 U 33
35 0 U -1
36 1 U 35
37 0 U 36
38 0 L 17
39 1 U 38
40 1 U 39
41 1 U 40
42 1 U -1
43 1 U 42
44 0 U 43
45 1 U 44
46 1 U 12
47 1 U 46
48 1 L 10
49 0 U -1
50 0 U 49
51 0 L 41
52 1 U 41
53 1 U 52
54 1 U 53
55 1 L 23
56 0 U -1
57
0 0 L -1
1 1 U 0
2 0 L 1
3 0 U 0
4 0 U 3
5 0 U 4
6 1 U 1
7 0 U 3
8 0 U 7
9 1 U 8
10 1 U 9
11 1 U 10
12 0 U 11
13 0 U 12
14 0 U -1
15 0 U 14
16 1 U 15
17 1 U 16
18 0 L 6
19 1 U 18
20 1 U 19
21 1 U 13
22 1 L -1
23 0 U 22
24 0 U 23
25 1 U 24
26 1 U 22
27 0 L 9
28 0 U 19
29 1 U 28
30 0 U 3
31 1 U 30
32 0 U 31
33 1 L 0
34 1 U 33
35 0 U -1
36 1 U 35
37 0 U 36
38 1 U 37
39 1 U 5
40 1 L 32
41 1 U 40
42 1 U -1
43 1 U 42
44 0 U 43
45 1 U 44
46 0 U 45
47 0 L 6
48 1 L 10
49 0 L 28
50 0 U 49
51 1 L 39
52 0 L 9
53 0 L 17
54 1 U 53
55 1 L 23
56 0 U -1
57
0 0 U -1
1 1 U 0
2 0 L 1
3 0 U 2
4 0 U 3
5 0 U 4
6 1 U 1
7 0 U 3
8 0 U 7
9 1 U 8
10 1 U 9
11 1 U 10
12 0 U 11
13 0 U 12
14 0 U -1
15 0 U 14
16 1 U 15
17 1 U 16
18 0 U 17
19 1 U 18
20 1 U 19
21 1 U 13
22 1 L -1
23 0 U 22
24 0 L 11
25 1 U 24
26 1 U 22
27 0 L 9
28 0 U 19
29 1 U 28
30 0 U 3
31 1 U 30
32 0 U 31
33 1 L 29
34 1 U 33
35 0 U 16
36 1 U 35
37 0 U 36
38 1 U 37
39 1 U 38
40 1 U 39
41 1 U 40
42 1 U -1
43 1 U 42
44 0 U 43
45 1 U 44
46 0 U 45
47 1 U 41
48 1 L 10
49 0 U -1
50 0 U 49
51 1 L 39
52 0 U 51
53 1 U 52
54 1 U 53
55 1 L 23
56 0 U -1
57
0 0 U -1
1 0 U 0
2 0 L 1
3 0 U 2
4 0 U 3
5 0 U 4
6 1 U 1
7 0 U 3
8 0 U 7
9 1 U 8
10 0 U 1
11 1 U 10
12 0 U 11
13 0 U 12
14 0 U -1
15 0 U 14
16 1 U 15
17 1 U 16
18 0 U 17
19 1 U 18
20 1 U 4
21 1 U 13
22 1 L -1
23 0 U 22
24 0 U 23
25 1 U 24
26 1 U 7
27 0 L 9
28 0 U 19
29 1 U 28
30 0 U 3
31 1 U 30
32 0 U 31
33 1 L 0
34 1 U 33
35 0 U -1
36 1 U 35
37 0 U 36
38 1 U 37
39 1 U 38
40 1 U 39
41 1 U 40
42 1 U 16
43 1 U 42
44 0 U 43
45 1 U 44
46 0 U 45
47 1 U 46
48 1 L 10
49 0 U -1
50 0 U 49
51 1 L 39
52 0 U 51
53 1 U 52
54 1 U 53
55 1 U 26
56 0 U -1
57
0 0 U -1
1 1 U 0
2 0 L 1
3 0 U 2
4 0 U 3
5 0 U 2
6 1 U 1
7 0 U 1
8 0 U 7
9 1 U 8
10 0 U 4
11 1 U 10
12 0 U 11
13 0 U 12
14 0 U -1
15 0 U 14
16 1 U 15
17 1 U 16
18 0 U 17
19 1 U 18
20 1 U 19
21 1 U 13
22 1 L -1
23 0 U 22
24 0 U 23
25 1 U 24
26 1 U 22
27 0 L 9
28 0 U 19
29 1 U 28
30 0 U 3
31 1 U 30
32 0 U 31
33 1 L 0
34 1 U 33
35 0 U -1
36 1 U 35
37 0 U 36
38 1 U 37
39 1 U 38
40 1 U 39
41 1 U 40
42 1 U -1
43 1 U 42
44 0 U 43
45 1 U 44
46 0 U 45
47 1 U 46
48 1 L 10
49 0 U -1
50 0 U 49
51 1 L 39
52 0 U 51
53 1 U 52
54 1 U 53
55 1 L 23
56 0 U -1
57
0 0 U -1
1 1 U 0
2 0 L 1
3 0 U 2
4 0 U 3
5 0 U 4
6 1 U 1
7 0 U 3
8 0 U 7
9 1 U 8
10 1 U 9
11 1 U 10
12 0 U 11
13 0 U 12
14 0 U -1
15 0 U 14
16 1 U 15
17 1 U 16
18 0 U 17
19 0 L 5
20 1 U 19
21 1 U 13
22 1 L -1
23 0 U 22
24 0 U 23
25 1 U 24
26 1 U 22
27 0 L 9
28 0 L 15
29 1 U 28
30 1 U 10
31 1 U 30
32 0 U 31
33 1 U 4
34 1 U 33
35 0 U -1
36 1 U 35
37 0 U 36
38 1 U 37
39 1 U 38
40 1 U 39
41 1 U 40
42 0 L 39
43 1 U 42
44 0 U 43
45 1 U 44
46 0 U 45
47 1 U 46
48 1 L 10
49 0 U -1
50 0 U 49
51 1 L 39
52 0 U 51
53 1 U 6
54 1 U 53
55 1 L 23
56 0 U -1
57
0 0 U -1
1 0 L 0
2 0 L 1
3 0 U 2
4 1 L 2
5 1 L 3
6 1 U 1
7 0 U 3
8 0 L -1
9 1 U 8
10 1 U 9
11 1 U 10
12 0 U 11
13 0 U 12
14 0 U -1
15 0 U 14
16 1 U 15
17 1 U 16
18 0 U 17
19 0 L 5
20 1 U 19
21 1 U 13
22 1 L -1
23 0 U 22
24 0 U 23
25 1 U 24
26 1 U 22
27 0 L 9
28 0 U 19
29 1 U 28
30 0 U 3
31 1 U 30
32 0 U 1
33 1 L 0
34 1 U 33
35 0 U -1
36 1 U 35
37 0 U 18
38 1 U 37
39 1 U 38
40 1 U 39
41 1 U 40
42 1 U -1
43 1 U 42
44 0 U 43
45 1 U 44
46 0 U 45
47 1 U 26
48 1 U 3
49 0 U -1
50 0 U 49
51 0 L 9
52 0 U 51
53 1 U 52
54 1 U 53
55 1 L 23
56 0 U -1
57
0 0 U -1
1 1 U 0
2 0 L 1
3 0 U 2
4 0 U 3
5 0 U 4
6 1 U 1
7 0 U 3
8 0 U 7
9 1 U 8
10 1 L 0
11 1 U 10
12 0 U 11
13 0 L 12
14 0 U -1
15 0 U 14
16 1 U 15
17 1 L 15
18 0 U 17
19 1 U 18
20 1 U 19
21 1 U 13
22 1 L -1
23 0 U 22
24 0 U 23
25 1 U 24
26 1 U 22
27 0 L 9
28 0 U 19
29 1 U 28
30 0 U 3
31 1 U 30
32 0 U 31
33 1 L 0
34 1 U 33
35 0 U -1
36 1 U 35
37 0 U 36
38 1 U 37
39 1 U 38
40 1 U 39
41 1 U 40
42 1 U -1
43 1 U 42
44 0 U 43
45 1 U 44
46 0 U 45
47 1 U 46
48 1 L 10
49 0 U -1
50 0 U 49
51 1 L 39
52 0 U 51
53 1 U 52
54 0 L 53
55 1 L 23
56 0 U -1
57
0 1 U -1
1 1 U 0
2 0 L 1
3 0 U 2
4 0 U 3
5 0 U 4
6 1 U 1
7 0 U 3
8 0 U 7
9 1 U 8
10 1 U 9
11 1 U 10
12 0 U 11
13 0 U 12
14 0 U -1
15 0 U 14
16 1 U 15
17 1 U 16
18 0 U 17
19 1 U 18
20 1 U 19
21 1 U 13
22 1 L -1
23 0 U 22
24 0 U 23
25 0 L 2
26 1 U 22
27 0 L 9
28 0 U 19
29 1 U 28
30 0 U 3
31 1 L 25
32 0 U 31
33 0 U 11
34 1 U 33
35 0 U -1
36 1 U 35
37 0 U 36
38 1 U 37
39 1 U 38
40 1 U 39
41 1 U 40
42 1 U -1
43 1 U 42
44 0 U 43
45 0 U 5
46 0 U 45
47 1 U 46
48 1 L 10
49 0 U -1
50 0 U 49
51 1 L 39
52 0 U 51
53 1 U 52
54 1 U 53
55 0 L 5
56 0 L 5
57
0 0 U -1
1 1 U 0
2 0 L 1
3 0 U 2
4 0 U 3
5 0 U 4
6 1 U 1
7 0 U 3
8 0 U 5
9 1 U 8
10 1 U 9
11 1 U 10
12 0 U 11
13 0 U 12
14 0 U -1
15 0 U 14
16 1 U 15
17 1 U 16
18 0 U 17
19 1 U 18
20 1 U 19
21 1 U 13
22 1 L -1
23 0 U 22
24 0 U 23
25 1 U 24
26 1 U 22
27 0 L 9
28 0 U 19
29 1 U 11
30 0 U 3
31 1 U 30
32 0 U 31
33 1 L 0
34 1 U 33
35 0 U -1
36 1 U 35
37 0 U 36
38 1 U 37
39 1 U 38
40 1 U 39
41 0 U 10
42 0 U 41
43 1 U 42
44 0 U 43
45 1 U 44
46 0 U 45
47 1 U 46
48 1 L 10
49 0 U -1
50 0 U 49
51 0 U 46
52 0 U 51
53 1 U 52
54 1 U 53
55 1 U 53
56 0 U -1
57
0 0 U -1
1 1 U 0
2 0 L 1
3 0 U 2
4 0 U 3
5 0 U 4
6 1 U 1
7 0 U 3
8 0 U 7
9 1 U 8
10 1 U 9
11 1 U 10
12 0 U 8
13 0 U 12
14 0 U -1
15 0 L 4
16 1 U 15
17 1 U 16
18 1 L 9
19 1 U 18
20 1 U 19
21 1 U 13
22 1 L -1
23 0 U 22
24 0 U 23
25 1 U 24
26 1 U 22
27 0 L 9
28 0 U 19
29 1 U 28
30 0 U 3
31 1 U 30
32 0 U 31
33 1 L 0
34 1 U 33
35 1 L 21
36 1 U 35
37 0 U 19
38 1 U 37
39 1 U 38
40 1 U 39
41 1 U 40
42 1 U -1
43 1 U 42
44 0 U 43
45 1 U 44
46 0 U 45
47 1 U 46
48 1 L 10
49 0 U -1
50 0 U 42
51 1 L 39
52 0 U 51
53 1 L 44
54 1 U 53
55 1 L 23
56 0 U -1
57
0 0 U -1
1 1 U 0
2 0 L 1
3 0 U 2
4 0 U 3
5 0 U 4
6 1 U 1
7 0 U 3
8 0 U 7
9 1 U 8
10 1 U 9
11 1 U 10
12 0 U 11
13 0 U -1
14 0 L 0
15 0 U 14
16 1 U 15
17 1 U 16
18 0 U 17
19 1 U 18
20 1 U 19
21 1 U 13
22 1 L -1
23 0 U 22
24 0 U 23
25 0 L 18
26 1 U 22
27 0 L 9
28 0 U 19
29 1 U 28
30 0 U 3
31 1 U 30
32 0 U 31
33 0 U 9
34 1 U 33
35 0 U -1
36 1 U 35
37 0 U 36
38 1 U 37
39 1 L 35
40 1 U 39
41 1 U 40
42 1 U -1
43 1 U 42
44 0 U 43
45 1 U 44
46 0 U 45
47 1 U 46
48 1 L 10
49 0 U -1
50 0 U 49
51 1 L 39
52 0 U 51
53 1 U 52
54 1 U 53
55 1 L 23
56 0 U -1
57
0 0 U -1
1 1 U 0
2 0 L 1
3 0 U 2
4 0 U 3
5 0 U 4
6 1 U 1
7 0 U 3
8 0 U 7
9 1 U 8
10 1 U 9
11 1 U 10
12 0 U 11
13 0 U 12
14 0 U -1
15 0 U 14
16 1 U 15
17 1 U 16
18 0 U 17
19 1 U 18
20 1 U 19
21 1 U 13
22 1 L -1
23 0 U 22
24 0 U 23
25 1 U 24
26 1 U 22
27 0 L 9
28 0 U 19
29 1 U 28
30 1 L 14
31 1 U 30
32 0 U 31
33 1 L 0
34 1 U 33
35 0 U -1
36 1 U 35
37 0 U 36
38 1 U 37
39 1 U 38
40 1 U 39
41 1 U 40
42 1 U -1
43 1 U 42
44 0 U 43
45 1 U 44
46 0 U 45
47 1 U 46
48 1 L 10
49 0 U -1
50 0 L 31
51 1 L 39
52 0 U 51
53 1 U 52
54 1 U 53
55 1 L 23
56 0 U -1
57
0 0 U -1
1 1 U 0
2 0 L 1
3 0 U 2
4 0 U 3
5 0 U 4
6 1 U 1
7 0 U 3
8 0 U 7
9 1 U 8
10 1 U 9
11 1 U 10
12 0 U 11
13 0 U 12
14 0 U -1
15 0 U 14
16 1 U 15
17 1 U 16
18 0 U 9
19 1 U 18
20 1 U 19
21 1 U 13
22 1 L 16
23 0 U 22
24 0 U 23
25 1 U 2
26 1 U 22
27 1 L 13
28 0 U 19
29 1 U 28
30 1 U 7
31 1 U 30
32 0 U 31
33 1 L 0
34 1 U 33
35 0 U -1
36 1 U 35
37 0 U 36
38 1 U 37
39 1 U 38
40 0 L 30
41 1 U 40
42 1 U -1
43 1 U 42
44 0 U 43
45 1 U 44
46 0 U 45
47 1 U 46
48 1 L 10
49 0 U -1
50 0 U 49
51 0 L 18
52 0 L 27
53 1 U 52
54 1 U 53
55 1 L 23
56 0 U -1
57
0 0 U -1
1 1 U 0
2 0 L 1
3 0 U 2
4 0 U 3
5 0 U 4
6 1 U 1
7 0 U 3
8 0 U 7
9 1 U 8
10 1 U 9
11 1 U 10
12 0 U 11
13 0 U 12
14 0 U -1
15 0 U 14
16 1 U 15
17 1 U 16
18 0 U 17
19 1 U 18
20 1 U 7
21 1 U 13
22 1 L -1
23 0 U 22
24 1 L 20
25 1 U 24
26 1 U 22
27 0 L 9
28 0 U 19
29 1 U 28
30 0 U 3
31 1 U 30
32 0 U 31
33 1 L 0
34 1 U 33
35 0 U -1
36 1 U 35
37 0 U 36
38 1 U 37
39 1 U 38
40 1 U 39
41 1 U 40
42 1 U -1
43 1 U 42
44 0 U 43
45 1 L 22
46 0 U 45
47 1 U 46
48 1 L 10
49 1 U 22
50 0 U 49
51 1 L 32
52 0 U 51
53 1 U 52
54 1 U 53
55 1 L 23
56 0 U -1
57
0 0 U -1
1 1 U 0
2 0 L 1
3 0 U 2
4 0 U 3
5 0 U 4
6 1 U 2
7 0 U 3
8 0 U 7
9 1 U 8
10 1 U 9
11 1 U 10
12 0 U 11
13 0 U 12
14 0 U -1
15 0 U 14
16 1 U 15
17 1 U 16
18 0 U 17
19 1 U 18
20 1 U 19
21 1 U 13
22 0 U 9
23 0 U 22
24 0 U 23
25 1 U 24
26 1 U 22
27 0 L 9
28 0 U 19
29 1 U 28
30 0 U 3
31 1 U 30
32 0 U 31
33 1 L 0
34 1 U 33
35 0 U -1
36 0 L 27
37 0 U 36
38 1 U 37
39 1 U 38
40 1 U 39
41 1 U 40
42 1 U -1
43 1 L 14
44 0 U 43
45 1 U 44
46 0 U 33
47 1 U 46
48 0 L 20
49 0 U -1
50 0 U 49
51 1 L 39
52 0 U 51
53 1 U 52
54 1 U 53
55 1 L 23
56 0 U -1
57
0 0 U -1
1 1 U 0
2 0 L 1
3 0 U 2
4 0 U 3
5 0 U 4
6 1 U 1
7 0 U 3
8 0 L 4
9 1 U 8
10 1 U 9
11 1 U 10
12 0 U 11
13 0 U 12
14 0 U -1
15 0 U 14
16 0 L 15
17 1 U 16
18 0 U 17
19 1 U 18
20 1 U 19
21 1 U 13
22 1 L -1
23 0 U 22
24 0 U 23
25 1 U 24
26 1 U 22
27 0 L 9
28 0 U 19
29 1 U 28
30 1 L 3
31 1 U 30
32 0 U 31
33 1 L 0
34 1 U 33
35 0 U -1
36 1 U 35
37 0 U 36
38 1 U 37
39 1 U 38
40 1 U 39
41 1 U 40
42 1 U -1
43 1 U 42
44 0 U 43
45 1 U 44
46 0 U 45
47 1 U 46
48 1 L 10
49 0 U -1
50 0 U 49
51 1 L 39
52 0 U 51
53 1 U 52
54 1 U 53
55 1 L 29
56 0 U -1
57
0 0 U -1
1 0 U 0
2 0 L 1
3 0 U 2
4 0 U 3
5 0 U 4
6 1 U 1
7 0 U 3
8 0 U 7
9 1 U 8
10 1 U 9
11 1 U 10
12 0 U 11
13 0 U 12
14 0 U -1
15 0 U 8
16 1 U 15
17 1 U 16
18 0 U 17
19 1 U 18
20 1 U 19
21 1 U 13
22 1 L -1
23 0 U 22
24 0 U 23
25 1 U 24
26 1 U 22
27 0 L 9
28 0 U 19
29 1 U 28
30 0 U 3
31 1 U 30
32 0 U 31
33 1 L 0
34 1 U 33
35 0 U -1
36 0 U 17
37 0 U 36
38 1 U 37
39 1 U 38
40 1 U 39
41 1 U 40
42 1 U -1
43 1 U 42
44 0 U 43
45 1 U 44
46 0 U 45
47 1 U 46
48 1 L 10
49 0 U -1
50 0 U 49
51 0 L 29
52 0 U 51
53 1 U 52
54 1 U 53
55 1 L 23
56 0 U -1
57
0 0 U -1
1 1 U 0
2 0 L 1
3 0 U 2
4 0 U 3
5 0 U 4
6 1 U 1
7 0 U 3
8 0 U 7
9 1 U 8
10 1 U 9
11 1 U 10
12 0 U 11
13 0 U 12
14 0 U -1
15 0 U 14
16 1 U 15
17 1 U 16
18 0 U 17
19 1 U 18
20 1 U 19
21 1 U 13
22 0 L 14
23 0 U 22
24 0 U 23
25 1 L 10
26 1 U 22
27 0 L 9
28 0 L 27
29 1 U 28
30 0 U 3
31 1 U 30
32 0 U 31
33 1 L 0
34 1 U 33
35 0 U -1
36 1 U 35
37 0 U 36
38 1 U 37
39 1 U 38
40 1 U 39
41 1 U 40
42 1 U -1
43 1 U 42
44 0 U 43
45 1 U 44
46 0 U 45
47 1 U 46
48 1 L 10
49 0 U -1
50 0 U 49
51 1 L 39
52 0 U 51
53 1 U 52
54 1 U 53
55 1 L 23
56 0 U -1
57
0 0 U -1
1 1 U 0
2 0 L 1
3 0 U 2
4 0 U 3
5 0 U 4
6 1 U 1
7 0 U 3
8 0 U 7
9 1 U 8
10 1 U 9
11 1 U 10
12 0 U 11
13 0 U 12
14 0 U -1
15 0 U 14
16 1 U 15
17 1 U 12
18 0 U 17
19 1 U 18
20 1 L 15
21 1 U 13
22 1 L -1
23 0 L 6
24 1 U 7
25 1 U 24
26 1 U 22
27 0 L 9
28 0 U 19
29 1 U 28
30 0 U 3
31 1 U 30
32 0 U 31
33 1 L 0
34 1 U 33
35 0 U -1
36 1 U 35
37 0 U 36
38 1 U 37
39 1 U 38
40 1 U 36
41 1 U 40
42 1 U -1
43 0 U 25
44 0 U 43
45 1 U 22
46 0 U 45
47 1 U 46
48 1 L 10
49 0 U -1
50 0 U 49
51 1 L 39
52 0 U 51
53 1 U 52
54 1 U 53
55 1 L 23
56 0 U -1
57
0 0 U -1
1 1 U 0
2 0 L 1
3 0 U 2
4 0 U 3
5 0 U 4
6 0 U 0
7 0 U -1
8 0 U 7
9 1 U 8
10 1 U 9
11 1 U 10
12 0 U 11
13 0 U 12
14 0 U -1
15 0 U 14
16 1 U 15
17 1 U 16
18 0 U 17
19 1 U 18
20 1 U 19
21 1 U 13
22 1 L -1
23 0 U 22
24 0 L 9
25 1 U 24
26 1 U 22
27 0 L 9
28 0 U 19
29 1 U 28
30 0 U 3
31 0 L 19
32 0 U 31
33 1 L 0
34 1 U 33
35 1 L 9
36 1 U 35
37 0 U 36
38 1 U 37
39 1 U 38
40 1 U 39
41 1 U 40
42 1 U -1
43 1 U 42
44 0 U 43
45 0 L 0
46 0 U 45
47 1 U 46
48 1 L 10
49 0 U -1
50 0 U 49
51 1 L 39
52 0 U 51
53 1 U 52
54 1 U 53
55 1 L 23
56 0 U -1
57
0 0 U -1
1 1 U 0
2 0 L 1
3 0 U 2
4 0 U 3
5 0 U 4
6 0 L 5
7 0 U 3
8 0 U 7
9 1 U 8
10 1 U 9
11 1 U 10
12 0 U 11
13 0 L 10
14 0 U -1
15 0 U 14
16 1 U 15
17 1 U 16
18 0 U 17
19 1 U 18
20 1 L -1
21 1 U -1
22 1 L -1
23 0 U 22
24 0 U 23
25 1 U 24
26 1 U 22
27 0 L 9
28 0 U 19
29 1 U 28
30 0 U 3
31 1 U 30
32 0 U 31
33 1 L 0
34 1 U 33
35 0 U -1
36 1 U 35
37 0 U 36
38 1 U 37
39 1 U 38
40 1 U 39
41 1 U 40
42 1 U -1
43 1 U 42
44 0 U 43
45 1 U 44
46 0 U 45
47 1 U 46
48 1 L 10
49 1 U 9
50 0 U 49
51 1 L 39
52 0 U 51
53 1 U 52
54 1 U 53
55 1 L 23
56 0 U -1
57
0 0 U -1
1 1 U 0
2 0 L 0
3 0 U 2
4 0 U 3
5 0 U 4
6 1 U 1
7 0 U 3
8 0 U 7
9 1 U 8
10 1 U 9
11 1 U 10
12 0 U 11
13 0 U 12
14 0 U -1
15 0 U 14
16 1 U 15
17 1 U 16
18 0 U 17
19 1 U 18
20 1 U 19
21 1 U 13
22 1 L -1
23 0 U 22
24 0 U 23
25 1 U 24
26 1 U 22
27 0 L 9
28 0 U 19
29 1 U 28
30 0 U 3
31 1 U 30
32 0 U 31
33 1 L 0
34 1 U 33
35 0 U -1
36 1 U 35
37 0 U 36
38 1 L 9
39 1 U 21
40 1 U 23
41 0 U 7
42 1 U -1
43 1 U 42
44 0 U 43
45 1 U 44
46 0 U 45
47 1 U 46
48 1 L 10
49 0 U -1
50 0 U 49
51 1 L 39
52 0 U 51
53 1 U 52
54 1 U 53
55 1 L 23
56 0 U -1
57
0 0 U -1
1 1 U 0
2 0 L 1
3 0 U 1
4 0 U 3
5 0 U 4
6 1 U 1
7 0 U 0
8 0 U 7
9 1 U 8
10 1 U 9
11 1 U 10
12 0 U 11
13 0 U 12
14 0 U -1
15 0 U 14
16 0 U 8
17 1 U 16
18 0 U 17
19 1 U 18
20 1 U 19
21 1 U 13
22 1 L -1
23 0 L -1
24 0 U 23
25 1 U 24
26 1 U 22
27 0 L 9
28 0 U 19
29 1 U 28
30 0 U 3
31 1 U 30
32 0 U 7
33 0 L 19
34 1 U 33
35 0 U -1
36 1 L 9
37 0 U 36
38 1 U 37
39 1 U 38
40 1 U 39
41 1 U 40
42 1 U -1
43 1 U 42
44 0 U 43
45 1 U 44
46 0 U 45
47 1 U 46
48 1 L 10
49 0 U -1
50 0 U 49
51 1 L 39
52 0 U 51
53 1 U 52
54 1 U 53
55 1 L 23
56 0 U -1
57
0 0 U -1
1 1 U 0
2 0 L 1
3 0 U 2
4 0 U 3
5 0 U 4
6 1 U 1
7 0 U 3
8 0 U 7
9 1 U 8
10 1 U 9
11 1 U 10
12 0 U 11
13 0 U 12
14 0 U -1
15 0 U 14
16 1 L 10
17 1 U 16
18 0 U 17
19 1 U 18
20 1 U 19
21 1 U 13
22 1 L -1
23 0 U 22
24 0 U 23
25 1 U 24
26 1 U 22
27 0 L 9
28 0 U 19
29 0 U 7
30 0 U 3
31 1 U 30
32 0 U 31
33 1 L 0
34 1 U 33
35 0 U -1
36 1 U 35
37 0 U 36
38 1 U 37
39 1 U 38
40 1 U 39
41 1 U 40
42 0 U 39
43 1 U 42
44 0 U 43
45 1 U 44
46 0 U 45
47 1 U 46
48 1 L 10
49 0 U -1
50 0 U 49
51 0 U 19
52 0 U 51
53 1 U 52
54 1 U 53
55 1 L 23
56 0 U -1
57
0 0 U -1
1 1 U 0
2 0 L 1
3 0 U 2
4 0 U 3
5 0 U 4
6 1 U 1
7 0 U 3
8 0 U 7
9 1 U 8
10 1 U 9
11 1 U 10
12 0 U 11
13 0 U 12
14 0 U -1
15 0 U 14
16 1 U 15
17 1 U 16
18 0 U 17
19 1 U 18
20 1 U 19
21 1 U 13
22 1 L -1
23 0 U 22
24 1 L 14
25 1 U 24
26 1 U 22
27 0 L 9
28 0 U 19
29 1 U 28
30 0 U 3
31 1 U 30
32 0 U 31
33 1 L 0
34 1 U 33
35 0 U -1
36 1 U 35
37 0 U 36
38 1 U 37
39 1 U 33
40 1 U 39
41 1 U 40
42 1 U -1
43 1 U 42
44 0 L 37
45 1 U 44
46 0 U 45
47 0 U 23
48 1 L 10
49 0 U -1
50 0 U 49
51 1 L 39
52 0 U 51
53 1 U 52
54 1 U 53
55 1 L 23
56 0 U -1
57
0 0 U -1
1 1 U 0
2 0 L 1
3 0 U 2
4 0 L 1
5 0 L 1
6 1 U 1
7 0 U 3
8 0 U 7
9 1 U 8
10 1 U 9
11 1 U 10
12 0 U 11
13 1 U 4
14 0 U -1
15 0 U 14
16 1 U 15
17 1 U 16
18 0 U 17
19 1 U 18
20 1 U 19
21 1 U 13
22 0 L 20
23 0 U 22
24 0 U 23
25 1 U 24
26 1 U 22
27 0 L 9
28 0 U 19
29 1 U 28
30 0 U 4
31 1 U 30
32 0 L -1
33 1 L 0
34 1 L 30
35 0 U -1
36 1 U 35
37 0 U 36
38 1 U 37
39 1 U 38
40 1 U 39
41 1 U 40
42 1 U -1
43 1 U 42
44 0 U 43
45 1 U 44
46 0 U 45
47 1 U 46
48 0 U 35
49 0 U -1
50 0 U 49
51 1 L 39
52 0 U 51
53 1 U 52
54 1 U 53
55 1 L 23
56 0 U -1
57
0 0 U -1
1 1 U -1
2 1 U -1
3 0 U 2
4 1 L 0
5 0 U 4
6 0 L 2
7 0 U 3
8 0 U 7
9 1 U 8
10 1 L 2
11 1 U 10
12 0 U 11
13 0 U 12
14 0 U -1
15 0 U 14
16 1 U 15
17 1 U 16
18 0 U 17
19 1 U 18
20 1 U 19
21 1 U 13
22 1 L -1
23 0 U 22
24 0 U 23
25 1 U 24
26 1 U 22
27 0 L 9
28 0 U 19
29 1 U 28
30 0 U 3
31 1 U 30
32 0 U 31
33 1 L 0
34 1 U 33
35 0 U -1
36 1 L 10
37 0 U 36
38 1 U 37
39 1 U 38
40 1 U 39
41 1 U 40
42 1 U -1
43 1 U 42
44 0 U 43
45 1 U 44
46 0 U 45
47 1 U 46
48 1 L 10
49 0 U -1
50 0 L 17
51 1 L 28
52 0 U 51
53 1 U 52
54 1 U 53
55 1 L 23
56 0 U -1
