97
0 0 U -1
1 0 U 0
2 0 U 1
3 0 U 2
4 0 U 3
5 0 U 4
6 0 U 5
7 1 U 6
8 1 U 7
9 1 U -1
10 1 U 9
11 0 U 10
12 0 U 11
13 1 U 12
14 0 U 13
15 1 U 14
16 1 U 15
17 1 U 16
18 1 U -1
19 1 U 18
20 1 U 19
21 1 U 20
22 1 U 21
23 0 U 22
24 0 U 23
25 1 U 24
26 0 U 25
27 0 U -1
28 0 U 27
29 0 U 28
30 1 U 29
31 1 U 30
32 0 U 31
33 1 U 32
34 0 U 33
35 0 U 34
36 1 U -1
37 0 U 36
38 1 U 37
39 1 U 38
40 0 U 39
41 0 U 40
42 0 U 41
43 1 U 42
44 1 U 43
45 1 U -1
46 0 U 45
47 1 U 46
48 0 U 47
49 1 U 48
50 0 U 49
51 1 U 50
52 0 U 51
53 0 U 52
54 1 U -1
55 0 U 54
56 1 U 55
57 1 U 56
58 0 U 57
59 0 U 58
60 0 U 59
61 1 U 60
62 0 U 61
63 0 U -1
64 0 U 63
65 0 U 64
66 1 U 65
67 0 U 66
68 1 U 67
69 1 U 68
70 1 U 69
71 1 U 70
72 0 U -1
73 1 U 72
74 1 U 73
75 1 U 74
76 1 U 75
77 0 U 76
78 0 U 77
79 0 U 78
80 0 U 79
81 0 U -1
82 1 U 81
83 1 U 82
84 1 U 83
85 1 U 84
86 1 U 85
87 0 U 86
88 0 U 87
89 0 U 88
90 1 U -1
91 1 U 90
92 0 U 91
93 1 U 92
94 0 U 93
95 0 U 94
96 1 U 95
97
0 0 U -1
1 0 U 0
2 0 U 1
3 0 U 2
4 0 U 3
5 0 U 4
6 1 U 0
7 1 U 6
8 1 U 7
9 1 U -1
10 0 L 1
11 0 U 10
12 0 U 11
13 1 U 12
14 0 U 13
15 1 U 14
16 1 U 15
17 1 U 16
18 1 U -1
19 0 L 0
20 1 U 19
21 1 U 20
22 1 U 21
23 0 U 22
24 0 U 23
25 1 U 24
26 0 U 25
27 0 U -1
28 0 U 27
29 0 U 28
30 1 U 29
31 1 U 30
32 0 U 31
33 1 U 32
34 0 U 33
35 0 U 34
36 1 U -1
37 0 U 36
38 1 U 37
39 1 U 38
40 0 U 39
41 0 U 40
42 0 U 41
43 1 U 42
44 1 U 43
45 0 L 28
46 0 U 45
47 1 U 46
48 0 U 47
49 1 U 48
50 0 U 49
51 1 U 50
52 0 U 51
53 0 U 52
54 1 U -1
55 0 U 49
56 1 U 55
57 1 U 56
58 0 U 57
59 0 U 58
60 0 U 59
61 0 U 21
62 0 U 61
63 0 U -1
64 0 U 63
65 0 U 64
66 1 U 65
67 0 U 66
68 1 U 67
69 1 U 68
70 1 L 64
71 1 U 70
72 0 U -1
73 1 U 72
74 1 U 73
75 1 U 74
76 1 U 75
77 0 U 76
78 0 U 77
79 0 U 78
80 0 U 79
81 0 U -1
82 1 U 81
83 0 L 27
84 1 U 83
85 1 U 84
86 1 U 85
87 0 U 86
88 0 U 87
89 0 U 88
90 1 U -1
91 1 U 90
92 0 U 91
93 1 U 92
94 0 U 93
95 0 U 94
96 1 U 95
97
0 0 U -1
1 0 U -1
2 0 U 1
3 0 U 2
4 0 U 3
5 0 U 4
6 1 U 0
7 1 U 6
8 1 U 7
9 1 U -1
10 0 L 1
11 0 U 10
12 0 U 11
13 1 U 12
14 0 U 13
15 1 U 14
16 1 U 15
17 1 U 16
18 1 U -1
19 0 L 0
20 1 U 16
21 1 U 20
22 1 U 21
23 0 L 16
24 0 L 22
25 1 U 20
26 0 U 25
27 0 U -1
28 0 U 27
29 0 U 28
30 1 U 29
31 1 U 20
32 0 U 31
33 1 U 32
34 0 U 33
35 0 U 34
36 1 U -1
37 0 U 36
38 1 U 37
39 1 U 38
40 0 U 39
41 0 U 40
42 0 U 41
43 1 U 42
44 1 U 43
45 0 L 28
46 0 U 45
47 1 U 46
48 1 U 34
49 1 U 48
50 0 U 49
51 1 U 50
52 0 U 51
53 0 U 52
54 1 U -1
55 0 U 49
56 1 U 55
57 1 U 56
58 0 U 49
59 0 U 58
60 0 U 59
61 0 U 21
62 0 U 61
63 0 U -1
64 0 U 63
65 0 U 64
66 1 U 65
67 0 U 66
68 1 U 67
69 1 U 68
70 1 L 64
71 1 U 70
72 0 U -1
73 1 U 72
74 1 U 73
75 1 U 74
76 1 U 75
77 0 U 76
78 0 U 77
79 0 U 78
80 0 U 79
81 0 U -1
82 1 U 81
83 0 L 27
84 1 U 83
85 1 U 84
86 1 U 85
87 0 U 17
88 0 U 87
89 0 U 88
90 1 U -1
91 1 U 90
92 0 U 91
93 1 U 92
94 0 U 93
95 0 U 94
96 1 U 95
97
0 0 U -1
1 0 U 0
2 0 U 1
3 0 U 2
4 0 U 3
5 0 U 4
6 1 U 0
7 1 U 6
8 1 U 7
9 1 U -1
10 0 L 1
11 0 U 10
12 0 U 11
13 1 U 12
14 0 U 13
15 1 U 14
16 1 U 15
17 1 U 16
18 1 U -1
19 0 L 0
20 1 U 19
21 1 U 20
22 0 U 9
23 0 U 22
24 0 U 23
25 1 U 24
26 0 U 25
27 0 U -1
28 0 U 27
29 0 L 1
30 1 U 29
31 1 U 30
32 0 U 31
33 1 U 32
34 0 U 33
35 0 U 34
36 1 U -1
37 0 U 36
38 1 U 37
39 1 U 38
40 0 U 39
41 0 U 40
42 0 U 41
43 1 U 42
44 1 U 43
45 0 L 28
46 0 U 45
47 1 U 46
48 0 U 47
49 1 U 48
50 0 U 49
51 1 U 50
52 1 L 0
53 0 U 52
54 1 U -1
55 0 U 49
56 1 U 55
57 1 U 56
58 0 U 57
59 0 U 58
60 0 U 59
61 0 U 21
62 0 U 61
63 0 U -1
64 0 U 63
65 0 U 64
66 1 U 65
67 0 U 66
68 1 U 67
69 1 U 68
70 1 L 64
71 1 U 70
72 0 U -1
73 1 U 72
74 1 U 73
75 1 U 74
76 1 U 75
77 0 U 76
78 0 U 77
79 0 U 78
80 0 U 79
81 0 U -1
82 1 U 81
83 0 L 27
84 1 U 83
85 1 U 84
86 1 U 85
87 0 U 71
88 0 U 87
89 0 U 88
90 1 U -1
91 1 U 90
92 0 U 91
93 1 U 92
94 0 U 93
95 0 U 94
96 0 U 9
97
0 0 U -1
1 0 U 0
2 0 U 1
3 0 U 2
4 0 U 3
5 0 U 4
6 1 U 0
7 1 U 6
8 1 U 7
9 1 U -1
10 0 L 1
11 0 U 10
12 0 U 11
13 0 L 1
14 0 U 13
15 1 U 14
16 1 U 15
17 1 U 16
18 1 U -1
19 1 U 6
20 1 U 19
21 1 U 20
22 1 U 21
23 0 U 22
24 0 U 17
25 1 L -1
26 0 U 25
27 0 L 0
28 0 U 27
29 0 U 28
30 1 U 29
31 1 U 30
32 0 U 31
33 1 U 32
34 0 U 33
35 0 U 34
36 1 U -1
37 0 U 36
38 1 U 37
39 1 U 38
40 0 U 39
41 0 U 27
42 0 U 41
43 1 U 42
44 1 U 43
45 0 L 28
46 0 U 45
47 1 U 46
48 0 U 47
49 1 U 48
50 0 U 49
51 1 U 50
52 0 U 51
53 0 U 52
54 1 U -1
55 0 L 50
56 1 U 55
57 1 U 56
58 1 U 34
59 0 U 58
60 0 U 59
61 0 U 21
62 0 U 61
63 0 U -1
64 0 U 63
65 0 U 64
66 1 U 65
67 0 U 66
68 1 U 67
69 1 U 68
70 1 L 64
71 1 U 70
72 0 U -1
73 1 U 72
74 1 U 73
75 1 U 74
76 1 U 75
77 0 U 76
78 0 U 77
79 0 U 78
80 0 U 79
81 0 L 70
82 1 U 81
83 0 L 27
84 1 U 83
85 1 U 84
86 1 U 85
87 0 U 86
88 0 U 87
89 0 U 88
90 1 U -1
91 1 U 90
92 0 U 91
93 1 U 92
94 0 U 93
95 0 U 94
96 1 U 95
97
0 0 U -1
1 0 U 0
2 0 U 1
3 0 L 1
4 1 U 1
5 0 U 0
6 1 U 0
7 1 U 6
8 1 U 7
9 0 U 1
10 0 L 1
11 0 U 10
12 0 U 11
13 0 L 7
14 0 U 13
15 1 U 14
16 1 U 15
17 1 U 16
18 1 U -1
19 0 L 0
20 1 U 19
21 1 U 20
22 1 U 21
23 0 U 22
24 0 U 23
25 1 U 24
26 0 U 25
27 0 U -1
28 0 U 27
29 0 U 28
30 1 U 29
31 1 U 30
32 0 U 31
33 1 U 32
34 0 U 33
35 0 U 34
36 1 U -1
37 0 U 36
38 1 U 37
39 1 U 38
40 0 U 39
41 0 U 40
42 0 U 41
43 1 U 42
44 1 U 43
45 0 U 15
46 0 U 45
47 1 U 46
48 0 U 47
49 1 U 48
50 0 U 49
51 1 U 50
52 0 U 51
53 0 U 52
54 1 U -1
55 0 U 49
56 1 U 55
57 1 U 56
58 0 U 57
59 0 U 58
60 0 U 59
61 0 U 21
62 0 U 61
63 0 U -1
64 0 U 4
65 0 U 64
66 1 U 65
67 0 L 62
68 1 U 67
69 1 U 68
70 1 L 64
71 1 U 70
72 0 U -1
73 1 U 43
74 1 U 73
75 1 U 74
76 1 U 75
77 0 U 76
78 0 U 77
79 0 U 78
80 0 U 79
81 0 U -1
82 0 L 71
83 0 L 27
84 1 U 83
85 1 U 84
86 1 U 85
87 0 L 52
88 1 L 25
89 0 U 15
90 1 U -1
91 1 U 90
92 0 U 91
93 0 U 61
94 1 U 17
95 0 U 94
96 1 U 95
97
0 0 U -1
1 0 U 0
2 0 U 1
3 0 U -1
4 1 U 1
5 0 U 0
6 1 U 0
7 1 U 6
8 1 U 7
9 0 U 1
10 0 L 1
11 0 U 10
12 0 U 11
13 0 L -1
14 0 U 13
15 1 U 14
16 1 U 15
17 1 U 16
18 0 U 12
19 0 L 0
20 1 U 19
21 1 U 20
22 0 L 7
23 0 U 22
24 0 U 23
25 0 L 19
26 0 U 25
27 0 U -1
28 0 U 27
29 0 U 28
30 1 U 29
31 1 U 30
32 0 U 31
33 1 U 32
34 0 U 33
35 0 U 34
36 1 U -1
37 0 U 36
38 1 U 37
39 1 U 38
40 0 U 39
41 0 U 40
42 0 U 41
43 1 U 42
44 1 U 43
45 0 U 15
46 0 U 45
47 1 U 46
48 0 U 47
49 1 U 48
50 0 U 49
51 1 U 50
52 0 U 51
53 0 U 2
54 1 U -1
55 0 U 49
56 1 L 1
57 1 U 56
58 0 U 57
59 0 U 58
60 0 U 59
61 0 U 21
62 0 U 61
63 0 U -1
64 0 U 4
65 0 U 64
66 1 U 7
67 0 L 62
68 1 U 67
69 1 U 68
70 1 L 64
71 1 U 70
72 0 U -1
73 1 U 14
74 1 U 73
75 1 U 74
76 1 U 75
77 0 U 76
78 0 U 77
79 0 U 78
80 0 U 79
81 0 U -1
82 0 L 71
83 0 L 27
84 1 U 83
85 1 U 84
86 1 U 85
87 0 L 52
88 1 L 25
89 1 U 81
90 1 U -1
91 1 U 90
92 1 L 39
93 0 U 61
94 1 U 17
95 0 U 94
96 1 U 95
97
0 0 U -1
1 0 U 0
2 0 U 1
3 0 L 1
4 1 U 1
5 0 U 0
6 1 U 0
7 1 U 6
8 1 U 7
9 0 U 1
10 0 L 1
11 0 U 10
12 0 U 11
13 0 L 7
14 0 U 13
15 1 U 14
16 1 U 15
17 1 U 16
18 1 U -1
19 0 L 0
20 1 U 19
21 1 U 20
22 1 U 21
23 0 U 22
24 0 U 23
25 1 U 24
26 0 U 25
27 0 U -1
28 0 U 27
29 0 U 28
30 1 U 29
31 1 U 30
32 0 U 31
33 1 U 32
34 0 U 33
35 0 U 34
36 1 U -1
37 0 U 36
38 1 U 37
39 1 U 38
40 0 L -1
41 0 U 40
42 0 U 41
43 1 U 42
44 1 U 43
45 0 U 15
46 0 U 45
47 1 U 46
48 0 U 47
49 1 U 48
50 0 U 37
51 1 U 50
52 0 U 51
53 0 U 52
54 1 U -1
55 0 U 49
56 1 U 55
57 1 U 56
58 0 U 57
59 0 U 58
60 0 U 59
61 0 U 21
62 0 U 61
63 0 U -1
64 0 U 4
65 0 U 64
66 1 U 65
67 0 L 62
68 1 U 67
69 1 U 4
70 1 L 64
71 1 U 70
72 0 U -1
73 1 U 43
74 1 U 73
75 1 U 74
76 1 U 75
77 0 U 76
78 0 U 77
79 0 U 78
80 0 U 79
81 0 U -1
82 1 L 19
83 0 U 29
84 1 U 83
85 1 U 84
86 1 U 85
87 0 L 52
88 1 L 25
89 0 U 15
90 1 U -1
91 1 U 90
92 0 U 91
93 0 U 61
94 1 U 17
95 0 U 94
96 1 U 95
97
0 0 U -1
1 0 U 0
2 0 U 1
3 0 L 1
4 1 U 1
5 0 U 0
6 0 U 2
7 1 U 6
8 1 U 7
9 0 U 1
10 0 L 1
11 0 L 9
12 0 U 11
13 0 L 7
14 0 U 13
15 1 U 14
16 1 U 15
17 1 U 16
18 1 U -1
19 0 L 0
20 1 U 19
21 1 U 20
22 1 U 21
23 0 U 22
24 0 U 23
25 1 L 19
26 0 U 25
27 0 U -1
28 0 U 27
29 0 U 28
30 1 U 29
31 1 U 30
32 0 U 31
33 1 U 32
34 0 U 33
35 0 U 34
36 1 U -1
37 0 U 36
38 1 U 37
39 1 U 38
40 0 U 39
41 0 U 40
42 0 U 41
43 1 U 42
44 1 U 43
45 1 L 34
46 0 U 45
47 1 U 46
48 0 U 47
49 1 U 48
50 0 U 49
51 1 U 50
52 0 U 51
53 0 U 52
54 1 U -1
55 0 U 49
56 1 U 55
57 1 U 56
58 0 U 57
59 0 U 58
60 0 U 59
61 0 U 21
62 0 U 61
63 0 U -1
64 0 U 4
65 0 U 64
66 1 U 65
67 0 L 62
68 1 U 67
69 1 U 68
70 1 L 64
71 1 U 70
72 0 U -1
73 1 U 43
74 1 U 73
75 1 U 74
76 1 U 75
77 0 U 76
78 0 U 77
79 0 U 78
80 0 U 79
81 0 U -1
82 0 L 71
83 0 L 27
84 1 U 83
85 1 U 84
86 1 U 85
87 0 L 52
88 1 L 25
89 0 U 15
90 1 U -1
91 1 U 90
92 0 U 91
93 0 U 61
94 1 U 17
95 0 U 94
96 1 U 95
97
0 0 U -1
1 0 U 0
2 0 U 1
3 0 L 1
4 0 U 2
5 0 U 0
6 1 U 0
7 1 U 6
8 1 L 0
9 0 U 1
10 0 L 1
11 0 U 10
12 0 U 11
13 0 L 7
14 0 U 13
15 1 U 14
16 1 U 15
17 1 U 16
18 1 U -1
19 0 L 0
20 1 U 19
21 1 U 20
22 1 U 21
23 0 U 22
24 0 U 23
25 1 U 24
26 0 U 25
27 0 U -1
28 0 U 27
29 1 L 28
30 1 U 29
31 1 U 30
32 0 U 31
33 1 U 32
34 0 U 33
35 0 U 34
36 1 U -1
37 0 U 36
38 1 U 37
39 1 U 38
40 0 U 39
41 0 U 40
42 0 U 41
43 1 U 42
44 1 U 43
45 0 U 15
46 0 U 45
47 1 U 46
48 0 U 47
49 1 U 48
50 0 U 49
51 1 U 50
52 0 U 51
53 0 U 52
54 1 U -1
55 0 U 49
56 0 U 25
57 1 U 56
58 0 U 57
59 0 U 58
60 0 U 59
61 0 U 21
62 0 L 4
63 0 U -1
64 0 U 4
65 0 U 64
66 1 U 65
67 0 L 62
68 1 U 67
69 1 U 68
70 1 L 64
71 1 U 70
72 0 U -1
73 1 U 43
74 1 U 73
75 1 U 74
76 1 U 75
77 0 U 76
78 0 U 77
79 0 U 78
80 0 U 79
81 0 U -1
82 0 L 71
83 0 L 27
84 1 U 83
85 1 U 84
86 1 U 85
87 0 L 52
88 1 L 25
89 0 U 15
90 1 U -1
91 1 U 90
92 0 U 91
93 0 U 61
94 1 U 17
95 0 U 9
96 1 U 82
97
0 0 U -1
1 0 U 0
2 0 U 1
3 0 L 1
4 1 U 1
5 0 U 0
6 1 U 0
7 1 U 6
8 1 U 5
9 1 L 6
10 0 L 1
11 0 L 1
12 0 U 11
13 0 L 7
14 0 U 13
15 1 U 14
16 1 U 15
17 1 U 16
18 1 U -1
19 0 L 0
20 1 L 17
21 1 U 20
22 1 U 21
23 0 U 22
24 0 U 23
25 1 U 24
26 0 U 25
27 0 U -1
28 0 U 27
29 0 U 28
30 1 U 29
31 1 U 30
32 0 U 31
33 1 U 32
34 0 U 33
35 0 U 18
36 1 U -1
37 0 U 36
38 1 U 37
39 1 U 38
40 0 U 39
41 0 U 40
42 0 U 41
43 1 U 42
44 1 U 43
45 0 U 15
46 1 U 6
47 1 U 46
48 0 U 47
49 1 U 48
50 0 U 49
51 0 L 48
52 0 L 1
53 0 U 52
54 1 U -1
55 0 U 49
56 0 U 37
57 1 U 56
58 0 U 57
59 0 U 58
60 0 U 59
61 1 U 7
62 0 U 61
63 0 U -1
64 0 U 4
65 0 U 64
66 1 U 65
67 0 L 62
68 1 U 67
69 1 U 68
70 1 L 64
71 1 U 70
72 0 U -1
73 1 U 43
74 1 U 73
75 1 U 74
76 1 U 75
77 0 U 76
78 0 U 77
79 0 U 78
80 0 U 79
81 0 U -1
82 0 L 71
83 0 L 27
84 1 U 83
85 0 U 35
86 1 U 85
87 0 L 52
88 1 L 25
89 0 U 15
90 1 U -1
91 1 U 90
92 0 U 91
93 0 U 61
94 1 U 17
95 0 U 94
96 1 U 95
97
0 0 U -1
1 0 U 0
2 0 U 1
3 0 U 1
4 1 U 1
5 0 U 0
6 1 U 0
7 1 U 6
8 1 U 7
9 0 U 1
10 0 L 1
11 0 U 10
12 0 U 11
13 0 L 7
14 0 U 13
15 1 U 14
16 1 U 15
17 1 U 16
18 1 U 16
19 0 L 0
20 1 U 19
21 1 U 20
22 1 U 21
23 0 U 22
24 0 U 23
25 1 U 24
26 0 U 25
27 0 U -1
28 1 L 8
29 0 U 28
30 0 U 25
31 1 U 30
32 0 U 31
33 1 U 32
34 0 U 33
35 1 L 7
36 1 U -1
37 0 U 36
38 0 U 29
39 1 U 38
40 0 U 39
41 0 U 40
42 0 U 41
43 1 L 14
44 1 U 43
45 0 U 15
46 0 U 45
47 1 U 46
48 0 U 47
49 1 U 48
50 0 U 49
51 1 L 41
52 0 L 35
53 0 U 52
54 1 U -1
55 0 U 49
56 1 U 55
57 1 U 56
58 0 U 57
59 0 U 58
60 0 U 59
61 0 U 21
62 0 U 61
63 0 U -1
64 0 U 4
65 1 U 27
66 1 U 65
67 0 L 62
68 1 U 67
69 1 U 68
70 1 L 64
71 1 U 29
72 0 U -1
73 1 U 43
74 1 U 73
75 1 U 74
76 1 U 75
77 0 U 76
78 0 U 77
79 0 U 78
80 0 U 79
81 0 U -1
82 0 L 53
83 0 L 27
84 1 U 83
85 1 U 84
86 1 U 85
87 0 L 52
88 1 L 25
89 0 U 15
90 1 U -1
91 1 U 90
92 0 U 91
93 0 U 61
94 1 U 17
95 0 U 94
96 1 U 95
97
0 0 U -1
1 0 U 0
2 0 U 1
3 0 L 1
4 1 U 1
5 0 U 0
6 1 U 0
7 1 U 6
8 1 U 7
9 0 U 1
10 0 U 3
11 0 U 10
12 1 L 7
13 0 L 7
14 0 U 13
15 1 U 14
16 1 U 15
17 1 U 0
18 1 U -1
19 0 L 0
20 1 U 19
21 1 U 20
22 1 U 21
23 0 U 22
24 0 U 23
25 1 U 24
26 0 U 25
27 0 U -1
28 0 U 27
29 0 U 28
30 1 U 29
31 1 L 15
32 0 U 31
33 1 U 32
34 0 U 33
35 0 U 34
36 1 U -1
37 0 U 36
38 1 U 37
39 1 U 38
40 0 U 39
41 0 U 40
42 0 U 41
43 1 U 42
44 1 L 19
45 0 U 15
46 0 U 45
47 1 U 46
48 0 U 47
49 1 U 48
50 0 U 49
51 1 U 50
52 0 U 51
53 0 U 52
54 1 U -1
55 0 U 49
56 0 U 15
57 1 U 56
58 0 U 57
59 0 U 58
60 0 U 59
61 0 U 21
62 0 U 61
63 0 U -1
64 0 U 4
65 0 U 64
66 1 U 65
67 0 L 62
68 1 U 67
69 1 U 68
70 1 L 64
71 1 U 70
72 0 U -1
73 1 L 17
74 1 U 73
75 1 U 74
76 1 U 75
77 0 U 76
78 0 U 77
79 0 U 78
80 0 U 79
81 0 L 0
82 0 L 71
83 0 L 27
84 1 U 83
85 1 U 84
86 1 U 85
87 0 U 58
88 1 L 25
89 0 U 15
90 1 U -1
91 1 U 90
92 0 U 91
93 0 U 61
94 1 U 17
95 0 U 94
96 1 U 95
97
0 0 U -1
1 0 U 0
2 0 U 1
3 0 L 1
4 1 U 1
5 0 U 0
6 1 U 0
7 1 U 6
8 1 U 7
9 0 U 1
10 0 L 1
11 0 U 10
12 0 U 11
13 0 L 7
14 0 U 13
15 0 U 14
16 1 U 15
17 1 U 16
18 1 U -1
19 0 L 0
20 1 U 19
21 1 U 20
22 1 U 21
23 0 U 22
24 0 U 23
25 1 U 24
26 0 U 25
27 0 U -1
28 0 U 27
29 0 U 28
30 1 U 29
31 1 U 30
32 0 U 31
33 1 U 32
34 1 U 8
35 0 U 34
36 1 U -1
37 0 U 36
38 1 U 37
39 1 U 38
40 0 U 39
41 0 U 40
42 0 U 41
43 1 U 42
44 0 L -1
45 1 U 39
46 0 U 24
47 1 U 46
48 0 U 47
49 1 L 40
50 0 U 49
51 1 U 50
52 0 U 51
53 1 L 2
54 1 U -1
55 0 U 49
56 1 U 55
57 0 L 45
58 0 U 57
59 0 L 58
60 0 U 59
61 0 U 21
62 1 L 13
63 0 U -1
64 0 U 4
65 1 U 64
66 1 U 65
67 0 L 62
68 1 U 67
69 1 U 68
70 1 L 64
71 1 U 70
72 0 U -1
73 1 U 43
74 1 U 73
75 1 L 22
76 1 U 75
77 0 U 76
78 0 U 77
79 0 U 8
80 0 U 79
81 0 U -1
82 0 L 71
83 0 L 27
84 1 U 83
85 1 U 84
86 1 U 85
87 0 L 52
88 1 L 25
89 0 U 15
90 1 U -1
91 1 U 90
92 0 U 91
93 0 U 61
94 0 L 42
95 0 U 94
96 0 L 50
97
0 1 U -1
1 0 U 0
2 0 U 1
3 0 L 1
4 1 U 1
5 0 U 0
6 1 U 0
7 1 U 6
8 1 U 7
9 0 U 1
10 0 L 1
11 0 U 10
12 1 L 10
13 0 L 7
14 0 U 13
15 1 U 14
16 1 U 15
17 1 U 16
18 0 L 4
19 0 L 0
20 1 U 19
21 1 U 20
22 1 U 21
23 0 U 22
24 0 U 23
25 1 L 18
26 0 U 25
27 0 U -1
28 0 U 27
29 0 U 28
30 1 U 29
31 1 U 30
32 0 U 31
33 1 U 32
34 0 U 33
35 0 U 34
36 1 U -1
37 0 U 36
38 1 U 37
39 1 U 38
40 0 U 39
41 0 U 40
42 0 U 41
43 1 U 42
44 1 U 43
45 0 U 15
46 0 U 45
47 1 U 46
48 0 U 47
49 1 U 48
50 0 U 49
51 1 U 50
52 1 L 48
53 0 U 52
54 1 U -1
55 0 U 49
56 1 U 55
57 1 U 56
58 0 U 57
59 0 U 58
60 0 U 59
61 1 U 1
62 0 U 61
63 0 U -1
64 0 U 4
65 0 U 64
66 1 U 65
67 0 L 62
68 1 U 67
69 1 U 68
70 1 L 64
71 1 U 70
72 0 U -1
73 1 U 43
74 1 U 73
75 1 U 74
76 1 U 75
77 0 U 76
78 0 U 77
79 0 U 78
80 0 U 79
81 0 U -1
82 0 L 71
83 0 L 27
84 1 U 83
85 1 U 84
86 1 U 85
87 0 L 52
88 1 L 25
89 0 U 15
90 1 U -1
91 1 U 90
92 0 U 91
93 0 U 61
94 1 U 17
95 0 U 94
96 1 U 95
97
0 0 U -1
1 0 U 0
2 0 U 1
3 0 L 1
4 1 U 1
5 0 U 0
6 1 U 0
7 1 U 6
8 0 L 1
9 0 U 1
10 0 L 1
11 0 U 10
12 0 U 11
13 0 L 7
14 0 U 13
15 1 U 14
16 1 U 15
17 1 U 16
18 1 U -1
19 0 L 0
20 1 U 19
21 1 U 20
22 1 U 21
23 0 U 22
24 0 U 23
25 1 U 24
26 0 U 25
27 0 U -1
28 0 U 27
29 0 U 28
30 1 U 29
31 1 U 30
32 0 U 31
33 0 U 5
34 0 U 33
35 0 U 34
36 1 U -1
37 0 U 36
38 1 U 37
39 1 U 38
40 0 U 39
41 1 L 35
42 1 L -1
43 1 U 42
44 1 U 43
45 0 U 15
46 0 U 45
47 1 U 46
48 0 U 47
49 1 U 48
50 0 U 49
51 1 U 50
52 0 U 51
53 0 U 52
54 1 U -1
55 0 U 49
56 1 U 55
57 1 U 56
58 0 U 57
59 0 U 58
60 0 U 59
61 0 U 21
62 1 L 21
63 0 U -1
64 0 U 4
65 0 U 64
66 1 U 65
67 0 L 62
68 1 U 67
69 1 U 68
70 1 L 64
71 1 U 70
72 0 U -1
73 0 U 45
74 1 U 73
75 1 U 74
76 1 U 50
77 0 U 76
78 0 U 77
79 0 U 78
80 0 U 79
81 0 U -1
82 0 L 71
83 0 L 27
84 1 U 83
85 1 U 84
86 1 U 85
87 0 L 52
88 0 L 64
89 0 U 15
90 1 U -1
91 1 U 90
92 0 U 91
93 0 U 61
94 1 U 14
95 0 U 94
96 0 U 88
97
0 0 U -1
1 0 U 0
2 0 U 1
3 0 L 1
4 1 U 1
5 0 L 2
6 1 U 0
7 1 U 6
8 1 U 7
9 0 U 1
10 0 L 1
11 0 U 10
12 0 U 9
13 1 L 9
14 0 U 13
15 1 U 14
16 1 U 15
17 1 U 16
18 1 U -1
19 0 L 0
20 1 U 19
21 1 U 20
22 1 U 21
23 0 U 22
24 0 U 23
25 1 U 24
26 0 U 25
27 0 U -1
28 0 U 27
29 0 U 28
30 1 U 29
31 1 U 30
32 0 U 31
33 1 U 32
34 0 U 33
35 0 U 20
36 1 U -1
37 1 U -1
38 1 U 37
39 1 U 38
40 0 U 39
41 0 U 40
42 0 U 41
43 1 U 42
44 1 U 43
45 0 U 15
46 1 L 28
47 1 U 46
48 0 U 47
49 1 U 48
50 0 U 49
51 1 U 50
52 0 U 51
53 0 U 52
54 1 U -1
55 0 U 49
56 1 U 55
57 1 U 56
58 0 U 57
59 0 U 58
60 0 U 59
61 0 U 21
62 0 U 61
63 0 U -1
64 0 U 4
65 0 U 64
66 1 U 65
67 0 L 62
68 1 U 67
69 1 U 68
70 1 L 64
71 1 L 19
72 0 U -1
73 1 U 43
74 1 U 73
75 1 U 74
76 1 U 75
77 0 U 76
78 0 U 77
79 0 U 78
80 0 U 79
81 0 U -1
82 0 L 71
83 0 L 27
84 1 U 83
85 1 L 21
86 0 L 24
87 0 L 69
88 1 L 50
89 0 U 15
90 0 L 57
91 1 U 90
92 0 U 91
93 0 U 61
94 1 U 17
95 0 U 94
96 1 U 95
97
0 0 U -1
1 0 U 0
2 0 U 1
3 0 L 1
4 1 U 1
5 0 U 0
6 1 U 0
7 1 U 6
8 1 L 7
9 0 U 1
10 0 L 1
11 0 U 10
12 0 U 11
13 0 L 7
14 0 U 13
15 1 U 14
16 1 U 15
17 1 U 16
18 1 U -1
19 0 L 0
20 1 U 19
21 1 U 20
22 1 U 21
23 0 U 22
24 0 U 23
25 1 U 24
26 0 U 25
27 0 U -1
28 0 U 27
29 0 U 28
30 1 U 29
31 1 U 30
32 0 U 31
33 0 U 9
34 0 U 33
35 0 U 34
36 1 U -1
37 0 U 36
38 1 U 37
39 1 U 38
40 0 U 39
41 0 U 40
42 0 U 41
43 1 U 42
44 1 U 43
45 1 L 36
46 0 U 45
47 1 U 46
48 0 U 47
49 1 U 48
50 0 U 49
51 1 U 50
52 0 U 51
53 0 U 52
54 1 U -1
55 0 U 49
56 1 U 31
57 1 U 35
58 0 U 57
59 0 U 58
60 0 U 59
61 0 U 21
62 0 U 61
63 1 U 29
64 0 U 4
65 0 U 64
66 1 U 65
67 0 L 62
68 0 U 22
69 1 U 68
70 1 L 64
71 1 U 70
72 1 L 53
73 1 U 43
74 0 L 7
75 1 U 43
76 1 U 75
77 0 U 76
78 0 U 77
79 0 U 78
80 0 U 79
81 0 U -1
82 1 L 47
83 0 L 27
84 1 U 83
85 1 U 84
86 1 U 85
87 0 L 52
88 1 L 25
89 0 U 15
90 1 U -1
91 1 U 90
92 0 U 91
93 0 U 61
94 1 U 17
95 0 U 94
96 1 U 95
97
0 0 L -1
1 0 U 0
2 0 U 1
3 0 L 1
4 1 U 1
5 0 U 0
6 1 U 0
7 1 U 6
8 1 U 7
9 0 U 1
10 0 L 1
11 0 U 10
12 0 U 11
13 0 L 7
14 0 U 13
15 1 L 11
16 1 U 15
17 1 U 16
18 1 U -1
19 0 L 0
20 1 U 19
21 0 L 14
22 1 U 15
23 0 L 18
24 0 U 23
25 1 U 24
26 0 U 25
27 0 U -1
28 0 U 27
29 0 U 28
30 1 U 29
31 1 U 30
32 0 U 5
33 1 U 32
34 0 U 33
35 0 U 34
36 1 U -1
37 0 U 36
38 1 U 37
39 1 U 38
40 0 U 39
41 0 U 40
42 0 U 41
43 1 U 42
44 1 U 43
45 0 U 15
46 0 U 45
47 1 U 46
48 0 U 47
49 1 U 48
50 0 U 49
51 1 U 50
52 0 U 51
53 0 U 52
54 1 U -1
55 0 U 49
56 1 U 55
57 0 L 26
58 0 U 57
59 1 U 18
60 0 U 59
61 0 U 21
62 0 U 61
63 0 U -1
64 0 U 4
65 0 U 64
66 1 U 65
67 0 L 62
68 1 U 26
69 1 U 68
70 1 L 64
71 1 U 70
72 0 U -1
73 0 U 40
74 1 U 73
75 1 U 74
76 1 U 75
77 0 U 76
78 0 U 77
79 0 U 40
80 0 U 79
81 0 U -1
82 0 L 71
83 0 L 27
84 1 U 83
85 1 U 84
86 1 U 85
87 0 L 52
88 1 L 25
89 0 U 15
90 1 U -1
91 1 U 90
92 0 U 91
93 0 U 61
94 1 U 17
95 0 U 94
96 1 U 95
97
0 0 U -1
1 0 U 0
2 0 U 1
3 0 L 1
4 1 U 1
5 0 U 0
6 1 U 0
7 1 U 6
8 1 U 7
9 0 U 1
10 1 U 4
11 0 U 10
12 0 L 2
13 0 L 7
14 0 U 13
15 1 U 14
16 0 L -1
17 1 U 16
18 1 U -1
19 0 L 0
20 1 U 19
21 1 U 20
22 1 U 21
23 0 U 22
24 0 U 23
25 1 U 24
26 0 U 25
27 0 U -1
28 0 U 27
29 0 U 28
30 1 U 6
31 1 U 30
32 0 U 31
33 1 U 32
34 0 U 12
35 0 U 34
36 1 U -1
37 0 U 36
38 1 U 37
39 1 U 38
40 0 U 39
41 1 U 37
42 0 U 41
43 1 U 42
44 1 U 43
45 0 U 15
46 0 U 45
47 1 U 46
48 0 U 47
49 1 U 48
50 0 U 46
51 1 U 50
52 0 U 51
53 0 U 52
54 1 U -1
55 0 U 49
56 1 U 55
57 1 U 56
58 0 U 57
59 0 U 58
60 0 U 59
61 0 U 21
62 0 U 21
63 0 U -1
64 0 U 4
65 0 U 64
66 1 U 65
67 0 L 62
68 1 U 67
69 1 U 68
70 0 U 51
71 1 U 70
72 0 U -1
73 1 U 43
74 1 U 73
75 1 U 74
76 1 U 75
77 0 U 76
78 0 U 77
79 0 U 78
80 0 U 79
81 0 U -1
82 0 L 71
83 0 L 27
84 1 U 83
85 1 U 84
86 1 U 85
87 0 L 52
88 1 L 25
89 0 U 15
90 1 U -1
91 1 U 90
92 0 U 91
93 0 U 61
94 1 U 17
95 0 U 94
96 1 U 95
97
0 0 U -1
1 0 U 0
2 0 U 0
3 0 L 1
4 1 U 1
5 0 U 0
6 1 U 0
7 1 U 6
8 1 U 7
9 0 U 1
10 0 L 1
11 0 U 10
12 0 U 11
13 0 L 7
14 1 L 5
15 1 U 14
16 0 L 1
17 1 U 16
18 0 L 0
19 0 L 15
20 1 U 19
21 1 U 20
22 1 U 21
23 0 U 22
24 0 U 23
25 1 U 24
26 0 U 25
27 0 U -1
28 0 U 27
29 0 U 28
30 1 U 29
31 1 U 30
32 0 U 31
33 1 U 32
34 0 U 33
35 0 U 34
36 1 L 24
37 0 L 36
38 1 U 37
39 1 U 38
40 0 U 39
41 0 U 40
42 0 U 41
43 1 U 42
44 1 U 43
45 0 U 15
46 0 U 45
47 1 U 46
48 0 U 47
49 1 U 48
50 0 U 49
51 1 L 35
52 0 U 51
53 1 U 32
54 1 U -1
55 0 U 49
56 1 U 55
57 1 U 56
58 0 U 57
59 0 U 58
60 0 U 59
61 0 U 21
62 0 U 54
63 0 U -1
64 0 U 4
65 0 U 64
66 1 U 65
67 0 L 12
68 1 U 67
69 1 U 68
70 1 L 64
71 1 U 70
72 1 U 17
73 1 U 43
74 1 U 73
75 1 U 74
76 1 U 75
77 0 U 76
78 0 U 77
79 0 U 78
80 0 U 79
81 1 U 10
82 0 L 71
83 0 L 27
84 1 U 83
85 1 U 84
86 1 U 85
87 0 L 52
88 1 L 25
89 0 U 15
90 1 U 88
91 0 L 72
92 0 U 91
93 0 U 61
94 1 U 17
95 0 U 94
96 1 U 95
97
0 0 U -1
1 1 U 0
2 0 U 0
3 0 L 1
4 1 U 1
5 1 U 2
6 1 U 0
7 1 U 6
8 1 U 7
9 0 U 1
10 0 L 1
11 0 U 10
12 0 U 11
13 0 L 7
14 1 L 5
15 1 U 14
16 0 L 1
17 1 U 16
18 0 L 0
19 0 L 15
20 1 U 19
21 1 U 20
22 1 U 21
23 0 U 22
24 0 U 23
25 1 U 24
26 0 U 25
27 1 U 19
28 0 U 27
29 0 U 28
30 1 U 29
31 1 U 30
32 0 U 31
33 1 U 32
34 0 U 33
35 0 U 34
36 1 L 24
37 0 L 36
38 1 U 37
39 1 U 38
40 0 L 8
41 0 U 40
42 0 U 41
43 1 U 42
44 1 U 43
45 0 U 15
46 0 U 45
47 1 U 46
48 0 U 47
49 1 U 48
50 0 U 49
51 1 L 35
52 0 U 51
53 1 U 32
54 1 U 18
55 0 U 49
56 1 U 38
57 1 U 56
58 1 L 28
59 0 U 58
60 0 U 59
61 0 U 21
62 0 U 54
63 0 U -1
64 0 U 4
65 0 L 13
66 1 U 65
67 0 L 12
68 1 U 67
69 1 U 68
70 1 L 64
71 1 U 70
72 1 L 25
73 1 U 43
74 1 U 73
75 1 U 74
76 1 U 75
77 0 U 76
78 0 L 51
79 0 U 78
80 0 U 79
81 1 U 10
82 0 L 71
83 0 L 27
84 1 U 83
85 1 U 84
86 1 U 85
87 0 L 52
88 1 L 25
89 0 U 15
90 1 U 88
91 0 L 72
92 0 U 91
93 1 U 19
94 1 U 17
95 0 U 94
96 1 U 44
97
0 0 U -1
1 0 U 0
2 0 U 0
3 0 L 1
4 1 U 1
5 1 L 0
6 1 U 0
7 1 U 6
8 1 U 7
9 0 U 1
10 0 L 1
11 0 U 10
12 0 U 11
13 0 L 7
14 1 L 5
15 1 U 14
16 0 L 1
17 1 U 16
18 0 L 0
19 0 L 15
20 1 U 19
21 1 U 20
22 1 U 21
23 1 L 1
24 0 U 23
25 1 U 24
26 0 U 4
27 1 U 21
28 0 U 27
29 0 U 28
30 1 U 29
31 1 U 30
32 0 U 31
33 1 U 32
34 0 U 33
35 0 U 34
36 1 L 24
37 0 L 36
38 1 U 37
39 1 U 38
40 0 U 39
41 0 U 40
42 0 U 41
43 1 U 42
44 1 U 43
45 0 U 15
46 0 U 45
47 1 U 46
48 0 U 47
49 1 U 48
50 0 U 49
51 1 L 35
52 0 L 9
53 1 U 32
54 1 U -1
55 0 U 49
56 1 U 55
57 1 U 56
58 0 U 57
59 0 U 58
60 0 U 59
61 1 L 4
62 0 U 54
63 0 U -1
64 0 U 4
65 0 U 64
66 1 U 65
67 0 L 12
68 1 U 67
69 1 U 68
70 0 L 24
71 1 U 70
72 1 U 17
73 1 U 43
74 0 U 17
75 1 U 74
76 1 U 75
77 0 U 76
78 0 U 77
79 0 U 78
80 0 U 79
81 1 U 10
82 0 L 71
83 1 U 11
84 1 U 83
85 1 U 84
86 1 U 85
87 0 L 52
88 1 L 25
89 0 U 15
90 1 U 88
91 0 L 72
92 0 U 91
93 0 U 61
94 1 L 29
95 0 U 94
96 1 U 95
97
0 0 U -1
1 0 U 0
2 1 U -1
3 0 L 1
4 1 U 1
5 0 U 0
6 1 U 0
7 1 L 6
8 1 U 7
9 1 U -1
10 0 L 1
11 0 U 10
12 0 U 11
13 0 L 7
14 1 L 5
15 1 U 14
16 0 L 1
17 1 U 16
18 0 L 0
19 0 L 15
20 1 U 19
21 0 U 9
22 1 U 21
23 0 U 22
24 0 U 23
25 1 U 24
26 0 U 25
27 0 U -1
28 0 U 27
29 0 U 28
30 1 U 29
31 1 U 30
32 1 L -1
33 1 U 32
34 0 U 33
35 0 U 34
36 1 U 25
37 1 L 11
38 1 U 37
39 1 U 38
40 0 U 39
41 0 U 40
42 0 U 41
43 1 U 42
44 1 U 43
45 0 U 15
46 0 U 45
47 1 U 46
48 0 U 47
49 1 U 48
50 0 U 49
51 1 L 35
52 0 U 51
53 1 U 32
54 1 U -1
55 0 U 49
56 1 U 55
57 1 U 56
58 0 U 57
59 0 U 58
60 0 U 59
61 0 U 21
62 0 U 54
63 0 U -1
64 0 U 4
65 0 U 64
66 1 U 65
67 0 L 12
68 1 U 67
69 1 U 68
70 1 L 64
71 1 U 70
72 1 U 17
73 1 U 43
74 1 U 73
75 1 U 74
76 1 U 75
77 0 U 76
78 0 U 77
79 0 U 78
80 0 U 79
81 1 U 10
82 0 L 71
83 0 L 27
84 1 U 83
85 1 U 84
86 1 U 85
87 1 L 0
88 0 U 68
89 0 U 15
90 1 U 88
91 0 L 72
92 0 U 91
93 0 U 61
94 1 U 17
95 0 U 94
96 1 U 95
97
0 0 U -1
1 0 U 0
2 0 U 0
3 0 L 1
4 1 U 1
5 0 U 0
6 1 U 0
7 1 U 6
8 1 U 7
9 1 L 1
10 0 L 1
11 0 U 10
12 0 U 11
13 0 L 7
14 0 U 0
15 1 U 14
16 0 L 1
17 1 U 16
18 0 L 0
19 0 L 15
20 1 U 19
21 1 U 20
22 1 U 21
23 0 U 22
24 0 U 23
25 1 U 24
26 0 U 25
27 0 U -1
28 0 U 27
29 0 U 28
30 1 U 29
31 1 U 30
32 0 U 31
33 1 U 32
34 0 U 33
35 1 U 4
36 1 L 24
37 0 L 36
38 1 U 37
39 1 U 38
40 0 U 39
41 0 U 40
42 0 U 41
43 1 U 42
44 1 U 43
45 0 U 15
46 0 U 45
47 1 U 46
48 0 U 47
49 1 U 48
50 0 U 49
51 1 L 35
52 0 U 51
53 1 U 32
54 1 U -1
55 0 U 49
56 1 U 55
57 1 U 56
58 0 U 57
59 0 U 58
60 0 U 59
61 0 U 21
62 0 U 54
63 0 U -1
64 0 U 4
65 0 U 64
66 1 U 65
67 0 L 12
68 1 U 67
69 1 L 54
70 1 L 64
71 1 U 70
72 1 U 17
73 1 U 43
74 1 U 73
75 1 U 74
76 1 U 75
77 0 U 76
78 0 U 77
79 0 U 78
80 0 U 79
81 1 U 10
82 0 L 71
83 0 L 27
84 1 U 83
85 0 L 17
86 1 U 85
87 0 L 52
88 1 L 25
89 0 U 15
90 1 U 88
91 0 L 72
92 0 U 91
93 0 U 61
94 0 L 67
95 0 U 94
96 1 U 95
97
0 0 U -1
1 0 U 0
2 0 U 0
3 0 L 1
4 1 U 1
5 0 U 0
6 1 U 0
7 1 U 6
8 1 U 7
9 0 U 1
10 0 L 1
11 0 U 10
12 0 U 11
13 0 L 7
14 1 L 5
15 1 U 14
16 0 L 1
17 1 U 16
18 0 L 0
19 0 L 15
20 1 U 19
21 1 U 20
22 1 U 21
23 0 U 22
24 0 U 23
25 1 U 24
26 0 U 25
27 0 U -1
28 0 U 27
29 0 U 28
30 1 U 29
31 1 U 30
32 0 U 31
33 1 U 32
34 0 U 33
35 0 U 34
36 1 L 24
37 0 L 36
38 1 U 37
39 1 U 38
40 0 U 39
41 0 U 40
42 0 U 41
43 1 U 42
44 0 U 4
45 0 U 15
46 0 U 45
47 1 U 46
48 0 U 47
49 1 U 48
50 0 U 49
51 1 L 35
52 0 U 51
53 1 U 32
54 1 U -1
55 0 U 49
56 1 U 55
57 1 U 56
58 0 U 57
59 1 L 16
60 0 U 59
61 0 U 21
62 0 U 54
63 0 U -1
64 0 U 4
65 0 U 29
66 1 U 65
67 0 L 12
68 1 U 67
69 1 U 68
70 1 L 64
71 1 U 70
72 1 U 17
73 1 U 43
74 1 U 73
75 0 U 28
76 1 U 75
77 1 U 37
78 0 U 77
79 0 U 78
80 0 U 79
81 1 U 10
82 0 L 71
83 0 U 21
84 1 U 83
85 1 U 84
86 1 U 85
87 0 L 52
88 1 L 25
89 0 U 15
90 1 U 88
91 1 L 37
92 0 U 91
93 0 U 61
94 1 U 17
95 0 U 94
96 1 U 95
97
0 0 U -1
1 0 U 0
2 0 U 0
3 0 L 1
4 1 U 1
5 0 U 0
6 1 U 0
7 1 U 6
8 1 U 7
9 0 U 1
10 0 L 1
11 0 U 10
12 0 U 11
13 0 L 7
14 1 L 8
15 1 L 12
16 0 L 1
17 1 U 16
18 0 L 0
19 0 L 15
20 1 U 19
21 1 U 20
22 1 U 21
23 0 U 22
24 0 U 23
25 1 U 24
26 0 U 25
27 0 U -1
28 0 U 27
29 0 U 28
30 1 U 29
31 1 U 30
32 0 U 31
33 1 U 32
34 0 U 33
35 0 U 34
36 1 L 24
37 0 L 36
38 1 U 37
39 1 U 38
40 0 U 39
41 1 U 31
42 0 U 41
43 1 U 42
44 1 U 43
45 0 U 15
46 0 U 45
47 1 U 46
48 0 U 47
49 1 U 48
50 0 L 40
51 0 U 13
52 0 U 51
53 0 L 43
54 1 U -1
55 0 U 49
56 1 U 55
57 1 U 56
58 0 U 57
59 0 U 58
60 1 U 30
61 0 U 21
62 0 U 54
63 0 U -1
64 0 U 4
65 0 U 64
66 1 U 65
67 0 L 12
68 1 U 67
69 1 U 68
70 1 L 64
71 1 U 70
72 1 U 17
73 1 U 43
74 1 U 73
75 1 U 74
76 1 U 75
77 0 U 76
78 0 U 77
79 0 U 78
80 0 U 79
81 1 U 10
82 0 L 71
83 0 L 27
84 1 U 83
85 1 U 84
86 1 U 85
87 0 L 52
88 1 L 25
89 0 U 15
90 1 U 88
91 1 L 7
92 0 U 91
93 0 U 61
94 1 U 17
95 0 U 94
96 1 U 95
97
0 0 U -1
1 0 U 0
2 0 U 0
3 0 U 0
4 1 U 1
5 0 U 0
6 1 U 0
7 1 U 6
8 1 U 7
9 0 U 1
10 0 L 1
11 0 U 10
12 0 U 11
13 0 L 7
14 1 L 5
15 1 U 14
16 0 L 1
17 1 U 16
18 0 L 0
19 0 L 15
20 1 U 19
21 1 U 20
22 1 U 21
23 0 U 22
24 0 U 23
25 1 U 24
26 0 U 25
27 0 U -1
28 0 U 27
29 0 U 28
30 1 U 29
31 1 U 25
32 0 U 31
33 1 U 32
34 0 U 33
35 0 U 34
36 1 L 24
37 0 L 36
38 1 U 37
39 1 U 38
40 0 U 39
41 0 U 40
42 0 U 41
43 1 U 42
44 0 L 37
45 1 L 2
46 0 U 45
47 1 U 46
48 0 U 47
49 1 U 48
50 0 U 49
51 1 L 35
52 0 U 51
53 1 U 32
54 1 U -1
55 0 U 49
56 1 U 55
57 1 U 56
58 0 U 57
59 0 U 58
60 0 U 59
61 0 U 21
62 0 U 54
63 0 U -1
64 0 U 4
65 0 U 64
66 1 U 65
67 0 L 12
68 1 U 67
69 1 U 68
70 1 L 64
71 1 U 70
72 1 U 17
73 1 U 43
74 1 U 73
75 1 U 74
76 1 U 75
77 0 U 76
78 0 U 77
79 0 U 78
80 0 U 79
81 1 U 10
82 0 L 71
83 0 L 27
84 1 U 83
85 1 U 84
86 1 U 85
87 0 L 52
88 1 L 25
89 0 U 15
90 1 U 88
91 0 L 72
92 0 U 91
93 0 U 61
94 1 U 17
95 0 U 94
96 1 U 95
97
0 0 U -1
1 0 U 0
2 0 U 0
3 0 L 1
4 1 U 1
5 0 U 0
6 1 U 0
7 1 U 6
8 1 U 7
9 0 U 1
10 0 L 1
11 0 U 10
12 0 U 11
13 0 L 7
14 1 L 5
15 1 U 14
16 0 L 1
17 1 U 16
18 0 L 0
19 0 L 15
20 0 U 5
21 0 U 10
22 0 L 12
23 0 U 22
24 0 U 23
25 1 U 24
26 0 U 25
27 0 U -1
28 0 U 27
29 0 U 28
30 1 U 29
31 1 U 30
32 0 U 31
33 1 U 32
34 1 L 4
35 0 U 34
36 1 L 24
37 0 L 36
38 1 U 37
39 1 U 38
40 0 U 39
41 0 U 40
42 0 U 41
43 1 U 42
44 1 U 43
45 0 L 27
46 0 U 45
47 1 U 46
48 0 U 47
49 1 U 48
50 0 U 49
51 1 L 35
52 0 U 51
53 1 U 32
54 1 U -1
55 0 U 49
56 1 U 55
57 1 U 56
58 0 U 57
59 0 U 58
60 0 U 59
61 0 U 21
62 0 U 54
63 0 U -1
64 0 U 4
65 0 U 64
66 1 U 10
67 1 L -1
68 1 U 67
69 1 U 68
70 1 L 64
71 1 U 70
72 1 U 17
73 1 U 43
74 1 U 73
75 1 L 51
76 1 U 75
77 0 U 76
78 0 U 77
79 0 U 78
80 0 U 79
81 1 U 10
82 0 L 71
83 0 L 27
84 1 U 83
85 1 U 84
86 1 U 85
87 0 L 52
88 1 L 25
89 0 U 15
90 1 U 88
91 0 L 72
92 0 U 91
93 0 U 61
94 1 U 17
95 0 U 94
96 1 U 95
97
0 0 L -1
1 0 U 0
2 0 U 0
3 0 L 1
4 1 U 1
5 0 U 0
6 1 U 0
7 0 U 6
8 1 U 7
9 0 U 1
10 0 L 1
11 0 U 10
12 0 U 11
13 0 L 7
14 1 L 5
15 1 U 8
16 0 U 6
17 1 U 16
18 1 L -1
19 0 L 15
20 1 U 19
21 1 U 20
22 0 L 14
23 1 L 7
24 0 U 23
25 1 U 24
26 0 U 25
27 0 U -1
28 0 U 27
29 0 U 28
30 0 U 18
31 1 U 30
32 0 U 31
33 1 U 32
34 0 U 33
35 0 U 34
36 1 L 24
37 0 L 36
38 1 U 37
39 1 U 38
40 0 L 15
41 0 U 40
42 0 U 41
43 1 U 42
44 1 U 43
45 1 L 32
46 0 U 45
47 1 U 46
48 0 U 47
49 1 U 48
50 0 U 49
51 1 L 35
52 0 U 51
53 1 U 32
54 1 U -1
55 0 U 49
56 1 U 55
57 1 U 56
58 0 U 57
59 0 U 38
60 0 U 59
61 0 U 21
62 1 L 13
63 0 U -1
64 0 U 4
65 0 U 64
66 1 U 65
67 0 L 12
68 1 U 67
69 1 U 68
70 1 L 64
71 1 U 70
72 1 L 44
73 1 U 43
74 1 L 59
75 1 U 74
76 1 U 75
77 0 U 76
78 0 U 77
79 0 U 58
80 0 U 79
81 1 U 10
82 0 L 71
83 0 L 27
84 1 U 83
85 1 U 84
86 0 L 0
87 0 L 52
88 1 L 25
89 0 U 15
90 1 U 88
91 0 L 72
92 0 U 91
93 0 U 61
94 1 U 17
95 0 U 94
96 1 U 95
97
0 0 L -1
1 0 U 0
2 0 U 0
3 0 L 1
4 1 U 1
5 0 U 0
6 1 U 3
7 0 U 6
8 1 U 7
9 0 U 1
10 0 L 1
11 0 U 10
12 0 U 11
13 0 L 7
14 1 L 5
15 1 U 8
16 0 U 6
17 1 U 16
18 1 L -1
19 0 L 15
20 0 L 4
21 0 L 1
22 0 L 14
23 1 L 7
24 0 U 23
25 1 U 24
26 0 L 0
27 0 U -1
28 1 L 21
29 0 U 28
30 0 U 18
31 1 U 30
32 0 U 31
33 1 U 32
34 0 U 33
35 0 U 34
36 1 L 24
37 0 L 36
38 1 U 37
39 1 U 38
40 0 L 15
41 0 U 40
42 0 U 41
43 1 U 42
44 1 U 43
45 1 L 32
46 0 U 45
47 1 U 46
48 0 U 39
49 1 U 48
50 0 U 49
51 1 L 35
52 0 U 51
53 1 U 32
54 1 U -1
55 0 U 49
56 1 U 55
57 1 U 56
58 0 U 57
59 0 U 38
60 0 L 30
61 1 U 45
62 1 L 13
63 0 U -1
64 0 U 4
65 0 U 64
66 0 U 54
67 0 L 12
68 1 U 67
69 1 U 68
70 1 L 64
71 1 U 70
72 1 L 44
73 1 U 43
74 0 U 15
75 1 U 74
76 1 U 75
77 0 U 76
78 0 U 77
79 0 U 58
80 0 U 79
81 1 U 10
82 0 L 71
83 0 L 27
84 1 U 83
85 1 U 84
86 0 L 0
87 0 L 52
88 1 L 25
89 0 U 15
90 1 U 88
91 0 L 72
92 0 U 91
93 0 U 61
94 1 U 17
95 0 U 94
96 1 U 95
97
0 0 L -1
1 0 U 0
2 0 U 0
3 1 L 0
4 1 U 1
5 0 U 0
6 1 U 0
7 1 L 1
8 1 U 7
9 0 U 1
10 0 L 1
11 0 U 10
12 0 U 11
13 0 L 7
14 1 L 5
15 1 U 8
16 0 U 6
17 1 U 16
18 1 L -1
19 0 L 15
20 1 U 19
21 1 U 20
22 0 L 14
23 0 L 22
24 0 U 23
25 1 U 24
26 0 U 25
27 0 U -1
28 0 U 27
29 0 U 28
30 0 U 18
31 1 U 30
32 0 U 31
33 1 U 32
34 0 U 33
35 0 U 34
36 1 L 24
37 0 L 36
38 1 U 37
39 1 U 38
40 0 L 15
41 0 U 40
42 0 U 41
43 1 U 42
44 1 U 43
45 1 L 32
46 0 U 45
47 1 U 46
48 0 U 47
49 1 L 46
50 0 U 49
51 1 L 35
52 1 U 30
53 1 U 32
54 1 U -1
55 0 U 49
56 1 U 55
57 1 U 56
58 0 U 57
59 1 U 5
60 0 U 59
61 0 U 21
62 0 L 19
63 0 U -1
64 0 U 4
65 0 U 64
66 1 U 65
67 0 L 12
68 1 U 67
69 1 U 68
70 1 L 64
71 1 U 70
72 1 L 1
73 0 U 4
74 1 U 54
75 1 U 74
76 1 U 75
77 0 U 76
78 1 L 16
79 0 U 58
80 0 U 79
81 1 U 10
82 0 L 71
83 0 L 27
84 1 U 83
85 1 U 84
86 0 L 0
87 0 L 52
88 1 L 25
89 0 U 15
90 1 U 88
91 0 L 72
92 0 U 91
93 0 U 61
94 1 U 17
95 0 U 94
96 0 L 78
97
0 0 L -1
1 0 U 0
2 0 U 0
3 0 L 1
4 1 U 1
5 0 U 0
6 1 U 0
7 0 U 6
8 1 U 7
9 0 U 1
10 0 L 1
11 1 L 0
12 0 U 11
13 0 L 7
14 1 L 5
15 1 U 8
16 0 U 6
17 1 U 16
18 1 L -1
19 0 L 15
20 1 U 19
21 1 U 20
22 0 L 14
23 1 L 7
24 0 U 23
25 1 U 24
26 0 U 25
27 0 U -1
28 0 U 27
29 0 U 28
30 0 U 18
31 1 U 30
32 0 U 31
33 1 U 32
34 0 U 33
35 0 U 34
36 1 L 24
37 0 U 27
38 1 U 37
39 1 U 38
40 0 L 15
41 0 U 40
42 0 U 41
43 1 L 5
44 1 U 43
45 1 L 32
46 0 U 45
47 1 U 46
48 0 U 47
49 1 U 48
50 0 U 49
51 1 L 35
52 0 U 51
53 1 U 32
54 1 U -1
55 0 U 49
56 1 U 55
57 0 L 56
58 0 U 57
59 0 U 38
60 0 U 59
61 0 U 21
62 1 L 13
63 0 U -1
64 0 U 4
65 0 U 64
66 1 U 65
67 0 L 12
68 1 U 67
69 1 U 68
70 1 L 64
71 1 U 70
72 1 L 44
73 1 U 43
74 1 L 59
75 1 U 74
76 1 U 75
77 0 U 76
78 0 U 77
79 0 U 58
80 0 U 79
81 1 U 10
82 0 L 71
83 0 L 27
84 1 U 83
85 1 U 84
86 0 L 0
87 0 L 52
88 1 L 25
89 0 L 71
90 1 U 88
91 0 L 72
92 0 U 91
93 0 U 61
94 1 U 17
95 0 U 94
96 1 U 95
97
0 0 L -1
1 0 U 0
2 0 U 0
3 0 L 1
4 1 U 1
5 0 U 0
6 1 U 0
7 0 U 6
8 1 U 7
9 0 U 1
10 0 L 1
11 0 U 10
12 0 L 5
13 0 L 7
14 1 L 5
15 1 U 8
16 0 U 6
17 1 U 16
18 1 L -1
19 0 L 15
20 1 U 19
21 1 U 20
22 1 L 1
23 1 L 7
24 0 U 23
25 1 U 24
26 0 U 25
27 0 U -1
28 0 U 27
29 1 L 28
30 0 L 12
31 1 U 30
32 0 U 31
33 1 U 32
34 0 U 33
35 0 U 34
36 1 L 24
37 1 U 13
38 1 U 37
39 1 U 38
40 0 L 15
41 0 U 40
42 0 U 41
43 0 U 27
44 1 U 43
45 1 L 32
46 0 U 45
47 1 U 46
48 0 U 47
49 1 U 48
50 0 U 49
51 1 L 35
52 1 U 6
53 1 U 32
54 1 U -1
55 0 U 49
56 0 U 24
57 1 U 56
58 0 U 57
59 0 U 38
60 0 U 4
61 0 U 21
62 1 L 13
63 0 U -1
64 0 U 4
65 0 U 64
66 1 U 65
67 0 L 12
68 1 U 67
69 1 U 68
70 1 L 64
71 1 U 70
72 1 L 44
73 1 U 43
74 1 L 59
75 1 U 74
76 1 U 75
77 0 U 76
78 0 U 77
79 0 U 58
80 0 U 79
81 1 U 10
82 0 L 71
83 0 L 27
84 1 U 83
85 1 L 8
86 0 L 0
87 0 L 52
88 1 L 25
89 0 U 15
90 1 U 59
91 0 L 72
92 0 U 91
93 0 U 61
94 1 U 17
95 0 U 94
96 1 U 95
97
0 0 L -1
1 1 U 0
2 0 U 0
3 0 L 1
4 1 U 1
5 0 U 1
6 1 U 0
7 0 U 6
8 1 U 7
9 0 U 1
10 0 L 1
11 0 U 10
12 0 U 11
13 0 L 7
14 0 U 13
15 1 U 8
16 0 U 6
17 1 U 16
18 1 L -1
19 0 L 15
20 1 U 19
21 1 U 20
22 0 L 9
23 1 L 7
24 0 U 23
25 1 U 24
26 0 U 25
27 0 U -1
28 0 U 27
29 0 U 28
30 0 U 18
31 0 U 18
32 0 U 30
33 1 U 32
34 0 U 33
35 0 U 34
36 1 L 24
37 0 L 36
38 1 U 37
39 1 U 38
40 0 L 15
41 0 U 40
42 0 U 41
43 1 U 42
44 1 U 43
45 1 L 32
46 0 U 45
47 1 U 46
48 0 U 47
49 1 U 48
50 0 U 49
51 1 L 35
52 0 U 51
53 1 U 32
54 1 U -1
55 0 U 49
56 1 U 55
57 1 U 56
58 0 U 57
59 0 U 38
60 0 U 59
61 0 U 21
62 1 L 13
63 0 U -1
64 0 U 4
65 0 U 64
66 1 U 65
67 0 L 12
68 1 U 67
69 1 U 68
70 1 L 64
71 1 U 70
72 1 L 44
73 1 U 43
74 1 L 59
75 1 U 74
76 1 U 75
77 0 U 76
78 0 U 77
79 0 U 58
80 0 U 79
81 1 U 10
82 0 L 71
83 0 L 27
84 1 U 83
85 1 U 84
86 0 L 0
87 0 L 52
88 1 L 25
89 0 U 15
90 1 U 88
91 0 L 72
92 0 U 91
93 1 L 79
94 1 U 17
95 0 U 94
96 1 U 95
97
0 0 L -1
1 0 L -1
2 0 U 0
3 0 L 1
4 1 U 1
5 0 U 0
6 1 U 0
7 0 U 6
8 1 U 7
9 0 U 1
10 0 L 1
11 0 U 10
12 0 U 11
13 0 L 7
14 1 L 5
15 1 U 8
16 0 U 6
17 1 U 16
18 1 L -1
19 0 L 15
20 1 U 19
21 1 U 20
22 0 L 14
23 1 L 7
24 0 U 23
25 1 U 24
26 0 U 25
27 0 U -1
28 0 U 27
29 0 U 28
30 0 U 18
31 1 U 30
32 0 U 31
33 1 U 32
34 0 U 33
35 0 U 13
36 1 L 24
37 0 L 36
38 1 U 37
39 1 U 38
40 0 L 15
41 0 U 40
42 1 L 9
43 1 U 42
44 1 U 43
45 1 L 32
46 0 U 45
47 1 U 46
48 0 U 47
49 1 U 48
50 0 U 49
51 1 L 35
52 0 U 51
53 1 U 32
54 1 U -1
55 0 U 49
56 1 U 55
57 1 U 56
58 0 U 57
59 0 U 38
60 0 U 59
61 0 U 21
62 1 L 13
63 0 U -1
64 0 U 4
65 0 U 64
66 1 U 65
67 0 L 12
68 1 U 67
69 1 U 68
70 1 L 64
71 1 U 70
72 1 L 44
73 1 U 43
74 1 L 59
75 1 U 74
76 1 U 75
77 0 U 76
78 0 U 77
79 0 U 58
80 0 U 79
81 1 U 10
82 0 L 71
83 0 L 27
84 1 U 83
85 1 U 84
86 0 L 0
87 0 L 52
88 1 L 25
89 0 U 15
90 0 U 33
91 0 L 72
92 0 U 91
93 0 U 61
94 1 U 17
95 0 U 94
96 1 U 95
97
0 0 L -1
1 0 U 0
2 0 L 0
3 0 L 1
4 1 U 1
5 0 U 0
6 1 U 0
7 0 U 6
8 1 U 7
9 0 U 1
10 0 L 1
11 0 U 10
12 0 U 11
13 0 L 7
14 1 L 5
15 1 U 8
16 0 L 9
17 1 U 16
18 1 L -1
19 0 L 15
20 1 U 19
21 1 U 20
22 0 L 14
23 1 L 7
24 0 U 23
25 1 U 24
26 0 U 25
27 0 U -1
28 0 U 20
29 0 U 28
30 0 U 18
31 0 U 9
32 0 U 31
33 1 U 32
34 0 U 33
35 0 U 34
36 1 L 24
37 0 L 36
38 1 U 37
39 1 U 38
40 0 L 15
41 0 U 40
42 1 L 24
43 1 U 42
44 1 U 43
45 1 L 32
46 0 U 45
47 1 U 46
48 0 U 47
49 1 U 48
50 0 U 49
51 1 L 35
52 0 U 51
53 1 U 32
54 1 L 40
55 1 U 36
56 1 U 55
57 1 U 56
58 0 U 57
59 0 U 38
60 0 U 59
61 1 U 35
62 1 L 13
63 0 U -1
64 0 L 38
65 0 U 64
66 1 U 65
67 0 L 12
68 1 U 67
69 1 U 68
70 1 L 64
71 1 U 70
72 1 L 44
73 1 U 43
74 1 L 59
75 1 U 74
76 1 U 37
77 0 U 76
78 0 U 77
79 0 U 58
80 0 U 79
81 1 U 10
82 0 L 71
83 0 L 27
84 1 U 83
85 1 U 84
86 0 L 0
87 0 L 52
88 1 L 25
89 0 U 15
90 1 U 88
91 0 L 72
92 0 U 91
93 1 U 28
94 1 U 17
95 0 U 94
96 1 U 95
97
0 0 L -1
1 1 U 0
2 0 U 0
3 0 L 1
4 1 U -1
5 0 U 0
6 1 U 0
7 1 U 4
8 1 U 7
9 0 U 1
10 0 L 1
11 0 U 10
12 0 U 11
13 0 L 7
14 1 L 5
15 1 U 8
16 0 U 6
17 1 U 16
18 1 L -1
19 0 L 15
20 1 U 19
21 1 U 20
22 0 L 14
23 1 L 7
24 0 U 23
25 1 U 24
26 0 U 25
27 0 U -1
28 0 U 27
29 0 U 28
30 0 U 18
31 1 U 30
32 0 U 31
33 1 U 32
34 0 U 33
35 0 U 34
36 1 L 24
37 0 L 36
38 1 U 37
39 1 U 38
40 0 L 15
41 0 U 40
42 0 U 41
43 1 U 42
44 1 U 43
45 1 L 32
46 0 U 45
47 1 U 46
48 0 U 47
49 1 U 48
50 0 U 49
51 1 U 33
52 0 U 51
53 1 U 32
54 1 U -1
55 0 U 49
56 1 U 55
57 1 U 56
58 0 U 57
59 1 U 12
60 0 U 59
61 0 U 21
62 1 L 13
63 0 U -1
64 0 U 4
65 0 U 64
66 1 U 65
67 0 L 12
68 1 U 67
69 1 U 68
70 1 L 69
71 1 U 70
72 1 L 44
73 1 U 43
74 1 L 59
75 1 U 74
76 1 U 75
77 0 U 76
78 0 U 77
79 0 U 58
80 0 U 79
81 1 U 10
82 0 L 71
83 0 L 27
84 1 U 83
85 1 U 84
86 0 L 0
87 0 U 23
88 1 L 25
89 0 U 15
90 1 U 88
91 0 L 72
92 0 U 91
93 0 U 61
94 0 L 34
95 0 U 94
96 1 U 95
97
0 0 L -1
1 0 U 0
2 0 U 0
3 0 L 1
4 1 U 1
5 0 U 0
6 1 U 0
7 0 U 6
8 1 U 7
9 1 L 1
10 0 L 1
11 0 U 10
12 0 U 11
13 0 U 2
14 1 L 5
15 1 U 8
16 1 L 12
17 1 U 16
18 1 L -1
19 0 L 15
20 1 U 19
21 0 L 12
22 0 L 14
23 1 L 7
24 0 U 23
25 1 U 24
26 0 U 25
27 0 U -1
28 0 U 27
29 0 U 28
30 0 U 18
31 1 U 30
32 0 U 31
33 1 U 32
34 0 U 33
35 0 U 34
36 1 L 24
37 0 L 36
38 1 U 37
39 1 U 38
40 0 L 15
41 0 U 40
42 0 U 41
43 1 U 42
44 0 L 22
45 1 L 13
46 0 U 45
47 1 U 46
48 0 U 47
49 1 U 2
50 0 U 49
51 1 L 35
52 0 U 51
53 1 U 32
54 1 U -1
55 0 U 49
56 1 U 55
57 1 U 56
58 0 U 57
59 0 U 38
60 0 U 59
61 0 U 21
62 1 L 13
63 0 U -1
64 0 U 4
65 0 U 64
66 1 U 65
67 0 L 12
68 0 U -1
69 1 U 68
70 1 L 64
71 1 U 70
72 1 U 4
73 1 U 43
74 1 L 59
75 1 U 74
76 1 U 75
77 0 U 76
78 0 U 16
79 0 U 58
80 0 U 79
81 1 U 10
82 1 U 75
83 0 L 27
84 1 U 83
85 1 U 84
86 0 L 0
87 0 L 52
88 1 L 25
89 0 U 15
90 1 U 88
91 0 L 72
92 0 U 91
93 1 L 65
94 1 U 17
95 0 U 94
96 1 U 95
97
0 0 U -1
1 1 U -1
2 0 U 0
3 0 L 1
4 1 U 1
5 0 U 0
6 1 U 0
7 0 U 6
8 1 U 7
9 1 L 7
10 1 L 9
11 0 U 10
12 0 U 11
13 0 L 7
14 1 L 5
15 1 U 8
16 0 U 6
17 1 U 16
18 1 L -1
19 0 L 15
20 1 U 19
21 1 U 20
22 0 L 14
23 0 U 9
24 0 U 23
25 1 U 24
26 0 U 25
27 0 U -1
28 1 U 8
29 0 U 28
30 0 U 18
31 1 U 2
32 0 U 31
33 1 U 32
34 1 L 19
35 0 U 34
36 0 U 18
37 1 L 2
38 1 L 8
39 1 U 38
40 0 L 15
41 0 U 40
42 0 U 41
43 1 U 42
44 1 U 43
45 1 L 32
46 0 U 45
47 1 U 46
48 0 U 47
49 1 U 48
50 0 U 49
51 1 L -1
52 0 U 51
53 1 U 32
54 1 U -1
55 0 U 49
56 1 U 55
57 1 U 56
58 0 U 57
59 0 U 38
60 0 U 59
61 0 U 21
62 1 L 13
63 0 U -1
64 0 U 4
65 0 U 64
66 1 U 65
67 1 U 11
68 1 U 67
69 1 U 68
70 1 L 64
71 1 U 70
72 1 L 44
73 1 U 43
74 1 L 59
75 1 U 74
76 1 U 75
77 0 U 76
78 0 U 77
79 0 U 58
80 0 U 79
81 1 U 10
82 1 U 80
83 0 L 27
84 1 U 83
85 1 U 84
86 0 L 0
87 0 L 52
88 1 L 25
89 0 U 15
90 1 U 88
91 0 L 72
92 0 U 91
93 0 U 61
94 0 L 73
95 0 U 94
96 0 L 50
97
0 0 L -1
1 0 U 0
2 0 U 0
3 0 L 1
4 1 U 1
5 0 U 0
6 1 U 0
7 0 U 6
8 0 U 7
9 0 U 1
10 0 L 1
11 0 U 10
12 0 U 11
13 0 L 7
14 1 L 5
15 1 U 8
16 0 U 6
17 1 U 16
18 1 L -1
19 0 L 15
20 1 U 19
21 1 U 20
22 1 U 9
23 1 L 7
24 0 U 23
25 1 U 24
26 0 U 25
27 0 U -1
28 0 U 27
29 0 U 28
30 0 U 18
31 1 U 30
32 0 U 31
33 1 U 32
34 0 U 33
35 0 U 34
36 1 L 24
37 0 L 36
38 1 U 37
39 1 L 33
40 0 L 15
41 0 U 40
42 0 U 41
43 1 U 42
44 1 L 23
45 1 L 32
46 0 U 45
47 1 U 46
48 0 U 47
49 1 U 48
50 1 L 23
51 1 L 35
52 1 L 19
53 1 U 32
54 1 U -1
55 0 U 49
56 1 U 55
57 1 U 56
58 0 U 57
59 0 U 38
60 0 U 59
61 0 U 21
62 1 L 13
63 0 U -1
64 0 U 4
65 0 U 64
66 1 U 65
67 0 L 12
68 0 U 66
69 0 U 57
70 1 L 64
71 1 U 70
72 1 L 44
73 1 U 43
74 0 L 62
75 1 L 59
76 1 U 75
77 0 U 76
78 0 U 77
79 0 U 58
80 0 L 52
81 1 U 10
82 0 L 71
83 1 U 35
84 1 U 83
85 1 U 84
86 0 L 0
87 1 U 27
88 1 L 87
89 0 U 15
90 1 U 88
91 0 L 72
92 0 L 66
93 0 U 61
94 1 U 17
95 1 U 11
96 1 U 95
97
0 0 L -1
1 0 U 0
2 0 U 0
3 0 L 1
4 1 U -1
5 0 U 0
6 1 U 0
7 0 U 6
8 1 U 7
9 0 U 1
10 0 L 1
11 0 U 10
12 0 U 11
13 0 L 7
14 1 L 5
15 1 U 8
16 0 U 6
17 1 U 16
18 1 L -1
19 0 U 8
20 0 U 2
21 1 U 20
22 0 L 14
23 1 L 7
24 0 U 23
25 1 U 12
26 0 U 25
27 0 U -1
28 0 U 27
29 0 U 28
30 0 U 18
31 1 L 24
32 0 U 31
33 1 U 32
34 0 U 33
35 0 U 34
36 1 L 24
37 0 L 36
38 1 U 37
39 1 U 38
40 0 L 30
41 0 U 40
42 0 U 41
43 1 U 42
44 1 U 43
45 1 L 32
46 0 U 45
47 1 U 46
48 0 U 47
49 0 L 18
50 0 U 49
51 1 L 35
52 0 U 51
53 1 U 32
54 1 U -1
55 0 L 38
56 1 U 55
57 1 U 56
58 0 U 57
59 0 U 38
60 0 U 59
61 0 L 35
62 1 L 13
63 0 U -1
64 0 U 4
65 0 U 64
66 1 U 65
67 0 L 12
68 1 U 67
69 1 U 68
70 1 L 64
71 1 U 70
72 1 L 44
73 1 U 43
74 1 L 59
75 1 U 74
76 1 U 75
77 0 U 76
78 1 U 62
79 0 U 58
80 0 U 79
81 1 U 10
82 0 L 71
83 1 L 41
84 1 U 83
85 1 U 84
86 0 L 0
87 0 L 52
88 1 L 25
89 0 U 15
90 1 U 88
91 0 L 72
92 0 U 91
93 0 U 61
94 1 U 17
95 0 U 94
96 1 U 95
97
0 0 L -1
1 0 U 0
2 0 U 0
3 0 L 1
4 1 U 1
5 0 U 0
6 1 U 0
7 0 U 6
8 1 U 7
9 0 L 8
10 0 L 1
11 0 U 10
12 0 U 11
13 0 L 7
14 1 L 5
15 1 U 8
16 0 U 6
17 1 U 16
18 1 L -1
19 0 L 15
20 1 U 19
21 1 U 20
22 0 L 14
23 1 L 7
24 0 U 23
25 1 U 24
26 0 U 25
27 0 U -1
28 0 U 27
29 0 U 28
30 0 U 18
31 1 U 30
32 0 U 31
33 1 U 32
34 0 U 33
35 0 U 34
36 1 L 24
37 0 L 36
38 1 U 37
39 1 U 38
40 1 L 39
41 0 U 40
42 0 U 41
43 1 U 42
44 1 U 43
45 1 L 32
46 1 U 22
47 1 U 46
48 0 U 47
49 1 U 48
50 0 U 49
51 1 L 35
52 0 L 2
53 1 U 32
54 1 L 9
55 0 U 49
56 1 U 26
57 0 U 39
58 0 U 57
59 0 U 38
60 0 U 59
61 0 U 21
62 0 L 1
63 0 U -1
64 0 U 4
65 0 U 64
66 1 U 65
67 0 L 12
68 1 U 67
69 1 U 68
70 1 L 64
71 1 L 42
72 1 L 44
73 1 U 43
74 1 L 59
75 1 U 74
76 1 U 75
77 0 U 76
78 1 U 26
79 0 U 58
80 0 U 79
81 1 U 10
82 1 U 21
83 0 L 27
84 1 U 83
85 1 U 84
86 0 L 0
87 0 L 52
88 1 L 25
89 0 U 15
90 1 U 88
91 0 L 72
92 0 U 91
93 0 U 61
94 1 U 17
95 0 U 94
96 0 U 45
97
0 0 L -1
1 0 U 0
2 0 U 0
3 0 L 1
4 1 U 1
5 0 U 0
6 0 U 1
7 0 U 6
8 1 U 7
9 0 U 1
10 0 L 1
11 0 U 10
12 0 U 11
13 0 L 7
14 1 L 5
15 1 U 8
16 0 U 6
17 1 U 16
18 1 L -1
19 0 L 15
20 1 U 19
21 1 U 20
22 0 L 14
23 1 L 7
24 0 U 23
25 1 U 24
26 0 U 25
27 0 U -1
28 0 L 16
29 0 U 28
30 0 U 18
31 1 U 30
32 0 U 31
33 1 U 32
34 0 U 33
35 0 U 34
36 1 L 24
37 0 L 36
38 1 U 37
39 1 U 38
40 0 L 15
41 1 L 34
42 0 U 41
43 1 U 42
44 1 U 43
45 0 U 17
46 0 U 45
47 1 U 46
48 0 U 47
49 1 U 48
50 0 U 49
51 0 L 25
52 0 U 51
53 1 U 32
54 1 U -1
55 0 U 49
56 1 U 55
57 0 U 45
58 0 U 57
59 0 U 38
60 0 U 59
61 0 U 21
62 1 L 13
63 0 U -1
64 0 U 4
65 0 U 64
66 1 U 65
67 0 L 12
68 1 U 67
69 1 U 68
70 1 L 64
71 1 U 70
72 1 L 44
73 1 U 43
74 1 L 59
75 1 U 74
76 1 U 75
77 1 L 68
78 0 U 77
79 0 U 58
80 1 L 29
81 1 U 10
82 1 U 75
83 0 L 27
84 1 U 83
85 1 U 84
86 0 L 0
87 0 L 52
88 1 L 25
89 0 U 15
90 1 U 88
91 0 L 72
92 0 U 91
93 0 U 61
94 1 U 17
95 0 U 94
96 1 U 95
97
0 0 L -1
1 0 U 0
2 0 U 0
3 0 L 1
4 1 U 1
5 0 U 0
6 1 U 0
7 0 U 6
8 1 U 7
9 0 U 1
10 0 L 1
11 0 L 3
12 0 U 11
13 0 L 7
14 1 L 5
15 1 U 8
16 0 U 6
17 1 U 16
18 1 L -1
19 0 L 15
20 1 U 18
21 1 U 17
22 0 L 14
23 1 L 11
24 0 U 23
25 1 U 24
26 0 U 25
27 0 U -1
28 0 U 27
29 0 U 28
30 0 U 18
31 1 U 30
32 0 U 31
33 1 U 32
34 0 U 33
35 1 L 3
36 1 L 24
37 0 L 36
38 1 U 37
39 1 U 38
40 0 L 15
41 0 U 40
42 0 U 41
43 1 U 42
44 1 U 43
45 1 L 32
46 0 U 45
47 1 U 46
48 0 U 47
49 1 U 48
50 0 U 49
51 1 L 35
52 0 U 51
53 1 U 32
54 1 U -1
55 0 U 49
56 1 U 55
57 1 U 56
58 0 U 57
59 0 U 38
60 0 U 59
61 0 U 21
62 1 L 13
63 0 U -1
64 0 U 4
65 1 U 26
66 1 U 65
67 0 L 12
68 1 U 67
69 0 L 4
70 1 L 64
71 1 U 70
72 1 L 44
73 1 U 43
74 1 L 12
75 1 U 74
76 1 U 75
77 0 U 76
78 0 U 77
79 0 U 58
80 0 U 79
81 1 U 10
82 0 L 71
83 0 L 27
84 1 U 83
85 1 U 84
86 0 L 11
87 0 L 52
88 1 L 25
89 0 U 15
90 1 U 88
91 0 L 72
92 0 U 91
93 0 U 61
94 1 U 17
95 0 U 94
96 1 U 95
97
0 1 U -1
1 0 U 0
2 0 U 0
3 0 L 1
4 1 U 1
5 0 U 0
6 1 U 2
7 0 U 6
8 1 U 7
9 0 U 1
10 0 L 1
11 0 U 10
12 0 U 11
13 0 L 7
14 1 L 5
15 1 U 8
16 0 U 6
17 1 U 16
18 1 L -1
19 0 L 15
20 1 U 19
21 1 U 20
22 0 L 14
23 1 L 7
24 0 U 23
25 1 U 24
26 0 L 4
27 0 U -1
28 0 L 10
29 0 U 28
30 0 U 18
31 1 U 30
32 1 L 20
33 1 U 32
34 0 U 33
35 0 U 34
36 1 L 24
37 0 L 36
38 1 U 37
39 1 U 38
40 0 L 15
41 1 U 22
42 0 U 41
43 1 U 42
44 1 U 43
45 1 L 32
46 0 U 45
47 1 U 46
48 0 U 47
49 1 U 48
50 0 U 49
51 1 L 35
52 0 U 51
53 0 U 34
54 1 U -1
55 0 U 49
56 1 U 55
57 1 U 56
58 0 U 57
59 0 U 38
60 0 U 59
61 0 U 21
62 1 L 13
63 0 U -1
64 0 U 4
65 0 U 64
66 1 U 65
67 0 L 12
68 1 U 67
69 1 L 67
70 1 L 64
71 1 U 70
72 1 L 44
73 0 U 4
74 1 L 59
75 1 U 5
76 0 L 70
77 0 U 76
78 0 U 77
79 0 U 58
80 1 U 44
81 1 U 10
82 0 L 71
83 0 L 27
84 1 U 83
85 1 U 84
86 0 L 0
87 0 L 52
88 1 L 25
89 0 U 15
90 0 U 51
91 0 L 72
92 0 U 91
93 0 U 61
94 1 U 52
95 0 U 94
96 1 U 95
97
0 0 L -1
1 0 U 0
2 0 U 0
3 0 L 1
4 1 U 1
5 0 U 0
6 1 U 0
7 0 U 6
8 1 U 7
9 0 U 1
10 0 L 1
11 0 U 10
12 0 U 11
13 0 L 7
14 1 L 5
15 1 U 8
16 0 U 6
17 1 U 16
18 1 L -1
19 0 L 15
20 1 U 19
21 1 U 20
22 0 L 14
23 1 L 7
24 0 U 23
25 1 U 24
26 0 U 25
27 0 U -1
28 0 L 8
29 0 U 28
30 0 U 18
31 1 U 30
32 0 U 31
33 1 U 32
34 0 U 33
35 0 U 34
36 1 L 24
37 0 L 36
38 1 U 37
39 1 U 38
40 0 L 15
41 0 U 40
42 0 U 41
43 1 U 42
44 1 U 43
45 1 L 32
46 1 L 8
47 1 U 46
48 0 U 47
49 1 U 48
50 0 U 49
51 1 L 35
52 0 U 51
53 1 U 32
54 1 U -1
55 0 U 49
56 1 U 55
57 1 U 56
58 0 U 57
59 0 U 38
60 0 U 59
61 0 U 21
62 1 L 13
63 0 U -1
64 0 U 4
65 0 U 64
66 1 U 65
67 0 L 12
68 1 U 67
69 1 U 68
70 1 L 64
71 1 U 70
72 1 L 44
73 1 U 43
74 1 L 59
75 0 U 6
76 1 U 75
77 0 U 76
78 0 U 77
79 0 U 58
80 0 U 79
81 1 U 10
82 0 L 71
83 0 L 25
84 1 U 76
85 1 U 84
86 0 L 0
87 0 L 52
88 1 L 25
89 0 U 15
90 1 U 88
91 0 L 72
92 0 L 89
93 0 U 61
94 1 L 14
95 0 U 94
96 1 U 95
97
0 0 L -1
1 0 U 0
2 0 U 0
3 0 L 1
4 1 U 1
5 1 L -1
6 1 U 0
7 0 U 6
8 1 U 7
9 0 U 1
10 0 L 1
11 0 U 10
12 0 U 11
13 0 L 7
14 1 L 5
15 1 U 8
16 0 U 6
17 1 U 16
18 1 L -1
19 0 L 8
20 1 U 19
21 1 U 20
22 0 L 14
23 1 L 7
24 0 U 23
25 1 U 24
26 0 U 25
27 0 U -1
28 0 U 27
29 0 U 28
30 0 U 18
31 0 L 10
32 0 U 31
33 0 U 11
34 0 U 33
35 0 U 34
36 1 L 24
37 0 L 36
38 0 U 30
39 1 U 38
40 0 L 15
41 0 U 40
42 0 U 41
43 1 U 42
44 1 U 43
45 0 U 32
46 0 U 45
47 1 U 46
48 0 U 47
49 0 U 47
50 0 U 49
51 1 L 35
52 0 U 51
53 1 U 32
54 1 U -1
55 0 U 49
56 1 U 55
57 1 U 56
58 0 U 57
59 0 U 38
60 0 U 59
61 0 U 21
62 1 L 13
63 0 U -1
64 0 U 4
65 0 U 64
66 0 U 10
67 0 L 12
68 1 U 67
69 1 U 68
70 1 L 64
71 1 U 70
72 1 L 44
73 1 U 43
74 1 L 59
75 1 U 74
76 1 L 46
77 0 U 76
78 0 U 77
79 0 U 58
80 0 U 79
81 1 U 10
82 0 L 71
83 0 L 27
84 1 U 83
85 0 L 57
86 0 L 0
87 0 L 52
88 1 L 25
89 0 L 38
90 0 L 74
91 0 L 72
92 0 U 91
93 0 L 78
94 1 U 17
95 0 U 94
96 1 U 95
97
0 0 U -1
1 0 U 0
2 1 U 0
3 0 L 1
4 1 U 1
5 0 U 2
6 1 U 0
7 0 U 6
8 1 U 7
9 0 U 1
10 0 L 1
11 0 U 10
12 0 U 11
13 0 L 7
14 1 L 5
15 1 U 8
16 0 U 6
17 1 U 16
18 1 L -1
19 0 L 15
20 1 U 19
21 1 U 20
22 0 L 14
23 1 L 7
24 0 U 23
25 1 U 24
26 0 U 25
27 0 U -1
28 0 U 27
29 1 L 15
30 0 U 18
31 1 U 30
32 0 U 31
33 1 U 32
34 0 U 33
35 0 U 34
36 0 L 14
37 1 U 33
38 1 U 37
39 1 U 38
40 0 L 15
41 0 U 40
42 0 U 41
43 1 U 42
44 1 U 43
45 1 U 16
46 0 U 45
47 1 U 46
48 0 U 47
49 1 U 48
50 0 U 49
51 0 L 15
52 1 U 14
53 1 U 32
54 1 U -1
55 0 U 49
56 1 U 55
57 1 U 56
58 0 U 57
59 0 U 38
60 0 U 59
61 0 U 21
62 1 L 13
63 0 U -1
64 0 U 4
65 0 L 23
66 1 U 65
67 0 L 12
68 1 U 67
69 1 L 68
70 1 L 64
71 1 U 70
72 1 L 44
73 0 U 56
74 1 L 59
75 1 U 74
76 1 L 32
77 0 U 76
78 0 U 77
79 0 U 65
80 0 L 9
81 1 U 10
82 0 L 71
83 0 L 27
84 1 U 83
85 1 U 84
86 0 L 0
87 0 L 52
88 1 L 25
89 0 U 15
90 1 U 88
91 0 L 72
92 0 U 91
93 0 U 61
94 1 U 17
95 0 U 94
96 1 L 94
97
0 0 L -1
1 0 U 0
2 0 U 0
3 0 L 1
4 1 U 1
5 0 U 0
6 1 U 0
7 0 U 6
8 1 U 7
9 0 U 1
10 0 L 1
11 0 U 10
12 0 U 11
13 0 L 7
14 1 L 5
15 1 U 8
16 0 U 6
17 1 U 16
18 1 L -1
19 0 L 15
20 1 U 19
21 1 U 20
22 0 L 14
23 1 L 7
24 0 U 23
25 1 U 24
26 0 U 25
27 0 U -1
28 0 U 27
29 0 U 28
30 0 U 18
31 1 U 30
32 0 U 31
33 0 L 1
34 0 L 4
35 0 U 34
36 0 L 33
37 0 L 36
38 1 U 37
39 1 U 38
40 0 L 15
41 0 U 40
42 0 U 41
43 1 U 42
44 1 U 43
45 1 L 32
46 0 U 45
47 1 U 46
48 0 U 47
49 1 U 48
50 0 U 49
51 1 U 0
52 0 U 51
53 1 U 32
54 1 U -1
55 0 U 49
56 1 U 55
57 1 U 56
58 0 U 57
59 0 U 38
60 0 L 6
61 0 U 21
62 1 L 13
63 0 U -1
64 0 U 4
65 0 U 64
66 1 U 65
67 0 L 12
68 1 U 67
69 1 U 68
70 1 L 64
71 1 U 70
72 0 U 68
73 1 U 43
74 1 L 59
75 1 U 74
76 1 U 75
77 0 U 76
78 0 L 75
79 0 U 58
80 0 U 79
81 1 U 10
82 0 L 24
83 0 L 27
84 1 U 83
85 1 U 84
86 0 L 0
87 0 L 52
88 1 L 25
89 0 U 15
90 1 U 88
91 0 L 72
92 0 U 91
93 0 U 61
94 1 U 17
95 0 U 94
96 1 U 95
97
0 0 L -1
1 0 U 0
2 0 U 0
3 0 L 1
4 1 U 1
5 0 U 0
6 1 U 0
7 0 U 6
8 1 U 7
9 0 U 1
10 1 U 9
11 0 U 10
12 0 U 11
13 0 L 7
14 1 L 5
15 1 U 8
16 0 U 6
17 1 U 16
18 1 L -1
19 0 L 15
20 1 U 19
21 1 U 20
22 0 L 14
23 1 L 7
24 1 U 19
25 0 U 0
26 0 U 25
27 0 U -1
28 0 U 27
29 0 U 28
30 0 U 18
31 1 U 30
32 0 U 31
33 1 U 32
34 0 U 33
35 0 U 34
36 1 L 24
37 0 L 36
38 1 U 37
39 1 U 38
40 0 L 15
41 0 U 40
42 0 U 41
43 1 U 42
44 1 U 43
45 1 U 2
46 0 U 45
47 1 U 46
48 0 U 47
49 1 U 48
50 0 L 9
51 1 L 35
52 0 U 51
53 1 U 32
54 1 U -1
55 0 U 49
56 1 U 55
57 1 U 56
58 0 L 23
59 0 U 28
60 0 U 59
61 0 U 21
62 1 L 13
63 0 U -1
64 0 U 4
65 0 U 64
66 1 U 65
67 0 L 12
68 1 U 36
69 1 U 68
70 1 L 64
71 1 U 70
72 1 L 44
73 1 U 43
74 0 L 55
75 1 U 74
76 1 U 75
77 0 U 76
78 0 U 77
79 0 U 58
80 0 U 79
81 1 U 22
82 0 L 71
83 0 L 27
84 1 U 38
85 1 U 84
86 0 L 0
87 0 L 52
88 1 L 25
89 0 U 15
90 1 U 88
91 0 L 72
92 0 U 91
93 0 U 61
94 1 U 17
95 0 U 94
96 1 U 95
97
0 0 L -1
1 0 L -1
2 0 U 0
3 0 L 1
4 1 U 1
5 0 U 0
6 1 U 0
7 0 U 6
8 1 U 7
9 0 U 1
10 0 L 1
11 1 L 10
12 1 U 8
13 0 L 7
14 0 L 7
15 1 U 8
16 0 U 6
17 1 U 16
18 1 L -1
19 0 L 15
20 1 U 19
21 1 U 20
22 0 L 14
23 1 L 7
24 0 U 23
25 1 U 24
26 0 U 25
27 1 U 17
28 0 U 27
29 1 L 26
30 0 U 18
31 1 U 30
32 0 U 31
33 1 U 32
34 0 U 33
35 0 U 34
36 1 L 24
37 0 L 36
38 1 U 37
39 1 U 38
40 0 L 15
41 0 U 40
42 0 U 41
43 1 U 42
44 1 U 43
45 1 L 32
46 0 U 45
47 1 U 46
48 0 U 47
49 1 U 48
50 0 U 49
51 1 L 35
52 0 U 51
53 1 U 32
54 1 U -1
55 0 U 49
56 1 U 55
57 1 U 56
58 0 U 57
59 0 U 38
60 1 L 53
61 1 L 36
62 1 L 13
63 0 U -1
64 0 U 4
65 0 U 64
66 0 U 27
67 0 L 12
68 1 U 12
69 1 U 68
70 1 L 64
71 1 U 70
72 1 L 44
73 1 U 43
74 0 U 36
75 1 U 74
76 1 U 75
77 0 U 76
78 0 U 77
79 0 U 58
80 0 U 16
81 1 U 10
82 0 L 71
83 0 L 27
84 1 U 83
85 1 U 84
86 0 L 0
87 1 U 0
88 1 L 25
89 0 U 15
90 1 U 88
91 0 U 63
92 1 L 13
93 0 U 61
94 1 U 17
95 0 U 94
96 1 U 95
