95
0 0 U -1
1 1 U 0
2 0 U 1
3 0 U 2
4 0 U 3
5 0 U 4
6 0 U 5
7 0 U 6
8 0 U 7
9 0 U -1
10 0 U 9
11 0 U 10
12 0 U 11
13 0 U 12
14 0 U 13
15 0 U 14
16 0 U 15
17 1 U 16
18 0 U -1
19 0 U 18
20 1 U 19
21 0 U 20
22 0 U 21
23 0 U 22
24 1 U 23
25 0 U 24
26 1 U 25
27 0 U -1
28 0 U 27
29 0 U 28
30 0 U 29
31 0 U 30
32 0 U 31
33 1 U 32
34 0 U 33
35 1 U 34
36 1 U -1
37 0 U 36
38 0 U 37
39 0 U 38
40 1 U 39
41 1 U 40
42 1 U 41
43 1 U 42
44 0 U 43
45 0 U -1
46 1 U 45
47 0 U 46
48 1 U 47
49 0 U 48
50 0 U 49
51 0 U 50
52 1 U 51
53 1 U 52
54 1 U -1
55 1 U 54
56 1 U 55
57 1 U 56
58 1 U 57
59 0 U 58
60 1 U 59
61 0 U 60
62 0 U 61
63 0 U -1
64 1 U 63
65 1 U 64
66 1 U 65
67 0 U 66
68 0 U 67
69 1 U 68
70 0 U 69
71 1 U 70
72 0 U -1
73 1 U 72
74 1 U 73
75 0 U 74
76 1 U 75
77 0 U 76
78 1 U 77
79 0 U 78
80 1 U 79
81 0 U -1
82 0 U 81
83 0 U 82
84 0 U 83
85 0 U 84
86 1 U 85
87 1 U 86
88 0 U 87
89 1 U 88
90 0 U -1
91 0 U 90
92 0 U 91
93 1 U 92
94 0 U 93
95
0 1 L -1
1 1 U 0
2 0 U 1
3 0 U 2
4 0 U 3
5 0 U 4
6 0 U 5
7 0 U 6
8 0 U 7
9 0 U -1
10 0 U 9
11 0 U 10
12 0 U 11
13 0 U 12
14 0 U 13
15 0 U 14
16 0 U 15
17 1 U 16
18 0 U -1
19 0 U 18
20 1 U 19
21 0 U 20
22 0 U 21
23 1 L 11
24 1 U 23
25 0 U 24
26 1 U 25
27 0 U -1
28 0 U 27
29 0 U 28
30 0 U 29
31 0 U 30
32 0 U 31
33 1 U 32
34 0 U 33
35 1 U 34
36 1 U -1
37 0 U 36
38 0 U 37
39 0 U 38
40 1 U 39
41 1 U 40
42 0 U 27
43 1 U 42
44 0 U 43
45 0 U -1
46 1 U 45
47 0 U 46
48 1 U 47
49 0 U 48
50 0 U 49
51 0 U 50
52 1 U 1
53 1 U 52
54 1 U -1
55 1 U 54
56 1 L 47
57 1 U 56
58 1 U 57
59 1 U 48
60 1 U 59
61 0 U 60
62 0 U 61
63 0 U -1
64 1 U 63
65 1 U 64
66 1 L 26
67 0 U 66
68 0 U 67
69 1 U 68
70 0 U 69
71 1 U 70
72 0 U -1
73 1 U 72
74 1 U 73
75 0 U 74
76 1 U 75
77 0 U 76
78 1 U 77
79 1 U 47
80 1 L 22
81 0 U -1
82 0 U 81
83 0 U 82
84 0 U 83
85 1 U 53
86 1 U 85
87 1 U 86
88 0 U 87
89 1 U 88
90 0 U -1
91 0 U 90
92 0 U 91
93 0 L 9
94 0 U 93
95
0 1 L -1
1 1 U 0
2 0 U 1
3 0 U 2
4 0 U 3
5 0 U 4
6 0 U 5
7 0 U 6
8 0 U 7
9 1 L 8
10 0 U 9
11 0 U 10
12 0 U 11
13 0 U 12
14 0 U 13
15 0 U 14
16 0 U 15
17 1 U 16
18 0 U -1
19 1 L 8
20 1 U 19
21 0 U 20
22 0 U 21
23 1 L 4
24 1 U 23
25 0 U 24
26 1 U 25
27 0 U -1
28 0 U 27
29 0 U 28
30 0 U 29
31 0 U 30
32 0 U 31
33 1 U 32
34 0 U 33
35 1 U 34
36 1 U -1
37 0 U 36
38 0 U 37
39 0 U 38
40 0 L -1
41 1 U 40
42 0 U 27
43 1 U 42
44 0 U 43
45 0 U -1
46 0 L 17
47 0 U 46
48 1 U 47
49 0 U 48
50 0 U 49
51 0 U 50
52 1 U 1
53 1 U 52
54 1 U -1
55 1 U 54
56 1 L 47
57 1 U 56
58 1 U 57
59 1 U 48
60 1 L 10
61 0 U 57
62 0 U 61
63 0 U -1
64 1 U 63
65 0 L 20
66 1 L 26
67 0 U 66
68 0 L 62
69 1 L 1
70 0 U 69
71 1 U 70
72 0 U -1
73 1 U 72
74 1 U 73
75 0 U 74
76 1 U 75
77 0 U 76
78 1 U 77
79 1 U 47
80 1 L 22
81 0 U -1
82 0 U 81
83 0 U 82
84 0 U 83
85 1 L 1
86 1 U 85
87 1 U 86
88 0 U 87
89 1 U 88
90 0 U -1
91 0 U 90
92 0 U 91
93 0 L 9
94 0 U 93
95
0 1 L -1
1 1 U 0
2 0 U 1
3 0 U 2
4 0 U 3
5 1 L 0
6 0 U 5
7 0 U 6
8 0 U 7
9 1 L 8
10 0 U 9
11 0 U 10
12 0 U 11
13 0 U 12
14 0 U 13
15 0 U 14
16 0 U 15
17 1 U 16
18 0 U -1
19 1 L 8
20 1 U 19
21 0 U 20
22 0 U 21
23 0 U 2
24 1 U 23
25 0 U 24
26 1 U 25
27 0 U -1
28 0 U 27
29 0 U 28
30 0 U 29
31 0 U 30
32 0 U 31
33 1 U 32
34 0 U 33
35 1 U 34
36 1 U -1
37 0 U 36
38 0 U 37
39 0 U 38
40 0 L -1
41 1 U 40
42 0 U 27
43 1 U 42
44 0 U 43
45 0 U -1
46 0 L 44
47 0 U 46
48 1 U 47
49 0 U 48
50 0 U 49
51 0 U 50
52 1 U 1
53 1 U 52
54 1 U -1
55 1 U 54
56 1 L 47
57 1 U 56
58 1 U 57
59 1 U 48
60 1 L 10
61 0 U 57
62 0 U 61
63 0 U -1
64 1 U 63
65 0 L 20
66 1 L 26
67 0 U 66
68 0 L 62
69 0 U 38
70 0 U 69
71 1 U 70
72 0 U -1
73 1 U 72
74 1 U 73
75 0 U 74
76 1 U 75
77 0 U 76
78 1 U 77
79 1 U 47
80 1 L 22
81 0 U -1
82 0 U 81
83 0 U 82
84 0 U 83
85 1 L 1
86 1 U 85
87 1 U 86
88 0 U 87
89 1 U 88
90 0 U -1
91 0 U 90
92 0 U 91
93 0 L 9
94 1 L 12
95
0 1 L -1
1 1 U 0
2 0 U 1
3 0 U 2
4 0 U 3
5 1 L 0
6 0 U 5
7 0 U 6
8 0 U 7
9 1 L 8
10 0 U 9
11 0 U 10
12 0 U 11
13 0 U 12
14 0 U 13
15 0 U 14
16 0 U 15
17 1 U 16
18 0 U -1
19 1 L 8
20 1 U 19
21 1 L 0
22 0 U 21
23 0 U 2
24 1 U 23
25 0 U 24
26 1 U 16
27 0 U -1
28 0 U 27
29 0 U 28
30 0 U 29
31 0 U 30
32 0 U 31
33 1 U 32
34 0 U 33
35 1 U 34
36 1 U 5
37 0 U 36
38 0 U 37
39 0 U 38
40 0 L -1
41 1 U 40
42 0 U 27
43 1 U 42
44 0 U 43
45 0 U -1
46 0 L 44
47 0 U 46
48 1 U 47
49 0 U 48
50 0 U 49
51 0 U 50
52 1 U 1
53 1 U 52
54 1 U -1
55 1 U 54
56 1 L 47
57 0 L 38
58 1 U 57
59 1 U 48
60 1 L 40
61 0 U 57
62 1 U 42
63 0 U -1
64 1 U 63
65 0 L 20
66 1 L 26
67 0 U 66
68 0 L 62
69 0 U 38
70 0 U 69
71 1 U 70
72 0 U -1
73 1 U 72
74 1 U 73
75 0 U 74
76 1 U 75
77 0 U 76
78 1 L 13
79 1 U 47
80 1 L 22
81 0 U -1
82 0 U 81
83 0 U 82
84 0 U 83
85 1 L 1
86 1 U 85
87 1 U 86
88 0 U 8
89 1 U 88
90 0 U -1
91 0 U 90
92 0 U 91
93 0 L 9
94 1 L 12
95
0 1 L -1
1 1 U 0
2 0 U 1
3 0 U 2
4 0 U 3
5 1 L 0
6 0 U 5
7 0 U 6
8 0 U 7
9 1 L 8
10 0 U 9
11 0 U 10
12 0 U 11
13 0 U 12
14 0 U 13
15 0 U 14
16 0 L 14
17 1 U 16
18 0 U -1
19 1 L 8
20 1 U 19
21 0 U 20
22 0 U 21
23 0 U 2
24 1 U 23
25 0 L 17
26 1 U 25
27 0 U -1
28 0 U 27
29 0 U 28
30 0 U 29
31 0 L 22
32 0 U 31
33 1 U 32
34 0 U 33
35 1 U 34
36 1 U -1
37 0 U 36
38 0 U 37
39 0 U 38
40 1 U 8
41 1 U 40
42 0 U 27
43 1 U 42
44 0 U 43
45 0 U -1
46 0 L 10
47 0 U 46
48 1 U 47
49 0 U 48
50 1 L 12
51 0 U 50
52 1 U 1
53 1 U 52
54 1 U -1
55 0 U 25
56 1 L 47
57 1 U 56
58 1 U 57
59 1 U 48
60 1 L 10
61 0 U 57
62 0 U 61
63 0 U -1
64 1 U 63
65 0 L 20
66 1 L 26
67 0 U 66
68 0 L 62
69 0 U 38
70 0 U 69
71 1 U 70
72 0 U 2
73 1 U 72
74 1 U 73
75 0 U 74
76 1 U 75
77 0 U 76
78 1 U 77
79 1 U 47
80 0 L 53
81 0 U -1
82 0 U 81
83 0 U 82
84 0 U 83
85 1 L 1
86 1 U 85
87 1 U 86
88 0 U 87
89 1 U 88
90 0 U -1
91 0 U 90
92 1 L 36
93 0 L 9
94 1 U 3
95
0 1 L -1
1 1 U 0
2 0 L -1
3 0 U 2
4 0 L 0
5 1 L 0
6 0 U 0
7 0 U 6
8 0 U 7
9 1 L 8
10 0 U 9
11 0 U 10
12 1 L 11
13 0 U 12
14 0 U 13
15 0 U 14
16 0 U 15
17 1 U 16
18 0 U -1
19 1 L 8
20 1 U 19
21 0 U 20
22 0 U 21
23 0 U 2
24 1 U 23
25 0 U 24
26 1 U 25
27 1 U 23
28 0 U 27
29 0 U 28
30 0 U 29
31 0 U 30
32 0 L 21
33 1 U 32
34 0 U 33
35 1 U 34
36 1 U -1
37 0 U 36
38 0 U 37
39 0 U 38
40 0 L -1
41 1 U 40
42 0 U 27
43 1 U 42
44 0 U 43
45 0 U -1
46 0 L 44
47 0 U 46
48 1 U 47
49 0 U 48
50 0 U 49
51 0 U 50
52 1 U 1
53 1 U 52
54 1 U -1
55 1 U 54
56 1 L 47
57 1 U 56
58 1 U 57
59 1 U 48
60 1 L 10
61 0 U 57
62 0 U 61
63 0 U -1
64 1 U 63
65 0 L 20
66 1 L 26
67 0 U 66
68 0 L 62
69 0 L 44
70 1 U 41
71 1 U 70
72 0 U -1
73 1 U 72
74 1 U 73
75 0 U 74
76 1 U 75
77 0 U 76
78 1 U 77
79 1 U 47
80 1 L 22
81 0 U -1
82 0 U 81
83 0 U 82
84 0 U 83
85 1 L 1
86 1 U 85
87 1 U 86
88 0 U 87
89 1 U 88
90 0 U -1
91 1 L 62
92 0 U 91
93 0 L 9
94 1 L 12
95
0 1 L -1
1 1 U 0
2 0 L -1
3 0 U 2
4 0 L 0
5 1 L 0
6 0 U 0
7 0 U 6
8 0 U 7
9 1 L 8
10 0 U 9
11 0 U 10
12 1 L 11
13 0 U 12
14 0 U 13
15 0 U 14
16 0 U 15
17 1 U 16
18 0 U -1
19 1 L 8
20 1 U 19
21 0 U 20
22 0 U 21
23 0 U 2
24 1 U 23
25 0 U 24
26 1 U 25
27 1 U 23
28 0 U 27
29 0 U 28
30 0 U 29
31 1 U 5
32 0 L 21
33 1 U 32
34 0 U 33
35 1 U 34
36 1 U -1
37 0 U 36
38 1 U 22
39 0 U 38
40 0 L -1
41 1 U 40
42 0 U 27
43 1 U 42
44 0 U 43
45 0 U -1
46 0 L 44
47 0 U 46
48 0 L 9
49 0 U 48
50 0 U 49
51 0 U 50
52 1 L 31
53 1 U 52
54 1 U -1
55 1 U 12
56 0 U 11
57 1 U 56
58 1 U 57
59 1 U 50
60 1 L 10
61 0 U 57
62 0 U 61
63 0 U -1
64 1 U 63
65 0 L 20
66 1 L 26
67 0 U 66
68 0 L 62
69 0 L 44
70 1 U 41
71 1 U 70
72 0 U -1
73 1 U 72
74 1 U 73
75 0 U 74
76 1 U 75
77 0 L 32
78 1 U 77
79 1 U 47
80 1 L 22
81 0 U -1
82 0 U 81
83 0 U 31
84 0 U 83
85 1 L 1
86 1 U 85
87 1 U 86
88 0 U 87
89 1 U 88
90 0 U -1
91 1 L 62
92 0 U 91
93 0 L 9
94 1 L 12
95
0 1 L -1
1 1 U 0
2 0 L -1
3 0 U 2
4 0 L 0
5 1 L 3
6 1 L 3
7 0 U 6
8 0 U 7
9 1 L 8
10 0 L 4
11 1 L 7
12 1 L 11
13 0 U 12
14 0 U 13
15 0 U 14
16 0 U 15
17 1 U 16
18 0 U -1
19 1 L 8
20 1 U 19
21 0 U 20
22 0 U 21
23 0 U 2
24 1 L 18
25 0 U 24
26 1 U 6
27 1 U 23
28 0 U 27
29 0 U 28
30 0 L 1
31 1 U 9
32 1 L 12
33 1 U 32
34 0 U 33
35 1 U 34
36 1 U -1
37 0 U 36
38 0 U 37
39 0 U 38
40 0 L -1
41 1 U 40
42 0 L 19
43 1 U 42
44 1 L 13
45 0 U -1
46 0 L 44
47 0 U 46
48 1 U 47
49 0 U 48
50 0 U 49
51 0 U 50
52 1 U 1
53 1 U 52
54 1 U -1
55 1 U 54
56 0 U 52
57 1 U 56
58 1 U 57
59 1 U 48
60 1 L 10
61 0 U 57
62 0 U 61
63 0 U -1
64 1 U 63
65 0 L 20
66 1 L 26
67 0 U 66
68 0 L 62
69 0 L 44
70 1 U 41
71 1 U 1
72 0 U -1
73 1 U 72
74 1 U 73
75 0 U 74
76 1 U 75
77 0 U 76
78 1 U 77
79 1 U 47
80 1 L 22
81 0 U -1
82 0 U 81
83 0 U 82
84 0 U 73
85 1 L 1
86 1 L 7
87 1 U 86
88 0 U 87
89 1 U 88
90 1 L 68
91 1 L 62
92 0 U 91
93 0 L 9
94 1 L 12
95
0 1 L -1
1 1 U 0
2 0 L -1
3 0 U 2
4 0 L 0
5 1 L 3
6 0 L -1
7 0 U 1
8 0 U 7
9 1 L 8
10 0 L 4
11 1 L 7
12 1 L 11
13 0 U 12
14 0 U 13
15 0 U 14
16 0 U 15
17 1 U 16
18 0 U -1
19 1 L 8
20 1 U 19
21 0 U 20
22 0 U 21
23 0 U 2
24 1 L 18
25 0 U 24
26 1 U 6
27 1 U 23
28 0 U 27
29 0 U 28
30 0 L 1
31 1 U 9
32 0 L 28
33 1 U 32
34 0 U 33
35 1 U 27
36 1 U -1
37 0 U 36
38 0 U 37
39 0 U 38
40 0 L -1
41 1 U 40
42 0 L 19
43 1 U 42
44 1 L 13
45 0 U -1
46 0 L 44
47 0 U 46
48 1 U 47
49 0 U 48
50 0 U 49
51 0 L 42
52 1 U 1
53 1 U 52
54 1 U -1
55 1 U 54
56 0 U 52
57 1 U 56
58 1 U 57
59 1 U 48
60 1 L 10
61 1 L 45
62 0 U 61
63 0 U -1
64 1 U 63
65 0 L 20
66 1 L 26
67 0 U 66
68 0 L 62
69 0 L 9
70 1 L 0
71 1 U 1
72 0 U -1
73 1 U 72
74 1 U 73
75 0 U 74
76 1 U 75
77 0 U 76
78 1 U 77
79 1 U 47
80 1 L 22
81 0 U -1
82 0 U 81
83 0 U 82
84 0 U 73
85 1 L 1
86 1 L 7
87 1 U 86
88 1 L 49
89 1 U 42
90 1 L 68
91 1 L 62
92 0 U 91
93 0 L 9
94 1 L 12
95
0 1 L -1
1 1 U 0
2 0 L -1
3 0 U 2
4 0 L 0
5 1 L 3
6 1 L 3
7 0 U 6
8 0 U 7
9 1 L 8
10 0 L 4
11 1 L 7
12 1 L 11
13 0 U 12
14 0 U 13
15 0 U 14
16 0 U 15
17 1 U 16
18 0 U 2
19 1 L 8
20 1 U 19
21 0 U 20
22 0 U 21
23 0 U 2
24 1 L 18
25 0 U 24
26 1 U 6
27 1 U 23
28 0 U 27
29 0 U 28
30 0 L 1
31 1 U 9
32 1 L 29
33 1 U 32
34 0 U 28
35 1 L 10
36 1 U -1
37 0 U 36
38 0 U 37
39 0 U 38
40 0 L -1
41 1 U 40
42 0 L 19
43 1 U 42
44 1 L 13
45 0 U -1
46 0 L 44
47 0 U 46
48 1 U 47
49 0 U 48
50 0 U 49
51 0 U 50
52 1 U 1
53 1 U 52
54 1 U -1
55 1 U 54
56 0 U 52
57 1 U 56
58 0 U 39
59 1 U 48
60 1 L 10
61 0 U 57
62 0 L 43
63 0 U -1
64 1 U 63
65 0 L 20
66 1 L 26
67 0 U 66
68 0 L 62
69 0 L 44
70 1 U 41
71 1 U 1
72 0 U -1
73 1 U 72
74 1 U 73
75 0 U 74
76 1 U 75
77 0 U 76
78 1 U 77
79 1 U 47
80 0 L 16
81 0 L 19
82 0 U 81
83 0 U 82
84 0 U 73
85 1 L 1
86 1 L 7
87 1 U 86
88 0 U 87
89 1 U 88
90 1 L 68
91 1 L 62
92 0 U 91
93 0 L 9
94 1 L 70
95
0 1 L -1
1 1 U 0
2 0 L -1
3 0 U 2
4 0 L 0
5 1 L 3
6 1 L 3
7 0 U 6
8 0 U 7
9 1 L 8
10 1 U 6
11 1 L 7
12 1 L 11
13 1 L 10
14 0 U 13
15 0 U 14
16 0 U 15
17 1 U 16
18 0 U -1
19 1 L 8
20 1 U 19
21 0 U 20
22 0 U 21
23 0 U 2
24 1 L 18
25 0 U 24
26 1 U 6
27 1 U 23
28 0 U 27
29 0 U 28
30 0 L 1
31 1 U 9
32 1 L 12
33 1 U 32
34 0 U 33
35 1 U 34
36 1 U -1
37 0 U 36
38 0 U 37
39 0 U 38
40 0 L -1
41 1 U 40
42 0 L 19
43 1 U 42
44 1 L 13
45 0 U -1
46 0 L 44
47 0 U 46
48 1 U 47
49 0 U 48
50 0 U 49
51 0 U 50
52 1 U 1
53 1 U 52
54 1 U -1
55 1 U 54
56 0 U 52
57 1 U 56
58 1 U 57
59 1 U 48
60 1 L 10
61 0 U 57
62 0 U 61
63 0 U -1
64 1 U 63
65 1 U 15
66 1 L 26
67 0 U 66
68 0 L 62
69 0 L 44
70 1 U 41
71 1 U 1
72 0 U -1
73 1 U 72
74 1 U 73
75 0 U 74
76 1 U 75
77 0 U 76
78 1 U 77
79 1 U 47
80 1 L 22
81 0 U -1
82 0 U 81
83 0 U 82
84 0 U 73
85 1 L 1
86 1 L 7
87 1 U 86
88 0 U 87
89 1 U 88
90 1 L 68
91 1 L 62
92 0 U 91
93 0 L 9
94 1 U 37
95
0 0 L -1
1 1 U 0
2 0 L -1
3 0 U 2
4 0 L 0
5 1 L 3
6 1 L 3
7 0 U 6
8 0 U 7
9 1 L 8
10 0 L 4
11 1 L 7
12 1 L 11
13 0 U 9
14 0 U 13
15 0 U 14
16 0 U 15
17 1 U 16
18 0 U -1
19 1 L 8
20 1 U 19
21 0 U 20
22 0 U 5
23 0 U 2
24 1 L 17
25 0 U 24
26 1 U 6
27 1 U 23
28 0 U 27
29 0 U 28
30 0 L 1
31 1 U 9
32 1 L 12
33 1 U 32
34 0 U 33
35 1 U 34
36 1 U -1
37 0 U 36
38 0 U 37
39 0 U 38
40 0 L -1
41 1 U 40
42 0 L 19
43 1 U 42
44 1 L 13
45 0 U -1
46 0 L 6
47 0 U 46
48 1 U 47
49 0 U 48
50 1 U 25
51 0 U 17
52 1 U 1
53 1 U 52
54 1 U -1
55 1 U 54
56 1 U 53
57 1 U 56
58 1 U 57
59 1 U 48
60 1 L 10
61 0 U 57
62 0 U 61
63 0 U -1
64 1 U 63
65 0 L 20
66 1 L 26
67 0 U 66
68 1 U 27
69 0 L 44
70 1 U 41
71 1 U 1
72 0 U -1
73 0 L 63
74 1 U 73
75 0 U 74
76 1 U 75
77 0 U 76
78 1 U 77
79 0 U 4
80 1 L 22
81 0 U -1
82 0 U 81
83 0 U 82
84 0 U 73
85 1 L 1
86 1 L 7
87 1 U 86
88 0 U 87
89 1 U 88
90 1 L 68
91 1 L 62
92 0 U 91
93 0 L 9
94 1 L 12
95
0 0 L -1
1 1 U 0
2 0 L -1
3 0 U 2
4 0 L 0
5 1 L 3
6 1 L 3
7 0 U 6
8 0 U 7
9 1 L 8
10 0 L 4
11 1 L 7
12 0 U 6
13 0 U 9
14 0 U 13
15 0 U 14
16 0 U 15
17 1 U 16
18 0 U -1
19 1 L 8
20 1 U 19
21 0 U 20
22 0 U 5
23 0 U 2
24 1 U 10
25 0 U 24
26 1 U 6
27 1 U 23
28 0 U 27
29 0 U 28
30 0 L 1
31 0 U 22
32 1 L 12
33 1 U 32
34 0 U 33
35 1 U 34
36 1 U -1
37 0 U 36
38 0 U 37
39 0 U 38
40 0 L -1
41 1 U 40
42 0 L 19
43 1 U 42
44 1 L 13
45 0 U -1
46 0 L 6
47 0 U 46
48 1 U 47
49 0 U 48
50 1 U 25
51 0 U 17
52 1 U 1
53 1 U 52
54 1 U -1
55 1 U 54
56 1 U 53
57 1 U 56
58 1 U 57
59 0 U 18
60 1 L 10
61 0 U 57
62 0 U 61
63 0 U -1
64 1 U 63
65 0 L 20
66 1 L 26
67 0 U 66
68 1 U 27
69 0 L 44
70 1 U 41
71 1 U 1
72 0 U -1
73 0 L 63
74 1 U 73
75 0 U 74
76 1 U 75
77 0 U 76
78 1 U 77
79 0 U 4
80 1 L 22
81 0 U -1
82 0 U 81
83 1 U 68
84 0 U 73
85 1 L 1
86 1 U 7
87 1 U 86
88 0 U 87
89 1 U 88
90 1 L 68
91 1 L 62
92 0 U 91
93 0 L 9
94 1 L 12
95
0 0 L -1
1 1 U 0
2 0 L -1
3 0 U 2
4 0 L 0
5 1 L 3
6 1 L 3
7 0 U 6
8 0 U 7
9 1 L 8
10 0 L 4
11 1 L 7
12 1 L 11
13 0 U 9
14 0 U 13
15 0 U 14
16 0 U 15
17 1 U 16
18 0 U -1
19 1 L 8
20 1 U 19
21 1 L 14
22 0 U 5
23 0 U 2
24 1 L 17
25 0 U 24
26 1 U 6
27 1 U 23
28 0 U 27
29 0 U 28
30 0 L 1
31 1 U 9
32 1 L 12
33 1 L 8
34 0 U 33
35 1 U 34
36 1 U -1
37 0 U 36
38 0 U 37
39 0 U 38
40 0 L -1
41 1 U 40
42 0 L 19
43 1 U 42
44 1 L 13
45 0 U -1
46 0 L 6
47 0 U 46
48 1 U 47
49 0 U 48
50 1 U 25
51 0 U 17
52 1 U 1
53 1 U 52
54 1 U -1
55 1 U 54
56 1 U 53
57 1 U 56
58 1 U 57
59 1 U 48
60 1 L 10
61 0 U 57
62 0 U 61
63 0 U -1
64 1 U 63
65 0 L 20
66 1 L 26
67 0 U 66
68 1 U 27
69 1 L 58
70 1 U 41
71 1 U 1
72 0 U -1
73 0 L 63
74 1 U 73
75 1 L 4
76 1 U 75
77 0 U 76
78 1 U 77
79 0 U 4
80 1 L 22
81 0 U -1
82 0 U 81
83 0 U 82
84 0 U 73
85 1 L 1
86 1 L 7
87 1 L 36
88 0 U 87
89 1 U 88
90 1 L 68
91 1 L 62
92 0 U 91
93 0 L 9
94 1 L 12
95
0 0 L -1
1 1 U 0
2 0 L -1
3 0 U 2
4 0 L 0
5 1 L 3
6 1 L 3
7 0 U 6
8 0 U 7
9 1 L 8
10 0 L 4
11 1 L 7
12 1 L 11
13 0 U 9
14 0 U 13
15 0 U 14
16 0 U 15
17 1 L 8
18 0 U -1
19 1 L 8
20 1 U 19
21 0 U 20
22 0 U 5
23 0 U 2
24 1 L 17
25 0 U 24
26 1 U 6
27 1 U 23
28 0 U 27
29 0 L 23
30 0 L 1
31 1 U 9
32 1 L 12
33 1 U 32
34 0 U 33
35 1 U 34
36 1 U -1
37 0 U 36
38 0 U 37
39 0 U 38
40 0 L -1
41 1 U 40
42 0 L 19
43 1 U 42
44 1 L 13
45 0 U -1
46 1 U 23
47 0 U 46
48 0 U 2
49 0 U 48
50 1 U 25
51 0 U 17
52 1 U 1
53 1 U 52
54 1 U -1
55 1 U 54
56 1 U 53
57 1 U 56
58 1 U 57
59 1 U 48
60 1 L 10
61 0 U 57
62 0 U 61
63 0 U -1
64 1 U 63
65 1 L 64
66 1 L 26
67 0 U 66
68 1 U 27
69 0 L 44
70 1 U 41
71 1 U 1
72 0 U -1
73 0 L 63
74 1 U 73
75 0 U 74
76 1 U 75
77 0 U 76
78 1 U 77
79 0 U 4
80 0 L 77
81 0 U -1
82 0 U 81
83 0 U 82
84 0 U 73
85 1 L 1
86 1 L 7
87 1 U 86
88 0 U 87
89 1 U 88
90 0 U 28
91 1 L 62
92 0 U 27
93 0 L 9
94 1 L 12
95
0 0 L -1
1 1 U 0
2 0 L -1
3 0 U 2
4 0 L 0
5 1 L 3
6 1 L 3
7 0 U 6
8 0 U 7
9 1 L 8
10 0 L 4
11 1 L 7
12 1 L 11
13 0 U 9
14 0 U 13
15 0 U 14
16 1 U 15
17 1 U 16
18 0 U -1
19 1 L 8
20 1 U 19
21 0 U 20
22 0 U 5
23 0 U 2
24 1 L 17
25 0 U 24
26 1 U 6
27 1 U 23
28 0 U 27
29 0 U 28
30 0 L 1
31 1 U 9
32 1 L 12
33 1 U 32
34 0 U 33
35 1 U 34
36 1 U -1
37 0 U 36
38 0 U 37
39 0 U 38
40 0 L -1
41 1 U 40
42 0 L 19
43 1 U 42
44 1 L 8
45 0 U -1
46 0 L 6
47 0 U 46
48 1 U 47
49 0 U 48
50 1 U 25
51 0 U 17
52 1 U 1
53 1 U 52
54 1 U -1
55 1 U 54
56 1 U 53
57 1 U 56
58 1 U 57
59 1 U 48
60 1 L 10
61 0 U 57
62 0 U 61
63 0 U -1
64 1 U 63
65 0 L 46
66 1 L 26
67 0 U 66
68 1 U 27
69 0 L 44
70 1 U 41
71 1 U 1
72 0 U -1
73 0 L 63
74 0 L 57
75 0 U 74
76 1 U 75
77 0 U 76
78 1 U 77
79 0 U 4
80 1 L 22
81 0 U -1
82 1 L 80
83 0 U 82
84 0 U 73
85 1 L 1
86 1 L 7
87 1 U 86
88 0 U 87
89 1 U 88
90 1 L 68
91 1 L 62
92 0 U 91
93 0 L 9
94 1 L 12
95
0 0 L -1
1 1 U 0
2 0 L -1
3 0 U 2
4 0 L 0
5 1 L 3
6 1 L 3
7 0 U 6
8 0 L 4
9 1 L 8
10 0 L 4
11 1 L 7
12 1 L 11
13 0 U 9
14 0 U 13
15 0 U 14
16 0 U 15
17 1 U 16
18 0 U -1
19 1 L 8
20 1 U 19
21 0 U 20
22 0 U 5
23 0 U 2
24 1 L 17
25 0 U 24
26 0 L 11
27 1 U 23
28 0 U 27
29 0 U 28
30 0 L 1
31 1 U 9
32 1 L 20
33 1 U 32
34 0 U 33
35 1 U 11
36 1 U -1
37 1 L 27
38 0 U 37
39 0 U 38
40 0 L -1
41 1 U 40
42 0 L 19
43 1 U 42
44 1 L 13
45 0 U -1
46 0 L 6
47 0 U 46
48 1 U 47
49 0 U 48
50 1 U 25
51 0 U 17
52 1 U 1
53 1 L 30
54 1 U -1
55 1 U 54
56 1 U 53
57 1 U 56
58 1 U 57
59 1 U 48
60 1 L 10
61 0 U 57
62 0 U 61
63 0 U -1
64 1 U 41
65 1 U 35
66 1 L 26
67 0 U 66
68 1 U 27
69 0 L 44
70 1 U 32
71 1 U 1
72 0 U -1
73 0 L 63
74 1 U 73
75 0 U 74
76 1 U 75
77 0 U 76
78 1 U 77
79 0 U 4
80 1 L 22
81 0 U -1
82 0 U 81
83 0 U 82
84 0 U 73
85 1 L 1
86 1 L 7
87 1 U 86
88 1 U 71
89 1 U 88
90 1 L 68
91 1 L 62
92 0 U 91
93 0 L 9
94 1 L 12
95
0 0 L -1
1 1 U 0
2 0 L 1
3 0 U 2
4 0 L 0
5 1 L 3
6 1 U 2
7 0 U 6
8 0 U 7
9 1 L 8
10 1 U -1
11 1 L 7
12 1 L 11
13 0 U 9
14 0 U 13
15 0 U 14
16 0 U 15
17 1 U 16
18 0 U -1
19 1 L 8
20 1 U 19
21 0 L 18
22 0 U 5
23 0 U 2
24 1 L 17
25 0 U 24
26 1 U 6
27 1 U 23
28 0 U 27
29 1 U 2
30 0 L 1
31 1 U 9
32 1 L 12
33 1 U 32
34 0 U 33
35 1 U 34
36 1 U -1
37 0 U 36
38 0 U 37
39 0 U 38
40 0 L -1
41 1 U 40
42 0 L 19
43 1 L 8
44 1 L 13
45 1 U 36
46 0 L 6
47 0 U 46
48 1 U 47
49 0 U 48
50 0 L 43
51 0 U 17
52 1 U 1
53 1 U 52
54 1 U -1
55 1 U 54
56 1 U 53
57 1 U 56
58 1 U 57
59 1 U 48
60 1 L 10
61 0 U 57
62 0 U 61
63 0 U -1
64 1 U 63
65 0 L 20
66 1 L 26
67 0 U 66
68 1 U 46
69 0 L 44
70 1 U 41
71 1 U 1
72 0 U -1
73 0 L 63
74 1 U 73
75 0 U 74
76 1 U 75
77 0 U 76
78 1 U 77
79 0 U 4
80 1 L 22
81 0 U -1
82 0 U 81
83 0 U 82
84 0 U 73
85 1 L 1
86 1 L 7
87 1 U 86
88 0 U 87
89 1 U 88
90 1 L 68
91 1 L 62
92 0 U 91
93 0 L 9
94 1 L 12
95
0 0 L -1
1 1 U 0
2 0 L -1
3 0 U 2
4 0 L 0
5 1 L 3
6 1 L 3
7 0 U 6
8 0 U 7
9 1 L 8
10 0 L 4
11 1 L 7
12 1 L 11
13 0 U 9
14 0 U 13
15 0 U 14
16 0 U 15
17 1 U 16
18 0 U -1
19 1 L 8
20 1 U 19
21 0 U 20
22 1 L 11
23 0 U 2
24 1 L 17
25 0 U 24
26 1 U 6
27 1 U 23
28 0 U 27
29 0 U 28
30 0 L 1
31 1 U 9
32 1 L 12
33 1 U 32
34 0 U 33
35 1 U 34
36 1 U -1
37 0 U 36
38 0 U 37
39 0 U 38
40 0 L -1
41 1 U 40
42 0 L 19
43 1 U 42
44 1 L 13
45 0 U -1
46 1 U 4
47 0 U 46
48 1 U 47
49 0 U 48
50 1 U 25
51 1 U 0
52 1 U 1
53 1 U 52
54 1 U -1
55 0 L 27
56 1 U 53
57 1 U 56
58 1 U 57
59 1 U 48
60 1 U 41
61 0 U 57
62 1 L 20
63 0 U -1
64 1 U 63
65 0 L 20
66 1 L 26
67 0 U 66
68 1 U 27
69 0 L 44
70 1 U 41
71 1 U 1
72 1 L 45
73 0 L 63
74 1 U 73
75 0 U 74
76 1 U 75
77 0 U 76
78 1 U 77
79 0 U 4
80 1 L 22
81 0 U -1
82 0 U 81
83 0 U 82
84 0 U 73
85 1 L 28
86 1 L 7
87 1 U 86
88 0 U 87
89 1 U 88
90 1 L 68
91 1 L 62
92 0 U 91
93 0 L 9
94 1 L 12
95
0 0 L -1
1 1 U 0
2 0 L -1
3 0 U 2
4 1 L 2
5 1 L 3
6 1 L 3
7 0 U 6
8 0 U 7
9 0 L 6
10 0 L 4
11 1 L 7
12 1 L 11
13 0 U 9
14 0 U 13
15 0 U 14
16 0 U 15
17 1 U 16
18 0 U -1
19 1 L 8
20 1 U 19
21 0 U 1
22 0 U 5
23 0 U 2
24 1 L 17
25 0 U 24
26 1 U 6
27 1 U 23
28 0 U 27
29 0 U 28
30 0 L 1
31 1 U 9
32 1 L 12
33 1 U 32
34 0 U 0
35 1 U 34
36 0 L 21
37 0 U 36
38 0 U 37
39 0 U 38
40 0 L -1
41 1 U 40
42 0 L 19
43 1 U 42
44 1 L 13
45 0 U -1
46 0 L 6
47 0 U 46
48 1 U 47
49 0 U 48
50 1 U 25
51 1 U 9
52 1 U 1
53 1 U 52
54 1 U -1
55 1 U 54
56 1 U 53
57 0 U 37
58 1 U 57
59 0 L 11
60 1 L 10
61 0 U 57
62 0 U 61
63 0 U -1
64 1 U 63
65 0 L 20
66 0 U 11
67 0 U 66
68 1 U 27
69 0 L 44
70 1 U 41
71 1 U 1
72 0 U -1
73 1 L 6
74 1 U 73
75 0 U 74
76 1 U 75
77 0 U 76
78 1 U 77
79 0 L 65
80 1 L 22
81 0 U -1
82 0 U 81
83 0 U 82
84 0 U 73
85 1 L 1
86 1 L 7
87 1 U 86
88 0 U 87
89 1 U 88
90 1 L 68
91 1 L 62
92 0 U 91
93 0 L 9
94 1 L 12
95
0 0 L -1
1 1 U 0
2 0 L -1
3 0 U 2
4 0 L 0
5 1 L 3
6 1 L 3
7 0 L -1
8 0 U 7
9 1 L 8
10 0 L 4
11 0 U 8
12 1 L 11
13 0 U 9
14 0 U 13
15 0 U 2
16 0 U 15
17 0 U -1
18 0 U -1
19 1 U 7
20 1 U 19
21 0 U 20
22 0 U 5
23 0 U 2
24 1 L 17
25 0 U 24
26 1 U 23
27 1 U 23
28 0 U 27
29 0 U 28
30 0 L 1
31 1 U 9
32 1 L 12
33 1 U 32
34 0 U 33
35 1 U 34
36 1 U -1
37 0 U 36
38 1 U 4
39 0 U 38
40 0 L -1
41 1 U 40
42 0 L 19
43 1 U 42
44 1 L 14
45 0 U -1
46 0 L 6
47 0 U 46
48 1 U 47
49 0 U 48
50 1 U 25
51 1 L 45
52 1 U 1
53 1 U 52
54 1 U -1
55 1 U 54
56 1 U 53
57 1 U 56
58 1 U 57
59 1 U 48
60 1 U 1
61 0 U 57
62 0 U 61
63 0 U 17
64 1 U 63
65 0 L 20
66 1 L 26
67 0 U 66
68 1 U 27
69 1 U 41
70 1 U 41
71 1 U 1
72 0 U -1
73 0 L 63
74 1 U 73
75 0 U 74
76 1 U 75
77 0 U 76
78 1 U 77
79 0 U 4
80 1 L 22
81 0 U -1
82 0 U 81
83 0 U 82
84 0 U 73
85 1 L 1
86 1 L 7
87 1 U 86
88 0 U 87
89 1 U 88
90 1 L 68
91 1 L 62
92 0 U 91
93 0 L 9
94 1 L 12
95
0 0 L -1
1 1 U 0
2 0 L -1
3 0 U 2
4 0 U -1
5 1 L 3
6 1 L 3
7 0 U 6
8 0 U 7
9 1 L 8
10 1 L 5
11 1 L 8
12 1 L 11
13 0 U 9
14 0 U 13
15 0 U 14
16 0 U 15
17 1 U 16
18 0 U -1
19 1 L 8
20 1 U 19
21 1 U -1
22 0 U 5
23 1 U 5
24 0 U 6
25 0 U 24
26 1 U 6
27 0 U 2
28 0 U 27
29 0 U 28
30 0 L 1
31 1 U 9
32 1 L 12
33 1 U 32
34 0 U 33
35 1 U 34
36 1 U -1
37 0 U 36
38 1 L 10
39 0 U 38
40 0 L -1
41 1 U 40
42 0 L 19
43 1 U 42
44 1 L 36
45 0 U -1
46 0 L 6
47 0 U 46
48 1 U 47
49 0 U 48
50 1 U 25
51 0 U 17
52 1 U 1
53 1 U 52
54 1 U -1
55 0 U 52
56 1 U 53
57 1 U 56
58 1 U 57
59 1 U 48
60 1 L 10
61 0 U 57
62 0 U 61
63 0 U -1
64 1 U 63
65 0 L 20
66 1 L 26
67 0 U 66
68 1 U 27
69 0 L 44
70 1 U 41
71 1 U 1
72 0 U -1
73 0 L 63
74 1 U 73
75 0 U 74
76 1 U 75
77 0 U 76
78 1 U 77
79 0 U 4
80 1 L 22
81 0 U -1
82 0 U 81
83 0 U 82
84 0 U 38
85 1 L 1
86 1 L 7
87 1 U 86
88 0 U 87
89 1 U 88
90 1 L 68
91 1 L 62
92 0 U 91
93 0 L 9
94 1 L 12
95
0 0 L -1
1 1 U 0
2 1 L -1
3 0 U 2
4 0 L 0
5 1 L 3
6 1 L 3
7 0 U 6
8 0 U 7
9 1 L 8
10 0 L 4
11 1 L 7
12 1 L 11
13 0 U 9
14 0 U 9
15 1 U 0
16 0 U 15
17 1 U 16
18 1 L 0
19 1 L 8
20 1 U 19
21 0 U 20
22 0 U 5
23 0 U 2
24 1 L 17
25 0 U 24
26 1 U 6
27 1 U 23
28 0 U 27
29 0 U 28
30 0 L 1
31 1 U 9
32 0 U 7
33 1 U 32
34 0 U 33
35 1 U 34
36 1 U -1
37 0 L 14
38 0 U 37
39 0 U 38
40 0 U 8
41 1 U 40
42 0 L 19
43 1 U 42
44 1 L 13
45 0 U -1
46 0 L 6
47 0 U 46
48 0 U -1
49 0 U 48
50 1 U 25
51 0 U 17
52 1 U 1
53 1 U 52
54 1 U -1
55 1 U 54
56 1 U 53
57 1 L 11
58 1 U 57
59 1 U 48
60 1 L 10
61 0 U 57
62 0 L 30
63 0 U -1
64 1 U 63
65 0 L 20
66 1 L 26
67 0 U 66
68 1 U 27
69 0 L 44
70 1 U 41
71 1 U 1
72 0 U -1
73 0 L 63
74 1 U 73
75 0 U 74
76 1 U 75
77 0 U 76
78 1 U 77
79 1 U 7
80 1 L 22
81 0 U -1
82 0 L 47
83 0 U 82
84 0 U 73
85 1 U 36
86 0 L 18
87 1 U 86
88 0 U 87
89 1 U 88
90 1 L 68
91 1 L 62
92 0 U 91
93 0 L 9
94 1 L 12
95
0 0 L -1
1 1 U 0
2 0 L -1
3 0 U 2
4 0 L 0
5 1 L 3
6 1 L 3
7 0 U 6
8 0 U 7
9 1 L 8
10 0 L 4
11 1 L 7
12 1 L 11
13 0 L 3
14 0 U 13
15 0 U 14
16 0 U 9
17 1 U 16
18 0 U -1
19 1 L 8
20 1 U 19
21 0 U 20
22 0 U 5
23 0 U 2
24 1 L 17
25 0 U 24
26 1 U 6
27 1 U 10
28 0 U 27
29 0 U 28
30 0 L 1
31 1 U 9
32 1 L 12
33 1 U 32
34 0 L 0
35 1 U 34
36 1 U -1
37 0 U 36
38 0 U 37
39 0 U 38
40 0 U 7
41 1 U 40
42 0 L 19
43 1 U 42
44 1 L 13
45 0 U -1
46 0 L 16
47 0 U 46
48 1 U 47
49 0 U 48
50 1 U 25
51 0 U 17
52 1 U 1
53 1 U 52
54 1 U -1
55 0 U 49
56 1 U 53
57 1 U 56
58 1 U 57
59 1 U 48
60 1 L 52
61 0 U 57
62 0 U 61
63 0 U -1
64 0 L 14
65 0 L 20
66 1 L 26
67 0 U 66
68 1 U 27
69 0 L 44
70 1 L 14
71 1 U 1
72 0 U -1
73 0 L 63
74 1 U 73
75 0 U 74
76 1 U 75
77 0 U 76
78 1 U 77
79 0 U 4
80 1 L 22
81 0 U -1
82 0 U 81
83 0 U 82
84 0 U 73
85 1 L 1
86 1 L 7
87 1 U 86
88 0 U 87
89 1 U 88
90 1 L 68
91 1 L 62
92 0 U 91
93 0 L 70
94 1 L 12
95
0 0 L -1
1 1 U 0
2 0 L -1
3 0 U 2
4 0 L 0
5 1 U 3
6 1 L 3
7 0 U 6
8 0 U 7
9 1 L 8
10 0 L 4
11 1 L 7
12 1 L 11
13 0 U 9
14 0 U 10
15 0 U 14
16 0 U 15
17 1 U 16
18 0 U -1
19 1 L 8
20 1 U 19
21 0 U 20
22 0 U 5
23 0 U 2
24 1 U 2
25 0 U 24
26 0 U 0
27 1 U 23
28 0 U 27
29 0 U 28
30 0 L 1
31 1 U 9
32 1 L 12
33 0 L 4
34 0 U 33
35 1 U 34
36 1 U -1
37 0 U 36
38 0 U 37
39 0 L 11
40 0 L -1
41 1 U 40
42 0 L 19
43 1 U 42
44 1 L 13
45 1 U 21
46 0 L 6
47 0 U 46
48 1 U 47
49 0 U 48
50 1 U 25
51 0 U 17
52 0 U 5
53 1 U 52
54 1 U -1
55 0 U 21
56 1 U 53
57 0 L 44
58 1 L 15
59 1 U 48
60 1 L 10
61 0 U 57
62 0 U 61
63 0 U -1
64 1 U 63
65 0 L 20
66 1 L 26
67 0 U 66
68 1 U 27
69 0 L 44
70 1 U 41
71 1 U 1
72 0 U -1
73 0 L 63
74 1 U 73
75 0 U 74
76 1 U 75
77 0 U 76
78 1 U 77
79 0 U 4
80 1 L 22
81 0 U -1
82 0 U 81
83 0 U 82
84 0 U 73
85 1 L 1
86 1 L 7
87 1 U 86
88 0 U 87
89 1 U 88
90 0 U 53
91 1 L 62
92 0 U 91
93 0 L 9
94 1 L 12
95
0 0 L -1
1 1 L -1
2 0 L -1
3 0 U 2
4 0 L 0
5 1 L 3
6 1 L 3
7 0 U 6
8 0 U 7
9 1 L 8
10 0 L 4
11 1 L 7
12 1 L 11
13 0 U 9
14 0 U 13
15 0 U 14
16 0 U 15
17 1 U 16
18 0 U -1
19 1 L 8
20 1 U 19
21 0 U 20
22 0 U 5
23 0 L 13
24 1 L 17
25 0 U 24
26 1 U 6
27 1 U 23
28 0 U 27
29 0 U 28
30 0 L 1
31 1 U 9
32 1 L 12
33 1 U 32
34 0 U 33
35 1 U 34
36 1 U -1
37 1 U 27
38 0 U 37
39 0 U 38
40 0 L -1
41 1 U 40
42 0 U 9
43 0 U 28
44 1 U 26
45 0 U -1
46 0 L 6
47 0 U 46
48 0 U 10
49 0 U 48
50 1 U 25
51 0 U 17
52 1 U 1
53 1 U 52
54 1 U -1
55 1 U 54
56 1 L 17
57 1 U 56
58 1 U 57
59 1 U 48
60 1 L 10
61 0 U 57
62 0 U 61
63 0 U -1
64 1 U 63
65 0 L 20
66 1 L 26
67 0 U 66
68 1 U 27
69 1 U 55
70 1 U 41
71 1 U 1
72 0 U -1
73 0 L 63
74 1 U 73
75 0 L 18
76 1 U 75
77 0 U 76
78 1 U 77
79 0 U 4
80 1 L 22
81 0 U -1
82 0 U 7
83 0 U 82
84 0 U 73
85 1 L 1
86 1 L 7
87 1 U 86
88 0 U 87
89 1 U 88
90 1 L 68
91 1 L 62
92 0 U 91
93 0 L 9
94 1 L 12
95
0 0 L -1
1 1 U 0
2 1 U -1
3 0 U 2
4 0 L 0
5 1 L 3
6 1 L 3
7 0 U 6
8 0 U 7
9 1 L 8
10 1 L 2
11 1 L 7
12 0 U 2
13 0 U 9
14 0 U 13
15 1 U 14
16 0 U 15
17 1 U 16
18 0 U -1
19 1 L 8
20 1 U 19
21 0 U 20
22 0 U 5
23 0 U 2
24 1 L 17
25 0 U 24
26 1 U 6
27 1 U 23
28 0 L 0
29 1 L -1
30 0 L 1
31 1 U 9
32 1 L 12
33 1 U 32
34 0 U 33
35 1 U 34
36 1 U -1
37 0 U 36
38 0 L 33
39 0 U 38
40 0 L 9
41 1 U 40
42 0 L 19
43 1 U 42
44 1 L 13
45 0 U -1
46 0 L 6
47 0 U 46
48 1 U 47
49 0 U 48
50 1 U 25
51 0 U 17
52 1 U 1
53 1 U 52
54 1 U -1
55 1 U 54
56 1 U 53
57 1 U 56
58 1 U 57
59 1 U 48
60 1 L 10
61 0 U 57
62 0 U 61
63 0 U -1
64 1 U 63
65 0 L 20
66 1 L 26
67 0 U 66
68 1 U 27
69 0 L 44
70 1 U 41
71 1 U 1
72 0 U -1
73 0 L 63
74 1 U 73
75 0 U 74
76 1 U 75
77 0 U 76
78 1 U 77
79 0 U 4
80 1 L 22
81 0 U -1
82 1 U 71
83 0 U 82
84 0 U 73
85 1 L 1
86 1 L 7
87 1 L 44
88 0 U 87
89 1 U 88
90 1 L 68
91 1 L 62
92 0 U 91
93 0 L 9
94 1 L 12
95
0 0 L -1
1 1 U 0
2 0 L -1
3 0 U 2
4 0 L 0
5 1 L 3
6 1 L 3
7 0 U 6
8 0 U 7
9 1 L 8
10 0 L 4
11 1 L 7
12 1 L 11
13 0 U 9
14 0 L 3
15 0 U 14
16 0 U 15
17 1 U 16
18 0 U -1
19 1 L 8
20 1 U 19
21 0 U 20
22 0 U 5
23 0 U 2
24 1 L 17
25 0 U 24
26 1 U 6
27 1 U 23
28 0 U 27
29 0 U 28
30 0 L 1
31 0 L 22
32 1 L 12
33 1 U 32
34 0 U 33
35 1 U 34
36 1 U -1
37 0 U 36
38 0 U 37
39 1 U 13
40 0 L -1
41 1 U 40
42 0 L 19
43 1 U 42
44 1 L 13
45 0 U -1
46 0 L 6
47 0 U 46
48 1 U 22
49 0 U 48
50 1 U 25
51 0 U 17
52 1 U 1
53 1 U 52
54 1 U -1
55 1 U 54
56 1 U 53
57 1 U 56
58 1 U 57
59 1 U 48
60 1 L 10
61 0 L 41
62 0 U 61
63 0 U -1
64 1 U 63
65 1 U 16
66 1 L 26
67 0 U 66
68 1 U 27
69 0 L 44
70 1 U 21
71 1 U 1
72 0 U -1
73 0 L 63
74 1 U 73
75 0 U 74
76 1 U 75
77 1 L 58
78 1 U 77
79 0 U 4
80 1 L 22
81 0 U -1
82 0 U 81
83 0 U 82
84 0 U 73
85 1 U 44
86 1 L 7
87 1 U 85
88 0 U 87
89 1 U 88
90 1 L 68
91 1 L 62
92 0 U 91
93 0 L 9
94 1 L 12
95
0 0 L -1
1 1 U 0
2 0 L -1
3 0 U 2
4 0 L 0
5 1 L 3
6 1 L 3
7 0 U 6
8 0 U 7
9 1 L 8
10 0 L 4
11 1 L 7
12 1 L 11
13 0 U 9
14 0 U 13
15 0 U 14
16 0 U 15
17 1 U 16
18 0 U -1
19 1 L 8
20 1 U 19
21 0 U 20
22 1 U 11
23 0 U 2
24 1 L 17
25 0 U 24
26 1 U 6
27 1 U 23
28 0 U 27
29 0 U 28
30 0 L 1
31 1 U 9
32 1 L 12
33 1 U 32
34 0 U 33
35 1 U 34
36 1 U -1
37 0 U 36
38 0 U 37
39 0 U 38
40 0 L -1
41 1 U 40
42 0 L 19
43 1 U 42
44 1 L 13
45 0 U -1
46 1 L 16
47 0 U 8
48 1 U 47
49 0 U 48
50 1 U 25
51 0 U 17
52 1 U 1
53 1 U 52
54 1 U -1
55 1 U 54
56 1 U 53
57 1 U 56
58 1 U 57
59 1 U 48
60 1 L 10
61 1 U 38
62 0 U 61
63 0 U -1
64 1 U 63
65 0 L 20
66 1 L 26
67 0 U 40
68 1 U 27
69 0 L 44
70 1 U 41
71 1 U 1
72 0 U 54
73 1 L 40
74 1 U 73
75 0 U 74
76 1 U 75
77 0 U 76
78 1 U 77
79 0 U 4
80 1 L 22
81 0 U 32
82 0 U 81
83 0 U 82
84 0 U 19
85 1 L 1
86 1 L 7
87 1 U 86
88 0 U 87
89 1 U 88
90 1 L 68
91 1 L 62
92 0 U 91
93 0 L 9
94 1 L 12
95
0 0 L -1
1 1 U 0
2 0 L -1
3 0 U 2
4 0 L 0
5 1 L 3
6 1 L 3
7 0 U 6
8 0 U 7
9 1 L 8
10 0 L 4
11 1 L 7
12 1 L 11
13 0 U 9
14 0 U 13
15 0 U 14
16 0 U 15
17 1 U 16
18 0 U -1
19 1 L 8
20 1 U 19
21 0 U 20
22 1 U 4
23 0 U 2
24 1 L 17
25 0 U 24
26 1 U 1
27 1 U 23
28 0 U 27
29 0 U 28
30 0 L 1
31 1 U 9
32 1 L 12
33 1 U 32
34 0 U 33
35 1 U 34
36 1 U -1
37 0 U 36
38 0 U 37
39 0 U 38
40 0 L -1
41 1 U 40
42 0 L 19
43 1 U 42
44 1 L 13
45 0 U -1
46 0 L 6
47 0 U 46
48 1 U 47
49 0 U 48
50 1 U 25
51 0 U 17
52 1 U 1
53 1 U 52
54 1 U -1
55 1 U 54
56 1 U 53
57 0 U 38
58 1 U 57
59 1 U 48
60 1 L 10
61 0 U 57
62 0 L 2
63 0 L 3
64 1 U 63
65 0 L 3
66 1 L 26
67 0 U 66
68 1 U 27
69 0 L 44
70 1 U 41
71 1 U 1
72 0 U -1
73 0 L 63
74 1 U 73
75 0 U 74
76 1 U 75
77 0 U 76
78 1 U 77
79 0 U 4
80 1 L 22
81 0 U -1
82 0 U 81
83 0 U 82
84 0 U 73
85 1 L 1
86 1 L 7
87 1 U 86
88 0 U 87
89 1 U 88
90 1 L 68
91 1 L 62
92 0 U 91
93 0 L 9
94 1 L 47
95
0 0 L -1
1 1 U 0
2 0 L -1
3 0 U 2
4 0 L 0
5 1 L 3
6 1 L 3
7 0 U 6
8 0 U 7
9 1 L 8
10 0 L 4
11 0 L 6
12 1 L 11
13 0 U 9
14 0 U 13
15 0 U 14
16 0 U 15
17 1 U 16
18 0 U -1
19 1 L 8
20 1 U 19
21 0 U 20
22 0 U 5
23 0 U 2
24 1 L 17
25 0 L 12
26 1 U 6
27 1 U 23
28 1 U 10
29 0 U 28
30 0 L 1
31 1 L 26
32 1 L 12
33 1 U 32
34 0 U 33
35 1 U 34
36 1 U -1
37 0 U 36
38 0 U 37
39 0 U 38
40 0 L -1
41 1 U 40
42 0 L 19
43 1 U 42
44 1 L 13
45 0 U 42
46 0 L 6
47 0 U 46
48 1 U 47
49 0 U 48
50 1 U 25
51 0 U 17
52 1 U 1
53 1 U 52
54 1 U -1
55 1 U 54
56 1 U 53
57 1 U 56
58 1 U 57
59 1 U 48
60 1 L 10
61 0 U 57
62 0 U 61
63 0 U -1
64 1 U 63
65 0 L 20
66 1 L 26
67 0 L 16
68 1 U 27
69 0 L 44
70 1 U 41
71 1 L 26
72 0 U -1
73 0 L 63
74 1 U 73
75 0 U 74
76 1 U 75
77 0 U 76
78 1 U 77
79 0 U 77
80 1 L 22
81 0 U -1
82 0 U 81
83 0 U 82
84 0 U 73
85 1 U 50
86 1 L 7
87 0 U 71
88 0 U 87
89 1 U 88
90 1 L 68
91 1 L 62
92 0 U 91
93 0 L 9
94 1 L 12
95
0 0 L -1
1 1 U 0
2 0 L -1
3 0 U 2
4 0 L 0
5 1 L 3
6 1 L 3
7 0 U 6
8 0 U 7
9 1 L 8
10 0 L 4
11 1 L 7
12 1 L 11
13 0 U 9
14 0 U 13
15 0 U 14
16 0 U 15
17 1 U 16
18 0 U -1
19 1 L 8
20 1 U 19
21 0 U 20
22 0 U 5
23 0 U 2
24 1 L 17
25 0 U 24
26 1 U 6
27 1 U 23
28 0 U 27
29 0 U 28
30 0 L 1
31 1 L 22
32 1 L 12
33 1 U 32
34 0 U 33
35 1 U 34
36 1 U -1
37 0 U 36
38 0 U 37
39 1 U 37
40 0 L -1
41 1 U 40
42 0 L 19
43 1 U 42
44 1 L 13
45 0 U -1
46 0 L 6
47 0 U 46
48 1 L 42
49 0 U 48
50 1 U 25
51 0 U 17
52 1 U 1
53 1 U 52
54 1 U 48
55 1 U 54
56 1 U 53
57 1 U 56
58 1 U 57
59 1 U 48
60 1 L 10
61 0 U 57
62 0 U 61
63 1 U 5
64 1 U 63
65 0 L 20
66 1 L 26
67 0 U 66
68 1 U 27
69 0 L 44
70 1 U 41
71 1 U 1
72 0 U -1
73 0 L 63
74 1 U 73
75 0 U 74
76 1 U 75
77 0 U 76
78 1 U 77
79 0 U 4
80 1 L 22
81 0 U -1
82 0 U 81
83 0 U 82
84 0 U 73
85 1 L 1
86 1 L 7
87 1 U 86
88 0 U 87
89 1 U 88
90 1 L 68
91 1 L 62
92 0 U 91
93 0 L 9
94 0 L 74
95
0 0 L -1
1 1 U 0
2 0 L -1
3 0 U 2
4 0 L 0
5 1 L 3
6 1 L 3
7 0 U 6
8 0 U 7
9 1 L 8
10 0 L 4
11 1 L 7
12 1 L 11
13 0 U 9
14 0 U 13
15 0 L 3
16 0 U 15
17 1 U 16
18 0 U -1
19 1 L 8
20 1 U 19
21 1 L 4
22 0 U 5
23 0 U 2
24 1 L 17
25 0 U 24
26 1 U 6
27 1 U 23
28 0 U 27
29 0 U 28
30 0 L 1
31 1 U 9
32 1 L 12
33 1 U 32
34 0 U 33
35 1 U 34
36 1 U -1
37 0 U 36
38 1 L 18
39 0 U 38
40 0 L -1
41 1 U 40
42 0 L 19
43 1 U 42
44 0 L -1
45 0 U -1
46 0 L 6
47 0 U 46
48 1 U 47
49 0 U 40
50 1 U 25
51 0 U 17
52 1 U 1
53 1 U 52
54 1 U -1
55 0 L 28
56 1 U 53
57 1 U 56
58 1 U 57
59 1 U 48
60 1 L 10
61 0 U 57
62 0 U 61
63 0 U -1
64 1 U 63
65 0 L 20
66 1 L 26
67 0 U 66
68 1 L -1
69 0 L 44
70 1 U 41
71 1 U 1
72 0 U -1
73 0 L 63
74 1 U 73
75 0 L -1
76 1 U 75
77 0 U 76
78 1 U 77
79 0 U 4
80 1 L 22
81 0 U -1
82 0 U 81
83 0 U 82
84 0 U 73
85 1 L 1
86 1 L 7
87 1 U 86
88 0 U 87
89 1 U 88
90 1 L 68
91 1 L 62
92 0 U 91
93 0 L 9
94 1 L 12
95
0 0 L -1
1 1 U 0
2 0 L -1
3 0 U 2
4 0 L 0
5 1 L 3
6 1 U 0
7 1 L -1
8 0 U 7
9 1 L 8
10 0 L 8
11 1 L 7
12 1 L 11
13 0 U 9
14 0 U 13
15 0 U 14
16 0 U 15
17 1 U 16
18 1 U 3
19 1 L 8
20 0 U 4
21 0 U 20
22 0 U 5
23 0 U 2
24 1 L 17
25 0 U 24
26 1 U 6
27 1 U 23
28 0 U 27
29 0 U 28
30 0 L 1
31 1 U 9
32 0 U 16
33 1 U 32
34 0 U 33
35 1 U 34
36 1 U -1
37 0 U 36
38 0 U 37
39 0 U 38
40 0 L -1
41 1 U 40
42 0 L 19
43 1 U 42
44 1 L 13
45 0 U -1
46 0 L 6
47 0 U 46
48 1 U 47
49 0 U 48
50 1 U 25
51 0 U 17
52 1 U 1
53 1 U 52
54 1 U -1
55 1 U 54
56 1 U 53
57 1 U 56
58 1 U 57
59 1 U 48
60 0 U 54
61 0 U 57
62 0 U 61
63 0 U -1
64 1 U 63
65 0 L 20
66 1 L 26
67 0 U 66
68 1 U 27
69 0 L 44
70 1 U 41
71 1 L 26
72 0 U -1
73 0 L 63
74 1 U 73
75 0 U 74
76 1 U 75
77 0 U 76
78 1 U 77
79 0 U 4
80 1 L 22
81 0 U -1
82 0 U 81
83 0 U 82
84 0 U 73
85 1 L 1
86 0 U 0
87 1 U 86
88 0 U 87
89 1 U 88
90 0 U 86
91 1 L 62
92 0 U 91
93 0 L 9
94 1 L 12
95
0 0 L -1
1 1 U 0
2 0 L -1
3 0 U 2
4 0 L 0
5 1 L 3
6 1 L 3
7 0 U 6
8 0 U 7
9 1 L 8
10 0 L 4
11 1 L 7
12 1 L 11
13 0 U 9
14 1 U 3
15 0 U 14
16 1 U 11
17 1 U 16
18 0 U -1
19 1 L 8
20 1 U 19
21 0 U 20
22 0 U 5
23 0 U 14
24 1 L 17
25 0 U 24
26 1 U 6
27 1 U 23
28 0 U 27
29 0 U 28
30 0 L 1
31 1 U 9
32 1 L 12
33 1 U 32
34 0 U 33
35 1 U 34
36 1 U -1
37 0 U 36
38 0 U 37
39 1 L 38
40 0 U 29
41 1 U 40
42 0 L 19
43 1 U 42
44 1 L 13
45 0 U 1
46 0 L 6
47 0 U 46
48 1 U 47
49 0 U 48
50 1 U 25
51 0 U 17
52 1 U 1
53 1 U 52
54 1 U -1
55 1 U 54
56 1 U 53
57 1 U 56
58 1 U 57
59 1 L 2
60 1 L 10
61 0 U 57
62 0 U 61
63 0 U -1
64 1 U 63
65 0 L 20
66 1 L 26
67 0 U 66
68 1 U 27
69 0 L 44
70 1 U 41
71 1 U 1
72 0 U -1
73 0 L 63
74 1 U 3
75 0 U 74
76 1 U 75
77 0 U 76
78 1 U 77
79 0 U 4
80 1 L 19
81 0 U -1
82 0 U 81
83 0 U 82
84 0 U 73
85 1 L 1
86 1 L 7
87 1 U 86
88 0 U 87
89 1 U 88
90 1 L 68
91 1 L 62
92 0 U 91
93 0 L 9
94 1 L 12
95
0 0 L -1
1 1 U 0
2 0 L -1
3 0 U 2
4 0 L 0
5 1 L 3
6 1 L 3
7 0 U 6
8 0 U 7
9 1 L 8
10 0 L 4
11 1 L 7
12 1 L 11
13 0 U 9
14 0 U 13
15 0 U 14
16 0 U 15
17 1 U 16
18 0 U -1
19 1 L 8
20 1 U 19
21 1 U 10
22 0 U 5
23 0 U 2
24 1 L 17
25 0 U 24
26 1 U 6
27 1 U 23
28 1 L 20
29 0 U 28
30 0 L 1
31 1 U 9
32 1 L 12
33 1 U 32
34 1 U 24
35 1 U 34
36 1 U -1
37 0 U 36
38 0 U 37
39 0 U 38
40 0 L -1
41 1 U 16
42 0 L 19
43 1 U 42
44 1 L 13
45 0 U -1
46 0 L 6
47 0 U 46
48 1 U 47
49 0 U 48
50 1 U 25
51 0 U 17
52 1 U 1
53 1 U 6
54 0 L 25
55 1 U -1
56 1 U 53
57 1 U 56
58 1 U 57
59 1 U 48
60 1 U 38
61 0 U 57
62 0 U 61
63 0 U -1
64 1 U 63
65 0 L 20
66 1 L 26
67 0 U 66
68 1 U 27
69 0 L 44
70 1 U 41
71 1 U 1
72 0 U -1
73 0 L 63
74 1 U 73
75 0 U 74
76 1 U 75
77 0 U 76
78 1 U 77
79 0 U 4
80 1 L 22
81 1 U 62
82 0 U 81
83 0 U 78
84 0 U 73
85 1 L 1
86 1 L 7
87 1 U 86
88 0 U 87
89 1 U 88
90 1 L 68
91 1 L 62
92 0 L 41
93 0 L 9
94 1 L 12
95
0 0 L -1
1 1 U 0
2 0 L -1
3 0 U 2
4 0 L 0
5 1 L 3
6 1 L 3
7 0 U 6
8 0 U 7
9 1 L 8
10 0 L 4
11 1 L 7
12 0 U 7
13 0 U 9
14 0 U 13
15 0 U 14
16 0 U 15
17 1 U 16
18 0 U -1
19 1 L 8
20 1 U 19
21 0 U 20
22 0 U 5
23 1 U -1
24 1 L 17
25 0 U 24
26 1 L 17
27 1 U 23
28 0 U 27
29 0 U 28
30 0 L 1
31 1 U 9
32 1 L 28
33 1 U 32
34 0 U 33
35 1 U 34
36 1 U -1
37 0 U 36
38 0 U 37
39 0 U 38
40 0 L -1
41 1 U 40
42 0 L 19
43 1 U 42
44 1 U 38
45 0 U -1
46 0 L 6
47 0 U 38
48 1 U 47
49 0 U 48
50 1 U 25
51 0 U 17
52 1 U 1
53 0 L 38
54 1 U -1
55 0 L 5
56 1 U 53
57 1 U 56
58 1 U 57
59 1 U 48
60 1 L 10
61 0 U 57
62 0 U 61
63 0 U -1
64 1 U 63
65 0 L 20
66 1 L 26
67 0 U 66
68 1 U 27
69 0 L 44
70 1 U 41
71 1 U 1
72 0 U -1
73 0 L 63
74 1 U 73
75 0 U 74
76 1 U 75
77 0 U 76
78 1 U 77
79 0 U 4
80 1 L 22
81 0 U -1
82 0 U 81
83 0 U 82
84 0 U 73
85 1 L 1
86 1 L 7
87 1 U 7
88 0 U 87
89 1 U 88
90 1 L 68
91 1 L 62
92 0 U 91
93 0 L 9
94 1 L 64
95
0 0 L -1
1 1 U 0
2 1 L -1
3 0 U 2
4 0 L 0
5 1 L 3
6 1 L 3
7 0 U 6
8 0 L 7
9 1 L 8
10 0 L 4
11 1 L 7
12 1 L 11
13 0 U 9
14 0 U 13
15 0 U 14
16 0 U 15
17 1 U 16
18 0 U -1
19 1 L 8
20 1 U 19
21 0 U 20
22 0 U 5
23 0 U 2
24 1 L 17
25 0 U 24
26 1 U 6
27 1 U 23
28 0 U 27
29 0 U 28
30 0 L 1
31 1 U 9
32 1 L 12
33 1 U 32
34 0 U 33
35 0 U 14
36 1 U -1
37 0 U 36
38 0 U 37
39 0 U 38
40 0 L -1
41 1 U 40
42 0 L 19
43 1 U 42
44 0 L 17
45 0 U -1
46 0 L 6
47 1 L 14
48 1 U 47
49 0 U 48
50 1 U 25
51 0 U 17
52 1 U 1
53 1 U 52
54 1 U -1
55 1 U 54
56 1 U 53
57 1 U 56
58 1 U 57
59 1 U 48
60 1 L 10
61 1 U 23
62 0 U 61
63 0 U 18
64 1 U 63
65 0 L 20
66 1 L 26
67 0 U 66
68 1 U 27
69 0 L 44
70 1 U 41
71 1 U 1
72 0 U -1
73 0 L 63
74 1 U 73
75 0 U 74
76 0 U 4
77 1 L 61
78 1 U 77
79 0 U 4
80 1 L 22
81 0 U -1
82 0 U 81
83 0 U 82
84 0 U 73
85 1 L 1
86 1 L 7
87 1 U 86
88 0 U 87
89 1 U 88
90 1 L 68
91 1 L 62
92 0 U 91
93 0 L 9
94 1 L 12
95
0 0 L -1
1 1 U 0
2 0 L -1
3 0 U 2
4 0 L 0
5 1 L 3
6 1 L 3
7 0 U 6
8 0 U 7
9 1 L 8
10 0 L 4
11 1 L 7
12 1 L 11
13 0 U 9
14 0 U 13
15 0 U 14
16 0 U 15
17 1 U 16
18 0 U -1
19 1 L 8
20 1 U 19
21 1 U 3
22 0 U 5
23 0 U 2
24 1 L 17
25 0 U 24
26 1 U 6
27 1 U 23
28 0 U 27
29 0 U 28
30 0 L 1
31 1 U 9
32 1 L 12
33 1 U 32
34 0 U 33
35 1 U 34
36 1 L 27
37 1 L 6
38 0 U 37
39 0 U 38
40 0 L -1
41 1 U 40
42 0 L 19
43 1 U 42
44 1 L 13
45 0 U -1
46 0 L 6
47 0 U 8
48 1 U 47
49 0 U 48
50 1 U 25
51 0 U 17
52 1 U 1
53 1 U 52
54 1 U -1
55 1 U 54
56 1 U 53
57 1 U 56
58 1 U 57
59 1 U 48
60 1 U 56
61 0 U 57
62 0 U 61
63 1 U 50
64 1 U 63
65 0 L 20
66 1 L 45
67 0 U 66
68 1 U 27
69 0 L 44
70 1 U 41
71 1 U 1
72 0 U -1
73 0 L 63
74 1 U 73
75 0 U 74
76 1 U 75
77 0 U 76
78 1 U 77
79 0 U 4
80 1 L 22
81 0 U -1
82 0 U 81
83 1 U 73
84 0 U 73
85 1 L 1
86 1 L 7
87 1 U 86
88 0 U 87
89 1 U 88
90 1 L 68
91 1 L 62
92 0 U 91
93 0 L 9
94 1 L 12
95
0 1 U -1
1 1 U 0
2 0 L -1
3 0 U 2
4 0 L 0
5 1 L -1
6 1 L 3
7 1 U 2
8 0 U 7
9 1 U 1
10 0 L 4
11 1 L 7
12 1 L 11
13 0 U 9
14 0 U 13
15 0 U 14
16 0 U 15
17 1 U 16
18 0 U -1
19 1 L 8
20 1 U 19
21 1 U 3
22 1 U 12
23 0 U 2
24 1 L 17
25 0 U 24
26 1 U 6
27 1 U 23
28 0 U 27
29 0 U 28
30 0 L 1
31 1 U 9
32 1 L 12
33 0 U 3
34 0 U 33
35 1 U 34
36 1 L 27
37 1 L 6
38 0 U 37
39 0 U 38
40 0 L -1
41 1 U 40
42 0 L 19
43 0 L 42
44 1 L 13
45 0 U -1
46 0 L 6
47 0 U 8
48 1 U 47
49 0 U 48
50 1 U 25
51 0 U 17
52 1 U 1
53 1 U 52
54 1 U -1
55 1 U 54
56 1 U 53
57 1 U 56
58 1 U 57
59 1 U 48
60 1 U 56
61 0 U 57
62 0 U 61
63 1 U 50
64 1 U 63
65 0 L 20
66 1 L 45
67 0 U 66
68 1 U 27
69 0 L 44
70 1 U 41
71 1 U 1
72 0 U -1
73 0 U 44
74 1 U 73
75 0 U 74
76 1 U 75
77 0 U 76
78 1 U 77
79 0 U 4
80 1 L 22
81 0 U -1
82 0 U 81
83 1 U 73
84 0 U 73
85 1 U 71
86 1 L 7
87 1 U 86
88 0 U 87
89 1 U 88
90 1 L 68
91 1 L 62
92 0 U 91
93 0 L 9
94 1 L 12
95
0 0 L -1
1 1 U 0
2 0 L -1
3 0 U 2
4 0 L 0
5 1 L 3
6 1 L 3
7 1 U 5
8 0 U 7
9 0 U 8
10 0 L 4
11 1 L 7
12 1 L 11
13 0 U 9
14 0 U 13
15 0 U 14
16 0 U 15
17 0 U 10
18 0 U -1
19 0 U 6
20 1 U 19
21 1 U 3
22 1 L 4
23 1 U 1
24 1 L 17
25 0 U 24
26 0 U 7
27 1 U 23
28 0 U 27
29 0 U 28
30 0 L 1
31 1 U 9
32 1 L 12
33 1 U 32
34 0 U 33
35 1 U 34
36 1 L 27
37 1 L 6
38 0 U 37
39 0 U 38
40 0 L -1
41 1 U 40
42 0 L 19
43 1 U 42
44 1 L 13
45 0 U -1
46 0 L 6
47 0 U 8
48 1 U 47
49 0 U 48
50 1 U 25
51 1 U 23
52 1 U 1
53 1 U 52
54 1 U -1
55 1 U 54
56 1 U 53
57 1 U 56
58 1 U 57
59 1 U 48
60 1 U 56
61 0 U 57
62 0 U 61
63 1 U 50
64 1 U 63
65 0 L 20
66 1 L 45
67 0 U 66
68 1 U 27
69 0 L 44
70 1 U 41
71 1 U 1
72 0 U -1
73 0 L 63
74 1 U 73
75 0 U 74
76 1 U 75
77 0 U 76
78 1 U 77
79 0 U 4
80 1 L 22
81 1 L 67
82 0 U 81
83 1 U 73
84 0 U 73
85 1 L 1
86 1 L 7
87 1 U 86
88 0 U 87
89 1 U 88
90 1 L 68
91 1 L 62
92 1 U 16
93 0 L 9
94 1 L 12
95
0 0 L -1
1 1 U 0
2 0 U 0
3 0 U 2
4 0 L 0
5 0 U 0
6 1 L 3
7 0 U 6
8 0 U 7
9 1 L 8
10 0 L 4
11 1 L 7
12 1 L 11
13 0 U 12
14 0 U 13
15 0 U 14
16 0 U 15
17 1 U 16
18 0 U -1
19 1 L 8
20 0 U 17
21 1 U 3
22 0 U 5
23 0 U 2
24 1 L 17
25 0 U 24
26 1 U 6
27 1 U 23
28 0 U 27
29 0 U 28
30 0 L 1
31 1 U 9
32 0 U 1
33 1 U 32
34 0 U 33
35 1 U 34
36 1 L 27
37 1 L 6
38 0 U 37
39 0 U 38
40 0 L -1
41 1 U 40
42 0 L 19
43 1 U 42
44 1 L 13
45 0 U -1
46 0 L 6
47 0 U 8
48 1 U 47
49 0 U 48
50 1 U 25
51 0 U 17
52 1 U 1
53 1 U 52
54 1 U -1
55 1 U 54
56 1 U 53
57 1 U 56
58 1 U 57
59 1 U 48
60 1 U 56
61 0 U 57
62 0 U 61
63 1 U 50
64 0 U 41
65 0 L 20
66 1 L 45
67 0 U 66
68 1 U 27
69 0 L 44
70 1 U 41
71 1 U 58
72 0 U -1
73 0 L 63
74 1 U 73
75 1 U 52
76 1 U 75
77 0 U 76
78 1 U 77
79 1 L 66
80 1 L 22
81 0 U -1
82 0 U 81
83 1 U 73
84 0 U 73
85 1 L 1
86 1 L 7
87 1 U 86
88 1 L 43
89 1 U 88
90 1 L 68
91 1 L 62
92 0 U 91
93 0 L 9
94 1 L 89
95
0 0 L -1
1 1 U 0
2 0 L -1
3 0 U 2
4 0 L 0
5 1 L 3
6 1 L 3
7 0 U 6
8 0 U 7
9 1 L 8
10 0 L 4
11 1 L 7
12 0 L 2
13 0 U 9
14 0 U 13
15 0 U 14
16 0 U 15
17 1 U 16
18 0 U -1
19 1 L 8
20 1 U 19
21 1 U 3
22 0 U 5
23 0 U 2
24 1 L 17
25 0 U 24
26 1 L 12
27 1 U 23
28 0 U 27
29 0 U 28
30 0 L 1
31 1 U 9
32 1 L 12
33 1 U 32
34 0 U 33
35 1 L 4
36 1 U 19
37 1 L 6
38 0 L 32
39 0 U 38
40 0 U 27
41 1 U 40
42 0 L 19
43 1 U 42
44 1 L 13
45 0 U -1
46 0 L 6
47 0 U 8
48 1 U 47
49 0 U 48
50 1 U 25
51 0 U 17
52 1 U 1
53 1 U 52
54 1 U -1
55 1 U 54
56 1 U 53
57 1 U 56
58 1 U 57
59 1 U 48
60 1 U 56
61 0 U 57
62 0 U 61
63 1 U 50
64 1 U 63
65 0 L 20
66 1 L 45
67 1 L 49
68 1 U 27
69 0 L 44
70 1 U 41
71 1 U 1
72 0 U -1
73 0 L 11
74 1 U 73
75 0 L 36
76 1 U 75
77 0 U 76
78 1 U 77
79 0 U 4
80 1 L 22
81 0 U -1
82 0 U 81
83 1 U 73
84 0 U 73
85 1 L 1
86 1 L 7
87 1 U 86
88 0 U 87
89 1 U 88
90 1 L 68
91 1 L 62
92 0 U 91
93 0 L 9
94 1 L 12
95
0 0 L -1
1 1 U 0
2 0 L -1
3 0 U 1
4 0 L 0
5 1 L 3
6 1 L 3
7 0 U 6
8 0 U 7
9 1 L 8
10 0 L 4
11 1 U 7
12 1 L 11
13 0 U 9
14 0 U 13
15 1 U 13
16 1 U 7
17 1 U 16
18 0 U -1
19 1 L 8
20 1 U 19
21 1 U 3
22 0 U 5
23 0 U 2
24 1 L 17
25 0 U 24
26 1 U 6
27 1 U 23
28 0 U 27
29 0 U 28
30 0 L 1
31 1 U 9
32 1 L 12
33 1 U 32
34 0 U 33
35 1 U 34
36 1 L 27
37 1 L 6
38 1 L 27
39 0 U 38
40 0 L -1
41 1 U 16
42 0 L 19
43 1 U 41
44 1 L 13
45 0 U -1
46 0 L 6
47 0 U 8
48 1 U 47
49 0 U 48
50 1 U 25
51 0 U 17
52 1 U 1
53 1 U 52
54 1 U -1
55 1 U 54
56 1 U 53
57 1 U 56
58 1 U 57
59 1 U 48
60 1 U 56
61 0 U 57
62 0 U 61
63 0 L 8
64 1 U 63
65 0 L 20
66 1 U 55
67 0 U 66
68 1 U 27
69 0 L 44
70 1 U 41
71 1 U 1
72 0 U -1
73 0 L 63
74 1 U 73
75 0 L 49
76 1 U 75
77 0 U 76
78 1 U 77
79 0 U 4
80 1 L 22
81 0 U -1
82 0 U 81
83 1 U 73
84 0 U 73
85 1 L 1
86 1 L 7
87 1 U 86
88 0 U 87
89 1 U 88
90 1 L 68
91 1 L 62
92 0 U 91
93 0 L 9
94 1 L 12
95
0 0 L -1
1 0 L -1
2 0 L -1
3 0 U 2
4 0 L 0
5 1 L 3
6 1 L 3
7 0 U 6
8 0 U 7
9 1 L 8
10 0 L 4
11 1 L 7
12 1 L 11
13 0 U 12
14 0 U 13
15 0 U 14
16 0 U 15
17 1 U 16
18 0 U -1
19 1 L 8
20 1 U 19
21 1 U 3
22 0 U 5
23 0 U 2
24 1 L 17
25 0 U 24
26 1 U 6
27 1 U 23
28 0 U 27
29 0 U 28
30 0 L 1
31 1 U 9
32 1 L 12
33 1 U 32
34 0 U 33
35 1 U 34
36 1 L 27
37 1 U 16
38 0 U 37
39 0 L 28
40 0 L -1
41 1 U 40
42 0 L 19
43 1 U 42
44 1 L 13
45 0 U -1
46 0 L 6
47 0 U 8
48 1 U 47
49 0 U 48
50 1 U 44
51 0 U 17
52 1 U 1
53 1 U 52
54 1 U -1
55 1 U 54
56 1 U 53
57 1 U 56
58 1 U 27
59 1 U 48
60 1 U 43
61 0 U 57
62 0 U 61
63 1 U 50
64 1 U 63
65 0 L 20
66 0 U 60
67 0 U 66
68 1 U 58
69 0 L 44
70 1 U 41
71 1 U 1
72 0 U -1
73 0 L 63
74 1 U 73
75 0 U 74
76 1 U 75
77 0 U 76
78 1 U 77
79 0 U 4
80 1 L 22
81 0 U -1
82 0 U 81
83 1 L 34
84 1 U 37
85 1 L 1
86 1 L 7
87 1 U 86
88 0 U 87
89 1 U 88
90 1 L 68
91 1 L 62
92 0 U 91
93 0 L 9
94 1 L 12
95
0 0 L -1
1 1 U 0
2 0 L -1
3 0 U 2
4 1 U 1
5 1 L 3
6 1 L 3
7 0 U 6
8 0 U 7
9 1 L 8
10 0 L 4
11 1 L 7
12 1 L 11
13 0 U 9
14 0 U 13
15 0 U 14
16 0 L 14
17 1 U 16
18 0 U -1
19 1 L 8
20 1 U 19
21 1 U 3
22 0 U 5
23 0 U 2
24 1 L 17
25 0 U 24
26 1 U 6
27 1 U 23
28 1 L 6
29 0 U 28
30 0 L 1
31 1 U 9
32 1 L 12
33 1 U 32
34 0 U 33
35 1 U 34
36 1 L 27
37 1 L 6
38 0 U 37
39 0 U 38
40 0 L -1
41 1 U 40
42 0 L 19
43 1 U 42
44 1 L 13
45 0 U -1
46 0 L 6
47 0 U 8
48 1 U 47
49 0 U 48
50 1 U 25
51 0 U 17
52 1 U 1
53 0 L 2
54 1 U -1
55 1 U 54
56 0 L 31
57 1 U 56
58 1 U 57
59 1 U 48
60 1 U 52
61 0 U 57
62 0 U 61
63 1 U 50
64 1 U 63
65 0 L 20
66 0 L 39
67 0 U 66
68 1 U 27
69 0 L 44
70 1 U 41
71 1 U 1
72 0 U -1
73 0 L 63
74 1 U 73
75 0 U 74
76 1 U 75
77 0 U 76
78 1 U 77
79 0 U 4
80 1 L 22
81 0 U -1
82 0 U 81
83 1 U 73
84 0 U 73
85 1 L 1
86 1 L 7
87 1 U 86
88 1 L 27
89 1 U 88
90 1 L 68
91 1 L 62
92 0 U 91
93 0 L 9
94 1 L 12
95
0 0 L -1
1 1 U 0
2 0 L -1
3 0 U 2
4 0 L 0
5 1 L 3
6 1 L 3
7 0 L 2
8 0 U 7
9 1 L 8
10 0 L 4
11 1 L 7
12 1 L 11
13 0 U 9
14 0 U 13
15 0 U 14
16 0 U 15
17 1 U 16
18 0 U -1
19 1 L 8
20 1 U 19
21 1 L 3
22 0 U 5
23 0 U 2
24 1 L 17
25 0 U 24
26 0 L 14
27 1 U 23
28 0 U 27
29 0 U 28
30 0 L 1
31 1 U 9
32 1 L 12
33 1 U 32
34 0 U 33
35 1 U 34
36 1 L 27
37 1 L 6
38 0 U 37
39 0 U 38
40 0 L -1
41 1 U 40
42 0 L 19
43 1 U 42
44 1 L 13
45 0 U -1
46 0 L 6
47 0 U 8
48 1 U 47
49 0 U 48
50 1 U 25
51 0 U 17
52 1 U 1
53 1 U 52
54 1 U -1
55 1 U 54
56 1 U 53
57 1 U 56
58 1 U 57
59 1 U 48
60 0 U 40
61 0 U 57
62 0 U 61
63 1 U 50
64 1 U 4
65 0 L 20
66 1 L 45
67 0 U 66
68 1 U 27
69 1 L 68
70 1 U 41
71 1 U 1
72 0 U -1
73 0 L 63
74 1 U 73
75 0 U 74
76 1 U 75
77 0 U 76
78 1 U 77
79 0 U 4
80 0 U 35
81 0 U -1
82 0 L 55
83 1 U 73
84 0 U 73
85 1 L 1
86 1 L 7
87 1 U 86
88 0 U 87
89 1 U 88
90 1 L 68
91 1 L 62
92 0 U 91
93 0 L 9
94 0 U 21
95
0 0 L -1
1 1 U 0
2 0 L -1
3 0 U 2
4 0 L 0
5 1 L 3
6 1 L 3
7 0 U 6
8 0 U 7
9 1 L 8
10 0 L 4
11 1 L 7
12 1 L 11
13 0 U 9
14 0 U 13
15 0 U 14
16 1 U 11
17 1 U 16
18 0 U -1
19 1 L 8
20 1 U 19
21 1 U 3
22 0 U 5
23 0 U 2
24 1 L 17
25 0 U 24
26 1 U 6
27 1 U 23
28 0 U 27
29 0 U 28
30 0 L 1
31 1 U 9
32 1 L 12
33 1 U 32
34 0 U 33
35 1 U 34
36 1 L 27
37 1 L 6
38 0 U 37
39 0 U 38
40 0 L -1
41 1 U 40
42 0 L 19
43 1 U 42
44 1 L 4
45 0 U -1
46 1 L 38
47 0 U 8
48 1 U 47
49 0 U 48
50 1 U 25
51 0 U 17
52 1 U 1
53 0 U 15
54 1 U -1
55 1 U 54
56 1 U 53
57 1 U 56
58 1 U 57
59 1 U 48
60 1 U 56
61 0 U 57
62 0 U 61
63 0 U 9
64 1 U 63
65 0 L 20
66 0 U 18
67 0 U 66
68 1 U 27
69 0 L 44
70 1 U 41
71 1 U 1
72 0 U -1
73 0 L 63
74 1 U 73
75 0 U 74
76 1 U 75
77 0 U 76
78 1 U 77
79 0 U 4
80 0 U 41
81 0 U -1
82 0 U 81
83 1 U 73
84 0 U 73
85 1 L 1
86 1 L 7
87 1 U 86
88 0 U 87
89 1 U 88
90 1 L 23
91 0 L 86
92 0 U 91
93 0 L 9
94 1 L 12
95
0 1 U -1
1 1 U 0
2 0 L -1
3 0 U 2
4 0 L 0
5 0 L 0
6 1 L 3
7 0 U 6
8 0 U 7
9 1 L 8
10 0 L 4
11 1 L 7
12 1 L 11
13 0 U 9
14 0 U 13
15 0 U 14
16 0 U 15
17 1 U 16
18 0 U -1
19 1 L 8
20 1 U 19
21 1 U 3
22 0 U 5
23 0 U 2
24 1 L 17
25 0 U 24
26 1 U 6
27 1 U 23
28 0 U 27
29 0 U 28
30 0 L 1
31 1 U 9
32 1 L 12
33 1 U 32
34 0 U 33
35 1 U 34
36 1 L 27
37 1 L 6
38 0 U 37
39 0 U 38
40 0 L -1
41 0 U 6
42 0 L 19
43 1 U 42
44 1 L 13
45 0 U -1
46 0 L 6
47 0 U 8
48 1 U 47
49 1 L 10
50 1 U 25
51 0 U 17
52 1 U 1
53 1 U 52
54 0 U 18
55 1 U 54
56 1 L 34
57 1 U 56
58 1 L 34
59 1 U 48
60 1 U 56
61 0 U 57
62 0 U 61
63 1 U 50
64 1 U 63
65 0 L 20
66 1 L 45
67 0 U 66
68 1 U 27
69 0 L 44
70 1 U 41
71 1 U 1
72 0 U -1
73 0 L 63
74 1 U 73
75 0 U 74
76 1 U 63
77 0 U 76
78 1 L 5
79 0 U 4
80 1 L 22
81 0 U -1
82 0 U 81
83 1 U 73
84 0 U 73
85 1 L 1
86 1 L 7
87 1 U 86
88 0 U 87
89 0 U 59
90 1 L 68
91 1 L 62
92 0 U 91
93 0 L 9
94 1 L 12
95
0 0 L -1
1 1 U 0
2 0 L -1
3 0 U 2
4 0 L 0
5 1 L 3
6 1 L 3
7 0 U 6
8 0 U 7
9 1 L 8
10 0 L 4
11 1 L 7
12 1 L 11
13 0 U 9
14 0 U 13
15 0 U 14
16 0 U 15
17 1 U 16
18 0 U -1
19 1 L 8
20 1 U 19
21 1 U 3
22 0 U 5
23 0 U 2
24 1 L 17
25 0 U 24
26 0 L 14
27 1 U 23
28 0 U 27
29 0 U 28
30 0 L 1
31 1 U 9
32 1 L 12
33 1 U 32
34 0 U 33
35 1 U 34
36 1 L 27
37 1 L 6
38 0 U 10
39 1 L 15
40 0 L -1
41 1 U 40
42 0 L 19
43 1 U 42
44 1 L 13
45 0 U -1
46 0 L 6
47 0 U 8
48 1 L 27
49 1 L 36
50 1 U 25
51 0 U 17
52 1 U 1
53 1 U 52
54 1 U -1
55 0 L 29
56 1 U 53
57 1 U 56
58 1 U 57
59 1 U 48
60 1 U 56
61 1 U 30
62 0 U 61
63 1 U 50
64 1 U 63
65 0 L 20
66 1 L 45
67 0 U 66
68 1 U 27
69 0 L 44
70 1 U 41
71 1 U 1
72 0 U -1
73 0 L 63
74 1 U 73
75 0 U 74
76 1 U 75
77 0 U 76
78 1 U 77
79 0 U 4
80 1 L 22
81 0 U -1
82 0 U 81
83 1 U 73
84 0 U 73
85 1 L 1
86 1 L 7
87 1 U 86
88 0 U 87
89 1 U 88
90 1 L 68
91 1 L 62
92 0 U 91
93 0 U 9
94 1 L 12
95
0 0 L -1
1 1 L 0
2 0 L -1
3 0 U 2
4 0 U 0
5 1 L 3
6 1 L 3
7 0 U 6
8 0 U 6
9 1 L 8
10 0 L 4
11 1 L 7
12 1 U 10
13 0 U 9
14 0 U 13
15 1 L 4
16 0 U 15
17 1 U 16
18 0 U -1
19 1 L 8
20 1 U 19
21 1 U 3
22 0 U 5
23 1 U 6
24 1 L 17
25 0 U 24
26 1 U 6
27 1 U 23
28 0 U 27
29 0 U 28
30 0 L 1
31 1 U 9
32 1 L 12
33 1 U 32
34 0 U 33
35 1 U 34
36 1 L 27
37 1 L 6
38 0 U 37
39 0 U 38
40 1 L 9
41 1 U 40
42 1 L 28
43 1 U 42
44 1 L 13
45 0 U -1
46 1 U 40
47 0 U 8
48 1 U 47
49 0 U 48
50 0 L 49
51 0 U 17
52 1 U 1
53 1 U 52
54 1 U -1
55 1 U 54
56 1 L 8
57 1 U 56
58 1 U 57
59 1 U 48
60 1 U 56
61 0 U 57
62 0 U 61
63 1 U 50
64 1 U 63
65 0 L 20
66 1 L 45
67 0 U 66
68 1 U 27
69 0 L 44
70 1 U 41
71 1 U 1
72 0 U -1
73 0 L 63
74 1 U 73
75 0 U 74
76 1 U 75
77 0 U 76
78 0 U 76
79 0 U 4
80 0 U 43
81 0 U -1
82 0 U 81
83 1 U 73
84 0 U 73
85 1 L 1
86 0 U 0
87 1 U 86
88 0 U 87
89 1 U 88
90 1 L 38
91 1 L 62
92 0 L 86
93 0 L 9
94 1 L 12
95
0 0 L -1
1 1 U 0
2 0 L -1
3 0 U 2
4 0 L 0
5 1 L 3
6 1 L 3
7 0 U 6
8 0 U 7
9 1 L 8
10 0 L 4
11 1 L 7
12 1 L 11
13 0 U 9
14 0 U 13
15 0 U 14
16 0 U 15
17 1 U 16
18 0 U -1
19 1 U 1
20 1 U 19
21 1 U 3
22 0 U 5
23 0 U 2
24 1 L 17
25 0 U 24
26 1 U 6
27 0 L 16
28 0 U 27
29 0 U 28
30 0 U 4
31 1 U 9
32 1 U 20
33 1 U 32
34 1 U 4
35 1 U 34
36 1 L 27
37 1 L 6
38 0 U 37
39 0 U 38
40 0 L 3
41 1 U 40
42 0 L 19
43 1 U 42
44 1 L 13
45 0 U -1
46 0 L 6
47 0 U 8
48 1 U 47
49 0 U 48
50 1 U 25
51 0 U 17
52 1 U 1
53 1 U 52
54 1 U -1
55 1 U 54
56 0 U 11
57 1 U 56
58 1 U 57
59 1 U 48
60 1 U 56
61 0 U 57
62 0 U 61
63 1 U 50
64 1 U 63
65 0 L 20
66 1 L 45
67 0 U 66
68 1 U 27
69 0 L 44
70 1 U 41
71 1 U 67
72 0 U -1
73 0 L 63
74 1 U 73
75 0 U 74
76 1 U 75
77 0 U 76
78 1 U 77
79 0 U 4
80 1 L 22
81 1 L 3
82 0 U 81
83 1 U 73
84 0 U 73
85 1 L 1
86 1 L 7
87 1 U 86
88 0 U 87
89 1 U 88
90 1 L 44
91 1 L 62
92 0 U 91
93 0 L 9
94 1 L 12
95
0 0 L -1
1 1 U 0
2 0 L -1
3 0 U 2
4 0 L 0
5 1 L 3
6 1 L 3
7 0 U 6
8 0 U 7
9 1 L 8
10 0 L 4
11 1 L 7
12 1 L 11
13 1 U 2
14 0 U 13
15 0 U 14
16 0 U 15
17 1 U 16
18 0 U -1
19 1 L 8
20 1 U 19
21 1 U 3
22 1 L 1
23 0 U 2
24 1 L 17
25 0 U 24
26 1 U 6
27 1 U 23
28 0 U 27
29 0 U 28
30 0 L 1
31 1 U 9
32 1 L 12
33 0 U 0
34 0 L 23
35 1 U 34
36 1 L 27
37 0 U 10
38 0 U 37
39 0 U 38
40 0 L -1
41 1 U 40
42 0 L 19
43 1 U 42
44 1 U 42
45 0 U -1
46 0 U 25
47 0 U 8
48 1 U 47
49 0 U 48
50 0 L 48
51 0 U 17
52 1 U 1
53 1 U 52
54 1 U -1
55 1 U 54
56 1 U 53
57 1 U 56
58 1 U 57
59 1 U 48
60 1 U 56
61 1 L -1
62 1 L 43
63 1 U 19
64 1 U 63
65 0 L 20
66 1 L 45
67 0 U 66
68 0 L 44
69 0 L 44
70 1 U 41
71 1 U 1
72 1 L 61
73 0 L 63
74 1 U 73
75 0 U 74
76 1 U 75
77 0 U 76
78 1 U 77
79 0 U 4
80 1 L 53
81 0 U -1
82 0 U 81
83 1 U 73
84 0 U 73
85 1 L 1
86 1 L 7
87 1 U 86
88 0 U 87
89 1 U 88
90 1 L 68
91 1 L 62
92 0 U 91
93 0 L 9
94 1 L 12
95
0 0 L -1
1 1 U 0
2 0 L -1
3 0 U 2
4 0 L 0
5 1 L 3
6 1 L 3
7 0 U 6
8 0 U 7
9 1 L 8
10 0 L 4
11 1 L 7
12 1 L 11
13 0 U 9
14 0 U 13
15 0 U 14
16 0 U 15
17 1 U 16
18 0 U -1
19 1 L 8
20 1 U 19
21 1 U 3
22 0 U 5
23 0 U 2
24 1 L 17
25 0 U 24
26 1 U 6
27 1 U 23
28 0 U 1
29 0 U 28
30 0 L 1
31 1 U 9
32 1 U 27
33 1 U 32
34 0 U 33
35 1 U 34
36 1 L 27
37 0 L -1
38 1 L 26
39 0 U 38
40 0 L -1
41 1 U 40
42 1 L 8
43 0 L 10
44 1 L 13
45 0 U -1
46 0 L 6
47 0 U 8
48 0 U 11
49 0 U 48
50 1 U 25
51 0 U 17
52 1 U 1
53 1 U 52
54 1 U -1
55 1 U 54
56 1 U 53
57 1 U 56
58 1 U 57
59 1 U 48
60 1 U 56
61 0 U 57
62 0 U 61
63 1 U 50
64 1 L 59
65 0 L 20
66 1 L 55
67 0 U 66
68 1 U 27
69 0 L 44
70 1 U 41
71 1 U 1
72 0 U -1
73 0 L 63
74 1 U 73
75 0 U 74
76 1 U 75
77 0 U 21
78 1 U 77
79 0 U 4
80 1 L 22
81 0 U -1
82 0 U 81
83 0 L 73
84 0 U 73
85 1 L 1
86 1 L 7
87 1 U 86
88 1 L 32
89 1 U 88
90 1 L 68
91 1 U 75
92 0 U 91
93 0 L 9
94 0 L 66
95
0 0 L -1
1 1 L 0
2 0 L -1
3 0 U 2
4 1 L -1
5 1 L 3
6 1 L 3
7 0 U 6
8 0 U 7
9 1 L 8
10 0 L 4
11 1 L 7
12 1 L 11
13 0 U 9
14 0 U 13
15 0 U 14
16 0 U 15
17 1 U 16
18 0 U 7
19 1 L 8
20 1 U 19
21 1 U 3
22 0 U 5
23 0 U 2
24 0 L 6
25 0 U 24
26 1 U 6
27 1 U 23
28 1 L 25
29 0 U 28
30 0 L 1
31 1 U 9
32 1 L 12
33 1 U 32
34 0 U 33
35 1 U 34
36 0 L 30
37 1 L 6
38 0 U 37
39 0 U 38
40 0 L -1
41 1 U 40
42 0 L 19
43 1 U 42
44 1 L 13
45 0 U 41
46 0 L 6
47 0 U 8
48 1 U 37
49 0 U 48
50 1 U 25
51 0 U 17
52 0 L 46
53 1 U 52
54 1 U -1
55 1 U 54
56 1 U 53
57 1 U 56
58 1 L 42
59 1 U 48
60 1 U 56
61 0 U 57
62 0 U 61
63 1 L 46
64 1 U 63
65 0 L 20
66 1 L 45
67 1 L 34
68 1 U 27
69 0 L 44
70 1 U 41
71 1 U 1
72 0 U -1
73 0 L 63
74 1 U 73
75 0 U 74
76 1 U 75
77 0 U 76
78 1 U 77
79 0 U 4
80 1 L 22
81 0 U -1
82 0 U 81
83 1 U 73
84 0 U 73
85 1 L 1
86 1 L 7
87 1 U 86
88 0 U 32
89 1 U 88
90 1 L 68
91 1 L 62
92 0 U 91
93 0 L 9
94 1 L 12
95
0 0 L -1
1 0 L -1
2 0 L -1
3 0 U 2
4 0 L 0
5 1 L 3
6 1 L 3
7 0 U 6
8 0 U 7
9 1 L 8
10 0 L 4
11 1 L 7
12 1 L 11
13 0 U 9
14 0 U 13
15 0 U 14
16 0 U 15
17 1 U 16
18 0 U -1
19 1 L 8
20 1 U 19
21 1 U 6
22 0 U 5
23 0 U 2
24 1 L 17
25 0 U 24
26 1 U 6
27 1 U 23
28 0 U 27
29 0 U 28
30 0 L 1
31 1 U 18
32 1 L 12
33 1 U 32
34 0 U 33
35 1 U 34
36 1 L 27
37 1 L 6
38 0 U 37
39 0 U 38
40 0 L -1
41 1 U 40
42 0 L 19
43 1 U 42
44 1 L 13
45 0 U 26
46 0 L 6
47 0 U 8
48 1 U 47
49 0 U 48
50 1 U 25
51 0 U 17
52 1 U 1
53 1 U 52
54 1 U -1
55 1 U 54
56 1 U 53
57 1 U 56
58 1 U 57
59 1 U 48
60 1 U 56
61 0 U 57
62 0 U 61
63 1 U 50
64 1 U 63
65 0 L 20
66 1 L 45
67 0 U 66
68 1 U 27
69 0 L 44
70 1 U 41
71 1 U 1
72 0 U -1
73 0 L 63
74 1 U 73
75 1 L 29
76 1 U 75
77 0 U 76
78 1 U 77
79 0 U 4
80 1 L 22
81 1 U 60
82 0 U 81
83 1 U 73
84 0 U 73
85 1 L 1
86 0 U 13
87 1 U 86
88 0 U 87
89 1 U 88
90 1 L 68
91 1 L 62
92 0 U 91
93 0 U 43
94 0 L 90
95
0 1 L -1
1 1 U 0
2 0 L -1
3 0 U 2
4 0 L 0
5 1 L 3
6 1 L 3
7 0 U 6
8 0 U 7
9 1 L 8
10 0 L 4
11 1 L 7
12 1 L 11
13 0 U 9
14 0 U 13
15 0 L 0
16 0 U 15
17 1 U 16
18 0 U -1
19 1 L 8
20 1 U 19
21 1 U 3
22 0 U 5
23 0 U 2
24 1 L 17
25 0 U 24
26 1 U 6
27 1 U 23
28 0 U 27
29 0 U 28
30 0 L 1
31 1 U 9
32 1 L 12
33 1 U 32
34 0 U 33
35 1 U 34
36 0 L 2
37 1 L 6
38 0 U 37
39 0 U 31
40 0 L -1
41 1 U 40
42 0 L 19
43 1 U 42
44 1 L 13
45 0 U -1
46 0 L 6
47 0 U 8
48 1 U 47
49 0 U 48
50 1 U 25
51 0 U 17
52 1 U 1
53 1 U 52
54 1 U -1
55 1 U 54
56 1 U 53
57 1 U 56
58 1 U 57
59 1 U 48
60 1 U 56
61 0 U 57
62 0 U 61
63 1 L 60
64 1 U 63
65 0 L 20
66 1 L 45
67 0 U 66
68 1 U 27
69 0 L 44
70 1 U 41
71 1 U 1
72 0 U -1
73 0 L 63
74 1 U 73
75 0 U 74
76 1 U 75
77 0 U 76
78 1 U 77
79 1 L 59
80 1 L 22
81 0 U -1
82 0 U 81
83 1 U 73
84 0 U 73
85 1 L 1
86 0 L 43
87 1 U 86
88 0 U 87
89 1 U 88
90 1 L 68
91 1 L 62
92 0 U 91
93 0 U 2
94 1 L 12
95
0 0 L -1
1 1 U 0
2 0 U 1
3 0 U 2
4 0 L 0
5 1 L 3
6 1 L 3
7 0 U 6
8 0 U 7
9 1 L 8
10 1 L 1
11 1 L 7
12 0 U 1
13 1 U 8
14 0 U 13
15 0 U 14
16 0 U 15
17 1 U 16
18 0 U -1
19 1 L 8
20 1 U 19
21 1 U 3
22 0 U 5
23 0 U 2
24 1 L 17
25 0 U 24
26 1 U 6
27 1 U 23
28 1 L 10
29 0 U 28
30 0 L 1
31 1 U 9
32 1 L 12
33 1 U 32
34 1 U 21
35 1 U 34
36 1 L 27
37 0 L 17
38 0 U 37
39 0 U 38
40 0 L -1
41 1 U 40
42 1 L 20
43 1 U 42
44 1 L 13
45 0 U -1
46 0 L 6
47 0 U 8
48 1 U 47
49 0 U 48
50 1 U 25
51 0 U 17
52 1 U 1
53 1 U 52
54 1 U -1
55 1 U 44
56 0 L 42
57 1 U 56
58 1 U 57
59 1 U 48
60 1 U 56
61 0 U 57
62 0 U 61
63 1 U 50
64 1 U 63
65 0 L 20
66 1 L 45
67 0 U 66
68 1 U 27
69 0 L 44
70 1 U 41
71 1 U 1
72 0 U -1
73 0 L 63
74 1 U 73
75 0 U 74
76 1 U 75
77 0 U 76
78 1 U 77
79 0 U 4
80 1 L 22
81 0 U -1
82 0 U 81
83 1 U 73
84 0 U 73
85 1 L 1
86 1 L 7
87 0 U 34
88 0 U 87
89 1 U 88
90 1 L 68
91 1 L 62
92 0 U 91
93 0 L 9
94 1 L 12
95
0 0 L -1
1 1 U 0
2 0 L -1
3 0 U 2
4 0 L 0
5 1 L 3
6 1 L 3
7 0 U 6
8 0 U 7
9 1 L 8
10 0 L 4
11 1 L 7
12 1 L 11
13 0 U 9
14 0 U 13
15 0 U 14
16 0 U 15
17 1 U 16
18 0 U -1
19 1 L 8
20 0 L 19
21 1 U 3
22 0 U 5
23 0 U 2
24 1 L 17
25 0 U 24
26 1 U 6
27 1 U 23
28 0 U 27
29 0 U 28
30 0 L 1
31 1 U 9
32 1 L 12
33 1 U 32
34 0 U 33
35 1 U 34
36 1 L 27
37 1 L 6
38 0 U 37
39 0 U 38
40 0 L -1
41 1 U 40
42 0 L 19
43 1 U 42
44 0 L 42
45 0 U -1
46 0 L 6
47 0 U 8
48 1 U 47
49 0 U 48
50 1 U 25
51 0 U 17
52 1 U 1
53 1 U 52
54 1 U -1
55 1 U 54
56 1 U 53
57 1 U 56
58 1 U 57
59 1 U 48
60 1 U 56
61 0 U 57
62 0 U 61
63 1 U 50
64 1 U 63
65 0 L 20
66 1 L 45
67 0 U 66
68 0 L 47
69 0 L 44
70 1 U 41
71 1 U 1
72 0 U -1
73 0 L 63
74 1 U 73
75 0 U 74
76 1 U 75
77 0 U 76
78 1 U 77
79 0 U 4
80 1 L 22
81 0 U -1
82 1 L 12
83 1 U 73
84 0 U 73
85 1 L 1
86 1 L 7
87 1 U 86
88 0 U 87
89 1 U 88
90 1 L 68
91 1 L 62
92 0 U 91
93 0 L 9
94 1 L 12
95
0 0 L -1
1 1 U 0
2 0 L -1
3 0 U 2
4 0 L 2
5 1 L 3
6 1 L 3
7 0 U 6
8 0 U 7
9 1 L 8
10 1 L 1
11 1 L 7
12 1 L 11
13 0 U 9
14 0 U 13
15 0 U 14
16 0 U 15
17 1 U 16
18 0 U -1
19 1 L 8
20 1 U 19
21 1 U 3
22 0 U 5
23 0 U 2
24 1 L 17
25 0 U 24
26 1 U 6
27 1 U 26
28 0 U 27
29 0 U 28
30 0 L 1
31 1 U 9
32 0 L 6
33 1 U 10
34 0 U 33
35 1 U 34
36 1 L 27
37 1 L 6
38 0 U 37
39 1 U 12
40 0 L -1
41 1 U 40
42 0 L 19
43 0 L 8
44 1 L 13
45 0 U -1
46 0 L 6
47 0 U 8
48 1 U 47
49 0 U 48
50 1 U 25
51 0 U 17
52 1 U 1
53 1 U 52
54 1 U -1
55 1 U 54
56 1 U 53
57 1 U 56
58 1 L 14
59 1 U 48
60 1 U 56
61 0 U 57
62 0 U 61
63 1 U 50
64 1 U 22
65 0 L 20
66 1 L 45
67 0 L 45
68 1 U 27
69 0 L 44
70 1 U 41
71 1 U 1
72 0 U -1
73 0 L 63
74 1 U 73
75 0 U 74
76 1 U 75
77 0 U 76
78 1 U 77
79 0 U 4
80 1 L 63
81 0 U -1
82 0 U 81
83 1 U 73
84 0 U 73
85 1 L 1
86 1 L 7
87 1 U 86
88 0 U 87
89 1 U 88
90 1 L 78
91 1 L 62
92 0 U 91
93 0 L 9
94 1 L 12
95
0 0 L -1
1 1 U 0
2 0 L -1
3 0 U 2
4 0 L 0
5 1 L 3
6 1 L 3
7 0 U 6
8 0 U 7
9 1 L 8
10 0 L 4
11 1 L 7
12 1 L 0
13 0 U 9
14 0 U 13
15 0 U 11
16 0 U 15
17 1 U 16
18 0 U -1
19 1 L 8
20 1 U 19
21 1 U 3
22 0 U 5
23 0 U 2
24 1 L 17
25 0 U 24
26 1 U 6
27 1 U 23
28 0 U 27
29 0 U 28
30 0 L 1
31 1 U 9
32 1 L 12
33 1 L 0
34 0 U 33
35 1 U 34
36 1 L 27
37 1 L 6
38 0 U 37
39 0 U 38
40 0 L -1
41 1 U 40
42 0 L 19
43 0 L 32
44 1 L 13
45 0 U -1
46 0 L 6
47 0 U 8
48 1 U 47
49 0 U 48
50 1 U 25
51 0 U 17
52 1 U 1
53 1 U 52
54 1 U -1
55 1 U 54
56 1 U 53
57 1 U 56
58 1 U 57
59 1 U 48
60 1 U 56
61 0 U 57
62 0 U 61
63 1 U 50
64 1 U 63
65 0 L 20
66 1 L 45
67 0 U 66
68 1 U 27
69 0 L 44
70 1 U 41
71 1 U 1
72 0 U -1
73 0 L 63
74 1 U 73
75 0 U 74
76 1 U 51
77 0 U 76
78 1 U 77
79 0 U 4
80 1 L 22
81 0 U -1
82 0 L 40
83 1 U 73
84 0 U 73
85 1 L 1
86 1 L 7
87 1 U 86
88 0 U 87
89 1 U 88
90 1 L 68
91 1 L 62
92 0 U 91
93 0 L 9
94 1 L 12
95
0 0 L -1
1 1 U 0
2 0 L -1
3 0 U 2
4 0 L 0
5 1 L 3
6 1 L 3
7 0 U 6
8 0 U 7
9 1 L 8
10 0 L 4
11 1 L 7
12 1 L 11
13 0 U 9
14 0 U 13
15 0 U 14
16 0 U 15
17 1 U 16
18 0 U -1
19 1 L 8
20 1 U 19
21 1 U 3
22 1 L 13
23 0 U 2
24 1 L 17
25 1 L 16
26 1 U 6
27 0 U 13
28 0 U 27
29 0 U 28
30 1 U 0
31 1 U 9
32 1 L 12
33 1 U 32
34 0 U 33
35 1 U 34
36 1 U 2
37 1 L 6
38 0 U 37
39 1 L 0
40 0 L -1
41 1 U 40
42 0 L 19
43 1 U 42
44 1 L 13
45 0 U -1
46 0 L 6
47 0 U 8
48 1 U 47
49 0 U 48
50 1 U 25
51 0 U 17
52 1 U 1
53 1 U 52
54 1 U -1
55 1 U 54
56 1 U 53
57 1 U 56
58 0 U 0
59 1 U 48
60 1 U 56
61 0 U 57
62 0 U 61
63 1 U 50
64 0 U 16
65 1 U 45
66 1 L 45
67 0 U 66
68 1 U 27
69 0 L 44
70 1 U 9
71 1 U 1
72 0 U 49
73 0 L 63
74 1 U 73
75 1 L 37
76 1 U 75
77 0 U 76
78 1 U 77
79 0 U 4
80 1 L 22
81 0 U -1
82 0 U 81
83 1 U 73
84 0 U 73
85 1 L 1
86 1 L 7
87 1 U 86
88 1 U 86
89 1 U 88
90 1 L 68
91 1 L 62
92 0 U 91
93 0 L 9
94 1 L 12
95
0 0 L -1
1 1 U 0
2 0 L -1
3 0 U 2
4 0 L 0
5 1 L 3
6 1 L 3
7 0 U 6
8 0 L 3
9 1 L 8
10 0 L 4
11 1 L 7
12 0 L 10
13 0 U 9
14 0 U 13
15 0 U 14
16 0 U 15
17 1 U 16
18 0 U -1
19 1 L 8
20 1 U 19
21 1 U 3
22 1 L 11
23 0 U 2
24 1 L 17
25 0 U 24
26 1 U 6
27 1 U 23
28 0 U 27
29 0 U 28
30 0 L 1
31 1 U 9
32 1 L 12
33 1 U 32
34 0 U 33
35 1 U 34
36 1 L 27
37 1 L 6
38 0 U 37
39 0 U 38
40 0 L -1
41 1 U 40
42 0 L 19
43 1 U 42
44 1 L 13
45 0 U -1
46 0 L 6
47 0 U 8
48 1 U 47
49 0 U 48
50 1 U 25
51 0 U 17
52 1 U 1
53 1 U 52
54 1 U -1
55 0 U 39
56 1 U 53
57 0 U 48
58 1 U 57
59 0 L 50
60 1 U 56
61 0 U 57
62 0 U 61
63 1 U 50
64 1 U 63
65 0 L 20
66 1 L 45
67 0 U 66
68 1 U 27
69 0 L 44
70 1 U 41
71 1 U 1
72 0 U -1
73 0 U 52
74 1 U 73
75 0 U 74
76 1 U 75
77 0 U 76
78 1 U 77
79 0 L 48
80 1 L 22
81 0 U -1
82 0 U 81
83 1 U 73
84 0 U 73
85 1 L 1
86 1 L 7
87 1 U 86
88 1 L 6
89 1 U 88
90 1 L 68
91 1 L 90
92 0 U 91
93 0 L 9
94 1 L 12
95
0 0 L -1
1 1 U 0
2 0 L -1
3 0 U 2
4 0 L 0
5 1 L 3
6 1 L 3
7 0 U 6
8 0 U 7
9 1 L 8
10 0 L 4
11 0 L 7
12 1 L 11
13 1 U 10
14 0 U 13
15 0 U 14
16 0 U 15
17 1 U 16
18 0 U -1
19 1 L 8
20 1 U 19
21 1 U 3
22 0 U 5
23 0 U 2
24 1 L 17
25 0 U 24
26 1 L 18
27 1 U 23
28 0 U 27
29 0 U 28
30 0 L 1
31 1 U 9
32 1 L 12
33 1 U 32
34 0 U 33
35 1 U 34
36 1 L 27
37 1 L 6
38 0 U 37
39 0 U 38
40 0 L -1
41 1 U 40
42 0 L 19
43 1 U 42
44 1 L 13
45 0 U -1
46 0 L 6
47 0 U 8
48 1 U 22
49 0 U 48
50 0 L 24
51 0 U 17
52 1 U 1
53 1 U 52
54 1 U -1
55 1 U 54
56 1 U 53
57 1 U 56
58 1 U 57
59 1 U 48
60 1 U 56
61 0 U 57
62 0 U 61
63 1 U 50
64 1 U 63
65 0 L 20
66 1 L 45
67 0 L 19
68 1 U 27
69 0 L 44
70 1 U 41
71 1 U 1
72 1 U 23
73 1 L 12
74 1 U 73
75 0 L 40
76 1 U 75
77 0 U 76
78 1 U 77
79 0 U 4
80 1 L 22
81 1 U 49
82 1 L 16
83 1 U 73
84 0 U 73
85 1 L 1
86 1 L 7
87 1 U 86
88 0 U 87
89 1 U 88
90 1 L 68
91 1 L 62
92 0 U 91
93 0 L 9
94 1 L 12
95
0 0 L -1
1 1 U 0
2 0 L -1
3 0 U 2
4 0 L 0
5 1 L 3
6 1 L 3
7 0 U 6
8 0 U 7
9 1 L 8
10 0 L 4
11 1 L 7
12 1 L 11
13 0 L 12
14 0 U 13
15 0 U 14
16 0 U 15
17 1 U 16
18 0 U -1
19 1 L 8
20 1 U 19
21 1 U 3
22 0 U 5
23 0 U 2
24 1 L 16
25 0 U 24
26 1 U 6
27 1 U 23
28 0 U 27
29 0 U 28
30 0 L 1
31 1 U 9
32 1 L 12
33 1 U 32
34 0 U 33
35 1 U 34
36 1 L 27
37 1 L 6
38 0 U 0
39 0 L 35
40 0 L -1
41 1 U 40
42 0 L 19
43 0 L 15
44 1 L 13
45 0 U -1
46 0 L 6
47 0 U 8
48 1 U 47
49 0 U 48
50 1 U 25
51 0 U 17
52 1 U 1
53 0 L 29
54 1 U -1
55 1 U 54
56 1 U 53
57 1 U 56
58 1 U 57
59 1 U 48
60 1 U 56
61 0 U 57
62 0 U 61
63 1 U 50
64 0 U 45
65 0 L 20
66 1 L 45
67 0 U 66
68 1 U 27
69 0 L 44
70 1 U 41
71 1 U 1
72 0 U -1
73 0 L 63
74 1 U 73
75 0 U 74
76 1 U 75
77 0 U 76
78 1 U 77
79 0 U 4
80 1 L 22
81 0 U -1
82 0 U 81
83 1 U 73
84 0 U 73
85 1 L 1
86 1 L 7
87 1 U 86
88 0 U 42
89 1 U 88
90 1 L 68
91 1 L 62
92 0 U 91
93 0 U 11
94 1 U 18
95
0 0 L -1
1 1 U 0
2 0 L -1
3 0 U 2
4 0 L 0
5 1 L 3
6 1 L 3
7 0 U 6
8 0 U 7
9 1 L 8
10 0 L 4
11 1 L 7
12 1 L 11
13 0 U 9
14 0 U 13
15 0 U 14
16 0 U 15
17 1 U 16
18 0 U -1
19 1 L 8
20 1 U 19
21 1 U 3
22 0 U 5
23 0 U 2
24 1 L 17
25 0 U 24
26 1 U 6
27 0 U 10
28 1 L -1
29 0 U 28
30 0 L 1
31 1 U 9
32 1 L 12
33 1 U 32
34 0 U 33
35 1 U 34
36 1 L 27
37 1 L 6
38 0 U 37
39 0 U 38
40 0 L -1
41 1 U 40
42 0 L 19
43 1 U 42
44 1 L 13
45 1 U 5
46 0 L 6
47 0 U 8
48 1 L 3
49 0 U 48
50 1 U 25
51 0 U 17
52 1 U 1
53 1 U 52
54 1 U -1
55 1 U 54
56 1 U 53
57 1 U 56
58 1 U 57
59 1 U 48
60 1 U 56
61 0 U 57
62 0 U 61
63 1 U 50
64 1 U 63
65 0 L 20
66 1 L 45
67 0 U 66
68 1 U 27
69 1 L 15
70 1 U 41
71 1 U 1
72 0 U -1
73 0 L 63
74 1 U 73
75 0 U 74
76 1 U 75
77 0 U 76
78 1 U 77
79 0 U 4
80 1 L 22
81 0 U -1
82 0 L 68
83 1 U 73
84 0 U 73
85 1 L 1
86 1 L 7
87 1 U 86
88 0 U 87
89 1 U 88
90 1 L 68
91 0 U 38
92 0 U 91
93 0 L 9
94 1 L 12
95
0 0 L -1
1 1 U 0
2 0 L -1
3 0 U 2
4 0 L 0
5 1 L 3
6 1 L 3
7 0 U 6
8 0 U 7
9 1 L 8
10 0 L 4
11 1 L 7
12 1 L 11
13 0 U 9
14 0 U 13
15 0 L 13
16 0 U 15
17 1 U 16
18 0 U -1
19 1 L 8
20 1 U 19
21 1 U 3
22 0 U 5
23 0 U 2
24 1 L 17
25 0 U 24
26 1 U 6
27 1 U 23
28 0 U 27
29 0 U 28
30 0 L 1
31 1 U 9
32 1 L 12
33 1 U 32
34 0 U 33
35 1 U 34
36 1 L 27
37 1 L 6
38 0 U 37
39 0 U 38
40 0 L -1
41 1 U 40
42 0 L 19
43 1 U 42
44 1 L 13
45 0 U -1
46 0 L 6
47 0 U 8
48 1 U 47
49 0 U 48
50 1 U 25
51 0 U 17
52 1 U 1
53 0 L 34
54 0 L 44
55 1 U 54
56 1 U 53
57 0 L 19
58 0 L 33
59 1 U 48
60 1 U 56
61 0 U 57
62 0 U 61
63 1 U 50
64 1 U 63
65 0 L 20
66 1 L 45
67 0 U 66
68 1 U 27
69 0 L 44
70 1 U 41
71 1 U 1
72 0 U -1
73 0 L 63
74 1 U 73
75 0 U 74
76 1 U 75
77 0 U 76
78 1 U 57
79 1 U 9
80 1 L 22
81 0 U -1
82 0 U 81
83 1 U 73
84 0 U 45
85 1 L 1
86 1 L 7
87 1 U 86
88 0 U 87
89 1 U 88
90 1 L 68
91 1 L 62
92 0 U 91
93 0 L 9
94 1 L 12
95
0 0 L -1
1 1 U 0
2 0 L 1
3 0 U 2
4 0 L 0
5 1 L 3
6 1 L 3
7 0 U 6
8 0 L 6
9 1 L 8
10 0 L 4
11 0 U 7
12 1 L 11
13 1 L 1
14 0 U 13
15 0 U 14
16 0 U 15
17 1 U 16
18 0 U -1
19 1 L 8
20 1 U 19
21 1 U 3
22 0 U 5
23 0 U 2
24 0 U 14
25 0 U 24
26 1 U 6
27 1 U 23
28 0 U 27
29 0 U 28
30 0 L 1
31 1 U 9
32 1 L 12
33 1 U 32
34 0 U 33
35 1 U 34
36 1 L 27
37 1 L 6
38 0 U 37
39 0 U 38
40 0 L -1
41 1 U 40
42 0 L 19
43 1 U 42
44 1 L 13
45 0 U -1
46 0 L 6
47 0 U 8
48 1 U 47
49 0 U 48
50 1 U 25
51 0 U 17
52 1 U 1
53 1 U 52
54 1 U -1
55 1 U 54
56 1 U 53
57 0 L 16
58 1 U 57
59 1 U 48
60 1 U 56
61 0 U 57
62 0 U 61
63 1 U 50
64 0 U 27
65 0 L 20
66 1 L 45
67 0 U 66
68 1 U 27
69 0 L 44
70 1 U 41
71 1 U 1
72 0 U -1
73 0 L 63
74 1 U 73
75 1 U 16
76 1 U 75
77 0 U 76
78 1 U 77
79 0 U 4
80 1 L 22
81 0 U -1
82 0 U 81
83 1 U 73
84 0 U 73
85 1 L 1
86 1 L 7
87 1 U 86
88 0 U 87
89 1 U 88
90 1 L 68
91 1 L 62
92 0 U 91
93 0 L 9
94 1 L 12
95
0 0 L -1
1 1 U 0
2 0 L -1
3 0 U 2
4 0 L 0
5 1 L 3
6 1 L 3
7 0 U 6
8 0 U 7
9 1 L 8
10 0 L 4
11 1 L 7
12 1 L 11
13 0 L 10
14 0 U 13
15 0 U 14
16 0 U 15
17 1 U 16
18 0 U -1
19 1 L 7
20 1 U 19
21 1 L 7
22 0 U 5
23 0 U 2
24 1 L 17
25 0 U 24
26 1 U 6
27 1 U 23
28 0 L 4
29 0 U 28
30 0 L 1
31 1 U 9
32 1 L 12
33 1 U -1
34 0 U 33
35 1 U 34
36 1 L 27
37 1 L 6
38 0 U 37
39 0 U 38
40 0 L -1
41 1 U 40
42 0 L 19
43 1 U 42
44 1 L 13
45 0 U -1
46 0 L 6
47 1 U 30
48 1 U 47
49 0 U 48
50 1 U 25
51 0 U 17
52 1 U 1
53 1 L 6
54 1 U -1
55 0 L 45
56 1 U 53
57 1 U 56
58 1 U 57
59 1 U 48
60 1 U 56
61 0 U 57
62 0 U 61
63 1 U 50
64 1 U 63
65 0 L 20
66 1 L 45
67 0 U 66
68 1 U 27
69 0 L 44
70 1 U 41
71 1 U 1
72 0 U -1
73 1 U 68
74 1 U 73
75 0 U 74
76 1 U 75
77 0 U 76
78 1 U 77
79 0 U 4
80 1 L 22
81 0 U -1
82 0 U 81
83 1 U 73
84 0 U 73
85 1 L 1
86 0 L 2
87 1 U 86
88 0 U 87
89 1 U 88
90 1 L 68
91 1 L 62
92 0 U 91
93 0 L 9
94 0 L 23
95
0 0 L -1
1 1 U 0
2 0 L -1
3 0 U 2
4 0 L 0
5 1 L 3
6 1 L 3
7 0 U 6
8 0 U 7
9 1 L 8
10 0 L 4
11 1 L 7
12 1 L 11
13 0 L 10
14 0 U 13
15 0 U 14
16 1 U 7
17 1 U 16
18 0 U -1
19 1 L 8
20 1 U 19
21 1 U 3
22 0 U 5
23 0 U 2
24 1 L 17
25 0 U 24
26 1 U 6
27 1 U 23
28 0 U 27
29 0 U 28
30 0 L 1
31 1 U 9
32 1 L 12
33 1 L 7
34 0 U 33
35 1 U 34
36 1 L 27
37 1 L 6
38 0 U 37
39 0 U 38
40 0 L -1
41 1 U 40
42 0 L 19
43 1 U 42
44 1 L 13
45 0 U -1
46 0 L 6
47 0 U 8
48 1 U 47
49 0 U 48
50 1 U 25
51 0 U 17
52 1 U 1
53 1 U 52
54 1 U -1
55 1 U 54
56 1 U 53
57 1 U 56
58 1 U 57
59 1 U 48
60 1 U 56
61 0 U 57
62 0 U 61
63 1 U 50
64 1 U 63
65 0 L 20
66 1 L 45
67 0 U 66
68 1 U 27
69 0 L 44
70 1 U 41
71 1 U 1
72 0 L 29
73 0 L 63
74 1 U 73
75 1 L 2
76 1 U 75
77 1 L 24
78 1 U 77
79 0 U 4
80 1 L 22
81 0 U -1
82 0 U 81
83 1 U 73
84 0 U 73
85 1 L 1
86 1 L 7
87 1 U 86
88 0 U 87
89 1 U 88
90 1 L 68
91 1 L 62
92 0 U 91
93 0 L 9
94 1 L 12
95
0 0 L -1
1 1 U 0
2 0 L -1
3 0 U 2
4 0 L 0
5 1 L 3
6 1 L 3
7 0 U 6
8 0 U 7
9 1 L 8
10 0 L 4
11 1 L 7
12 1 U 0
13 0 U 9
14 0 U 13
15 0 U 14
16 0 U 15
17 1 U 16
18 0 U -1
19 1 L 8
20 1 U 19
21 1 U 3
22 0 U 5
23 0 U 2
24 1 L 17
25 0 U 24
26 1 U 6
27 1 U 23
28 0 U 27
29 0 U 28
30 0 L 1
31 1 U 9
32 1 L 12
33 1 U 32
34 0 U 33
35 1 U 34
36 1 L 27
37 1 L 6
38 0 U 37
39 0 U 38
40 0 L -1
41 1 U 40
42 0 L 19
43 1 U 42
44 1 L 13
45 0 U -1
46 0 L 6
47 1 U 34
48 1 U 47
49 0 U 48
50 1 U 25
51 0 U 17
52 1 U 1
53 1 U 52
54 1 U -1
55 1 U 54
56 1 U 53
57 1 U 56
58 1 U 57
59 1 L 49
60 1 U 56
61 1 U 34
62 0 U 61
63 1 U 50
64 1 U 63
65 0 L 20
66 1 L 45
67 0 U 66
68 1 U 27
69 0 L 44
70 1 U 41
71 1 U 1
72 0 U -1
73 0 L 63
74 1 U 73
75 0 U 74
76 1 U 75
77 1 L 53
78 1 U 77
79 0 U 4
80 1 L -1
81 1 U 22
82 0 U 81
83 1 U 57
84 1 L 7
85 1 L 1
86 1 L 7
87 1 U 86
88 0 U 87
89 1 U 88
90 1 L 68
91 1 L 62
92 0 U 91
93 0 L 9
94 1 L 12
95
0 0 L -1
1 1 U 0
2 0 L -1
3 0 U 2
4 0 L 0
5 1 U -1
6 1 L 3
7 0 U 6
8 0 U 7
9 1 L 8
10 0 L 4
11 1 L 7
12 1 L 11
13 0 U 9
14 0 U 13
15 0 U 14
16 0 U 15
17 1 U 16
18 1 U 0
19 1 L 8
20 1 U 19
21 1 U 3
22 0 U 5
23 0 U 2
24 1 L 17
25 0 U 24
26 1 U 6
27 1 U 23
28 0 U 27
29 0 U 28
30 0 L 1
31 1 L 25
32 1 L 12
33 1 U 32
34 0 U 33
35 1 U 34
36 1 L 3
37 1 L 6
38 0 U 37
39 0 U 38
40 0 L -1
41 0 U 17
42 0 L 19
43 1 U 42
44 1 L 10
45 0 U -1
46 0 L 6
47 0 U 8
48 1 U 47
49 0 U 48
50 1 U 25
51 0 U 17
52 1 U 1
53 0 U 1
54 1 U -1
55 1 U 54
56 1 U 53
57 1 U 56
58 1 U 57
59 1 U 48
60 1 U 56
61 0 U 57
62 0 L 14
63 1 U 50
64 1 U 63
65 0 L 20
66 1 L 45
67 0 U 66
68 1 U 27
69 0 L 44
70 1 U 41
71 1 U 1
72 0 U -1
73 0 L 63
74 1 U 73
75 0 U 74
76 1 U 75
77 0 U 76
78 1 U 77
79 0 U 4
80 1 L 22
81 0 U -1
82 0 U 81
83 1 U 73
84 0 U 73
85 1 L 1
86 1 L 7
87 0 U 26
88 0 U 87
89 1 U 88
90 1 L 68
91 1 L 62
92 0 U 91
93 0 L 9
94 1 L 12
95
0 0 L -1
1 1 U 0
2 1 L 0
3 0 U 2
4 0 L 0
5 1 L 3
6 1 U 4
7 0 U 6
8 0 U 7
9 1 L 2
10 0 L 4
11 1 L 7
12 1 U 11
13 0 U 9
14 0 U 13
15 0 U 14
16 1 U 14
17 1 U 16
18 0 U -1
19 1 U 15
20 1 U 19
21 1 U 3
22 0 U 5
23 0 U 2
24 1 L 17
25 0 U 24
26 1 U 6
27 1 U 23
28 0 U 27
29 0 U 28
30 0 L 1
31 1 U 9
32 1 L 12
33 1 U 32
34 0 U 33
35 1 U 34
36 1 L 27
37 1 L 6
38 0 U 37
39 0 U 38
40 0 L -1
41 1 U 40
42 0 L 19
43 1 U 42
44 1 L 13
45 0 U -1
46 0 L 6
47 0 U 8
48 1 U 47
49 0 U 48
50 1 U 25
51 1 L 28
52 0 L 8
53 1 L 24
54 1 U -1
55 1 U 54
56 0 U 51
57 1 U 56
58 1 U 57
59 1 U 48
60 1 U 56
61 0 U 57
62 0 U 61
63 0 U 24
64 1 U 63
65 0 L 20
66 1 L 45
67 0 U 66
68 1 U 27
69 0 L 44
70 1 U 41
71 1 U 1
72 0 U -1
73 0 L 63
74 1 U 73
75 0 U 74
76 1 U 24
77 0 U 76
78 1 U 77
79 0 U 4
80 1 L 22
81 0 U -1
82 0 U 81
83 1 U 73
84 0 U 73
85 1 L 1
86 1 L 7
87 1 U 86
88 0 U 87
89 1 U 88
90 1 L 68
91 1 L 62
92 0 U 34
93 0 L 9
94 0 L 29
95
0 0 L -1
1 1 U 0
2 0 L -1
3 0 U 2
4 0 L 0
5 0 L 3
6 1 L 3
7 0 U 6
8 0 U 7
9 1 L 8
10 0 L 4
11 1 L 7
12 1 L 11
13 0 U 9
14 0 U 13
15 0 U 14
16 0 U 15
17 1 U 16
18 0 U -1
19 1 L 8
20 1 U 19
21 1 U 3
22 0 U 5
23 0 U 2
24 1 L 17
25 0 U 24
26 1 U 6
27 1 U 23
28 0 U 27
29 0 U 28
30 0 L 1
31 1 U 9
32 1 L 12
33 1 U 32
34 0 U 25
35 1 U 34
36 1 L 27
37 0 U 5
38 0 U 37
39 0 U 38
40 0 L -1
41 0 U 12
42 0 L 19
43 1 U 42
44 1 L 13
45 0 U -1
46 0 L 6
47 0 U 8
48 1 U 47
49 1 L 3
50 1 U 40
51 0 U 17
52 1 U 1
53 1 U 52
54 1 U -1
55 1 U 54
56 1 U 53
57 1 U 56
58 0 L 0
59 1 U 48
60 1 U 56
61 0 U 57
62 0 U 61
63 1 U 50
64 1 U 63
65 0 L 20
66 1 L 45
67 0 U 66
68 1 U 27
69 0 L 44
70 1 U 41
71 1 L 28
72 1 U 40
73 0 L 63
74 1 U 73
75 0 U 74
76 1 U 75
77 0 L 35
78 1 U 77
79 0 U 4
80 1 L 22
81 0 U -1
82 0 L 14
83 1 U 73
84 0 U 73
85 1 L 1
86 1 L 7
87 1 U 86
88 0 U 87
89 1 U 63
90 1 L 68
91 0 L 13
92 0 U 91
93 0 L 9
94 1 L 12
95
0 0 L -1
1 1 U 0
2 0 L -1
3 0 U 2
4 0 U 3
5 1 L 3
6 1 L 3
7 0 U 6
8 0 U 7
9 1 L 8
10 0 L 4
11 1 L 7
12 1 L 11
13 0 U 9
14 0 U 13
15 0 U 14
16 0 U 15
17 1 U 16
18 0 U -1
19 1 L 8
20 1 U 10
21 1 U 3
22 0 U 5
23 0 U 2
24 1 L 17
25 0 U 24
26 1 U 6
27 1 U 23
28 0 U 27
29 0 U 28
30 0 L 1
31 1 U 9
32 1 L 12
33 1 U 32
34 0 U 33
35 1 U 34
36 1 L 27
37 1 L 6
38 0 U 37
39 0 U 38
40 0 L -1
41 1 L 33
42 0 L 19
43 1 U 42
44 1 L 13
45 1 U 36
46 0 L 6
47 0 U 8
48 1 U 47
49 0 U 48
50 1 U 25
51 0 U 17
52 1 U 1
53 1 U 52
54 1 U 51
55 1 U 54
56 1 U 53
57 1 U 27
58 1 U 57
59 1 U 48
60 1 U 56
61 0 U 57
62 0 U 61
63 1 U 50
64 1 U 63
65 0 L 20
66 1 L 45
67 0 U 66
68 1 U 27
69 0 L 12
70 1 U 41
71 1 U 1
72 0 U -1
73 0 L 63
74 1 U 73
75 0 U 74
76 1 U 75
77 0 U 76
78 1 U 77
79 0 U 4
80 1 U 39
81 1 U 73
82 0 U 81
83 1 U 73
84 0 U 73
85 1 L 1
86 1 L 7
87 1 U 86
88 0 U 87
89 1 U 88
90 1 L 68
91 1 L 62
92 0 U 91
93 0 L 9
94 1 L 12
95
0 0 L -1
1 1 U 0
2 0 L -1
3 0 U 2
4 0 L 0
5 1 L 3
6 1 L 3
7 0 U 6
8 0 U 7
9 1 L 8
10 0 L 4
11 1 L 7
12 1 L 11
13 0 U 9
14 1 L 10
15 0 U 14
16 1 L 5
17 1 U 16
18 0 U -1
19 1 L 8
20 1 U 19
21 1 U 3
22 0 U 5
23 0 U 2
24 1 L 17
25 0 U 24
26 1 U 6
27 1 U 14
28 0 U 27
29 0 L 8
30 0 L 1
31 1 L 27
32 1 L 12
33 1 U 32
34 1 L 14
35 1 U 34
36 1 L 27
37 1 L 6
38 0 U 29
39 0 U 38
40 0 L -1
41 1 U 40
42 0 L 19
43 1 U 42
44 1 U 27
45 0 U -1
46 1 L 20
47 0 U 8
48 1 U 47
49 0 U 48
50 1 U 25
51 0 U 17
52 1 U 1
53 1 U 52
54 1 U -1
55 1 U 54
56 1 U 53
57 1 L 52
58 1 U 57
59 1 U 48
60 0 U 6
61 0 U 57
62 0 U 61
63 1 U 50
64 1 U 63
65 1 L 6
66 1 L 45
67 0 U 66
68 1 U 27
69 0 L 24
70 1 U 41
71 1 U 1
72 0 U -1
73 0 L 15
74 1 U 73
75 0 U 74
76 1 U 75
77 0 U 76
78 0 U 14
79 0 U 4
80 1 L 22
81 0 U -1
82 0 U 81
83 1 U 73
84 0 U 73
85 1 L 1
86 1 L 7
87 1 U 86
88 0 U 87
89 1 U 88
90 1 L 68
91 1 L 62
92 0 U 91
93 0 L 9
94 1 L 12
95
0 0 L -1
1 1 U 0
2 0 L -1
3 0 U 2
4 0 L 0
5 1 L 3
6 1 L 3
7 0 U 6
8 0 U 7
9 1 L 8
10 0 L 4
11 1 L 7
12 1 L 11
13 0 U 9
14 0 U 13
15 0 U 14
16 0 U 15
17 1 U 16
18 0 U -1
19 1 L 8
20 1 U 19
21 1 U 3
22 0 U 5
23 0 U 2
24 1 L 17
25 0 U 24
26 1 U 6
27 1 U 23
28 0 U 27
29 0 U 28
30 0 L 1
31 1 U 9
32 1 L 12
33 1 U 32
34 0 U 33
35 1 U 34
36 1 L 27
37 1 L 6
38 0 U 37
39 0 U 38
40 0 L -1
41 1 U 34
42 0 L 14
43 1 L 5
44 1 L 13
45 0 U -1
46 0 L 6
47 0 U 8
48 1 U 47
49 0 U 48
50 1 U 25
51 0 U 17
52 1 U 1
53 1 U 52
54 0 U 13
55 1 U 54
56 1 U 53
57 1 U 56
58 1 U 57
59 1 U 48
60 1 U 56
61 0 U 57
62 0 U 61
63 1 U 50
64 1 U 63
65 0 L 20
66 1 L 45
67 0 U 66
68 1 U 27
69 0 L 44
70 1 U 41
71 1 U 1
72 0 U -1
73 0 L 63
74 1 U 73
75 0 U 74
76 1 U 75
77 0 U 76
78 1 U 77
79 0 L 65
80 1 L 22
81 0 U -1
82 0 U 81
83 1 U 73
84 0 U 73
85 1 L 1
86 1 L 7
87 1 U 86
88 0 U 87
89 1 U 88
90 1 L 68
91 1 L 62
92 0 U 91
93 0 L 9
94 1 L 12
95
0 0 L -1
1 1 U 0
2 0 L -1
3 0 U 2
4 0 L 0
5 1 L 3
6 1 L 3
7 0 U 6
8 0 U 7
9 1 L 8
10 0 L 4
11 1 L 7
12 1 L 11
13 0 U 9
14 0 U 13
15 0 U 14
16 0 U 15
17 1 U 16
18 0 U -1
19 1 L 8
20 1 U 19
21 1 U 3
22 0 U 5
23 0 U 2
24 1 L 17
25 0 U 24
26 1 U 6
27 1 U 23
28 0 U 27
29 0 U 28
30 0 L 1
31 1 U 5
32 1 L 12
33 1 U 32
34 0 U 33
35 1 U 34
36 1 L 27
37 1 L 6
38 0 U 37
39 0 U 38
40 0 L -1
41 1 U 40
42 0 L 19
43 1 U 42
44 1 L 13
45 0 U 5
46 1 U 27
47 0 L 25
48 1 U 47
49 0 U 48
50 1 U 25
51 0 U 17
52 1 U 1
53 1 U 52
54 1 U -1
55 1 U 54
56 1 U 53
57 1 U 56
58 1 U 57
59 1 U 48
60 1 U 56
61 0 U 57
62 0 U 61
63 1 U 50
64 1 U 63
65 0 L 20
66 1 L 45
67 0 U 66
68 1 U 27
69 0 L 44
70 1 U 41
71 0 U 10
72 0 U -1
73 0 L 63
74 1 U 4
75 0 U 74
76 1 U 75
77 0 U 76
78 1 U 77
79 0 U 4
80 1 L 22
81 0 U -1
82 0 U 81
83 1 U 73
84 0 U 73
85 1 L 1
86 1 L 7
87 1 U 86
88 0 U 87
89 1 U 88
90 1 L 68
91 1 L 62
92 0 U 91
93 1 U 35
94 1 L 12
95
0 0 L -1
1 1 U 0
2 0 L -1
3 0 U 2
4 0 L 0
5 1 L 3
6 1 L 3
7 0 U 6
8 0 U 7
9 1 L 8
10 1 U 7
11 1 L 7
12 1 L 11
13 0 U 9
14 0 U 13
15 0 U 14
16 0 U 15
17 1 U 16
18 0 U -1
19 1 U 8
20 1 U 19
21 1 U 3
22 0 U 5
23 0 U 2
24 1 L 17
25 0 U 24
26 1 U 6
27 1 U 23
28 0 U 27
29 0 U 28
30 0 L 1
31 1 U 9
32 1 L 12
33 1 U 32
34 0 U 33
35 1 U 34
36 1 L 27
37 1 L 2
38 0 U 37
39 0 U 38
40 0 L -1
41 1 U 40
42 0 L 19
43 1 L 3
44 1 L 13
45 0 U -1
46 0 L 6
47 0 L 37
48 1 U 47
49 0 U 48
50 1 U 25
51 0 U 17
52 1 U 1
53 1 U 52
54 1 U -1
55 1 U 54
56 1 U 53
57 1 U 56
58 1 U 57
59 1 U 48
60 1 U 56
61 0 U 57
62 0 U 61
63 1 U 50
64 1 U 63
65 0 L 20
66 1 L 45
67 0 U 66
68 1 U 27
69 0 L 0
70 1 U 41
71 1 U 1
72 0 U -1
73 0 L 63
74 1 U 73
75 0 U 74
76 1 U 75
77 0 U 76
78 1 U 77
79 0 U 4
80 1 L 22
81 0 U -1
82 0 U 81
83 1 U 73
84 0 U 73
85 1 L 1
86 1 L 7
87 1 U 86
88 0 U 87
89 1 U 88
90 1 L 68
91 1 L 62
92 0 U 91
93 0 L 9
94 1 L 12
95
0 0 L -1
1 1 U 0
2 0 L -1
3 0 U 2
4 0 L 0
5 1 L 3
6 1 L 3
7 0 U 6
8 0 U 7
9 1 L 8
10 0 L 4
11 1 L 7
12 1 L 11
13 0 U 9
14 0 U 13
15 0 U 14
16 0 U 15
17 1 U 16
18 0 U -1
19 1 L 8
20 1 U 19
21 1 U 3
22 0 U 5
23 0 U 2
24 1 L 17
25 1 L 0
26 1 U 6
27 1 U 23
28 0 U 27
29 0 U 28
30 0 L 1
31 1 U 9
32 1 L 12
33 1 U 32
34 0 U 33
35 1 U 34
36 1 L 27
37 1 L 6
38 1 L 24
39 0 U 38
40 0 L 1
41 1 U 31
42 0 L 19
43 1 U 42
44 1 L 13
45 0 U -1
46 0 L 6
47 1 L -1
48 1 U 47
49 0 U 48
50 1 U 25
51 0 U 17
52 1 U 1
53 1 U 7
54 1 U 12
55 1 U 54
56 1 U 53
57 1 U 56
58 1 U 57
59 1 U 48
60 1 U 56
61 0 U 57
62 0 U 61
63 1 U 50
64 0 L 15
65 0 L 20
66 1 L 45
67 0 U 66
68 1 U 27
69 0 L 44
70 1 U 41
71 1 U 1
72 0 U -1
73 0 U 5
74 1 U 73
75 0 U 74
76 1 U 23
77 0 U 76
78 1 U 77
79 0 U 4
80 1 L 22
81 0 U -1
82 0 U 81
83 1 U 73
84 0 L 60
85 1 L 1
86 1 L 7
87 1 U 86
88 0 U 87
89 1 U 88
90 1 L 68
91 1 L 62
92 0 U 91
93 0 L 9
94 1 L 12
95
0 0 L -1
1 1 U 0
2 0 L -1
3 0 U 2
4 0 L 0
5 1 L 3
6 1 L 1
7 0 U 6
8 0 U 7
9 1 L 8
10 0 L 4
11 1 L 7
12 1 L 5
13 0 U 9
14 0 U 13
15 0 U 14
16 0 U 15
17 1 U 16
18 0 U -1
19 1 L 8
20 1 U 19
21 1 U 3
22 0 U 5
23 0 U 2
24 1 L 17
25 0 U 24
26 1 U 6
27 0 U 12
28 0 U 27
29 0 U 28
30 1 U 29
31 1 U 9
32 1 L 12
33 1 U 32
34 0 U 33
35 1 U 34
36 1 L 27
37 1 L 6
38 0 U 37
39 0 U 38
40 0 L -1
41 1 U 40
42 0 L 19
43 1 U 42
44 1 L 13
45 0 U -1
46 0 L 6
47 1 L 15
48 1 U 47
49 0 L 15
50 1 U 25
51 0 U 17
52 1 U 1
53 1 U 52
54 1 U -1
55 1 U 54
56 1 U 53
57 1 U 56
58 1 U 57
59 1 U 48
60 1 U 56
61 0 U 57
62 0 U 61
63 1 U 50
64 1 U 63
65 0 U 64
66 1 L 45
67 1 U -1
68 1 U 27
69 0 L 44
70 1 U 41
71 1 U 1
72 0 U -1
73 0 L 63
74 1 U 73
75 0 U 74
76 1 U 75
77 0 U 76
78 1 U 77
79 0 U 4
80 0 L 46
81 0 U -1
82 0 U 81
83 1 U 73
84 0 U 73
85 1 L 1
86 1 L 7
87 1 U 86
88 0 U 87
89 1 U 88
90 1 L 68
91 1 L 62
92 0 L 23
93 0 L 9
94 1 L 12
95
0 0 L -1
1 1 U 0
2 0 L -1
3 0 U 2
4 0 L 0
5 1 L 3
6 1 L 3
7 0 U 6
8 0 U 7
9 1 L 8
10 0 L 4
11 1 L 7
12 1 L 11
13 0 U 9
14 0 U 13
15 0 U 14
16 0 U 15
17 1 U 16
18 0 U -1
19 1 L 8
20 1 U 19
21 1 U 3
22 0 U 5
23 0 U 2
24 1 L 17
25 1 L 13
26 1 U 6
27 1 U 23
28 0 U 27
29 0 U 28
30 0 L 1
31 1 U 9
32 1 L 12
33 1 U 23
34 0 U 19
35 1 U 34
36 1 L 27
37 0 L 1
38 0 U 37
39 0 U 38
40 1 U -1
41 1 U 40
42 0 L 19
43 1 U 42
44 1 L 13
45 0 U -1
46 0 L 6
47 0 U 8
48 1 U 47
49 0 U 48
50 1 U 25
51 0 U 17
52 1 U 1
53 1 U 52
54 1 U -1
55 1 U 54
56 1 U 53
57 1 U 56
58 1 L 45
59 1 U 48
60 1 U 56
61 0 U 57
62 0 U 61
63 1 U 50
64 1 U 63
65 0 L 20
66 1 L 45
67 0 U 66
68 1 U 27
69 0 L 44
70 1 U 41
71 1 U 1
72 0 U -1
73 0 L 63
74 1 U 73
75 0 U 74
76 1 U 75
77 0 U 76
78 1 U 77
79 0 U 4
80 1 L 22
81 0 U -1
82 0 U 81
83 1 L 6
84 0 U 73
85 1 L 1
86 1 L 7
87 1 U 86
88 0 U 87
89 1 U 88
90 1 L 68
91 1 L 62
92 0 U 91
93 0 L 9
94 1 L 12
95
0 0 L -1
1 0 U 0
2 0 L -1
3 0 U 2
4 0 U 1
5 0 L -1
6 1 L 3
7 0 U 6
8 0 U 7
9 1 L 8
10 0 L 4
11 1 L 7
12 1 L 11
13 0 U 9
14 0 U 13
15 0 U 14
16 0 L 12
17 1 U 16
18 0 U -1
19 1 L 8
20 1 U 19
21 1 U 3
22 0 U 5
23 0 U 2
24 0 L 19
25 0 U 24
26 1 U 6
27 0 L 22
28 0 U 27
29 0 U 28
30 0 L 1
31 1 U 9
32 1 L 12
33 1 U 32
34 0 U 33
35 1 U 34
36 1 L 27
37 1 L 6
38 0 U 37
39 0 U 38
40 0 L -1
41 1 U 40
42 0 L 19
43 1 U 42
44 1 L 13
45 0 U -1
46 0 L 6
47 0 U 8
48 1 U 47
49 0 U 48
50 1 U 25
51 0 U 17
52 1 U 1
53 1 U 52
54 1 U -1
55 1 U 7
56 1 U 53
57 1 U 56
58 1 U 57
59 1 U 48
60 1 U 56
61 0 U 57
62 1 U 17
63 1 U 50
64 1 U 63
65 0 L 20
66 1 U 30
67 0 U 66
68 1 U 27
69 0 L 44
70 1 U 41
71 1 U 1
72 0 U -1
73 0 L 63
74 1 U 73
75 1 L 48
76 1 U 75
77 0 U 76
78 1 U 77
79 0 U 4
80 0 L 18
81 0 U -1
82 0 U 81
83 1 U 73
84 0 U 73
85 0 U 61
86 1 L 7
87 1 U 86
88 0 U 87
89 1 L 43
90 1 L 68
91 1 L 62
92 0 U 91
93 0 L 9
94 1 L 12
95
0 0 L -1
1 1 U 0
2 0 L -1
3 0 U 2
4 0 L 0
5 1 L 3
6 1 L 3
7 0 U 6
8 0 U 7
9 1 L 8
10 0 L 4
11 1 L 7
12 0 U 0
13 1 L 11
14 0 U 13
15 0 U 14
16 0 U 15
17 1 U 16
18 0 U -1
19 0 U 13
20 1 U 19
21 1 U 3
22 0 U 5
23 0 U 2
24 1 L 17
25 0 U 24
26 1 U 6
27 1 U 23
28 0 U 27
29 0 U 28
30 0 L 1
31 1 U 9
32 1 L 12
33 1 U 32
34 0 U 33
35 1 U 34
36 1 L 27
37 1 U 28
38 0 U 37
39 0 U 38
40 0 L -1
41 1 U 40
42 0 L 19
43 1 U 42
44 1 L 13
45 0 U -1
46 0 L 6
47 0 U 8
48 1 U 3
49 0 U 48
50 1 U 25
51 0 U 17
52 1 U 1
53 1 U 52
54 1 U -1
55 1 U 54
56 1 U 53
57 1 U 56
58 1 U 22
59 1 U 48
60 1 U 56
61 0 L 23
62 0 U 61
63 1 U 50
64 1 U 63
65 0 L 20
66 1 L 45
67 0 U 66
68 1 U 27
69 0 L 44
70 1 U 41
71 1 U 1
72 0 U -1
73 0 L 63
74 1 U 73
75 0 U 74
76 1 U 75
77 0 U 76
78 1 U 77
79 0 U 4
80 1 L 22
81 0 U -1
82 0 U 81
83 1 U 73
84 0 U 73
85 1 L 1
86 1 L 7
87 1 U 86
88 1 U 60
89 1 U 88
90 1 L 68
91 1 L 62
92 0 U 91
93 0 L 9
94 1 L 12
95
0 0 L -1
1 1 U 0
2 0 L -1
3 0 U 2
4 0 L 0
5 1 L -1
6 0 U -1
7 0 U 6
8 0 U 7
9 1 L 8
10 0 L 4
11 1 L 7
12 1 L 11
13 0 U 9
14 0 U 13
15 0 U 14
16 0 U 15
17 1 U 16
18 0 U -1
19 1 L 8
20 1 U 19
21 1 U 3
22 0 U 5
23 0 U 2
24 1 L 17
25 0 U 24
26 0 L 23
27 1 U 23
28 0 U 27
29 0 U 28
30 0 L 1
31 1 U 9
32 1 L 24
33 1 U 32
34 0 U 33
35 1 U 34
36 1 L 27
37 1 L 6
38 0 U 37
39 0 U 38
40 0 L -1
41 1 U 40
42 0 L 19
43 1 U 42
44 1 L 13
45 0 U -1
46 0 L 6
47 0 U 8
48 1 U 47
49 0 U 48
50 1 U 25
51 0 U 17
52 1 U 1
53 1 U 52
54 1 U -1
55 1 U 54
56 1 U 53
57 1 U 56
58 1 U 57
59 0 L 48
60 1 U 56
61 0 U 57
62 0 U 61
63 1 U 50
64 1 U 63
65 0 U 33
66 1 L 45
67 0 U 66
68 1 U 27
69 0 L 44
70 1 L 48
71 1 U 1
72 0 U -1
73 0 L 63
74 1 U 73
75 0 U 74
76 1 U 75
77 0 U 76
78 1 U -1
79 0 U 4
80 1 L 22
81 0 U -1
82 0 U 81
83 1 U 73
84 0 U 73
85 1 L 1
86 1 L 7
87 1 U 86
88 0 U 87
89 1 U 88
90 1 L 29
91 1 L 62
92 0 U 91
93 0 L 9
94 0 L 46
95
0 0 L -1
1 1 U 0
2 0 L -1
3 0 U 2
4 0 L 0
5 1 L 3
6 1 L 3
7 0 U 6
8 0 U 7
9 1 L 8
10 0 L 4
11 1 L 7
12 1 L 11
13 0 U 9
14 0 U 13
15 0 U 14
16 0 U 15
17 1 U 16
18 0 U -1
19 1 L 8
20 1 U 19
21 1 U 3
22 0 U 5
23 0 U 2
24 1 L 17
25 0 U 24
26 1 U 6
27 1 U 23
28 0 U 27
29 0 U 28
30 0 L 1
31 1 U 9
32 1 L 12
33 1 U 32
34 0 U 33
35 1 U 34
36 1 L 27
37 1 L 6
38 1 L 34
39 0 U 38
40 0 L -1
41 1 U 40
42 0 L 19
43 1 U 42
44 1 L 13
45 0 U -1
46 0 L 6
47 0 U 8
48 1 U 47
49 0 U 48
50 1 U 25
51 0 U 17
52 1 U 1
53 1 U 52
54 1 U -1
55 1 U 54
56 1 U 53
57 1 U 56
58 1 U 57
59 1 U 48
60 1 U 56
61 0 U 57
62 0 U 61
63 1 U 50
64 1 U 63
65 0 L 20
66 1 L 0
67 0 U 66
68 1 U 27
69 0 L 44
70 1 U 41
71 1 U 1
72 0 U -1
73 0 L 63
74 1 U 73
75 0 U 74
76 1 U 75
77 0 U 76
78 1 U 77
79 0 U 4
80 1 L 22
81 0 U -1
82 0 U 81
83 1 U 73
84 0 U 73
85 1 L 1
86 1 L 7
87 1 U 86
88 0 U 87
89 1 U 88
90 1 L 68
91 1 L 62
92 0 U 91
93 0 L 9
94 1 L 12
95
0 0 L -1
1 0 L 0
2 0 L -1
3 0 U 2
4 0 L 0
5 1 L 3
6 1 L 3
7 0 U 6
8 0 U 7
9 1 L 8
10 0 L 4
11 1 L 7
12 1 L 11
13 0 U 9
14 0 U 13
15 0 U 14
16 0 U 15
17 1 U 16
18 0 U -1
19 1 L 8
20 1 U 19
21 1 U 3
22 0 U 5
23 0 U 2
24 1 L 17
25 0 U 24
26 1 U 6
27 1 U 23
28 0 U 27
29 0 U 28
30 0 L 1
31 1 U 16
32 1 L 12
33 1 U 32
34 0 U 33
35 1 U 34
36 1 L 27
37 1 L 6
38 1 L 3
39 0 U 38
40 0 L -1
41 1 U 40
42 0 L 19
43 1 U 42
44 1 L 13
45 0 U -1
46 0 L 6
47 0 U 8
48 1 U 47
49 0 U 48
50 1 U 25
51 0 U 17
52 1 U 1
53 1 L 15
54 1 U -1
55 1 U 54
56 1 U 53
57 1 U 45
58 1 L 44
59 1 U 48
60 1 U 56
61 0 U 57
62 0 U 61
63 1 U 50
64 0 L 39
65 1 U 25
66 1 L 45
67 0 U 66
68 1 U 27
69 0 L 44
70 1 U 41
71 1 U 1
72 0 U -1
73 0 L 63
74 1 U 73
75 0 U 74
76 0 L 65
77 0 U 76
78 1 U 77
79 0 U 4
80 1 L 22
81 0 U -1
82 0 U 81
83 1 U 73
84 0 U 73
85 1 L 1
86 1 L 7
87 1 L 4
88 0 U 87
89 1 U 88
90 1 L 68
91 1 L 62
92 0 U 91
93 0 L 9
94 1 L 12
95
0 0 L -1
1 1 U 0
2 0 L -1
3 0 U 2
4 0 L 0
5 1 L 3
6 0 L 5
7 0 U 6
8 0 U 7
9 1 L 8
10 0 L 4
11 1 L 7
12 1 L 11
13 0 U 9
14 1 L 5
15 0 U 14
16 0 U 15
17 1 U 16
18 0 U -1
19 1 L 8
20 1 U 19
21 1 L 16
22 0 U 5
23 0 U 2
24 1 L 17
25 0 U 24
26 0 L 15
27 1 U 23
28 0 U 27
29 0 U 28
30 0 L 1
31 1 U 9
32 1 L 12
33 1 U 32
34 0 U 33
35 1 U 34
36 1 L 27
37 1 L 6
38 0 U 37
39 0 U 38
40 0 L -1
41 0 L 36
42 0 L 19
43 1 U 42
44 1 L 13
45 0 U -1
46 0 U 45
47 0 U 8
48 1 U 47
49 0 U 48
50 1 U 25
51 0 U 17
52 1 U 1
53 1 U 52
54 1 U -1
55 1 U 54
56 1 U 53
57 1 U 56
58 1 U 57
59 1 U 48
60 1 U 56
61 0 U 57
62 0 U 61
63 0 U 3
64 1 U 63
65 0 L 20
66 1 L 45
67 0 U 66
68 1 U 27
69 0 L 44
70 1 U 41
71 1 U 1
72 0 U -1
73 0 L 63
74 1 L 22
75 0 U 74
76 1 U 75
77 0 U 76
78 1 U 77
79 0 U 4
80 1 L 22
81 0 U -1
82 0 U 81
83 1 U 45
84 0 U 73
85 1 L 1
86 1 L 7
87 1 U 86
88 1 L 52
89 1 U 88
90 0 U 19
91 1 L 62
92 0 U 91
93 0 L 9
94 1 L 12
95
0 0 L -1
1 1 U 0
2 0 L -1
3 1 U 0
4 0 L 0
5 1 L 3
6 1 L 3
7 0 U 6
8 0 U 7
9 1 L 8
10 0 L 4
11 1 L 7
12 1 L 11
13 0 U 9
14 1 L 3
15 1 L 10
16 0 L -1
17 1 U 16
18 0 U -1
19 1 L 8
20 1 U 19
21 1 U 3
22 0 U 5
23 0 U 2
24 1 L 17
25 0 U 24
26 1 U 6
27 1 U 23
28 0 U 27
29 0 U 28
30 0 L 1
31 1 U 9
32 1 L 12
33 1 U 32
34 0 U 33
35 1 L 32
36 1 L 27
37 1 L 6
38 0 U 37
39 0 U 38
40 0 L -1
41 1 U 32
42 0 L 19
43 1 U 42
44 1 L 13
45 0 U -1
46 0 L 6
47 0 U 8
48 1 U 47
49 0 U 48
50 1 U 25
51 0 U 17
52 1 U 1
53 1 U 52
54 0 U 30
55 0 U 29
56 1 U 53
57 1 U 56
58 1 U 57
59 1 U 48
60 1 U 56
61 0 U 57
62 0 U 61
63 1 U 50
64 1 U 63
65 0 L 20
66 1 L 45
67 1 L 10
68 1 U 27
69 0 L 44
70 1 U 41
71 1 U 1
72 0 U -1
73 0 L 63
74 1 U 73
75 0 U 74
76 1 U 75
77 0 U 76
78 1 U 77
79 0 U 4
80 1 L 22
81 1 L 33
82 0 U 81
83 1 U 73
84 0 U 73
85 1 L 1
86 1 L 7
87 1 U 86
88 0 U 87
89 1 U 88
90 1 L 68
91 1 L 62
92 0 U 91
93 0 L 9
94 1 L 12
95
0 0 L -1
1 1 U 0
2 0 L -1
3 0 U 2
4 0 L 0
5 1 L 3
6 1 L 3
7 0 U 6
8 1 U 0
9 1 L 8
10 0 L 4
11 1 L 7
12 1 L 11
13 1 U 0
14 0 U 13
15 0 U 14
16 0 L 3
17 1 U 16
18 0 U -1
19 1 L 8
20 1 U 19
21 1 U 3
22 0 L 7
23 0 U 2
24 1 L 17
25 0 U 24
26 1 U 6
27 1 U 23
28 0 U 27
29 0 U 28
30 0 L 1
31 1 U 9
32 0 L 19
33 1 U 32
34 0 U 33
35 1 L 21
36 1 U 0
37 1 L 6
38 0 U 37
39 0 U 38
40 0 L -1
41 1 U 40
42 0 L 19
43 1 U 42
44 1 L 13
45 1 L 33
46 0 L 6
47 0 U 8
48 1 L 40
49 0 U 48
50 1 U 25
51 0 U 17
52 0 U 12
53 1 U 52
54 1 U -1
55 1 U 54
56 1 U 53
57 1 L 16
58 1 U 57
59 1 U 48
60 1 U 12
61 0 U 57
62 0 U 61
63 1 U 50
64 1 U 63
65 0 L 20
66 1 L 45
67 0 U 66
68 1 U 27
69 0 L 44
70 1 L 45
71 1 U 1
72 0 U -1
73 0 L 63
74 1 U 73
75 0 U 74
76 1 U 75
77 0 U 76
78 1 U 77
79 0 U 4
80 1 L 22
81 0 U -1
82 0 L 51
83 1 U 73
84 0 U 73
85 1 L 1
86 1 L 7
87 1 U 86
88 0 U 87
89 1 U 88
90 1 L 68
91 1 L 62
92 0 U 91
93 0 L 9
94 1 L 12
95
0 0 L -1
1 0 U -1
2 0 L -1
3 0 U 2
4 0 L 0
5 1 L 3
6 1 L 3
7 0 U 6
8 0 U 7
9 1 L 8
10 1 L 9
11 1 L 7
12 1 L 11
13 0 U 9
14 0 U 13
15 0 U 14
16 0 L 8
17 1 U 16
18 0 U -1
19 1 L 8
20 1 U 19
21 0 L 2
22 0 U 7
23 0 U 2
24 1 L 17
25 0 L 4
26 1 U 6
27 1 U 23
28 0 U 27
29 0 U 28
30 0 L 1
31 1 U 9
32 1 L 12
33 0 L 31
34 0 U 33
35 1 U 34
36 1 L 27
37 1 L 6
38 0 U 37
39 0 U 38
40 1 L 6
41 1 U 40
42 0 L 19
43 1 U 42
44 1 L 13
45 0 U -1
46 0 L 6
47 0 U 8
48 1 U 47
49 0 U 48
50 1 L 18
51 0 U 17
52 1 U 1
53 1 U 52
54 1 U -1
55 1 U 54
56 0 U 31
57 1 U 56
58 1 U 57
59 1 U 48
60 1 U 56
61 0 U 57
62 0 U 61
63 1 U 50
64 0 U 19
65 0 L 20
66 1 L 45
67 0 U 66
68 1 U 27
69 0 L 44
70 1 U 41
71 1 L 63
72 0 U 60
73 0 L 63
74 1 U 73
75 0 U 74
76 1 U 75
77 0 U 76
78 1 U 77
79 0 U 4
80 1 L 22
81 0 U -1
82 1 L -1
83 1 L 33
84 0 U 73
85 1 L 1
86 0 L 68
87 0 U 35
88 0 U 87
89 1 U 88
90 1 L 68
91 1 L 62
92 0 U 91
93 1 U 69
94 1 L 12
95
0 0 L -1
1 1 L -1
2 0 L -1
3 0 U 2
4 1 U 0
5 1 L 3
6 1 L 3
7 0 U 6
8 1 L 6
9 1 L 8
10 0 L 4
11 0 L 4
12 1 L 2
13 0 U 9
14 1 U 11
15 0 U 14
16 0 U 15
17 1 U 16
18 0 U -1
19 1 L 8
20 1 U 19
21 1 U 3
22 0 U 5
23 0 U 2
24 1 L 17
25 0 U 24
26 1 U 6
27 1 U 23
28 0 U -1
29 1 L 13
30 0 L 1
31 1 L 9
32 1 L 12
33 1 U 31
34 0 U 33
35 1 U 34
36 1 L 27
37 1 L 6
38 0 U 37
39 0 U 38
40 0 L -1
41 1 U 40
42 0 L 19
43 1 U 25
44 1 L 13
45 0 U -1
46 0 L 6
47 0 U 8
48 1 U 47
49 1 L 22
50 1 U 25
51 0 U 17
52 1 U 1
53 1 U 52
54 1 U -1
55 1 U 54
56 0 L 31
57 1 U 56
58 1 U 57
59 1 U 48
60 0 U 52
61 0 U 57
62 0 U 61
63 1 U 50
64 1 U 63
65 0 L 1
66 1 L 45
67 0 U 66
68 1 U 27
69 0 L 44
70 0 U 41
71 1 U 1
72 0 U -1
73 0 L 63
74 1 U 73
75 1 U 73
76 1 U 75
77 0 U 76
78 1 U 77
79 0 U 4
80 1 L 22
81 0 U -1
82 0 U 81
83 1 U 73
84 1 U 78
85 1 L 1
86 1 L 7
87 1 U 86
88 0 U 87
89 0 U 14
90 1 L 68
91 1 L 62
92 0 U 91
93 0 L 9
94 1 L 12
95
0 0 L -1
1 1 U 0
2 0 L -1
3 0 U 2
4 0 L 0
5 1 L 3
6 1 L 3
7 0 U 6
8 0 U 7
9 1 L 8
10 0 L 4
11 1 L 7
12 1 L 11
13 0 U 9
14 0 U 13
15 0 U 14
16 0 U 15
17 1 U 16
18 0 U -1
19 1 L 8
20 1 U 19
21 1 U 3
22 0 U 5
23 0 U 2
24 1 U 2
25 0 U 24
26 1 U 6
27 1 U 23
28 0 L 3
29 0 U 28
30 1 U 22
31 1 U 9
32 1 U 3
33 1 U 32
34 0 U 33
35 1 U 34
36 1 L 27
37 1 L 6
38 0 U 37
39 0 U 35
40 0 L -1
41 1 U 40
42 0 L 19
43 1 U 42
44 1 L 13
45 0 U -1
46 0 L 6
47 0 U 8
48 1 U 47
49 0 U 48
50 1 U 25
51 0 U 17
52 1 U 1
53 1 U 52
54 1 U -1
55 0 L 15
56 1 U 53
57 1 U 56
58 1 U 57
59 1 U 48
60 1 U 56
61 0 U 57
62 0 U 36
63 1 U 50
64 1 U 63
65 1 L 30
66 1 L 45
67 0 U 66
68 0 U 45
69 0 L 44
70 1 U 41
71 1 U 1
72 0 U -1
73 0 L 2
74 1 U 73
75 0 U 74
76 1 U 75
77 0 U 76
78 1 U 20
79 0 U 4
80 1 U 41
81 0 U -1
82 0 U 81
83 1 U 73
84 0 U 73
85 1 L 1
86 1 L 7
87 1 U 86
88 0 U 87
89 1 U 88
90 1 L 68
91 1 L 62
92 0 U 91
93 0 L 9
94 1 L 92
95
0 0 L -1
1 1 U 0
2 0 L -1
3 1 U -1
4 0 L 0
5 1 L 3
6 0 L -1
7 0 U 6
8 0 U 7
9 1 U 2
10 0 L 4
11 1 L 7
12 1 L 11
13 0 U 9
14 0 U 13
15 0 U 14
16 0 U 15
17 1 U 16
18 0 U -1
19 0 L 0
20 1 U 19
21 1 U 3
22 0 U 5
23 0 U 2
24 1 L 17
25 0 U 24
26 1 U 6
27 0 L 8
28 0 U 27
29 0 U 28
30 0 L 1
31 1 U 9
32 1 L 12
33 1 U 32
34 0 U 33
35 1 U 34
36 1 L 27
37 1 L 6
38 0 U 37
39 0 U 33
40 0 L -1
41 1 U 40
42 1 U 35
43 1 L 1
44 1 L 13
45 0 U -1
46 0 L 6
47 0 U 8
48 1 U 47
49 0 U 48
50 1 U 25
51 0 U 17
52 1 U 1
53 1 U 52
54 1 U -1
55 1 U 54
56 1 U 53
57 1 U 56
58 1 U 57
59 0 L 7
60 1 U 56
61 0 U 57
62 0 U 61
63 1 U 50
64 1 U 63
65 0 L 20
66 1 L 45
67 0 L 7
68 1 U 27
69 0 L 44
70 1 U 41
71 1 U 1
72 0 U -1
73 0 L 63
74 1 U 73
75 0 U 74
76 1 U 75
77 0 U 76
78 1 U 77
79 0 U 4
80 1 L 22
81 0 L 24
82 0 U 81
83 1 U 73
84 0 U 73
85 1 L 1
86 1 L 75
87 1 U 86
88 0 U 67
89 1 U 85
90 1 L 68
91 1 U 0
92 0 U 26
93 0 L 9
94 1 L 12
95
0 0 L -1
1 1 U 0
2 1 L -1
3 0 U 2
4 0 L 0
5 1 L 3
6 1 L 3
7 0 U 6
8 0 U 7
9 1 L 8
10 0 L 4
11 1 L 7
12 1 L 11
13 0 U 9
14 0 U 13
15 0 U 14
16 0 U 15
17 1 U 16
18 0 U -1
19 1 L 8
20 1 U 19
21 1 U 3
22 0 U 5
23 0 U 2
24 1 L 17
25 0 U 24
26 1 U 6
27 1 U 23
28 0 U 27
29 0 U 28
30 0 L 1
31 1 U 9
32 1 L 12
33 1 U 32
34 0 U 33
35 1 U 34
36 1 L 27
37 1 L 6
38 0 U 37
39 0 U 38
40 0 L -1
41 1 U 40
42 0 L 19
43 1 U 42
44 1 L 13
45 0 U -1
46 0 L 6
47 0 U 8
48 1 U 47
49 0 U 48
50 1 U 25
51 0 U 17
52 1 U 51
53 1 U 52
54 1 U -1
55 0 L 40
56 1 U 53
57 1 U 56
58 1 U 32
59 1 U 48
60 1 U 56
61 0 U 57
62 0 U 61
63 1 U 50
64 1 L 5
65 0 U 51
66 1 L 45
67 0 U 66
68 1 U 27
69 0 L 44
70 1 U 41
71 1 U 1
72 0 U -1
73 0 L 63
74 1 U 73
75 0 U 50
76 1 U 75
77 0 U 76
78 1 U 77
79 0 U 4
80 0 L 48
81 0 U -1
82 1 U 35
83 1 U 73
84 0 U 73
85 1 L 1
86 1 L 7
87 1 U 86
88 0 U 87
89 1 U 38
90 1 L 68
91 1 L 62
92 0 U 91
93 0 L 9
94 1 L 12
95
0 0 L -1
1 1 U 0
2 0 L -1
3 0 U 2
4 0 L 0
5 1 L 3
6 1 L 3
7 0 U 6
8 0 U 7
9 1 L 8
10 0 L 4
11 1 L 7
12 1 L 11
13 0 U 9
14 0 U 13
15 0 U 14
16 0 U 15
17 1 U 16
18 0 U 8
19 1 L 8
20 1 U 19
21 1 U 3
22 0 U 5
23 0 U 2
24 1 L 17
25 0 U 24
26 1 U 6
27 1 U 23
28 0 U 27
29 0 U 28
30 0 L 1
31 1 L 3
32 1 L 12
33 1 U 32
34 0 U 33
35 1 U 34
36 1 L 27
37 1 L 6
38 0 U 37
39 0 U 38
40 0 L -1
41 1 U 31
42 0 L 19
43 1 L 23
44 1 L 13
45 0 U -1
46 0 L 6
47 0 U 8
48 1 U 47
49 0 U 48
50 1 U 25
51 0 U 17
52 1 U 1
53 1 U 52
54 1 U -1
55 1 U 54
56 1 U 53
57 1 U 56
58 1 U 22
59 1 U 48
60 1 U 56
61 0 L 34
62 0 U 61
63 1 U 50
64 1 U 63
65 0 L 20
66 1 L 23
67 1 U 52
68 1 U 27
69 0 L 44
70 1 U 41
71 1 U 1
72 0 U -1
73 0 L 63
74 1 U 73
75 0 U 74
76 1 U 75
77 1 L 55
78 1 U 77
79 0 U 4
80 1 L 22
81 0 U -1
82 0 L 20
83 1 U 73
84 0 U 73
85 1 L 1
86 1 L 7
87 1 U 86
88 0 U 87
89 1 U 88
90 1 L 68
91 1 L 62
92 0 U 91
93 0 U 55
94 1 L 12
95
0 0 L -1
1 1 U 0
2 0 L 0
3 0 U 2
4 0 L 0
5 1 L 3
6 1 L 3
7 0 U 1
8 1 U 1
9 1 L 8
10 1 L -1
11 1 L 7
12 1 L 11
13 0 U 9
14 0 U 13
15 0 U 14
16 0 U 15
17 1 U 16
18 0 U 11
19 1 L 8
20 1 U 19
21 1 U 3
22 0 U 5
23 0 L 3
24 1 U 14
25 0 L 8
26 1 U 6
27 1 U 23
28 1 U 26
29 0 U 28
30 0 L 1
31 1 U 9
32 1 L 12
33 1 U 32
34 0 U 33
35 1 U 34
36 1 U 13
37 1 L 6
38 0 U 37
39 0 U 38
40 0 L -1
41 1 U 40
42 0 L 9
43 1 U 42
44 1 L 13
45 0 U -1
46 0 L 6
47 0 U 8
48 1 U 47
49 0 U 48
50 0 L 8
51 0 U 17
52 1 U 1
53 1 U 52
54 1 U -1
55 1 U 54
56 1 U 53
57 1 U 56
58 1 U 57
59 1 U 48
60 1 U 56
61 0 U 57
62 0 U 61
63 1 L 57
64 0 L 28
65 0 L 20
66 1 L 45
67 0 U 66
68 1 U 27
69 0 L 44
70 1 U 41
71 0 U 19
72 0 U -1
73 0 L 63
74 1 U 73
75 0 L -1
76 1 U 4
77 0 U 76
78 1 U 77
79 0 U 4
80 1 L 22
81 0 U -1
82 0 U 81
83 1 U 73
84 0 U 73
85 1 L 1
86 1 L 7
87 1 U 86
88 0 U 87
89 1 U 88
90 1 L 68
91 1 L 62
92 0 U 91
93 0 L 9
94 1 L 12
95
0 0 L -1
1 1 U 0
2 0 L -1
3 0 U 2
4 0 L 0
5 1 L 3
6 1 L 3
7 0 U 6
8 0 U 7
9 1 L 8
10 0 L 4
11 1 L 7
12 1 L 11
13 0 U 9
14 0 U 13
15 1 L 5
16 0 U 15
17 1 U 16
18 0 U -1
19 1 L 8
20 1 U 19
21 1 U 3
22 0 U 5
23 0 U 2
24 1 L 5
25 0 U 24
26 1 U 6
27 1 U 23
28 1 L 11
29 0 U 28
30 0 L 1
31 1 U 9
32 1 L 12
33 1 U 32
34 0 U 33
35 1 U 34
36 1 L 27
37 1 U 34
38 0 U 37
39 0 U 38
40 0 L -1
41 1 U 40
42 0 L 19
43 1 L 42
44 1 L 13
45 0 U -1
46 1 U 43
47 0 U 8
48 1 U 47
49 0 U 48
50 1 U 25
51 0 U 17
52 1 U 1
53 1 U 52
54 1 U -1
55 1 U 54
56 1 U 53
57 1 U 56
58 1 U 57
59 1 U 48
60 1 U 56
61 0 U 57
62 0 U 61
63 1 U 50
64 1 U 63
65 0 L 20
66 1 L 45
67 0 U 66
68 1 U 27
69 0 L 44
70 1 U 41
71 1 U 1
72 0 U -1
73 0 L 63
74 1 U 73
75 0 U 74
76 1 U 75
77 0 U 76
78 1 U 77
79 0 U 4
80 1 L 22
81 0 U 57
82 0 U 81
83 1 U 73
84 0 U 73
85 1 L 1
86 1 L 7
87 1 U 86
88 1 U 36
89 1 U 88
90 0 U 49
91 1 L 62
92 0 U 91
93 0 L 9
94 1 L 12
95
0 0 L -1
1 1 U -1
2 0 L -1
3 0 U 2
4 0 L 0
5 1 L 3
6 1 L 3
7 0 U 6
8 0 U 7
9 1 L 8
10 0 L 4
11 1 L 7
12 1 L 11
13 0 U 9
14 0 U 13
15 0 U 14
16 0 U 15
17 1 U 16
18 0 U -1
19 1 L 8
20 1 U 6
21 1 U 3
22 0 U 5
23 0 U 2
24 1 L 17
25 0 U 24
26 1 U 6
27 1 U 23
28 0 U 27
29 0 U 28
30 0 L 1
31 1 U 9
32 1 L 12
33 0 U 12
34 0 U 33
35 1 U 34
36 1 L 27
37 1 L 6
38 0 U -1
39 0 U 38
40 0 L -1
41 0 U 1
42 0 L 19
43 1 U 42
44 1 L 13
45 0 U -1
46 0 L 6
47 0 U 8
48 1 U 47
49 0 U 48
50 1 U 25
51 0 U 17
52 1 U 1
53 1 U 52
54 1 U -1
55 1 U 54
56 1 U 53
57 1 U 56
58 1 U 57
59 1 U 48
60 0 U 30
61 0 U 57
62 0 U 61
63 1 U 50
64 1 U 63
65 0 L 20
66 1 L 45
67 0 U 66
68 1 L 54
69 0 L 44
70 1 U 41
71 1 U 1
72 0 U -1
73 0 L 63
74 1 U 73
75 0 U 74
76 1 U 75
77 0 U 76
78 1 U 77
79 0 U 4
80 1 L 22
81 0 U -1
82 0 U 81
83 1 U 73
84 0 U 73
85 1 L 1
86 1 L 7
87 1 U 86
88 0 U 87
89 1 U 88
90 0 U 40
91 1 L 62
92 0 U 91
93 0 L 9
94 1 L 12
95
0 0 L -1
1 1 U 0
2 0 L -1
3 0 U 2
4 0 L 2
5 1 L 3
6 1 L 3
7 0 U 6
8 0 U 7
9 1 L 8
10 1 L 6
11 1 L 7
12 1 L 11
13 0 U 9
14 0 U 13
15 0 U 14
16 0 U 15
17 1 U 16
18 0 U -1
19 1 L 8
20 1 U 19
21 1 U 3
22 0 U 5
23 0 U 2
24 1 L 17
25 0 U 24
26 1 U 6
27 0 L 0
28 0 U 27
29 0 U 28
30 0 L 1
31 1 U 9
32 1 L 12
33 1 U 32
34 0 U 33
35 1 U 34
36 1 L 27
37 1 L 6
38 0 U 37
39 0 U 38
40 0 L -1
41 1 U 40
42 0 L 19
43 0 U 8
44 1 L 13
45 0 U -1
46 0 L 6
47 0 U 8
48 1 U 47
49 0 U 48
50 1 L 4
51 0 U 17
52 1 U 1
53 1 U 52
54 1 U -1
55 1 U 54
56 1 U 53
57 1 L -1
58 1 U 57
59 1 U 48
60 1 U 56
61 0 U 57
62 0 U 61
63 1 U 50
64 1 U 63
65 0 L 20
66 1 U 50
67 0 U 66
68 1 U 27
69 0 L 44
70 1 U 41
71 1 U 1
72 0 U -1
73 0 L 63
74 1 U 73
75 0 U 74
76 1 U 75
77 0 U 76
78 1 U 77
79 0 U 4
80 1 L 22
81 0 U -1
82 0 U 81
83 1 U 73
84 0 U 73
85 1 L 1
86 1 L 7
87 1 U 86
88 0 U 87
89 1 U 88
90 1 L 68
91 1 L 62
92 0 U 91
93 0 U 68
94 1 L 12
95
0 0 L -1
1 1 U 0
2 0 L -1
3 0 U 2
4 0 L 0
5 1 L 3
6 0 U 3
7 0 U 6
8 0 U 7
9 1 L 8
10 0 L 4
11 1 L 7
12 1 L 11
13 0 U 9
14 0 U 13
15 0 U 14
16 0 U 15
17 1 U 16
18 0 U -1
19 1 L 8
20 1 U 19
21 1 U 3
22 1 U 14
23 0 U 2
24 1 L 17
25 0 U 24
26 1 U 6
27 1 U 23
28 0 U 27
29 0 U 28
30 0 L 1
31 0 L 23
32 1 L 12
33 1 U 32
34 0 U 33
35 1 U 34
36 1 L 27
37 0 L 28
38 0 U 37
39 0 U 19
40 0 L -1
41 1 U 40
42 0 L 19
43 1 U 42
44 1 L 13
45 0 U -1
46 1 L 8
47 0 U 8
48 0 L 30
49 0 U 48
50 1 U 25
51 0 U 17
52 1 U 1
53 1 U 52
54 1 U -1
55 1 U 54
56 1 U 53
57 1 U 56
58 1 U 57
59 1 U 48
60 1 U 56
61 0 U 57
62 0 U 61
63 1 U 50
64 1 U 63
65 0 L 20
66 1 L 45
67 0 U 66
68 1 U 27
69 0 L 44
70 1 U 41
71 1 U 1
72 0 U -1
73 0 L 63
74 1 U 73
75 0 U 74
76 1 L 40
77 0 U 76
78 1 U 77
79 0 U 4
80 1 L 22
81 0 U -1
82 0 U 81
83 1 U 73
84 0 U 73
85 1 L 1
86 1 L 7
87 0 U 64
88 0 U 87
89 1 U 88
90 1 L 68
91 1 L 62
92 1 U 58
93 0 L 9
94 1 L 12
95
0 0 L -1
1 1 U 0
2 0 L -1
3 0 U 2
4 0 L 0
5 1 L 3
6 1 L 3
7 0 U 6
8 0 U 7
9 1 L 8
10 0 L 4
11 1 L 7
12 1 L 11
13 0 U 9
14 0 U 13
15 0 U 14
16 0 U 15
17 0 L 1
18 0 U -1
19 1 L 8
20 1 U 19
21 1 U 3
22 0 U 5
23 0 U 2
24 1 L 17
25 0 U 24
26 1 U 6
27 1 U 23
28 0 U 27
29 0 U 28
30 0 L 1
31 1 U 9
32 1 L 12
33 1 U 32
34 0 U 33
35 1 U 19
36 1 U 15
37 1 L 6
38 0 U 37
39 0 U 38
40 0 L -1
41 1 U 40
42 0 L 19
43 1 U 42
44 1 L 13
45 0 U -1
46 0 L 6
47 0 U 8
48 1 U 47
49 0 U 48
50 1 U 25
51 0 U 17
52 1 U 1
53 1 U 52
54 1 U -1
55 1 U 54
56 1 U 53
57 1 U 56
58 1 U 57
59 1 U 48
60 1 U 56
61 0 U 57
62 0 U 61
63 1 U 50
64 1 U 42
65 1 U 16
66 1 L 45
67 0 U 66
68 0 L 54
69 0 L 44
70 1 L 18
71 1 U 1
72 0 U -1
73 0 L 63
74 1 U 73
75 0 U 74
76 1 U 75
77 0 L 16
78 1 U 77
79 0 U 4
80 1 L 22
81 0 U -1
82 0 U 81
83 1 U 73
84 0 U 73
85 1 L 1
86 1 L 7
87 1 U 86
88 0 U 87
89 1 U 88
90 1 U 69
91 1 L 62
92 0 U 91
93 1 L 70
94 1 U 90
95
0 0 L -1
1 1 U 0
2 0 L -1
3 0 U 2
4 0 L 0
5 1 L 3
6 1 L 3
7 0 U 2
8 0 U 7
9 1 L 8
10 0 L 4
11 1 L 7
12 1 L 11
13 0 U 9
14 0 U 13
15 0 U 14
16 0 U 15
17 1 U 16
18 0 U -1
19 1 L 8
20 1 U 19
21 1 U 3
22 0 U 5
23 0 U 2
24 1 L 17
25 0 U 24
26 1 U 6
27 1 U 23
28 0 U 27
29 0 U 24
30 0 L 1
31 1 U 9
32 0 L 9
33 1 L 15
34 0 U 33
35 1 U 34
36 1 L 27
37 1 L 6
38 0 U 37
39 0 U 14
40 0 U 33
41 1 U 40
42 1 L 17
43 0 L 35
44 1 L 13
45 0 U -1
46 0 L 6
47 0 U 8
48 1 U 23
49 0 U 48
50 1 U 25
51 0 U 17
52 1 U 1
53 1 U 52
54 1 U 6
55 1 U 54
56 1 U 53
57 1 U 56
58 1 U 57
59 1 U 48
60 1 U 51
61 0 U 57
62 0 U 61
63 1 U 50
64 1 U 63
65 0 L 20
66 1 L 45
67 0 U 66
68 1 U 27
69 0 L 44
70 1 U 41
71 1 U 1
72 0 U -1
73 0 L 63
74 0 U 53
75 0 U 74
76 1 U 75
77 0 U 76
78 1 U 77
79 0 U 4
80 1 L 22
81 0 U -1
82 0 U 81
83 1 U 73
84 0 L 44
85 1 L 1
86 1 L 7
87 0 L 37
88 0 U 87
89 1 L 54
90 0 U 37
91 0 L 76
92 0 U 91
93 0 U 1
94 1 L 12
95
0 0 L -1
1 1 U 0
2 0 L -1
3 0 U 2
4 0 L 0
5 1 L 3
6 1 L 3
7 0 U 6
8 0 U 7
9 1 L 8
10 0 L 4
11 1 L 7
12 1 L 11
13 0 U 9
14 0 U 13
15 0 U 14
16 0 U 15
17 1 U 16
18 0 U -1
19 1 L 8
20 1 U 19
21 1 U 3
22 0 U 8
23 0 U 2
24 0 U 23
25 0 U 24
26 1 U 6
27 1 U 23
28 0 U 27
29 0 U 28
30 0 L 1
31 1 U 9
32 1 L 12
33 1 U 32
34 0 U 33
35 1 U 34
36 1 L 27
37 1 L 6
38 0 U 37
39 0 U 38
40 0 L -1
41 1 U 6
42 0 L 19
43 1 U 42
44 1 L 29
45 0 U -1
46 0 L 6
47 0 U 8
48 1 U 47
49 0 U 48
50 1 L 10
51 0 U 17
52 1 U 1
53 1 U 52
54 0 U 42
55 1 U 54
56 1 U 53
57 1 U 56
58 1 U 57
59 1 U 48
60 1 U 56
61 0 U 57
62 0 U 61
63 1 U 50
64 1 U 63
65 0 L 20
66 1 L 45
67 0 U 66
68 1 U 27
69 0 L 44
70 1 U 41
71 1 U 1
72 0 U 32
73 0 L 63
74 1 U 73
75 0 U 74
76 1 U 75
77 0 U 76
78 1 U 77
79 0 U 4
80 1 L 22
81 0 U -1
82 0 U 81
83 1 U 73
84 0 U 73
85 1 L 1
86 1 L 6
87 1 U 86
88 0 L 22
89 1 U 88
90 1 L 68
91 1 L 62
92 0 U 91
93 0 L 9
94 1 L 12
95
0 0 L -1
1 1 U 0
2 0 L -1
3 0 U 2
4 0 L 0
5 1 L 3
6 1 L 3
7 0 U 6
8 0 U 7
9 1 L 8
10 0 L 4
11 1 L 7
12 1 L 11
13 0 U 9
14 0 U 13
15 0 U 14
16 0 U 15
17 1 U 16
18 0 U -1
19 1 L 8
20 1 U 19
21 1 U 3
22 0 U 8
23 0 U 2
24 0 U 23
25 0 U 24
26 1 U 6
27 1 U 23
28 0 U 27
29 0 U 28
30 1 L 6
31 1 U 9
32 1 L 12
33 1 U 32
34 0 U 33
35 1 U 34
36 1 L 27
37 1 L 6
38 0 U 37
39 0 U 38
40 0 L -1
41 0 L 8
42 0 L 19
43 1 U 42
44 1 L 29
45 0 U -1
46 0 L 6
47 0 U 8
48 1 U 47
49 0 U 48
50 1 L 10
51 0 U 17
52 1 U 1
53 1 U 52
54 0 U 42
55 1 U 54
56 1 U 53
57 1 U 56
58 1 U 57
59 1 U 48
60 1 U 56
61 0 U 57
62 0 U 61
63 1 U 50
64 1 U 63
65 0 L 20
66 1 L 45
67 0 U 66
68 0 U 25
69 0 L 44
70 1 U 41
71 1 U 28
72 0 U 32
73 0 L 63
74 1 U 73
75 0 U 74
76 1 U 75
77 0 U 76
78 1 U 77
79 0 U 4
80 1 L 22
81 1 U 33
82 0 U 81
83 1 U 73
84 0 U 73
85 1 L 1
86 1 L 6
87 1 U 86
88 0 L 22
89 1 U 88
90 1 L 68
91 1 L 62
92 1 L 49
93 0 L 9
94 1 L 12
