43
0 0 U -1
1 1 U 0
2 0 U 1
3 1 U 2
4 1 U 3
5 1 U 4
6 0 U -1
7 0 U 6
8 1 U 7
9 1 U 8
10 1 U 9
11 1 U 10
12 1 U -1
13 1 U 12
14 0 U 13
15 0 U 14
16 1 U 15
17 0 U 16
18 0 U -1
19 1 U 18
20 0 U 19
21 0 U 20
22 0 U 21
23 1 U 22
24 0 U -1
25 1 U 24
26 0 U 25
27 0 U 26
28 0 U 27
29 0 U 28
30 0 U -1
31 0 U 30
32 1 U 31
33 1 U 32
34 1 U 33
35 1 U 34
36 0 U -1
37 1 U 36
38 1 U 37
39 1 U 38
40 0 U 39
41 1 U 40
42 0 U -1
43
0 0 U -1
1 1 U 0
2 0 U 1
3 1 U 2
4 1 U 3
5 1 U 4
6 0 U -1
7 0 U 6
8 1 U 7
9 1 U 8
10 0 U 6
11 1 U 10
12 1 L 10
13 1 U 12
14 0 U 13
15 0 U 14
16 1 U 15
17 0 U 16
18 0 U -1
19 1 L 1
20 0 U 19
21 0 U 20
22 1 L 11
23 1 U 22
24 0 U -1
25 1 U 24
26 0 U 25
27 0 U 26
28 1 L 15
29 0 U 28
30 0 U -1
31 0 U 30
32 1 U 31
33 1 U 32
34 1 U 33
35 1 U 34
36 0 U -1
37 1 U 36
38 1 U 37
39 1 U 38
40 0 U 39
41 1 U 40
42 0 U -1
43
0 0 U -1
1 1 U 0
2 0 U 1
3 1 U 2
4 1 U 3
5 1 U 4
6 0 L 5
7 0 U 6
8 1 U 7
9 1 U 8
10 0 U 6
11 1 U 10
12 1 L 10
13 1 U 12
14 0 U 13
15 1 L 0
16 1 U 15
17 0 U 16
18 0 U -1
19 1 L 1
20 0 U 19
21 0 U 20
22 1 L 11
23 1 U 22
24 0 U -1
25 1 U 24
26 0 U 25
27 0 U 26
28 1 L 15
29 0 U 28
30 0 U -1
31 1 L 21
32 1 U 31
33 1 U 32
34 1 U 33
35 1 U 34
36 0 U -1
37 1 U 36
38 1 U 37
39 1 U 38
40 0 U 39
41 1 U 40
42 0 U -1
43
0 0 U -1
1 0 U 0
2 0 U 1
3 1 U 2
4 0 U 1
5 1 U 4
6 0 U -1
7 0 U 6
8 1 U 7
9 1 U 8
10 0 U 6
11 0 U 5
12 1 L 10
13 1 U 12
14 0 U 13
15 0 U 14
16 1 U 15
17 0 U 16
18 0 U -1
19 1 L 1
20 0 U 19
21 0 U 20
22 1 L 11
23 1 U 22
24 0 U -1
25 1 U 24
26 0 U 25
27 0 U 26
28 1 L 15
29 0 U 28
30 0 U -1
31 0 U 30
32 1 U 31
33 1 U 32
34 0 L 2
35 1 U 34
36 0 L 5
37 1 U 36
38 0 U 22
39 1 U 38
40 0 U 39
41 1 U 40
42 0 U -1
43
0 0 U -1
1 0 U 0
2 0 U 1
3 1 U 2
4 0 L -1
5 1 U 4
6 0 U -1
7 0 U 6
8 1 U 7
9 1 U 8
10 0 U 6
11 0 U 5
12 1 L 10
13 1 U 12
14 0 U 13
15 1 U 1
16 1 U 15
17 0 U 16
18 0 U -1
19 1 L 1
20 0 U 8
21 0 U 20
22 1 L 11
23 1 U 22
24 0 U -1
25 1 U 24
26 0 U 25
27 0 U 26
28 1 L 15
29 0 U 28
30 0 U -1
31 0 U 30
32 1 U 31
33 1 U 32
34 0 L 2
35 1 U 34
36 0 L 5
37 1 U 36
38 0 U 22
39 1 U 38
40 0 U 39
41 1 U 6
42 0 U -1
43
0 0 U -1
1 0 U 0
2 0 U 1
3 1 U 2
4 0 U 1
5 0 L 4
6 0 U -1
7 0 U 6
8 1 U 0
9 1 U 8
10 0 U 6
11 0 U 5
12 1 L 10
13 1 U 2
14 0 U 13
15 0 U 14
16 1 U 15
17 0 U 16
18 0 U -1
19 1 L 1
20 0 U 19
21 0 U 20
22 0 L 6
23 1 U 22
24 0 U -1
25 1 U 24
26 0 U 25
27 0 U 26
28 0 L 12
29 0 U 28
30 0 U -1
31 0 U 30
32 1 U 31
33 1 U 32
34 0 L 2
35 1 U 31
36 0 L 12
37 1 U 36
38 0 L 3
39 1 U 38
40 0 U 39
41 1 U 40
42 0 U -1
43
0 0 U -1
1 0 U 0
2 0 U 1
3 1 U 2
4 0 U 1
5 0 L 4
6 1 L -1
7 0 U 5
8 0 L -1
9 1 U 8
10 0 U 6
11 0 U 5
12 1 L 10
13 1 U 2
14 0 U 12
15 0 U 14
16 1 U 15
17 0 U 16
18 0 U -1
19 0 U 14
20 0 U 19
21 0 U 20
22 0 L 6
23 1 U 22
24 0 U -1
25 1 U 24
26 1 U 24
27 0 U 26
28 0 L 12
29 0 U 28
30 0 U -1
31 0 U 30
32 1 U 31
33 1 U 32
34 0 L 2
35 1 U 31
36 0 L 12
37 1 U 36
38 0 L 3
39 1 L 36
40 0 U 39
41 1 L 32
42 0 U -1
43
0 0 U -1
1 0 U 0
2 0 U 1
3 1 U 2
4 0 U 1
5 0 L 4
6 0 U -1
7 0 U 6
8 1 U 0
9 1 U 8
10 0 U 6
11 0 U 5
12 1 L 10
13 1 U 2
14 0 U 13
15 0 U 14
16 0 U 1
17 0 U 16
18 0 U -1
19 1 L 1
20 0 U 19
21 0 U 20
22 0 L 6
23 1 U 22
24 0 U -1
25 1 U 2
26 1 U 4
27 0 U 26
28 0 L 12
29 0 U 28
30 0 U -1
31 0 U 30
32 1 U 31
33 1 U 32
34 0 L 2
35 1 U 31
36 0 L 12
37 1 U 36
38 0 L 3
39 1 U 38
40 0 U 39
41 1 U 40
42 0 U -1
43
0 0 U -1
1 0 U 0
2 0 L 0
3 1 U 2
4 0 U 1
5 1 U 4
6 0 L 1
7 0 U 6
8 1 U 0
9 1 U 8
10 0 U 6
11 0 U 5
12 0 U 5
13 1 U 2
14 0 U 13
15 0 U 14
16 1 U 15
17 0 U 16
18 0 U -1
19 1 L 1
20 0 U 19
21 0 L 3
22 0 L 6
23 1 U 22
24 0 U -1
25 1 U 24
26 0 U 25
27 0 U 26
28 0 L 12
29 0 U 28
30 0 U -1
31 0 U 30
32 1 U 31
33 1 U 32
34 0 L 2
35 1 U 31
36 0 L 12
37 1 U 36
38 0 L 3
39 1 U 38
40 0 U 39
41 1 U 33
42 1 L 31
43
0 0 U -1
1 0 U 0
2 0 U 1
3 1 U 2
4 0 U 1
5 0 L 4
6 0 U -1
7 0 U 6
8 1 L 3
9 1 U 8
10 0 U 6
11 0 U 5
12 1 L 1
13 1 U 2
14 0 L 9
15 0 L 4
16 1 U 15
17 0 U 16
18 0 U -1
19 1 L 12
20 0 U 19
21 0 U 20
22 0 L 6
23 1 U 22
24 0 U -1
25 1 U 24
26 0 U 25
27 0 U 26
28 0 L 12
29 0 U 28
30 0 U -1
31 0 U 30
32 1 U 31
33 0 U 15
34 0 L 2
35 1 U 31
36 0 L 12
37 1 U 36
38 0 L 3
39 0 L 32
40 0 U 39
41 1 U 40
42 0 U -1
43
0 0 U -1
1 0 U 0
2 0 U 1
3 1 U 2
4 0 U 1
5 0 L 4
6 0 U -1
7 0 U 6
8 1 U 6
9 1 U 8
10 0 U 6
11 0 U 5
12 1 L 10
13 1 U 2
14 0 U 13
15 1 U -1
16 1 U 15
17 0 U 16
18 0 U -1
19 1 L 1
20 0 U 19
21 0 U 20
22 0 L 6
23 1 U 22
24 0 U -1
25 1 U 24
26 0 U 25
27 0 U 26
28 0 L 12
29 0 U 28
30 0 U -1
31 0 U 30
32 1 U 31
33 1 U 32
34 0 L 2
35 1 U 31
36 0 L 12
37 1 U 36
38 0 L 3
39 1 L 5
40 0 U 39
41 1 U 40
42 0 U -1
43
0 0 U -1
1 0 U 0
2 0 U 1
3 1 U 2
4 0 U 1
5 0 L 4
6 0 U -1
7 0 U 6
8 1 U 0
9 1 U 8
10 0 U 6
11 0 U 5
12 1 L 10
13 1 U 2
14 0 U 13
15 0 U 9
16 1 U 15
17 0 U 16
18 0 U -1
19 1 L 1
20 0 U 19
21 0 U 20
22 0 L 6
23 1 U 22
24 0 U -1
25 1 U 24
26 0 U 25
27 0 U 26
28 0 L 12
29 0 L 25
30 0 U -1
31 0 U 30
32 1 U 31
33 1 U 32
34 1 U 33
35 1 U 31
36 1 U 16
37 1 L -1
38 0 L 3
39 1 U 38
40 0 U 39
41 1 U 40
42 0 U -1
43
0 0 U -1
1 0 U 0
2 0 U 1
3 1 U 2
4 0 U 1
5 0 L 4
6 0 U -1
7 0 U 6
8 1 U 0
9 1 U 8
10 0 U 6
11 0 U 5
12 1 L 10
13 1 U 2
14 0 U 10
15 0 U 14
16 1 U 15
17 0 U 16
18 0 U -1
19 1 L 1
20 0 U 19
21 0 U 20
22 0 L 6
23 0 L 22
24 0 U 20
25 1 U 24
26 0 U 25
27 0 U 26
28 1 L 16
29 0 U 28
30 0 U -1
31 0 U 30
32 1 U 31
33 1 U 32
34 0 L 2
35 1 U 31
36 0 L 12
37 1 U 36
38 0 L 3
39 1 U 38
40 0 U 39
41 1 U 40
42 0 U -1
43
0 0 U -1
1 0 U 0
2 0 U 1
3 1 U 2
4 0 U 1
5 0 L 4
6 0 U -1
7 0 U 6
8 1 U 0
9 1 U 8
10 0 U 6
11 0 U 5
12 1 L 10
13 1 U 2
14 0 U 4
15 0 U 14
16 0 L 15
17 0 U 16
18 0 U -1
19 1 L 8
20 0 U 19
21 0 U 20
22 0 L 6
23 0 L 9
24 0 U -1
25 1 U 24
26 0 U 25
27 0 U 26
28 1 U 18
29 0 U 28
30 0 U -1
31 0 U 30
32 1 U 31
33 1 U 32
34 0 L 2
35 1 U 31
36 0 L 12
37 1 U 23
38 0 L 3
39 1 U 38
40 0 U 39
41 1 L 1
42 0 U -1
43
0 0 U -1
1 0 U 0
2 0 U 1
3 0 L 1
4 0 L 1
5 0 L 4
6 1 L 2
7 0 U 6
8 0 U 6
9 1 U 8
10 0 U 6
11 0 U 5
12 1 L 10
13 1 U 2
14 0 U 13
15 0 U 14
16 1 U 15
17 0 U 16
18 0 U -1
19 1 L 1
20 1 L 5
21 0 U 20
22 0 L 6
23 1 U 22
24 0 U -1
25 1 U 24
26 0 L 11
27 0 U 26
28 0 L 12
29 0 U 28
30 0 U -1
31 0 U 30
32 1 U 31
33 1 U 32
34 0 L 2
35 1 U 31
36 0 L 12
37 1 U 36
38 0 L 3
39 1 U 38
40 0 U 39
41 1 U 40
42 0 U -1
43
0 0 U -1
1 0 U 0
2 0 U 1
3 1 U 2
4 0 U 1
5 0 L 4
6 0 U -1
7 0 U 6
8 1 U 0
9 1 U 8
10 0 U 6
11 0 U 5
12 1 L 10
13 1 U 2
14 0 U 13
15 0 U 14
16 1 U 15
17 0 U 16
18 0 U -1
19 1 L 1
20 0 U 19
21 0 U 20
22 0 L 6
23 1 U 22
24 0 U -1
25 1 U 24
26 0 U 25
27 0 U 26
28 1 L 8
29 0 U 28
30 0 U -1
31 0 U 30
32 1 U 31
33 1 U 32
34 0 L 2
35 0 U 21
36 0 L 12
37 1 U 36
38 0 L 3
39 1 U 38
40 0 U 39
41 1 U 40
42 0 U -1
43
0 0 U -1
1 0 U 0
2 0 U 1
3 1 U 2
4 0 U 1
5 0 L 4
6 1 L 3
7 0 U 6
8 1 U 0
9 1 U 8
10 0 U 6
11 0 U 5
12 1 L 10
13 0 L 2
14 0 U 13
15 0 U 14
16 1 U 15
17 0 U 16
18 0 U -1
19 1 L 1
20 0 U 19
21 0 U 20
22 0 L 6
23 1 U 22
24 0 U -1
25 1 U 24
26 0 U 25
27 0 U 26
28 1 U 1
29 0 U 28
30 0 U -1
31 0 U 30
32 1 U 31
33 1 U 32
34 0 U 5
35 1 U 31
36 0 L 12
37 1 U 36
38 0 U 24
39 1 U 38
40 0 U 39
41 1 U 40
42 0 U -1
43
0 0 U -1
1 0 U 0
2 0 U 1
3 1 U 2
4 0 U 2
5 0 L 4
6 0 U -1
7 0 U 6
8 1 U 0
9 1 U 1
10 0 U 6
11 0 U 5
12 1 L 10
13 1 U 2
14 1 U 2
15 0 U 14
16 1 U 15
17 0 U 16
18 0 U -1
19 1 L 1
20 0 U 19
21 0 U 20
22 0 L 6
23 1 U 22
24 0 U -1
25 1 U 24
26 0 U 25
27 0 U 26
28 0 L 12
29 0 U 28
30 0 U -1
31 0 L 19
32 1 U 31
33 1 U 32
34 0 L 2
35 1 U 31
36 0 L 12
37 1 U 36
38 0 L 3
39 1 U 38
40 0 U 39
41 1 U 40
42 0 U -1
43
0 0 U -1
1 0 U 0
2 0 U 1
3 0 L 2
4 0 U 1
5 0 L 4
6 0 U -1
7 0 U 6
8 1 U 0
9 1 U 8
10 0 U 6
11 0 U 5
12 1 L 10
13 1 U 2
14 0 U 13
15 0 U 14
16 1 U 15
17 0 U 16
18 0 U -1
19 1 L 1
20 0 U 19
21 0 U 20
22 0 L 6
23 1 U 22
24 0 U -1
25 1 U 24
26 0 U 25
27 0 U 26
28 0 L 12
29 0 U 28
30 1 L 23
31 0 U 30
32 1 U 31
33 1 U 32
34 0 L 2
35 1 L 28
36 0 L 12
37 1 U 36
38 0 L 3
39 1 U 38
40 0 U 39
41 1 U 40
42 0 U -1
43
0 1 U -1
1 0 U 0
2 0 U 1
3 1 U 2
4 0 U 1
5 0 L 4
6 1 L 0
7 0 U 6
8 1 U 0
9 1 U 8
10 0 U 6
11 0 U 5
12 1 L 10
13 1 U 2
14 0 U 13
15 0 U 14
16 1 U 15
17 0 U 16
18 0 U -1
19 1 L 1
20 1 L 11
21 0 U 20
22 0 L 6
23 1 U 22
24 0 U -1
25 1 U 24
26 0 U 25
27 0 U 26
28 0 L 12
29 0 U 28
30 1 L 28
31 0 U 30
32 1 U 31
33 1 U 32
34 0 L 2
35 0 U 3
36 0 L 12
37 1 U 36
38 0 L 3
39 1 U 38
40 0 U 39
41 1 U 40
42 0 U -1
43
0 0 U -1
1 0 U 0
2 1 L 1
3 1 U 2
4 0 U 1
5 0 L 4
6 0 U -1
7 0 U 6
8 1 U 0
9 1 U 8
10 0 U 6
11 1 U 1
12 1 U 3
13 1 U 2
14 0 U 13
15 0 U 14
16 1 U 15
17 0 U 16
18 0 U -1
19 1 L 1
20 0 U 19
21 0 U 20
22 0 L 6
23 1 U 22
24 0 U -1
25 1 U 24
26 0 U 25
27 0 U 26
28 0 L 12
29 0 U 28
30 0 U -1
31 0 U 30
32 1 U 31
33 1 U 32
34 0 L 2
35 1 U 31
36 0 L 12
37 1 U 36
38 0 L 3
39 1 U 38
40 0 U 39
41 0 U 0
42 0 U -1
43
0 0 U -1
1 0 U 0
2 0 U 1
3 1 U 2
4 1 L 3
5 0 L 4
6 0 U -1
7 0 U 6
8 1 U 0
9 1 U 8
10 0 U 6
11 0 U 5
12 1 L 10
13 1 U 2
14 0 U 13
15 0 U 14
16 1 U 15
17 0 U 16
18 0 U -1
19 1 L 1
20 0 U 19
21 0 U 20
22 0 L 6
23 1 U 22
24 0 U -1
25 1 U 24
26 0 U 25
27 0 U 26
28 0 L 12
29 0 U 28
30 0 U -1
31 0 U 30
32 1 U 31
33 1 U 32
34 0 L 2
35 1 U 31
36 0 L 12
37 1 U 36
38 0 L 3
39 0 U 2
40 0 U 39
41 1 U 40
42 0 U -1
43
0 0 U -1
1 0 U 0
2 0 U 1
3 1 U 2
4 0 U 1
5 0 L 4
6 0 U -1
7 0 U 6
8 1 U 0
9 1 U 8
10 1 L 4
11 0 U 5
12 1 L 10
13 1 U 2
14 0 U 13
15 0 U 14
16 1 U 15
17 0 U 16
18 0 U -1
19 1 L 1
20 0 U 19
21 0 U 20
22 0 L 6
23 1 U 22
24 0 U -1
25 1 U 24
26 0 U 25
27 1 U 7
28 0 L 12
29 0 U 28
30 1 U 24
31 0 U 30
32 1 U 31
33 1 U 32
34 0 L 2
35 1 L 21
36 0 L 12
37 1 U 36
38 1 U 31
39 1 U 38
40 0 U 34
41 1 U 40
42 0 U -1
43
0 0 U -1
1 0 U 0
2 0 U 1
3 1 U 2
4 0 U 1
5 0 L 4
6 0 U -1
7 0 U 6
8 1 U 0
9 1 U 8
10 0 U 6
11 0 U 5
12 1 L 10
13 1 U 2
14 0 U 4
15 0 U 14
16 1 U 15
17 0 U 16
18 0 U -1
19 1 L 1
20 0 U 19
21 0 U 20
22 0 L 6
23 1 U 22
24 0 U -1
25 0 U 24
26 0 U 25
27 0 U 26
28 1 L 17
29 0 U 28
30 0 U -1
31 0 U 30
32 1 U 31
33 1 U 32
34 0 L 2
35 1 U 31
36 0 U 34
37 1 U 36
38 0 L 3
39 1 U 38
40 1 L 5
41 1 U 40
42 0 U -1
43
0 0 U -1
1 0 U 0
2 0 U 1
3 1 U 2
4 0 U 1
5 0 L -1
6 0 U -1
7 0 U 6
8 1 U 0
9 1 U 8
10 0 U 6
11 0 U 5
12 1 L 10
13 1 U 2
14 0 U 13
15 0 U 14
16 1 U 15
17 0 U 16
18 0 U -1
19 1 L 1
20 0 U 19
21 0 U 20
22 0 L 6
23 1 U 22
24 0 U -1
25 1 U 24
26 0 U 25
27 0 U 26
28 0 L 15
29 0 U 5
30 0 U -1
31 0 U 30
32 1 U 31
33 1 U 32
34 0 L 2
35 1 U 31
36 0 L 12
37 1 U 36
38 0 L 3
39 1 U 38
40 0 U 39
41 1 U 40
42 0 U -1
43
0 0 U -1
1 0 U 0
2 0 U 1
3 1 U 2
4 0 U 1
5 0 L 4
6 0 U -1
7 1 U 4
8 1 U 0
9 1 U 8
10 0 U 6
11 0 U 5
12 1 L 10
13 1 U 2
14 0 U 13
15 0 U 14
16 1 U 15
17 0 U 16
18 0 U -1
19 1 L 1
20 0 U 19
21 0 U 20
22 0 L 6
23 1 U 22
24 0 U -1
25 1 U 24
26 0 U 25
27 0 U 26
28 0 L 12
29 0 U 28
30 0 U -1
31 0 U 30
32 1 U 31
33 0 L 18
34 0 L 23
35 1 U 31
36 0 L 12
37 1 U 36
38 0 L 3
39 1 L 16
40 0 U 39
41 1 U 40
42 0 U -1
43
0 0 U -1
1 0 U 0
2 0 U 1
3 1 U 2
4 0 U 1
5 0 L 4
6 0 U -1
7 0 U 6
8 1 U 0
9 1 U 8
10 0 U 6
11 0 U 5
12 1 L 10
13 1 U 2
14 0 U 13
15 0 U 14
16 0 U 13
17 0 U 16
18 0 U -1
19 1 L 1
20 0 U 19
21 0 U 20
22 0 L 6
23 1 U 22
24 0 U -1
25 1 U 24
26 0 U 25
27 0 U 26
28 0 L 12
29 0 U 28
30 0 U -1
31 0 U 30
32 1 U 31
33 0 U 14
34 0 L 2
35 1 U 31
36 0 L 12
37 1 U 36
38 0 L 3
39 1 U 38
40 0 U 39
41 1 U 40
42 0 U -1
43
0 0 U -1
1 0 U 0
2 0 U 1
3 1 U 2
4 0 U 1
5 0 L 4
6 0 U -1
7 0 U 6
8 1 U 0
9 0 U 8
10 0 U 6
11 0 U 5
12 1 L 10
13 1 U 2
14 0 U 13
15 1 L 4
16 1 U 15
17 0 U 16
18 0 U -1
19 1 L 1
20 0 U 19
21 0 U 20
22 1 U 5
23 1 U 22
24 0 U -1
25 1 U 24
26 0 U 25
27 0 U 26
28 0 L 12
29 1 U 27
30 0 U -1
31 0 U 30
32 1 U 31
33 1 U 32
34 0 L 4
35 1 U 31
36 0 L 12
37 1 U 36
38 0 L 3
39 1 U 38
40 0 U 39
41 1 U 40
42 0 U -1
43
0 0 U -1
1 0 U 0
2 0 U 1
3 1 U 2
4 0 U 1
5 0 L 4
6 0 U -1
7 0 U 6
8 1 U 0
9 1 U 8
10 0 U 6
11 0 U 5
12 1 L 10
13 1 U 2
14 0 U 13
15 0 U 14
16 1 U 15
17 0 U 16
18 0 U -1
19 1 L 1
20 0 U 19
21 1 U 1
22 0 L 6
23 1 U 22
24 0 U -1
25 1 U 24
26 0 U 25
27 0 U 26
28 0 L 12
29 0 U 28
30 0 U -1
31 0 U 30
32 1 U 31
33 1 U 32
34 0 L 2
35 1 U 31
36 0 L 12
37 1 U 36
38 0 L 3
39 0 L 4
40 0 U 39
41 1 U 40
42 0 U -1
43
0 0 U -1
1 0 U 0
2 0 U 1
3 1 U 2
4 0 U 1
5 0 L 4
6 0 U -1
7 0 U 6
8 1 U 0
9 1 U 8
10 0 U 6
11 1 U 7
12 1 L 10
13 1 U 2
14 1 L 13
15 0 U 14
16 1 U 15
17 0 U 16
18 0 U -1
19 1 L 1
20 1 L 7
21 0 U 20
22 1 U 0
23 1 U 22
24 0 U -1
25 1 U 24
26 0 U 25
27 0 U 26
28 0 L 12
29 0 U 28
30 1 L 17
31 0 U 30
32 1 U 31
33 1 U 32
34 0 L 2
35 1 U 31
36 0 L 12
37 1 U 36
38 0 L 3
39 1 U 38
40 0 U 39
41 1 U 40
42 0 U -1
43
0 0 U -1
1 0 U 0
2 0 U 1
3 0 U 2
4 0 U 1
5 0 L 4
6 0 U -1
7 0 U 6
8 1 U 0
9 1 U 8
10 0 U 6
11 0 U 5
12 1 L 10
13 1 U 2
14 0 U 13
15 0 U 14
16 1 U 15
17 0 U 16
18 0 U -1
19 1 L 1
20 0 U 19
21 0 U 20
22 0 L 6
23 1 U 22
24 0 U -1
25 0 U 4
26 0 U 25
27 0 U 26
28 0 L 12
29 0 U 28
30 0 U -1
31 0 U 30
32 1 U 31
33 1 U 32
34 0 L 2
35 1 U 31
36 0 L 12
37 1 U 36
38 0 L 3
39 1 U 38
40 0 U 39
41 1 U 40
42 0 U -1
43
0 0 U -1
1 0 U 0
2 0 U 1
3 1 U 2
4 0 U 1
5 0 L 4
6 0 U -1
7 0 U 6
8 1 U 0
9 1 U 8
10 0 U 6
11 0 U 5
12 1 L 10
13 1 U 2
14 0 U 13
15 0 U 14
16 1 U 10
17 0 U 16
18 0 U -1
19 1 U 7
20 0 U 19
21 0 U 20
22 0 L 6
23 1 U 22
24 0 L 21
25 1 U 24
26 0 U 25
27 0 U 26
28 0 L 12
29 0 U 28
30 0 U -1
31 0 U 30
32 1 U 31
33 1 U 32
34 0 L 2
35 1 U 31
36 0 L 12
37 1 U 36
38 0 L 3
39 1 L 2
40 0 U 39
41 1 U 40
42 1 L 22
43
0 0 U -1
1 0 U 0
2 1 U -1
3 1 U 2
4 0 U 1
5 0 L 4
6 0 U -1
7 0 U 6
8 1 U 0
9 1 U 8
10 0 U 6
11 0 U 5
12 1 L 10
13 1 U 2
14 0 U 13
15 0 U 14
16 1 U 15
17 0 U 16
18 0 U -1
19 1 L 1
20 0 U 19
21 1 U 14
22 0 L 6
23 1 U 22
24 0 U -1
25 1 U 24
26 0 U 25
27 0 U 26
28 0 L 12
29 0 U 28
30 0 U -1
31 0 U 30
32 1 U 31
33 1 U 32
34 0 L 2
35 1 U 31
36 0 L 12
37 1 U 36
38 0 L 3
39 1 U 38
40 0 U 39
41 1 U 40
42 0 U -1
43
0 1 U -1
1 0 U 0
2 0 U 1
3 1 U 2
4 1 U 0
5 1 L 2
6 0 U -1
7 0 U 6
8 1 U 0
9 1 U 8
10 0 U 6
11 0 U 5
12 1 L 10
13 1 U 2
14 0 U 13
15 0 U 14
16 1 U 15
17 0 U 16
18 0 U -1
19 1 L 1
20 0 U 19
21 0 U 20
22 0 U 20
23 1 U 22
24 0 U -1
25 1 U 24
26 0 U 25
27 0 U 26
28 0 L 12
29 0 U 28
30 0 U -1
31 1 L 29
32 1 U 31
33 0 L 12
34 0 L 2
35 1 U 31
36 0 L 28
37 1 U 36
38 0 L 3
39 1 U 38
40 0 U 39
41 1 U 40
42 0 U -1
43
0 0 U -1
1 0 L 0
2 0 U 1
3 1 U 2
4 0 U 1
5 0 L 4
6 0 U -1
7 1 L 6
8 1 U 0
9 1 U 8
10 0 U 6
11 0 U 0
12 1 L 10
13 1 U 2
14 0 U 13
15 0 U 4
16 1 U 15
17 0 U 16
18 0 U -1
19 1 L 1
20 0 U 19
21 0 U 20
22 1 L 2
23 1 U 22
24 0 U -1
25 1 U 24
26 0 U 25
27 1 L 12
28 1 L 25
29 0 U 28
30 0 U -1
31 0 U 30
32 1 U 31
33 1 U 32
34 0 L 2
35 1 U 31
36 0 L 12
37 1 U 36
38 0 L 3
39 1 U 38
40 0 U 39
41 1 U 40
42 0 U -1
43
0 0 U -1
1 0 U 0
2 0 U 1
3 1 U 2
4 0 U 1
5 0 L 4
6 0 U -1
7 0 U 6
8 1 U 0
9 1 U 8
10 0 U 6
11 0 U 5
12 1 L 10
13 1 U 2
14 0 L 2
15 0 U 14
16 1 U 15
17 0 U 16
18 0 U -1
19 1 L 1
20 1 U 0
21 0 U 20
22 0 L 6
23 1 U 22
24 0 U 13
25 1 U 24
26 0 U 25
27 0 U 26
28 0 L 12
29 1 U 19
30 0 U -1
31 0 U 30
32 1 U 31
33 1 U 32
34 0 L 2
35 1 U 31
36 1 U 30
37 1 U 36
38 0 L 3
39 1 U 38
40 0 U 39
41 0 U 17
42 0 U -1
43
0 0 U -1
1 0 U 0
2 0 L -1
3 1 U 2
4 0 U 1
5 0 L 4
6 0 U -1
7 0 U 6
8 1 U 0
9 1 U 8
10 0 U 6
11 0 U 5
12 1 L 10
13 1 U 2
14 0 U 13
15 0 U 14
16 1 U 15
17 0 U 16
18 0 U -1
19 1 L 1
20 0 U 19
21 0 U 20
22 0 L 1
23 1 U 10
24 1 U 14
25 1 U 24
26 0 U 25
27 0 U 26
28 0 L 12
29 0 U 28
30 0 U -1
31 0 U 30
32 1 U 31
33 1 U 32
34 0 L 2
35 1 U 31
36 0 U 3
37 1 U 36
38 0 L 3
39 1 U 38
40 0 U 39
41 1 U 40
42 0 U -1
43
0 0 U -1
1 1 U -1
2 0 U 1
3 1 U 2
4 0 U 1
5 0 L 4
6 0 U -1
7 1 U 3
8 1 U 0
9 1 U 8
10 0 U 6
11 0 U 5
12 1 L 10
13 1 U 2
14 0 U 13
15 1 L 5
16 1 U 15
17 0 L 3
18 0 U -1
19 1 L 1
20 0 U 19
21 0 U 20
22 0 L 6
23 1 U 22
24 0 U -1
25 1 U 24
26 0 U 25
27 0 U 26
28 0 L 12
29 0 U 28
30 1 L 8
31 0 U 30
32 1 U 31
33 1 U 32
34 0 L 2
35 1 U 31
36 0 L 12
37 1 U 36
38 0 L 3
39 1 U 38
40 0 U 39
41 1 U 40
42 0 U -1
43
0 0 U -1
1 0 U 0
2 0 U 1
3 1 U 2
4 0 U 1
5 0 L 4
6 0 U -1
7 0 U 6
8 1 U 0
9 1 U 8
10 0 U 6
11 0 U 10
12 1 L 10
13 1 U 2
14 0 U 13
15 0 U 14
16 1 U 15
17 0 U 16
18 0 U -1
19 1 L 1
20 0 U 19
21 0 U 20
22 0 L 6
23 1 U 22
24 0 U 5
25 1 U 24
26 0 U 25
27 0 U 26
28 0 U 13
29 0 U 9
30 0 U -1
31 0 U 30
32 1 U 31
33 1 U 32
34 0 L 2
35 1 U 31
36 0 L 12
37 1 U 36
38 0 L 3
39 1 U 38
40 0 U 39
41 0 U 9
42 0 U -1
43
0 0 U -1
1 0 U 0
2 0 U 1
3 1 U 2
4 0 U 1
5 0 L 4
6 0 U -1
7 0 U 6
8 1 U 0
9 1 U 8
10 0 U 6
11 0 U 5
12 1 L 10
13 1 U 2
14 0 U 13
15 0 U 14
16 1 U 8
17 0 U 16
18 0 U -1
19 1 L 1
20 0 U 19
21 0 U 20
22 0 L 6
23 1 U 22
24 0 U -1
25 1 U 24
26 0 U 25
27 0 U 26
28 0 L 12
29 0 U 28
30 0 U -1
31 0 U 30
32 1 U 31
33 0 U 9
34 0 L 2
35 1 U 31
36 0 L 12
37 1 U 36
38 0 L 3
39 1 U 38
40 0 U 39
41 1 U 40
42 0 U -1
43
0 0 U -1
1 0 U 0
2 1 U 0
3 1 U 2
4 0 U 1
5 0 L 4
6 0 U -1
7 0 U 6
8 1 U 0
9 1 U 8
10 0 U 6
11 0 U 5
12 1 L 10
13 1 U 2
14 0 U 13
15 0 U 14
16 1 U 15
17 0 U 16
18 0 U -1
19 1 L 1
20 0 U 19
21 0 U 20
22 0 L 6
23 1 U 22
24 0 U -1
25 1 U 24
26 0 U 25
27 0 L 16
28 0 L 12
29 0 U 28
30 0 U -1
31 0 U 30
32 1 U 31
33 1 U 32
34 0 L 2
35 1 U 31
36 0 L 12
37 1 U 36
38 0 L 3
39 1 U 38
40 0 U 2
41 1 U 40
42 0 U -1
43
0 0 U -1
1 0 U 0
2 0 U 1
3 1 U 2
4 0 U 1
5 0 L 4
6 0 U -1
7 0 U 6
8 1 U 0
9 1 U 8
10 0 U 6
11 0 U 5
12 1 L 10
13 1 U 2
14 0 U 13
15 0 U 14
16 1 U 15
17 0 U 16
18 0 U -1
19 1 L 1
20 0 U 19
21 1 L -1
22 0 L 6
23 1 U 22
24 1 L -1
25 1 U 24
26 0 U 25
27 0 U 26
28 0 L 12
29 0 U 28
30 0 U -1
31 0 U 30
32 1 U 31
33 1 U 32
34 1 U 14
35 1 U 31
36 0 L 12
37 0 U 10
38 0 L 22
39 1 U 38
40 0 U 39
41 1 U 40
42 0 U -1
43
0 1 U -1
1 0 U 0
2 0 U 1
3 0 U -1
4 0 L 3
5 0 L 4
6 0 U -1
7 0 U 6
8 1 U 0
9 1 U 8
10 0 U 6
11 0 U 5
12 1 L 10
13 1 U 2
14 0 U 13
15 0 U 14
16 1 U 15
17 0 U 16
18 0 U -1
19 1 L 1
20 0 U 19
21 0 U 20
22 0 L 6
23 1 U 22
24 0 U -1
25 1 U 16
26 0 U 25
27 0 U 26
28 0 L 12
29 0 U 28
30 0 U -1
31 0 U 30
32 1 U 31
33 1 U 32
34 0 L 1
35 1 U 31
36 0 L 12
37 1 U 36
38 0 U 12
39 1 U 38
40 0 U 39
41 1 U 40
42 0 U -1
43
0 0 U -1
1 0 U 0
2 0 U 1
3 1 U 2
4 0 U 1
5 0 U 2
6 0 U -1
7 0 U 6
8 1 U 0
9 1 U 8
10 0 U 6
11 0 U 5
12 1 L 10
13 1 U 2
14 0 U 13
15 0 U 14
16 0 U 13
17 0 U 16
18 0 U -1
19 1 L 1
20 0 U 19
21 0 U 20
22 0 L 6
23 1 U 22
24 0 U -1
25 1 U 24
26 0 U 25
27 0 U 26
28 0 L 12
29 0 U 28
30 0 U -1
31 0 U 30
32 1 U 31
33 1 U 32
34 0 L 2
35 1 U 31
36 0 L 12
37 1 U 36
38 0 L 3
39 1 U 38
40 0 U 39
41 1 U 40
42 0 U -1
43
0 1 L -1
1 0 U -1
2 0 U 1
3 1 U 2
4 0 U 1
5 0 L 4
6 0 U -1
7 1 L 0
8 1 U 0
9 1 U 8
10 0 U 6
11 0 U 5
12 1 U 3
13 1 U 2
14 0 U 13
15 0 U 14
16 1 U 15
17 0 U 16
18 0 U -1
19 1 L 1
20 0 U 19
21 0 U 20
22 0 L 6
23 1 U 22
24 0 U -1
25 1 U 24
26 0 U 25
27 0 U 26
28 0 L 12
29 0 U 28
30 0 U -1
31 0 U 30
32 1 U 31
33 1 U 32
34 1 L 8
35 1 U 31
36 0 L 17
37 0 U 18
38 0 L 3
39 1 U 38
40 0 U 39
41 1 U 40
42 0 U -1
43
0 1 L -1
1 0 U 0
2 0 U 1
3 1 U 2
4 0 U 1
5 0 L 4
6 0 U -1
7 0 U 6
8 1 U 0
9 1 U 8
10 0 U 6
11 0 U 5
12 1 L 10
13 0 U 8
14 0 U 13
15 0 U 14
16 1 U 15
17 0 U 16
18 0 U -1
19 0 L 7
20 0 U 19
21 0 U 20
22 0 L 6
23 1 U 22
24 1 U 4
25 1 U 24
26 0 U 25
27 0 U 26
28 0 L 12
29 0 U 28
30 0 U -1
31 0 U 30
32 1 U 31
33 1 U 32
34 0 L 2
35 1 U 31
36 0 L 12
37 1 U 36
38 0 L 3
39 1 U 38
40 0 U 39
41 1 U 40
42 0 U -1
43
0 0 U -1
1 0 U 0
2 0 U 1
3 1 U 2
4 0 U 1
5 1 L 4
6 0 U -1
7 0 U 6
8 1 U 0
9 1 U 8
10 0 U 6
11 0 U 5
12 1 L 10
13 1 U 2
14 0 U 13
15 0 U 14
16 1 U 15
17 0 U 16
18 1 L 9
19 1 L 1
20 0 U 19
21 0 U 20
22 0 L 1
23 1 U 22
24 0 U -1
25 1 U 24
26 0 U 25
27 0 U 26
28 0 L 12
29 1 U 19
30 1 U 9
31 0 U 30
32 1 U 31
33 1 U 9
34 0 L 2
35 1 U 31
36 0 L 12
37 1 U 36
38 0 L 3
39 1 U 38
40 0 U 39
41 1 U 40
42 0 U -1
43
0 0 U -1
1 0 U 0
2 0 L 0
3 1 U 2
4 0 U 1
5 0 L 4
6 0 L 4
7 0 U 6
8 1 U 0
9 1 L 3
10 0 U 6
11 0 U 5
12 1 L 10
13 0 U 6
14 0 U 13
15 0 U 14
16 1 U 15
17 0 U 16
18 0 U -1
19 1 L 1
20 0 U 19
21 0 U 20
22 0 L 6
23 0 L 8
24 0 U -1
25 1 U 24
26 0 U 25
27 0 U 26
28 0 L 12
29 0 U 28
30 0 U -1
31 0 U 30
32 0 L 10
33 1 U 32
34 0 L 2
35 1 U 31
36 1 U 5
37 1 U 36
38 0 L 3
39 1 U 38
40 0 U 39
41 1 U 40
42 0 U -1
43
0 0 U -1
1 0 U 0
2 0 U 1
3 1 U 2
4 0 U 1
5 0 L 4
6 1 U 0
7 0 U 6
8 1 U 0
9 1 U 8
10 0 U 6
11 0 U 5
12 1 L 10
13 1 U 2
14 0 U 13
15 0 U 14
16 1 U 15
17 0 U 16
18 0 U -1
19 1 L 1
20 0 U 19
21 0 U 20
22 0 L 6
23 1 U 22
24 0 U 5
25 1 U 24
26 0 U 25
27 0 U 26
28 0 L 12
29 0 U 28
30 0 U -1
31 0 U 30
32 1 U 31
33 1 U 32
34 0 L 2
35 1 U 31
36 0 L 12
37 1 U 36
38 0 U 4
39 1 U 38
40 0 U 39
41 0 L 10
42 0 U -1
43
0 1 L -1
1 0 U 0
2 0 U 1
3 1 U 2
4 0 U 1
5 0 L 4
6 0 U -1
7 0 U 6
8 0 U 2
9 1 U 8
10 0 U 6
11 0 L 9
12 1 L 10
13 1 U 2
14 0 U 13
15 0 U 6
16 1 U 15
17 0 U 16
18 0 U -1
19 1 L 1
20 0 U 19
21 0 U 20
22 0 L 6
23 1 U 5
24 0 U -1
25 1 U 24
26 1 U 9
27 0 U 26
28 0 L 12
29 0 U 28
30 0 U -1
31 0 U 30
32 1 U 31
33 1 U 32
34 0 L 2
35 1 U 31
36 0 L 12
37 1 U 36
38 0 L 3
39 1 U 38
40 0 U 39
41 1 U 40
42 0 U -1
43
0 0 U -1
1 0 U 0
2 0 L -1
3 1 U 2
4 0 U 1
5 0 L 4
6 1 L 2
7 0 U 6
8 1 U 0
9 1 U 8
10 0 U 6
11 0 U 5
12 1 L 10
13 1 U 2
14 0 U 13
15 0 U 14
16 1 U 15
17 0 U 16
18 0 U -1
19 1 L 1
20 0 U 19
21 0 U 20
22 0 L 6
23 1 U 22
24 0 U -1
25 1 U 24
26 0 U 25
27 0 U 26
28 0 U 17
29 0 U 28
30 0 U -1
31 0 U 30
32 1 U 31
33 0 U 16
34 0 L 2
35 1 U 31
36 0 L 12
37 1 U 36
38 0 L 3
39 1 U 38
40 0 U 39
41 1 U 40
42 0 U -1
