31
0 1 U -1
1 0 U 0
2 0 U 1
3 0 U 2
4 0 U 3
5 0 U -1
6 1 U 5
7 0 U 6
8 0 U 7
9 0 U 8
10 1 U -1
11 0 U 10
12 0 U 11
13 0 U 12
14 0 U 13
15 1 U -1
16 0 U 15
17 0 U 16
18 0 U 17
19 0 U 18
20 1 U -1
21 0 U 20
22 0 U 21
23 0 U 22
24 1 U 23
25 0 U -1
26 0 U 25
27 0 U 26
28 0 U 27
29 1 U 28
30 1 U -1
31
0 1 U -1
1 0 U 0
2 0 U 1
3 0 U 2
4 0 U 3
5 0 U -1
6 1 U 5
7 0 U 6
8 0 U 7
9 0 U 8
10 1 U -1
11 0 U 10
12 0 U 11
13 0 U 12
14 0 U 13
15 1 U -1
16 0 U 15
17 0 U 16
18 0 U 17
19 0 U 18
20 1 U -1
21 0 U 20
22 0 U 21
23 0 U 22
24 1 U 23
25 0 U -1
26 0 U 9
27 0 U 26
28 0 U 27
29 1 U 28
30 1 U -1
31
0 1 U -1
1 1 L -1
2 0 U 1
3 0 U 2
4 0 U 3
5 0 U -1
6 1 U 5
7 0 U 6
8 0 U 0
9 0 U 8
10 0 L 3
11 0 U 10
12 0 U 11
13 1 L 2
14 0 U 13
15 1 U -1
16 0 U 15
17 0 U 16
18 0 U 17
19 0 U 18
20 1 U -1
21 0 U 20
22 0 U 21
23 0 U 22
24 1 U 23
25 0 U -1
26 0 U 25
27 0 U 26
28 0 U 27
29 1 U 28
30 1 U -1
31
0 1 U -1
1 1 L -1
2 0 U 1
3 0 U 2
4 0 U 3
5 0 U -1
6 1 U 5
7 0 U 6
8 0 U 0
9 1 U 8
10 0 L 3
11 0 U 10
12 0 U 11
13 1 L 2
14 0 U 13
15 1 U -1
16 0 U 15
17 0 U 16
18 0 U 17
19 0 U 18
20 1 U -1
21 0 U 20
22 0 U 21
23 0 U 22
24 1 L 5
25 0 U -1
26 0 U 25
27 1 L 18
28 0 U 27
29 1 U 28
30 1 U -1
31
0 1 U -1
1 1 L -1
2 0 U 1
3 0 U 2
4 0 U 3
5 0 U -1
6 1 U 5
7 0 U 6
8 0 U 0
9 1 U 8
10 0 L 3
11 0 U 10
12 0 U 11
13 1 L 2
14 0 U 13
15 1 U -1
16 0 U 15
17 0 U 16
18 0 U 17
19 0 U 18
20 1 U 18
21 0 U 20
22 0 U 21
23 0 U 22
24 1 L 5
25 0 U -1
26 0 U 0
27 1 L 18
28 0 U 27
29 1 U 28
30 1 U -1
31
0 1 U -1
1 1 L -1
2 1 L 1
3 0 U 2
4 0 U 3
5 0 U -1
6 1 U 5
7 0 U 6
8 0 U 0
9 1 U 8
10 0 L 3
11 0 U 10
12 0 L 3
13 1 L 2
14 0 U 13
15 1 U -1
16 0 U 15
17 0 U 16
18 0 U 17
19 0 U 18
20 1 U 5
21 0 U 20
22 0 U 21
23 0 U 22
24 1 L 5
25 0 U -1
26 0 U 25
27 1 L 18
28 0 U 27
29 1 U 28
30 1 U -1
31
0 0 L -1
1 1 L -1
2 1 L 1
3 0 U 2
4 0 L 1
5 0 U 1
6 1 U 5
7 0 U 6
8 0 U 0
9 1 U 8
10 0 L 3
11 0 U 1
12 0 L 3
13 1 L 2
14 0 U 13
15 1 U -1
16 0 U 15
17 0 U 16
18 0 U 17
19 1 U 8
20 1 U 5
21 0 U 20
22 1 L 11
23 0 U 22
24 1 L 8
25 0 U -1
26 0 U 25
27 1 L 18
28 0 U 27
29 0 U 16
30 1 U -1
31
0 0 L -1
1 1 L -1
2 1 L 1
3 0 U 2
4 0 L 1
5 0 U 1
6 1 U 5
7 0 U 6
8 0 U 0
9 1 U 8
10 0 L 3
11 0 U 1
12 0 L 3
13 1 L 2
14 0 U 13
15 1 U -1
16 0 U 15
17 0 U 16
18 0 U 17
19 1 U 8
20 1 U 5
21 0 U 20
22 1 L 11
23 0 U 22
24 1 L 8
25 0 U -1
26 0 U 25
27 1 L 18
28 0 U 27
29 0 U 10
30 1 U -1
31
0 0 L -1
1 1 L -1
2 0 U -1
3 0 U 2
4 0 L 1
5 0 U 1
6 1 U 5
7 0 U 6
8 0 U 0
9 1 U 8
10 0 L 3
11 0 U 1
12 0 L 3
13 1 L 5
14 0 L 13
15 1 U -1
16 0 U 15
17 0 U 16
18 0 U 3
19 1 U 8
20 1 U 1
21 0 U 20
22 1 L 11
23 0 U 22
24 1 L 8
25 0 U -1
26 0 U 25
27 1 L 18
28 0 U 27
29 0 U 16
30 1 U -1
31
0 0 L -1
1 1 L -1
2 1 L 1
3 0 U 2
4 0 L 1
5 0 U 1
6 1 U 5
7 0 U 6
8 0 U 0
9 1 U 8
10 0 L 3
11 0 U 1
12 0 L 3
13 1 L 2
14 0 U 13
15 1 U -1
16 0 U 15
17 0 U 16
18 0 U 17
19 1 U 8
20 1 U 5
21 0 U 20
22 1 L 11
23 0 U 22
24 1 L 8
25 0 U -1
26 0 U 25
27 1 L 22
28 0 U 27
29 0 U 16
30 1 U -1
31
0 0 L -1
1 1 L -1
2 1 L 1
3 0 U 2
4 0 L 1
5 0 U 1
6 1 U 5
7 0 U 6
8 0 U 0
9 1 L 4
10 0 L 3
11 0 U 1
12 0 L 3
13 0 L 1
14 0 U 13
15 1 U -1
16 0 U 15
17 0 U 16
18 0 U 17
19 1 U 8
20 1 U 5
21 0 U 20
22 1 L 11
23 0 U 22
24 1 L 16
25 0 U -1
26 1 L 20
27 1 L 18
28 0 U 27
29 0 U 16
30 1 U -1
31
0 0 L -1
1 1 L -1
2 1 L 1
3 0 U 2
4 0 L 1
5 0 U 1
6 1 U 5
7 0 U 6
8 0 U 0
9 0 L 7
10 0 L 3
11 0 U 1
12 0 L 3
13 0 L 1
14 0 U 13
15 1 U -1
16 0 U 15
17 0 U 16
18 0 U 17
19 1 U 8
20 1 U 5
21 0 U 20
22 1 L 11
23 0 U 22
24 1 L 16
25 0 U -1
26 1 L 20
27 1 L 18
28 0 U 27
29 0 U 16
30 1 U -1
31
0 0 L -1
1 1 L -1
2 1 L 1
3 0 U 2
4 0 L 1
5 0 U 1
6 1 U 5
7 0 U 6
8 0 U 0
9 1 L 4
10 0 L 3
11 0 U 1
12 0 L 3
13 0 L 1
14 0 U 6
15 1 U -1
16 0 U 15
17 0 U 16
18 0 U 17
19 1 U 8
20 1 L 17
21 0 U 20
22 1 L 11
23 0 U 22
24 1 L 16
25 0 U 13
26 1 L 20
27 1 L 18
28 0 U 27
29 0 U 16
30 1 U -1
31
0 0 L -1
1 1 L -1
2 1 L 1
3 0 U 2
4 0 L 1
5 0 U 1
6 1 U 5
7 0 U 6
8 0 U 0
9 1 L 4
10 0 L 3
11 0 U 1
12 0 L 3
13 0 L 1
14 0 U 13
15 1 U -1
16 0 U 15
17 0 U 16
18 0 U 17
19 1 U 8
20 1 U 5
21 0 U 20
22 1 L 11
23 0 U 22
24 0 L 8
25 0 U -1
26 1 L -1
27 0 L 21
28 0 U 27
29 0 U 16
30 1 U -1
31
0 1 U -1
1 1 L -1
2 1 L 1
3 0 U 2
4 0 L 1
5 0 U 1
6 1 U 1
7 0 U 6
8 0 U 0
9 1 L 4
10 0 L 3
11 0 U 1
12 0 L 3
13 0 L 1
14 0 U 13
15 1 U -1
16 0 U 15
17 0 U 16
18 0 U 17
19 1 U 8
20 1 U 5
21 0 U 20
22 1 L 11
23 0 U 22
24 1 L 16
25 0 U -1
26 1 L 20
27 1 L 18
28 0 U 27
29 0 U 16
30 1 U -1
31
0 0 L -1
1 1 L -1
2 1 L 1
3 0 U 2
4 0 L 1
5 0 U 1
6 1 U 4
7 0 U 6
8 0 U 0
9 1 L 4
10 0 L 3
11 0 U 1
12 0 L 3
13 0 L 1
14 0 U 13
15 1 U -1
16 0 U 15
17 0 U 16
18 0 U 17
19 1 U 8
20 1 U 5
21 0 U 20
22 1 L 11
23 0 U 22
24 1 L 16
25 0 U -1
26 1 L 20
27 1 L 18
28 0 U 27
29 0 U 16
30 1 U -1
31
0 0 L -1
1 1 L -1
2 1 L 1
3 0 U 2
4 0 U 1
5 1 L 0
6 1 U 4
7 1 L 3
8 0 U 0
9 1 L 4
10 0 L 3
11 0 U 1
12 0 L 3
13 0 L 1
14 1 L 0
15 0 U 2
16 0 U 15
17 0 U 16
18 0 U 17
19 1 U 8
20 1 U 5
21 0 U 20
22 1 L 11
23 0 U 22
24 1 L 16
25 0 U -1
26 1 L 20
27 1 L 18
28 0 U 27
29 0 U 16
30 1 U -1
31
0 0 L -1
1 1 L -1
2 1 L 1
3 0 U 2
4 0 L 1
5 0 U 1
6 1 U 4
7 0 U 6
8 0 U 0
9 1 L 4
10 0 L 3
11 0 U 1
12 0 L 3
13 0 L 1
14 0 U 13
15 1 U -1
16 0 U 15
17 0 U 16
18 0 U 17
19 1 U 8
20 1 U 5
21 0 U 20
22 1 L 11
23 0 U 22
24 1 L 16
25 0 U -1
26 1 L 20
27 1 L 18
28 1 L 15
29 0 U 16
30 1 U -1
31
0 0 L -1
1 1 L -1
2 0 U 0
3 0 U 2
4 0 L 1
5 0 U 1
6 1 U 4
7 0 U 6
8 0 U 0
9 1 L 4
10 0 L 3
11 0 U 1
12 0 L 3
13 0 L 1
14 0 U 13
15 1 U -1
16 0 U 15
17 0 U 16
18 0 U 17
19 1 U 8
20 1 U 5
21 0 U 20
22 1 L 11
23 0 U 22
24 1 L 16
25 0 U -1
26 1 L 20
27 1 L 18
28 0 U 27
29 0 U 26
30 1 U -1
31
0 1 L -1
1 1 L -1
2 1 L 1
3 0 U 2
4 0 L 1
5 0 U 1
6 1 U 4
7 0 U 6
8 0 U 0
9 1 L 4
10 0 U 9
11 0 U 1
12 0 L 3
13 0 L 1
14 0 U 13
15 1 U -1
16 0 U 15
17 0 U 2
18 0 U 17
19 1 U 8
20 1 U 5
21 0 U 20
22 1 L 11
23 0 U 22
24 1 L 16
25 0 U -1
26 1 L 20
27 1 L 18
28 0 U 27
29 0 U 16
30 1 U -1
31
0 0 L -1
1 1 L -1
2 1 L 1
3 0 U 2
4 0 L 1
5 0 U 4
6 1 U 4
7 1 U 2
8 0 U 0
9 1 L 4
10 0 L 3
11 0 L 5
12 0 L 3
13 0 L 1
14 0 U 13
15 1 U -1
16 0 U 15
17 0 U 16
18 0 U 17
19 1 U 8
20 1 U 5
21 0 U 20
22 1 L 11
23 0 L 16
24 1 L 16
25 0 U -1
26 1 L 20
27 1 L 18
28 1 L -1
29 0 U 16
30 1 U -1
31
0 0 L -1
1 1 L -1
2 1 L 1
3 0 U 2
4 0 L 1
5 0 U 1
6 0 L 0
7 0 U 6
8 0 U 0
9 1 L 4
10 0 L 3
11 0 U 1
12 0 L 3
13 0 L 1
14 0 U 13
15 1 U -1
16 0 U 15
17 0 U 16
18 0 U 17
19 1 U 8
20 1 U 5
21 0 U 20
22 1 L 11
23 0 U 22
24 1 L 16
25 0 U -1
26 1 L 20
27 1 L 18
28 0 U 27
29 0 U 16
30 1 U -1
31
0 0 L -1
1 1 L -1
2 1 L 1
3 0 U 2
4 0 L 1
5 0 U 1
6 0 U 4
7 0 L 2
8 0 U 0
9 1 L 4
10 0 L 3
11 0 U 1
12 0 L 3
13 0 U -1
14 0 U 13
15 1 U -1
16 0 U 15
17 0 U 16
18 0 U 17
19 1 U 8
20 1 U 5
21 0 U 20
22 1 L 11
23 0 U 22
24 0 L 21
25 0 U -1
26 1 L 20
27 1 L 18
28 0 U 27
29 0 U 16
30 1 U -1
31
0 0 L -1
1 1 L -1
2 1 L 1
3 0 U 2
4 0 L 1
5 0 U 1
6 1 U 4
7 0 U 6
8 0 U 0
9 1 L 4
10 0 L 3
11 0 U 1
12 0 L 3
13 0 L 1
14 0 U 13
15 1 U -1
16 0 U 15
17 0 U 16
18 0 U 17
19 1 U 8
20 1 U 5
21 0 U 20
22 1 L 11
23 0 U 22
24 1 L 16
25 0 U -1
26 0 U 21
27 1 L 18
28 1 U 26
29 0 U 16
30 1 U -1
31
0 0 L -1
1 1 L -1
2 1 L 1
3 0 U 2
4 0 L 1
5 0 U 1
6 1 U 4
7 0 U 6
8 0 U 0
9 1 L 4
10 0 L 3
11 0 U 1
12 0 L 3
13 0 L 1
14 0 U 13
15 1 U -1
16 0 U 15
17 0 L 11
18 0 U 17
19 1 U 8
20 1 U 5
21 0 U 20
22 1 L 11
23 0 U 22
24 1 L 16
25 0 U -1
26 1 L 20
27 1 L 18
28 0 U 27
29 0 U 16
30 1 U -1
31
0 0 L -1
1 1 L -1
2 1 L 1
3 0 U 2
4 0 L 1
5 0 U 1
6 1 L 4
7 0 U 6
8 0 U 0
9 1 L 4
10 0 L 3
11 1 U 9
12 0 L 3
13 0 L 1
14 0 U 13
15 1 U -1
16 0 U 15
17 0 U 16
18 0 U 17
19 1 U 8
20 1 U 5
21 0 U 20
22 1 L 11
23 0 U 22
24 1 L 16
25 0 U -1
26 1 L 20
27 1 L 18
28 0 U 27
29 1 L 28
30 1 U -1
31
0 0 L -1
1 1 L -1
2 1 L 1
3 0 U 2
4 0 L 1
5 0 U 1
6 1 U 4
7 0 U 6
8 0 U 0
9 1 L 0
10 0 L 3
11 0 U 1
12 0 L 3
13 0 L 1
14 0 U 13
15 1 U -1
16 0 U 15
17 0 U 16
18 0 U 17
19 1 U 8
20 1 U 5
21 0 U 20
22 0 U 12
23 0 U 22
24 1 L 16
25 0 U 15
26 1 L 20
27 1 L 18
28 0 U 27
29 0 U 16
30 1 U -1
31
0 1 L -1
1 1 L -1
2 1 L -1
3 0 U 2
4 0 L 1
5 0 U 1
6 1 U 4
7 1 U 0
8 0 L 6
9 1 L 4
10 0 L 3
11 0 U 1
12 1 L 11
13 0 U 11
14 0 L 2
15 1 U 3
16 0 U 15
17 0 U 16
18 0 U 17
19 1 U 8
20 1 U 5
21 0 L -1
22 1 L 11
23 0 L 17
24 1 L 16
25 0 U -1
26 1 L 20
27 1 L 18
28 0 U 27
29 0 U 16
30 1 U -1
31
0 0 L -1
1 1 L -1
2 1 L 1
3 1 L 1
4 0 L 1
5 0 U 1
6 1 U 4
7 0 U 6
8 0 U 0
9 1 L 4
10 0 L 3
11 0 U 1
12 0 L 3
13 0 L 1
14 0 U 13
15 1 U -1
16 0 U 15
17 1 U 16
18 0 U 17
19 1 U 8
20 1 U 5
21 0 U 20
22 1 L 11
23 0 U 22
24 1 L 16
25 0 U -1
26 1 L 20
27 1 L 18
28 0 U 27
29 0 U 16
30 1 U -1
31
0 1 U -1
1 1 L -1
2 1 L 1
3 0 U 2
4 0 L 1
5 0 U 1
6 1 U 4
7 0 U 6
8 0 U 0
9 1 L 4
10 0 L 3
11 0 U 1
12 0 L 3
13 0 L 1
14 0 U 13
15 1 U -1
16 0 U 15
17 0 U 16
18 0 U 17
19 1 U 8
20 1 U 5
21 0 U 20
22 1 L 11
23 0 U 22
24 1 L 16
25 1 U 23
26 1 L 20
27 1 L 18
28 0 U 27
29 0 U 16
30 1 L 17
31
0 1 U -1
1 1 L -1
2 1 L 1
3 0 L -1
4 0 L 1
5 0 U 1
6 1 U 4
7 0 U 6
8 0 U 0
9 1 L 4
10 0 L 3
11 0 U 1
12 0 L 3
13 0 L 1
14 0 U 13
15 1 U -1
16 0 U 15
17 1 U 14
18 0 U 17
19 1 U 8
20 1 U 5
21 0 U 20
22 1 L 11
23 0 U 22
24 1 L 16
25 1 U 23
26 1 L 20
27 1 L 18
28 0 U 27
29 0 U 16
30 1 L 17
31
0 1 U -1
1 1 L -1
2 1 L 1
3 0 U 2
4 0 L 1
5 0 U 1
6 1 U 4
7 0 U 6
8 0 U 0
9 1 L 4
10 0 L 3
11 0 U 1
12 0 L 3
13 0 L 1
14 0 U 13
15 1 U -1
16 0 U 15
17 0 L 2
18 1 U 17
19 1 U 8
20 1 U 5
21 1 L 10
22 1 L 11
23 0 U 22
24 1 L 16
25 1 U 23
26 1 L 20
27 1 L 18
28 0 U 27
29 0 U 16
30 1 L 17
31
0 1 U -1
1 1 L -1
2 1 L 1
3 0 U 2
4 1 U 1
5 0 U 1
6 1 U 4
7 0 U 6
8 0 U 0
9 1 L 4
10 0 L 3
11 0 U 1
12 0 L 3
13 0 L 1
14 1 U 9
15 0 U 8
16 0 U 15
17 0 U 11
18 0 U 17
19 1 U 8
20 1 U 5
21 0 U 20
22 1 L 11
23 0 U 22
24 1 L 16
25 1 U 23
26 1 L 20
27 1 L 18
28 0 U 27
29 0 U 16
30 1 L 17
31
0 1 U -1
1 0 L 0
2 1 L 1
3 0 U 2
4 0 L 1
5 0 U 1
6 1 U 4
7 0 U 6
8 0 U 1
9 1 L 4
10 0 L 3
11 1 L 6
12 0 L 3
13 0 L 1
14 0 U 13
15 1 U -1
16 0 U 15
17 0 U 16
18 0 U 17
19 0 L 2
20 1 U 5
21 0 U 20
22 1 L 11
23 0 U 22
24 1 U 13
25 1 U 23
26 1 L 20
27 1 L 18
28 0 U 27
29 0 L -1
30 1 U 20
31
0 1 U -1
1 1 L -1
2 1 L 1
3 0 U 2
4 0 L 1
5 0 U 1
6 1 U 4
7 0 U 6
8 0 U 0
9 1 L 4
10 0 L 3
11 0 U 1
12 0 L 3
13 0 L 1
14 0 U 13
15 1 U -1
16 0 U 15
17 0 U 16
18 0 U 17
19 1 U 8
20 1 L 13
21 0 U 2
22 1 L 11
23 0 U 4
24 1 L 16
25 1 U 23
26 1 L 20
27 1 L 18
28 0 U 27
29 0 U 16
30 1 L 17
31
0 1 U -1
1 1 L -1
2 1 L 1
3 0 U 2
4 0 L 1
5 0 U 1
6 1 U 4
7 0 U 6
8 0 U 0
9 1 L 4
10 0 L 3
11 0 U 1
12 0 L 3
13 0 L 1
14 0 U 13
15 1 U -1
16 0 U 15
17 0 U 16
18 0 U 17
19 1 U 8
20 1 U 5
21 0 U 20
22 1 L 3
23 0 U 22
24 1 L 16
25 1 U 6
26 1 L 20
27 1 L 18
28 0 U 27
29 0 U 16
30 1 L 17
31
0 1 L -1
1 1 L -1
2 1 L 1
3 0 U 2
4 0 L 1
5 0 U 1
6 1 U 4
7 0 U 6
8 0 U 0
9 0 U -1
10 0 L 3
11 0 U 1
12 0 L 3
13 0 L 1
14 0 U 13
15 1 U -1
16 0 U 15
17 0 U 16
18 0 U 17
19 1 L 7
20 1 U 5
21 0 U 20
22 1 L 11
23 0 U 22
24 1 L 16
25 1 U 23
26 1 L 20
27 1 L 18
28 0 U 27
29 0 U 16
30 1 L 17
31
0 1 U -1
1 1 U 0
2 1 L 1
3 0 U 2
4 1 L -1
5 0 U 1
6 1 L 2
7 0 U 6
8 0 U 0
9 1 L 4
10 1 U 0
11 0 U 1
12 0 L 3
13 0 L 1
14 1 L 3
15 1 U -1
16 0 U 15
17 0 U 16
18 0 U 17
19 0 L 2
20 1 U 5
21 0 U 20
22 1 L 11
23 0 U 22
24 1 L 16
25 1 U 23
26 1 L 10
27 1 L 18
28 0 U 27
29 0 U 16
30 1 L 17
31
0 1 U -1
1 1 L -1
2 1 L 1
3 0 U 2
4 0 L 1
5 0 U 1
6 1 U 4
7 0 U 6
8 0 U 0
9 0 L 0
10 0 U 4
11 0 U 1
12 0 L 3
13 0 L 1
14 0 U 13
15 1 U -1
16 0 U 15
17 0 U 16
18 0 U 17
19 1 U 8
20 1 U 1
21 0 U 20
22 1 L 11
23 0 U 22
24 1 L 16
25 1 U 23
26 1 L 20
27 1 L 18
28 0 U 27
29 0 U 16
30 1 L 17
31
0 1 U -1
1 1 L -1
2 1 L 1
3 0 U 2
4 0 L 1
5 0 U 1
6 1 U 4
7 0 U 6
8 0 U 0
9 1 L 4
10 0 L 3
11 0 U 1
12 0 L 3
13 0 L 1
14 0 U 13
15 1 U -1
16 0 U 15
17 0 U 16
18 0 U 17
19 1 U 8
20 1 U 5
21 0 U 20
22 1 L 11
23 0 U 22
24 1 L 16
25 1 U 23
26 1 L 20
27 1 L 18
28 0 U 27
29 0 U 16
30 1 L 17
31
0 0 L -1
1 1 L -1
2 1 L 1
3 0 U 2
4 0 L 1
5 0 U 1
6 1 U 4
7 0 U 6
8 0 U 0
9 1 L 4
10 0 L 3
11 1 L 1
12 0 L 3
13 0 L 1
14 0 U 2
15 1 U -1
16 0 U 15
17 0 U 16
18 0 U 17
19 1 U 8
20 1 U 5
21 0 U 20
22 0 U -1
23 0 U 22
24 1 L 16
25 1 U 23
26 1 L 20
27 0 L 4
28 0 U 27
29 0 U 16
30 1 L 17
31
0 1 U -1
1 1 L -1
2 1 L 1
3 1 U 2
4 0 L 1
5 0 U 1
6 1 U 4
7 0 U 6
8 0 U 0
9 1 L 4
10 0 L 3
11 0 U 1
12 0 L 3
13 0 L 1
14 0 U 13
15 1 U -1
16 0 U 15
17 0 U 16
18 0 U 17
19 1 U 12
20 1 U 5
21 0 U 20
22 1 L 11
23 0 U 22
24 1 U 19
25 1 U 23
26 0 U 16
27 1 L 18
28 0 U 27
29 0 L 20
30 1 L 17
31
0 1 U -1
1 1 L -1
2 1 L 1
3 0 U 2
4 0 L 1
5 0 U 1
6 1 U 4
7 0 U 6
8 0 U 0
9 1 L 4
10 0 L 3
11 0 U 1
12 0 L 3
13 0 L 1
14 0 U 13
15 0 U 8
16 0 U 15
17 0 U 16
18 0 U 17
19 1 U 8
20 1 U 5
21 0 U 20
22 1 L 11
23 0 U 22
24 1 L 16
25 1 U 23
26 1 L 20
27 1 L 18
28 0 U 27
29 0 U 16
30 1 L 17
31
0 0 L -1
1 1 L -1
2 1 L 1
3 0 U 2
4 0 L 1
5 0 U 1
6 1 U 4
7 1 U -1
8 0 U 0
9 1 L 4
10 0 L 2
11 0 U 1
12 0 L 3
13 0 L 1
14 0 U 13
15 1 U -1
16 0 U 15
17 0 U 16
18 0 U 17
19 1 U 8
20 1 U 5
21 0 U 20
22 1 L 11
23 1 L 2
24 1 L 16
25 1 U 23
26 1 L 20
27 1 U 14
28 0 U 27
29 0 U 16
30 1 L 17
31
0 1 U -1
1 1 U -1
2 1 L 1
3 0 U 2
4 1 L -1
5 0 L 3
6 1 U 4
7 0 U 6
8 0 U 0
9 1 L 4
10 0 L 3
11 0 U 1
12 1 U 10
13 0 L 1
14 0 U 13
15 0 L 14
16 0 U 15
17 1 L 4
18 0 U 17
19 1 U 8
20 1 U 5
21 0 U 20
22 1 L 11
23 0 U 22
24 1 L 16
25 1 U 23
26 1 L 20
27 1 L 18
28 0 U 27
29 0 U 16
30 1 L 17
31
0 1 U -1
1 0 U -1
2 1 L 1
3 0 U 2
4 0 L 1
5 0 U 1
6 1 U 4
7 0 U 6
8 0 U 0
9 1 L 4
10 1 U 8
11 0 U 1
12 0 L 3
13 0 L 1
14 0 U 13
15 1 U -1
16 0 U 15
17 0 U 16
18 0 U 17
19 1 U 8
20 1 U 5
21 0 U 20
22 1 L 11
23 0 U 22
24 1 L 16
25 1 U 23
26 1 L 20
27 1 L 18
28 1 L 12
29 0 U 16
30 1 L 17
31
0 1 U -1
1 1 L -1
2 1 L 1
3 0 U 2
4 0 L 1
5 0 U 1
6 1 U 4
7 0 U 5
8 0 U 0
9 1 L 4
10 0 L 3
11 0 U 1
12 0 L 3
13 0 L 1
14 0 U 13
15 1 U -1
16 0 U 15
17 0 U 16
18 0 U 17
19 1 U 8
20 1 U 5
21 0 U 20
22 1 L 11
23 0 U 7
24 1 L 16
25 1 U 23
26 1 L 20
27 1 L 18
28 0 U 27
29 0 L 18
30 1 L 17
31
0 1 U -1
1 1 L -1
2 1 L 1
3 0 U 2
4 0 L 1
5 0 U 1
6 1 U 4
7 0 U 6
8 0 U 0
9 1 L 4
10 0 L 3
11 0 U 1
12 0 L 3
13 0 L 1
14 0 U 13
15 1 U -1
16 0 U 15
17 0 U 16
18 0 U 17
19 1 U 8
20 1 U 5
21 0 L 13
22 1 L 11
23 0 U 22
24 1 L 16
25 1 U 23
26 1 L 20
27 1 L 18
28 0 U 27
29 0 U 16
30 1 L 17
31
0 1 U -1
1 1 L -1
2 1 L 1
3 0 U 2
4 0 L 1
5 0 U 1
6 1 U 4
7 0 U 6
8 0 U 0
9 1 L 4
10 1 U 9
11 0 U 1
12 0 L 3
13 0 L 1
14 0 U 13
15 1 U -1
16 0 U 15
17 0 U 16
18 0 U 17
19 1 U 8
20 1 U 5
21 0 U 20
22 1 L 11
23 0 U 22
24 1 L 16
25 1 U 23
26 1 L 20
27 1 L 18
28 0 U 27
29 0 U 16
30 1 L 17
31
0 1 U -1
1 1 L -1
2 1 L 1
3 0 U 2
4 1 L 1
5 0 U 1
6 1 U 4
7 0 U 6
8 0 U 0
9 1 L 4
10 0 L 3
11 0 U 1
12 0 L 3
13 1 U 4
14 0 U 13
15 1 U -1
16 0 U 15
17 0 U 13
18 0 U 17
19 1 U 8
20 1 U 5
21 0 U 20
22 1 L 11
23 0 U 22
24 1 L 16
25 0 U 8
26 1 L 20
27 1 U 6
28 0 U 27
29 0 U 16
30 1 L 17
31
0 1 U -1
1 1 L -1
2 1 L 1
3 0 U 2
4 0 L 1
5 0 U 1
6 1 U 4
7 0 U 6
8 0 U 0
9 1 L 4
10 0 L 3
11 0 U 1
12 0 L 3
13 0 L 1
14 0 L 8
15 1 U -1
16 0 U 2
17 0 U 16
18 0 U 17
19 1 U 8
20 1 U 5
21 0 U 13
22 1 L 11
23 0 U 22
24 1 L 16
25 1 U 23
26 1 L 20
27 1 L 18
28 0 U 27
29 0 U 16
30 1 L 17
31
0 1 U -1
1 1 L -1
2 1 L 1
3 1 U 0
4 0 L 1
5 0 U 1
6 1 U 4
7 0 U 6
8 0 U 0
9 1 L 4
10 0 L 3
11 0 U 1
12 0 L 3
13 0 L 1
14 0 U 13
15 1 U -1
16 0 U 15
17 0 U 16
18 0 U 17
19 1 U 8
20 1 U 5
21 0 U 20
22 1 U -1
23 0 U 22
24 1 L 16
25 1 U 23
26 1 L 20
27 1 L 18
28 0 U 27
29 0 L 3
30 1 L 17
31
0 0 L -1
1 1 L 0
2 1 L 1
3 0 U 2
4 0 L 1
5 0 U 1
6 1 U 4
7 0 U 6
8 0 U 0
9 0 U 8
10 1 L 1
11 0 U 1
12 0 L 3
13 0 L 1
14 0 U 13
15 1 U -1
16 0 U 15
17 0 U 16
18 0 U 17
19 1 U 8
20 1 U 5
21 0 U 20
22 1 L 11
23 0 U 22
24 1 L 16
25 1 U 23
26 1 L 20
27 1 L 18
28 0 U 27
29 0 U 16
30 1 L 17
31
0 1 U -1
1 1 L -1
2 1 L 1
3 0 U 2
4 0 L 1
5 0 U 1
6 1 U 4
7 0 U 6
8 0 U 0
9 0 U 5
10 0 L 3
11 0 U 1
12 0 L 3
13 0 L 1
14 0 U 13
15 1 U -1
16 0 U 15
17 0 U 16
18 0 U 17
19 1 U 8
20 0 L 14
21 0 U 20
22 1 L 11
23 0 U 22
24 1 L 16
25 1 U 23
26 1 L 20
27 1 L 18
28 0 U 27
29 0 U 16
30 1 L 17
31
0 1 U -1
1 1 L -1
2 1 L 1
3 0 U 2
4 0 L 1
5 0 U 1
6 1 U 4
7 0 U 6
8 0 U 0
9 1 L 4
10 0 L 3
11 0 U 1
12 0 L 3
13 0 L 1
14 0 U 13
15 1 U -1
16 0 U 15
17 0 U 16
18 0 U 17
19 1 U 12
20 1 U 5
21 0 U 20
22 1 L 11
23 0 U 22
24 1 L 16
25 1 U 23
26 1 L 20
27 1 L 18
28 0 U 27
29 0 U 16
30 1 L 17
31
0 1 U -1
1 1 L -1
2 1 L 1
3 0 U 2
4 0 L 1
5 0 U 4
6 1 U 4
7 0 U 6
8 0 U 0
9 1 L 4
10 0 L 3
11 0 U 1
12 0 L 3
13 0 L 1
14 0 U 13
15 1 U -1
16 0 L 1
17 0 U 16
18 0 U 17
19 1 U 8
20 1 U 5
21 0 U 20
22 1 L 11
23 0 U 22
24 1 L 16
25 1 U 23
26 1 L 20
27 1 L 18
28 0 U 27
29 1 U 10
30 1 L 17
31
0 1 L -1
1 1 L -1
2 1 L 1
3 0 U 2
4 0 L 1
5 0 U 1
6 1 U 4
7 0 U 6
8 1 L 0
9 1 L 4
10 0 L 3
11 0 U 1
12 0 L 3
13 0 L 1
14 0 U 13
15 1 U -1
16 0 U 15
17 0 U 16
18 0 U 17
19 1 U 8
20 1 U 5
21 0 L 3
22 1 L 11
23 0 U 22
24 1 L 16
25 1 U 23
26 1 L 20
27 1 L 18
28 0 U 27
29 0 U 16
30 1 L 17
31
0 1 U -1
1 1 L 0
2 1 L 1
3 0 U 2
4 0 L 1
5 1 L 0
6 1 U 4
7 0 U 6
8 0 U 0
9 1 L 4
10 0 L 3
11 0 U 1
12 0 L 3
13 0 L 1
14 0 U 13
15 1 U -1
16 0 U 15
17 0 U 16
18 0 U 17
19 1 U 8
20 1 U 5
21 0 U 20
22 1 L 11
23 0 U 22
24 1 L 16
25 1 U 23
26 1 L 20
27 1 L 18
28 0 U 27
29 0 U 16
30 1 L 17
31
0 1 U -1
1 1 L -1
2 1 L 1
3 0 U 2
4 0 L 1
5 0 U 1
6 1 U 4
7 0 U 6
8 0 L -1
9 1 L 4
10 0 L 3
11 0 U 1
12 0 L 3
13 0 L 1
14 0 U 13
15 1 U -1
16 0 U 15
17 0 U 16
18 0 U 17
19 1 U 8
20 0 U 7
21 0 U 20
22 1 L 11
23 0 U 22
24 1 L 16
25 1 U 23
26 1 L 20
27 1 L 18
28 0 U 27
29 0 U 16
30 1 L 17
31
0 1 U -1
1 1 L -1
2 1 L 1
3 0 U 2
4 0 L 1
5 0 U 0
6 1 U 4
7 0 U 6
8 0 U 0
9 1 L 4
10 0 L 3
11 1 L 10
12 0 L 3
13 0 L 1
14 0 U 13
15 1 U -1
16 0 U 15
17 0 U 16
18 0 U 17
19 1 U 8
20 1 U 5
21 0 U 20
22 1 L 11
23 0 U 22
24 0 L 1
25 1 U 23
26 1 L 20
27 1 L 18
28 0 U 27
29 0 U 16
30 1 L 17
31
0 1 U -1
1 1 L -1
2 1 L 1
3 0 U 2
4 0 L 3
5 0 U 1
6 1 U 4
7 0 U 6
8 0 U 0
9 1 L 4
10 0 L 3
11 0 U 1
12 0 L 3
13 0 L 1
14 0 U 13
15 1 U -1
16 0 U 15
17 1 L 12
18 0 U 1
19 1 U 8
20 1 U 5
21 0 U 20
22 1 L 11
23 0 U 22
24 1 L 16
25 1 U 23
26 1 L 20
27 1 L 18
28 0 U 27
29 0 U 16
30 1 L 17
31
0 1 U -1
1 1 L -1
2 1 L 1
3 0 U 2
4 0 L 1
5 1 U 4
6 1 U 4
7 0 U 6
8 0 U 0
9 1 L 4
10 0 L 3
11 0 U 1
12 0 L 3
13 0 L 1
14 0 U 13
15 1 U -1
16 0 U 15
17 0 U 16
18 0 U 17
19 1 U 8
20 1 U 5
21 0 U 20
22 1 L 11
23 0 U 22
24 1 L 16
25 1 U 23
26 1 L 20
27 1 L 18
28 0 U 27
29 0 U 16
30 1 L 17
31
0 1 U -1
1 1 L -1
2 1 L 1
3 0 U 2
4 0 L 1
5 0 U 1
6 1 U 4
7 0 U 6
8 0 U 0
9 1 L 4
10 0 L 3
11 0 U 1
12 0 L 3
13 0 L 1
14 0 U 13
15 1 U -1
16 0 U 15
17 0 U 16
18 0 U 17
19 0 U 0
20 1 U 5
21 0 U 20
22 1 L 11
23 0 U 22
24 1 L 16
25 1 U 23
26 1 L 20
27 1 L 18
28 0 U 27
29 0 U 16
30 1 L 17
31
0 1 U -1
1 1 L -1
2 1 L 1
3 0 U 2
4 0 L 1
5 0 U 1
6 1 U 4
7 0 U 6
8 0 U 0
9 0 U 7
10 0 L 3
11 0 U 1
12 1 U 0
13 0 L 1
14 0 U 13
15 1 U -1
16 0 U 15
17 0 U 16
18 0 U 17
19 1 U 8
20 1 U 5
21 0 U 20
22 1 L 11
23 0 U 22
24 1 L 16
25 1 L 17
26 1 L 20
27 1 L 18
28 0 U 27
29 0 U 16
30 1 L 17
31
0 1 U -1
1 0 U 0
2 1 L 1
3 0 U 2
4 0 L 1
5 0 U 1
6 1 U 4
7 0 U 6
8 0 U 0
9 1 L 4
10 0 L 3
11 0 U 1
12 0 L 3
13 0 L 1
14 0 U 10
15 1 U -1
16 0 U 15
17 0 U 16
18 0 U 17
19 1 U 8
20 1 U 5
21 0 U 20
22 1 L 11
23 1 L 11
24 1 L 16
25 1 U 23
26 1 L 20
27 0 L -1
28 0 U 27
29 1 U 8
30 1 L 17
31
0 1 U -1
1 1 L -1
2 1 L 1
3 0 U 2
4 0 L 1
5 0 U 1
6 1 L 1
7 0 U 6
8 0 U 0
9 1 L 4
10 0 L 3
11 0 U 1
12 0 L 3
13 0 L 1
14 0 U 13
15 1 U -1
16 0 U 15
17 0 U 16
18 0 U 17
19 1 U 8
20 1 U 5
21 0 U 20
22 1 L 11
23 0 U 22
24 1 L 16
25 1 U 23
26 1 L 20
27 1 L 18
28 0 U 27
29 0 U 16
30 1 L 17
31
0 1 U -1
1 1 L -1
2 1 L 1
3 0 U 2
4 0 L 1
5 0 U 1
6 1 U 4
7 1 U 6
8 0 U 0
9 1 L 4
10 0 L 3
11 0 U 1
12 0 L 3
13 0 L 1
14 0 U 13
15 1 U -1
16 0 U 15
17 0 U 16
18 0 U 17
19 1 U 8
20 1 U 13
21 0 U 20
22 1 L 11
23 0 U 22
24 1 L 16
25 1 U 23
26 1 L 20
27 1 L 18
28 0 U 27
29 0 U 16
30 1 L 17
31
0 1 U -1
1 1 L -1
2 1 L 1
3 0 U 2
4 0 L 1
5 0 U 0
6 1 U 4
7 0 U 6
8 0 U 0
9 1 L 4
10 0 L 3
11 0 U 1
12 0 L 3
13 0 L 1
14 0 U 13
15 1 U -1
16 0 U 15
17 0 U 16
18 0 U 17
19 1 U 8
20 1 U 5
21 0 U 20
22 1 L 11
23 0 U 22
24 1 L 16
25 1 U 23
26 1 L 20
27 1 L 18
28 0 U 27
29 0 U 16
30 1 L 17
31
0 1 U -1
1 1 L -1
2 1 L 1
3 0 U 2
4 0 L 1
5 0 U 1
6 1 U 4
7 0 U 6
8 0 U 0
9 1 L 4
10 0 L 3
11 0 U 5
12 0 L 3
13 1 L 10
14 0 U 13
15 1 U -1
16 0 U 15
17 0 U 16
18 1 L 16
19 1 U 8
20 1 U 5
21 0 U 20
22 1 L 11
23 0 U 22
24 1 L 16
25 1 U 23
26 1 L 20
27 1 L 18
28 0 U 27
29 0 U 16
30 1 L 17
31
0 1 U -1
1 1 L -1
2 1 L 1
3 0 U 2
4 0 L 1
5 0 U 1
6 1 U 4
7 1 L 2
8 0 U 0
9 1 L 4
10 0 L 3
11 0 U 1
12 0 L 3
13 0 L 1
14 0 U 13
15 1 U -1
16 0 U 15
17 0 U 16
18 0 U 17
19 1 U 8
20 1 U 5
21 0 U 20
22 0 U 11
23 0 U 22
24 1 L 16
25 1 U 23
26 1 L 20
27 1 L 18
28 0 U 27
29 0 U 16
30 1 L 17
