97
0 0 U -1
1 0 U 0
2 0 U 1
3 0 U 2
4 0 U 3
5 0 U 4
6 0 U 5
7 1 U 6
8 1 U 7
9 1 U -1
10 1 U 9
11 0 U 10
12 1 U 11
13 1 U 12
14 0 U 13
15 0 U 14
16 0 U 15
17 0 U 16
18 0 U -1
19 1 U 18
20 1 U 19
21 1 U 20
22 0 U 21
23 1 U 22
24 1 U 23
25 1 U 24
26 1 U 25
27 0 U -1
28 1 U 27
29 0 U 28
30 1 U 29
31 0 U 30
32 0 U 31
33 0 U 32
34 1 U 33
35 0 U 34
36 0 U -1
37 0 U 36
38 1 U 37
39 0 U 38
40 0 U 39
41 1 U 40
42 1 U 41
43 1 U 42
44 0 U 43
45 1 U -1
46 0 U 45
47 1 U 46
48 0 U 47
49 0 U 48
50 0 U 49
51 1 U 50
52 0 U 51
53 1 U 52
54 1 U -1
55 1 U 54
56 1 U 55
57 0 U 56
58 0 U 57
59 1 U 58
60 1 U 59
61 0 U 60
62 0 U 61
63 0 U -1
64 0 U 63
65 1 U 64
66 0 U 65
67 0 U 66
68 1 U 67
69 0 U 68
70 1 U 69
71 0 U 70
72 0 U -1
73 0 U 72
74 0 U 73
75 1 U 74
76 1 U 75
77 0 U 76
78 0 U 77
79 0 U 78
80 1 U 79
81 1 U -1
82 1 U 81
83 0 U 82
84 1 U 83
85 1 U 84
86 0 U 85
87 0 U 86
88 0 U 87
89 0 U 88
90 1 U -1
91 0 U 90
92 1 U 91
93 1 U 92
94 1 U 93
95 1 U 94
96 0 U 95
97
0 0 U -1
1 0 U 0
2 0 U 1
3 1 L 1
4 0 U 3
5 0 U 4
6 0 U 5
7 1 U 6
8 1 U 7
9 1 U -1
10 1 U 9
11 0 L 3
12 1 U 11
13 1 U 12
14 0 U 12
15 0 U 14
16 0 U 15
17 0 U 16
18 0 U 5
19 1 U 18
20 1 U 19
21 1 U 20
22 1 L 13
23 1 U 22
24 1 U 23
25 1 U 24
26 1 U 25
27 0 U 17
28 1 U 27
29 0 U 28
30 1 U 29
31 0 U 30
32 0 U 31
33 1 U 28
34 1 U 33
35 0 U 34
36 0 U -1
37 0 U 36
38 1 U 37
39 0 U 38
40 0 U 39
41 1 U 40
42 1 U 41
43 1 U 42
44 0 U 43
45 1 U -1
46 0 U 7
47 1 U 46
48 0 U 47
49 0 U 48
50 0 U 49
51 1 U 50
52 1 L 33
53 1 L 23
54 1 U -1
55 1 U 54
56 1 U 55
57 0 U 56
58 0 U 57
59 1 U 58
60 1 U 59
61 0 U 60
62 0 U 61
63 0 U -1
64 0 U 63
65 1 U 64
66 0 U 65
67 0 U 62
68 1 U 67
69 0 U 34
70 1 U 69
71 0 U 70
72 0 L 35
73 0 U 49
74 0 U 73
75 1 U 74
76 1 U 75
77 0 U 76
78 0 U 77
79 0 U 78
80 0 L 73
81 1 U -1
82 1 U 81
83 0 U 82
84 1 U 83
85 1 U 84
86 0 U 85
87 0 U 86
88 0 U 87
89 0 L 80
90 1 U -1
91 0 U 90
92 1 U 91
93 1 U 92
94 1 U 93
95 1 U 94
96 0 U 56
97
0 0 U -1
1 0 U 0
2 0 U 1
3 1 L 1
4 0 U 3
5 0 U 2
6 1 L 2
7 1 U 6
8 1 U 7
9 1 U -1
10 1 U 9
11 0 L 3
12 1 U 11
13 1 U 12
14 0 L 2
15 0 U 14
16 1 U 7
17 0 U 16
18 0 U 5
19 1 U 18
20 1 U 19
21 1 U 20
22 1 L 13
23 1 U 22
24 1 U 23
25 1 U 24
26 1 U 25
27 0 U 12
28 1 U 27
29 1 U -1
30 1 U 29
31 0 U 30
32 0 U 31
33 1 U 28
34 1 U 33
35 0 U 34
36 0 U -1
37 1 L 16
38 1 U 37
39 0 U 38
40 0 U 39
41 1 U 40
42 1 U 41
43 1 U 42
44 0 U 43
45 1 U -1
46 0 U 7
47 1 U 46
48 1 L 13
49 1 U 20
50 0 U 49
51 1 U 50
52 1 L 33
53 1 L 23
54 1 U -1
55 1 U 54
56 1 U 55
57 0 U 56
58 0 U 57
59 1 U 58
60 1 U 59
61 0 U 60
62 0 U 61
63 0 U -1
64 0 U 63
65 1 U 64
66 0 U 65
67 0 U 62
68 1 U 67
69 0 U 34
70 1 U 69
71 0 U 70
72 0 L 35
73 0 U 49
74 0 U 73
75 1 U 74
76 1 U 75
77 0 U 76
78 0 U 77
79 0 U 78
80 0 L 73
81 1 U -1
82 1 U 81
83 0 U 82
84 1 U 83
85 1 U 84
86 1 L 11
87 0 U 86
88 0 U 87
89 0 L 80
90 1 U -1
91 0 U 90
92 1 U 91
93 1 U 92
94 1 U 93
95 1 U 94
96 0 U 56
97
0 0 L -1
1 0 U 0
2 0 U 1
3 1 L 1
4 0 U 3
5 0 U 4
6 0 U 5
7 1 U 6
8 1 U 7
9 1 L 1
10 1 U 9
11 0 L 3
12 1 U 11
13 1 U 12
14 0 U 12
15 1 L 0
16 0 L 13
17 0 U 16
18 0 U 5
19 1 U 14
20 1 U 19
21 1 U 20
22 1 L 13
23 1 U 22
24 1 U 23
25 1 U 24
26 1 U 18
27 0 U 17
28 1 U 27
29 0 U 28
30 1 U 29
31 0 U 30
32 0 U 31
33 1 U 28
34 1 U 33
35 0 U 34
36 0 U -1
37 0 U 36
38 1 U 37
39 0 U 38
40 0 U 39
41 1 U 40
42 1 U 41
43 1 U 42
44 0 U 43
45 1 U 15
46 0 U 7
47 1 U 46
48 0 U 40
49 0 U 48
50 0 U 49
51 1 L 34
52 0 U 16
53 1 L 23
54 1 U -1
55 1 U 54
56 1 U 55
57 0 U 56
58 0 U 57
59 1 U 58
60 1 U 59
61 1 U 57
62 1 L 51
63 0 U -1
64 0 U 63
65 1 U 64
66 0 U 65
67 0 U 62
68 1 U 67
69 0 U 34
70 1 U 69
71 0 U 70
72 0 L 35
73 0 U 49
74 0 U 73
75 1 U 74
76 1 U 75
77 0 U 76
78 0 U 77
79 0 U 78
80 0 L 73
81 1 U -1
82 1 U 81
83 0 U 82
84 1 U 83
85 1 U 84
86 0 U 85
87 0 U 86
88 0 U 87
89 0 L 80
90 1 U -1
91 0 U 90
92 1 U 91
93 0 L 29
94 0 U 57
95 1 U 94
96 0 U 56
97
0 0 L -1
1 0 U 0
2 1 U 1
3 1 L 1
4 0 U 3
5 0 U 4
6 0 U 5
7 1 U 6
8 1 U 7
9 1 L 1
10 0 L 3
11 0 L 3
12 1 U 11
13 1 U 12
14 0 U 12
15 1 L 0
16 0 L 13
17 0 U 16
18 0 U 5
19 1 U 14
20 1 U 19
21 1 U 20
22 1 L 13
23 1 U 22
24 1 U 14
25 1 U 24
26 1 U 18
27 0 U 16
28 0 L 17
29 0 U 28
30 1 U 29
31 0 U 30
32 0 U 31
33 1 U 28
34 1 U 33
35 0 U 34
36 0 U -1
37 0 U 36
38 1 U 37
39 0 U 38
40 0 U 39
41 1 U 40
42 1 U 12
43 1 U 42
44 0 U 43
45 1 U 15
46 1 L 36
47 1 U 46
48 0 U 40
49 1 U 10
50 0 U 49
51 1 L 34
52 0 U 16
53 1 L 23
54 1 U -1
55 1 U 54
56 1 U 55
57 0 U 56
58 0 L 33
59 1 U 58
60 1 U 59
61 1 U 57
62 1 L 51
63 0 U -1
64 0 U 63
65 0 U 51
66 0 U 65
67 0 U 62
68 1 U 67
69 0 U 34
70 1 U 69
71 0 U 70
72 1 U 36
73 0 U 49
74 0 U 71
75 1 U 74
76 1 U 75
77 0 U 76
78 0 U 77
79 0 U 78
80 0 L 73
81 1 U -1
82 1 U 81
83 0 U 82
84 1 U 83
85 1 U 84
86 0 U 85
87 0 U 86
88 0 U 87
89 0 U 88
90 1 U -1
91 0 U 90
92 1 U 91
93 0 L 29
94 0 U 57
95 1 U 94
96 0 U 56
97
0 0 L -1
1 0 U 0
2 1 U 1
3 1 L 1
4 0 U 3
5 0 L 4
6 0 U 5
7 1 U 6
8 1 U 7
9 1 L 1
10 1 U 9
11 0 L 3
12 1 U 11
13 1 U 5
14 0 U 12
15 1 L 0
16 0 L 13
17 0 U 16
18 0 U 5
19 1 U 14
20 1 U 19
21 1 U 20
22 1 L 13
23 1 U 22
24 1 U 23
25 1 U 24
26 1 U 18
27 0 U 17
28 0 U 0
29 0 U 28
30 1 U 29
31 0 U 30
32 0 U 31
33 1 U 28
34 1 U 33
35 0 U 34
36 0 U -1
37 0 U 36
38 1 U 37
39 0 U 38
40 0 U 39
41 1 U 40
42 1 U 41
43 1 U 42
44 0 U 43
45 1 U 15
46 1 U 13
47 1 U 46
48 0 U 40
49 0 U 48
50 0 U 49
51 1 L 34
52 0 U 16
53 1 L 23
54 1 U -1
55 1 U 54
56 1 U 55
57 0 U 56
58 0 U 57
59 1 L 22
60 1 U 59
61 1 U 57
62 1 L 51
63 0 U -1
64 0 U 63
65 1 U 64
66 0 U 65
67 0 U 62
68 1 U 67
69 0 U 34
70 1 U 69
71 0 U 70
72 0 L 35
73 0 U 49
74 0 U 73
75 1 U 74
76 1 U 75
77 0 U 76
78 0 U 19
79 0 L 71
80 0 L 73
81 1 U -1
82 1 U 81
83 0 U 82
84 1 U 83
85 1 U 84
86 0 U 85
87 0 U 86
88 0 U 87
89 0 L 80
90 1 U -1
91 0 U 90
92 1 U 91
93 0 L 29
94 0 U 57
95 1 U 94
96 0 U 56
97
0 0 L -1
1 0 U 0
2 1 L 1
3 1 L 1
4 0 U 3
5 0 U 4
6 0 U 5
7 1 U 6
8 1 U 7
9 1 L 1
10 1 U 9
11 0 L 3
12 1 U 11
13 1 U 12
14 0 U 12
15 1 L 0
16 0 L 13
17 0 U 16
18 0 U 5
19 1 U 14
20 0 U 2
21 1 U 20
22 1 L 13
23 1 U 22
24 1 U 23
25 1 U 24
26 0 L 22
27 0 U 17
28 1 U 27
29 0 U 28
30 1 U 29
31 0 U 30
32 0 U 31
33 1 U 28
34 1 U 33
35 0 U 34
36 0 U -1
37 0 U 36
38 1 U 37
39 0 U 38
40 0 U 39
41 1 U 40
42 1 U 41
43 1 U 42
44 0 U 43
45 1 U 15
46 1 L 8
47 1 U 46
48 0 U 40
49 1 U 13
50 0 U 49
51 1 L 34
52 0 U 16
53 1 L 23
54 1 U -1
55 1 U 54
56 1 U 55
57 0 U 56
58 0 U 57
59 1 U 58
60 1 U 13
61 1 U 57
62 1 L 51
63 0 U -1
64 0 U 63
65 1 U 64
66 0 U 65
67 0 U 62
68 1 U 67
69 0 U 34
70 1 U 40
71 0 U 70
72 0 L 35
73 0 U 49
74 0 U 73
75 1 U 74
76 1 U 75
77 0 U 76
78 0 U 77
79 0 U 78
80 0 L 73
81 1 U -1
82 1 U 81
83 0 U 82
84 1 U 83
85 1 U 84
86 0 U 85
87 1 U 67
88 0 U 87
89 1 L 71
90 1 U -1
91 0 U 90
92 1 U 91
93 0 L 29
94 0 U 31
95 1 U 94
96 0 U 56
97
0 0 L -1
1 0 U 0
2 0 U 1
3 1 L 1
4 1 U 1
5 0 U 4
6 0 U 5
7 1 U 6
8 1 U 7
9 1 L 1
10 1 U 9
11 0 L 3
12 1 U 11
13 1 U 12
14 0 U 13
15 1 L 0
16 0 L 13
17 0 U 16
18 0 U 5
19 1 U 14
20 1 U 19
21 1 U 20
22 1 L 13
23 1 U 22
24 1 U 23
25 1 U 24
26 1 U 18
27 0 U 17
28 1 U 27
29 0 U 28
30 1 U 29
31 0 U 30
32 0 U 31
33 1 U 28
34 0 L 9
35 1 U 16
36 0 U -1
37 0 U 36
38 1 U 37
39 0 U 38
40 0 U 39
41 1 U 40
42 1 U 41
43 1 U 42
44 0 U 43
45 1 U 15
46 0 U 7
47 1 U 46
48 0 U 40
49 0 U 48
50 0 U 49
51 1 L 34
52 0 U 16
53 1 L 23
54 1 U -1
55 1 U 54
56 1 U 55
57 0 U 56
58 0 U 57
59 1 U 58
60 1 U 59
61 1 U 57
62 1 L 51
63 0 U -1
64 0 U 63
65 1 U 12
66 0 U 65
67 0 U 62
68 1 U 67
69 0 U 34
70 1 U 69
71 0 U 70
72 0 L 35
73 1 U 69
74 0 U 73
75 1 U 36
76 1 U 75
77 0 U 76
78 1 U 72
79 0 U 78
80 0 L 73
81 1 U -1
82 1 U 81
83 0 U 19
84 1 U 83
85 1 U 38
86 0 U 85
87 0 U 86
88 0 U 87
89 0 L 80
90 1 U -1
91 0 U 90
92 1 U 91
93 0 L 29
94 0 U 57
95 1 U 94
96 0 U 56
97
0 0 L -1
1 0 U 0
2 0 U 1
3 1 L 1
4 1 U 1
5 0 U 4
6 0 U 5
7 0 L 1
8 1 U 7
9 1 L 1
10 1 U 9
11 0 L 3
12 1 U 3
13 1 U 12
14 0 U 5
15 1 L 0
16 0 L 13
17 0 U 16
18 0 U 5
19 1 U 14
20 1 U 19
21 1 U 20
22 1 L 13
23 1 U 22
24 1 U 23
25 1 U 24
26 1 U 18
27 0 U 17
28 1 U 27
29 0 U 28
30 0 U 29
31 0 U 30
32 0 U 31
33 1 U 28
34 0 L 9
35 1 U 16
36 0 U -1
37 0 U 36
38 1 U 37
39 0 U 3
40 0 U 39
41 1 U 40
42 1 U 41
43 1 U 42
44 0 U 43
45 1 U 15
46 0 U 7
47 1 U 46
48 0 U 40
49 0 U 48
50 0 U 49
51 1 L 34
52 0 U 16
53 1 L 23
54 1 U -1
55 1 U 54
56 1 U 55
57 0 U 56
58 0 U 57
59 1 U 58
60 1 U 59
61 1 U 57
62 1 L 51
63 0 U -1
64 0 U 63
65 1 U 12
66 0 U 65
67 0 U 62
68 1 U 67
69 0 U 34
70 1 U 69
71 1 L 13
72 0 L 35
73 1 U 69
74 0 U 73
75 1 U 36
76 1 U 75
77 0 U 76
78 1 U 72
79 0 U 78
80 0 L 73
81 1 U -1
82 1 U 81
83 0 U 19
84 1 U 83
85 0 L 74
86 0 U 85
87 0 U 86
88 0 U 87
89 0 L 80
90 1 U -1
91 0 U 90
92 1 U 91
93 0 L 29
94 0 U 57
95 1 U 94
96 0 U 56
97
0 0 L -1
1 0 L -1
2 0 U 1
3 1 L 1
4 1 U 1
5 0 U 4
6 0 U 5
7 1 U 6
8 1 U 7
9 1 L 1
10 1 U 9
11 0 L 3
12 1 U 11
13 1 U 8
14 0 U 13
15 1 L 0
16 0 L 12
17 0 U 16
18 0 U 5
19 1 U 13
20 0 U 19
21 1 U 20
22 1 L 13
23 1 U 22
24 1 U 23
25 1 U 24
26 1 L 17
27 0 U 17
28 1 U 27
29 0 U 28
30 1 U 29
31 0 U 30
32 1 U 22
33 1 U 28
34 0 L 9
35 1 U 23
36 0 U -1
37 0 U 36
38 1 U 37
39 0 U 38
40 0 U 39
41 1 U 40
42 1 U 41
43 1 U 42
44 0 U 43
45 1 U 15
46 0 U 7
47 1 U 46
48 0 U 40
49 0 U 48
50 1 L 14
51 1 L 34
52 0 U 16
53 1 L 0
54 1 U -1
55 1 U 54
56 1 U 55
57 0 U 56
58 0 U 43
59 1 U 58
60 1 U 59
61 1 U 57
62 1 U 50
63 0 U -1
64 0 U 63
65 1 U 12
66 0 U 65
67 0 U 15
68 1 U 67
69 0 U 34
70 1 U 69
71 0 U 70
72 0 L 35
73 1 U 69
74 0 U 73
75 1 U 36
76 1 U 75
77 0 U 76
78 1 U 72
79 0 U 78
80 0 L 73
81 1 U -1
82 1 U 81
83 0 U 19
84 1 U 83
85 1 U 38
86 0 U 85
87 0 U 86
88 0 U 87
89 0 L 80
90 0 L 6
91 0 U 90
92 1 U 91
93 0 L 29
94 1 U 53
95 1 U 94
96 0 U 56
97
0 0 L -1
1 0 U 0
2 1 L -1
3 1 L 1
4 1 U 1
5 0 U 4
6 1 L 3
7 1 U 6
8 1 U 7
9 1 L 1
10 1 L 2
11 0 L 3
12 1 U 11
13 1 U 12
14 0 U 0
15 1 L 0
16 0 U 2
17 0 U 16
18 0 U 5
19 1 U 14
20 1 U 19
21 1 U 20
22 1 L 13
23 1 U 22
24 1 U 23
25 1 U 24
26 1 U 18
27 0 U 17
28 1 U 27
29 0 U 28
30 1 U 29
31 0 U 30
32 0 U 31
33 1 U 28
34 0 L 9
35 1 U 16
36 0 U -1
37 0 U 36
38 1 L 5
39 0 U 38
40 0 U 39
41 1 U 40
42 1 U 41
43 1 U 42
44 0 U 43
45 1 U 15
46 0 U 7
47 1 U 46
48 0 U 40
49 0 U 48
50 0 U 49
51 1 L 34
52 0 U 16
53 1 L 23
54 1 U -1
55 1 U 54
56 1 U 55
57 0 U 56
58 0 U 57
59 1 U 58
60 1 U 59
61 1 U 57
62 1 L 51
63 0 U -1
64 0 U 63
65 1 L 25
66 0 U 65
67 0 U 62
68 1 U 67
69 0 U 34
70 1 U 42
71 0 U 70
72 0 L 35
73 1 U 69
74 0 U 73
75 1 U 36
76 1 U 75
77 0 U 76
78 1 U 72
79 0 U 78
80 0 L 73
81 1 U -1
82 1 U 81
83 0 U 19
84 1 U 83
85 1 U 38
86 0 U 85
87 0 U 86
88 0 U 87
89 0 L 80
90 1 U -1
91 0 U 90
92 1 U 91
93 0 L 29
94 0 U 57
95 1 U 94
96 0 U 56
97
0 0 L -1
1 0 U 0
2 0 U 1
3 1 L 1
4 1 U 1
5 0 U 4
6 0 U 5
7 1 U 6
8 1 U 7
9 1 L 1
10 1 U 9
11 0 L 9
12 1 U 11
13 1 U 12
14 1 U 1
15 1 L 0
16 0 L 13
17 0 U 16
18 0 U 5
19 1 U 14
20 1 U 19
21 1 U 20
22 1 L 13
23 1 U 22
24 1 U 23
25 1 U 24
26 1 U 18
27 0 U 17
28 1 U 27
29 0 U 28
30 1 U 29
31 0 U 30
32 0 U 31
33 1 U 28
34 0 L 9
35 1 U 16
36 0 U -1
37 0 U 36
38 1 U 37
39 0 U 38
40 1 L 29
41 1 U 40
42 1 U 41
43 1 U 42
44 0 U 43
45 1 U 15
46 0 U 11
47 1 U 46
48 0 U 10
49 0 U 48
50 0 U 49
51 1 L 34
52 0 U 16
53 1 L 23
54 1 U -1
55 1 U 54
56 1 U 55
57 0 U 16
58 1 L 29
59 1 U 58
60 1 U 59
61 1 U 57
62 1 L 51
63 0 U -1
64 0 U 63
65 1 U 12
66 0 U 65
67 0 U 62
68 1 U 67
69 0 U 34
70 1 U 69
71 0 U 70
72 0 L 35
73 1 U 69
74 0 U 73
75 0 U 49
76 1 U 75
77 0 U 76
78 1 U 72
79 0 U 78
80 0 L 73
81 1 U -1
82 1 U 81
83 0 U 19
84 1 U 83
85 1 U 38
86 0 U 85
87 0 U 86
88 0 U 87
89 0 L 80
90 1 U -1
91 0 U 90
92 1 U 91
93 0 L 29
94 0 U 57
95 1 U 94
96 0 U 56
97
0 0 L -1
1 0 U 0
2 0 U 1
3 1 L 1
4 1 L 3
5 0 U 4
6 1 L 1
7 1 U 6
8 1 U 7
9 1 L 1
10 1 U 9
11 0 L 3
12 1 U 11
13 1 U 12
14 0 U 13
15 1 L 0
16 0 L 13
17 0 U 16
18 0 U 5
19 1 U 14
20 1 U 19
21 1 U 20
22 1 L 13
23 1 L 20
24 1 U 23
25 1 U 24
26 0 U 24
27 0 U 17
28 1 U 27
29 0 U 28
30 1 U 29
31 0 U 30
32 0 U 31
33 1 U 28
34 0 L 9
35 1 U 16
36 0 U -1
37 0 U 36
38 1 U 37
39 0 U 38
40 0 U 39
41 1 U 40
42 1 U 41
43 1 U 42
44 0 L 16
45 1 U 15
46 0 U 7
47 1 U 46
48 0 U 40
49 0 U 48
50 0 U 49
51 1 L 34
52 0 U 16
53 1 L 23
54 1 U 27
55 1 U 54
56 1 U 55
57 0 U 56
58 0 U 57
59 1 U 58
60 1 U 59
61 1 U 10
62 1 L 51
63 1 L 18
64 0 U 63
65 1 U 12
66 0 U 65
67 1 U 64
68 1 U 67
69 0 U 34
70 1 U 69
71 0 U 70
72 0 L 35
73 1 U 69
74 0 U 73
75 1 U 36
76 1 U 75
77 0 U 76
78 1 U 72
79 0 U 78
80 0 L 73
81 1 U -1
82 1 U 81
83 0 U 19
84 1 U 83
85 1 U 38
86 0 U 85
87 0 U 86
88 0 L 31
89 0 L 80
90 1 U -1
91 0 U 90
92 1 U 91
93 0 L 29
94 0 U 57
95 1 U 94
96 0 L 80
97
0 1 U -1
1 0 U 0
2 0 U 1
3 1 L 1
4 1 U 1
5 0 L 3
6 0 U 5
7 0 L -1
8 0 U 6
9 1 L 1
10 1 U 9
11 1 U 9
12 1 U 11
13 1 U 12
14 0 U 13
15 1 L 0
16 0 L 13
17 0 U 16
18 0 U 5
19 1 U 14
20 1 L 6
21 1 U 20
22 0 L 6
23 1 U 22
24 1 U 23
25 1 U 24
26 1 L 21
27 0 U 17
28 1 U 27
29 0 U 28
30 1 U 29
31 0 U 30
32 0 L 26
33 1 U 28
34 0 L 9
35 1 U 16
36 0 U -1
37 0 U 36
38 1 U 37
39 0 U 38
40 0 U 39
41 1 U 40
42 1 U 41
43 1 U 42
44 0 U 43
45 1 U 15
46 0 U 7
47 1 U 46
48 0 U 40
49 0 U 48
50 0 U 49
51 1 L 34
52 0 U 16
53 1 L 23
54 1 U -1
55 1 U 54
56 1 U 55
57 0 U 56
58 0 U 57
59 1 U 58
60 1 U 59
61 1 U 57
62 1 L 51
63 0 U -1
64 0 U 63
65 1 U 12
66 0 U 65
67 0 U 62
68 1 U 67
69 0 U 34
70 1 U 69
71 0 U 70
72 0 L 35
73 1 U 69
74 0 U 73
75 1 U 36
76 1 U 75
77 0 U 76
78 1 U 72
79 0 U 78
80 1 L 39
81 1 U -1
82 1 U 81
83 0 U 19
84 1 U 83
85 1 U 38
86 0 U 85
87 0 U 86
88 0 U 87
89 0 L 80
90 1 U -1
91 0 U 90
92 1 U 91
93 0 L 29
94 0 U 57
95 1 U 94
96 0 U 56
97
0 0 L -1
1 0 U 0
2 0 L 1
3 1 L 1
4 1 U 1
5 0 U 4
6 1 U 3
7 1 U 6
8 1 U 7
9 1 L 1
10 1 U 9
11 0 L 3
12 1 U 11
13 1 U 12
14 0 U 13
15 1 L 0
16 0 L 13
17 0 U 16
18 0 U 5
19 1 U 14
20 1 U 19
21 1 U 20
22 1 L 13
23 1 U 22
24 1 L 11
25 1 U 24
26 0 L 17
27 0 U 17
28 1 U 27
29 0 U 28
30 1 U 29
31 0 U 30
32 0 U 31
33 1 U 28
34 0 L 9
35 0 L 21
36 0 U -1
37 0 U 36
38 1 U 37
39 0 U 38
40 0 U 39
41 1 U 40
42 1 U 41
43 1 U 42
44 0 U 43
45 1 U 15
46 0 U 7
47 1 U 46
48 0 U 40
49 0 U 48
50 0 U 49
51 1 L 34
52 0 U 16
53 1 L 23
54 1 U -1
55 1 U 54
56 1 U 55
57 0 U 56
58 0 U 57
59 1 U 58
60 1 U 59
61 1 U 57
62 1 L 51
63 0 U -1
64 0 U 63
65 1 U 12
66 0 U 65
67 0 U 62
68 1 U 67
69 0 U 34
70 1 U 69
71 0 U 70
72 0 L 35
73 1 U 69
74 0 U 73
75 1 U 36
76 1 U 75
77 0 U 76
78 1 U 72
79 0 U 78
80 0 L 73
81 1 U -1
82 1 U 81
83 0 U 19
84 1 U 83
85 1 U 38
86 0 U 85
87 1 U 14
88 0 U 87
89 0 L 80
90 0 L 62
91 0 U 90
92 1 U 91
93 0 L 29
94 0 U 57
95 1 U 94
96 0 U 56
97
0 0 L -1
1 0 U 0
2 0 U 1
3 1 L 1
4 1 U 1
5 0 U 4
6 0 U 5
7 0 L 1
8 1 U 7
9 1 L 1
10 1 U 9
11 0 L 3
12 1 U 11
13 1 U 12
14 0 U 13
15 1 L 0
16 0 L 13
17 0 U 16
18 0 U 5
19 1 U 14
20 1 U 19
21 1 U 20
22 1 L 13
23 1 L 19
24 1 U 23
25 0 U 10
26 0 L 13
27 0 U 17
28 1 U 27
29 0 U 28
30 1 L 26
31 0 U 30
32 0 U 31
33 1 U 28
34 0 L 9
35 1 U 16
36 0 U -1
37 0 U 13
38 0 L 10
39 0 U 38
40 0 U 39
41 1 U 40
42 1 U 41
43 1 U 42
44 0 U 43
45 1 U 15
46 0 U 7
47 0 U 8
48 0 U 40
49 0 U 48
50 0 U 45
51 1 L 34
52 0 U 16
53 1 L 51
54 1 U -1
55 1 U 54
56 1 U 55
57 0 U 56
58 0 U 57
59 1 U 58
60 1 U 59
61 1 U 57
62 1 L 51
63 0 U 29
64 0 U 63
65 1 U 12
66 0 U 65
67 0 U 62
68 1 U 67
69 0 U 34
70 1 U 69
71 1 U 65
72 0 L 27
73 1 U 69
74 0 U 73
75 1 U 36
76 1 U 75
77 0 U 76
78 1 U 72
79 0 U 78
80 0 L 73
81 1 U -1
82 0 U 7
83 0 U 19
84 1 U 83
85 1 U 38
86 0 U 85
87 0 U 86
88 0 U 87
89 0 L 80
90 1 U -1
91 0 U 30
92 1 U 91
93 0 L 29
94 0 U 57
95 1 U 94
96 0 U 56
97
0 0 L -1
1 0 U 0
2 0 U 1
3 1 L 1
4 1 U 1
5 0 U 4
6 0 U 5
7 1 U 6
8 1 U 7
9 1 L 1
10 1 U 9
11 0 L 3
12 1 U 11
13 1 U 12
14 0 U 13
15 1 L 0
16 0 L 13
17 0 U 16
18 0 U 5
19 1 U 14
20 1 U -1
21 1 U 20
22 1 L 13
23 1 U 22
24 1 U 23
25 1 L 19
26 1 U 18
27 0 U 17
28 1 L 24
29 0 U 28
30 1 U 29
31 0 U 30
32 0 U 31
33 1 U 28
34 0 L 9
35 1 U 16
36 0 U -1
37 0 U 36
38 1 U 37
39 0 U 38
40 0 U 39
41 1 U 40
42 1 U 41
43 1 U 42
44 0 U 43
45 1 U 15
46 0 U 7
47 1 U 46
48 0 U 39
49 0 U 48
50 0 U 49
51 1 L 34
52 0 U 16
53 1 L 23
54 1 U -1
55 1 U 54
56 1 U 55
57 0 U 56
58 0 U 57
59 1 U 58
60 1 U 59
61 1 U 57
62 1 L 51
63 0 U -1
64 1 U 18
65 1 U 12
66 0 U 65
67 0 U 62
68 1 U 67
69 0 U 34
70 1 U 69
71 0 U 70
72 0 L 35
73 1 U 69
74 0 U 73
75 0 L 45
76 1 U 61
77 0 U 76
78 1 U 72
79 0 U 78
80 0 L 73
81 1 U -1
82 1 U 81
83 0 U 19
84 1 U 83
85 1 U 38
86 0 U 85
87 0 U 86
88 0 U 87
89 0 L 80
90 0 L 61
91 0 U 90
92 1 U 91
93 0 L 29
94 0 U 57
95 1 U 94
96 0 U 56
97
0 0 L -1
1 0 U 0
2 0 U 1
3 1 L 1
4 1 U 1
5 0 U 4
6 0 U 5
7 1 U 6
8 1 U 7
9 1 L 1
10 1 U 9
11 0 L 3
12 1 U 11
13 1 U 12
14 0 U 13
15 1 L 0
16 0 L 13
17 0 U 16
18 0 U 5
19 1 U 14
20 1 U 19
21 1 U 20
22 1 L 13
23 1 U 22
24 1 U 23
25 1 U 24
26 1 U 18
27 0 U 17
28 1 U 27
29 0 U 28
30 1 U 29
31 0 U 30
32 0 U 31
33 0 L -1
34 0 L 9
35 1 U 16
36 0 U -1
37 1 U 35
38 1 U 37
39 0 U 38
40 0 U 39
41 1 U 40
42 1 U 41
43 1 U 42
44 0 U 43
45 1 U 15
46 0 U 7
47 1 U 46
48 0 L 18
49 0 U 48
50 0 U 49
51 1 L 34
52 0 U 41
53 1 L 23
54 1 U -1
55 1 U 54
56 1 U 55
57 1 L 54
58 0 U 57
59 1 U 58
60 1 U 59
61 1 U 57
62 1 L 51
63 0 U -1
64 0 U 63
65 1 U 12
66 1 U 41
67 0 U 62
68 0 U 0
69 0 U 34
70 1 U 69
71 0 U 50
72 0 L 35
73 1 U 69
74 0 U 73
75 1 U 36
76 1 U 75
77 0 U 76
78 0 U 22
79 0 U 78
80 1 U 7
81 1 U -1
82 1 U 81
83 0 U 19
84 1 U 83
85 1 U 38
86 0 U 85
87 1 L 32
88 0 U 87
89 1 L 87
90 1 U -1
91 0 U 90
92 1 U 91
93 0 L 29
94 1 U 54
95 1 U 94
96 0 U 56
97
0 0 U -1
1 0 U 0
2 0 U 1
3 1 L 1
4 1 U 1
5 0 U 4
6 0 U 5
7 1 U 6
8 1 U 7
9 1 L 1
10 1 U 9
11 0 U -1
12 1 U 11
13 1 U 12
14 0 U 13
15 1 L 0
16 0 L 13
17 0 U 16
18 0 U 13
19 1 U 14
20 1 U 19
21 1 U 20
22 1 L 13
23 1 U 22
24 1 U 23
25 1 U 24
26 1 U 18
27 0 U 17
28 1 U 27
29 0 U 28
30 1 U 29
31 0 U 30
32 0 U 31
33 0 L -1
34 0 L 9
35 1 U 16
36 0 U -1
37 1 U 35
38 0 L 36
39 0 U 38
40 0 U 39
41 1 U 40
42 1 U 41
43 1 U 42
44 0 U 43
45 1 U 15
46 0 U 7
47 1 U 46
48 1 L 7
49 1 L 10
50 0 U 49
51 1 U 46
52 0 U 41
53 1 L 23
54 1 U -1
55 0 L 16
56 1 U 55
57 1 L 54
58 0 U 57
59 1 U 58
60 1 U 59
61 1 U 57
62 1 L 51
63 0 U -1
64 0 U 63
65 1 U 12
66 1 U 41
67 0 U 62
68 0 L 56
69 0 U 34
70 1 U 69
71 0 U 50
72 0 U 69
73 1 U 69
74 0 U 73
75 1 U 36
76 1 U 75
77 0 U 76
78 0 U 22
79 0 U 78
80 1 U 7
81 1 U -1
82 1 U 81
83 0 U 19
84 1 U 83
85 1 U 38
86 0 U 15
87 1 L 32
88 0 U 87
89 1 L 87
90 1 U -1
91 0 U 90
92 1 U 91
93 0 L 29
94 1 U 54
95 1 U 94
96 0 U 56
97
0 0 L -1
1 0 U 0
2 0 U 1
3 1 U 0
4 1 U 1
5 0 U 4
6 0 U 5
7 1 U 6
8 1 U 7
9 1 L 1
10 1 U 9
11 0 L 3
12 1 U 11
13 1 U 12
14 0 U 13
15 1 L 0
16 0 L 13
17 0 U 16
18 0 L 17
19 1 U 14
20 1 U 19
21 1 U 1
22 1 L 13
23 0 U 8
24 1 U 23
25 1 U 24
26 1 U 18
27 0 U 17
28 1 U 27
29 0 U 28
30 1 U 29
31 0 U 30
32 1 U 21
33 0 L -1
34 0 L 9
35 1 U 16
36 0 U -1
37 1 U 35
38 1 U 37
39 0 U 38
40 0 U 39
41 1 U 40
42 1 U 41
43 1 U 42
44 0 L 16
45 1 U 15
46 0 U 7
47 1 U 46
48 0 L 18
49 0 U 48
50 0 U 49
51 1 L 34
52 0 U 41
53 1 L 23
54 1 U -1
55 1 U 54
56 1 U 33
57 1 L 54
58 0 U 57
59 1 U 58
60 1 U 59
61 1 U 57
62 1 L 51
63 1 L 12
64 0 U 63
65 1 U 12
66 1 U 41
67 0 U 62
68 0 U 0
69 0 U 34
70 1 U 69
71 0 U 50
72 0 L 35
73 1 U 69
74 0 U 73
75 1 U 36
76 1 U 75
77 0 U 76
78 0 U 22
79 0 U 78
80 1 U 7
81 1 U -1
82 1 U 81
83 0 U 19
84 1 U 83
85 1 U 38
86 0 U 85
87 1 L 22
88 0 U 87
89 1 L 87
90 1 U 83
91 0 U 90
92 1 U 91
93 0 L 4
94 1 U 54
95 1 U 94
96 0 U 56
97
0 0 U -1
1 0 U 0
2 0 U 1
3 1 L 1
4 1 U 1
5 0 U 4
6 0 U 5
7 1 U 6
8 1 U 7
9 1 L 1
10 1 U 9
11 0 L 3
12 1 U 11
13 1 U 12
14 0 U 13
15 1 L 0
16 0 L 13
17 0 U 16
18 0 U 5
19 1 U 14
20 1 U 19
21 1 U 20
22 1 L 13
23 1 U 22
24 1 U 23
25 1 U 24
26 1 U 18
27 0 U 17
28 1 U 27
29 0 U 28
30 1 U 29
31 0 U 30
32 0 U 31
33 0 L -1
34 0 L 9
35 1 U 16
36 0 U -1
37 0 L 8
38 1 U 37
39 1 L 38
40 0 U 39
41 1 U 40
42 1 U 41
43 1 U 42
44 0 U 43
45 1 L 13
46 0 U 7
47 0 L 32
48 0 L 18
49 0 U 48
50 0 U 49
51 1 L 34
52 0 L 20
53 1 L 23
54 1 U -1
55 1 U 54
56 1 U 55
57 1 L 54
58 0 U 57
59 1 U 58
60 1 U 59
61 1 U 57
62 1 L 51
63 0 U 31
64 0 U 63
65 1 U 12
66 1 U 41
67 0 U 61
68 0 U 0
69 0 U 34
70 1 U 69
71 0 U 50
72 0 L 35
73 1 U 69
74 0 U 73
75 1 U 36
76 1 U 75
77 1 U 33
78 0 U 22
79 0 U 78
80 1 U 7
81 1 U -1
82 1 U 81
83 0 U 19
84 1 U 83
85 1 U 52
86 0 U 85
87 1 L 32
88 0 U 87
89 1 L 87
90 1 U -1
91 0 U 90
92 1 U 91
93 0 L 29
94 1 U 54
95 1 U 94
96 0 U 56
97
0 0 U -1
1 0 U 0
2 0 U 1
3 1 L 1
4 1 U 1
5 0 U 4
6 0 U 5
7 1 U 6
8 1 U 7
9 1 L 1
10 0 L 8
11 0 L 3
12 1 U 11
13 0 U 4
14 0 U 13
15 1 L 0
16 0 L 13
17 0 U 16
18 0 U 5
19 1 U 14
20 1 U 19
21 0 L 5
22 1 L 12
23 1 U 22
24 1 U 23
25 1 U 24
26 1 U 18
27 0 U 17
28 1 L 3
29 0 U 28
30 1 U 29
31 0 U 30
32 0 U 31
33 0 L -1
34 0 L 9
35 1 U 16
36 0 U -1
37 0 L 8
38 1 U 37
39 1 L 38
40 0 U 39
41 1 U 40
42 1 U 41
43 1 U 42
44 0 U 43
45 1 L 13
46 0 U 7
47 1 U 18
48 0 L 18
49 0 U 48
50 0 U 49
51 1 L 34
52 0 L 20
53 1 L 23
54 1 U -1
55 1 U 54
56 1 U 55
57 1 L 54
58 1 L 41
59 1 U 58
60 1 U 59
61 1 U 57
62 1 L 51
63 0 U 31
64 0 U 63
65 1 U 12
66 1 U 41
67 0 U 61
68 0 U 0
69 1 U 18
70 1 U 69
71 0 U 50
72 0 L 35
73 1 U 69
74 0 U 73
75 1 U 36
76 1 U 75
77 1 U 33
78 0 U 22
79 0 U 78
80 1 U 7
81 1 U -1
82 0 U 64
83 0 U 19
84 1 U 83
85 1 U 52
86 0 U 85
87 1 L 32
88 0 U 87
89 1 L 87
90 1 U -1
91 0 U 90
92 1 U 91
93 0 L 29
94 1 U 54
95 0 U 80
96 0 U 56
97
0 0 U -1
1 0 U 0
2 0 U 1
3 1 L 1
4 1 U 1
5 0 U 4
6 0 U 5
7 1 U 6
8 1 U 7
9 1 L 1
10 1 U 9
11 0 L 3
12 1 U 11
13 1 U 12
14 0 U 13
15 1 L 0
16 0 L 13
17 0 U 16
18 0 U 5
19 1 U 14
20 1 U 19
21 1 U 12
22 1 L 13
23 1 U 22
24 1 U 23
25 1 U 24
26 1 U 18
27 0 U 17
28 1 U 27
29 1 L 19
30 1 U 29
31 0 U 30
32 0 U 31
33 0 L -1
34 0 L 9
35 1 L 1
36 0 U -1
37 0 L 8
38 1 U 37
39 1 L 38
40 0 L 4
41 1 U 40
42 1 U 41
43 1 U 42
44 0 U 43
45 1 L 13
46 0 U 7
47 0 L 32
48 0 L 18
49 0 U 48
50 0 U 49
51 1 L 34
52 0 U 32
53 1 L 23
54 1 U -1
55 1 U 54
56 0 L 0
57 1 L 54
58 0 U 57
59 0 L 5
60 1 U 59
61 1 U 57
62 1 L 51
63 0 U 31
64 0 U 63
65 1 U 12
66 1 U 41
67 0 U 61
68 0 U 0
69 0 U 34
70 0 L 68
71 0 U 50
72 0 L 35
73 1 U 69
74 0 U 73
75 1 U 36
76 1 U 75
77 1 U 33
78 0 U 22
79 0 U 78
80 1 U 7
81 1 U -1
82 1 U 81
83 0 U 19
84 1 U 83
85 1 U 52
86 0 U 85
87 1 L 32
88 0 U 87
89 1 L 28
90 1 U -1
91 1 U 52
92 1 U 91
93 1 L 5
94 0 U 46
95 1 U 94
96 0 U 56
97
0 0 U -1
1 0 U 0
2 0 U 1
3 1 L 1
4 1 U 1
5 0 U 4
6 0 U 5
7 1 U 6
8 1 U 7
9 1 L 1
10 1 U 9
11 0 L 3
12 1 U 11
13 0 L 0
14 0 U 13
15 1 L 0
16 0 L 13
17 0 U 16
18 0 U 5
19 1 U 14
20 1 U 19
21 1 U 20
22 1 L 13
23 1 U 22
24 1 U 23
25 1 U 24
26 1 U 18
27 0 U 17
28 1 U 27
29 0 U 28
30 1 U 29
31 0 U 30
32 0 U 31
33 0 L -1
34 0 L 33
35 1 U 16
36 1 L 15
37 0 L 8
38 1 U 37
39 1 L 38
40 1 U 8
41 1 U 40
42 1 U 41
43 1 U 19
44 0 U 43
45 1 L 13
46 0 U 7
47 0 L 32
48 0 L 18
49 0 U 48
50 0 U 49
51 1 L 34
52 0 L 20
53 1 L 23
54 1 U -1
55 1 U 54
56 1 U 55
57 1 L 54
58 0 U 57
59 1 U 58
60 0 U 48
61 1 U 57
62 1 L 51
63 0 U 31
64 0 U 63
65 1 U 12
66 1 U 41
67 0 U 61
68 0 U 0
69 0 U 34
70 1 U 69
71 0 U 50
72 0 L 35
73 0 U 25
74 0 U 73
75 1 U 36
76 1 U 75
77 1 U 33
78 0 U 22
79 0 U 78
80 1 U 7
81 1 U -1
82 1 U 81
83 0 U 19
84 1 U 83
85 1 U 52
86 0 U 85
87 1 L 32
88 0 U 87
89 1 L 87
90 1 U -1
91 0 U 90
92 1 U 91
93 0 L 29
94 1 U 54
95 1 U 94
96 0 L 94
97
0 0 U -1
1 0 U 0
2 0 U 1
3 1 L 1
4 1 U 1
5 0 U 4
6 0 U 5
7 1 U 6
8 1 U 7
9 1 L 1
10 1 U 9
11 0 L 3
12 1 U 11
13 1 U 12
14 0 U 13
15 1 L 0
16 0 L 13
17 0 U 16
18 0 U 5
19 1 U 14
20 1 U 19
21 1 U 20
22 1 U 4
23 1 U 22
24 1 U 23
25 0 L 18
26 1 U 18
27 0 U 17
28 1 U 27
29 0 U 28
30 1 U 29
31 0 U 30
32 0 U 31
33 0 L -1
34 0 L 9
35 1 U 16
36 0 U -1
37 0 L 8
38 1 U 37
39 1 L 38
40 0 U 39
41 1 U 40
42 1 U 41
43 1 U 42
44 0 U 43
45 1 L 13
46 1 U 7
47 0 L 32
48 0 L 18
49 0 U 48
50 0 L 29
51 1 L 34
52 0 L 20
53 1 L 12
54 1 U -1
55 1 U 54
56 1 U 55
57 1 L 54
58 0 U 57
59 1 U 58
60 1 U 59
61 1 U 57
62 1 L 51
63 0 U 31
64 0 U 63
65 0 U 7
66 1 U 41
67 0 U 61
68 0 U 0
69 0 U 34
70 1 U 69
71 0 U 50
72 0 L 35
73 1 U 69
74 0 U 73
75 1 U 36
76 1 U 75
77 1 U 33
78 0 U 9
79 0 U 78
80 1 U 7
81 1 U -1
82 1 U 81
83 0 U 19
84 1 U 83
85 1 U 52
86 0 U 85
87 1 L 32
88 0 U 87
89 1 L 87
90 1 U -1
91 0 U 90
92 1 U 91
93 0 L 29
94 1 U 54
95 1 U 94
96 0 U 56
97
0 0 U -1
1 0 U 0
2 0 U 1
3 1 L 1
4 1 U 1
5 0 U 4
6 0 U 5
7 1 U 3
8 1 U 7
9 1 L 1
10 1 U 9
11 0 L 3
12 1 U 11
13 1 U 12
14 0 U 13
15 1 L 0
16 0 L 13
17 0 U 16
18 0 U 5
19 0 L -1
20 1 U 19
21 1 U 20
22 1 L 13
23 1 U 22
24 1 U 23
25 1 U 24
26 1 U 18
27 0 U 17
28 1 U 27
29 0 U 28
30 1 U 29
31 0 U 30
32 0 U 31
33 0 L -1
34 1 U 29
35 1 U 16
36 0 U -1
37 0 L 8
38 1 U 37
39 1 L 38
40 0 U 39
41 1 U 40
42 1 U 41
43 1 U 42
44 0 L 43
45 1 L 13
46 0 U 7
47 0 L 32
48 0 L 18
49 0 U 48
50 0 U 49
51 0 L 35
52 0 L 20
53 1 L 44
54 0 L 38
55 1 L -1
56 1 U 55
57 1 L 54
58 0 U 57
59 1 U 58
60 1 L 42
61 0 U 17
62 1 L 51
63 0 U 31
64 0 U 63
65 1 U 12
66 1 U 41
67 0 U 61
68 0 U 0
69 0 U 34
70 1 L 49
71 0 U 50
72 0 L 35
73 1 U 69
74 0 U 73
75 1 U 36
76 1 U 75
77 1 U 33
78 0 U 22
79 0 U 78
80 1 U 7
81 1 U -1
82 1 U 81
83 0 U 19
84 1 U 83
85 1 U 52
86 0 U 85
87 1 L 32
88 0 U 87
89 1 L 87
90 1 U -1
91 0 U 90
92 1 U 91
93 0 L 29
94 1 U 54
95 1 U 94
96 0 U 56
97
0 1 L -1
1 0 U 0
2 0 U 1
3 1 L 1
4 1 U 1
5 0 U 4
6 0 U 5
7 1 L 0
8 1 U 7
9 1 L 1
10 1 U 9
11 0 L 3
12 1 L 4
13 1 U 12
14 0 U 13
15 1 L 0
16 0 L 13
17 0 U 16
18 0 U 5
19 1 U 14
20 1 U 19
21 1 U 20
22 0 U 11
23 1 U 22
24 1 U 23
25 1 U 24
26 1 U 18
27 0 U 17
28 1 U 27
29 0 U 28
30 1 U 29
31 0 U 30
32 0 U 31
33 0 L -1
34 0 L 9
35 1 U 16
36 0 U -1
37 0 L 8
38 1 U 37
39 1 L 16
40 0 U 39
41 1 U 40
42 1 U 41
43 1 U 42
44 0 U 43
45 0 U 14
46 0 U 7
47 0 L 32
48 1 L 20
49 0 U 48
50 0 U 49
51 1 L 34
52 0 L 20
53 1 L 23
54 1 U -1
55 1 U 54
56 0 U 13
57 1 L 54
58 0 U 57
59 1 U 58
60 1 U 59
61 1 U 57
62 1 L 51
63 0 U 20
64 0 U 63
65 1 U 12
66 1 U 41
67 0 U 61
68 0 U 0
69 0 U 34
70 1 U 69
71 0 U 50
72 0 L 35
73 1 U 69
74 0 U 73
75 1 U 36
76 1 U 35
77 0 L 54
78 0 U 22
79 0 U 78
80 1 L 71
81 1 U -1
82 1 U 81
83 0 U 19
84 1 U 83
85 1 U 52
86 0 U 85
87 1 L 32
88 0 U 43
89 1 L 87
90 1 L 67
91 0 U 90
92 1 U 91
93 0 L 29
94 1 U 54
95 1 U 94
96 0 U 56
97
0 0 U -1
1 0 L -1
2 0 U 1
3 0 U 2
4 1 U 1
5 0 U 4
6 0 U 5
7 1 U 6
8 1 U 7
9 1 L 1
10 1 U 9
11 0 L 3
12 1 U 11
13 1 U 12
14 0 U 13
15 1 L 0
16 0 L 13
17 0 U 16
18 0 U 5
19 0 U 14
20 1 U 19
21 1 U 20
22 1 L 13
23 1 U 22
24 1 U 23
25 1 U 24
26 1 U 18
27 0 U 17
28 0 U 8
29 0 U 28
30 1 U 29
31 0 U 30
32 0 U 31
33 0 L -1
34 0 L 9
35 1 U 16
36 0 U -1
37 0 L 8
38 1 U 37
39 1 L 38
40 0 U 39
41 1 U 40
42 1 U 41
43 0 L 25
44 0 U 43
45 1 L 13
46 0 U 7
47 0 L 32
48 0 L 18
49 0 L 2
50 1 U 48
51 1 L 34
52 0 L 20
53 1 L 23
54 1 U -1
55 0 L 38
56 1 U 55
57 1 L 54
58 0 U 57
59 1 U 58
60 1 U 59
61 1 U 57
62 1 L 51
63 0 U 31
64 0 U 27
65 1 U 47
66 1 U 41
67 0 U 61
68 0 U 0
69 0 U 34
70 1 L 60
71 0 U 50
72 1 U 29
73 1 U 69
74 0 U 73
75 1 U 36
76 1 U 75
77 1 U 33
78 0 U 22
79 0 U 78
80 1 U 7
81 1 U -1
82 1 U 81
83 0 L 63
84 1 U 64
85 1 U 52
86 0 U 85
87 1 L 32
88 0 U 85
89 1 L 87
90 1 U -1
91 0 U 90
92 1 L 46
93 0 L 29
94 1 U 54
95 1 U 94
96 0 U 56
97
0 0 U -1
1 0 U 0
2 0 U 1
3 1 L 1
4 1 U 1
5 0 U 4
6 0 U 5
7 1 U 6
8 1 U 7
9 1 L 1
10 1 U 9
11 0 L 3
12 1 U 11
13 1 U 12
14 0 U 13
15 1 L 0
16 0 L 13
17 0 L 7
18 0 U 5
19 1 U 14
20 1 U 19
21 1 U 20
22 1 L 13
23 1 U 2
24 1 U 23
25 1 U 24
26 1 U 18
27 0 U 17
28 1 U 24
29 0 U 28
30 1 U 29
31 0 U 30
32 0 U 31
33 0 L -1
34 0 L 9
35 1 U 16
36 0 U -1
37 0 L 8
38 1 U 37
39 1 L 38
40 0 U 39
41 1 U 40
42 1 U 41
43 1 U 42
44 0 U 43
45 1 L 13
46 0 U 7
47 0 L 32
48 0 L 18
49 0 U 48
50 0 U 32
51 1 L 34
52 0 L 36
53 1 L 23
54 0 U 26
55 1 U 54
56 1 U 55
57 1 L 54
58 0 U 57
59 1 U 58
60 1 U 59
61 1 U 57
62 1 L 51
63 0 U 31
64 0 U 63
65 1 U 12
66 1 U 41
67 0 U 61
68 0 U 0
69 0 U 34
70 1 U 69
71 0 U 50
72 0 L 35
73 1 L 29
74 0 U 39
75 1 U 36
76 1 U 75
77 1 U 33
78 0 U 68
79 0 U 78
80 0 L 3
81 1 U -1
82 1 U 81
83 0 U 19
84 1 U 83
85 1 U 52
86 0 U 85
87 1 L 32
88 0 U 87
89 1 L 87
90 1 U -1
91 0 U 90
92 1 U 91
93 0 L 29
94 1 U 54
95 1 U 94
96 0 U 56
97
0 0 U -1
1 0 U 0
2 0 U 1
3 0 L 2
4 1 U 1
5 0 U 4
6 0 U 5
7 1 L 5
8 1 U 7
9 1 U 3
10 1 U 9
11 0 L 3
12 1 U 11
13 0 U 7
14 0 U 13
15 1 L 0
16 0 L 13
17 0 U 16
18 0 U 5
19 1 U 14
20 1 U 19
21 1 U 20
22 1 L 13
23 1 U 22
24 1 U 23
25 1 U 24
26 1 U 18
27 0 U 17
28 1 U 27
29 0 U 28
30 1 U 29
31 0 U 30
32 0 U 31
33 1 U 4
34 0 L 9
35 1 U 16
36 0 U -1
37 0 L 8
38 0 L -1
39 1 L 38
40 0 U 39
41 1 U 40
42 1 U 41
43 1 U 42
44 0 U 43
45 1 L 13
46 0 U 7
47 0 L 32
48 0 L 18
49 0 U 48
50 0 U 49
51 1 L 34
52 0 L 20
53 1 U 31
54 1 U -1
55 1 U 54
56 1 U 55
57 1 L 54
58 0 U 57
59 1 U 58
60 1 U 59
61 1 U 57
62 1 L 51
63 0 U 31
64 0 U 63
65 1 U 12
66 1 U 41
67 0 U 61
68 0 U 0
69 0 U 34
70 1 U 69
71 0 U 50
72 0 L 35
73 1 U 69
74 0 U 73
75 1 U 36
76 1 U 75
77 1 U 33
78 0 U 22
79 0 U 78
80 1 U 7
81 1 U -1
82 1 U 81
83 0 U 19
84 1 U 83
85 1 U 52
86 0 U 85
87 1 L 32
88 0 U 87
89 1 L 87
90 1 U -1
91 0 U 90
92 1 U 91
93 0 L 29
94 1 U 54
95 1 U 94
96 0 L 77
97
0 0 U -1
1 0 U 0
2 0 U 1
3 1 L 1
4 0 L 1
5 0 U 4
6 0 U 5
7 1 U 6
8 1 U 7
9 1 L 1
10 0 L 8
11 0 L 3
12 1 U 11
13 1 U 12
14 0 U 13
15 1 L 0
16 0 L 13
17 0 U 16
18 0 U 5
19 0 L 5
20 1 U 19
21 1 U 20
22 1 L 13
23 1 U 22
24 1 U 23
25 1 U 24
26 1 U 18
27 0 U 17
28 1 U 27
29 0 U 28
30 1 U 29
31 0 L 12
32 0 U 31
33 1 L 23
34 0 L 9
35 1 U 16
36 0 U -1
37 0 L 18
38 1 U 37
39 1 L 38
40 0 U 39
41 1 U 40
42 1 U 41
43 1 U 42
44 0 U 43
45 0 U 40
46 0 U 7
47 0 L 32
48 0 L 18
49 0 U 48
50 0 U 49
51 1 L 34
52 0 L 20
53 1 L 23
54 1 U -1
55 1 U 54
56 1 U 55
57 1 L 54
58 1 L 28
59 1 U 58
60 1 U 59
61 1 U 57
62 1 L 51
63 0 U 31
64 0 U 63
65 1 U 12
66 1 U 41
67 1 U 4
68 0 U 0
69 0 U 34
70 1 U 69
71 0 U 50
72 0 L 35
73 1 U 69
74 0 U 73
75 1 U 36
76 1 U 75
77 1 U 33
78 0 U 22
79 0 U 78
80 1 U 7
81 1 U -1
82 1 U 81
83 0 U 19
84 1 U 83
85 1 U 52
86 0 U 85
87 1 L 32
88 0 U 87
89 1 L 87
90 1 U -1
91 0 U 90
92 1 U 91
93 0 L 29
94 1 U 54
95 1 U 94
96 0 U 56
97
0 0 U -1
1 0 U 0
2 0 U 1
3 1 L 1
4 1 U 1
5 0 U 4
6 0 U 5
7 1 U 6
8 1 U 7
9 1 L 1
10 1 U 9
11 1 U 7
12 1 U 11
13 1 U 12
14 0 U 13
15 1 L 0
16 0 L 13
17 0 U 16
18 0 U 5
19 1 U 14
20 1 U 19
21 1 U 20
22 1 L 13
23 1 U 22
24 1 U 23
25 0 U 24
26 1 U 18
27 0 U 17
28 1 U 27
29 0 U 28
30 1 U 29
31 0 U 30
32 0 U 31
33 0 L -1
34 0 L 9
35 1 U 16
36 0 U -1
37 0 L 8
38 1 U 37
39 1 L 38
40 0 U 39
41 1 U 40
42 1 U 41
43 1 U 42
44 0 U 43
45 1 U 12
46 0 L 4
47 0 L 32
48 0 L 18
49 0 U 48
50 0 U 49
51 1 L 34
52 0 L 20
53 1 L 23
54 1 U -1
55 1 U 54
56 1 U 55
57 1 L 54
58 0 U 57
59 1 U 58
60 1 U 59
61 1 U 22
62 1 L 51
63 0 U 56
64 0 U 63
65 1 U 12
66 1 U 41
67 0 U 61
68 0 U 0
69 0 U 34
70 1 U 69
71 0 U 70
72 1 U 15
73 1 U 69
74 0 U 73
75 1 U 36
76 1 U 75
77 1 U 33
78 0 U 22
79 0 U 78
80 1 U 7
81 1 U -1
82 1 U 81
83 0 U 19
84 1 U 83
85 1 U 52
86 0 U 85
87 1 L 32
88 0 U 87
89 1 L 87
90 1 U -1
91 0 U 90
92 1 U 91
93 0 L 29
94 1 U 54
95 1 U 94
96 0 U 56
97
0 0 U -1
1 0 U 0
2 0 U 1
3 1 L 1
4 1 U 1
5 0 U 4
6 0 U 5
7 1 U 6
8 1 U 7
9 1 L 1
10 1 U 9
11 0 L 3
12 1 U 11
13 0 L -1
14 0 U 13
15 1 L 0
16 0 L 13
17 0 U 16
18 0 U 5
19 1 U 14
20 1 U 19
21 1 U 20
22 1 L 13
23 1 U 22
24 1 U 23
25 0 U 5
26 1 U 18
27 0 U 17
28 1 U 27
29 0 U 28
30 1 U 29
31 0 U 30
32 1 L 2
33 0 L -1
34 0 L 9
35 1 U 16
36 0 U -1
37 0 L 8
38 1 U 37
39 0 U 20
40 0 U 39
41 1 U 40
42 1 U 41
43 1 U 42
44 0 U 43
45 1 L 13
46 0 U 7
47 0 L 39
48 0 L 18
49 0 U 48
50 0 U 49
51 1 L 34
52 0 L 20
53 1 L 23
54 1 U -1
55 1 U 54
56 0 L 13
57 1 L 54
58 0 U 57
59 1 U 58
60 1 U 59
61 1 U 32
62 1 L 51
63 0 U 31
64 0 U 63
65 0 L 36
66 1 U 41
67 0 U 61
68 0 U 0
69 0 U 34
70 1 U 69
71 0 U 50
72 0 L 35
73 1 L 44
74 0 U 73
75 1 U 36
76 1 L 62
77 1 U 33
78 0 U 22
79 1 L 38
80 1 U 7
81 1 U -1
82 1 U 81
83 0 U 19
84 1 U 83
85 1 U 52
86 0 U 85
87 1 L 32
88 0 U 87
89 1 L 87
90 1 L 35
91 0 U 90
92 1 U 91
93 0 L 29
94 1 U 54
95 1 U 94
96 0 U 56
97
0 0 U -1
1 0 U 0
2 0 U 1
3 1 L 1
4 1 U 1
5 0 U 4
6 0 U 5
7 1 U 6
8 0 U 0
9 1 L 1
10 1 U 9
11 0 L 3
12 1 U 11
13 0 U -1
14 0 U 13
15 1 L 0
16 0 L 13
17 1 L 5
18 0 U 5
19 1 U 14
20 1 U 19
21 1 U 20
22 1 L 13
23 0 U 14
24 1 U 23
25 1 U 24
26 1 U 18
27 0 U 17
28 1 U 27
29 0 U 28
30 1 U 29
31 0 U 30
32 0 U 31
33 0 L -1
34 0 L 9
35 1 U 16
36 0 U -1
37 0 L 8
38 1 U 37
39 1 L 38
40 0 U 39
41 1 U 40
42 1 U 41
43 1 U 42
44 0 U 43
45 1 L 13
46 0 U 7
47 0 L 32
48 0 L 18
49 0 U 48
50 0 L 10
51 1 L 34
52 0 L 19
53 1 L 23
54 1 U -1
55 1 U 54
56 1 U 55
57 1 U 27
58 0 U 57
59 1 U 58
60 1 U 59
61 1 U 57
62 1 L 51
63 0 U 31
64 0 U 63
65 0 U 31
66 1 U 41
67 0 U 61
68 1 U 54
69 0 U 63
70 1 U 69
71 0 U 50
72 0 L 35
73 1 U 69
74 0 L 67
75 1 U 36
76 1 U 75
77 1 U 33
78 0 U 22
79 0 U 78
80 1 U 7
81 1 U -1
82 1 U 81
83 0 U 19
84 1 U 83
85 1 U 52
86 0 U 85
87 1 L 32
88 0 U 87
89 1 L 87
90 1 U -1
91 0 U 90
92 1 U 91
93 0 L 29
94 1 U 54
95 1 U 94
96 0 U 56
97
0 0 U -1
1 0 U 0
2 0 U 1
3 1 L 1
4 1 U 1
5 0 U 4
6 0 L 4
7 1 U 6
8 1 U 7
9 1 L 1
10 1 U 9
11 0 L 3
12 1 U 11
13 1 U 12
14 0 U 13
15 1 L 0
16 1 U 13
17 0 U 16
18 0 U 5
19 1 U 14
20 1 U 19
21 1 U 20
22 1 U 4
23 1 U 22
24 1 U 23
25 1 U 24
26 1 U 18
27 1 L 16
28 1 U 27
29 0 U 28
30 1 U 29
31 0 U 30
32 0 U 31
33 0 L -1
34 0 L 9
35 1 U 16
36 0 U -1
37 0 L 28
38 1 U 37
39 1 L 38
40 0 U 39
41 1 U 40
42 1 U 41
43 0 L 8
44 0 U 43
45 1 L 13
46 0 U 7
47 0 L 32
48 0 L 18
49 0 U 48
50 0 U 49
51 1 L 34
52 0 L 20
53 1 L 23
54 0 U 33
55 1 U 54
56 1 U 20
57 1 L 54
58 0 U 57
59 1 U 58
60 1 U 59
61 1 U 57
62 1 L 51
63 0 U 31
64 0 U 63
65 1 U 12
66 1 U 41
67 0 U 61
68 0 U 0
69 0 U 34
70 1 U 69
71 1 U 41
72 0 L 35
73 1 U 69
74 0 L 68
75 1 U 36
76 1 U 75
77 1 U 33
78 1 U 41
79 0 U 78
80 1 U 7
81 1 U -1
82 1 U 81
83 0 U 19
84 1 U 83
85 0 U 63
86 0 U 85
87 1 L 32
88 0 U 87
89 1 L 87
90 1 U -1
91 0 U 90
92 0 U 51
93 0 L 29
94 1 U 54
95 1 U 94
96 0 U 56
97
0 0 U -1
1 0 U 0
2 0 U 1
3 1 L 1
4 1 U 1
5 0 U 4
6 0 U 5
7 1 U 6
8 1 U 7
9 1 L 1
10 1 U 9
11 0 L 3
12 1 U 11
13 1 U 12
14 0 U 13
15 1 L 0
16 0 L 13
17 0 U 16
18 0 U 5
19 1 U 14
20 1 U 19
21 1 U 20
22 1 L 13
23 1 U 22
24 1 U 23
25 1 U 24
26 1 U 18
27 0 U 17
28 1 U 27
29 0 U 28
30 1 U 29
31 0 U 30
32 0 U 31
33 0 L -1
34 0 L 9
35 0 U 1
36 0 U -1
37 1 L 30
38 1 U 37
39 1 L 38
40 0 U 39
41 1 U 40
42 1 U 41
43 0 L 39
44 0 U 43
45 1 L 13
46 0 U 7
47 1 L 29
48 0 L 18
49 0 U 48
50 0 U 49
51 1 L 34
52 0 L 20
53 1 L 23
54 1 U -1
55 1 U 54
56 1 U 55
57 1 L 54
58 0 U 57
59 1 U 58
60 1 U 59
61 1 U 57
62 1 L 32
63 0 U 31
64 0 U 63
65 1 U 12
66 1 U 25
67 0 U 61
68 0 U 0
69 0 U 34
70 1 U 69
71 0 U 50
72 0 L 35
73 1 U 69
74 0 U 73
75 1 U 36
76 1 U 75
77 1 U 33
78 0 U 22
79 0 U 78
80 1 U 7
81 1 U -1
82 1 U 81
83 0 L 16
84 0 U 47
85 1 U 52
86 0 U 85
87 1 L 32
88 0 U 87
89 1 L 87
90 1 U -1
91 0 L 35
92 1 U 91
93 0 L 29
94 1 U 54
95 1 U 94
96 0 U 56
97
0 0 U -1
1 0 U 0
2 0 U 1
3 1 L 1
4 1 U 1
5 0 U 4
6 0 U 5
7 1 U 6
8 1 U 7
9 1 L 1
10 1 U 9
11 0 L 3
12 1 U 11
13 1 U 12
14 0 U 13
15 1 L 0
16 0 U 7
17 0 U 16
18 0 U 5
19 1 U 14
20 1 U 19
21 1 U 20
22 1 L 13
23 1 U 7
24 1 U 23
25 1 U 24
26 1 U 18
27 0 U 17
28 1 U 27
29 0 U 28
30 1 U 29
31 0 U 30
32 0 U 31
33 0 L -1
34 0 L 9
35 1 U 16
36 0 U -1
37 0 L 8
38 1 U 37
39 1 L 38
40 0 L 18
41 1 L 27
42 1 U 41
43 1 U 42
44 0 U 43
45 1 L 13
46 0 U 7
47 0 L 32
48 1 L 0
49 0 U 48
50 0 U 49
51 1 L 34
52 0 L 20
53 1 L 23
54 1 U -1
55 0 U 33
56 1 U 55
57 1 L 54
58 0 U 57
59 1 U 58
60 1 U 59
61 1 U 57
62 1 L 49
63 0 U 31
64 0 U 63
65 1 U 12
66 1 U 41
67 0 U 23
68 0 U 0
69 0 U 34
70 1 U 69
71 0 U 50
72 0 L 35
73 1 U 69
74 0 U 73
75 1 U 36
76 1 U 75
77 1 U 33
78 0 U 22
79 1 U 75
80 1 U 7
81 1 U -1
82 1 U 81
83 0 U 19
84 1 U 83
85 1 U 52
86 0 U 85
87 1 L 32
88 0 U 87
89 1 L 87
90 1 U -1
91 0 U 90
92 1 U 91
93 0 L 29
94 1 U 54
95 1 U 94
96 0 U 56
97
0 0 U -1
1 0 U 0
2 0 U 1
3 1 L 1
4 1 U 1
5 0 U 4
6 0 U 5
7 1 U 6
8 1 U 7
9 1 L 1
10 0 U 6
11 0 L 3
12 1 U 11
13 1 U 12
14 0 U 13
15 1 L 0
16 0 L 13
17 0 U 16
18 0 U 5
19 1 L 16
20 1 U 19
21 1 U 20
22 0 U 7
23 1 U 22
24 1 U 23
25 1 U 24
26 1 U 18
27 0 U 17
28 1 U 27
29 0 U 28
30 1 U 14
31 0 U 12
32 0 U 31
33 0 L -1
34 0 L 9
35 1 U 16
36 0 U -1
37 0 L 8
38 1 U 37
39 1 L 38
40 0 U 39
41 1 U 40
42 1 U 41
43 1 U 42
44 0 U 43
45 1 L 13
46 0 U 7
47 1 U 30
48 0 L 18
49 0 U 48
50 0 U 49
51 1 L 34
52 0 L 20
53 1 L 23
54 1 U -1
55 1 U 54
56 1 U 55
57 1 L 54
58 1 L 47
59 1 U 58
60 1 U 59
61 1 U 57
62 1 L 51
63 0 U 31
64 0 U 63
65 1 U 12
66 1 U 41
67 0 U 61
68 0 U 0
69 0 U 34
70 1 U 69
71 0 U 62
72 1 L 35
73 1 U 69
74 0 U 73
75 1 U 36
76 1 U 75
77 1 U 33
78 0 U 22
79 0 U 78
80 1 U 7
81 1 U -1
82 1 U 81
83 0 U 19
84 1 U 83
85 1 U 52
86 0 U 85
87 1 L 32
88 1 U 87
89 1 L 87
90 1 U -1
91 0 U 90
92 1 U 91
93 0 L 29
94 1 U 54
95 1 U 94
96 0 U 56
97
0 0 U -1
1 0 U 0
2 0 L 1
3 1 L 1
4 1 U 1
5 0 U 4
6 0 U 5
7 1 U 6
8 1 U 7
9 1 L 1
10 1 U 9
11 0 L 3
12 1 U 11
13 1 U 12
14 0 U 13
15 1 L 0
16 0 L 13
17 0 U 16
18 0 U 5
19 1 U 14
20 1 U 19
21 1 U 20
22 1 L 13
23 1 U 22
24 1 U 23
25 1 U 24
26 1 U 18
27 0 U 17
28 1 U 27
29 0 U 28
30 1 U 29
31 0 U 30
32 0 U 31
33 0 L -1
34 0 L 9
35 1 U 16
36 0 U -1
37 0 L 8
38 1 U 37
39 1 L 38
40 0 U 39
41 1 U 40
42 1 U 41
43 1 U 42
44 0 U 43
45 1 L 13
46 0 U 7
47 0 L 32
48 0 U 16
49 0 U 48
50 0 U 49
51 1 L 34
52 0 L 20
53 1 L 23
54 1 U -1
55 0 U 49
56 1 U 55
57 1 L 54
58 0 U 57
59 1 U 58
60 1 U 59
61 1 U 57
62 1 L 43
63 0 U 31
64 0 U 63
65 1 U 12
66 1 U 41
67 0 U 61
68 0 U 0
69 0 U 34
70 1 U 69
71 0 U 50
72 0 L 35
73 1 U 69
74 0 U 73
75 0 L 37
76 1 U 75
77 1 U 33
78 0 U 22
79 0 U 78
80 1 U 7
81 1 U -1
82 1 U 81
83 0 U 19
84 1 L 43
85 1 U 52
86 0 U 85
87 1 L 32
88 0 U 87
89 1 L 87
90 1 U -1
91 0 U 90
92 1 U 91
93 0 L 29
94 1 U 54
95 1 U 94
96 0 U 56
97
0 0 U -1
1 0 L -1
2 0 U 1
3 1 L 1
4 1 U 1
5 0 U 4
6 0 L 0
7 1 U 6
8 1 U 7
9 1 L 1
10 1 U 9
11 0 L 3
12 1 U 11
13 1 U 12
14 0 U 13
15 1 L 0
16 0 L 13
17 1 U 9
18 0 U 5
19 0 L 1
20 1 U 19
21 1 U 20
22 1 L 13
23 1 U 22
24 1 U 23
25 1 U 24
26 1 U 18
27 0 U 17
28 1 U 27
29 0 U 28
30 1 U 29
31 0 U 30
32 0 U 31
33 0 L -1
34 0 L 9
35 1 U 16
36 1 L 18
37 0 L 8
38 1 U 37
39 1 L 38
40 0 U 39
41 1 U 40
42 1 U 41
43 1 U 42
44 0 U 43
45 1 L 13
46 0 U 7
47 0 L 38
48 0 L 18
49 0 U 48
50 0 U 49
51 1 L 34
52 0 L 20
53 1 L 23
54 1 U -1
55 1 U 54
56 1 U 55
57 1 L 54
58 0 U 57
59 0 L 26
60 1 U 59
61 1 U 57
62 1 L 51
63 0 U 31
64 0 U 63
65 1 U 12
66 1 U 41
67 0 U 61
68 0 U 0
69 0 U 34
70 1 U 69
71 0 U 50
72 0 L 35
73 1 U 69
74 0 U 73
75 1 U 36
76 1 U 75
77 1 U 33
78 0 U 22
79 0 U 78
80 1 U 7
81 1 U -1
82 1 U 81
83 0 U 19
84 1 U 83
85 1 U 52
86 0 U 85
87 1 L 32
88 0 U 87
89 1 L 87
90 1 U -1
91 0 U 90
92 1 U 20
93 0 L 29
94 1 U 54
95 1 U 94
96 1 U 13
97
0 0 U -1
1 0 U 0
2 0 U 1
3 1 L 1
4 1 U 1
5 1 L 4
6 0 U 5
7 1 U 6
8 1 U 7
9 1 L 1
10 1 U 9
11 0 L 3
12 1 U 11
13 1 U 12
14 0 U 9
15 1 L 0
16 0 L 13
17 0 U 16
18 0 U 5
19 1 U 14
20 1 U 19
21 1 U 20
22 1 L 13
23 1 U 22
24 1 U 23
25 1 U 24
26 0 L 13
27 0 U 17
28 1 U 27
29 0 U 28
30 1 U 29
31 0 U 30
32 0 U 31
33 0 L -1
34 0 L 9
35 0 L 30
36 0 U -1
37 0 L 8
38 1 U 37
39 1 L 38
40 0 U 39
41 1 U 40
42 1 U 41
43 1 U 42
44 0 U 5
45 1 L 13
46 0 U 7
47 0 L 32
48 0 L 18
49 0 U 48
50 1 U 25
51 1 U 46
52 0 L 20
53 1 L 23
54 1 U -1
55 1 U 54
56 1 U 55
57 1 L 54
58 0 U 57
59 1 U 58
60 1 U 59
61 1 L 46
62 1 L 51
63 0 U 31
64 0 U 63
65 1 U 12
66 1 U 41
67 0 U 61
68 0 U 0
69 0 U 34
70 1 U 69
71 0 U 50
72 0 L 35
73 1 U 69
74 0 U 73
75 1 U 36
76 1 U 75
77 1 U 33
78 0 U 17
79 0 U 78
80 1 U 7
81 1 U -1
82 1 U 81
83 0 U 19
84 1 U 83
85 1 U 52
86 1 L 24
87 1 L 32
88 0 U 87
89 1 L 87
90 1 U -1
91 0 U 90
92 1 U 91
93 0 L 29
94 1 U 54
95 1 U 94
96 0 U 56
97
0 0 U -1
1 1 L -1
2 0 U 1
3 1 L 1
4 1 U 1
5 0 U 4
6 0 U 5
7 1 U 6
8 1 U 7
9 1 L 1
10 1 U 9
11 0 L 3
12 1 U 11
13 1 U 12
14 0 U 13
15 1 L 0
16 0 L 13
17 0 U 16
18 0 U 5
19 1 U 14
20 1 U 19
21 1 U 20
22 1 L 13
23 1 U 22
24 1 U 23
25 0 L 6
26 1 U 18
27 1 U -1
28 1 U 27
29 0 U 28
30 1 U 29
31 0 U 30
32 0 U 31
33 0 L -1
34 0 L 9
35 1 U 16
36 0 U -1
37 0 L 8
38 1 U 37
39 1 L 38
40 0 U 6
41 1 U 40
42 1 U 41
43 1 U 42
44 1 L 22
45 1 L 13
46 0 U 7
47 0 L 32
48 0 L 18
49 0 U 48
50 0 U 49
51 1 L 34
52 0 L 20
53 1 L 23
54 1 U -1
55 1 U 54
56 1 U 55
57 1 L 54
58 0 U 57
59 1 U 58
60 1 U 59
61 1 U 57
62 1 L 51
63 0 U 31
64 0 U 63
65 1 U 12
66 1 U 41
67 0 U 61
68 0 U 0
69 0 U 34
70 1 U 69
71 0 U 50
72 0 L 35
73 1 U 69
74 0 U 73
75 1 U 36
76 1 U 75
77 0 U 50
78 0 U 22
79 0 U 78
80 1 U 7
81 1 U -1
82 1 U 81
83 1 L 40
84 1 U 83
85 1 U 52
86 0 U 85
87 1 L 32
88 0 U 87
89 1 L 87
90 1 U -1
91 0 U 90
92 1 U 91
93 0 L 29
94 1 U 54
95 1 U 94
96 0 U 56
97
0 0 U -1
1 0 U 0
2 0 U 1
3 1 L 1
4 1 U 1
5 0 U 4
6 0 U 5
7 1 U 6
8 1 U 7
9 1 L 1
10 1 U 9
11 1 L 0
12 1 U 11
13 1 U 12
14 0 U 13
15 1 L 0
16 0 L 13
17 0 U 16
18 0 U 7
19 1 U 14
20 1 U 19
21 1 U 2
22 1 L 13
23 1 U 22
24 1 U 23
25 1 U 24
26 1 U 18
27 0 U 17
28 1 U 27
29 0 U 28
30 1 U 29
31 1 U 7
32 0 U 31
33 0 L -1
34 0 L 9
35 1 U 16
36 0 U -1
37 0 L 8
38 1 U 37
39 1 L 38
40 1 U 27
41 1 U 40
42 1 U 41
43 1 U 42
44 0 U 43
45 1 U 38
46 0 U 7
47 0 L 32
48 0 L 18
49 0 U 48
50 0 U 49
51 1 L 34
52 0 L 20
53 1 U 50
54 1 U -1
55 1 U 54
56 1 U 55
57 0 L 33
58 0 U 57
59 0 L 42
60 1 U 59
61 1 U 25
62 1 L 51
63 0 U 49
64 0 U 63
65 1 U 12
66 1 U 41
67 0 U 61
68 0 U 0
69 0 U 34
70 1 U 69
71 0 U 50
72 0 L 35
73 1 U 69
74 0 U 73
75 1 U 36
76 1 U 75
77 1 U 33
78 0 U 22
79 0 U 78
80 1 U 7
81 1 U -1
82 1 U 81
83 1 L 10
84 1 U 83
85 1 U 52
86 0 U 85
87 1 L 32
88 0 U 87
89 1 L 87
90 1 U -1
91 0 U 90
92 1 U 91
93 0 L 29
94 1 U 54
95 1 U 94
96 0 U 56
97
0 0 U -1
1 0 U 0
2 0 U 1
3 1 U 2
4 1 U 1
5 0 U 4
6 0 U 5
7 1 U 6
8 1 U 7
9 1 L 1
10 1 U 9
11 0 L 3
12 1 U 11
13 1 U 12
14 0 U 13
15 1 L 0
16 0 L 13
17 0 U 16
18 0 U 5
19 1 U 14
20 1 U 19
21 1 U 20
22 1 L 13
23 1 L 9
24 1 U 23
25 1 U 24
26 1 U 18
27 0 U 17
28 1 U 27
29 0 U 28
30 1 U 29
31 0 U 30
32 0 U 11
33 0 L -1
34 0 L 9
35 1 U 16
36 0 U -1
37 0 L 8
38 1 U 37
39 1 L 38
40 0 U 39
41 1 U 40
42 1 U 41
43 1 U 42
44 0 U 43
45 1 L 13
46 0 U 7
47 0 L 32
48 0 L 18
49 0 U 48
50 0 U 49
51 1 L 34
52 0 L 20
53 1 L 23
54 1 L 0
55 1 U 54
56 1 U 55
57 1 L 54
58 0 U 57
59 1 U 58
60 0 L 1
61 1 U 57
62 1 L 51
63 0 U 31
64 0 U 63
65 1 U 10
66 1 U 41
67 0 U 61
68 0 U 0
69 0 U 34
70 1 U 69
71 0 U 50
72 0 L 35
73 1 U 69
74 0 U 73
75 0 U 51
76 1 U 75
77 1 U 33
78 0 U 22
79 0 U 78
80 1 U 7
81 1 U -1
82 1 U 81
83 0 U 19
84 1 U 83
85 1 U 52
86 0 U 85
87 1 L 32
88 1 L 54
89 1 L 87
90 1 U -1
91 0 U 90
92 1 U 91
93 0 L 29
94 1 U 54
95 1 U 94
96 1 U 81
97
0 0 U -1
1 0 U 0
2 0 U 1
3 1 L 1
4 1 U 1
5 0 U 4
6 0 U 5
7 1 U 6
8 1 U 7
9 1 L 1
10 1 U 9
11 0 L 3
12 1 U 11
13 1 U 12
14 0 U 13
15 1 L 0
16 0 L 13
17 0 U 14
18 0 U 12
19 1 U 14
20 1 U 19
21 1 U 20
22 1 L 13
23 1 U 22
24 1 U 23
25 1 U 24
26 1 U 14
27 0 U 17
28 1 U 27
29 0 U 28
30 1 U 29
31 0 U 30
32 0 U 31
33 0 L -1
34 0 L 9
35 1 U 16
36 0 U -1
37 0 L 8
38 1 U 37
39 1 L 38
40 0 U 39
41 1 U 40
42 1 U 41
43 1 U 42
44 0 U 43
45 1 L 13
46 0 U 7
47 0 L 32
48 0 L 18
49 0 U 48
50 0 U 49
51 1 L 34
52 0 L 20
53 1 L 23
54 1 U -1
55 1 U 54
56 1 U 55
57 1 L 54
58 0 U 57
59 1 U 58
60 1 U 59
61 1 U 57
62 1 L 51
63 1 U 42
64 0 U 63
65 1 U 12
66 0 L 15
67 0 U 61
68 0 U 0
69 0 U 34
70 1 U 69
71 0 U 50
72 0 L 35
73 1 U 69
74 0 U 73
75 1 U 36
76 1 U 75
77 1 U 33
78 0 U 22
79 0 U 78
80 1 U 7
81 1 U -1
82 1 U 81
83 1 U 81
84 1 L 53
85 1 U 52
86 0 U 85
87 1 L 32
88 0 U 20
89 1 L 87
90 1 U -1
91 0 U 90
92 1 U 91
93 0 L 29
94 1 U 54
95 1 U 94
96 0 U 56
97
0 0 U -1
1 0 U 0
2 0 U 1
3 1 L 1
4 1 U 1
5 0 U 4
6 0 U 5
7 1 U 6
8 1 U 7
9 1 L 1
10 1 L 6
11 0 L 3
12 1 U 11
13 1 U 12
14 0 U 13
15 1 L 0
16 0 L 13
17 0 U 16
18 0 U 5
19 1 U 14
20 1 U 19
21 1 U 20
22 1 L 10
23 1 U 22
24 1 U 23
25 1 U 24
26 1 U 18
27 0 U 17
28 0 L 12
29 0 U 28
30 1 U 29
31 0 U 30
32 0 U 31
33 0 L -1
34 0 L 9
35 1 U 16
36 1 L 29
37 1 L 20
38 1 U 37
39 1 L 38
40 0 U 39
41 1 U 40
42 1 U 41
43 1 U 42
44 0 U 43
45 1 L 19
46 0 U 7
47 0 L 32
48 0 L 18
49 0 U 48
50 0 U 49
51 1 L 34
52 0 L 20
53 1 L 23
54 1 U -1
55 1 U 54
56 1 U 55
57 1 L 54
58 0 U 57
59 1 U 58
60 1 U 59
61 1 U 57
62 1 L 51
63 1 L 28
64 0 U 63
65 1 U 12
66 1 L 22
67 0 U 61
68 0 U 0
69 0 U 34
70 1 U 69
71 0 U 50
72 0 L 35
73 1 U 69
74 0 U 73
75 1 L 66
76 1 U 75
77 1 U 33
78 0 U 22
79 0 U 78
80 1 U 7
81 0 L 80
82 1 U 81
83 0 U 19
84 1 U 83
85 1 U 52
86 1 L 71
87 0 L 21
88 0 U 87
89 1 L 87
90 1 U -1
91 0 U 90
92 1 U 91
93 0 L 29
94 1 U 54
95 1 U 94
96 0 U 56
97
0 0 U -1
1 0 U 0
2 0 U 1
3 1 L 1
4 1 U 1
5 0 U 4
6 0 U 5
7 1 U 6
8 1 U 7
9 1 L 1
10 1 U 9
11 0 L 3
12 1 U 11
13 1 U 12
14 0 U 13
15 1 L 0
16 0 L 13
17 0 U 16
18 0 U 5
19 1 U 14
20 0 U 15
21 1 U 20
22 1 L 13
23 1 U 22
24 1 U 23
25 1 U 24
26 1 U 18
27 0 U 17
28 1 U 27
29 1 U 22
30 1 U 26
31 0 U 30
32 0 U 31
33 0 L -1
34 0 L 9
35 1 U 16
36 0 U -1
37 0 L 8
38 1 U 37
39 1 L 38
40 0 U 39
41 1 U 40
42 1 U 33
43 1 U 42
44 0 U 43
45 1 L 13
46 0 U 7
47 0 U 23
48 0 L 18
49 0 U 48
50 0 U 49
51 1 L 34
52 0 L 20
53 1 L 23
54 0 U 4
55 1 U 54
56 1 U 55
57 1 L 54
58 0 U 57
59 1 U 58
60 1 U 59
61 1 U 57
62 1 L 51
63 0 U 31
64 0 L 62
65 1 U 12
66 1 U 41
67 0 U 61
68 0 U 0
69 1 L 40
70 1 U 69
71 0 U 50
72 0 U 13
73 1 U 69
74 0 U 73
75 1 U 36
76 1 U 75
77 1 U 33
78 0 U 22
79 0 U 78
80 0 U 0
81 1 U -1
82 1 U 81
83 0 U 19
84 1 U 83
85 1 U 52
86 0 U 85
87 1 L 32
88 1 L 31
89 1 L 87
90 1 U -1
91 0 U 90
92 1 U 91
93 0 L 29
94 1 U 54
95 1 U 94
96 0 U 56
97
0 0 U -1
1 0 U 0
2 0 U 1
3 1 L 1
4 1 U 1
5 0 U 4
6 0 U 5
7 1 U 6
8 1 U 7
9 1 L 1
10 1 U 9
11 0 L 3
12 1 U 11
13 1 U 12
14 0 U 13
15 1 L 0
16 0 L 13
17 0 U 16
18 0 U 5
19 1 U 14
20 1 U 19
21 1 U 20
22 0 U 19
23 1 U 22
24 1 U 23
25 0 L 18
26 1 U 18
27 0 U 17
28 1 U 27
29 0 U 28
30 1 U 29
31 0 U 30
32 0 U 31
33 0 L -1
34 0 L 9
35 1 U 16
36 0 U -1
37 0 L 8
38 1 U 37
39 1 L 38
40 0 U 39
41 1 U 40
42 1 U 41
43 1 U 42
44 0 U 43
45 1 L 13
46 1 L 14
47 0 L 32
48 0 L 18
49 0 U 48
50 0 U 49
51 1 L 34
52 0 L 20
53 1 L 23
54 1 U -1
55 1 U 54
56 1 L 55
57 1 L 54
58 0 U 57
59 1 U 58
60 1 U 59
61 1 U 57
62 1 U 58
63 0 U 31
64 1 L 34
65 1 U 12
66 1 U 41
67 1 U 55
68 0 U 0
69 0 U 34
70 1 U 69
71 0 U 50
72 0 L 35
73 1 U 69
74 0 U 73
75 1 U 36
76 1 U 9
77 1 U 33
78 0 U 22
79 0 U 78
80 1 U 7
81 1 U -1
82 1 U 81
83 0 U 19
84 1 U 83
85 1 U 52
86 0 U 85
87 1 U 78
88 0 U 87
89 1 L 87
90 1 U -1
91 0 U 90
92 1 U 91
93 0 L 29
94 1 U 54
95 1 U 94
96 0 U 56
97
0 0 U -1
1 0 U 0
2 0 U 1
3 1 L 1
4 1 U 1
5 0 U 4
6 0 U 5
7 1 U 6
8 1 U 1
9 1 L 1
10 1 U 9
11 0 L 3
12 1 U 11
13 1 U 12
14 0 U 13
15 1 L 0
16 0 L 13
17 0 U 16
18 0 U 5
19 1 U 14
20 0 U 18
21 1 U 20
22 1 L 13
23 1 U 22
24 1 U 23
25 1 U 24
26 1 U 18
27 0 U 17
28 1 U 27
29 0 U 28
30 1 U 29
31 0 U 30
32 0 U 31
33 0 L -1
34 0 L 9
35 1 U 16
36 0 U -1
37 1 L 3
38 1 U 37
39 1 L 38
40 0 U 39
41 1 U 40
42 1 U 41
43 1 U 42
44 0 U 43
45 1 L 13
46 0 U 7
47 0 L 32
48 0 L 18
49 0 U 48
50 0 L 49
51 1 L 34
52 0 L 20
53 1 L 40
54 1 U -1
55 1 U 54
56 1 U 55
57 1 U 21
58 0 U 57
59 1 U 58
60 1 U 59
61 1 U 27
62 1 L 51
63 0 U 31
64 0 U 63
65 1 U 12
66 1 U 41
67 0 U 61
68 0 U 0
69 0 U 34
70 1 U 69
71 0 U 50
72 0 L 35
73 1 U 69
74 0 U 73
75 1 U 36
76 1 U 75
77 1 U 33
78 0 U 22
79 0 U 78
80 1 U 7
81 1 U -1
82 1 U 81
83 0 U 19
84 1 U 83
85 1 U 52
86 0 U 85
87 1 L 32
88 0 U 87
89 1 L 87
90 1 U -1
91 0 U 90
92 1 U 91
93 0 L 29
94 1 U 54
95 1 U 94
96 0 U 56
97
0 0 U -1
1 0 U 0
2 0 U 1
3 1 L 1
4 1 U 1
5 0 U 4
6 0 U 5
7 1 U 6
8 1 U 7
9 1 L 1
10 1 U 9
11 0 L 3
12 1 U 11
13 1 U 12
14 1 U 10
15 1 L 0
16 0 L 13
17 0 U 16
18 0 U 5
19 1 U 14
20 1 U 19
21 1 U 20
22 1 L 13
23 1 U 22
24 1 U 23
25 1 U 24
26 1 U 18
27 0 U 25
28 0 U 12
29 0 U 28
30 1 U 29
31 0 U 30
32 0 U 31
33 0 L -1
34 0 L 9
35 1 U 16
36 0 U -1
37 0 L 8
38 1 U 37
39 1 L 38
40 0 U 39
41 1 U 40
42 1 U 41
43 1 U 42
44 0 U 43
45 1 L 13
46 0 U 7
47 0 L 32
48 0 L 18
49 1 L 23
50 0 U 49
51 1 L 34
52 1 U 20
53 1 L 23
54 1 U -1
55 1 U 54
56 0 L 50
57 1 L 54
58 0 U 57
59 1 U 58
60 1 U 59
61 1 U 57
62 1 L 51
63 0 U 31
64 0 U 63
65 1 U 12
66 1 U 41
67 0 U 61
68 0 U 0
69 0 U 34
70 1 U 69
71 0 U 50
72 1 L 12
73 1 U 69
74 0 U 73
75 1 U 36
76 1 U 75
77 1 U 33
78 1 L 16
79 0 U 78
80 0 U 78
81 1 U -1
82 1 U 81
83 0 U 19
84 0 L 59
85 1 U 52
86 0 U 85
87 1 L 32
88 0 U 87
89 1 L 87
90 1 U -1
91 0 U 90
92 1 U 91
93 0 L 29
94 0 L 48
95 1 U 94
96 0 U 56
97
0 0 U -1
1 0 U 0
2 0 U 1
3 1 L 1
4 1 L -1
5 1 L 4
6 0 U 5
7 1 U 6
8 1 U 7
9 1 L 1
10 1 U 1
11 0 L 3
12 1 U 11
13 1 U 12
14 0 U 13
15 1 L 0
16 0 L 13
17 0 U 16
18 0 U 5
19 1 U 14
20 0 U 1
21 1 U 20
22 1 L 13
23 1 U 22
24 1 U 23
25 1 U 24
26 1 U 18
27 0 U 17
28 1 U 27
29 0 U 28
30 1 U 29
31 0 U 30
32 0 U 31
33 0 L -1
34 0 U 30
35 1 U 16
36 0 U -1
37 0 L 8
38 1 U 37
39 1 L 38
40 0 U 39
41 1 U 40
42 1 U 41
43 1 U 42
44 0 U 43
45 1 L 2
46 0 U 7
47 0 L 32
48 0 L 18
49 0 U 48
50 0 L 10
51 1 L 22
52 0 L 20
53 1 L 23
54 1 L 37
55 1 U 54
56 1 U 55
57 1 L 54
58 0 U 57
59 1 U 58
60 1 U 59
61 1 U 57
62 1 L 51
63 0 U 31
64 0 U 63
65 1 U 12
66 1 U 41
67 0 L 42
68 1 L 28
69 0 U 34
70 1 U 69
71 0 U 50
72 0 L 35
73 1 U 69
74 0 U 73
75 1 U 36
76 1 U 75
77 1 U 33
78 0 U 22
79 0 U 78
80 1 U 7
81 1 U -1
82 1 U 81
83 0 U 19
84 1 U 83
85 1 U 52
86 0 U 85
87 1 L 32
88 0 U 87
89 1 L 87
90 1 U -1
91 0 U 90
92 1 U 91
93 0 L 29
94 1 U 54
95 1 U 94
96 0 U 56
97
0 0 U -1
1 0 U 0
2 0 L -1
3 1 L 1
4 1 U 1
5 0 U 4
6 0 U 5
7 1 U 6
8 1 U 7
9 0 U 5
10 1 U 9
11 0 L 3
12 1 U 11
13 1 U 12
14 0 U 13
15 1 L 0
16 0 L 13
17 0 U 16
18 0 U 5
19 1 U 14
20 1 U 19
21 1 U 20
22 1 L 13
23 1 U 22
24 1 U 23
25 1 U 24
26 1 U 18
27 0 U 17
28 1 U 27
29 0 U 28
30 1 U 29
31 0 L 4
32 0 U 31
33 0 L -1
34 0 L 9
35 1 U 16
36 0 U -1
37 0 L 8
38 1 U 37
39 1 L 38
40 0 U 39
41 0 U 34
42 1 U 41
43 1 U 42
44 0 U 43
45 1 L 13
46 0 U 7
47 0 L 32
48 0 L 18
49 0 U 48
50 0 U 49
51 1 L 34
52 0 L 20
53 1 L 23
54 1 U -1
55 1 U 54
56 1 U 55
57 1 L 54
58 0 U 57
59 1 U 58
60 1 U 59
61 1 U 57
62 1 L 51
63 0 U 31
64 0 U 63
65 1 U 12
66 1 U 41
67 0 U 61
68 0 U 0
69 0 U 34
70 1 U 69
71 0 U 50
72 0 L 35
73 1 U 69
74 1 U 47
75 1 U 36
76 1 U 75
77 1 U 33
78 0 U 22
79 0 U 78
80 1 U 7
81 1 U -1
82 1 U 81
83 0 U 19
84 1 U 83
85 1 U 52
86 0 U 85
87 1 L 32
88 1 L 41
89 1 L 87
90 1 U -1
91 0 U 90
92 1 U 91
93 0 L 29
94 1 U 54
95 1 U 94
96 0 U 56
97
0 0 U -1
1 0 U 0
2 0 U 1
3 1 L 1
4 1 L 3
5 0 U 4
6 0 U 5
7 1 U 6
8 1 U 7
9 1 L 1
10 1 U 9
11 1 L 3
12 1 U 11
13 1 U 12
14 1 U 6
15 0 L 5
16 0 L 13
17 0 U 16
18 0 U 5
19 1 U 14
20 1 U 19
21 1 U 20
22 1 L 13
23 1 U 22
24 1 U 23
25 1 U 24
26 1 U 18
27 0 U 17
28 1 U 27
29 0 U 28
30 1 U 29
31 0 U 30
32 0 U 31
33 0 L -1
34 0 L 9
35 1 U 16
36 0 U -1
37 0 L 8
38 1 U 37
39 1 L 38
40 0 U 39
41 1 U 40
42 1 U 41
43 1 U 42
44 0 U 43
45 1 L 13
46 0 U 7
47 0 L 32
48 0 L 18
49 0 U 48
50 0 U 49
51 1 L 34
52 0 L 20
53 1 L 23
54 1 U -1
55 1 U 54
56 1 U 55
57 1 L 54
58 0 U 57
59 1 U 58
60 1 U 59
61 1 U 57
62 1 L 51
63 0 U 31
64 0 U 63
65 1 U 12
66 1 U 41
67 0 U 61
68 0 U 0
69 0 U 34
70 1 U 69
71 0 U 50
72 0 L 35
73 1 U 69
74 0 U 41
75 1 U 36
76 1 U 75
77 1 U 33
78 0 U 22
79 0 U 78
80 1 U 7
81 1 U -1
82 1 U 77
83 1 U 51
84 1 U 83
85 1 U 52
86 0 U 85
87 1 L 32
88 0 U 87
89 1 L 87
90 1 U -1
91 0 U 90
92 1 U 91
93 0 L 29
94 1 U 54
95 1 U 94
96 0 U 56
97
0 0 L -1
1 0 U 0
2 0 U 1
3 1 L 1
4 0 U 0
5 0 U 4
6 0 U 5
7 0 U 3
8 1 U 7
9 1 L 1
10 1 U 9
11 0 L 3
12 1 U 11
13 0 U 7
14 1 U 1
15 1 L 0
16 0 L 13
17 0 U 16
18 0 U 5
19 1 U 14
20 0 L 12
21 1 U 7
22 1 U 7
23 1 U 22
24 1 U 23
25 1 U 24
26 1 U 18
27 0 U 17
28 1 U 27
29 0 U 28
30 1 U 29
31 0 U 30
32 0 U 31
33 1 L 22
34 0 L 9
35 1 U 16
36 0 U -1
37 0 L 8
38 1 U 37
39 1 L 38
40 0 U 39
41 0 U 8
42 1 U 41
43 1 U 42
44 0 U 43
45 1 L 13
46 0 U 7
47 1 U 5
48 0 L 18
49 0 U 48
50 0 U 49
51 1 L 34
52 0 L 20
53 1 L 23
54 1 U -1
55 1 U 54
56 1 U 55
57 1 L 54
58 1 U 25
59 0 U 28
60 1 U 59
61 1 U 40
62 1 L 51
63 0 U 31
64 0 U 63
65 1 L 45
66 1 U 41
67 0 U 61
68 1 U 1
69 0 U 58
70 1 U 69
71 0 U 50
72 0 L 35
73 1 U 50
74 0 U 73
75 1 U 36
76 1 U 75
77 1 U 33
78 0 U 22
79 0 U 78
80 1 U 7
81 1 U -1
82 1 U 81
83 0 U 19
84 1 U 83
85 1 U 52
86 0 U 85
87 1 L 32
88 0 U 87
89 1 L 87
90 1 U -1
91 0 U 90
92 1 U 91
93 1 L 56
94 1 U 54
95 1 U 94
96 0 U 56
97
0 0 U -1
1 0 U 0
2 0 U 1
3 1 L 1
4 1 L 2
5 0 U 4
6 0 U 5
7 1 U 2
8 1 U 7
9 1 L 5
10 1 U 9
11 1 L 1
12 1 U 11
13 1 U 12
14 0 U 13
15 0 U 4
16 0 L 13
17 0 U 16
18 0 U 5
19 1 U 14
20 1 U 19
21 1 U 20
22 1 L 13
23 0 L 10
24 1 U 23
25 1 U 24
26 1 U 18
27 0 U 17
28 1 U 27
29 0 U 28
30 1 U 1
31 1 U 26
32 0 U 31
33 0 L -1
34 0 L 9
35 1 U 16
36 0 U -1
37 0 L 8
38 1 U 37
39 1 L 38
40 0 U 39
41 1 U 40
42 1 U 41
43 1 U 42
44 0 U 43
45 1 L 13
46 0 U 7
47 0 L 32
48 0 L 18
49 0 U 48
50 0 U 49
51 1 L 34
52 0 L 20
53 1 L 23
54 1 U -1
55 0 L 28
56 1 U 55
57 1 L 54
58 0 U 57
59 1 U 58
60 1 U 59
61 1 U 57
62 1 L 51
63 0 U 31
64 0 U 63
65 1 U 12
66 1 U 41
67 0 U 61
68 0 U 0
69 0 U 34
70 1 U 69
71 0 U 50
72 0 L 35
73 1 U 69
74 0 U 73
75 1 U 36
76 1 U 75
77 1 U 11
78 0 U 22
79 0 U 78
80 1 U 7
81 1 U -1
82 1 U 81
83 0 U 19
84 1 U 83
85 1 U 52
86 0 U 85
87 1 L 32
88 0 U 87
89 1 L 87
90 1 U -1
91 0 L 31
92 1 U 91
93 0 L 29
94 1 U 54
95 1 U 94
96 0 U 56
