48
0 0 U -1
1 1 U 0
2 0 U 1
3 0 U 2
4 0 U 3
5 0 U 4
6 0 U -1
7 0 U 6
8 0 U 7
9 1 U 8
10 0 U 9
11 0 U 10
12 1 U -1
13 1 U 12
14 1 U 13
15 0 U 14
16 1 U 15
17 0 U 16
18 1 U -1
19 1 U 18
20 1 U 19
21 0 U 20
22 1 U 21
23 1 U 22
24 0 U -1
25 1 U 24
26 0 U 25
27 0 U 26
28 0 U 27
29 0 U 28
30 1 U -1
31 0 U 30
32 1 U 31
33 1 U 32
34 1 U 33
35 0 U 34
36 1 U -1
37 0 U 36
38 0 U 37
39 0 U 38
40 0 U 39
41 1 U 40
42 1 U -1
43 0 U 42
44 1 U 43
45 0 U 44
46 1 U 45
47 0 U 46
48
0 0 U -1
1 1 L 0
2 0 U 1
3 0 U 2
4 0 U 3
5 0 U 4
6 0 U -1
7 0 U 6
8 0 U 7
9 1 U 8
10 0 U 9
11 0 U 10
12 1 U -1
13 1 U 12
14 1 U 13
15 0 U 14
16 1 U 15
17 0 U 16
18 1 U -1
19 1 U 18
20 1 U 19
21 0 U 20
22 1 U 21
23 1 U 22
24 0 U -1
25 1 U 24
26 0 U 25
27 0 U 26
28 0 U 27
29 1 L 7
30 1 U -1
31 0 U 25
32 1 U 31
33 1 U 32
34 1 U 33
35 0 U 34
36 1 U -1
37 0 U 36
38 0 U 37
39 0 U 38
40 0 L 39
41 1 U 40
42 1 U 7
43 0 U 42
44 1 U 43
45 0 U 44
46 1 U 45
47 0 U 46
48
0 0 U -1
1 1 L 0
2 1 U 0
3 0 U 2
4 0 L -1
5 0 U 4
6 0 U -1
7 0 U 6
8 0 U 7
9 1 U 8
10 0 U 9
11 0 U 10
12 1 U -1
13 1 U 12
14 1 U 13
15 0 U 14
16 1 U 15
17 0 U 16
18 1 U -1
19 1 U 18
20 1 U 19
21 0 U 20
22 1 U 21
23 0 L 7
24 0 U -1
25 1 U 24
26 0 U 25
27 0 U 26
28 0 U 27
29 1 L 7
30 1 U -1
31 0 U 25
32 1 U 31
33 1 U 32
34 1 U 33
35 0 U 8
36 1 U -1
37 0 U 36
38 0 U 37
39 0 U 38
40 0 L 39
41 1 U 40
42 1 U 7
43 0 U 42
44 1 U 43
45 0 L 7
46 1 U 45
47 0 U 46
48
0 0 U -1
1 1 L 0
2 0 U 1
3 0 U 2
4 0 U 3
5 0 U 4
6 0 L 1
7 0 U 6
8 0 U 7
9 1 U 8
10 0 U 9
11 0 U 10
12 1 U -1
13 1 U 12
14 1 U 13
15 0 U 14
16 1 U 15
17 0 U 16
18 1 U -1
19 1 U 18
20 1 U 19
21 0 U 20
22 1 U 21
23 1 U 22
24 0 U -1
25 1 U 24
26 0 U 25
27 0 U 26
28 1 L 14
29 1 L 7
30 1 U -1
31 0 U 25
32 1 L 17
33 1 U 32
34 1 U 33
35 0 U 34
36 0 U 26
37 0 U 36
38 0 U 37
39 0 U 38
40 0 L 39
41 1 U 40
42 1 U 7
43 0 U 42
44 1 U 36
45 0 U 44
46 1 U 45
47 1 U 1
48
0 1 U -1
1 1 L 0
2 0 U 1
3 0 U 1
4 0 U 3
5 0 U 4
6 0 L 1
7 0 U 6
8 0 U 7
9 1 U 8
10 1 L 1
11 0 U 10
12 1 U -1
13 1 U 12
14 1 U 13
15 1 L 0
16 0 U 0
17 0 U 16
18 1 U -1
19 1 L 4
20 1 U 19
21 0 U 20
22 1 U 21
23 1 U 22
24 0 U -1
25 1 U 24
26 0 U 25
27 0 U 26
28 1 L 14
29 1 L 7
30 1 U -1
31 0 U 25
32 1 L 17
33 1 U 32
34 1 U 33
35 0 U 34
36 0 U 26
37 0 L 1
38 0 U 37
39 0 U 38
40 0 L 39
41 0 L 6
42 1 U 7
43 0 U 42
44 1 U 36
45 1 L 6
46 1 U 45
47 1 U 1
48
0 1 L -1
1 1 L 0
2 0 U 1
3 0 U 2
4 0 U 3
5 0 U 4
6 0 L 1
7 0 U 6
8 0 U 7
9 1 U 8
10 0 U 9
11 0 U 10
12 1 U -1
13 1 U 12
14 1 U 13
15 0 U 14
16 1 U 15
17 0 U 16
18 1 U -1
19 1 U 18
20 1 U 19
21 0 U 20
22 1 U 21
23 1 U 22
24 0 U -1
25 1 U 24
26 0 U 25
27 0 U 26
28 1 L 14
29 1 L 10
30 1 U -1
31 0 U 25
32 1 L 17
33 1 U 32
34 1 U 33
35 0 U 34
36 0 U 26
37 0 U 36
38 0 U 37
39 0 U 38
40 0 L 39
41 1 U 32
42 1 U 7
43 0 U 42
44 1 U 36
45 0 U 44
46 1 U 45
47 1 U 1
48
0 0 U -1
1 1 L 0
2 0 U 1
3 0 U 2
4 0 U 3
5 0 U 4
6 0 L 1
7 0 U 6
8 0 U 7
9 1 U 8
10 1 U 8
11 0 U 10
12 1 U -1
13 1 U 12
14 1 U 13
15 0 U 4
16 0 U 15
17 0 U 16
18 0 L 14
19 1 U 18
20 1 U 19
21 0 U 20
22 1 U 21
23 1 U 22
24 0 U -1
25 1 U 24
26 0 U 25
27 0 U 26
28 0 U 10
29 1 L 7
30 1 U -1
31 0 U 25
32 1 L 17
33 1 U 32
34 1 U 33
35 0 U 34
36 0 U 26
37 0 U 36
38 0 U 37
39 0 U 38
40 0 L 39
41 1 U 40
42 1 U 7
43 0 U 42
44 0 L 9
45 0 U 44
46 1 U 45
47 1 U 1
48
0 0 U -1
1 1 L 0
2 0 U 1
3 0 U 2
4 0 U 3
5 0 U 4
6 0 L 1
7 0 U 6
8 0 U 7
9 0 L 4
10 0 U 9
11 0 U 10
12 1 U -1
13 1 U 12
14 1 U 13
15 0 U 14
16 1 U 15
17 0 U 16
18 1 U -1
19 1 U 18
20 1 U 19
21 0 U 20
22 0 L 21
23 1 U 15
24 0 U -1
25 1 U 24
26 0 U 25
27 0 U 26
28 1 L 14
29 1 L 7
30 1 U -1
31 0 U 25
32 1 L 17
33 1 U 32
34 1 U 33
35 0 U 34
36 0 U 26
37 0 U 36
38 0 U 37
39 0 U 38
40 0 L 39
41 1 U 40
42 1 U 7
43 0 U 42
44 1 U 36
45 0 U 44
46 1 U 45
47 1 U 1
48
0 1 U -1
1 1 L 0
2 0 U 1
3 0 U 2
4 0 U 1
5 0 U 4
6 0 U 1
7 0 U 6
8 0 L 2
9 0 L 4
10 0 U 9
11 0 U 10
12 1 U -1
13 1 U 12
14 1 U 13
15 0 U 14
16 1 U 15
17 0 U 16
18 1 U -1
19 1 U 18
20 1 U -1
21 0 U 20
22 0 L 21
23 1 U 15
24 0 U -1
25 1 U 24
26 0 U 25
27 0 U 26
28 1 L 14
29 1 L 7
30 1 U -1
31 0 U 25
32 1 L 17
33 1 U 32
34 1 U 33
35 0 U 34
36 0 U 26
37 0 U 36
38 0 U 37
39 0 U 38
40 0 L 39
41 1 U 40
42 1 U 7
43 0 U 42
44 0 L 19
45 0 U 44
46 1 U 45
47 1 L 0
48
0 0 U -1
1 0 U -1
2 0 U 1
3 0 U 2
4 1 U 2
5 0 U 4
6 0 L 1
7 0 U 6
8 0 U 7
9 0 L 4
10 0 U 9
11 0 U 10
12 1 U -1
13 1 U 12
14 1 U 13
15 0 U 14
16 1 U 15
17 0 U 16
18 1 U -1
19 1 U 18
20 1 U 19
21 0 U 20
22 0 L 21
23 1 U 15
24 0 U -1
25 1 U 24
26 0 U 25
27 0 U 26
28 1 L 14
29 1 L 7
30 0 L 16
31 0 U 25
32 1 L 17
33 1 U 32
34 1 U 33
35 0 U 34
36 1 U 13
37 0 U 36
38 1 L 11
39 0 U 38
40 0 L 39
41 1 U 40
42 1 U 7
43 1 U 21
44 1 U 36
45 0 U 44
46 1 U 45
47 1 U 1
48
0 0 U -1
1 1 L 0
2 0 U 1
3 0 U 2
4 0 U 3
5 0 U 4
6 0 L 1
7 0 U 6
8 0 U 7
9 0 L 4
10 1 U 1
11 0 U 10
12 1 L 5
13 1 U 12
14 0 L 5
15 0 U 14
16 1 U 15
17 0 U 16
18 1 U -1
19 1 U 18
20 1 U 19
21 0 U 20
22 0 L 21
23 1 U 15
24 0 U -1
25 1 U 24
26 0 U 25
27 0 U 26
28 1 L 14
29 1 L 7
30 1 U -1
31 0 U 25
32 1 L 17
33 1 U 32
34 1 U 33
35 0 U 34
36 1 U 6
37 0 U 36
38 0 U 37
39 0 U 38
40 0 L 39
41 1 U 40
42 0 U 6
43 0 U 42
44 0 U 4
45 0 U 44
46 1 U 45
47 1 U 1
48
0 1 L -1
1 1 L 0
2 0 L 0
3 0 U 2
4 0 U 3
5 0 U 4
6 0 L 1
7 0 U 6
8 0 U 7
9 0 L 1
10 0 U 9
11 0 U 10
12 1 U -1
13 1 U 12
14 1 U 13
15 1 L 7
16 1 U 15
17 0 U 16
18 1 U -1
19 1 U 18
20 1 U 19
21 0 U 20
22 0 L 21
23 1 U 15
24 0 U -1
25 1 U 24
26 0 U 25
27 0 U 26
28 1 L 14
29 1 L 7
30 1 U -1
31 0 U 25
32 1 L 17
33 1 U 32
34 1 U 33
35 0 U 34
36 0 U 26
37 0 U 36
38 0 U 37
39 0 U 38
40 0 L 39
41 1 U 40
42 1 U 7
43 0 U 42
44 0 L 38
45 0 U 44
46 1 U 45
47 1 U 1
48
0 0 U -1
1 1 L 0
2 0 U 1
3 0 U 2
4 0 U 3
5 0 U 4
6 0 L 1
7 0 U 6
8 0 U 7
9 0 L 4
10 0 U 9
11 0 U 10
12 1 U -1
13 1 U 12
14 1 U 13
15 0 U 14
16 1 U 15
17 0 U 16
18 1 U -1
19 1 U 18
20 1 U 19
21 0 L 5
22 0 L 21
23 1 U 15
24 0 U -1
25 1 U 24
26 0 U 25
27 0 U 26
28 1 L 14
29 1 L 7
30 1 U -1
31 0 U 25
32 1 L 17
33 1 U 32
34 1 U 33
35 0 U 34
36 0 U 20
37 0 U 36
38 0 U 37
39 0 U 38
40 0 L 39
41 1 U 40
42 1 U 7
43 1 L 11
44 1 U 36
45 0 U 44
46 1 U 45
47 1 U 1
48
0 0 U -1
1 1 L 0
2 0 U 1
3 0 U 0
4 0 U 3
5 0 U 4
6 0 L 1
7 0 U 6
8 0 U 7
9 0 L 4
10 0 U 9
11 0 U 10
12 1 U -1
13 1 U 12
14 1 U 13
15 0 U 14
16 1 U 15
17 0 U 16
18 1 U -1
19 1 U 18
20 1 U 19
21 0 U 20
22 0 L 21
23 1 U 15
24 0 U -1
25 1 U 24
26 0 U 25
27 0 U 26
28 1 L 14
29 1 L 7
30 1 U -1
31 0 U 25
32 1 L 17
33 1 U 32
34 0 U 14
35 0 U 34
36 0 U 26
37 0 U 36
38 0 U 37
39 0 U 38
40 0 L 39
41 1 U 40
42 1 U 7
43 0 U 42
44 1 U 36
45 0 U 44
46 0 L 7
47 1 U 1
48
0 0 U -1
1 1 L 0
2 0 U 1
3 0 U 2
4 0 U 3
5 1 U 1
6 0 U 2
7 1 L 0
8 0 U 7
9 0 L 4
10 0 U 9
11 0 U 10
12 1 U -1
13 1 L 4
14 1 U 13
15 0 U 14
16 1 U 15
17 0 U 16
18 1 U -1
19 1 U 18
20 1 U 19
21 0 L 12
22 0 L 21
23 1 U 15
24 0 U -1
25 1 U 24
26 1 U 23
27 0 U 26
28 1 L 14
29 1 L 7
30 1 U -1
31 0 U 25
32 1 L 17
33 1 U 32
34 1 U 33
35 0 U 34
36 1 L 0
37 0 U 36
38 0 U 37
39 0 U 4
40 0 L 39
41 1 U 40
42 1 U 7
43 0 U 42
44 1 U 42
45 0 U 44
46 1 U 45
47 1 U 1
48
0 0 U -1
1 1 L 0
2 0 U 1
3 0 U 2
4 0 U 3
5 0 U 0
6 0 L 1
7 0 U 6
8 0 U 7
9 0 L 4
10 0 U 9
11 0 U 10
12 1 U -1
13 1 U 12
14 1 U 13
15 0 U 14
16 1 U 15
17 0 U 16
18 0 U 1
19 1 U 18
20 1 U 19
21 0 U 20
22 0 L 21
23 1 U 15
24 1 U 8
25 1 L 14
26 0 U 25
27 0 U 26
28 1 L 14
29 1 L 7
30 0 U 5
31 0 U 25
32 1 L 17
33 1 U 32
34 1 U 33
35 0 U 34
36 0 U 26
37 1 U 30
38 0 U 37
39 0 U 38
40 0 L 39
41 1 U 40
42 1 U 7
43 0 U 42
44 0 L 33
45 1 L 5
46 1 U 45
47 0 L 15
48
0 0 U -1
1 1 L 0
2 0 U 1
3 0 U 2
4 0 U 3
5 0 U 4
6 0 L 1
7 0 U 6
8 1 U 1
9 0 L 4
10 0 U 9
11 0 L 5
12 1 U -1
13 1 U 12
14 1 U 13
15 1 U 14
16 1 U 15
17 0 U 16
18 1 U -1
19 1 U 18
20 1 U 19
21 0 U 20
22 0 L 21
23 1 U 15
24 0 U -1
25 1 U 24
26 0 U 25
27 1 L 5
28 1 L 14
29 1 L 7
30 1 U -1
31 0 U 25
32 0 U 1
33 1 U 32
34 1 U 33
35 0 U 34
36 0 U 26
37 0 U 36
38 0 L 11
39 0 U 38
40 0 L 39
41 0 L 8
42 1 U 7
43 0 U 42
44 1 U 36
45 0 U 44
46 1 U 45
47 1 U 1
48
0 0 U -1
1 1 L 0
2 0 U 1
3 0 U 2
4 0 U 3
5 0 U 4
6 0 L 1
7 0 U 6
8 0 U 7
9 0 L 4
10 0 U 9
11 0 U 10
12 1 U -1
13 1 U 12
14 1 U 13
15 0 U 14
16 1 U 15
17 0 U 16
18 1 U -1
19 1 U 18
20 0 U 1
21 0 U 10
22 0 L 21
23 1 U 15
24 0 U -1
25 1 U 24
26 0 U 25
27 0 U 26
28 0 U 1
29 1 U 7
30 1 U -1
31 0 U 25
32 1 L 17
33 1 U 32
34 1 U 33
35 0 U 34
36 0 U 26
37 1 U 16
38 0 U 37
39 1 L 3
40 0 L 39
41 1 U 40
42 1 U 7
43 1 L 36
44 1 U 36
45 0 L 11
46 1 U 45
47 1 U 1
48
0 0 U -1
1 1 L 0
2 0 U 1
3 0 U 2
4 0 U 3
5 0 U 4
6 0 L 1
7 0 U 6
8 0 U 7
9 0 L 4
10 0 U 9
11 0 U 10
12 1 U -1
13 1 U 12
14 1 U 13
15 0 U 14
16 1 U 15
17 0 U 16
18 1 U -1
19 1 U 18
20 1 U 19
21 1 U 8
22 0 L 21
23 0 L 4
24 0 U -1
25 1 U 24
26 0 U 25
27 0 U 26
28 1 L 14
29 1 L 7
30 1 U -1
31 0 U 25
32 1 L 17
33 1 U 32
34 1 U 33
35 0 U 34
36 0 U 26
37 0 U 36
38 0 U 37
39 0 U 38
40 0 L 39
41 1 U 40
42 1 U 7
43 0 U 42
44 1 U 36
45 0 U 44
46 1 U 45
47 1 U 1
48
0 0 U -1
1 1 L 0
2 0 U 1
3 0 U 2
4 0 U 3
5 0 U 4
6 0 L 1
7 0 U 6
8 1 L 4
9 0 L 4
10 0 U 9
11 0 U 10
12 1 U -1
13 1 U 12
14 1 U 13
15 0 U 14
16 1 U 15
17 0 U 16
18 1 U -1
19 0 U 0
20 1 U 19
21 0 U 20
22 0 L 21
23 1 U 15
24 0 U -1
25 1 U 24
26 0 U 25
27 0 U 22
28 1 L 14
29 1 L 7
30 1 U -1
31 0 U 25
32 1 L 17
33 1 U 32
34 1 U 33
35 0 U 34
36 0 U 26
37 1 L 23
38 0 U 37
39 0 U 38
40 0 L 39
41 1 U 40
42 1 U 7
43 0 U 42
44 1 U 36
45 0 U 44
46 1 U 45
47 1 U 1
48
0 0 U -1
1 1 L 0
2 0 U 1
3 0 U 2
4 0 L 2
5 0 U 4
6 0 L 1
7 0 U 6
8 1 L 4
9 0 L 4
10 0 U 9
11 0 U 10
12 1 U -1
13 1 U 12
14 1 U 13
15 1 U 7
16 1 U 15
17 0 L 16
18 1 U -1
19 0 U 8
20 1 U 19
21 0 U 20
22 0 L 21
23 1 U 15
24 0 U -1
25 0 L 7
26 0 U 25
27 0 U 22
28 1 L 14
29 1 L 7
30 1 U -1
31 0 U 25
32 1 L 17
33 1 U 32
34 1 U 33
35 0 U 34
36 0 U 26
37 1 L 23
38 0 U 37
39 0 U 38
40 0 L 39
41 1 U 40
42 1 U 7
43 0 U 42
44 1 U 36
45 0 U 44
46 1 U 45
47 1 U 1
48
0 0 U -1
1 1 L 0
2 0 U 1
3 0 U 2
4 0 U 3
5 1 U 3
6 0 L 1
7 0 U 6
8 1 L 4
9 0 L 4
10 0 U 9
11 0 U 10
12 1 U -1
13 1 U 12
14 1 U 13
15 0 U 14
16 1 U 15
17 0 U 16
18 1 U -1
19 0 U 0
20 1 U 19
21 0 U 20
22 0 U 5
23 1 U 15
24 0 U -1
25 1 U 24
26 0 U 25
27 0 U 22
28 1 L 14
29 1 L 7
30 1 U -1
31 0 U 25
32 1 L 17
33 1 U 32
34 1 U 33
35 0 U 34
36 0 U 26
37 1 L 23
38 0 U 37
39 0 U 38
40 0 L 39
41 1 U 40
42 1 U 7
43 0 U 42
44 1 U 36
45 0 U 44
46 1 U 45
47 1 U 1
48
0 0 U -1
1 1 L 0
2 0 U 1
3 0 U 2
4 0 U 3
5 0 L 0
6 0 L 1
7 0 U 6
8 1 L 4
9 0 L 4
10 0 U 9
11 0 U 10
12 1 U -1
13 1 U 12
14 1 U 13
15 1 L 7
16 1 U 15
17 0 U 16
18 0 U 12
19 0 L 11
20 1 U 19
21 0 U 20
22 0 L 21
23 1 U 15
24 0 U -1
25 1 U 24
26 0 U 25
27 0 U 22
28 1 L 1
29 0 U 27
30 1 U 17
31 0 U 25
32 1 L 17
33 1 U 32
34 1 U 33
35 0 U 34
36 0 U 26
37 1 L 23
38 0 U 37
39 1 L 6
40 0 L 39
41 1 U 40
42 1 U 7
43 0 U 42
44 1 U 36
45 0 U 44
46 1 U 45
47 1 U 1
48
0 0 U -1
1 1 L 0
2 0 U 1
3 0 U 2
4 1 L 1
5 0 U 4
6 0 L 1
7 0 U 6
8 1 L 4
9 0 L 4
10 0 U 9
11 0 U 10
12 1 U -1
13 1 U 12
14 1 U 13
15 0 L 12
16 1 U 15
17 0 U 16
18 1 U -1
19 0 U 0
20 1 U 14
21 0 U 20
22 0 L 21
23 1 U 10
24 0 U -1
25 1 L 21
26 0 U 25
27 0 U 22
28 1 L 14
29 1 L 7
30 1 U -1
31 0 U 25
32 1 L 17
33 1 U 32
34 1 U 33
35 0 U 34
36 0 U 26
37 1 L 23
38 0 U 37
39 0 U 38
40 0 L 39
41 1 U 40
42 1 U 7
43 0 U 42
44 1 U 36
45 0 U 44
46 1 U 45
47 1 U 1
48
0 0 U -1
1 1 L 0
2 0 U 1
3 0 U 2
4 0 U 3
5 0 U 4
6 0 L 1
7 0 U 6
8 1 L 4
9 0 L 4
10 0 U 9
11 0 U 10
12 1 U -1
13 0 L 5
14 1 U 13
15 0 U 14
16 1 U 15
17 0 U 16
18 1 U -1
19 0 L 12
20 1 U 19
21 0 U 20
22 0 L 21
23 1 U 15
24 0 U -1
25 1 U 24
26 0 U 25
27 0 U 22
28 1 L 14
29 1 L 7
30 1 U -1
31 0 U 25
32 1 L 17
33 1 U 32
34 1 U 33
35 0 U 34
36 1 U 2
37 1 L 23
38 0 U 37
39 0 U 38
40 0 L 39
41 1 U 40
42 1 U 7
43 0 U 42
44 1 U 36
45 0 U 44
46 1 U 45
47 1 U 1
48
0 0 U -1
1 1 L 0
2 0 U 1
3 0 U 2
4 0 U 3
5 0 U 4
6 0 L 1
7 0 U 6
8 1 L 4
9 0 L 4
10 0 U 9
11 0 U 10
12 1 U -1
13 1 U 12
14 1 U 13
15 0 U 14
16 1 U 15
17 0 U 16
18 1 U -1
19 0 U 0
20 1 U 19
21 1 L 19
22 0 L 21
23 0 L 8
24 0 U -1
25 1 U 24
26 0 U 25
27 1 U 17
28 1 L 14
29 1 L 7
30 1 U -1
31 0 U 25
32 0 U 22
33 1 U 32
34 1 U 33
35 0 U 34
36 0 U 26
37 1 L 23
38 0 U 37
39 0 U 38
40 0 L 15
41 1 U 40
42 1 U 7
43 0 U 42
44 0 U 1
45 0 U 44
46 1 U 45
47 1 U 1
48
0 0 U -1
1 1 L 0
2 0 U 1
3 1 L -1
4 0 U 3
5 0 U 4
6 0 L 1
7 0 U 6
8 1 L 4
9 0 L 4
10 0 U 9
11 0 U 10
12 1 U -1
13 1 U 12
14 1 U 13
15 0 U 14
16 1 U 15
17 0 U 16
18 1 U -1
19 0 U 0
20 1 U 19
21 0 U 20
22 0 L 21
23 1 U 15
24 0 U -1
25 1 U 24
26 0 U 25
27 0 U 22
28 0 U 7
29 1 L 7
30 1 U -1
31 0 U 25
32 1 L 17
33 1 U 32
34 1 U 33
35 0 U 34
36 0 U 26
37 1 L 23
38 0 U 37
39 0 U 38
40 0 L 39
41 1 U 40
42 1 U 7
43 0 U 42
44 1 U 36
45 0 U 44
46 1 U 45
47 1 U -1
48
0 0 U -1
1 1 L 0
2 0 U 1
3 0 U 2
4 0 U 3
5 0 U 4
6 0 L 1
7 0 U 6
8 1 L 4
9 0 L 4
10 0 U 9
11 0 U 10
12 1 U -1
13 0 L 3
14 1 U 13
15 0 U 14
16 1 U 15
17 0 U -1
18 1 U -1
19 1 L 18
20 1 U 19
21 0 U 20
22 0 L 21
23 1 U 15
24 0 U -1
25 1 U 24
26 0 U 25
27 0 U 22
28 1 U 5
29 1 L 7
30 1 U 5
31 0 U 25
32 1 L 15
33 1 U 32
34 1 U 33
35 0 U 34
36 0 U 26
37 1 L 23
38 1 L 21
39 0 U 5
40 0 L 39
41 0 L 21
42 1 U 7
43 0 U 42
44 1 U 36
45 0 U 44
46 1 U 45
47 1 U 1
48
0 0 U -1
1 0 U -1
2 0 U 1
3 0 U 2
4 1 U -1
5 0 L -1
6 0 L 1
7 0 U 6
8 1 L 4
9 0 L 4
10 0 U 9
11 0 U 10
12 1 U -1
13 1 U 12
14 1 U 13
15 1 L 1
16 1 U 15
17 0 U 16
18 1 U -1
19 0 U 0
20 1 U 19
21 0 U 20
22 0 L 21
23 1 U 15
24 0 U -1
25 1 U 24
26 1 U 20
27 0 U 22
28 1 L 14
29 1 L 7
30 1 U -1
31 0 U 25
32 1 L 17
33 1 U 32
34 1 U 33
35 0 U 34
36 0 U 26
37 1 L 23
38 0 U 37
39 0 U 38
40 0 L 39
41 1 U 40
42 1 U 7
43 0 U 42
44 1 U 36
45 0 U 44
46 1 U 45
47 1 U 1
48
0 0 U -1
1 0 U -1
2 0 U 1
3 0 U 2
4 1 U -1
5 0 L -1
6 0 L 1
7 0 U 6
8 1 L 4
9 0 L 4
10 1 U -1
11 1 L 10
12 1 U -1
13 1 U 12
14 1 U 13
15 1 L 1
16 1 U 15
17 0 U 16
18 1 U -1
19 0 U 0
20 0 L 10
21 0 U 20
22 0 L 21
23 1 U 8
24 0 U -1
25 1 U 18
26 1 U 20
27 0 U 22
28 1 L 14
29 1 L 7
30 1 U -1
31 0 U 25
32 1 L 17
33 1 U 32
34 1 U 33
35 0 U 34
36 0 U 26
37 1 L 23
38 0 U 37
39 0 U 38
40 0 L 39
41 1 U 40
42 1 U 27
43 0 U 42
44 1 U 36
45 0 U 44
46 1 U 45
47 1 U 1
48
0 0 U -1
1 0 U -1
2 0 U 1
3 0 U 2
4 1 U -1
5 0 L -1
6 0 L 1
7 0 U 6
8 0 L 3
9 0 L 4
10 1 U 8
11 0 U 10
12 1 U -1
13 1 U 12
14 1 U 13
15 1 L 1
16 1 U 15
17 0 U 16
18 1 U -1
19 0 U 0
20 1 U 19
21 0 L 6
22 0 L 21
23 1 U 15
24 0 U -1
25 1 U 24
26 1 U 20
27 0 U 22
28 1 L 14
29 1 L 7
30 1 U -1
31 1 U 19
32 1 L 17
33 1 U 32
34 1 U 33
35 0 U 34
36 0 U 27
37 1 L 23
38 0 U 37
39 0 U 38
40 0 L 39
41 1 U 40
42 0 U 20
43 0 U 42
44 1 U 36
45 0 U 44
46 1 U 45
47 1 U 1
48
0 0 U -1
1 0 U -1
2 0 U 1
3 0 U 2
4 1 U -1
5 0 L -1
6 0 L 1
7 0 U 6
8 1 L 4
9 0 L 4
10 0 U 9
11 0 U 10
12 1 U -1
13 1 U 12
14 1 U 13
15 1 L 1
16 1 U 15
17 0 U 16
18 1 U -1
19 0 U 0
20 1 U 19
21 0 U 20
22 0 L 21
23 1 U 15
24 0 U -1
25 1 U 24
26 0 U 19
27 0 U 16
28 1 L 14
29 1 L 7
30 1 U -1
31 0 U 7
32 1 L 17
33 1 U 32
34 1 U 33
35 0 U 34
36 0 U 26
37 1 L 23
38 0 U 37
39 0 U 38
40 0 L 39
41 1 U 40
42 1 U 7
43 0 U 42
44 1 U 36
45 0 U 44
46 1 U 45
47 1 U 1
48
0 0 U -1
1 0 U -1
2 1 L 1
3 0 L 1
4 1 U -1
5 0 U 2
6 0 L 1
7 1 U -1
8 1 L 4
9 0 L 4
10 0 U 9
11 0 U 10
12 1 U -1
13 1 U 12
14 1 U 13
15 1 L 1
16 1 U 15
17 0 U 16
18 1 U -1
19 0 U 0
20 1 U 19
21 1 L 0
22 0 L 21
23 1 U 15
24 0 U -1
25 1 U 24
26 1 U 9
27 0 U 22
28 1 L 14
29 1 L 7
30 1 U -1
31 0 U 25
32 1 L 17
33 1 U 32
34 1 U 33
35 0 U 34
36 0 U 26
37 1 L 23
38 0 U 37
39 0 U 38
40 0 L 39
41 1 U 40
42 1 U 7
43 0 U 42
44 1 U 36
45 0 U 44
46 1 U 45
47 1 U 1
48
0 0 U -1
1 0 U -1
2 0 U 1
3 0 U 2
4 1 U -1
5 0 L -1
6 0 L 1
7 0 U 6
8 1 L 4
9 0 L 4
10 0 U 9
11 0 U 10
12 1 U -1
13 1 U 12
14 1 U 13
15 1 L 1
16 1 U 15
17 0 U 16
18 1 U -1
19 0 U 0
20 1 U 19
21 0 U 20
22 0 L 21
23 1 U 15
24 0 U -1
25 1 U 24
26 1 U 20
27 0 U 22
28 1 L 14
29 1 L 7
30 1 U -1
31 0 U 25
32 1 L 17
33 1 U 32
34 1 U 33
35 0 U 34
36 0 U 26
37 1 L 23
38 0 U 37
39 0 U 38
40 0 L 39
41 1 L 8
42 1 U 7
43 0 U 42
44 1 U 36
45 1 U 44
46 1 U 45
47 0 U 31
48
0 0 U -1
1 1 U 0
2 0 L -1
3 0 U 2
4 1 U -1
5 0 L -1
6 0 L 1
7 0 U 6
8 1 L 4
9 0 L 4
10 0 U 9
11 0 U 10
12 0 L 7
13 1 U 12
14 1 U 13
15 1 L 1
16 1 U 15
17 0 U 16
18 1 U -1
19 0 U 0
20 1 U 17
21 0 U 20
22 0 L 21
23 0 U 17
24 0 U -1
25 1 U 24
26 1 U 20
27 1 U 24
28 1 L 14
29 1 L 7
30 1 U -1
31 0 U 25
32 1 L 17
33 1 U 32
34 1 U 33
35 0 U 34
36 0 U 26
37 1 L 23
38 0 U 37
39 0 U 38
40 0 L 39
41 1 U 40
42 1 U 7
43 0 U 42
44 1 U 36
45 0 L 24
46 1 U 45
47 0 U 23
48
0 0 U -1
1 1 L 0
2 0 U 1
3 0 U 2
4 1 U -1
5 0 L -1
6 0 L 1
7 0 U 6
8 1 L 4
9 0 L 6
10 0 U 9
11 0 U 10
12 1 U -1
13 1 U 12
14 1 U 13
15 1 L 1
16 1 U 15
17 0 U 16
18 0 U 1
19 0 U 0
20 1 U 19
21 1 U 4
22 0 L 21
23 1 U 15
24 0 U -1
25 0 L 19
26 1 U 20
27 0 U 22
28 1 L 14
29 1 L 7
30 1 U -1
31 0 U 25
32 1 L 17
33 1 U 32
34 1 U 33
35 0 U 34
36 0 U 2
37 1 L 23
38 0 U 36
39 0 U 38
40 0 L 39
41 1 U 40
42 1 U 7
43 0 U 42
44 1 U 36
45 0 U 44
46 1 U 45
47 1 U 1
48
0 0 U -1
1 0 U -1
2 0 U 1
3 0 U 2
4 1 U -1
5 0 L -1
6 0 L 1
7 0 U 6
8 1 L 4
9 0 L 4
10 0 U 9
11 0 U 10
12 1 U -1
13 1 U 12
14 1 U 13
15 1 L 1
16 1 U 15
17 0 U 16
18 1 U -1
19 0 U 0
20 1 U 19
21 0 U 20
22 0 L 21
23 1 U 15
24 0 U -1
25 1 U 24
26 1 U 20
27 0 U 22
28 1 L 14
29 1 L 6
30 1 U -1
31 0 U 25
32 1 L 17
33 0 U 13
34 1 U 33
35 0 U 34
36 1 U 6
37 1 L 23
38 0 U 37
39 0 U 22
40 0 L 39
41 1 U 40
42 1 U 7
43 0 U 42
44 1 U 36
45 0 U 44
46 0 L 5
47 1 U 1
48
0 0 U -1
1 0 U -1
2 0 U 1
3 1 L 1
4 1 U -1
5 0 L -1
6 0 L 1
7 0 U 6
8 1 L 4
9 0 L 4
10 0 U 9
11 0 U 10
12 1 U -1
13 1 U 12
14 1 U 13
15 1 L 1
16 0 U 6
17 0 U 16
18 1 U -1
19 0 U 0
20 1 U 19
21 0 U 20
22 0 L 21
23 1 U 15
24 0 U -1
25 1 U 24
26 1 U 20
27 0 U 22
28 0 L 9
29 1 L 17
30 1 U -1
31 0 U 25
32 1 L 17
33 1 U 32
34 1 U 33
35 0 U 34
36 0 U 26
37 1 L 23
38 0 U 37
39 0 U 38
40 0 L 39
41 1 U 40
42 1 U 7
43 0 U 42
44 1 U 36
45 0 U 44
46 1 L 30
47 1 U 1
48
0 0 U -1
1 0 U -1
2 0 U 1
3 0 U 2
4 1 U -1
5 0 L -1
6 0 L 1
7 0 U 6
8 1 L 4
9 0 L 4
10 0 U 9
11 0 U 10
12 1 U -1
13 1 L 1
14 1 U 13
15 1 L 1
16 1 U 15
17 0 U 16
18 1 U -1
19 0 U 0
20 0 U 8
21 0 U 10
22 0 L 20
23 1 L 4
24 0 U -1
25 1 U 24
26 1 U 20
27 1 L 4
28 1 L 14
29 1 L 7
30 1 U -1
31 0 U 25
32 1 L 17
33 1 U 32
34 1 U 33
35 0 U 34
36 0 U 26
37 1 L 23
38 0 U 37
39 0 U 38
40 0 L 39
41 1 U 40
42 1 U 7
43 0 U 42
44 1 U 36
45 0 U 44
46 1 U 45
47 1 U 8
48
0 0 U -1
1 0 U -1
2 0 U 1
3 0 U 2
4 1 L 1
5 0 L -1
6 0 L 1
7 1 U 1
8 1 L 4
9 1 L 0
10 0 U 9
11 0 U 10
12 1 U -1
13 1 U 12
14 1 U 13
15 1 L 1
16 1 U 15
17 0 U 16
18 1 U -1
19 0 U 0
20 1 U 19
21 1 L 8
22 0 L 21
23 1 U 15
24 0 U -1
25 1 U 24
26 1 U 20
27 0 U 22
28 1 L 14
29 1 L 7
30 1 U -1
31 0 U 25
32 1 L 17
33 1 U 32
34 1 U 33
35 0 U 34
36 0 U 26
37 1 L 23
38 0 U 37
39 0 U 38
40 0 L 39
41 1 U 40
42 1 L 41
43 0 U 42
44 1 U 36
45 0 U 44
46 1 U 45
47 1 U 1
48
0 0 U -1
1 0 U -1
2 0 U 1
3 0 U 2
4 0 L 0
5 0 L -1
6 0 L 1
7 0 U 6
8 1 L 4
9 0 L 4
10 0 L 1
11 0 U 10
12 1 U -1
13 1 U 12
14 1 U 13
15 1 L 1
16 1 U 15
17 0 U 16
18 1 U -1
19 0 U 0
20 1 U 19
21 0 U 20
22 0 L 21
23 1 U 15
24 0 U -1
25 1 U 24
26 1 U 20
27 0 U 22
28 0 U 24
29 1 L 7
30 0 U 12
31 0 U 25
32 1 L 17
33 1 U 32
34 1 U 33
35 0 U 34
36 0 U 26
37 1 L 23
38 0 U 37
39 0 U 38
40 0 L 39
41 1 U 40
42 0 L 24
43 0 U 42
44 1 U 36
45 0 U 44
46 0 U 30
47 1 U 1
48
0 0 U -1
1 0 U -1
2 0 U 1
3 0 U 2
4 1 U -1
5 0 L -1
6 0 L 1
7 0 U 6
8 1 L 4
9 0 L 4
10 0 U 9
11 0 U 10
12 1 U -1
13 1 U 12
14 1 U 13
15 1 L 1
16 1 U 15
17 0 L 8
18 1 U -1
19 0 U 0
20 1 U 19
21 0 U 20
22 0 U 3
23 1 U 15
24 0 U -1
25 1 U 24
26 1 U 20
27 0 U 22
28 1 L 14
29 1 L 7
30 1 L 10
31 0 U 25
32 1 L 17
33 1 U 32
34 1 U 33
35 0 U 34
36 0 U 26
37 1 L 23
38 0 U 37
39 0 U 38
40 0 L 39
41 1 U 40
42 1 U 7
43 0 U 42
44 1 U 36
45 0 U 44
46 1 U 45
47 1 U 1
48
0 0 U -1
1 0 L 0
2 0 U 1
3 0 U 2
4 1 U -1
5 0 L -1
6 0 L 1
7 0 U 6
8 1 L 4
9 0 L 4
10 0 U 9
11 0 U 10
12 1 U -1
13 1 U 12
14 1 U 13
15 1 L 1
16 1 U 15
17 0 U 16
18 0 L 14
19 0 U 15
20 1 U 19
21 0 U 20
22 0 L 21
23 1 U 15
24 0 U -1
25 1 U 24
26 1 U 20
27 0 U 22
28 1 L 14
29 1 L 7
30 0 L 24
31 0 U 25
32 1 L 17
33 1 U 32
34 1 U 33
35 0 U 34
36 0 U 26
37 1 L 23
38 0 U 37
39 0 U 38
40 0 L 39
41 1 U 40
42 1 U 7
43 0 U 42
44 1 U 36
45 0 U 44
46 1 U 45
47 1 U 1
48
0 0 U -1
1 0 U -1
2 0 U 1
3 0 U 2
4 1 U -1
5 0 L -1
6 0 L 1
7 0 U 6
8 1 L 4
9 0 L 4
10 0 U 9
11 0 U 10
12 1 U -1
13 1 U 12
14 1 U 13
15 1 L 1
16 1 U 15
17 0 U 16
18 1 U -1
19 0 U 0
20 1 U 19
21 0 U 20
22 1 U 3
23 1 U 15
24 0 U -1
25 1 L 12
26 1 U 20
27 0 U 22
28 1 L 14
29 1 L 7
30 1 U 6
31 0 U 25
32 1 L 17
33 1 U 32
34 1 U 33
35 0 U 34
36 0 U 26
37 1 L 23
38 0 U 37
39 0 U 38
40 0 L 39
41 1 U 40
42 1 U 7
43 0 U 42
44 1 U 36
45 0 U 44
46 1 U 12
47 1 U 1
48
0 0 U -1
1 0 U -1
2 0 U 1
3 0 U 2
4 1 U -1
5 0 L -1
6 0 L 1
7 0 L 1
8 1 U 4
9 0 L 4
10 0 U 9
11 0 U 10
12 1 U -1
13 1 U 12
14 1 U 13
15 1 L 1
16 1 U 15
17 0 U 16
18 1 U -1
19 0 U 0
20 1 U 19
21 0 U 20
22 0 L 21
23 1 U 15
24 0 U -1
25 1 U 24
26 1 U 20
27 1 L 3
28 1 L 14
29 1 L 7
30 1 U -1
31 0 U 25
32 1 L 17
33 1 U 32
34 1 U 33
35 0 U 34
36 0 U 26
37 1 L 23
38 0 U 37
39 0 U 38
40 0 L 39
41 1 U 40
42 1 U 7
43 0 U 42
44 1 U 36
45 0 L 43
46 1 U 45
47 1 U 1
48
0 0 U -1
1 0 U -1
2 0 U 1
3 0 U 2
4 1 U -1
5 0 L -1
6 0 L 1
7 0 U 6
8 1 L 4
9 0 L 4
10 1 U 0
11 0 U 10
12 1 U -1
13 1 U 12
14 1 U 13
15 1 L 1
16 1 U 15
17 0 U 5
18 1 U -1
19 0 U 0
20 0 L 8
21 0 U 20
22 0 L 21
23 1 U 15
24 0 U -1
25 0 U 8
26 1 U 20
27 0 U 22
28 1 L 14
29 1 L 7
30 1 U -1
31 0 U 25
32 1 L 17
33 1 U 32
34 1 U 33
35 0 L 2
36 0 U 26
37 1 L 23
38 0 U 37
39 1 U 24
40 0 L 39
41 1 U 40
42 1 U 7
43 1 L 17
44 1 U 36
45 0 U 44
46 1 U 45
47 1 U 1
48
0 0 U -1
1 0 U -1
2 0 U 1
3 0 U 2
4 1 U -1
5 0 L -1
6 1 L 3
7 0 U 6
8 1 L 4
9 0 L 4
10 0 U 9
11 0 U 10
12 1 U 11
13 1 U 12
14 1 L 2
15 1 L 1
16 1 U 15
17 0 U 16
18 0 L 16
19 0 U 0
20 1 U 19
21 0 U 20
22 0 L 21
23 1 U 15
24 0 U -1
25 1 U 24
26 1 U 20
27 0 U 22
28 0 U 24
29 1 L 7
30 1 U -1
31 0 U 25
32 1 L 17
33 1 U 32
34 1 U 33
35 0 U 34
36 0 U 26
37 1 L 23
38 0 U 37
39 0 U 38
40 0 L 39
41 1 U 32
42 1 U 7
43 0 U 42
44 1 U 36
45 0 U 44
46 1 U 45
47 1 U 1
48
0 0 U -1
1 0 U -1
2 0 U 1
3 0 U 2
4 1 U -1
5 0 L -1
6 0 L 1
7 0 U 6
8 1 L 4
9 1 U 7
10 0 U 9
11 0 U 10
12 1 U -1
13 1 U 12
14 1 U 13
15 1 L 1
16 1 U 15
17 0 U 16
18 1 U -1
19 0 U 0
20 1 U 19
21 1 L 3
22 0 L 21
23 1 U 15
24 0 U -1
25 1 U 24
26 1 U 20
27 0 U 22
28 1 U 25
29 1 L 7
30 1 U -1
31 0 U 25
32 1 L 17
33 1 U 32
34 1 U 33
35 0 U 34
36 0 U 26
37 1 L 23
38 0 U 37
39 1 L 28
40 0 L 39
41 1 U 40
42 1 U 7
43 0 U 42
44 1 U 36
45 0 U 44
46 1 U 45
47 1 U 1
48
0 0 U -1
1 0 U -1
2 0 U 1
3 0 U 2
4 1 U -1
5 0 L -1
6 0 L 1
7 0 U 6
8 1 L 4
9 0 L 4
10 0 U 9
11 0 U 10
12 1 U -1
13 1 U 12
14 1 U 13
15 1 L 1
16 1 L 3
17 0 U 16
18 1 U -1
19 0 U 0
20 1 U 19
21 0 L 13
22 0 L 21
23 1 U 15
24 0 U -1
25 1 U 24
26 1 U 20
27 0 U 22
28 1 L 14
29 1 L 7
30 1 U -1
31 1 L 23
32 1 L 17
33 1 U 32
34 1 U 33
35 0 U 34
36 0 U 26
37 1 L 23
38 0 U 37
39 0 U 38
40 0 L 39
41 1 U 40
42 1 U 7
43 0 U 42
44 1 U 36
45 0 U 44
46 1 U 45
47 1 U 1
48
0 0 U -1
1 0 U -1
2 0 U 1
3 0 U 2
4 1 U -1
5 0 L -1
6 0 L 1
7 0 U 6
8 1 L 4
9 0 L 4
10 0 U 9
11 0 U 10
12 1 U -1
13 1 U 12
14 1 U 13
15 1 L 1
16 1 U 15
17 0 U 16
18 1 U -1
19 0 U 0
20 1 U 19
21 0 U 20
22 0 L 21
23 1 U 15
24 0 U -1
25 1 U 24
26 1 U 20
27 0 U 22
28 1 L 14
29 1 L 7
30 1 U -1
31 0 U 25
32 1 L 17
33 1 U 32
34 1 U 33
35 0 U 34
36 0 U 26
37 1 L 23
38 1 L 8
39 0 U 38
40 0 L 39
41 1 U 40
42 1 U 7
43 0 U 42
44 1 U 36
45 0 U 44
46 1 U 45
47 1 U 1
48
0 0 U -1
1 0 U -1
2 0 U 1
3 0 U 2
4 1 U -1
5 0 L -1
6 0 L 1
7 0 U 6
8 1 L 4
9 0 L 4
10 0 U 9
11 0 U 10
12 1 U -1
13 1 U 12
14 1 U 13
15 1 L 1
16 1 U 15
17 0 U 16
18 1 U -1
19 1 L 14
20 1 U 19
21 0 U 20
22 0 L 21
23 1 U 15
24 0 U -1
25 1 U 24
26 1 U 20
27 0 U 22
28 1 L 14
29 1 L 7
30 1 U -1
31 1 U 13
32 1 L 17
33 1 U 22
34 1 U 33
35 1 U 11
36 0 U 26
37 1 L 23
38 0 U 37
39 0 U 38
40 1 U 27
41 1 U 40
42 1 U 7
43 0 U 42
44 1 U 36
45 0 U 44
46 1 U 45
47 1 U 1
48
0 0 U -1
1 1 L -1
2 0 U 1
3 0 U 2
4 1 U -1
5 0 L -1
6 0 L 1
7 0 U 6
8 1 L 4
9 0 L 4
10 0 U 9
11 0 U 10
12 1 U -1
13 0 U 1
14 1 U 13
15 1 L 1
16 1 U 15
17 0 U 16
18 1 U -1
19 0 U 0
20 1 U 19
21 0 U 20
22 0 L 21
23 1 U 15
24 0 U -1
25 1 L 10
26 1 U 20
27 0 U 12
28 1 L 14
29 1 L 7
30 1 U -1
31 0 U 25
32 0 U 10
33 1 U 32
34 1 U 33
35 1 L 24
36 1 U 34
37 1 L 23
38 0 U 37
39 0 U 38
40 0 L 39
41 0 L 2
42 1 U 7
43 0 U 42
44 1 U 36
45 1 L 33
46 1 U 45
47 0 L 3
48
0 0 U -1
1 0 U -1
2 0 U 1
3 0 U 2
4 1 U -1
5 0 L -1
6 0 L 1
7 0 U 6
8 1 U 5
9 0 L 4
10 0 U 9
11 0 U 10
12 1 U -1
13 0 U 7
14 1 U 13
15 1 L 1
16 1 U 15
17 0 U 16
18 1 U -1
19 0 U 0
20 1 U 19
21 0 U 20
22 0 L 21
23 1 U 15
24 0 U -1
25 1 U 24
26 1 U 20
27 0 U 22
28 1 U 5
29 1 L 7
30 1 U -1
31 0 U 25
32 1 L 17
33 1 U 32
34 1 U 33
35 0 U 34
36 0 L 33
37 1 L 23
38 0 U 37
39 0 U 38
40 0 L 39
41 1 U 21
42 1 L 32
43 0 U 42
44 1 U 0
45 0 U 44
46 1 U 45
47 1 U 1
48
0 0 U -1
1 0 U -1
2 0 U 1
3 0 U 2
4 1 U -1
5 0 L -1
6 0 L 1
7 0 U 6
8 1 L 4
9 0 L 4
10 0 U 9
11 0 U 10
12 1 U -1
13 1 U 12
14 1 U 13
15 1 L 1
16 1 U 15
17 0 U 16
18 1 U -1
19 0 U 0
20 1 U 19
21 0 U 20
22 0 L 21
23 0 L 17
24 0 U -1
25 1 U 24
26 1 U 20
27 0 U 22
28 1 L 14
29 1 U 19
30 1 U -1
31 0 U 25
32 1 L 17
33 1 U 32
34 1 U 33
35 0 U 34
36 0 U 26
37 1 L 23
38 0 U 34
39 0 U 38
40 0 L 39
41 1 U 40
42 1 U 7
43 0 U 42
44 1 U 36
45 0 U 44
46 1 U 45
47 1 U 1
48
0 0 U -1
1 0 U -1
2 0 U 1
3 0 U 2
4 1 U -1
5 0 L -1
6 0 L 1
7 0 U 6
8 1 L 4
9 0 L 4
10 0 U 9
11 0 U 10
12 1 U -1
13 1 U 12
14 1 U 13
15 1 L 1
16 1 U 15
17 0 U 16
18 1 U 14
19 0 U 0
20 1 U 19
21 0 U 20
22 0 L 4
23 1 U 15
24 0 U -1
25 1 U 24
26 1 U 20
27 1 L 7
28 1 L 14
29 1 L 7
30 1 U -1
31 0 U 25
32 1 L 17
33 1 U 29
34 1 U 33
35 1 U 16
36 0 U 26
37 1 L 23
38 0 U 37
39 0 U 38
40 0 L 39
41 1 U 40
42 1 U 7
43 0 U 42
44 1 U 36
45 0 U 44
46 1 U 45
47 1 U 1
48
0 0 U -1
1 0 U -1
2 0 U 1
3 0 U 2
4 1 U -1
5 0 L -1
6 0 L 1
7 0 U 6
8 1 L 4
9 0 L 4
10 0 U 9
11 0 U 10
12 1 U -1
13 1 U 12
14 1 U 13
15 1 L 1
16 1 U 15
17 0 U 16
18 1 U -1
19 0 U 0
20 1 U 19
21 1 L 20
22 0 L 21
23 1 U 15
24 0 U -1
25 1 U 24
26 1 L 22
27 0 U 22
28 1 L 14
29 1 L 7
30 1 U -1
31 0 U 25
32 1 L 17
33 1 U 32
34 1 U 33
35 0 U 34
36 0 U 26
37 1 L 23
38 0 U 37
39 0 U 38
40 0 L 39
41 1 U 40
42 1 U 7
43 0 U 42
44 1 U 36
45 0 U 44
46 1 U 45
47 1 U 1
48
0 1 U -1
1 0 U -1
2 0 U 1
3 0 U 2
4 1 U -1
5 0 L -1
6 0 L 1
7 0 U 6
8 1 L 4
9 0 L 4
10 0 U 9
11 0 U 10
12 1 L 6
13 1 U 12
14 1 U 13
15 1 L 1
16 1 U 15
17 0 U 16
18 0 U 3
19 0 U 0
20 1 U 19
21 0 U 20
22 0 L 21
23 1 U 15
24 0 U -1
25 1 U 24
26 1 U 20
27 0 U 22
28 1 L 14
29 1 L 7
30 1 U -1
31 0 U 25
32 1 L 17
33 1 U 32
34 1 U 33
35 0 U 34
36 0 U 26
37 1 L 21
38 0 U 37
39 0 L 7
40 0 L 39
41 1 U 40
42 1 U 7
43 0 U 42
44 1 U 36
45 0 U 44
46 1 U 45
47 1 U 1
48
0 0 U -1
1 0 U -1
2 0 U 1
3 0 U 2
4 1 U -1
5 0 L -1
6 0 L 1
7 0 U 6
8 1 L 4
9 0 L 4
10 0 U 9
11 0 U 10
12 1 U -1
13 1 U 12
14 1 U 13
15 1 L 1
16 1 U 15
17 0 U 16
18 1 U -1
19 0 U 0
20 1 U 19
21 0 U 20
22 0 L 21
23 1 U 15
24 0 U -1
25 0 U 19
26 1 U 20
27 1 U 8
28 1 L 14
29 1 L 7
30 1 U -1
31 0 U 25
32 1 L 17
33 1 U 32
34 0 U 9
35 0 U 34
36 0 U 26
37 1 L 23
38 0 U 37
39 0 U 38
40 0 L 39
41 1 U 40
42 1 U 7
43 1 U 33
44 1 U 36
45 0 U 44
46 1 U 45
47 1 U 1
48
0 0 U -1
1 0 U -1
2 0 U 1
3 0 U 2
4 0 L -1
5 0 U 4
6 0 L 1
7 0 U 6
8 1 L 4
9 1 L 1
10 0 U 9
11 0 U 10
12 1 U -1
13 1 U 12
14 1 U 13
15 1 L 1
16 1 U 15
17 0 U 16
18 1 U -1
19 1 L 15
20 1 U 19
21 1 U 7
22 0 L 21
23 1 U 15
24 0 U -1
25 1 L 18
26 1 U 20
27 0 U 22
28 1 L 14
29 1 L 7
30 1 U -1
31 0 U 25
32 1 L 17
33 1 U 32
34 1 U 33
35 0 U 34
36 0 L 4
37 1 U 34
38 0 U 37
39 0 U 38
40 0 L 39
41 1 U 40
42 1 U 7
43 0 U 42
44 1 U 36
45 0 U 44
46 1 U 45
47 1 L 25
48
0 0 U -1
1 0 U -1
2 0 U 1
3 0 U 2
4 1 U -1
5 0 L -1
6 0 L 1
7 0 U 6
8 1 L 4
9 0 L 4
10 0 U 9
11 0 U 10
12 1 U -1
13 1 U 12
14 1 U 13
15 1 L 1
16 0 L 10
17 0 U 16
18 1 U -1
19 0 U 0
20 1 U 19
21 0 U 20
22 0 L 21
23 1 U 15
24 0 U -1
25 1 U 24
26 1 U 20
27 0 U 22
28 1 L 14
29 0 U 4
30 1 U -1
31 0 U 25
32 1 L 17
33 1 U 32
34 1 U 33
35 0 U 34
36 0 U 26
37 1 L 23
38 0 U 37
39 0 U 38
40 0 L 39
41 1 U 40
42 1 U 7
43 0 U 42
44 1 U 36
45 0 U 44
46 1 U 45
47 1 U 1
48
0 0 U -1
1 0 U -1
2 0 U 1
3 0 U 2
4 1 U -1
5 0 L -1
6 1 L 3
7 0 L 2
8 1 L 4
9 0 U 1
10 0 U 9
11 0 U 10
12 1 U -1
13 1 U 12
14 1 U 13
15 1 L 1
16 1 U 15
17 0 U 16
18 1 U -1
19 0 U 0
20 1 U 19
21 0 U 20
22 0 L 21
23 1 U 15
24 0 U -1
25 1 U 24
26 1 U 20
27 0 L 7
28 1 L 14
29 1 L 7
30 1 U 10
31 0 U 25
32 1 L 17
33 1 U 32
34 1 U 33
35 0 U 34
36 0 U 26
37 1 L 23
38 0 U 37
39 0 U 38
40 0 L 39
41 1 U 40
42 1 U 7
43 0 U 42
44 1 U 36
45 0 U 44
46 1 U 45
47 1 U 1
48
0 0 U -1
1 0 U -1
2 0 U 1
3 0 U 2
4 1 U -1
5 0 L -1
6 0 L 1
7 0 U 6
8 1 L 4
9 0 L 4
10 0 U 9
11 0 U 10
12 1 U -1
13 1 U 12
14 1 U 13
15 1 L 1
16 1 U 15
17 0 U 16
18 0 U 0
19 0 U 0
20 1 U 19
21 0 L 9
22 0 L 21
23 1 U 15
24 0 U -1
25 1 U 24
26 1 U 20
27 0 U 22
28 1 L 14
29 1 L 7
30 1 U -1
31 0 U 25
32 1 L 17
33 1 U 32
34 1 U 33
35 0 U 34
36 0 U 26
37 1 L 23
38 0 U 37
39 0 U 38
40 0 L 39
41 1 U 40
42 1 U 7
43 0 U 42
44 1 U 36
45 0 U 44
46 1 U 45
47 1 U 1
48
0 0 U -1
1 0 U -1
2 0 U 1
3 0 U 2
4 1 U -1
5 0 L -1
6 0 L 1
7 0 U 6
8 1 L 4
9 0 L 4
10 0 U 9
11 0 U 10
12 1 U -1
13 1 U 12
14 1 U 13
15 1 L -1
16 1 U 15
17 0 U 16
18 1 U -1
19 0 U 0
20 1 U 19
21 0 U 20
22 0 L 21
23 1 U 15
24 0 U -1
25 1 U 24
26 1 U 20
27 0 U 22
28 1 L 14
29 1 L 7
30 1 U -1
31 0 U 25
32 1 L 17
33 0 U 3
34 1 U 33
35 0 U 34
36 0 U 26
37 1 L 23
38 0 U 37
39 0 U 38
40 0 L 39
41 1 U 40
42 1 U 7
43 0 U 42
44 1 U 36
45 0 U 44
46 1 U 45
47 1 U 1
48
0 0 U -1
1 0 U -1
2 1 L -1
3 0 U 2
4 1 U -1
5 0 L -1
6 0 L 1
7 0 U 6
8 0 U 5
9 0 L 4
10 0 U 9
11 0 U 10
12 1 U -1
13 1 U 12
14 1 U 13
15 1 L -1
16 1 U 15
17 0 U 16
18 1 U -1
19 0 U 0
20 1 U 19
21 0 U 20
22 0 L 21
23 1 L 5
24 0 U -1
25 1 U 24
26 1 U 20
27 0 U 22
28 0 U 3
29 1 L 7
30 1 U -1
31 0 U 25
32 1 L 17
33 0 U 3
34 1 U 33
35 0 U 34
36 0 U 26
37 1 L 23
38 0 U 37
39 0 U 38
40 0 L 39
41 1 U 40
42 1 L 38
43 0 U 42
44 1 U 36
45 0 U 44
46 1 U 45
47 1 U 1
48
0 0 U -1
1 0 U -1
2 1 L 0
3 0 U 2
4 1 U -1
5 0 L -1
6 0 L 1
7 0 U 6
8 1 L 4
9 0 L 4
10 0 U 9
11 0 U 10
12 1 U -1
13 1 U 12
14 0 U 8
15 1 L -1
16 1 U 15
17 1 L 6
18 1 U -1
19 0 U 0
20 1 U 19
21 0 U 20
22 0 L 21
23 1 U 15
24 0 U -1
25 1 U 24
26 1 U 20
27 0 U 22
28 1 L 14
29 0 U 27
30 1 U -1
31 0 U 25
32 1 L 17
33 0 U 3
34 1 U 33
35 0 U 34
36 0 U 26
37 1 L 23
38 0 U 37
39 0 U 38
40 0 U 16
41 1 U 40
42 1 U 7
43 0 U 42
44 1 U 36
45 0 U 44
46 1 U 45
47 1 U 1
48
0 0 U -1
1 0 U -1
2 0 U 1
3 0 U 2
4 1 U -1
5 0 L -1
6 0 L 1
7 0 U 6
8 1 L 4
9 0 L 4
10 0 U 9
11 0 U 10
12 1 U -1
13 1 L 5
14 1 U 13
15 1 L -1
16 1 U 15
17 0 U 16
18 1 U -1
19 0 U 0
20 1 U 19
21 0 U 20
22 0 L 21
23 1 U 15
24 0 U -1
25 1 U 24
26 1 U 20
27 0 U 22
28 1 L 14
29 1 L 7
30 1 U -1
31 1 U 5
32 1 L 17
33 0 U 3
34 1 U 33
35 0 U 34
36 0 U 26
37 1 L 23
38 0 U 37
39 0 U 38
40 0 L 39
41 1 U 40
42 1 U 7
43 0 U 42
44 1 U 6
45 0 U 44
46 1 U 45
47 1 U 1
48
0 0 U -1
1 0 U -1
2 0 U 1
3 0 U 2
4 1 U -1
5 0 L -1
6 0 L 1
7 0 U 6
8 1 L 4
9 0 L 4
10 0 U 9
11 0 U 10
12 1 U 10
13 1 U 12
14 1 U 13
15 1 L -1
16 1 U 15
17 0 U 16
18 1 U -1
19 0 U 0
20 1 U 19
21 0 U 20
22 0 L 21
23 1 U 15
24 0 U -1
25 1 U 24
26 1 U 20
27 0 U 22
28 1 L 14
29 1 L 7
30 1 U -1
31 0 U 25
32 1 L 17
33 0 U 3
34 1 U 33
35 0 U 34
36 0 U 26
37 1 L 23
38 0 U 37
39 0 U 38
40 0 L 39
41 1 U 40
42 1 U 7
43 0 U 42
44 1 U 36
45 0 U 44
46 1 U 45
47 1 U 1
48
0 0 L -1
1 0 U -1
2 0 U 1
3 0 U 2
4 1 U -1
5 0 L 3
6 0 L 1
7 0 U 6
8 1 L 4
9 0 L 4
10 0 U 9
11 0 U 10
12 1 U -1
13 1 U 3
14 1 U 13
15 1 L -1
16 1 U 15
17 0 U 16
18 1 U -1
19 0 U 0
20 1 U 19
21 1 L 10
22 0 L 21
23 1 U 15
24 0 U -1
25 1 U 24
26 0 L 4
27 0 U 22
28 1 L 14
29 1 L 7
30 1 U -1
31 0 U 25
32 1 L 17
33 0 U 3
34 1 U 33
35 0 U 34
36 0 U 26
37 1 L 23
38 0 U 37
39 0 U 38
40 0 L 39
41 1 U 40
42 1 U 7
43 0 U 42
44 1 U 36
45 0 U 28
46 1 U 45
47 1 U 1
48
0 0 U -1
1 0 U -1
2 0 U 1
3 0 U 2
4 1 U -1
5 0 L -1
6 0 L 1
7 0 U 6
8 1 L 4
9 0 L 4
10 0 U 9
11 0 U 10
12 1 U -1
13 1 U 12
14 1 U 13
15 1 L -1
16 1 U 15
17 0 U 16
18 1 U -1
19 0 U 0
20 1 U 8
21 0 U 20
22 0 L 21
23 1 U 15
24 0 U -1
25 1 U 24
26 1 U 20
27 0 U 22
28 1 L 14
29 1 L 7
30 1 U -1
31 0 L 2
32 1 L 17
33 0 U 3
34 1 U 33
35 0 U 30
36 0 U 26
37 1 L 23
38 0 U 37
39 0 U 38
40 0 L 39
41 1 U 40
42 1 U 7
43 0 U 42
44 0 U 33
45 0 U 44
46 1 U 45
47 0 L 22
48
0 0 U -1
1 1 L -1
2 0 U 1
3 0 U 2
4 1 U -1
5 0 L -1
6 0 L 1
7 0 U 6
8 1 L 4
9 0 L 4
10 0 U 9
11 0 U 10
12 1 U -1
13 1 U 12
14 1 U 13
15 1 L -1
16 0 U 9
17 0 U 16
18 1 U -1
19 0 U 0
20 1 U 19
21 0 U 20
22 0 L 21
23 1 U 15
24 0 U -1
25 1 U 24
26 1 U 20
27 0 U 22
28 1 L 14
29 1 L 7
30 1 U -1
31 0 U 25
32 1 L 17
33 0 U 3
34 1 U 33
35 0 U 34
36 0 U 26
37 1 L 23
38 0 U 37
39 0 U 38
40 0 L 39
41 1 U 40
42 1 U 7
43 0 U 42
44 1 U 36
45 0 U 44
46 1 U 45
47 1 U 1
48
0 0 U -1
1 0 U -1
2 0 U 1
3 0 U 2
4 1 U -1
5 0 L -1
6 1 U 5
7 0 U 6
8 1 L 4
9 0 L 4
10 0 U 9
11 0 U 10
12 0 U -1
13 1 U 12
14 1 U 13
15 1 L -1
16 1 U 15
17 0 U 16
18 1 U -1
19 0 U 0
20 1 U 19
21 0 U 20
22 0 L 21
23 1 U 15
24 0 U -1
25 1 U 24
26 1 U 20
27 0 U 22
28 1 L 14
29 1 L 7
30 1 U -1
31 0 U 25
32 1 L 17
33 0 U 3
34 1 U 33
35 0 U 34
36 1 L 19
37 1 L 23
38 0 U 37
39 0 U 38
40 0 L 24
41 1 U 40
42 1 U 7
43 0 L 26
44 1 U 36
45 0 U 44
46 1 U 45
47 1 U 1
48
0 0 U -1
1 0 U -1
2 0 U 1
3 0 U 2
4 1 U -1
5 0 L -1
6 0 L 1
7 0 U 6
8 1 L 4
9 0 L 4
10 0 U 9
11 0 U 10
12 1 U -1
13 1 U 12
14 0 U 9
15 1 L -1
16 1 U 15
17 0 U 16
18 1 U 5
19 0 U 0
20 1 U 19
21 0 U 20
22 0 L 21
23 1 U 15
24 0 L 0
25 1 U 24
26 1 U 20
27 0 U 22
28 1 L 14
29 1 L 7
30 1 U -1
31 0 U 25
32 1 L 17
33 0 U 3
34 1 U 33
35 0 U 34
36 0 U 26
37 1 L 23
38 0 U 37
39 0 U 38
40 0 L 39
41 1 U 40
42 1 U 7
43 0 U 42
44 1 U 36
45 0 U 44
46 1 U 45
47 1 U 1
48
0 0 U -1
1 0 U -1
2 1 U -1
3 0 U 2
4 1 U -1
5 0 L -1
6 0 U 0
7 0 U 6
8 1 L 4
9 0 L 4
10 0 U 9
11 0 U 0
12 1 U -1
13 1 U 12
14 1 U 13
15 1 L -1
16 1 U 15
17 0 U 16
18 1 U -1
19 0 U 0
20 1 U 19
21 0 U 20
22 0 L 21
23 1 U 15
24 0 U -1
25 1 U 24
26 1 U 20
27 0 U 22
28 1 L 14
29 1 L 7
30 1 U -1
31 0 U 25
32 1 L 17
33 0 U 4
34 1 U 33
35 0 U 34
36 0 U 26
37 1 L 23
38 0 U 37
39 1 U 30
40 0 L 39
41 1 U 40
42 1 U 7
43 0 U 42
44 0 L 41
45 0 U 44
46 1 U 41
47 1 U 1
48
0 0 U -1
1 0 U -1
2 0 U 1
3 0 U 2
4 1 U -1
5 0 L -1
6 0 L 1
7 0 U 6
8 1 L 4
9 0 L 4
10 0 U 9
11 0 U 10
12 1 U -1
13 1 U 12
14 1 U 13
15 1 L -1
16 1 U 15
17 0 U 16
18 1 U 17
19 0 U 0
20 1 U 19
21 0 U 20
22 0 L 21
23 1 U 15
24 0 U -1
25 1 U 24
26 1 U 20
27 0 U 22
28 1 L 14
29 1 L 7
30 1 U -1
31 0 L 2
32 1 L 17
33 0 U 3
34 1 U 33
35 0 U 34
36 0 U 26
37 1 L 23
38 0 U 36
39 0 U 38
40 0 L 39
41 1 U 40
42 1 U 7
43 0 U 42
44 1 U 36
45 0 U 44
46 1 U 45
47 1 U 1
48
0 0 U -1
1 0 U -1
2 0 U 1
3 0 U 2
4 1 U -1
5 0 L -1
6 0 L 1
7 0 U 6
8 1 L 4
9 1 L 5
10 0 U 9
11 1 U -1
12 1 U -1
13 1 U 12
14 1 U 13
15 1 L -1
16 1 U 15
17 0 U 16
18 1 U -1
19 0 U 0
20 1 U 19
21 0 U 20
22 0 L 6
23 1 U 15
24 0 U -1
25 1 U 24
26 1 U 20
27 0 U 22
28 1 L 14
29 1 L 7
30 1 U -1
31 0 U 25
32 1 L 17
33 0 U 3
34 1 L 26
35 1 U 11
36 0 U 26
37 1 L 23
38 0 U 37
39 0 U 14
40 0 L 39
41 1 U 40
42 0 L 11
43 1 U 3
44 1 U 36
45 0 U 44
46 1 U 45
47 0 L 15
48
0 0 U -1
1 0 U -1
2 0 U 1
3 0 U 2
4 1 U -1
5 0 L -1
6 0 L 1
7 0 U 6
8 1 L 4
9 0 L 4
10 0 U 9
11 0 U 10
12 1 U -1
13 1 U 12
14 1 U 13
15 0 U 12
16 1 U 15
17 0 U 16
18 1 U -1
19 0 L 3
20 1 U 19
21 0 U 20
22 0 L 21
23 1 U 15
24 1 L 3
25 1 L 17
26 1 U 20
27 1 L 24
28 1 L 14
29 1 L 7
30 1 U -1
31 0 U 25
32 1 L 17
33 0 U 3
34 0 U 0
35 0 U 34
36 0 U 26
37 1 L 8
38 0 U 37
39 0 U 38
40 0 L 39
41 1 U 40
42 1 U 7
43 0 U 42
44 1 U 36
45 0 U 44
46 1 U 45
47 1 U 1
48
0 0 U -1
1 0 U -1
2 0 U 1
3 0 U 2
4 1 U -1
5 0 L -1
6 0 L 1
7 0 U 6
8 0 L -1
9 0 L 4
10 0 U 9
11 0 L 8
12 1 U -1
13 1 U 12
14 1 U 13
15 1 L -1
16 1 U 15
17 0 U 16
18 1 U -1
19 0 U 0
20 1 U 19
21 0 U 20
22 0 L 21
23 1 U 15
24 0 U -1
25 1 U 24
26 1 U 20
27 0 U 22
28 1 L 14
29 0 U 4
30 1 U -1
31 0 U 25
32 1 L 17
33 0 U 3
34 1 U 33
35 0 U 34
36 0 U 26
37 1 L 16
38 0 U 37
39 0 U 38
40 0 L 39
41 1 U 40
42 1 U 7
43 0 U 42
44 1 U 36
45 1 L 42
46 1 U 45
47 1 U 1
48
0 0 U -1
1 0 U 0
2 0 U 1
3 0 U 2
4 1 U -1
5 0 L -1
6 0 L 1
7 0 U 6
8 1 L 4
9 0 L 4
10 0 U 9
11 0 U 10
12 1 U -1
13 0 L 1
14 1 U 5
15 1 L -1
16 1 U 15
17 1 U 0
18 1 U -1
19 0 U 0
20 1 U 19
21 0 U 20
22 0 L 6
23 1 U 15
24 0 U -1
25 1 U 24
26 1 L 10
27 0 U 22
28 1 L 14
29 1 L 7
30 1 U -1
31 0 U 25
32 1 L 17
33 0 U 3
34 1 U 33
35 0 U 34
36 0 U 26
37 1 L 23
38 0 U 37
39 0 L 11
40 0 L 39
41 1 U 40
42 1 U 7
43 0 U 42
44 1 U 36
45 1 U 30
46 1 U 45
47 0 U 31
48
0 0 U -1
1 0 U -1
2 0 U 1
3 0 U 2
4 1 U -1
5 0 L -1
6 0 L 1
7 0 U 6
8 1 L 4
9 1 U 7
10 0 U 9
11 0 U 10
12 1 U -1
13 1 U 12
14 1 U 13
15 0 L 13
16 1 U 15
17 0 U 16
18 1 U -1
19 0 L 9
20 1 U 19
21 0 U 20
22 0 L 21
23 1 U 15
24 0 U -1
25 1 U 24
26 1 U 20
27 0 U 22
28 1 L 14
29 1 L 7
30 1 U -1
31 0 U 25
32 1 L 17
33 0 U 3
34 1 U 33
35 0 U 34
36 0 U 26
37 1 L 23
38 0 U 37
39 0 U 38
40 0 L 39
41 1 U 40
42 1 U 7
43 0 U 42
44 1 U 36
45 0 U 44
46 1 U 45
47 1 U 1
48
0 0 U -1
1 0 U -1
2 0 U 1
3 0 U 2
4 1 U -1
5 0 L -1
6 0 L 1
7 0 U 6
8 1 L 4
9 0 L 4
10 0 U 9
11 0 U 10
12 1 U -1
13 1 U 12
14 1 U 13
15 1 L -1
16 1 U 15
17 0 U 16
18 1 U -1
19 0 U 0
20 1 U 19
21 0 U 20
22 0 L 21
23 1 U 15
24 0 U -1
25 1 U 24
26 1 U 20
27 0 U 22
28 1 L 14
29 1 L 7
30 1 U -1
31 0 U 25
32 0 U 12
33 1 L -1
34 1 U 33
35 0 U 34
36 0 U 26
37 1 L 23
38 0 U 37
39 0 U 38
40 0 L 39
41 1 U 40
42 1 U 7
43 0 U 42
44 1 U 36
45 0 U 44
46 1 U 45
47 1 U 30
48
0 0 U -1
1 0 U -1
2 0 U 1
3 0 U 2
4 1 U -1
5 0 L -1
6 0 L 1
7 0 U 6
8 1 U 7
9 0 L 4
10 0 U 9
11 0 U 10
12 1 U -1
13 1 U 12
14 1 U 13
15 1 L -1
16 1 U 15
17 0 U 16
18 0 U 9
19 0 U 0
20 1 U 19
21 0 U 20
22 0 L 21
23 1 U 15
24 0 U -1
25 1 U 24
26 1 U 20
27 0 U 22
28 1 L 14
29 1 L 7
30 1 U -1
31 0 U 25
32 0 U 13
33 0 U 3
34 0 U 19
35 1 L 21
36 0 U 26
37 1 L 23
38 0 U 37
39 0 U 38
40 0 L 39
41 1 U 40
42 1 U 7
43 0 U 42
44 1 U 36
45 0 U 44
46 1 U 45
47 1 U 1
48
0 0 U -1
1 0 L 0
2 0 U 1
3 0 U 2
4 1 U -1
5 0 L -1
6 0 L 1
7 0 U 6
8 1 L 4
9 0 L 4
10 0 U 9
11 0 U 10
12 1 U -1
13 1 U 12
14 1 U 13
15 1 L -1
16 1 U 15
17 0 U 16
18 1 U -1
19 0 U 0
20 1 U 14
21 0 U 20
22 0 L 21
23 1 U 15
24 0 U -1
25 1 U 24
26 1 U 20
27 0 U 22
28 1 L 14
29 1 L 7
30 1 U -1
31 0 U 3
32 1 L 17
33 0 U 3
34 1 U 33
35 0 U 34
36 0 U 26
37 1 L 23
38 0 L 0
39 0 U 38
40 0 L 39
41 1 U 40
42 1 U 7
43 0 U 42
44 1 U 36
45 0 U 44
46 1 U 45
47 1 U 1
48
0 0 U -1
1 0 U -1
2 1 L 1
3 0 U 2
4 1 U -1
5 0 L -1
6 0 L 1
7 0 U 6
8 1 L 4
9 0 L 4
10 0 U 4
11 0 U 10
12 1 U -1
13 1 U 12
14 1 U 13
15 1 L -1
16 1 U 15
17 0 U 16
18 1 U -1
19 0 U 0
20 1 U 19
21 0 U 20
22 0 L 21
23 1 U 15
24 0 U -1
25 1 U 24
26 1 U 20
27 0 U 12
28 1 L 14
29 1 L 7
30 1 U -1
31 0 U 25
32 1 L 17
33 0 U 3
34 1 U 33
35 0 U 34
36 0 U 26
37 1 L 23
38 0 L 37
39 0 U 38
40 0 L 39
41 1 U 40
42 1 U 7
43 0 U 42
44 1 L 43
45 0 L 33
46 1 U 45
47 1 U 1
48
0 0 U -1
1 0 U -1
2 0 U 1
3 0 U 2
4 1 U -1
5 0 L -1
6 0 L 1
7 0 U 6
8 1 L 4
9 0 L 4
10 0 U 9
11 0 U 10
12 1 U -1
13 1 U 12
14 1 U 13
15 1 L -1
16 0 L 11
17 0 U 16
18 1 U -1
19 0 U 0
20 1 U 19
21 0 U 20
22 0 L 21
23 1 U 15
24 0 U -1
25 1 U 24
26 1 U 20
27 0 U 22
28 1 L 14
29 1 L 7
30 1 U -1
31 0 U 25
32 1 L 17
33 0 U 3
34 1 U 33
35 0 U 34
36 0 U 26
37 1 L 23
38 0 U 37
39 0 U 38
40 0 L 39
41 1 U 40
42 1 U 7
43 0 U 42
44 1 U 36
45 0 U 44
46 1 U 45
47 1 U 1
48
0 0 U -1
1 0 U -1
2 0 U 1
3 0 U 2
4 0 L 3
5 0 L -1
6 0 L 1
7 0 U 6
8 1 L 4
9 0 L 4
10 1 L 9
11 0 U 10
12 1 L 4
13 0 U -1
14 1 U 13
15 1 L -1
16 1 U 15
17 1 L 15
18 1 U -1
19 0 U 0
20 1 U 19
21 0 U 20
22 0 L 21
23 1 U 15
24 0 U -1
25 1 U 19
26 1 U 20
27 0 U 22
28 1 L 14
29 1 L 7
30 1 U -1
31 0 U 25
32 1 L 17
33 0 U 3
34 1 U 33
35 0 U 34
36 0 U 26
37 1 L 23
38 0 U 24
39 0 U 38
40 0 L 39
41 1 U 40
42 1 U 7
43 0 U 42
44 1 U 31
45 0 U 44
46 1 U 45
47 1 U 1
48
0 0 U -1
1 0 U -1
2 0 U 1
3 0 U 2
4 1 U -1
5 0 L -1
6 1 U 4
7 0 U 6
8 0 L 1
9 0 L 4
10 0 U 9
11 0 U 10
12 1 U -1
13 1 U 12
14 1 U 13
15 1 L -1
16 1 U 15
17 0 U 16
18 1 U -1
19 0 U 0
20 1 U 19
21 0 U 20
22 0 L 21
23 1 U 15
24 0 U -1
25 1 U 24
26 1 U 20
27 1 L 6
28 1 L 14
29 1 L 7
30 1 U -1
31 0 U 25
32 1 L 17
33 1 U 10
34 1 U 33
35 0 U 34
36 0 U 26
37 1 L 34
38 0 U 37
39 0 U 38
40 0 L 39
41 1 U 40
42 1 U 7
43 0 U 42
44 1 U 36
45 0 U 44
46 1 U 45
47 1 U 1
48
0 0 L -1
1 0 U -1
2 0 U 1
3 0 L -1
4 1 U -1
5 0 L -1
6 0 L 1
7 1 U 0
8 1 L 4
9 0 L 4
10 0 U 9
11 0 U 10
12 1 U -1
13 1 U 12
14 1 U 13
15 1 L -1
16 0 L 4
17 0 U 16
18 0 L 2
19 0 U 0
20 1 U 19
21 0 U 20
22 0 L 21
23 1 U 15
24 0 U -1
25 1 U 24
26 1 U 20
27 0 U 22
28 1 L 14
29 1 L 7
30 1 U -1
31 0 U 18
32 1 L 17
33 0 U 3
34 1 U 33
35 0 U 34
36 0 U 26
37 1 L 23
38 0 U 37
39 1 L 36
40 0 L 39
41 1 U 40
42 1 U 7
43 0 U 42
44 1 U 36
45 0 L 44
46 1 U 29
47 0 L 25
48
0 0 U -1
1 0 U -1
2 0 U 1
3 0 U 2
4 1 U -1
5 0 L -1
6 0 L 1
7 0 U 6
8 1 L 4
9 0 L 4
10 1 U -1
11 0 U 10
12 1 U -1
13 1 U 12
14 1 U 13
15 1 L -1
16 1 U 15
17 0 U 16
18 1 U -1
19 1 L 10
20 1 U 19
21 0 U 20
22 0 L 21
23 1 U 15
24 0 U -1
25 1 U 24
26 1 U 20
27 0 U 22
28 1 L 14
29 0 U 17
30 1 U -1
31 0 U 25
32 0 L -1
33 0 U 3
34 0 U 15
35 0 U 34
36 0 U 26
37 1 L 23
38 0 U 37
39 0 U 38
40 0 L 39
41 1 U 40
42 1 U 7
43 0 U 42
44 1 U 36
45 0 U 44
46 1 U 45
47 0 U 46
48
0 0 U -1
1 0 U -1
2 0 U 1
3 0 U 1
4 1 U -1
5 0 L -1
6 0 L 1
7 0 U 6
8 0 U 6
9 0 L 4
10 0 U 9
11 1 L -1
12 1 U -1
13 1 U 12
14 1 U 13
15 1 L -1
16 0 L 7
17 0 U 16
18 1 U -1
19 0 U 0
20 1 U 19
21 0 U 20
22 1 U 18
23 1 U 15
24 0 U -1
25 1 U 24
26 1 U 20
27 0 U 22
28 1 L 14
29 1 L 7
30 1 U -1
31 0 U 25
32 1 L 17
33 0 U 3
34 1 U 33
35 0 U 34
36 0 U 26
37 1 L 23
38 0 U 37
39 0 U 38
40 0 L 39
41 1 U 40
42 1 U 7
43 0 U 42
44 1 U 36
45 0 U 44
46 1 U 45
47 1 U 1
48
0 0 U -1
1 0 U -1
2 0 U 0
3 0 U 2
4 1 U -1
5 0 L -1
6 0 L 1
7 0 U 6
8 1 L 4
9 0 L 4
10 0 U 9
11 0 U 10
12 1 U -1
13 1 U 12
14 1 U 13
15 1 L -1
16 1 U 15
17 0 L 5
18 1 U -1
19 0 U 0
20 1 U 19
21 0 U 20
22 0 U 0
23 0 L 2
24 0 U -1
25 1 U 24
26 1 U 20
27 0 U 22
28 1 L 14
29 1 L 7
30 1 U -1
31 0 U 25
32 1 L 17
33 0 U 3
34 1 U 33
35 0 U 34
36 0 U 26
37 1 L 23
38 0 U 37
39 0 U 38
40 0 L 39
41 1 U 40
42 1 U 7
43 0 U 42
44 1 U 36
45 0 U 44
46 1 U 45
47 1 U 1
48
0 0 U -1
1 0 U -1
2 0 U 1
3 0 L 2
4 1 U -1
5 0 L -1
6 0 L 1
7 0 U 6
8 1 L 4
9 0 L 4
10 0 U 9
11 0 L 8
12 0 L 6
13 1 U 12
14 1 U 13
15 1 L -1
16 1 U 15
17 0 U 16
18 1 U -1
19 0 U 0
20 1 U 19
21 0 U 20
22 0 L 21
23 1 U 15
24 0 U -1
25 1 U 24
26 1 U 20
27 0 U 22
28 1 L 14
29 1 L 7
30 1 U -1
31 0 U 25
32 1 L 17
33 0 U 3
34 1 U 33
35 0 U 34
36 0 U 26
37 1 L 23
38 0 U 37
39 0 U 38
40 0 L 39
41 1 L 16
42 0 U 40
43 0 U 42
44 1 U 36
45 0 U 44
46 0 L 41
47 1 U 1
48
0 1 L -1
1 0 U -1
2 0 U 1
3 0 U 2
4 1 U -1
5 1 U 4
6 0 L 1
7 0 U 6
8 1 L 4
9 0 L 4
10 0 U 9
11 0 U 10
12 1 U -1
13 1 U 12
14 1 U 13
15 1 L -1
16 1 U 15
17 0 U 16
18 1 U -1
19 0 U 0
20 1 U -1
21 0 U 20
22 0 L 21
23 1 U 15
24 0 U -1
25 1 U 24
26 1 U 20
27 0 U 22
28 1 L 14
29 0 U 13
30 1 U 13
31 0 U 25
32 1 L 17
33 0 U 3
34 1 U 33
35 1 L 3
36 0 U 26
37 1 L 23
38 0 U 37
39 0 U 38
40 0 L 39
41 1 U 40
42 1 U 7
43 0 U 42
44 1 U 36
45 0 U 44
46 1 U 45
47 1 U 1
48
0 0 L -1
1 0 U -1
2 0 U 1
3 1 L 1
4 1 U -1
5 0 L -1
6 0 U 1
7 0 U 6
8 1 L 4
9 0 L 4
10 0 U 9
11 0 U 6
12 1 U -1
13 1 U 12
14 1 U 13
15 1 L -1
16 1 U 15
17 0 U 16
18 1 U -1
19 0 U 0
20 0 U 13
21 1 L 14
22 0 L 21
23 1 U 15
24 1 U 14
25 1 U 24
26 1 U 20
27 0 U 22
28 1 L 14
29 1 L 19
30 0 U 12
31 0 U 25
32 1 L 17
33 0 U 3
34 1 U 33
35 0 U 34
36 0 U 26
37 1 L 23
38 0 U 37
39 0 U 38
40 0 L 39
41 1 U 40
42 1 U 7
43 1 U 5
44 1 U 36
45 0 U 44
46 1 U 45
47 1 U 1
48
0 0 U -1
1 0 U -1
2 0 U 1
3 0 U 2
4 1 U -1
5 0 U -1
6 0 L 1
7 0 U 6
8 1 L 4
9 0 L 4
10 0 U 9
11 1 U 6
12 1 U -1
13 0 L 9
14 1 U 13
15 1 L -1
16 1 U 15
17 0 U 16
18 0 U 1
19 0 U 0
20 1 U 19
21 0 U 20
22 0 L 21
23 1 U 15
24 0 U -1
25 1 L 7
26 1 U 20
27 0 U 22
28 1 L 14
29 1 L 7
30 1 U -1
31 0 U 25
32 0 U 1
33 0 U 3
34 1 U 33
35 0 U 34
36 0 U 26
37 1 L 23
38 0 U 37
39 0 L 14
40 0 L 39
41 0 L 36
42 1 U 7
43 0 L 31
44 1 U 36
45 0 U 44
46 0 L 28
47 1 U 1
48
0 0 U -1
1 0 U -1
2 0 U 1
3 0 U 2
4 1 U -1
5 0 L -1
6 0 L 1
7 0 U 6
8 1 L 4
9 0 L 4
10 0 U 9
11 0 U 10
12 1 U -1
13 1 U 12
14 1 U 13
15 1 L -1
16 1 U 15
17 0 U 16
18 1 U -1
19 0 U 0
20 0 L 11
21 0 U 20
22 0 L 21
23 1 U 15
24 0 U 17
25 1 U 24
26 1 U 20
27 0 U 16
28 1 L 14
29 1 L 7
30 1 U -1
31 0 U 25
32 1 L 17
33 0 U 3
34 1 U 33
35 0 U 34
36 0 U 26
37 1 L 23
38 0 U 37
39 0 U 38
40 0 L 39
41 1 U 40
42 1 U 7
43 0 U 42
44 1 U 36
45 0 U 44
46 1 U 45
47 1 U 1
48
0 0 U -1
1 0 U -1
2 0 U 1
3 0 U 2
4 1 U -1
5 0 L -1
6 0 L 1
7 0 U 6
8 1 L 4
9 0 L 4
10 0 U 9
11 0 U 10
12 1 U -1
13 1 U 12
14 1 U 13
15 1 L -1
16 0 L -1
17 0 U 16
18 1 U -1
19 0 U 0
20 1 L 1
21 0 U 20
22 0 U 14
23 1 U 15
24 0 U -1
25 1 U 24
26 0 U -1
27 0 U 22
28 1 L 14
29 1 L 7
30 1 U -1
31 0 U 25
32 1 L 17
33 0 U 3
34 1 U 33
35 0 U 34
36 0 U 26
37 1 L 23
38 0 U 37
39 0 U 38
40 0 L 39
41 1 U 40
42 1 U 15
43 0 U 42
44 1 U 36
45 0 U 44
46 1 U 45
47 1 U 1
48
0 0 U -1
1 0 U -1
2 0 U 1
3 0 U 2
4 1 U -1
5 0 L -1
6 0 L 1
7 0 U 6
8 1 L 4
9 1 L 6
10 0 U 9
11 0 U 10
12 1 U -1
13 1 U 12
14 1 U 13
15 1 L -1
16 1 U 15
17 0 U 16
18 1 U -1
19 0 U 0
20 1 U 19
21 0 U 20
22 0 L 21
23 1 U 15
24 0 U -1
25 1 U 24
26 1 U 20
27 0 U 22
28 1 L 14
29 0 L 9
30 1 U -1
31 0 U 25
32 1 L 17
33 0 U 3
34 1 U 33
35 0 U 18
36 0 U 26
37 0 L 15
38 0 U 37
39 0 U 38
40 0 L 39
41 1 U 40
42 1 U 7
43 0 U 42
44 1 U 36
45 0 U 44
46 1 U 45
47 1 U 1
48
0 0 U -1
1 0 U -1
2 0 U 1
3 0 U 2
4 1 U -1
5 0 L -1
6 0 L 1
7 0 U 6
8 1 L 4
9 0 L 4
10 0 U 2
11 0 U 10
12 1 U -1
13 1 U 12
14 1 U 13
15 1 L -1
16 1 U 15
17 0 U 16
18 1 U -1
19 0 U 0
20 1 U 19
21 0 U 20
22 0 L 21
23 1 U 15
24 0 U -1
25 1 U 24
26 1 U 20
27 0 U 22
28 1 L 14
29 1 L 7
30 1 U -1
31 0 U 25
32 1 L 17
33 0 U 3
34 1 U 33
35 0 U 34
36 0 U 26
37 1 L 23
38 0 U 37
39 0 U 38
40 0 L 39
41 1 U 40
42 1 U 7
43 0 U 42
44 1 U 36
45 0 U 44
46 1 U 45
47 1 U 1
48
0 0 U -1
1 0 U -1
2 0 U 1
3 0 U 2
4 1 U -1
5 0 L -1
6 0 L 1
7 0 U 6
8 1 L 4
9 0 L 4
10 0 U 9
11 0 U 10
12 1 U -1
13 1 L 10
14 1 U 13
15 1 L -1
16 1 U 15
17 0 U 16
18 0 L 16
19 0 U 0
20 1 L 8
21 0 U 20
22 0 L 21
23 1 U 15
24 0 U -1
25 1 U 24
26 0 U 14
27 0 U 22
28 1 L 14
29 1 L 7
30 1 U -1
31 0 U 25
32 1 L 17
33 0 U 3
34 1 U 33
35 0 U 34
36 0 U 26
37 1 L 23
38 0 U 37
39 0 U 38
40 0 L 39
41 0 L 0
42 1 U 7
43 0 U 42
44 1 U 36
45 0 U 44
46 1 U 45
47 1 U 1
48
0 0 U -1
1 0 U -1
2 0 U 1
3 0 U 2
4 1 U -1
5 0 L -1
6 0 L 1
7 0 U 6
8 1 L 4
9 0 L 4
10 0 U 9
11 0 U 10
12 1 U -1
13 1 U 12
14 1 U 13
15 1 L -1
16 1 U 15
17 0 U 16
18 1 U -1
19 0 U 0
20 1 U 19
21 0 U 20
22 0 L 21
23 1 U 15
24 1 L 23
25 1 U 24
26 1 U 20
27 0 U 22
28 1 L 14
29 1 L 7
30 1 U -1
31 0 U 25
32 1 L 17
33 0 U 3
34 1 U 33
35 0 U 34
36 0 U 26
37 1 L 23
38 0 U 37
39 0 U 38
40 0 L 39
41 1 U 40
42 1 U 7
43 0 U 42
44 1 U 36
45 1 L 40
46 0 L 29
47 1 U 1
48
0 0 U -1
1 0 U -1
2 0 U 1
3 0 U 2
4 1 U -1
5 0 L -1
6 0 L 1
7 0 U 6
8 1 L 4
9 0 L 4
10 0 U 9
11 0 U 10
12 1 U -1
13 1 U 12
14 1 U 13
15 0 U 7
16 1 U 15
17 0 U 16
18 1 U -1
19 0 U 0
20 1 U 19
21 0 U 20
22 0 L 21
23 1 U 15
24 0 U -1
25 1 U 24
26 1 U 20
27 0 U 22
28 1 U -1
29 1 L 7
30 1 U -1
31 0 U 30
32 1 L 17
33 0 U 3
34 1 U 33
35 0 U 34
36 0 U 26
37 1 L 23
38 0 U 37
39 0 L 35
40 0 L 39
41 1 U 40
42 1 U 7
43 0 U 42
44 1 U 36
45 0 U 44
46 1 U 45
47 1 U 1
48
0 0 U -1
1 0 U -1
2 1 L 1
3 0 U 2
4 1 U -1
5 0 L -1
6 0 U 3
7 0 U 6
8 1 L 4
9 0 L 4
10 0 U 9
11 0 U 10
12 1 U -1
13 1 U 12
14 1 U 13
15 1 L -1
16 1 U 15
17 0 U 16
18 1 U -1
19 0 U 0
20 1 U 19
21 0 U 20
22 0 L 21
23 1 U 15
24 0 U -1
25 1 U 24
26 1 U 20
27 0 U 22
28 1 L 23
29 1 L 7
30 1 U -1
31 0 U 25
32 1 L 17
33 0 U 3
34 1 U 33
35 0 L 26
36 0 U 25
37 1 L 23
38 0 U 37
39 0 U 38
40 0 L 39
41 1 U 40
42 1 U 7
43 1 L 24
44 1 U 36
45 0 U 44
46 1 U 45
47 1 U 1
48
0 0 U -1
1 0 U -1
2 0 U 1
3 0 U 2
4 1 U -1
5 0 L -1
6 1 L -1
7 0 U 6
8 1 L 4
9 0 L 4
10 0 U 9
11 0 U 10
12 1 U -1
13 1 U 12
14 1 U 13
15 0 L 6
16 1 U 15
17 0 U 16
18 1 U -1
19 0 U 0
20 1 U 19
21 0 U 20
22 0 L 21
23 1 L 7
24 0 U -1
25 0 U 11
26 1 U 9
27 0 U 22
28 1 L 14
29 1 L 7
30 1 U -1
31 0 U 25
32 1 L 17
33 0 U 3
34 1 U 33
35 0 U 34
36 0 U 26
37 1 L 23
38 0 U 37
39 0 U 38
40 0 L 39
41 1 U 40
42 1 U 7
43 0 U 42
44 1 U 36
45 0 U 44
46 1 U 45
47 1 U 1
48
0 0 U -1
1 0 U -1
2 0 U 1
3 0 U 2
4 1 U -1
5 0 L -1
6 0 L 3
7 0 U 6
8 1 L 4
9 0 L 4
10 0 U 9
11 0 U 10
12 1 U -1
13 0 L 9
14 1 U 13
15 1 L -1
16 1 U 15
17 0 U 16
18 1 U -1
19 0 U 0
20 1 L 8
21 0 U 20
22 0 L 21
23 1 U 15
24 0 U -1
25 1 U 24
26 1 U 20
27 0 U 22
28 1 L 14
29 1 L 7
30 1 U -1
31 0 U 25
32 1 L 17
33 0 U 3
34 0 L 20
35 0 U 34
36 0 U 26
37 1 L 23
38 1 U 28
39 0 U 38
40 0 L 39
41 1 U 40
42 1 U 7
43 0 U 42
44 1 U 36
45 0 U 44
46 1 U 45
47 1 U 1
48
0 0 U -1
1 0 U -1
2 0 U 1
3 0 U 2
4 1 U -1
5 0 U -1
6 1 L 5
7 0 U 6
8 1 L 4
9 0 L 4
10 0 U 9
11 1 U 1
12 1 U -1
13 1 U 12
14 1 U 13
15 1 L -1
16 0 L -1
17 0 U 16
18 1 U -1
19 0 U 0
20 1 U 19
21 0 L 4
22 0 L 21
23 0 U 8
24 0 U -1
25 1 L 2
26 1 U 20
27 0 U 22
28 0 U 25
29 1 L 7
30 1 U -1
31 0 U 25
32 1 L 17
33 0 U 3
34 1 U 33
35 0 U 34
36 0 U 26
37 1 L 23
38 0 U 37
39 0 U 38
40 0 L 39
41 1 U 40
42 1 U 7
43 0 U 42
44 1 U 36
45 0 U 44
46 1 U 45
47 1 U 1
48
0 0 U -1
1 0 U -1
2 0 U 1
3 0 U 2
4 1 U -1
5 0 L -1
6 0 L 1
7 0 U 6
8 1 L 4
9 0 L 4
10 0 U 9
11 1 U 7
12 1 U -1
13 1 U 12
14 1 U 13
15 1 L -1
16 0 U 12
17 0 U 16
18 1 U -1
19 0 U 0
20 1 U 19
21 0 U 20
22 0 L 21
23 1 U 15
24 0 U -1
25 1 U 24
26 1 U 20
27 0 U 22
28 1 L 14
29 1 L 7
30 1 U -1
31 0 L 2
32 1 L 17
33 0 U 3
34 0 L 12
35 0 U 34
36 0 U 26
37 1 L 23
38 0 U 37
39 0 U 38
40 0 L 39
41 1 U 40
42 1 U 7
43 0 U 42
44 1 U 36
45 0 U 44
46 1 U 45
47 1 U 1
48
0 0 U -1
1 0 U -1
2 0 U 1
3 0 U 2
4 1 U -1
5 0 L -1
6 0 L 1
7 0 U 6
8 1 L 4
9 0 L 4
10 0 U 9
11 0 U 10
12 1 U -1
13 1 U 12
14 1 U 13
15 1 L -1
16 1 U 15
17 0 U 16
18 1 U -1
19 0 U 0
20 1 U 19
21 0 U 20
22 0 L 21
23 1 U 15
24 0 U -1
25 1 U 24
26 1 U 20
27 0 U 22
28 1 L 14
29 1 L 7
30 0 U 27
31 0 U 25
32 1 L 17
33 0 U 3
34 1 U 33
35 0 U 34
36 0 U 26
37 1 L 23
38 0 U 37
39 0 U 38
40 0 L 39
41 1 U 40
42 1 U 37
43 0 U 42
44 1 U 36
45 0 U 41
46 1 U 45
47 1 U 1
48
0 0 U -1
1 0 U -1
2 0 U 1
3 0 U 2
4 1 U -1
5 0 L -1
6 0 L 1
7 0 U 6
8 1 L 4
9 0 L 4
10 0 U 9
11 0 U 10
12 1 U -1
13 1 U 12
14 1 L 5
15 1 L -1
16 1 U 15
17 0 U 16
18 1 U -1
19 0 U 0
20 1 U 19
21 0 U 20
22 0 L 21
23 1 U 15
24 0 L 13
25 1 U 24
26 1 U 20
27 0 U 22
28 1 L 14
29 1 L 7
30 1 U -1
31 0 U 25
32 1 L 17
33 0 U 3
34 1 U 33
35 0 U 34
36 0 U 26
37 1 L 23
38 0 U 37
39 0 U 38
40 0 L 39
41 1 U 40
42 1 U 7
43 0 U 42
44 1 U 36
45 0 U 44
46 1 U 45
47 1 U 31
48
0 0 U -1
1 0 U -1
2 0 U 1
3 0 U 2
4 1 U -1
5 0 L -1
6 0 U 2
7 0 U 6
8 1 L 4
9 0 L 4
10 0 U 9
11 0 U 10
12 1 U -1
13 1 U 12
14 1 U 13
15 1 L -1
16 1 U 15
17 0 U 16
18 1 U -1
19 0 U 0
20 1 U 19
21 0 U 20
22 0 L 21
23 1 U 15
24 0 U -1
25 1 U 24
26 1 U 20
27 0 U 22
28 0 L 16
29 1 L 7
30 0 U 15
31 0 U 25
32 1 L 17
33 0 L 18
34 1 U 33
35 0 U 34
36 0 U 26
37 1 L 23
38 0 U 37
39 0 L 32
40 0 L 39
41 1 U 40
42 1 U 7
43 0 U 42
44 1 U 36
45 0 U 44
46 1 U 45
47 0 L 25
48
0 0 U -1
1 0 U -1
2 0 U 1
3 0 U 2
4 1 U -1
5 0 L -1
6 0 L 1
7 0 U 6
8 1 L 4
9 0 L 4
10 0 U 9
11 0 U 10
12 1 U -1
13 1 U 12
14 1 U 13
15 1 L -1
16 1 U 15
17 0 U 16
18 1 U -1
19 0 U 0
20 1 U 19
21 0 U 20
22 0 L 21
23 1 U 15
24 0 U -1
25 1 U 24
26 1 U 20
27 0 U 22
28 1 L 14
29 1 L 7
30 0 L 16
31 0 U 25
32 1 L 17
33 0 U 3
34 1 U 33
35 0 U 32
36 1 L 21
37 1 L 23
38 0 U 37
39 1 L 8
40 0 L 39
41 1 U 40
42 1 U 7
43 0 U 42
44 1 U 36
45 0 U 44
46 1 U 45
47 1 U 1
48
0 0 U -1
1 0 U -1
2 0 U 1
3 0 U 2
4 1 U -1
5 0 L -1
6 0 L 1
7 0 U 6
8 1 L 4
9 0 L 4
10 0 U 9
11 0 U 10
12 1 U -1
13 1 U 12
14 0 L 9
15 1 L -1
16 1 L 8
17 0 U 16
18 1 U -1
19 0 U -1
20 1 U 19
21 0 U 20
22 0 L 21
23 1 U 15
24 0 U -1
25 1 U 24
26 1 U 20
27 0 U 22
28 1 L 14
29 1 L 7
30 1 U -1
31 0 U 25
32 1 L 17
33 0 U 3
34 1 U 33
35 0 U 34
36 0 U 26
37 1 L 23
38 0 U 11
39 0 U 38
40 1 L 2
41 1 U 40
42 1 U 7
43 0 U 42
44 1 U 36
45 0 U 44
46 1 U 45
47 1 U 1
48
0 0 U -1
1 0 U -1
2 0 U 1
3 0 U 2
4 1 U -1
5 1 L -1
6 0 L 1
7 0 L 5
8 1 L 4
9 0 L 4
10 0 U 9
11 0 U 10
12 1 U -1
13 1 U 6
14 1 U 13
15 0 L 13
16 1 U 15
17 0 U 16
18 1 L 12
19 0 U 0
20 1 U 19
21 0 U 20
22 0 L 21
23 1 U 15
24 0 U -1
25 1 U 24
26 1 U 20
27 0 U 22
28 1 L 14
29 1 L 7
30 1 U -1
31 0 U 25
32 1 L 17
33 0 U 3
34 1 U 33
35 0 U 34
36 0 U 26
37 1 L 23
38 0 U 37
39 0 U 38
40 0 L 39
41 1 U 40
42 1 L 35
43 0 U 42
44 1 U 36
45 1 L 30
46 1 U 45
47 1 U 22
48
0 0 U -1
1 0 U -1
2 0 U 1
3 0 L 0
4 1 U -1
5 0 L -1
6 1 U -1
7 0 L 5
8 1 L 4
9 0 L 4
10 0 U 9
11 0 U 10
12 1 U -1
13 1 L 10
14 1 U 13
15 1 L -1
16 1 U 15
17 0 U 16
18 1 U -1
19 0 U 0
20 1 U 19
21 0 U 20
22 0 L 21
23 1 U 15
24 0 U -1
25 1 U 24
26 1 U 20
27 1 L 11
28 1 L 14
29 1 L 7
30 1 U -1
31 0 U 25
32 1 U 30
33 0 U 3
34 1 U 33
35 0 U 34
36 0 U 26
37 1 L 23
38 0 U 37
39 0 U 38
40 0 L 39
41 1 U 40
42 1 U 7
43 0 U 42
44 1 U 36
45 0 U 44
46 1 U 45
47 1 U 1
48
0 0 U -1
1 0 U -1
2 0 U 1
3 0 U 2
4 1 U -1
5 0 L -1
6 1 L 0
7 0 U 6
8 1 U 7
9 0 L 4
10 0 U 9
11 0 U 10
12 1 U -1
13 1 U 12
14 1 U 13
15 1 L -1
16 1 U 15
17 0 U 16
18 1 U -1
19 0 U 0
20 1 U 19
21 0 U 20
22 0 L 21
23 1 U 15
24 0 U -1
25 1 U 24
26 1 U 20
27 0 U 22
28 1 L 14
29 1 L 7
30 1 U -1
31 0 U 25
32 1 L 17
33 0 U 3
34 1 U 33
35 0 U 34
36 0 U 26
37 1 L 23
38 0 U 37
39 0 U 38
40 1 L 0
41 1 U 40
42 1 L 3
43 0 U 42
44 1 U 36
45 0 U 44
46 1 U 45
47 1 U 1
48
0 0 U -1
1 0 U -1
2 0 U 1
3 0 U 2
4 1 U -1
5 0 L -1
6 0 L 1
7 0 U 6
8 1 L 4
9 0 L 4
10 0 L 2
11 0 U 10
12 1 U -1
13 1 U 11
14 1 U 13
15 1 L -1
16 1 U 15
17 0 U 16
18 1 U -1
19 0 U 0
20 1 U 19
21 1 L 13
22 0 L 21
23 1 U 15
24 0 U -1
25 1 U 24
26 1 U 20
27 0 U 22
28 1 L 14
29 1 L 7
30 1 U -1
31 0 U 25
32 1 L 17
33 0 U 3
34 1 U 33
35 0 U 34
36 0 U 26
37 1 L 23
38 0 U 37
39 0 U 38
40 0 U -1
41 1 U 40
42 1 U 7
43 0 U 42
44 1 U 36
45 0 U 44
46 1 U 45
47 1 U 1
48
0 0 U -1
1 1 L -1
2 0 U 1
3 0 U 2
4 1 U -1
5 0 L 2
6 0 L 1
7 0 U 6
8 1 U 0
9 0 L 4
10 0 U 9
11 0 U 10
12 1 U -1
13 0 U 4
14 0 L 10
15 1 L -1
16 1 U 15
17 0 U 16
18 1 U -1
19 0 U 0
20 1 U 19
21 0 U 20
22 0 L 21
23 1 U 15
24 0 U -1
25 1 U 24
26 1 U 20
27 0 U 22
28 1 L 14
29 1 L 7
30 1 U -1
31 0 U 25
32 1 L 17
33 1 L 31
34 1 U 33
35 0 U 34
36 0 U 26
37 1 L 23
38 0 U 37
39 0 U 38
40 0 U -1
41 1 U 40
42 1 U 7
43 0 U 42
44 1 U 36
45 0 U 44
46 1 U 45
47 1 U 1
48
0 0 U -1
1 0 U -1
2 0 U 1
3 0 U 2
4 1 U -1
5 0 L -1
6 0 L 1
7 0 U 6
8 1 L 4
9 0 L 4
10 0 U 9
11 0 U 10
12 1 U -1
13 1 U 12
14 1 U 13
15 1 L -1
16 1 U 15
17 1 L 11
18 1 U -1
19 0 U 0
20 1 U 19
21 0 U 20
22 1 U 8
23 1 U 15
24 0 U -1
25 1 U 24
26 1 U 20
27 0 U 22
28 1 L 14
29 1 L 7
30 1 U -1
31 0 U 25
32 1 L 17
33 0 U 3
34 1 U 18
35 0 U 34
36 0 U 26
37 1 L 23
38 1 L 13
39 0 U 38
40 0 L 39
41 1 U 40
42 1 U 7
43 0 U 42
44 1 U 36
45 0 U 44
46 1 U 45
47 1 U 1
48
0 0 U -1
1 0 U -1
2 0 U 1
3 0 U 2
4 1 U -1
5 0 L 0
6 0 L 1
7 0 U 6
8 1 L 4
9 0 L 4
10 0 U 9
11 0 U 10
12 1 L 10
13 1 U 12
14 1 U 13
15 1 U 1
16 1 U 15
17 1 L 9
18 1 U -1
19 0 U 0
20 1 U 19
21 1 U 9
22 0 L 21
23 1 U 15
24 0 U -1
25 1 U 24
26 1 U 8
27 1 L 14
28 1 L 14
29 1 L 7
30 1 U -1
31 0 U 25
32 0 L 26
33 0 U 3
34 1 U 33
35 0 U 34
36 0 U 26
37 1 L 23
38 0 U 37
39 0 U 38
40 0 L 39
41 1 U 40
42 1 U 26
43 0 U 42
44 1 U 36
45 0 U 44
46 1 U 45
47 1 U 1
48
0 0 U -1
1 0 U -1
2 0 U 1
3 0 U 2
4 1 U -1
5 0 L -1
6 0 L 1
7 0 U 6
8 1 L 4
9 0 L 8
10 0 U 9
11 0 U 10
12 1 L 1
13 1 U 12
14 1 U 13
15 1 L -1
16 1 U 15
17 0 U 16
18 0 U 10
19 0 U 0
20 1 U 19
21 0 U 20
22 0 L 21
23 1 U 15
24 0 U -1
25 1 U 24
26 1 U 20
27 0 U 22
28 1 L 14
29 1 L 7
30 1 U -1
31 0 U 25
32 1 L 17
33 0 U 3
34 1 U 33
35 0 U 34
36 0 U 26
37 1 L 23
38 0 U 37
39 0 U 38
40 0 L 39
41 1 U 40
42 1 U 7
43 0 U 42
44 1 U 36
45 0 U 44
46 1 U 45
47 1 U 1
48
0 0 U -1
1 0 U -1
2 0 U 1
3 0 L -1
4 1 U -1
5 0 L -1
6 0 L 1
7 0 U 6
8 1 L 4
9 0 L 4
10 1 U 1
11 1 U 8
12 1 U -1
13 1 U 12
14 0 U -1
15 1 L -1
16 1 U 15
17 0 U 16
18 1 U -1
19 0 U 0
20 0 U 4
21 0 U 20
22 1 L 18
23 1 U 15
24 0 U -1
25 1 U 24
26 1 U 20
27 0 L 11
28 1 L 14
29 1 L 7
30 1 U -1
31 0 U 25
32 1 L 17
33 0 U 3
34 1 U 33
35 0 U 34
36 1 L 20
37 1 L 23
38 1 L 26
39 0 U 38
40 0 L 39
41 1 U 40
42 1 U 7
43 0 U 42
44 1 U 36
45 0 U 44
46 1 U 45
47 1 U 1
48
0 0 U -1
1 0 U -1
2 1 U 1
3 0 U 2
4 1 U -1
5 0 L -1
6 0 U 2
7 0 U 6
8 1 L 4
9 0 L 4
10 0 U 9
11 0 U 10
12 1 U -1
13 1 U 12
14 1 U 13
15 1 L 5
16 1 U 15
17 0 U 16
18 1 U -1
19 0 U 0
20 1 U 9
21 0 U 20
22 0 L 4
23 1 U 15
24 0 U -1
25 1 U 24
26 0 U 13
27 1 L 15
28 1 L 14
29 1 L 7
30 1 U -1
31 0 U 25
32 1 L 17
33 0 U 3
34 1 U 33
35 0 U 34
36 0 U 26
37 1 L 23
38 0 U 32
39 1 U 38
40 0 L 39
41 1 U 40
42 1 L 2
43 0 U 42
44 1 U 36
45 0 U 44
46 1 U 45
47 1 U 1
48
0 0 U -1
1 0 U -1
2 0 U 1
3 0 U 2
4 1 U -1
5 0 L -1
6 0 L 1
7 0 U 6
8 1 L 4
9 0 L 4
10 0 U 9
11 0 U 10
12 1 U -1
13 1 U 12
14 1 U 13
15 1 L -1
16 1 U 15
17 0 U 16
18 1 U -1
19 1 L 16
20 1 U 19
21 0 U 20
22 0 L 21
23 1 U 1
24 0 U -1
25 1 U 24
26 1 L 13
27 0 U 22
28 1 L 21
29 1 L 7
30 1 U -1
31 0 U 25
32 1 L 17
33 0 L 22
34 1 U 33
35 0 U 34
36 0 U 26
37 1 L 23
38 0 L 11
39 0 U 38
40 0 L 39
41 1 U 40
42 1 U 7
43 0 U 42
44 1 U 36
45 0 U 44
46 1 U 45
47 1 U 1
48
0 0 U -1
1 0 U -1
2 0 U 1
3 0 U 2
4 1 U -1
5 0 L -1
6 0 L 1
7 0 U 6
8 1 L 4
9 0 L 4
10 0 U 9
11 0 U 10
12 1 U -1
13 1 U 12
14 1 U 13
15 1 L -1
16 1 U 15
17 0 U 16
18 0 L 0
19 0 U 10
20 1 U 19
21 0 U 20
22 0 L 21
23 1 U 15
24 0 U -1
25 1 U 24
26 1 U 20
27 0 U 22
28 1 L 14
29 1 L 7
30 1 U -1
31 0 U 25
32 1 L 17
33 0 L 28
34 1 U 33
35 0 U 34
36 0 U 26
37 1 L 23
38 0 U 37
39 0 U 38
40 0 L 39
41 1 U 40
42 1 U 7
43 0 U 42
44 1 U 36
45 0 U 44
46 1 U 45
47 1 U 1
48
0 0 U -1
1 0 U -1
2 0 U 1
3 1 U 1
4 1 U -1
5 0 L -1
6 0 L 1
7 0 U 6
8 1 L 4
9 0 L 4
10 0 U 9
11 0 U 10
12 1 U -1
13 1 U 12
14 1 U 13
15 1 L -1
16 1 U 15
17 0 U 16
18 1 L -1
19 0 U 0
20 1 U 19
21 0 U 20
22 0 L 21
23 1 U 15
24 0 U -1
25 1 U 24
26 0 L 3
27 0 U 22
28 1 L 14
29 1 L 7
30 1 U -1
31 0 U 25
32 1 L 17
33 0 U 23
34 1 U 33
35 0 U 34
36 0 U 26
37 1 L 23
38 0 U 37
39 0 U 38
40 0 L 39
41 1 U 40
42 1 U 7
43 0 U 42
44 1 U 36
45 0 U 44
46 1 U 45
47 1 U 1
48
0 0 U -1
1 0 U -1
2 0 U 1
3 0 U 2
4 1 U -1
5 1 L 1
6 0 L 1
7 0 U 6
8 1 L 4
9 0 L 4
10 0 U 9
11 0 U 10
12 1 U -1
13 1 U 12
14 1 U 13
15 1 L -1
16 1 U 15
17 0 U 16
18 1 U -1
19 0 U 0
20 1 U 1
21 1 U 10
22 0 L 21
23 1 U 15
24 0 U -1
25 1 U 24
26 1 U 20
27 0 U 22
28 1 L 14
29 1 L 7
30 1 U -1
31 0 U 25
32 1 L 17
33 0 U 3
34 1 U 33
35 0 U 34
36 0 U 26
37 1 U 28
38 0 U 37
39 0 U 38
40 0 L 39
41 1 U 40
42 1 U 7
43 0 U 42
44 1 U 36
45 0 U 44
46 1 U 45
47 1 U 1
48
0 0 U -1
1 0 U -1
2 0 U 1
3 0 U 2
4 1 U -1
5 0 L -1
6 0 L 1
7 0 U 6
8 1 L 4
9 0 L 4
10 0 U 9
11 0 U 10
12 1 U -1
13 1 U 12
14 1 U 13
15 0 L 14
16 1 U 15
17 0 U 16
18 1 U -1
19 0 U 0
20 1 U 19
21 0 U 20
22 0 L 21
23 1 U 15
24 0 U -1
25 1 U 24
26 1 U 20
27 0 U 22
28 1 L 14
29 1 L 7
30 1 U -1
31 0 U 14
32 1 L 17
33 0 U 3
34 1 U 33
35 0 U 34
36 1 L 3
37 1 L 23
38 1 L 16
39 1 L 20
40 0 L 39
41 1 U 40
42 1 U 7
43 0 U 42
44 1 U 32
45 0 U 44
46 1 U 45
47 0 U 27
48
0 0 U -1
1 0 U -1
2 0 U 1
3 0 U 2
4 1 U -1
5 0 L -1
6 0 L 1
7 0 U 6
8 1 L 4
9 0 L 4
10 0 U 9
11 0 U 10
12 1 U -1
13 1 U 12
14 1 U 13
15 1 L -1
16 1 U 15
17 0 U 16
18 1 U -1
19 0 U 0
20 1 U 19
21 0 U 20
22 0 L 21
23 1 U 15
24 0 U -1
25 1 U 24
26 1 U 20
27 0 U 22
28 1 L 14
29 1 L 7
30 1 U -1
31 0 U 25
32 0 L 22
33 0 U 3
34 1 U 33
35 0 U 34
36 0 U 26
37 1 L 23
38 0 U 37
39 0 U 38
40 0 L 39
41 0 U 9
42 1 U 7
43 0 U 42
44 1 U 36
45 0 U 44
46 1 U 45
47 1 U 1
48
0 0 U -1
1 0 U -1
2 0 U 1
3 0 U 2
4 1 U -1
5 0 L -1
6 0 L 1
7 0 U 0
8 1 L 4
9 0 L 4
10 0 U 9
11 1 U 9
12 1 U -1
13 1 U 12
14 1 U 13
15 1 L -1
16 1 U 15
17 1 L 11
18 1 U -1
19 0 U 0
20 1 U 19
21 0 U 20
22 0 L 21
23 1 U 15
24 1 U 13
25 1 U 24
26 1 U 20
27 0 U 22
28 1 L 14
29 1 U 26
30 1 U -1
31 0 U 25
32 1 L 17
33 0 U 3
34 1 U 33
35 0 U 34
36 0 U 26
37 1 L 23
38 0 U 37
39 0 U 38
40 0 L 39
41 1 U 40
42 1 U 7
43 0 U 42
44 1 U 36
45 0 U 44
46 1 U 45
47 1 U 1
48
0 0 U -1
1 0 U -1
2 0 U 1
3 1 L 0
4 1 U -1
5 0 L -1
6 0 L 1
7 0 U 6
8 1 L 4
9 0 L 4
10 0 U 9
11 1 L 9
12 1 U -1
13 1 U 12
14 1 U 13
15 1 L -1
16 1 U 15
17 0 U -1
18 1 U -1
19 0 U 0
20 1 U 19
21 0 U 20
22 0 L 21
23 1 U 15
24 0 U -1
25 1 U 24
26 1 U 20
27 0 U 22
28 1 L 14
29 1 L 7
30 1 U -1
31 0 U 25
32 1 L 17
33 0 U 3
34 1 U 33
35 0 U 34
36 0 U 26
37 1 L 23
38 0 U 37
39 0 U 38
40 0 L 39
41 1 L 21
42 1 U 7
43 0 U 42
44 1 U 36
45 0 U 44
46 1 U 45
47 1 U 1
48
0 0 U -1
1 0 U -1
2 0 U 1
3 0 U 2
4 1 U -1
5 0 L -1
6 0 L 1
7 0 U 6
8 1 L 4
9 0 L 4
10 0 U 9
11 0 U 10
12 1 U -1
13 1 U 12
14 1 U 13
15 1 L -1
16 1 L 14
17 0 U 16
18 1 U -1
19 0 U 0
20 1 U 19
21 0 U 20
22 0 L 21
23 1 U 15
24 0 U -1
25 1 L 4
26 1 U 20
27 0 U 22
28 1 L 14
29 1 L 7
30 1 U -1
31 0 U 25
32 1 L 17
33 1 U 7
34 1 U 33
35 0 U 34
36 0 U 26
37 0 U 5
38 0 U 37
39 0 U 38
40 0 L 39
41 1 U 32
42 1 U 7
43 0 U 42
44 1 U 36
45 0 U 44
46 1 L 44
47 1 U 1
48
0 0 U -1
1 0 U -1
2 0 U 1
3 0 U 2
4 1 U -1
5 0 L -1
6 0 L 1
7 0 U 6
8 1 L 4
9 0 L 4
10 0 U 9
11 0 U 10
12 1 U -1
13 0 U 12
14 1 U 13
15 1 L -1
16 1 U 15
17 0 U 16
18 1 L 2
19 0 U 0
20 1 U 19
21 0 U 20
22 0 L 21
23 0 L 1
24 0 U -1
25 1 U 24
26 1 U 20
27 0 U 22
28 1 L 14
29 1 L 7
30 1 U -1
31 1 U 18
32 1 L 17
33 0 U 3
34 1 U 33
35 0 U 34
36 0 U 26
37 1 L 23
38 0 U 37
39 1 U 30
40 0 L 39
41 1 U 20
42 1 U 7
43 0 U 42
44 0 L 6
45 0 U 44
46 1 U 45
47 1 U 1
48
0 0 U -1
1 0 U -1
2 0 U 1
3 1 U 2
4 1 U -1
5 0 L -1
6 0 L 1
7 0 U 6
8 1 L 4
9 0 L 4
10 0 U 9
11 0 U 10
12 1 U -1
13 1 U 12
14 1 U 13
15 1 L -1
16 1 U 15
17 0 U 16
18 1 U -1
19 0 U 0
20 1 U 19
21 1 U 8
22 0 L 21
23 1 U 15
24 0 U 14
25 1 U 21
26 1 U 20
27 0 U 22
28 1 L 14
29 1 L 7
30 1 U -1
31 0 U 25
32 1 L 17
33 0 U 3
34 1 U 33
35 0 U 34
36 0 U 26
37 1 L 23
38 0 U 37
39 0 U 38
40 0 L 33
41 1 L 9
42 1 U 7
43 0 U 42
44 1 U 36
45 0 U 44
46 1 U 45
47 1 U 1
48
0 0 U -1
1 0 U -1
2 0 L -1
3 0 L -1
4 1 U -1
5 0 L -1
6 0 L 3
7 0 U 6
8 1 L 4
9 0 L 4
10 1 U 6
11 0 U 9
12 1 U -1
13 1 U 12
14 1 U 13
15 1 L -1
16 1 U 15
17 0 U 16
18 1 U -1
19 0 U 0
20 1 U 19
21 0 U 20
22 0 L 21
23 1 U 15
24 0 U -1
25 1 U 24
26 1 U 20
27 0 U 22
28 1 L 14
29 1 L 7
30 1 U -1
31 0 U 25
32 1 L 17
33 0 U 18
34 1 U 33
35 1 U 3
36 0 U 26
37 1 L 23
38 0 U 37
39 1 U 5
40 0 L 39
41 1 U 40
42 1 U 7
43 0 U 42
44 1 L 12
45 0 U 44
46 1 U 45
47 1 U 1
48
0 0 U -1
1 0 U -1
2 0 U -1
3 0 U 2
4 1 U -1
5 0 U 3
6 0 L 5
7 0 U 6
8 1 L 4
9 0 U 5
10 0 U 9
11 0 U 10
12 1 U -1
13 1 U 12
14 1 U 13
15 1 L -1
16 1 U 15
17 0 U 16
18 1 U -1
19 0 U 0
20 1 U 19
21 0 U 20
22 0 L 21
23 1 U 15
24 0 U -1
25 1 U 24
26 1 U 20
27 0 L 23
28 1 L 14
29 1 L 7
30 1 U -1
31 0 U 25
32 1 L 17
33 0 U 3
34 1 U 33
35 0 U 34
36 0 U 26
37 1 L 23
38 0 L 18
39 0 U 38
40 0 L 39
41 1 U 40
42 1 U 7
43 0 U 42
44 1 U 36
45 0 U 44
46 1 U 45
47 1 U 1
48
0 0 U -1
1 0 U -1
2 0 U 1
3 0 U 2
4 1 L 1
5 0 L -1
6 0 L 1
7 0 U 6
8 0 U 3
9 0 L 4
10 0 U 9
11 0 U 10
12 1 U -1
13 1 U 12
14 1 U 13
15 1 L -1
16 1 U 15
17 0 U 16
18 1 U -1
19 0 U 0
20 1 U 19
21 0 U 20
22 0 L 21
23 1 U 15
24 0 U -1
25 1 U 24
26 1 U 20
27 1 U 16
28 1 L 14
29 0 L 11
30 1 U 12
31 0 U 25
32 1 L 17
33 0 U 3
34 1 U 33
35 0 U 34
36 1 L 34
37 1 L 23
38 0 U 37
39 0 U 38
40 0 L 39
41 1 U 40
42 1 U 7
43 0 U 42
44 1 U 36
45 0 U 44
46 1 U 45
47 1 U 1
48
0 1 L -1
1 1 U -1
2 0 U 1
3 0 U 2
4 1 U -1
5 0 L -1
6 0 L 1
7 0 U 4
8 1 L 4
9 0 L 4
10 0 U 9
11 0 U 10
12 1 U -1
13 1 U 12
14 1 U 13
15 1 L -1
16 1 U 15
17 0 U 16
18 1 U -1
19 0 U 0
20 1 U 19
21 0 U 9
22 0 L 21
23 1 U 15
24 1 L 20
25 1 U 24
26 1 U 20
27 0 U 22
28 1 L 14
29 1 L 7
30 1 U -1
31 0 U 25
32 1 L 17
33 0 U 3
34 0 U 12
35 0 U 34
36 0 U 26
37 1 L 23
38 0 U 37
39 0 U 38
40 0 L 39
41 0 U 39
42 1 U 7
43 0 U 42
44 0 U 5
45 0 U 44
46 1 U 45
47 1 U 1
48
0 0 U -1
1 0 U -1
2 0 U 1
3 0 U 2
4 1 U -1
5 0 L -1
6 0 L 1
7 0 U 6
8 1 L 4
9 0 L 4
10 0 U 9
11 0 U 10
12 1 U -1
13 1 U 12
14 1 U 13
15 1 L -1
16 1 U 15
17 0 U 16
18 1 U -1
19 0 U 0
20 1 U 19
21 0 U 20
22 1 L 12
23 1 U 15
24 0 U -1
25 1 U 24
26 1 U 20
27 1 L 23
28 1 L 14
29 1 L 7
30 1 U -1
31 0 U 25
32 1 L 6
33 0 U 3
34 1 L 26
35 0 U 34
36 0 U 26
37 1 L 23
38 0 U 37
39 0 U 38
40 0 L 39
41 1 U 40
42 1 U 7
43 0 U 42
44 1 U 36
45 1 L 23
46 1 U 45
47 1 U 1
48
0 0 U -1
1 0 U -1
2 0 U 1
3 0 U 2
4 0 U 0
5 0 U -1
6 0 L 1
7 0 U 6
8 1 L 4
9 0 L 4
10 0 U 9
11 0 U 10
12 1 U -1
13 1 U 12
14 1 U 13
15 1 L -1
16 1 U 15
17 0 U 16
18 1 U -1
19 0 U 0
20 1 U 19
21 0 U 20
22 0 L 21
23 1 U 15
24 0 U -1
25 1 U 24
26 1 U 20
27 0 U 12
28 1 U 7
29 1 L 7
30 1 U -1
31 0 U 25
32 1 L 17
33 0 U 3
34 1 U 33
35 0 U 34
36 0 U 26
37 1 L 23
38 0 U 37
39 0 U 38
40 0 L 39
41 1 U 40
42 1 U 7
43 0 U 17
44 1 U 36
45 0 U 44
46 1 U 0
47 1 U 1
48
0 0 U -1
1 0 U -1
2 0 L 1
3 0 U 2
4 1 U -1
5 0 L -1
6 0 L 1
7 0 U 6
8 1 L 4
9 0 L 4
10 0 U 9
11 1 L 5
12 1 U -1
13 1 U 12
14 1 U 13
15 1 L -1
16 1 U 15
17 0 U 16
18 1 U -1
19 1 L 12
20 1 U 19
21 0 U 20
22 0 L 21
23 1 U 13
24 0 L 20
25 1 U 24
26 1 U 20
27 1 L 1
28 1 L 14
29 1 L 7
30 1 U -1
31 1 L 19
32 1 L 17
33 0 U 3
34 1 U 33
35 0 U 22
36 0 U 26
37 1 L 23
38 0 U 37
39 0 U 38
40 0 L 39
41 1 U 40
42 1 U 7
43 0 U 42
44 1 U 36
45 0 U 44
46 1 U 45
47 1 U 1
48
0 0 U -1
1 0 U -1
2 0 U 1
3 0 U 2
4 1 U -1
5 0 L -1
6 0 L 1
7 0 U 6
8 1 L 4
9 0 L 4
10 0 U 6
11 0 U 10
12 1 U -1
13 0 L 11
14 1 U 13
15 1 L -1
16 1 U 15
17 0 U 16
18 1 U -1
19 0 U 0
20 1 U 19
21 0 U 20
22 0 L 21
23 1 U 15
24 0 U -1
25 1 U 24
26 1 U 20
27 0 U 22
28 1 L 14
29 1 L 7
30 1 U -1
31 0 U 25
32 1 L 17
33 0 U 3
34 1 U 33
35 0 U 34
36 0 U 26
37 1 L 23
38 0 U 37
39 0 U 38
40 0 L 39
41 1 U 40
42 1 U 7
43 0 U 42
44 1 U 36
45 0 U 44
46 1 U 45
47 1 U 1
48
0 0 U -1
1 0 U -1
2 0 U 1
3 0 U 2
4 1 U -1
5 0 L -1
6 0 L 1
7 0 U 6
8 1 L 4
9 0 L 4
10 1 U 0
11 0 U 10
12 1 U -1
13 1 U 12
14 1 U 13
15 1 L 13
16 1 L 4
17 0 U 4
18 1 U -1
19 0 U 0
20 1 U 19
21 0 U 20
22 0 L 21
23 1 U 15
24 0 U -1
25 1 U 24
26 1 U 20
27 1 L 11
28 1 L 14
29 1 L 7
30 1 U -1
31 0 U 25
32 1 L 17
33 0 U 3
34 1 U 33
35 0 U 34
36 0 U 26
37 1 L 23
38 0 U 37
39 0 U 38
40 1 U -1
41 1 U 40
42 1 U 7
43 0 U 42
44 1 U 36
45 0 U 44
46 1 U 45
47 1 U 1
48
0 0 U -1
1 0 U -1
2 0 U 1
3 0 U 2
4 1 U -1
5 0 L -1
6 0 L 1
7 0 U 3
8 1 L 4
9 0 L 4
10 0 U 9
11 0 U 10
12 0 U 9
13 1 U 12
14 1 U 13
15 1 L -1
16 1 U 15
17 0 U 16
18 1 U -1
19 0 U 0
20 1 U 19
21 0 U 20
22 0 L 21
23 1 U 15
24 0 U -1
25 1 U 24
26 1 U 20
27 0 U 22
28 1 L 14
29 1 L 7
30 1 U -1
31 0 U 25
32 1 L 17
33 1 L 4
34 1 U 33
35 0 U 34
36 0 U 26
37 1 L 4
38 0 U 37
39 0 U 38
40 1 U 10
41 1 U 40
42 1 U 7
43 0 U 42
44 1 U 36
45 0 U 44
46 1 U 45
47 1 U 1
48
0 0 U -1
1 0 U -1
2 0 U 1
3 1 L -1
4 1 U -1
5 0 L -1
6 0 L 1
7 0 U 6
8 1 L 4
9 0 L 4
10 0 U 9
11 0 U 10
12 1 U -1
13 1 U 12
14 1 U 13
15 1 L 6
16 1 U 13
17 0 U 16
18 1 U -1
19 0 U 0
20 1 U 19
21 0 U 20
22 0 L 21
23 1 U 15
24 0 U -1
25 1 U 24
26 1 U 20
27 1 L 3
28 1 L 14
29 1 L 7
30 1 U -1
31 0 U 25
32 1 L 17
33 0 U 3
34 1 U 33
35 0 U 34
36 0 U 26
37 1 L 23
38 0 U 37
39 0 U 38
40 0 L 39
41 1 U 40
42 1 U 7
43 0 U 42
44 1 U 36
45 0 U 44
46 1 U 45
47 1 U 1
48
0 0 U -1
1 0 U 0
2 0 U 1
3 0 U 2
4 1 U -1
5 0 L -1
6 0 L 1
7 0 U 6
8 1 L 4
9 0 L 4
10 0 U 9
11 0 U 10
12 1 U -1
13 1 U 12
14 1 U 13
15 1 L -1
16 1 L 8
17 0 U 16
18 1 U -1
19 0 U 0
20 1 U 19
21 0 U 20
22 1 L 17
23 1 U 15
24 0 U -1
25 1 U 13
26 1 U 20
27 0 U 22
28 1 L 14
29 1 L 7
30 1 U -1
31 0 U 25
32 1 L 17
33 0 U 11
34 1 U 33
35 0 U 34
36 0 U 26
37 1 L 23
38 0 U 37
39 0 U 38
40 0 L 39
41 1 U 40
42 0 U 2
43 0 U 42
44 1 U 36
45 0 U 44
46 1 U 45
47 1 U 1
48
0 1 U -1
1 0 U -1
2 0 U 1
3 0 U 2
4 1 U -1
5 0 L -1
6 0 L 1
7 0 U 6
8 1 L 4
9 0 L 4
10 0 U 9
11 1 L 9
12 1 L 11
13 1 U 12
14 1 U 13
15 1 L -1
16 1 U 15
17 0 U 16
18 1 U -1
19 0 U 0
20 1 U 19
21 0 U 20
22 0 L 21
23 1 U 15
24 0 U -1
25 1 U 24
26 1 U 20
27 0 U 22
28 1 L 14
29 1 L 7
30 1 U -1
31 0 U 25
32 1 L 17
33 0 U 3
34 1 U 33
35 0 U 34
36 0 U 26
37 1 L 23
38 0 U 37
39 0 U 38
40 0 L 39
41 1 U 40
42 1 U 7
43 0 U 42
44 1 U 36
45 0 U 44
46 1 U 45
47 1 U 1
48
0 0 U -1
1 0 U -1
2 0 U 1
3 0 U 2
4 1 U -1
5 0 L -1
6 1 L 4
7 0 U 6
8 1 L 4
9 0 L 4
10 0 U 9
11 0 U 10
12 1 U -1
13 1 U 12
14 1 U 13
15 1 L -1
16 1 U 15
17 0 U -1
18 1 U -1
19 0 U 0
20 1 U 19
21 0 U 20
22 0 L 21
23 1 L 14
24 0 U -1
25 1 U 24
26 0 L 13
27 0 U 22
28 1 L 14
29 1 L 7
30 1 U -1
31 1 L 24
32 1 L 17
33 0 U 3
34 1 U 33
35 0 U 34
36 0 U 26
37 1 L 23
38 0 U 37
39 0 U 38
40 0 L 39
41 1 U 40
42 1 U 7
43 0 U 42
44 1 U 36
45 0 U 44
46 1 U 45
47 1 U 1
48
0 0 U -1
1 0 U -1
2 0 U 1
3 0 U 2
4 1 L 3
5 0 L -1
6 0 L 1
7 0 U 6
8 1 L 4
9 0 L 4
10 0 U 9
11 0 U 10
12 1 U -1
13 1 U 1
14 1 U 13
15 1 L -1
16 1 U 15
17 0 U 16
18 1 U -1
19 0 U 0
20 1 U 19
21 0 U 20
22 0 L 21
23 1 U 15
24 0 U -1
25 1 U 24
26 0 L 10
27 0 U 22
28 1 L 7
29 1 L 7
30 1 U -1
31 0 U 25
32 1 L 17
33 0 U 3
34 1 U 33
35 0 U 34
36 1 U 30
37 1 L 23
38 0 U 37
39 0 U 38
40 0 L 39
41 1 U 40
42 0 U 39
43 0 U 42
44 1 U 36
45 0 U 44
46 1 U 45
47 1 U 1
48
0 0 U -1
1 0 U -1
2 0 U 1
3 0 U 2
4 1 U -1
5 0 L -1
6 0 L 1
7 0 U 6
8 1 L 4
9 0 L 4
10 0 U 9
11 0 U 10
12 0 L 10
13 1 U 12
14 1 U 13
15 1 L -1
16 1 U 15
17 0 U 16
18 1 U -1
19 0 U 0
20 1 U 19
21 0 U 20
22 0 L 21
23 1 U 17
24 1 U 13
25 0 U 19
26 1 U 20
27 0 U 22
28 1 L 14
29 1 L 7
30 1 L 25
31 0 U 25
32 1 L 17
33 0 U 3
34 1 U 33
35 0 U 34
36 0 U 34
37 0 L 20
38 0 U 37
39 0 U 38
40 0 U 39
41 0 U 3
42 1 U 7
43 0 U 42
44 1 U 36
45 0 L 29
46 1 U 45
47 1 U 1
48
0 0 U -1
1 0 U -1
2 0 U 1
3 0 U 2
4 1 U -1
5 0 L -1
6 0 L 1
7 0 L 2
8 1 U 2
9 0 L 4
10 0 U 9
11 0 U 10
12 1 U -1
13 1 U 12
14 1 U 13
15 1 L -1
16 1 U 15
17 0 U 16
18 1 U -1
19 0 U 0
20 1 U 19
21 0 U 20
22 0 L 21
23 0 L 9
24 0 U -1
25 1 U 24
26 1 U 20
27 0 U 22
28 1 L 14
29 1 L 7
30 1 U -1
31 0 L 16
32 1 L 17
33 0 U 3
34 1 U 33
35 0 U 34
36 0 U 26
37 1 L 23
38 0 U 37
39 0 U 38
40 0 L 39
41 1 U 40
42 1 U 7
43 0 U 42
44 1 U 36
45 0 U 44
46 1 U 45
47 1 U 1
48
0 0 U -1
1 0 U -1
2 0 U 1
3 0 U 2
4 1 U -1
5 0 L -1
6 0 L 1
7 1 L 4
8 1 L 4
9 1 U 5
10 0 U 9
11 0 U 10
12 1 U -1
13 1 U 12
14 1 U 13
15 1 L -1
16 1 U 15
17 0 U 16
18 1 U -1
19 0 U 0
20 1 U 19
21 0 U 20
22 0 L 21
23 1 U 15
24 0 U -1
25 0 L 11
26 1 U 15
27 0 U 22
28 1 L 14
29 1 L 7
30 1 U -1
31 1 L 26
32 1 L 17
33 0 U 3
34 1 U 33
35 0 U 34
36 1 U 32
37 1 L 23
38 1 L 20
39 0 U 38
40 0 L 39
41 0 L 26
42 1 U 7
43 0 U 42
44 1 U 36
45 0 U 44
46 1 U 45
47 1 U 1
48
0 0 U -1
1 0 U -1
2 0 U 1
3 0 U 2
4 1 U -1
5 0 L -1
6 0 L 1
7 0 U 6
8 1 L 4
9 0 L 4
10 0 U 9
11 0 U 10
12 1 U -1
13 1 U 12
14 1 U 13
15 1 L 7
16 1 U 15
17 0 U 16
18 1 U -1
19 0 U 0
20 1 U 19
21 0 U 20
22 0 L 21
23 1 U 15
24 0 U -1
25 1 U 24
26 1 U 20
27 0 L 11
28 1 L 14
29 1 L 7
30 1 U -1
31 1 U 16
32 1 L 17
33 1 U 25
34 1 U 33
35 0 U 34
36 0 U 26
37 1 L 23
38 0 L 23
39 0 U 38
40 0 L 39
41 1 U 40
42 1 U 7
43 0 U 42
44 1 U 36
45 0 U 44
46 1 U 45
47 1 U 1
48
0 0 U -1
1 0 U -1
2 0 U 1
3 0 U 2
4 1 U -1
5 0 L -1
6 0 L 1
7 0 U 6
8 0 L 4
9 0 L 4
10 0 U 9
11 0 U 10
12 1 U -1
13 0 L 1
14 1 U 13
15 1 L -1
16 1 U 15
17 0 U 16
18 1 U -1
19 0 U 0
20 1 U 19
21 0 U 20
22 0 L 21
23 1 U 15
24 0 U -1
25 1 U 24
26 1 L 9
27 0 U 22
28 1 L 14
29 1 L 7
30 1 U -1
31 0 U 25
32 1 L 17
33 0 U 3
34 1 U 33
35 0 L 10
36 0 U 26
37 1 L 23
38 0 U 37
39 0 U 38
40 0 L 39
41 1 U 40
42 1 U 7
43 0 U 42
44 1 U 36
45 0 U 44
46 1 U 45
47 1 U 1
48
0 0 U -1
1 0 U -1
2 0 U 1
3 0 U 2
4 1 U -1
5 0 L -1
6 0 L 1
7 0 U 6
8 1 L 4
9 0 L 4
10 0 U 9
11 0 U 10
12 1 L 3
13 1 U 12
14 1 U 13
15 1 L -1
16 1 U 15
17 0 U 16
18 1 U -1
19 0 U 0
20 1 U 19
21 0 U 20
22 0 L 21
23 1 U 15
24 0 U -1
25 1 U 2
26 1 U 3
27 0 U 22
28 1 L 14
29 1 L 7
30 1 U -1
31 0 U 25
32 1 L 17
33 0 U 3
34 1 U 33
35 0 U 34
36 0 U 26
37 1 L 23
38 0 U 37
39 0 U 38
40 0 L 39
41 1 U 40
42 1 U 7
43 1 U 22
44 1 U 36
45 0 U 44
46 1 U 45
47 1 U 1
48
0 0 U -1
1 0 U -1
2 0 U 1
3 0 U 2
4 1 U -1
5 1 U 1
6 0 L 1
7 0 L 6
8 1 L 4
9 0 L 4
10 0 U 9
11 0 U 10
12 1 U -1
13 1 U 12
14 1 U 13
15 1 L -1
16 1 U 15
17 0 U 16
18 0 U 12
19 0 U 0
20 1 U 19
21 0 U 20
22 0 L 21
23 1 U 15
24 1 U 7
25 1 U 24
26 1 U 20
27 0 U 22
28 1 L 14
29 1 L 7
30 1 U -1
31 0 U 25
32 1 L 17
33 0 U 3
34 1 U 33
35 1 L 31
36 0 U 15
37 1 L -1
38 0 U 37
39 0 U 38
40 0 L 39
41 1 U 38
42 1 U 7
43 0 L 26
44 1 U 35
45 0 U 44
46 1 U 45
47 1 U 1
48
0 0 U -1
1 0 U -1
2 0 U 1
3 0 U 2
4 1 U -1
5 0 L -1
6 0 L 1
7 0 U 6
8 1 L 4
9 0 L 4
10 0 U 9
11 0 U 10
12 1 U -1
13 0 L 0
14 1 U 13
15 1 L -1
16 1 U 15
17 0 U 16
18 1 U -1
19 0 U 0
20 1 U 19
21 0 L 15
22 0 L 21
23 0 U -1
24 0 U -1
25 1 U 24
26 1 U 20
27 0 U 22
28 1 L 14
29 1 L 7
30 1 U -1
31 1 U 13
32 1 L 17
33 0 U 3
34 1 U 33
35 0 U 34
36 0 U 26
37 1 L 23
38 0 U 37
39 0 U 38
40 0 L 39
41 1 U 40
42 1 U 7
43 0 U 42
44 1 U 36
45 0 U 44
46 1 U 45
47 1 U 1
48
0 0 U -1
1 0 U -1
2 0 U 1
3 0 U 2
4 1 U -1
5 0 L -1
6 0 L 1
7 0 U 6
8 1 L 4
9 1 U 7
10 1 L 4
11 0 U 10
12 1 U -1
13 1 U 12
14 1 U 13
15 1 L -1
16 1 U 15
17 0 U 16
18 1 U -1
19 0 U 0
20 1 U 19
21 0 U 20
22 0 L 21
23 1 U 15
24 0 U -1
25 0 L 23
26 1 U 20
27 0 U 7
28 1 L 14
29 1 L 7
30 1 U -1
31 0 U 25
32 1 L 17
33 0 U 3
34 1 U 33
35 0 U 34
36 0 U 26
37 1 L 23
38 0 U 37
39 0 U 38
40 0 L 39
41 1 U 40
42 1 U 7
43 0 U 42
44 1 U 36
45 0 U 44
46 1 U 45
47 1 U 1
48
0 0 U -1
1 0 U -1
2 0 L -1
3 0 U 2
4 1 U -1
5 0 L -1
6 0 L 1
7 0 U 6
8 1 L 4
9 0 L 4
10 0 U 9
11 0 U 10
12 1 U -1
13 1 U 12
14 1 U 8
15 1 L -1
16 1 U 15
17 0 U 16
18 1 U -1
19 0 U 0
20 1 U 19
21 0 U 20
22 0 L 21
23 1 U 15
24 0 U -1
25 1 U 24
26 1 U 20
27 0 U 22
28 1 L 14
29 0 L 3
30 1 U -1
31 0 U 25
32 1 L 17
33 0 U 30
34 1 U 33
35 0 U 34
36 0 U 26
37 1 L 23
38 0 U 37
39 0 U 38
40 0 L 39
41 1 U 40
42 1 U 7
43 0 U 42
44 1 U 36
45 0 U 44
46 0 L 30
47 1 U 1
48
0 0 U -1
1 0 U -1
2 0 U 1
3 1 U 1
4 1 U -1
5 0 L -1
6 0 L 1
7 1 L 2
8 1 L 4
9 0 L 4
10 0 U 9
11 0 U 10
12 1 U -1
13 1 U 12
14 1 U 13
15 1 L -1
16 1 U 15
17 0 U 16
18 1 U -1
19 0 U 0
20 1 U 19
21 0 U 20
22 0 L 21
23 1 U 15
24 0 U -1
25 1 U 24
26 1 U 20
27 0 U 22
28 1 L 14
29 1 L 7
30 1 U -1
31 0 U 25
32 1 L 17
33 0 U 3
34 1 U 33
35 0 U 34
36 0 U 26
37 1 L 23
38 0 U 37
39 0 U 38
40 0 L 39
41 1 U 40
42 0 L 19
43 1 L 39
44 1 U 36
45 0 U 44
46 1 U 45
47 1 U 1
48
0 0 U -1
1 0 U -1
2 0 U 1
3 0 U 2
4 1 U -1
5 0 L -1
6 0 L 1
7 0 U 6
8 1 L 4
9 0 L 4
10 0 U 9
11 0 U 3
12 1 U -1
13 1 L 9
14 1 U 13
15 1 L -1
16 1 U 15
17 0 U 16
18 1 U -1
19 0 U 0
20 1 U 19
21 0 U 20
22 0 L 21
23 1 U 15
24 0 U -1
25 1 U 24
26 1 U 20
27 0 U 22
28 1 L 14
29 1 L 7
30 1 U -1
31 0 U 25
32 1 L 17
33 0 U 3
34 1 U 33
35 0 U 34
36 0 U 26
37 1 L 23
38 1 U 21
39 0 U 38
40 0 L 39
41 0 L 5
42 0 U 40
43 0 U 42
44 1 U 36
45 0 U 44
46 1 U 45
47 1 U 1
48
0 0 U -1
1 0 U -1
2 0 U 1
3 0 L -1
4 1 U -1
5 0 L -1
6 0 L 1
7 0 U 6
8 1 U 0
9 0 L 4
10 0 U 9
11 0 U 10
12 1 U -1
13 1 U 12
14 1 U 13
15 1 L 8
16 1 U 15
17 0 U 16
18 1 U -1
19 0 U 0
20 1 U 19
21 0 U 20
22 0 L 21
23 0 U -1
24 0 U -1
25 1 U 24
26 0 L 3
27 1 U 12
28 1 L 14
29 1 L 7
30 1 U -1
31 0 U 25
32 1 L 17
33 0 U 3
34 1 U 33
35 0 U 34
36 0 U 26
37 1 L 23
38 0 U 37
39 0 U 37
40 0 L 39
41 1 U 40
42 1 U 7
43 1 L 38
44 1 U 36
45 0 U 44
46 1 U 45
47 1 U 1
48
0 0 U -1
1 0 U -1
2 0 U -1
3 0 U 2
4 1 U -1
5 0 L -1
6 0 L 1
7 1 L 5
8 1 L 4
9 0 L 4
10 0 U 9
11 0 U 10
12 1 L 2
13 1 U 12
14 1 U 13
15 1 L -1
16 1 U 15
17 0 U 16
18 1 U -1
19 0 U 0
20 0 L 17
21 0 U 20
22 0 L 21
23 1 U 0
24 0 U -1
25 1 U 24
26 1 U 20
27 0 U 22
28 1 L 14
29 1 L 7
30 1 U -1
31 0 U 25
32 1 L 17
33 0 U 3
34 1 U 33
35 0 U 34
36 0 U 26
37 1 L 23
38 0 U 37
39 0 U 12
40 1 U 31
41 1 U 40
42 1 U 7
43 0 U 42
44 1 U 36
45 0 U 44
46 1 U 45
47 1 U 1
48
0 0 U -1
1 0 U -1
2 0 U 1
3 0 U 2
4 1 U -1
5 0 L -1
6 0 L 1
7 0 U 6
8 1 L 4
9 0 L 4
10 0 U 9
11 0 U 10
12 1 U -1
13 1 U 12
14 1 U 10
15 1 L -1
16 1 U 15
17 0 U 16
18 1 U -1
19 0 U 0
20 1 U 19
21 0 U 20
22 0 L 21
23 1 U 8
24 0 U -1
25 1 U 24
26 1 U 20
27 0 U 22
28 1 L 14
29 1 L 7
30 1 U -1
31 0 U 25
32 1 L 17
33 0 U 3
34 1 U 33
35 0 U 34
36 1 U 30
37 1 L 23
38 0 U 37
39 0 U 38
40 0 L 39
41 1 U 40
42 1 U 7
43 0 U 42
44 1 U 36
45 0 U 44
46 0 L 38
47 1 U 1
48
0 0 U -1
1 0 U -1
2 0 U 1
3 0 U 2
4 1 U -1
5 0 L -1
6 0 L 1
7 0 U 6
8 1 L 4
9 0 L 4
10 0 U 9
11 0 U 10
12 1 U -1
13 1 U 12
14 1 U 13
15 1 L -1
16 1 U 15
17 0 U 16
18 1 U -1
19 0 U 0
20 1 U 19
21 0 U 20
22 0 L 21
23 1 U 15
24 0 U -1
25 1 U 24
26 1 U 20
27 0 U 22
28 1 U 10
29 1 L 7
30 1 U -1
31 0 U 25
32 1 L 17
33 0 U 31
34 1 U 33
35 0 U 34
36 0 U 26
37 1 L 23
38 0 U 37
39 1 U 26
40 0 L 39
41 1 U 7
42 1 U 7
43 0 U 42
44 1 U 36
45 0 U 44
46 1 U 45
47 1 U 17
48
0 0 U -1
1 0 U -1
2 0 U 1
3 0 U 2
4 1 U -1
5 0 L -1
6 0 L 1
7 0 U 6
8 1 L 4
9 0 U 8
10 0 U 9
11 0 U 10
12 1 U -1
13 0 L 11
14 1 U 13
15 1 L -1
16 1 U 15
17 0 U 16
18 1 U -1
19 0 U 0
20 0 U 8
21 0 U 20
22 0 L 21
23 1 U 15
24 0 U -1
25 1 U 24
26 1 U 20
27 0 U 22
28 1 L 14
29 1 L 7
30 1 L 12
31 0 U 25
32 1 L 17
33 0 U 3
34 1 L 30
35 0 U 34
36 0 U 26
37 1 L 23
38 0 U 37
39 1 U 36
40 0 L 39
41 1 U 40
42 1 U 7
43 0 U 42
44 1 U 36
45 0 U 44
46 1 U 45
47 1 L 4
48
0 0 U -1
1 0 U 0
2 1 L -1
3 0 U 2
4 1 U -1
5 0 L -1
6 0 L 1
7 0 U 6
8 1 L 4
9 0 L 4
10 0 U 9
11 0 U 10
12 1 U -1
13 1 U 12
14 1 U 13
15 1 L -1
16 1 U 15
17 0 U 16
18 1 U -1
19 0 U 0
20 1 U 19
21 0 U 20
22 0 L 21
23 1 U 15
24 0 U -1
25 0 L 2
26 1 U 20
27 0 U 22
28 1 L 14
29 1 L 7
30 1 U -1
31 0 U 25
32 0 U 22
33 0 U 3
34 1 U 33
35 0 U 34
36 0 U 26
37 1 L 23
38 0 U 37
39 0 U 38
40 0 L 39
41 1 U 40
42 1 L 5
43 0 U 42
44 1 U 36
45 0 U 44
46 1 U 45
47 1 U 1
48
0 0 U -1
1 0 U 0
2 0 U 1
3 0 U 2
4 1 U -1
5 0 L -1
6 0 L 1
7 0 U 6
8 1 L 4
9 0 L 4
10 0 U 9
11 0 U 10
12 1 U -1
13 1 U 12
14 1 U 13
15 1 L -1
16 1 L 7
17 0 U 16
18 1 U -1
19 0 U 0
20 1 U 19
21 0 U 20
22 0 L 21
23 0 U 12
24 0 U -1
25 1 U 24
26 0 L 20
27 0 L 24
28 1 L 14
29 1 L 7
30 1 U -1
31 0 U 25
32 1 L 17
33 0 U 3
34 1 U 33
35 0 U 34
36 0 U 26
37 1 L 23
38 0 U 37
39 0 U 38
40 0 L 39
41 1 U 40
42 0 L 41
43 0 U 42
44 1 U 36
45 0 U 44
46 1 U 45
47 1 U 1
48
0 0 U -1
1 0 U -1
2 0 U 1
3 0 U 2
4 1 U -1
5 0 L -1
6 0 L 1
7 0 U 6
8 1 L 4
9 0 L 4
10 1 U 4
11 0 U 10
12 1 U -1
13 1 U 12
14 1 U 13
15 1 L -1
16 1 U 15
17 0 U 16
18 1 U -1
19 0 U 0
20 1 U 19
21 0 U 20
22 0 L 21
23 1 U 15
24 0 U -1
25 1 U 24
26 1 U 20
27 0 U 22
28 1 L 14
29 1 L 7
30 1 U -1
31 0 U 25
32 1 L 17
33 0 U 3
34 1 U 33
35 0 U 34
36 0 U 26
37 1 L 23
38 0 U 37
39 0 U 38
40 0 L 39
41 1 U 40
42 1 U 7
43 0 U 42
44 1 U 36
45 0 U 44
46 1 U 45
47 1 U 1
48
0 0 U -1
1 0 U -1
2 1 U 1
3 0 U 2
4 1 U -1
5 0 L -1
6 0 U -1
7 1 L -1
8 1 L 4
9 1 L 7
10 0 U 9
11 0 U 10
12 1 U -1
13 1 U 12
14 1 U 13
15 1 L -1
16 1 U 15
17 0 U 16
18 1 U -1
19 0 U 0
20 1 U 19
21 0 U 20
22 0 L 21
23 1 U 15
24 0 U -1
25 1 U 24
26 1 U 20
27 0 U 22
28 1 L 14
29 1 L 7
30 1 U -1
31 0 U 25
32 1 L 17
33 0 U 3
34 1 U 33
35 0 U 34
36 0 U 26
37 1 L 23
38 0 U 37
39 0 U 34
40 0 L 39
41 1 U 40
42 1 U 7
43 0 U 42
44 1 U 36
45 0 U 44
46 1 U 45
47 1 U 1
