38
0 1 U -1
1 1 U 0
2 1 U 1
3 1 U 2
4 1 U 3
5 0 U 4
6 0 U -1
7 0 U 6
8 0 U 7
9 1 U 8
10 1 U 9
11 0 U 10
12 1 U -1
13 1 U 12
14 1 U 13
15 0 U 14
16 0 U 15
17 0 U 16
18 0 U -1
19 0 U 18
20 1 U 19
21 0 U 20
22 1 U 21
23 0 U 22
24 0 U -1
25 0 U 24
26 0 U 25
27 1 U 26
28 0 U 27
29 1 U 28
30 0 U -1
31 0 U 30
32 0 U 31
33 0 U 32
34 0 U 33
35 0 U 34
36 0 U -1
37 0 U 36
38
0 1 U -1
1 1 U 0
2 1 U 1
3 1 U 2
4 1 U 3
5 0 U 4
6 0 L 0
7 0 U 6
8 0 U 7
9 1 U 8
10 1 U 9
11 0 U 10
12 1 U -1
13 1 U 12
14 1 U 13
15 0 U 14
16 0 U 15
17 0 U 16
18 0 U -1
19 0 U 18
20 1 U 19
21 0 L 13
22 1 U 21
23 0 U 22
24 0 U -1
25 0 U 24
26 0 U 25
27 1 U 26
28 0 U 27
29 1 U 28
30 0 U -1
31 0 U 30
32 0 U 31
33 0 U 32
34 0 U 33
35 0 U 34
36 0 U -1
37 0 U 36
38
0 1 U -1
1 1 U 0
2 1 U 1
3 1 U 2
4 1 U 3
5 0 U 4
6 0 L 0
7 0 U 6
8 0 U 7
9 1 U 8
10 1 U 9
11 0 U 10
12 1 U -1
13 1 U 12
14 1 U 13
15 0 U 14
16 0 U 11
17 0 U 16
18 0 U -1
19 0 U 18
20 1 U 19
21 0 L 13
22 1 U 21
23 0 U 22
24 0 U -1
25 0 U 24
26 0 U 25
27 0 U 1
28 0 U 27
29 1 U 28
30 0 U -1
31 0 U 30
32 0 U 31
33 0 U 32
34 0 U 33
35 0 U 34
36 0 U -1
37 0 U 36
38
0 1 U -1
1 1 U 0
2 1 U 1
3 1 U 2
4 1 U 3
5 0 U 4
6 0 L 0
7 0 U 6
8 0 U 7
9 1 U 8
10 0 L 3
11 1 U 7
12 1 U -1
13 1 U 12
14 1 U 13
15 0 U 14
16 1 U 7
17 0 U 16
18 0 U -1
19 0 U 18
20 1 U 19
21 0 L 13
22 1 U 21
23 0 U 22
24 0 U -1
25 0 U 24
26 0 U 25
27 0 U 1
28 0 U 27
29 1 U 4
30 0 U -1
31 0 U 30
32 1 U 1
33 0 U 32
34 0 U 33
35 0 U 20
36 0 U -1
37 0 U 36
38
0 1 U -1
1 1 U 0
2 1 U 1
3 1 U 2
4 0 U 1
5 0 U 4
6 0 L 0
7 0 U 6
8 0 U 7
9 1 U 8
10 1 U 9
11 0 U 10
12 0 U 2
13 1 U 12
14 1 U 13
15 0 U 14
16 0 U 11
17 0 U 16
18 0 U -1
19 0 U 18
20 1 U 19
21 0 L 13
22 1 U 21
23 0 U 22
24 0 U -1
25 0 U 24
26 0 U 25
27 0 U 1
28 0 U 27
29 1 U 28
30 0 U -1
31 0 U 30
32 0 U 31
33 0 U 32
34 0 U 33
35 1 L 10
36 0 U -1
37 0 U 36
38
0 1 U -1
1 1 U 0
2 1 U 1
3 0 L 2
4 1 L -1
5 0 U 4
6 0 L 0
7 0 U 6
8 0 U 7
9 1 U 8
10 1 U 9
11 0 U 10
12 1 U -1
13 1 U 12
14 1 U 13
15 0 U 14
16 0 U 7
17 0 U 16
18 0 U -1
19 0 U 18
20 1 U 19
21 0 L 13
22 1 L 12
23 0 U 22
24 0 U -1
25 0 U 24
26 1 U -1
27 0 U 1
28 0 U 27
29 1 U 28
30 0 U -1
31 0 U 30
32 0 U 31
33 0 U 32
34 0 U 33
35 0 U 34
36 0 U -1
37 0 U 36
38
0 1 U -1
1 1 U 0
2 1 U 1
3 1 U 2
4 1 U 3
5 0 U 4
6 0 L 0
7 0 U 6
8 0 U 7
9 1 U 8
10 1 U 9
11 1 U 9
12 1 U -1
13 1 U 12
14 1 U 13
15 0 U 14
16 0 U 11
17 0 U 16
18 0 U -1
19 0 U 18
20 1 U 19
21 0 L 13
22 0 U 12
23 0 U 22
24 1 U 7
25 0 U 24
26 0 U 25
27 0 U 1
28 0 U 27
29 1 U 28
30 0 U -1
31 0 U 30
32 0 U 31
33 0 U 32
34 0 U 33
35 0 U 34
36 0 U -1
37 0 U 36
38
0 1 L -1
1 1 U 0
2 1 U 1
3 1 U 2
4 0 L 3
5 0 U 4
6 0 L 0
7 0 U 6
8 0 L 0
9 1 U 8
10 1 U 9
11 0 U 10
12 1 U -1
13 1 U 12
14 1 U 13
15 0 U 14
16 0 U 11
17 0 U 16
18 0 U -1
19 0 U 18
20 1 U 19
21 0 L 13
22 1 U 21
23 0 U 22
24 0 L 22
25 0 U 24
26 0 U 25
27 0 U 1
28 0 U 27
29 1 U 28
30 0 U -1
31 0 U 30
32 0 U 31
33 0 U 32
34 0 U 33
35 0 U 34
36 0 U -1
37 0 U 36
38
0 1 U -1
1 1 U 0
2 1 U 1
3 1 U 2
4 0 U 2
5 0 U 4
6 0 L 0
7 0 U 6
8 0 U 7
9 1 U 8
10 1 U 9
11 0 U 10
12 1 U -1
13 1 U 12
14 0 L 2
15 0 U 14
16 0 U 11
17 0 U 16
18 0 U -1
19 0 U 18
20 1 U 19
21 0 L 13
22 1 U 21
23 0 U 22
24 0 U -1
25 0 U 24
26 0 U 25
27 0 U 1
28 0 U 27
29 1 U 28
30 0 U -1
31 0 U 30
32 0 L 23
33 0 U 16
34 0 U 33
35 0 U 34
36 0 U -1
37 0 U 36
38
0 1 U -1
1 1 U 0
2 1 U 1
3 1 U 2
4 0 U 2
5 0 U 4
6 0 L 0
7 0 U 6
8 0 U 7
9 1 U 8
10 1 U 9
11 0 U 10
12 1 U -1
13 1 U 12
14 1 U 13
15 0 U 1
16 0 U 11
17 0 U 16
18 0 U -1
19 0 U 18
20 1 U 19
21 0 L 13
22 1 U 21
23 0 U 22
24 0 U 10
25 0 U 24
26 0 U 25
27 0 L 5
28 0 U 27
29 1 L -1
30 1 L 27
31 0 U 30
32 0 U 31
33 0 U 32
34 0 U 33
35 1 U 26
36 0 U -1
37 0 U 36
38
0 1 U -1
1 1 U 0
2 1 U 1
3 1 U 2
4 1 U 3
5 0 U 4
6 0 L 0
7 0 U 6
8 0 U 7
9 1 L 4
10 1 U 9
11 0 U 10
12 1 U -1
13 1 U 12
14 1 U 13
15 0 U 14
16 1 U -1
17 1 L 13
18 0 U -1
19 0 U 18
20 1 U 19
21 0 L 13
22 1 U 21
23 0 U 22
24 0 U -1
25 0 U 24
26 0 U 25
27 0 U 1
28 0 U 27
29 1 U 28
30 0 U -1
31 0 U 30
32 0 U 31
33 0 U 32
34 0 U 33
35 0 U 34
36 0 U -1
37 0 U 36
38
0 1 U -1
1 1 U 0
2 1 U 1
3 1 U 2
4 1 U 3
5 0 U 4
6 0 L 0
7 0 U 6
8 0 U 7
9 1 U 8
10 1 U 9
11 0 U 10
12 1 U -1
13 1 U 12
14 1 U 13
15 0 U 14
16 0 U 11
17 0 U 16
18 0 U -1
19 0 U 18
20 1 U 19
21 1 U 2
22 1 U 21
23 0 U 18
24 1 L 1
25 0 U 24
26 0 U 25
27 0 U 1
28 0 U 27
29 1 U 28
30 0 U -1
31 0 U 30
32 0 U 31
33 0 U 32
34 0 U 33
35 0 U 34
36 0 U -1
37 0 U 36
38
0 1 U -1
1 1 L 0
2 1 U 1
3 1 U 2
4 1 U 3
5 1 U 1
6 0 L 0
7 0 U 6
8 0 U 7
9 1 L 5
10 1 U 9
11 0 U 10
12 1 U -1
13 1 U 12
14 1 U 13
15 0 U 14
16 0 U 11
17 0 U 16
18 0 U -1
19 1 U 5
20 1 U 19
21 0 L 13
22 1 U 21
23 0 U 22
24 0 U -1
25 0 U 24
26 0 U 25
27 0 U 1
28 0 U 27
29 1 U 28
30 0 U -1
31 1 U 8
32 0 L 22
33 0 U 32
34 0 U 33
35 0 U 34
36 0 U -1
37 0 U 36
38
0 1 U -1
1 1 U 0
2 1 U 1
3 1 U 2
4 1 U 3
5 0 U 4
6 0 L 0
7 0 U 6
8 0 U 7
9 1 U 8
10 1 U 9
11 0 U 10
12 1 U -1
13 1 U 12
14 1 U 13
15 0 U 14
16 0 U 11
17 0 U 16
18 0 U -1
19 0 U 18
20 1 U 19
21 0 L 13
22 1 U 21
23 0 U 22
24 0 U -1
25 0 U 24
26 0 U 25
27 0 U 1
28 0 U 27
29 1 U 28
30 0 U -1
31 0 U 30
32 0 U 31
33 0 U 32
34 0 U 33
35 0 U 34
36 0 U -1
37 1 U 24
38
0 1 U -1
1 1 U 0
2 1 U -1
3 1 U 2
4 0 U 3
5 0 U 4
6 0 L 0
7 0 U 6
8 0 U 7
9 1 U 8
10 1 U 9
11 0 U 10
12 1 U -1
13 1 U 12
14 1 U 13
15 0 U 14
16 1 L 7
17 0 U 16
18 0 U -1
19 0 U 18
20 1 U 19
21 0 L 13
22 1 U 21
23 0 U 22
24 0 U -1
25 1 L 21
26 0 U 25
27 0 U 1
28 0 U 27
29 1 U 28
30 0 U -1
31 0 U 30
32 0 U 31
33 0 U 32
34 0 U 33
35 0 U 34
36 0 U -1
37 0 L 9
38
0 1 U -1
1 1 U 0
2 1 U 1
3 1 U 2
4 1 U 3
5 0 U 4
6 0 L 0
7 0 U 6
8 0 U 7
9 1 U 8
10 1 U 9
11 0 U 10
12 1 U -1
13 1 L 10
14 1 U 13
15 0 U 14
16 0 U -1
17 1 U 6
18 0 U -1
19 0 L -1
20 1 U 19
21 0 L 13
22 1 U 21
23 0 U 22
24 0 U -1
25 0 U 24
26 0 U 25
27 0 U 1
28 0 L 11
29 1 U 28
30 0 U -1
31 0 U 30
32 0 U 31
33 0 U 32
34 0 U 33
35 0 U 34
36 0 U -1
37 0 U 36
38
0 1 U -1
1 1 U -1
2 1 U 1
3 1 U 2
4 1 U -1
5 1 U -1
6 0 L 0
7 0 U 6
8 0 U 7
9 1 U 8
10 1 U 9
11 0 U 10
12 1 U -1
13 1 U 12
14 1 U 13
15 0 U 14
16 0 U 11
17 1 L 1
18 0 U -1
19 0 U 18
20 1 U 19
21 0 L 13
22 1 U 21
23 0 U 22
24 0 U -1
25 0 U 24
26 0 U 25
27 0 U 1
28 0 U 27
29 1 U 28
30 0 U -1
31 0 L 20
32 0 L 13
33 0 U 32
34 0 U 33
35 0 U 34
36 0 U -1
37 0 U 36
38
0 1 U -1
1 1 U 0
2 1 U 1
3 1 U 2
4 1 U 3
5 0 U 4
6 0 L 0
7 0 U 6
8 0 U 7
9 1 U 8
10 1 L 2
11 0 U 10
12 1 U -1
13 1 U 12
14 1 U 13
15 0 U 14
16 0 U 11
17 0 U 16
18 0 U -1
19 1 U 11
20 1 U 19
21 0 L 13
22 1 U 21
23 0 U 22
24 0 U -1
25 0 U 24
26 0 U 25
27 0 U 1
28 0 U 4
29 1 U 28
30 1 L 6
31 0 U 30
32 0 U 31
33 0 U 32
34 0 U 33
35 0 U 34
36 0 U -1
37 0 U 36
38
0 1 U -1
1 1 U 0
2 1 U 1
3 1 U 2
4 1 U 3
5 0 U 4
6 0 L 0
7 0 U 6
8 0 U 7
9 1 U 8
10 1 U 9
11 1 L 8
12 1 U -1
13 1 U 12
14 1 U 13
15 0 U 14
16 0 U 11
17 0 U 0
18 0 U -1
19 0 U 18
20 1 U 19
21 0 L 13
22 1 U 21
23 0 U 22
24 0 U -1
25 0 U 24
26 0 U 25
27 0 U 1
28 0 U 27
29 1 U 28
30 0 U -1
31 0 U 30
32 0 U 31
33 0 U 32
34 0 U 33
35 0 U 34
36 0 U -1
37 0 U 36
38
0 0 U -1
1 1 U 0
2 1 U 1
3 1 U 2
4 1 U 3
5 0 L 1
6 0 L 0
7 0 U 6
8 0 U 7
9 1 U 8
10 1 U 9
11 0 U 10
12 1 U -1
13 1 U 12
14 1 U 13
15 0 L 12
16 0 U 11
17 0 U 16
18 0 U -1
19 0 U -1
20 1 U 19
21 0 L 13
22 1 U 21
23 0 U 22
24 0 U -1
25 0 U 24
26 0 U 25
27 0 U 1
28 0 U 27
29 1 U 28
30 0 U -1
31 1 L 3
32 0 U 31
33 0 U 32
34 0 U 33
35 0 U 34
36 0 U -1
37 0 U 36
38
0 1 U -1
1 1 U 0
2 1 U 1
3 1 U 2
4 1 U 3
5 0 U 4
6 0 L 0
7 0 U 6
8 0 U 7
9 1 U 8
10 1 U 9
11 0 U 10
12 1 U -1
13 1 U 12
14 1 U 13
15 1 L 11
16 0 U 11
17 0 U 16
18 0 U -1
19 1 L 0
20 1 U 19
21 0 L 13
22 1 U 21
23 0 U 10
24 1 L 23
25 0 U 24
26 0 U 25
27 0 U 1
28 0 U 27
29 1 U 28
30 0 U -1
31 0 U 30
32 1 U 25
33 0 U 32
34 0 U 33
35 0 U 34
36 0 U -1
37 1 U 3
38
0 1 U -1
1 1 U 0
2 1 U 1
3 1 U 2
4 1 U 3
5 0 U 4
6 0 L 0
7 0 U 6
8 0 U 7
9 1 U 8
10 1 U 9
11 0 U 10
12 1 U -1
13 1 U 12
14 1 U 13
15 0 U 14
16 0 U 11
17 0 U 16
18 0 U 16
19 0 U 18
20 1 U 19
21 0 L 13
22 1 U 21
23 0 U 22
24 0 U -1
25 0 U 24
26 0 U 25
27 0 U 1
28 0 U 27
29 1 U 28
30 0 L 11
31 0 U 30
32 0 U 31
33 0 U 32
34 0 U 33
35 0 U 34
36 0 U -1
37 0 U 36
38
0 1 U -1
1 1 U 0
2 1 U 1
3 1 U 2
4 1 U 3
5 0 U 4
6 0 L 0
7 0 U 6
8 0 U 7
9 1 U 8
10 1 U 9
11 0 U 10
12 1 U -1
13 1 U 12
14 0 L 9
15 0 U 14
16 0 U 11
17 0 U 16
18 0 U -1
19 0 U 18
20 0 L 0
21 0 L 13
22 1 L -1
23 0 U 22
24 0 U -1
25 0 U 24
26 0 U 25
27 0 U 1
28 1 U 14
29 1 U 28
30 1 U 0
31 0 U 30
32 0 U 31
33 0 U 32
34 0 U 33
35 0 U 34
36 0 U -1
37 0 U 36
38
0 1 U -1
1 1 U 0
2 1 U 1
3 1 U 2
4 1 U 3
5 0 U 4
6 0 L 0
7 0 U 6
8 0 U 7
9 1 U 8
10 1 U 9
11 0 U 10
12 0 L 5
13 1 U 12
14 1 U 13
15 0 U 14
16 0 U 11
17 0 U 16
18 0 U -1
19 0 U 18
20 1 U 19
21 0 L 13
22 1 U 21
23 0 U 22
24 0 U -1
25 0 U 24
26 0 U 25
27 0 U 1
28 0 U 27
29 1 U 28
30 0 U -1
31 1 L -1
32 0 U 31
33 0 U 32
34 0 U 33
35 0 U 34
36 0 U -1
37 0 U 36
38
0 1 U -1
1 1 U 0
2 1 U 1
3 1 U 2
4 1 U 1
5 0 U 4
6 0 L 0
7 0 U 6
8 0 U 7
9 1 U 8
10 1 L 1
11 0 U 10
12 1 U -1
13 1 U 12
14 0 U 4
15 0 U 14
16 0 U 11
17 0 U 16
18 0 U -1
19 0 U 18
20 1 U 19
21 0 L 13
22 1 U 21
23 0 U 22
24 0 U -1
25 0 U 24
26 0 U 25
27 0 U 1
28 0 U 27
29 1 U 28
30 0 U -1
31 0 U 30
32 0 U 31
33 0 U 32
34 0 U 33
35 0 U 34
36 1 U 10
37 0 U 36
38
0 1 U -1
1 1 U 0
2 1 U 1
3 1 U 2
4 1 U 3
5 0 U 0
6 0 L 0
7 0 U 6
8 0 U 7
9 1 U 8
10 0 U 1
11 0 U 10
12 0 L 7
13 1 U 12
14 1 U 13
15 0 L 10
16 0 U 11
17 0 U 16
18 0 U -1
19 0 U 18
20 1 U 19
21 0 L 13
22 1 U 21
23 0 U 22
24 0 U -1
25 0 U 24
26 0 U 25
27 0 U 1
28 0 U 27
29 1 U 28
30 0 U -1
31 0 U 30
32 1 L 26
33 0 U 32
34 0 U 33
35 0 U 34
36 0 U -1
37 0 U 36
38
0 1 U -1
1 1 U 0
2 1 U 1
3 1 U 2
4 0 L -1
5 0 U 4
6 0 L 0
7 0 U 6
8 0 U 7
9 1 L 2
10 1 U 9
11 0 U 10
12 1 U -1
13 1 U 12
14 1 U 13
15 0 U 14
16 0 U 11
17 0 U 6
18 0 U -1
19 0 U 18
20 1 L 16
21 0 L 13
22 1 U 21
23 0 U 22
24 0 U -1
25 0 U 24
26 0 U 25
27 0 U 1
28 0 U 27
29 1 U 28
30 0 U -1
31 0 U 30
32 0 U 31
33 0 U 32
34 0 U 33
35 0 U 34
36 0 U -1
37 0 U 36
38
0 1 U -1
1 1 U 0
2 1 U 1
3 1 U 2
4 1 U 3
5 0 U 4
6 0 L 0
7 0 U 6
8 0 U 7
9 1 U 8
10 1 U 9
11 0 U 10
12 1 U -1
13 1 U 12
14 1 U 13
15 0 U 14
16 0 U 11
17 0 U 16
18 0 U -1
19 0 U 18
20 1 U 19
21 1 U 0
22 0 U 11
23 0 U 22
24 0 U -1
25 0 U 24
26 0 U 25
27 0 U 1
28 1 L 11
29 1 U 28
30 0 L 15
31 0 U 30
32 0 U 31
33 0 U 32
34 0 U 33
35 0 U 34
36 0 U -1
37 0 U 36
38
0 1 U -1
1 1 U 0
2 1 U 1
3 1 U 2
4 1 U 3
5 0 U 4
6 0 L 0
7 0 L 3
8 0 U 7
9 1 U 8
10 1 U 9
11 0 U 10
12 1 U -1
13 1 U 12
14 1 U 13
15 0 U 14
16 0 U 11
17 0 U 16
18 0 U -1
19 0 U 18
20 1 U 19
21 0 L 13
22 1 U 21
23 0 U 22
24 0 U -1
25 0 U 24
26 0 U 25
27 0 U 1
28 0 U 27
29 1 U 28
30 0 U -1
31 0 U 30
32 0 U 31
33 0 U 32
34 0 U 33
35 0 U 34
36 0 U -1
37 0 U 36
38
0 1 U -1
1 1 U 0
2 1 U 1
3 1 U 1
4 1 U 3
5 0 U 4
6 0 L 0
7 0 U 6
8 0 U 7
9 1 U 8
10 1 U 9
11 0 U 10
12 1 U -1
13 1 U 12
14 1 U 13
15 0 U 14
16 0 U 11
17 0 U 16
18 0 U -1
19 0 U 18
20 1 U 19
21 0 L 13
22 1 U 21
23 0 U 22
24 1 U 17
25 0 U 24
26 0 U 25
27 0 U 1
28 1 L 13
29 1 U 28
30 0 U -1
31 0 U 30
32 0 U 31
33 0 U 32
34 0 U 33
35 0 U 34
36 0 U -1
37 0 U 36
38
0 1 U -1
1 1 U 0
2 1 U 1
3 1 U 2
4 1 U 3
5 0 U 4
6 0 L 0
7 0 U 6
8 0 U 7
9 1 U 8
10 1 U 9
11 0 U 10
12 1 U -1
13 1 U 12
14 1 U 13
15 0 U 14
16 0 U 11
17 0 U 13
18 0 U -1
19 0 U 18
20 1 U 19
21 0 L 13
22 1 U 21
23 0 U 22
24 0 U -1
25 0 U 24
26 0 U 25
27 0 U 1
28 1 L 12
29 1 U 28
30 0 U -1
31 1 U 20
32 0 U 31
33 0 U 32
34 1 L 5
35 0 U 34
36 0 U -1
37 0 U 36
38
0 1 U -1
1 1 U 0
2 1 U 1
3 1 U 2
4 1 U 3
5 1 L 2
6 0 L 0
7 0 U 6
8 0 U 7
9 1 U 8
10 1 U 9
11 0 U 10
12 1 U -1
13 1 U 12
14 1 U 13
15 0 U 14
16 0 U 11
17 0 U 16
18 0 U -1
19 0 U 18
20 1 U 19
21 0 L 13
22 1 U 21
23 0 U 22
24 0 U -1
25 0 L 0
26 0 U 25
27 0 U 1
28 0 U 27
29 1 U 28
30 0 U -1
31 0 U 30
32 0 U 31
33 0 U 32
34 0 U 33
35 0 U 34
36 0 U -1
37 0 U 36
38
0 1 U -1
1 1 U 0
2 1 U 1
3 1 U 2
4 1 U 3
5 0 U 4
6 0 L 0
7 0 U 6
8 0 U 7
9 1 U 8
10 1 U 9
11 0 U 10
12 1 U -1
13 1 U 12
14 1 U 13
15 0 U 14
16 0 U 11
17 0 U 16
18 0 U -1
19 0 U 18
20 1 U 19
21 0 L 13
22 1 U 21
23 0 U 22
24 0 U -1
25 0 U 24
26 0 U 25
27 0 U 1
28 0 U 27
29 1 L 13
30 0 U -1
31 0 U 30
32 0 U 31
33 0 U 32
34 0 U 33
35 0 U 34
36 0 U -1
37 0 U 36
38
0 0 U -1
1 1 U 0
2 1 U 1
3 1 U 2
4 1 U 3
5 0 U 4
6 0 L 0
7 0 U 6
8 0 U 7
9 0 U 7
10 1 U 9
11 0 U 5
12 1 U -1
13 1 U 12
14 1 U 13
15 0 U 14
16 0 U 11
17 0 U 16
18 0 U -1
19 0 U 18
20 1 U 19
21 0 L 13
22 1 U 21
23 0 U 22
24 0 U -1
25 0 U 24
26 0 U 25
27 0 U 1
28 0 U 27
29 1 U 28
30 0 U -1
31 0 U 30
32 0 U 31
33 0 U 32
34 0 U 33
35 0 U 34
36 0 U -1
37 0 U 36
38
0 1 U -1
1 1 U 0
2 1 U 1
3 1 U 2
4 1 U 3
5 0 U 4
6 0 L 0
7 0 U 6
8 0 U 7
9 0 U 0
10 1 U 9
11 0 U 10
12 1 U 1
13 1 U 12
14 1 U 13
15 1 L 9
16 0 U 11
17 0 U 16
18 0 U -1
19 1 U 14
20 1 U 19
21 0 L 13
22 1 U 21
23 0 U 22
24 0 U 19
25 0 U 24
26 0 U 25
27 1 U 12
28 0 U 27
29 1 U 28
30 0 U -1
31 0 L 28
32 0 U 31
33 0 L 32
34 0 U 33
35 0 U 34
36 0 U -1
37 0 U 36
38
0 1 U -1
1 1 U 0
2 0 L 1
3 1 U 2
4 1 U 3
5 0 U 4
6 0 L 0
7 0 U 6
8 0 U 7
9 1 U 8
10 1 U 9
11 0 U 10
12 1 U -1
13 1 U 12
14 1 U 13
15 0 U 14
16 0 U 11
17 0 U 16
18 0 U -1
19 0 U 18
20 1 U 19
21 0 L 13
22 1 U 21
23 0 U 22
24 0 U -1
25 0 U 24
26 0 U 25
27 0 U 1
28 0 U 27
29 1 U 28
30 0 U -1
31 0 U 30
32 0 U 31
33 0 U 32
34 0 L 4
35 0 U 34
36 0 U -1
37 0 U 22
38
0 1 U -1
1 1 U 0
2 1 U 1
3 1 U 2
4 1 U 3
5 0 U 4
6 0 L 0
7 0 U 6
8 1 L 6
9 1 U 8
10 1 U 9
11 0 U 10
12 1 U -1
13 1 U 12
14 1 U 13
15 0 U 14
16 0 U 11
17 0 U 16
18 1 U 6
19 0 U 18
20 1 U 19
21 0 L 13
22 1 U 21
23 0 U 22
24 0 U -1
25 1 U 16
26 0 U 25
27 0 U 1
28 0 U 27
29 1 U 28
30 0 U -1
31 0 U 30
32 0 U 31
33 0 U 32
34 0 U 33
35 0 U 34
36 0 U -1
37 0 U 36
38
0 1 U -1
1 1 U -1
2 1 U 1
3 1 U 2
4 1 U 3
5 1 L 3
6 0 L 0
7 0 L 3
8 0 U 7
9 1 U 8
10 1 U 9
11 0 U 10
12 1 L 7
13 1 U 12
14 1 U 13
15 0 U 14
16 0 U 11
17 0 U 16
18 0 U -1
19 0 U 18
20 1 U 19
21 0 L 13
22 1 U 21
23 0 U 22
24 0 U -1
25 0 U 24
26 0 U 25
27 0 U 1
28 1 L 6
29 1 U 28
30 0 U -1
31 0 U 30
32 0 U 31
33 0 U 32
34 0 U 33
35 0 U 34
36 0 U -1
37 0 U 36
38
0 1 U -1
1 1 U 0
2 1 U 1
3 0 L 2
4 1 U 3
5 0 U 4
6 0 L 0
7 0 U 6
8 0 U 7
9 1 U 8
10 1 U 9
11 0 U 10
12 1 U -1
13 1 U 12
14 1 U 13
15 0 U 14
16 0 U 11
17 0 U 16
18 0 U -1
19 0 L 2
20 1 U 19
21 0 L 13
22 1 U 9
23 0 U 22
24 0 U -1
25 0 U 24
26 0 U 25
27 0 U 1
28 0 U 27
29 1 U 28
30 0 U -1
31 0 U 30
32 0 U 31
33 0 U 32
34 0 U 33
35 0 U 34
36 0 U -1
37 0 U 36
38
0 1 U -1
1 1 U 0
2 1 U 1
3 1 U 2
4 1 U 3
5 0 U 4
6 0 L 0
7 0 U 6
8 0 U 7
9 1 U 8
10 1 U 9
11 0 U 10
12 1 U -1
13 1 U 12
14 1 U 13
15 0 U 14
16 0 U 11
17 0 U 16
18 0 U -1
19 0 U 18
20 1 U 19
21 0 L 13
22 1 U 21
23 0 U 22
24 0 L 1
25 0 U 24
26 0 U 25
27 1 L 3
28 0 U 27
29 1 U 28
30 0 U -1
31 0 U 30
32 0 U 31
33 0 U 32
34 0 U 33
35 0 U 34
36 0 U 16
37 0 U 36
38
0 1 U -1
1 1 L -1
2 1 U 1
3 1 U 2
4 1 U 3
5 0 U 4
6 0 L 0
7 0 U 6
8 0 U 7
9 1 U 8
10 1 U 9
11 0 U 10
12 1 U -1
13 1 U 12
14 1 U 13
15 0 U 14
16 0 U 11
17 0 U 16
18 0 U -1
19 0 U 18
20 1 U 19
21 0 L 13
22 1 U 21
23 1 U 22
24 0 U -1
25 0 U 24
26 0 U 25
27 0 U 1
28 0 U 27
29 0 U 21
30 0 U -1
31 0 U 30
32 0 U 31
33 0 U 32
34 0 U 33
35 0 U 34
36 0 U -1
37 0 U 36
38
0 1 U -1
1 1 U 0
2 1 U 1
3 1 U 2
4 1 U 3
5 0 U 4
6 0 U -1
7 0 U 6
8 0 U 7
9 1 U 8
10 1 U 9
11 0 U 10
12 1 U -1
13 1 U 12
14 1 U -1
15 1 U 11
16 0 U 11
17 0 U 16
18 0 U -1
19 0 U 18
20 1 U 19
21 0 L 13
22 1 U 21
23 0 U 22
24 0 U -1
25 0 U 24
26 0 U 25
27 0 U 1
28 0 U 27
29 1 U 28
30 0 U -1
31 0 U 30
32 0 U 20
33 0 L 11
34 0 U 33
35 0 U 34
36 0 U -1
37 0 U 36
38
0 1 U -1
1 0 U -1
2 1 U 1
3 1 U 2
4 1 U 3
5 0 U 4
6 0 L 0
7 0 U 6
8 0 U 7
9 1 U 8
10 0 U 2
11 0 U 10
12 1 U -1
13 1 U 12
14 1 U 13
15 0 U 14
16 0 U 11
17 0 U 16
18 0 U -1
19 0 U 18
20 1 U 19
21 0 L 13
22 1 U 21
23 0 U 22
24 1 L 16
25 0 U 24
26 1 L 18
27 0 U 1
28 0 U -1
29 1 U 28
30 0 U -1
31 0 U 30
32 0 U 31
33 0 U 14
34 0 U 33
35 1 L 0
36 1 U 8
37 0 U 36
38
0 1 L -1
1 1 U 0
2 1 U 1
3 1 U 2
4 1 U 3
5 0 U 4
6 0 L 0
7 0 U 6
8 0 U 7
9 1 U 8
10 1 U 9
11 0 U 10
12 1 U -1
13 1 U 12
14 1 U 13
15 0 U 14
16 0 U 11
17 0 U 16
18 0 U -1
19 0 U 18
20 1 U 19
21 0 L 13
22 1 U 21
23 0 U 22
24 0 U -1
25 0 U 24
26 0 U 25
27 0 U 1
28 0 U 27
29 1 U 28
30 0 U -1
31 0 U 30
32 0 U 31
33 0 U 32
34 0 U 33
35 0 U 34
36 0 U -1
37 0 U 36
38
0 1 U -1
1 0 U 0
2 1 U 1
3 0 U 2
4 1 U 3
5 0 U 4
6 0 L 0
7 0 U 6
8 1 U -1
9 1 U 8
10 1 U 9
11 0 U 10
12 1 U -1
13 1 U 12
14 1 U 13
15 0 U 14
16 0 U 11
17 0 U 16
18 0 U -1
19 0 U 18
20 1 U 19
21 0 L 13
22 1 U 21
23 0 U 22
24 0 U -1
25 0 U 24
26 0 U 25
27 1 L -1
28 0 U 27
29 0 U 19
30 0 U -1
31 0 U 30
32 1 L 29
33 0 U 32
34 0 U 33
35 0 U 34
36 0 U 12
37 0 U 36
38
0 1 U -1
1 1 U 0
2 1 U 1
3 1 U 2
4 1 U 3
5 0 U 4
6 0 L 0
7 0 U 6
8 0 U 7
9 1 U 8
10 1 U 9
11 0 U 10
12 1 U -1
13 1 U 12
14 1 U 13
15 0 U 14
16 0 U 11
17 0 U 16
18 0 U -1
19 0 U 18
20 1 L 16
21 0 L 13
22 1 U 21
23 0 U 22
24 0 U -1
25 0 U 24
26 0 U 25
27 0 U 1
28 0 U 27
29 1 U 28
30 0 U -1
31 0 U 30
32 0 U 31
33 0 U 32
34 0 U 33
35 0 U 34
36 0 U -1
37 0 U 36
38
0 1 U -1
1 1 U 0
2 1 U 1
3 1 U 2
4 1 U 3
5 0 U 4
6 0 L 0
7 0 U 6
8 0 U 7
9 1 U 8
10 1 U 9
11 0 U 10
12 1 U -1
13 1 U 12
14 1 U 13
15 0 U 14
16 0 U 11
17 0 U 16
18 0 U -1
19 0 U 18
20 1 U 19
21 0 L 13
22 1 U 21
23 0 U 22
24 0 U -1
25 0 U 24
26 0 U 25
27 0 U 1
28 0 U 27
29 1 U 28
30 0 U -1
31 0 U 30
32 0 U 31
33 0 U 32
34 0 U 33
35 0 U 34
36 0 U -1
37 0 U 36
38
0 0 L -1
1 1 U 0
2 1 U 1
3 1 U 2
4 0 L -1
5 0 U 4
6 0 L 0
7 0 L -1
8 1 L 7
9 1 U 8
10 1 U 9
11 0 U 10
12 1 U -1
13 1 U 12
14 1 U 13
15 0 U 14
16 0 U 11
17 0 U 16
18 0 U -1
19 0 U 18
20 1 U 19
21 0 U 17
22 1 U 21
23 0 L 17
24 1 U 14
25 0 U 24
26 0 U 25
27 0 U 1
28 1 L 24
29 1 U 28
30 0 U -1
31 0 U 30
32 0 U 2
33 0 U 32
34 0 U 33
35 0 U 34
36 0 U -1
37 0 U 36
38
0 1 U -1
1 1 U 0
2 1 U 1
3 1 U 2
4 1 U 3
5 0 U 4
6 0 L 0
7 0 U 2
8 0 U 7
9 1 U 8
10 1 U 9
11 0 U 10
12 1 U -1
13 1 U 12
14 1 U 13
15 0 U 14
16 0 U 11
17 0 U 16
18 0 U -1
19 0 U 18
20 0 U 10
21 0 L 13
22 1 U 21
23 0 U 22
24 0 U -1
25 0 U 24
26 0 U 25
27 0 U 1
28 0 U 27
29 1 U 28
30 0 U -1
31 0 U 30
32 0 U 31
33 0 U 32
34 0 U 33
35 0 U 34
36 0 U -1
37 0 U 36
38
0 1 U -1
1 1 U 0
2 1 U 1
3 1 U 2
4 1 U 3
5 0 U 1
6 0 L 0
7 0 U 6
8 0 U 7
9 1 U 8
10 1 U 9
11 0 U 10
12 1 U -1
13 1 U 12
14 1 U 13
15 0 U 11
16 0 U 11
17 0 U 16
18 0 U -1
19 0 U 18
20 1 U 19
21 0 L 13
22 1 U 21
23 0 U 22
24 0 U -1
25 0 U 24
26 0 U 25
27 0 L 18
28 0 U 27
29 1 U 28
30 0 U -1
31 0 U 30
32 0 U 31
33 0 U 32
34 0 U 33
35 0 U 34
36 0 U -1
37 0 U 36
38
0 1 U -1
1 1 U 0
2 1 U 1
3 1 L 0
4 1 U 3
5 0 U 4
6 0 L 0
7 1 U 3
8 0 U 7
9 1 U 8
10 1 U 9
11 0 U 10
12 1 U -1
13 1 U 12
14 1 U 13
15 0 U 14
16 0 U 11
17 0 U 16
18 0 U -1
19 1 U 12
20 1 U 19
21 0 L 13
22 1 U 21
23 0 U 22
24 0 U -1
25 0 U 24
26 0 U 25
27 0 U 1
28 0 U 27
29 1 U 28
30 0 U -1
31 0 U 30
32 0 U 31
33 0 U 32
34 0 U 33
35 0 U 34
36 0 U -1
37 0 U 36
38
0 1 U -1
1 1 U 0
2 1 U 1
3 1 U 2
4 1 U 3
5 0 U 4
6 0 L 0
7 0 U 6
8 1 U 5
9 1 U 8
10 1 U 9
11 0 U 10
12 1 U -1
13 1 L 7
14 1 U 13
15 0 U 14
16 0 U 11
17 0 U 16
18 0 U -1
19 0 U 18
20 1 U 19
21 0 L 13
22 1 U 21
23 0 U 22
24 1 L 16
25 0 U 24
26 0 U 25
27 0 U 1
28 0 U 27
29 1 U 28
30 0 U -1
31 0 U 30
32 0 U 31
33 1 U 7
34 0 U 33
35 0 U 34
36 0 U -1
37 0 U 36
38
0 1 U -1
1 1 U 0
2 1 U 1
3 1 U 2
4 1 L 2
5 0 U 4
6 0 L 0
7 0 U 6
8 0 U 7
9 1 U 8
10 1 U 9
11 0 U 10
12 1 U -1
13 1 U 12
14 1 U 13
15 0 U 14
16 0 U 11
17 0 U 16
18 0 U -1
19 0 U 18
20 1 U 19
21 0 L 13
22 1 U 21
23 0 U 22
24 0 U -1
25 0 U 24
26 0 U 25
27 0 U 1
28 0 U 27
29 1 U 28
30 0 U -1
31 0 U 30
32 0 U 31
33 0 U 32
34 0 U 33
35 0 U 34
36 0 U -1
37 0 L 10
38
0 1 U -1
1 1 U 0
2 1 U 1
3 1 U 2
4 1 U 3
5 0 U 4
6 0 L 0
7 0 U 6
8 0 U 7
9 1 U 8
10 1 U 9
11 0 U 10
12 1 U -1
13 1 L 12
14 1 U 13
15 0 U 14
16 0 U 11
17 0 U 16
18 0 U -1
19 0 U 18
20 0 U 9
21 0 L 13
22 1 U 21
23 0 U 22
24 0 U -1
25 0 U 24
26 0 U 25
27 0 U 1
28 0 L 20
29 1 U 28
30 0 U -1
31 0 U 30
32 0 U 31
33 0 U 32
34 0 U 33
35 0 U 34
36 0 U -1
37 0 U 36
38
0 1 U -1
1 1 U 0
2 1 U 1
3 1 U 2
4 1 U 3
5 0 U 4
6 0 L 0
7 0 U 6
8 0 U 7
9 1 U 8
10 1 U 9
11 0 U 10
12 1 U -1
13 1 U 12
14 1 U 13
15 0 U 14
16 0 U 11
17 0 U 16
18 0 U -1
19 0 U 18
20 1 U 19
21 0 L 13
22 1 U 21
23 0 U 22
24 0 U -1
25 0 U 24
26 0 U 25
27 0 U 1
28 0 U 27
29 1 U 28
30 0 U -1
31 0 U 30
32 0 U 31
33 0 U 32
34 0 U 33
35 0 L 17
36 1 U 8
37 0 U 36
