79
0 1 U -1
1 1 U 0
2 0 U 1
3 0 U 2
4 0 U 3
5 1 U 4
6 0 U 5
7 1 U 6
8 1 U -1
9 0 U 8
10 0 U 9
11 1 U 10
12 1 U 11
13 0 U 12
14 0 U 13
15 0 U 14
16 0 U -1
17 0 U 16
18 0 U 17
19 1 U 18
20 0 U 19
21 1 U 20
22 0 U 21
23 1 U 22
24 0 U -1
25 1 U 24
26 1 U 25
27 0 U 26
28 1 U 27
29 0 U 28
30 1 U 29
31 0 U 30
32 0 U -1
33 1 U 32
34 1 U 33
35 0 U 34
36 0 U 35
37 1 U 36
38 0 U 37
39 1 U 38
40 0 U -1
41 0 U 40
42 1 U 41
43 0 U 42
44 0 U 43
45 0 U 44
46 1 U 45
47 1 U 46
48 0 U -1
49 0 U 48
50 1 U 49
51 0 U 50
52 1 U 51
53 1 U 52
54 0 U 53
55 1 U 54
56 0 U -1
57 0 U 56
58 0 U 57
59 0 U 58
60 0 U 59
61 0 U 60
62 1 U 61
63 0 U 62
64 1 U -1
65 0 U 64
66 0 U 65
67 1 U 66
68 1 U 67
69 0 U 68
70 1 U 69
71 1 U 70
72 1 U -1
73 1 U 72
74 0 U 73
75 0 U 74
76 0 U 75
77 0 U 76
78 1 U 77
79
0 1 U -1
1 1 U 0
2 0 U 1
3 0 U 2
4 0 U 3
5 1 U 4
6 0 U 2
7 1 U 6
8 1 U -1
9 0 U 8
10 0 U 9
11 1 U 10
12 1 U 11
13 0 U 12
14 0 U 13
15 0 U 14
16 0 U -1
17 0 U 16
18 1 U 2
19 1 U 18
20 0 U 19
21 1 U 20
22 0 U 21
23 1 U 22
24 0 U -1
25 1 U 24
26 1 U 25
27 0 U 26
28 0 U 10
29 0 U 28
30 1 U 29
31 0 U 30
32 0 U -1
33 1 U 32
34 1 U 33
35 0 U 34
36 0 U 35
37 1 U 36
38 0 U 37
39 1 U 38
40 0 U -1
41 0 U 40
42 1 U 41
43 0 U 42
44 1 U 13
45 0 U 44
46 1 U 45
47 1 U 46
48 0 U -1
49 0 U 48
50 1 U 49
51 0 U 50
52 1 U 51
53 1 U 52
54 0 U 53
55 1 U 54
56 0 U -1
57 0 U 56
58 0 U 57
59 0 U 58
60 0 U 59
61 0 U 60
62 1 U 61
63 0 U 62
64 0 L 0
65 0 U 14
66 0 U 65
67 1 U 66
68 1 U 67
69 1 U 38
70 1 L 16
71 1 U 70
72 1 U -1
73 1 U 72
74 0 U 73
75 0 U 74
76 0 U 75
77 0 U 76
78 1 U 77
79
0 1 U -1
1 1 U 0
2 0 U 1
3 0 U 2
4 0 U 3
5 1 U 4
6 0 U 5
7 1 U 6
8 1 U -1
9 0 U 8
10 0 U 9
11 1 U 10
12 1 U 11
13 0 U 12
14 0 U 13
15 0 U 14
16 0 U -1
17 0 U 16
18 0 U 17
19 1 U 18
20 0 U 19
21 1 U 20
22 0 U 21
23 1 U 22
24 0 U -1
25 1 U 24
26 1 U 25
27 0 U 26
28 1 U 27
29 0 U 28
30 1 U 29
31 0 U 30
32 0 U -1
33 1 U 32
34 1 U 33
35 0 U 34
36 0 U 35
37 1 U 7
38 0 U 37
39 1 U 38
40 0 U -1
41 0 U 40
42 1 U 41
43 0 U 42
44 0 U 43
45 0 U 44
46 1 U 45
47 1 U 46
48 0 U -1
49 0 L 42
50 1 U 49
51 0 U 50
52 1 U 51
53 1 U 52
54 0 U 53
55 1 U 54
56 0 U -1
57 0 U 56
58 0 U 57
59 0 L 9
60 0 U 59
61 0 U 60
62 1 U 61
63 0 U 62
64 1 U -1
65 0 U 64
66 0 U 65
67 1 U 66
68 1 U 67
69 0 U 68
70 1 U 69
71 1 U 70
72 1 U -1
73 1 U 72
74 0 U 73
75 0 U 74
76 1 L 71
77 0 U 76
78 1 U 77
79
0 1 U -1
1 1 U 0
2 0 U 1
3 0 U 2
4 0 U 3
5 0 U 4
6 0 U 5
7 1 L 2
8 1 U -1
9 0 U 5
10 0 U 9
11 1 U 10
12 1 U 11
13 0 U 12
14 0 U 13
15 0 U 14
16 0 U -1
17 0 L 10
18 0 U 17
19 0 U 0
20 0 U 19
21 1 U 20
22 0 U 21
23 1 U 22
24 0 U -1
25 1 U 24
26 1 U 25
27 0 U 26
28 1 U 27
29 0 U 23
30 1 U 29
31 0 U 30
32 0 U -1
33 1 U 32
34 1 U 33
35 0 U 34
36 0 U 35
37 1 U 36
38 0 U 37
39 1 L 9
40 0 U -1
41 1 L 30
42 1 U 41
43 0 U 42
44 0 U 43
45 0 U 44
46 1 U 45
47 1 U 46
48 0 U -1
49 0 U 48
50 1 U 49
51 0 U 50
52 1 U 51
53 1 U 52
54 0 U 53
55 1 U 54
56 0 U -1
57 0 U 56
58 0 U 57
59 0 U 58
60 0 U 59
61 0 U 60
62 1 U 1
63 0 U 62
64 1 U -1
65 0 U 64
66 0 U 65
67 1 L 15
68 1 U 67
69 0 U 68
70 1 U 69
71 1 U 70
72 1 L 37
73 0 L 14
74 0 U 73
75 0 U 74
76 0 U 75
77 0 U 76
78 1 U 77
79
0 1 U -1
1 1 U 0
2 0 U 1
3 0 U 2
4 0 U 3
5 1 L 2
6 0 U 5
7 1 U 6
8 1 U -1
9 0 U 8
10 0 U 9
11 1 U 4
12 1 U 11
13 0 U 12
14 0 U 13
15 0 U 14
16 0 U -1
17 0 U 16
18 0 U 17
19 1 U 18
20 0 U 19
21 1 U 20
22 0 U 21
23 1 U 22
24 0 U -1
25 1 U 24
26 1 U 25
27 0 U 26
28 1 U 27
29 0 L 5
30 1 U 29
31 0 U 30
32 0 L 15
33 1 U 32
34 1 U 33
35 0 U 34
36 0 U 35
37 1 U 36
38 0 U 37
39 1 U 38
40 0 U -1
41 0 U 40
42 0 U 24
43 0 U 42
44 0 U 43
45 0 U 44
46 1 U 45
47 1 U 46
48 0 U -1
49 0 U 48
50 1 U 49
51 0 U 50
52 1 U 51
53 0 L 32
54 0 U 53
55 1 U 54
56 0 U -1
57 0 U 56
58 0 U 57
59 0 U 58
60 0 U 59
61 0 U 60
62 1 U 61
63 0 U 62
64 1 U -1
65 0 U 64
66 0 U 65
67 1 U 66
68 1 U 67
69 0 L 27
70 1 U 69
71 1 U 70
72 1 U -1
73 1 U 72
74 0 U 73
75 0 U 74
76 0 U 75
77 0 U 76
78 1 U 77
79
0 1 U -1
1 1 U 0
2 0 U 1
3 0 U 2
4 0 U 3
5 1 U 4
6 0 U 5
7 1 U 6
8 1 U -1
9 0 U 8
10 0 U 9
11 0 L -1
12 1 U 11
13 0 U 12
14 0 U 13
15 0 U 14
16 0 U -1
17 0 U 16
18 0 U 17
19 1 U 18
20 0 U 19
21 1 U 20
22 0 U 21
23 1 U 22
24 0 U -1
25 1 U 24
26 0 L 4
27 0 U 26
28 1 U 27
29 0 U 28
30 0 L 6
31 1 U 24
32 0 U -1
33 1 U 32
34 1 U 33
35 0 U 34
36 0 U 35
37 1 U 36
38 0 U 37
39 1 U 38
40 0 U -1
41 0 U 40
42 1 U 41
43 0 U 42
44 0 U 43
45 0 U 44
46 1 U 45
47 1 U 46
48 0 U -1
49 0 U 48
50 0 U 18
51 0 U 50
52 1 U 51
53 1 U 52
54 0 U 53
55 1 U 54
56 0 U -1
57 0 U 56
58 0 L 11
59 0 U 58
60 0 U 59
61 0 U 60
62 1 U 61
63 0 U 62
64 1 U -1
65 0 U 64
66 0 U 65
67 1 U 66
68 1 U 67
69 0 U 68
70 1 U 69
71 1 U 70
72 1 U -1
73 0 U 55
74 0 U 73
75 0 U 74
76 0 U 75
77 0 U 76
78 1 U 77
79
0 1 U -1
1 1 U 0
2 0 U 1
3 0 U 2
4 0 U 3
5 1 U 4
6 0 U 3
7 1 U 6
8 1 U -1
9 1 L 4
10 0 U 9
11 1 U 10
12 1 U 11
13 0 U 12
14 0 U 13
15 0 U 14
16 0 U -1
17 0 U 16
18 0 U 17
19 1 U 18
20 0 U 19
21 0 L 6
22 0 U 21
23 1 U 22
24 0 U -1
25 1 U 24
26 1 U 25
27 0 U 26
28 1 U 27
29 0 U 28
30 1 U 29
31 0 U 30
32 0 U -1
33 1 U 32
34 1 U 33
35 1 L 31
36 0 U 35
37 1 U 36
38 0 U 37
39 1 U 38
40 0 U -1
41 0 U 40
42 0 L 16
43 0 U 42
44 0 U 43
45 0 U 44
46 1 U 7
47 1 U 46
48 0 U 15
49 0 U 48
50 1 U 49
51 0 U 50
52 1 U 51
53 1 U 52
54 0 U 53
55 1 U 54
56 0 U -1
57 0 U 56
58 1 L 55
59 0 U 58
60 0 U 59
61 0 U 60
62 1 L 38
63 0 U 62
64 1 U -1
65 0 U 64
66 0 U 32
67 1 U 66
68 1 U 67
69 0 U 68
70 1 U 69
71 1 U 70
72 1 U -1
73 1 U 72
74 0 U 73
75 0 U 74
76 0 U 75
77 0 U 76
78 1 U 77
79
0 1 U -1
1 1 U 0
2 0 U 1
3 0 U 2
4 0 U 3
5 1 U 4
6 0 U 5
7 1 U 6
8 1 U -1
9 0 U 8
10 0 L 2
11 1 U 10
12 1 U 11
13 0 U 12
14 0 U 13
15 0 U 14
16 0 U -1
17 0 U 16
18 0 U 17
19 1 U 18
20 0 U 19
21 1 U 4
22 0 U 21
23 1 U 22
24 0 U -1
25 1 U 24
26 1 U 25
27 0 U 26
28 0 U 16
29 0 U 28
30 1 U 29
31 0 U 30
32 0 U -1
33 1 U 32
34 1 U 33
35 0 U 34
36 0 U 35
37 1 U 36
38 0 U 37
39 1 U 38
40 0 U -1
41 0 U 40
42 1 U 41
43 0 U 42
44 0 U 43
45 0 U 44
46 1 U 45
47 1 U 46
48 0 U -1
49 0 U 48
50 1 U 49
51 0 U 50
52 1 U 51
53 1 U 52
54 0 U 53
55 1 U 54
56 0 U -1
57 0 U 56
58 0 U 57
59 0 U 58
60 0 U 59
61 0 U 60
62 1 U 61
63 0 U 62
64 1 U -1
65 0 U 64
66 1 U 9
67 1 U 66
68 1 U 64
69 0 U 68
70 1 U 69
71 1 U 70
72 1 U -1
73 1 U 72
74 0 U 73
75 0 U 74
76 0 U 75
77 0 U 76
78 1 U 77
79
0 1 U -1
1 0 U -1
2 0 U 1
3 0 U 2
4 0 U 3
5 1 U 4
6 1 L -1
7 1 U 6
8 1 U -1
9 0 U 8
10 0 U 9
11 1 U 10
12 1 U 11
13 1 U 0
14 0 U 13
15 0 U 14
16 0 U -1
17 0 U 16
18 0 U 17
19 1 U 18
20 0 U 4
21 1 U 20
22 1 L 8
23 1 U 21
24 0 U -1
25 1 U 24
26 1 U 25
27 0 U 26
28 1 U 27
29 0 U 28
30 1 U 29
31 0 U 30
32 0 U -1
33 1 U 32
34 1 U 33
35 0 U 34
36 0 U 35
37 1 U 36
38 0 U 37
39 1 U 38
40 0 U -1
41 0 U 40
42 1 U 41
43 0 U 42
44 0 U 43
45 0 U 44
46 1 U 45
47 1 U 46
48 0 U -1
49 0 U 48
50 1 U 49
51 0 U 50
52 1 U 51
53 1 U 52
54 0 L 5
55 1 U 54
56 0 U -1
57 0 U 56
58 0 U 57
59 1 L 47
60 0 U 59
61 0 U 60
62 1 U 61
63 0 U 62
64 1 U -1
65 0 U 64
66 0 U 65
67 1 U 66
68 1 U 67
69 0 U 68
70 1 U 69
71 1 U 70
72 1 U -1
73 1 U 56
74 0 U 73
75 0 U 74
76 0 U 75
77 0 U 76
78 1 U 77
79
0 1 U -1
1 1 U 0
2 0 U 1
3 1 U -1
4 0 U 3
5 1 U 4
6 0 U 5
7 1 U 6
8 1 U -1
9 0 U 8
10 0 U 9
11 1 U 10
12 1 U 11
13 0 U 12
14 0 U 13
15 0 U 14
16 0 U 3
17 0 U 16
18 0 U 17
19 0 U 3
20 0 U 19
21 1 U 20
22 0 U 21
23 1 U 22
24 0 U -1
25 1 U 24
26 1 U 25
27 0 L 23
28 1 U 27
29 0 U 28
30 1 U 29
31 0 U 30
32 0 U -1
33 1 U 32
34 1 U 33
35 0 U 12
36 0 U 35
37 1 U 36
38 0 U 37
39 1 U 38
40 0 L 39
41 0 U 40
42 1 U 41
43 0 U 42
44 0 U 43
45 0 U 44
46 1 U 45
47 1 U 46
48 0 U -1
49 0 U 48
50 1 U 49
51 0 U 50
52 1 U 51
53 1 U 52
54 1 U 49
55 1 U 54
56 0 U -1
57 0 U 56
58 0 U 57
59 0 U 58
60 0 U 59
61 0 U 60
62 1 L 14
63 0 U 62
64 0 U 49
65 0 U 6
66 0 U 65
67 1 U 66
68 1 U 67
69 0 U 68
70 1 U 69
71 1 U 70
72 1 U -1
73 1 U 72
74 0 U 73
75 0 U 74
76 0 U 75
77 0 U 76
78 1 U 77
79
0 0 L -1
1 1 U 0
2 1 U -1
3 1 U -1
4 0 U 3
5 1 U 4
6 0 U 5
7 1 U 6
8 1 U -1
9 0 U 8
10 0 U 9
11 1 U 10
12 1 U 11
13 0 U 12
14 0 U 13
15 0 U 14
16 0 U 3
17 0 U 16
18 0 U 17
19 0 U 3
20 0 U 19
21 1 U 20
22 0 U 21
23 1 U 22
24 0 U -1
25 1 U 24
26 1 U 25
27 0 L 23
28 1 U 27
29 0 U 28
30 1 U 17
31 0 U 30
32 0 U -1
33 0 L 32
34 1 U 33
35 0 U 12
36 0 U 35
37 1 U 36
38 0 U 37
39 1 U 38
40 0 L 39
41 0 U 40
42 1 U 41
43 0 U 42
44 1 L 25
45 0 U 44
46 1 U 45
47 1 U 46
48 0 U -1
49 0 U 48
50 1 U 49
51 0 U 50
52 1 L 17
53 1 U 52
54 1 U 49
55 1 U 54
56 0 U -1
57 0 U 56
58 0 U 57
59 0 U 58
60 0 U 59
61 0 U 60
62 1 L 14
63 0 U 62
64 0 U 49
65 0 U 6
66 0 U 65
67 1 U 66
68 1 U 67
69 0 U 68
70 1 U 69
71 1 U 70
72 1 U -1
73 1 U 72
74 0 U 73
75 0 U 74
76 0 U 75
77 0 U 76
78 1 L 19
79
0 1 U -1
1 1 U 0
2 0 U 1
3 1 U -1
4 0 U 3
5 1 U 4
6 0 U 5
7 1 U 6
8 1 U -1
9 0 U 8
10 0 U 9
11 1 U 10
12 1 U 11
13 0 U 12
14 0 U 13
15 0 U 14
16 0 U 3
17 0 U 16
18 0 U 17
19 0 U 3
20 0 L 8
21 1 U 20
22 0 U 21
23 1 U 22
24 0 U 22
25 1 U 24
26 1 U 25
27 0 L 23
28 1 U 27
29 0 U 28
30 1 U 29
31 0 U 30
32 0 U -1
33 1 U 32
34 1 U 33
35 1 L 23
36 0 U 31
37 1 U 36
38 1 L 0
39 0 U 36
40 0 L 39
41 0 U 40
42 1 U 41
43 0 U 42
44 0 U 43
45 0 U 44
46 1 U 45
47 1 U 46
48 0 U -1
49 0 U 48
50 1 U 49
51 0 U 50
52 1 U 51
53 1 U 52
54 1 U 49
55 1 U 54
56 0 U -1
57 0 L 27
58 0 U 57
59 0 U 58
60 0 U 59
61 1 L 9
62 1 L 14
63 0 U 62
64 0 U 49
65 0 U 6
66 0 U 65
67 1 U 66
68 1 L 37
69 0 U 68
70 1 U 69
71 1 U 70
72 0 L 41
73 1 U 72
74 0 U 73
75 0 U 74
76 0 U 75
77 0 U 76
78 1 U 77
79
0 1 U -1
1 1 U 0
2 0 U 1
3 1 U -1
4 0 U 3
5 1 U 4
6 0 U 2
7 1 U 6
8 1 U -1
9 0 U 8
10 0 U 9
11 1 U 10
12 1 U 11
13 0 U 12
14 1 U 1
15 0 L 8
16 0 U 3
17 0 U 9
18 0 U 17
19 0 U 3
20 0 U 19
21 1 U 20
22 0 U 21
23 1 U 22
24 0 U -1
25 1 U 24
26 1 U 25
27 0 L 23
28 1 U 27
29 0 U 28
30 1 U 29
31 0 U 30
32 0 U -1
33 0 U 30
34 1 U 33
35 0 U 12
36 0 U 35
37 1 U 36
38 0 U 37
39 1 U 38
40 0 L 39
41 0 U 40
42 1 U 41
43 0 U 42
44 0 U 43
45 0 U 44
46 1 U 4
47 1 U 46
48 0 U -1
49 0 U 48
50 1 U 49
51 0 U 50
52 1 U 51
53 1 U 52
54 1 U 49
55 1 U 54
56 0 U -1
57 0 U 56
58 0 U 57
59 0 U 58
60 0 U 59
61 0 U 60
62 1 L 14
63 0 U 62
64 0 U 49
65 0 U 6
66 0 U 65
67 1 U 66
68 1 U 67
69 0 U 68
70 1 U 69
71 1 U 70
72 1 U -1
73 1 U 72
74 0 U 73
75 0 U 74
76 0 U 75
77 0 U 76
78 1 U 77
79
0 1 U -1
1 1 U 0
2 0 U 1
3 1 U -1
4 0 U 3
5 1 U 4
6 0 U 5
7 1 U 6
8 1 U -1
9 0 U 8
10 0 U 9
11 1 U 10
12 1 U 11
13 0 U 12
14 0 U 13
15 0 U 14
16 0 U 3
17 0 U 16
18 0 U 17
19 0 U 3
20 0 U 19
21 1 U 20
22 0 U 21
23 1 U 22
24 0 U -1
25 1 U 24
26 0 L 8
27 0 L 23
28 1 U 27
29 0 U 28
30 1 U 29
31 0 U 30
32 0 U -1
33 1 U 32
34 1 U 33
35 0 U 12
36 0 U 35
37 1 U 36
38 1 L 12
39 1 U 38
40 0 L 39
41 1 L 28
42 1 U 41
43 0 U 42
44 0 U 43
45 0 U 44
46 1 U 45
47 1 U 46
48 0 U -1
49 0 U 48
50 1 U 49
51 0 U 50
52 1 U 51
53 1 U 52
54 1 U 49
55 1 U 54
56 0 U -1
57 0 U 56
58 0 U 57
59 0 U 58
60 0 U 59
61 1 U 10
62 1 L 14
63 0 U 62
64 0 U 49
65 0 U 6
66 0 U 65
67 1 U 66
68 1 U 67
69 0 U 68
70 1 U 69
71 1 U 70
72 1 U -1
73 1 U 72
74 0 U 73
75 0 U 74
76 0 U 75
77 0 U 76
78 0 L -1
79
0 1 U -1
1 1 U 0
2 0 U 1
3 0 U 2
4 0 U 3
5 1 U 4
6 0 U 5
7 1 U 6
8 1 U -1
9 0 U 8
10 0 U 9
11 1 U 10
12 1 U 11
13 0 U 12
14 0 U 13
15 0 U 14
16 0 U 3
17 0 U 4
18 0 U 17
19 0 U 3
20 0 U 19
21 1 U 11
22 0 U 21
23 1 U 22
24 0 U -1
25 1 U 20
26 1 U 25
27 0 L 23
28 1 U 27
29 0 U 28
30 1 U 29
31 0 U 30
32 0 U -1
33 1 U 32
34 1 U 33
35 0 U 12
36 0 U 35
37 1 U 36
38 0 U 37
39 1 U 38
40 0 L 39
41 0 U 40
42 1 U 41
43 0 U 42
44 0 U 43
45 1 U 32
46 1 U 25
47 0 U 10
48 0 U -1
49 0 U 48
50 1 U 49
51 0 U 50
52 1 U 51
53 1 U 52
54 1 U 49
55 1 U 54
56 0 U -1
57 0 U 56
58 0 U 57
59 0 U 58
60 0 U 59
61 0 U 60
62 1 L 14
63 0 U 62
64 0 U 49
65 0 U 6
66 0 U 65
67 1 L 23
68 1 U 67
69 0 L 43
70 1 U 69
71 1 U 70
72 1 U -1
73 1 U 72
74 0 U 73
75 0 U 74
76 0 U 75
77 0 U 76
78 1 U 77
79
0 1 L -1
1 1 U 0
2 0 U 1
3 1 U -1
4 0 U 3
5 1 U 4
6 0 U 5
7 1 L 6
8 1 U -1
9 0 U 8
10 0 U 9
11 1 U 10
12 1 U 11
13 0 U 12
14 0 U 13
15 0 U 14
16 1 L 4
17 0 U 16
18 0 U 17
19 0 U 3
20 0 U 18
21 0 U 3
22 0 U 21
23 1 U 22
24 0 U -1
25 1 U 24
26 1 U 25
27 0 L 23
28 1 U 27
29 0 U 28
30 1 L 22
31 0 U 30
32 1 U 21
33 1 U 32
34 1 U 33
35 0 U 12
36 0 U 35
37 1 U 36
38 0 U 37
39 1 U 38
40 0 L 39
41 0 U 40
42 1 U 41
43 0 U 42
44 0 U 43
45 0 U 44
46 1 U 45
47 1 U 46
48 0 U -1
49 0 U 48
50 1 U 49
51 0 U 50
52 1 U 51
53 1 U 52
54 1 U 49
55 1 U 54
56 0 U -1
57 0 U 56
58 0 U 57
59 0 U 58
60 0 U 59
61 0 U 60
62 1 L 14
63 0 U 62
64 0 U 49
65 0 U 6
66 0 U 19
67 1 U 66
68 1 U 67
69 0 U 68
70 1 U 63
71 1 U 70
72 1 U -1
73 1 U 72
74 0 U 73
75 0 U 74
76 0 U 64
77 1 U 18
78 1 U 77
79
0 0 L -1
1 1 U 0
2 0 U 1
3 1 U -1
4 0 U 3
5 1 U 4
6 0 U 5
7 1 L 0
8 1 U -1
9 1 L -1
10 0 U 9
11 1 U 10
12 1 U 11
13 0 U 12
14 0 U 13
15 0 U 14
16 0 U 2
17 0 U 16
18 0 U 17
19 0 U 3
20 0 U 19
21 1 U 20
22 0 U 21
23 1 U 22
24 0 U -1
25 1 U 24
26 1 L 0
27 0 L 23
28 1 U 27
29 0 U 28
30 1 U 29
31 0 U 30
32 0 U -1
33 1 U 32
34 1 U 33
35 0 U 12
36 0 U 35
37 1 U 36
38 0 U 37
39 1 U 38
40 0 L 39
41 0 U 40
42 1 U 41
43 0 U 42
44 0 U 43
45 0 U 44
46 1 U 45
47 1 U 46
48 0 U -1
49 0 U 48
50 1 U 49
51 0 U 50
52 1 U 51
53 1 U 52
54 1 U 49
55 1 U 54
56 0 U -1
57 0 U 56
58 0 U 57
59 1 L 34
60 0 U 59
61 0 U 60
62 1 L 14
63 0 U 62
64 0 U 49
65 0 U 6
66 0 U 65
67 1 U 66
68 0 L 2
69 0 U 68
70 1 U 69
71 1 U 70
72 0 L 15
73 1 U 72
74 0 U 73
75 0 U 74
76 0 U 75
77 0 L 30
78 1 L 55
79
0 1 U -1
1 1 U 0
2 0 U 1
3 1 U -1
4 0 U 3
5 1 U 4
6 0 U 5
7 1 U 6
8 1 U -1
9 0 U 8
10 0 U 9
11 1 U 10
12 1 U 11
13 0 U 12
14 0 U 13
15 0 U 14
16 0 U 3
17 0 U 16
18 0 U 17
19 0 U 3
20 0 U 19
21 1 U 20
22 0 U 21
23 1 U 22
24 0 U -1
25 1 U 24
26 1 U 25
27 0 L 23
28 1 L 14
29 0 U 28
30 1 U 29
31 0 U 30
32 0 U -1
33 1 U 32
34 1 U 33
35 0 U 12
36 0 U 35
37 1 U 36
38 0 U 37
39 1 U 38
40 0 L 39
41 0 U 40
42 1 U 41
43 0 U 42
44 0 U 43
45 0 U 44
46 1 U 45
47 1 U 46
48 0 U -1
49 0 U 48
50 1 U 23
51 0 U 50
52 1 U 51
53 1 U 31
54 1 U 49
55 1 U 54
56 0 U -1
57 0 U 56
58 0 U 57
59 0 U 58
60 0 U 59
61 0 U 60
62 1 L 14
63 0 U 62
64 0 U 49
65 0 U 6
66 0 U 65
67 1 U 66
68 1 U 67
69 0 U 68
70 1 U 69
71 1 U 70
72 1 U -1
73 1 U 72
74 0 U 73
75 0 U 74
76 0 U 75
77 0 U 76
78 1 U 77
79
0 1 U -1
1 0 L 0
2 0 U 1
3 1 U -1
4 0 U 3
5 1 U 4
6 0 U 5
7 1 U 6
8 1 U -1
9 0 U 8
10 0 U 9
11 1 U 10
12 1 U 11
13 1 L 7
14 0 U 13
15 0 U 14
16 0 U 3
17 1 L 15
18 0 U 17
19 0 U 3
20 0 U 19
21 1 U 20
22 0 U 21
23 1 U 22
24 0 L 18
25 1 U 24
26 0 U 3
27 0 L 23
28 1 U 27
29 0 U 28
30 1 U 29
31 0 U 30
32 0 U -1
33 1 U 32
34 1 U 33
35 0 U 12
36 0 U 35
37 1 U 36
38 0 U 37
39 1 U 38
40 0 L 39
41 0 U 40
42 1 U 41
43 0 U 42
44 0 U 43
45 0 U 44
46 1 U 45
47 1 U 46
48 0 U -1
49 0 U 48
50 1 U 49
51 0 U 33
52 1 U 51
53 1 U 52
54 1 L 12
55 1 U 54
56 0 U 47
57 0 U 56
58 0 U 57
59 0 U 58
60 0 U 59
61 0 U 60
62 0 L 22
63 0 U 62
64 0 L 24
65 0 U 6
66 0 U 65
67 1 U 66
68 1 U 67
69 0 U 68
70 1 U 69
71 1 U 70
72 1 U -1
73 1 L 38
74 0 U 73
75 0 U 74
76 0 U 75
77 0 U 76
78 1 U 77
79
0 1 U -1
1 1 L 0
2 0 U 0
3 1 U -1
4 1 L 1
5 1 U 4
6 0 U 5
7 1 U 6
8 1 U -1
9 0 U 8
10 0 U 9
11 1 U 10
12 1 U 11
13 0 U 12
14 0 U 13
15 0 U 14
16 0 U 3
17 0 U 16
18 0 U 17
19 0 U 3
20 0 U 19
21 1 U 20
22 0 U 21
23 1 U 22
24 0 U -1
25 1 U 24
26 1 U 25
27 0 L 23
28 1 U 27
29 0 U 28
30 1 U 29
31 0 U 30
32 0 U -1
33 1 U 32
34 1 U 33
35 0 U 12
36 0 U 35
37 1 U 36
38 0 U 37
39 1 U 38
40 0 L 39
41 0 U 40
42 1 U 41
43 0 U 42
44 0 U 43
45 0 U 44
46 1 U 45
47 1 L 16
48 0 U -1
49 0 U 48
50 0 U 4
51 0 U 50
52 1 U 21
53 1 U 52
54 1 U 49
55 1 U 54
56 0 U -1
57 0 U 56
58 0 U 57
59 0 U 58
60 0 U 59
61 0 U 60
62 0 L 33
63 0 U 62
64 0 U 49
65 0 U 6
66 0 U 65
67 1 U 66
68 0 U 28
69 0 U 68
70 1 U 69
71 1 U 70
72 1 U -1
73 1 U 72
74 0 U 73
75 0 U 74
76 0 U 75
77 0 L 20
78 1 U 77
79
0 1 U -1
1 0 L -1
2 0 U 1
3 1 L 0
4 0 U 3
5 1 U 3
6 0 U 5
7 1 U 6
8 0 U -1
9 0 U 8
10 0 U 9
11 1 U 10
12 1 U 11
13 0 U 12
14 0 U 13
15 0 U 14
16 0 U 3
17 0 U 16
18 0 U 17
19 0 U 3
20 0 U 19
21 1 U 20
22 0 U 21
23 0 U 0
24 0 U -1
25 1 U 24
26 1 U 25
27 0 L 23
28 1 U 27
29 0 U 28
30 1 U 29
31 0 U 30
32 0 U -1
33 1 U 32
34 1 U 33
35 0 U 12
36 0 U 3
37 1 U 36
38 0 U 37
39 1 U 38
40 0 L 39
41 1 L 40
42 1 U 41
43 0 U 42
44 0 U 43
45 0 U 44
46 0 U 29
47 1 U 46
48 0 U -1
49 0 U 48
50 1 U 49
51 0 U 50
52 1 U 51
53 1 U 52
54 1 U 49
55 1 U 54
56 0 U -1
57 0 U 56
58 1 U 41
59 0 U 58
60 1 L 42
61 0 U 60
62 1 L 14
63 0 U 62
64 0 U 49
65 0 U 6
66 0 L 14
67 1 U 66
68 1 U 67
69 0 U 68
70 0 U 30
71 1 U 70
72 1 U -1
73 1 U 72
74 0 U 73
75 0 U 74
76 0 U 54
77 0 U 76
78 1 U 77
79
0 1 U -1
1 1 U 0
2 0 U 1
3 1 U -1
4 0 U 3
5 1 U 4
6 0 L 1
7 1 U 6
8 1 U 4
9 0 U 8
10 0 U 9
11 0 L 10
12 1 U 11
13 0 U 12
14 0 U 13
15 0 U 14
16 1 L 7
17 0 U 16
18 0 U 17
19 0 U 3
20 1 L 9
21 1 U 20
22 0 U 21
23 1 U 22
24 0 U -1
25 1 U 24
26 1 U 25
27 0 L 23
28 1 U 27
29 0 U 28
30 1 U 29
31 0 U 30
32 0 U -1
33 0 U 27
34 1 U 33
35 0 U 12
36 0 U 35
37 1 U 36
38 0 U 37
39 0 L 35
40 0 L 39
41 0 U 40
42 1 U 41
43 0 U 42
44 0 U 43
45 0 U 44
46 1 U 45
47 1 U 46
48 0 U -1
49 0 U 48
50 1 U 49
51 0 U 50
52 1 U 51
53 1 U 52
54 1 U 49
55 1 U 54
56 0 U -1
57 0 U 56
58 0 U 57
59 0 U 58
60 0 U 59
61 0 U 60
62 1 L 14
63 0 U 62
64 0 U 49
65 0 U 6
66 0 U 65
67 1 L 42
68 1 U 67
69 0 U 68
70 1 U 69
71 1 U 70
72 1 U -1
73 1 U 72
74 0 U 73
75 0 U 74
76 0 U 75
77 0 U 76
78 0 L 72
79
0 1 U -1
1 1 U 0
2 0 U 1
3 1 U -1
4 0 U 3
5 1 U 4
6 0 U 5
7 1 U 6
8 1 U -1
9 0 U 8
10 0 U 9
11 0 U 2
12 1 U 11
13 0 U 12
14 0 U 13
15 0 U 14
16 0 U 3
17 0 U 16
18 0 U 17
19 0 U 3
20 1 U 10
21 1 U 20
22 0 U 21
23 0 U 4
24 0 U -1
25 1 U 24
26 1 U 25
27 0 L 23
28 1 U 27
29 0 U 28
30 1 U 29
31 0 U 30
32 0 U -1
33 1 U 32
34 1 U 33
35 0 U 12
36 0 U 35
37 1 U 36
38 0 L 13
39 1 U 38
40 0 L 39
41 0 U 40
42 1 U 41
43 0 U 42
44 0 U 43
45 0 U 44
46 1 U 45
47 1 U 46
48 0 U -1
49 0 U 48
50 1 U 49
51 0 U 50
52 1 L 34
53 1 U 52
54 0 U 18
55 1 U 54
56 0 U -1
57 0 U 56
58 0 U 57
59 0 U 58
60 0 U 59
61 0 U 60
62 1 L 14
63 0 L 26
64 0 U 49
65 1 U 27
66 0 U 65
67 1 U 66
68 1 L 66
69 1 U 53
70 1 U 1
71 1 U 5
72 1 U -1
73 1 U 72
74 0 U 73
75 0 U 74
76 0 U 75
77 0 U 76
78 1 U 77
79
0 1 U -1
1 1 U 0
2 0 U 1
3 1 U -1
4 0 U 3
5 1 U 4
6 0 U 5
7 1 U 6
8 1 U -1
9 0 U 8
10 0 U 9
11 1 U 10
12 1 U 11
13 0 U 12
14 0 U 13
15 0 U 14
16 0 U 3
17 0 U 16
18 0 U 17
19 0 U 3
20 0 U 19
21 1 U 20
22 0 U 21
23 1 U 22
24 0 U -1
25 1 U 24
26 1 U 25
27 0 L 23
28 1 U 27
29 0 U 28
30 1 U 29
31 0 U 30
32 0 U -1
33 1 U 32
34 1 U 33
35 0 U 12
36 0 U 35
37 1 U 36
38 0 U 37
39 1 U 38
40 0 L 39
41 0 U 40
42 1 U 41
43 0 U 42
44 0 U 43
45 0 U 44
46 1 U 45
47 1 U 46
48 0 U -1
49 0 U 48
50 1 U 49
51 0 U 50
52 1 U 51
53 1 U 52
54 1 U 49
55 1 U 54
56 0 U -1
57 1 U 11
58 0 U 57
59 0 U 47
60 0 U 59
61 0 U 60
62 1 U 59
63 0 U 62
64 0 U 49
65 0 U 6
66 0 U 65
67 1 U 66
68 1 U 67
69 0 U 68
70 1 U 69
71 1 U 70
72 1 U -1
73 1 U 72
74 0 U 73
75 0 U 74
76 0 U 75
77 0 U 76
78 1 U 77
79
0 0 U -1
1 1 U -1
2 0 U 1
3 1 U -1
4 0 U 3
5 1 U 4
6 0 U 5
7 1 U 6
8 1 U -1
9 0 U 8
10 0 L -1
11 1 U 10
12 1 U 11
13 0 U 12
14 0 U 13
15 0 U 14
16 0 U 3
17 0 U 16
18 0 U 17
19 0 U 3
20 0 U 19
21 1 U 20
22 0 L -1
23 1 U 22
24 1 L 7
25 1 U 24
26 1 U 25
27 0 L 23
28 1 U 27
29 0 U 28
30 1 U 29
31 0 U 30
32 0 U -1
33 1 U 32
34 1 U 33
35 0 U 12
36 0 U 35
37 1 U 36
38 0 U 37
39 1 U 38
40 0 L 39
41 0 U 40
42 1 U 41
43 0 U 42
44 0 U 43
45 0 U 44
46 1 U 45
47 1 U 46
48 0 U -1
49 0 U 48
50 1 U 49
51 0 U 50
52 1 U 51
53 1 U 52
54 1 U 49
55 1 U 54
56 0 U -1
57 1 U 11
58 0 U 57
59 0 U 47
60 0 L 43
61 0 U 60
62 1 U 59
63 0 U 62
64 0 U 49
65 0 L 22
66 0 U 65
67 1 U 66
68 1 U 67
69 1 U 55
70 1 L 18
71 1 U 70
72 1 U -1
73 1 U 72
74 0 U 73
75 0 U 74
76 0 U 75
77 0 U 76
78 1 U 77
79
0 1 U -1
1 1 U 0
2 0 U 1
3 1 U -1
4 1 U 2
5 1 U 4
6 0 U 5
7 1 U 6
8 1 U -1
9 0 U 8
10 0 U 9
11 1 U 10
12 1 U 11
13 0 U 12
14 0 U 13
15 0 U 14
16 0 U 3
17 0 U 16
18 0 U 11
19 0 U 3
20 0 U 19
21 1 U 20
22 0 U 21
23 1 U 22
24 0 U -1
25 1 U 24
26 0 U 10
27 0 L 23
28 1 U 27
29 0 U 28
30 1 U 29
31 0 U 13
32 0 U -1
33 1 U 32
34 1 U 33
35 0 U 12
36 0 U 35
37 1 U 36
38 0 U 37
39 1 U 38
40 0 L 39
41 0 U 40
42 1 U 41
43 0 U 42
44 0 U 43
45 0 U 44
46 1 U 45
47 1 U 46
48 0 U -1
49 0 U 48
50 1 U 49
51 0 U 50
52 1 U 51
53 1 U 52
54 1 U 49
55 1 L 35
56 0 U -1
57 1 U 19
58 0 U 57
59 0 U 47
60 0 U 59
61 0 U 60
62 1 U 59
63 0 U 62
64 0 U 49
65 0 U 6
66 0 U 65
67 1 L 4
68 0 U 28
69 0 U 68
70 1 U 69
71 1 U 64
72 1 U -1
73 1 U 72
74 0 U 73
75 0 U 74
76 0 U 75
77 0 U 76
78 1 U 77
79
0 1 U -1
1 1 U 0
2 0 U 1
3 1 U -1
4 1 U 2
5 1 U 4
6 0 U 5
7 1 U 6
8 1 U -1
9 0 U 8
10 0 U 9
11 1 U 10
12 1 U 8
13 0 U 12
14 0 U 13
15 0 U 14
16 0 U 3
17 0 U 16
18 0 U 11
19 0 U 3
20 0 U 19
21 1 U 20
22 0 U 21
23 1 U 22
24 0 U -1
25 1 U 24
26 0 U 10
27 0 U 12
28 1 U 27
29 0 U 28
30 1 U 29
31 0 U 13
32 0 U -1
33 0 L 29
34 1 U 33
35 0 U 12
36 0 U 35
37 1 U 36
38 0 U 37
39 1 U 38
40 0 L 39
41 0 U 40
42 1 U 41
43 0 U 42
44 0 U 43
45 0 U 44
46 1 U 45
47 1 U 46
48 0 U -1
49 0 U 48
50 1 U 49
51 0 U 50
52 1 U 51
53 1 U 52
54 1 U 49
55 1 L 35
56 0 U -1
57 1 U 19
58 0 U 57
59 0 L 24
60 0 L 55
61 0 U 60
62 1 U 59
63 0 U 62
64 0 U 49
65 0 U 6
66 0 U 65
67 1 L 4
68 0 U 28
69 0 U 68
70 1 U 69
71 1 U 64
72 1 U -1
73 1 U 72
74 0 U 73
75 0 U 74
76 0 U 75
77 0 U 76
78 1 U 77
79
0 1 U -1
1 1 U 0
2 0 U 1
3 1 U -1
4 1 U 2
5 1 U 4
6 0 U 5
7 0 L 2
8 1 U -1
9 0 U 8
10 0 U 9
11 1 U 10
12 1 U 11
13 0 U 12
14 0 U 13
15 0 U 14
16 0 U 3
17 0 U 16
18 0 U 11
19 0 U 3
20 0 U 19
21 1 U 20
22 0 U 21
23 1 U 22
24 0 U -1
25 1 L 1
26 1 U 3
27 0 U 3
28 1 U 27
29 0 U 28
30 1 U 4
31 0 U 13
32 0 U -1
33 0 L -1
34 1 U 33
35 0 U 12
36 0 U 35
37 1 U 36
38 0 U 37
39 1 U 38
40 0 L 39
41 0 U 40
42 1 U 41
43 0 U 42
44 0 U 43
45 0 U 44
46 1 U 45
47 1 U 46
48 0 U -1
49 1 L -1
50 1 U 49
51 0 U 50
52 1 U 51
53 1 U 52
54 1 U 49
55 1 L 35
56 1 U 5
57 1 U 19
58 0 L 35
59 0 U 47
60 0 U 59
61 0 U 35
62 1 U 59
63 0 U 62
64 0 U 49
65 0 U 6
66 0 U 65
67 1 L 4
68 0 U 28
69 0 U 68
70 1 U 69
71 1 U 64
72 1 U 55
73 1 U 72
74 0 U 73
75 0 U 74
76 0 U 75
77 0 U 66
78 1 U 77
79
0 1 U -1
1 1 U 0
2 0 U 1
3 1 U -1
4 1 U 2
5 0 L 2
6 0 U 5
7 1 U 6
8 1 U -1
9 0 U 8
10 0 U 9
11 1 U 10
12 1 U 11
13 0 U 12
14 0 U 13
15 0 U 14
16 0 U 3
17 0 U 16
18 0 U 11
19 0 U 3
20 0 U 19
21 1 U 20
22 1 L 17
23 1 U 22
24 0 U -1
25 1 U 15
26 0 U 10
27 0 L 22
28 1 U 27
29 0 U 28
30 1 U 29
31 0 U 13
32 1 L 25
33 1 U 32
34 1 U 15
35 1 L 9
36 0 U 35
37 1 U 20
38 0 U 37
39 0 U 21
40 0 L 39
41 0 U 40
42 1 U 41
43 0 U 42
44 0 U 43
45 1 U 40
46 1 U 45
47 1 U 46
48 0 U -1
49 0 U 48
50 1 U 49
51 0 U 50
52 1 U 51
53 1 U 52
54 1 U 49
55 1 L 35
56 0 L 45
57 1 U 19
58 0 U 57
59 0 U 47
60 0 U 59
61 0 U 60
62 1 U 59
63 0 U 62
64 0 U 49
65 0 U 6
66 0 U 65
67 1 L 4
68 1 U 15
69 0 U 68
70 1 U 69
71 1 U 64
72 1 U -1
73 1 U 31
74 0 U 73
75 0 U 74
76 0 U 75
77 0 U 76
78 1 U 77
79
0 1 U -1
1 1 L 0
2 0 U 1
3 1 U -1
4 1 U 2
5 1 U 4
6 0 U 5
7 1 U 6
8 1 U -1
9 0 U 8
10 0 L 0
11 1 U 10
12 1 U 11
13 0 U 12
14 0 U 13
15 0 U 14
16 0 U 3
17 0 U 16
18 0 U 11
19 0 U 3
20 0 U 19
21 0 L 3
22 0 U 21
23 1 U 22
24 0 U -1
25 1 U 24
26 0 U 10
27 0 L 23
28 1 U 27
29 1 U -1
30 1 U 29
31 0 U 13
32 0 U -1
33 1 U 32
34 1 U 33
35 0 U 12
36 0 U 35
37 1 U 36
38 0 U 37
39 1 U 38
40 0 L 39
41 0 U 40
42 1 U 41
43 0 U 42
44 0 U 43
45 0 U 44
46 1 U 45
47 1 U 46
48 0 U -1
49 0 L 7
50 1 U 49
51 0 U 50
52 0 U 20
53 1 U 52
54 1 U 49
55 1 L 35
56 0 U -1
57 1 U 19
58 0 U 57
59 0 U 47
60 0 U 59
61 0 U 60
62 1 U 59
63 0 U 62
64 0 U 49
65 0 L 26
66 0 U 65
67 1 L 4
68 0 U 28
69 0 U 68
70 1 U 33
71 1 U 64
72 1 U -1
73 1 U 72
74 0 U 73
75 0 U 74
76 0 U 75
77 0 U 76
78 1 U 77
79
0 0 L -1
1 1 U 0
2 0 U 1
3 1 U -1
4 1 U 2
5 1 U 4
6 0 L 5
7 1 U 6
8 1 U -1
9 0 U 8
10 0 U 9
11 1 U 10
12 1 U 11
13 0 U 12
14 0 U 13
15 0 U 14
16 0 U 3
17 0 U 16
18 0 U 11
19 0 U 3
20 0 U 19
21 1 U 20
22 0 U 21
23 0 L 13
24 0 U -1
25 1 U 24
26 0 U 10
27 0 L 23
28 1 U 27
29 0 U 28
30 1 U 9
31 0 U 13
32 0 U -1
33 1 U 32
34 1 U 33
35 0 U 12
36 0 U 35
37 1 U 36
38 0 U 37
39 1 U 38
40 0 L 39
41 0 U 40
42 1 U 38
43 1 U 1
44 0 U 43
45 0 U 44
46 1 U 45
47 1 U 46
48 0 U -1
49 0 U 48
50 1 U 49
51 0 U 50
52 1 U 51
53 1 U 52
54 1 U 49
55 1 L 35
56 1 U 15
57 1 U 19
58 0 U 57
59 0 U 47
60 0 U 59
61 0 U 60
62 1 U 59
63 0 U 62
64 0 U 49
65 0 U 6
66 0 U 65
67 1 L 4
68 1 U 54
69 0 U 68
70 1 U 69
71 1 U 64
72 1 U -1
73 1 U 72
74 0 U 73
75 0 U 74
76 0 U 75
77 0 U 76
78 1 U 77
79
0 1 U -1
1 1 U 0
2 0 U 1
3 1 U -1
4 1 U 2
5 1 U 4
6 0 U 5
7 1 L 4
8 1 U -1
9 0 U 8
10 0 U 9
11 1 U 10
12 1 U 11
13 0 U 12
14 0 L -1
15 0 L 10
16 0 U 3
17 0 U 16
18 0 U 11
19 0 U 3
20 0 U 19
21 1 U 20
22 1 U 15
23 1 U 22
24 0 U -1
25 1 U 24
26 0 U 10
27 0 L 23
28 0 L 19
29 0 U 28
30 1 U 29
31 0 U 13
32 0 U -1
33 1 U 32
34 1 U 33
35 0 U 12
36 0 U 35
37 0 L 35
38 0 U 37
39 1 U 38
40 0 L 39
41 0 U 40
42 1 U 41
43 0 U 42
44 0 U 43
45 0 U 44
46 1 U 45
47 1 U 46
48 0 U -1
49 0 U 48
50 0 L 38
51 0 U 50
52 1 U 51
53 1 U 52
54 1 U 49
55 1 L 35
56 0 U -1
57 1 U 19
58 0 U 57
59 0 U 47
60 0 U 59
61 0 L 8
62 1 U 59
63 0 U 62
64 0 L 58
65 0 U 6
66 0 U 65
67 1 L 4
68 0 U 28
69 0 U 68
70 1 U 69
71 1 U 64
72 1 U -1
73 1 U 2
74 0 U 73
75 0 L 39
76 0 U 75
77 0 U 76
78 1 U 77
79
0 1 U -1
1 1 U 0
2 0 U 1
3 0 L 2
4 1 U 2
5 1 U 4
6 1 U 3
7 0 U 1
8 1 L 6
9 0 U 8
10 0 U 9
11 1 U 10
12 1 U 11
13 0 U 12
14 0 U 13
15 0 U 14
16 0 U 3
17 0 U 16
18 0 U 11
19 0 U 3
20 0 U 19
21 1 U 20
22 0 U 21
23 1 U 22
24 0 U -1
25 1 U 6
26 0 U 10
27 0 L 23
28 1 U 27
29 0 U 28
30 1 U 29
31 0 U 13
32 0 U -1
33 1 U 32
34 1 U 33
35 0 U 12
36 0 U 35
37 1 U 36
38 0 U 37
39 1 U 38
40 0 L 39
41 0 U 40
42 1 U 41
43 0 U 42
44 0 U 43
45 1 U 44
46 1 U 45
47 1 U 46
48 0 U -1
49 0 L 14
50 1 U 49
51 0 U 50
52 1 U 51
53 1 U 52
54 1 U 49
55 1 L 35
56 0 U -1
57 1 U 19
58 0 U 57
59 0 U 47
60 0 U 59
61 1 U -1
62 1 U 59
63 0 U 62
64 0 U 49
65 0 U 6
66 0 U 26
67 1 L 4
68 0 L 38
69 0 U 68
70 1 U 69
71 1 U 64
72 1 L 68
73 1 U 72
74 0 U 73
75 0 U 74
76 0 U 75
77 0 U 76
78 1 U 77
79
0 1 U -1
1 1 U 0
2 0 U 1
3 1 U -1
4 1 U 2
5 0 L 0
6 0 U 5
7 0 U 3
8 1 U -1
9 0 U 8
10 0 U 9
11 1 U 10
12 1 U 11
13 0 U 12
14 0 U 12
15 0 U 14
16 0 U 3
17 0 U 16
18 0 U 11
19 0 U 3
20 0 U 19
21 1 U 20
22 0 U 21
23 0 U -1
24 0 U -1
25 1 U 24
26 0 U 10
27 0 L 23
28 1 U 27
29 0 U 28
30 1 U 29
31 0 U 13
32 0 U -1
33 1 U 32
34 1 U 33
35 0 U 12
36 0 U 35
37 1 U 36
38 0 U 37
39 1 U 38
40 0 L 39
41 0 L 26
42 1 U 41
43 0 U 42
44 0 U 43
45 1 U 22
46 1 U 45
47 1 U 46
48 0 U -1
49 0 U 48
50 1 U 49
51 0 U 50
52 1 U 51
53 0 L 30
54 1 U 49
55 1 L 35
56 0 U -1
57 1 U 19
58 0 U 57
59 0 U 47
60 0 U 59
61 0 U 60
62 0 L 19
63 0 U 62
64 0 U 49
65 0 U 6
66 0 U 65
67 1 L 4
68 0 U 28
69 0 U 68
70 1 U 69
71 1 U 64
72 1 U -1
73 1 U 72
74 0 U 73
75 1 L -1
76 0 U 75
77 1 L 2
78 1 U 77
79
0 1 U -1
1 1 U 0
2 0 U 1
3 1 U -1
4 1 U 2
5 1 U 4
6 1 L 0
7 1 U 6
8 1 U -1
9 0 U 8
10 0 U 9
11 0 L 8
12 1 U 11
13 0 U 12
14 0 U 13
15 0 U 14
16 0 U 3
17 0 U 16
18 0 U 11
19 0 U 3
20 0 U 19
21 1 U 20
22 0 U 21
23 1 U 22
24 0 L 18
25 1 U 24
26 0 U 10
27 0 L 23
28 1 U 27
29 1 U 2
30 1 U 29
31 0 U 13
32 0 U -1
33 1 U 32
34 1 U 33
35 0 U 12
36 0 U 35
37 1 U 36
38 0 U 37
39 1 U 38
40 0 L 39
41 0 U 40
42 1 U 41
43 0 U 42
44 0 U 43
45 0 U 44
46 1 U 45
47 1 U 46
48 0 U -1
49 1 L 47
50 1 U 49
51 0 U 32
52 1 U 51
53 1 U 52
54 1 U 49
55 1 L 35
56 0 U -1
57 1 U 19
58 0 U 57
59 0 U 47
60 0 U 59
61 0 U 60
62 1 U 59
63 0 U 62
64 0 U 49
65 0 U 6
66 0 U 65
67 1 L 4
68 0 U 28
69 0 U 68
70 1 U 69
71 1 U 64
72 1 U -1
73 1 U 72
74 0 U 73
75 0 U 74
76 0 U 75
77 0 U 76
78 1 U 77
79
0 1 U -1
1 1 U 0
2 1 L 1
3 1 U -1
4 1 U 2
5 1 U 4
6 0 L 1
7 1 U 6
8 1 U -1
9 0 U 8
10 1 U 3
11 1 U 10
12 0 L 7
13 0 U 12
14 0 U 13
15 0 U 14
16 0 U 3
17 0 U 16
18 0 U 11
19 0 U 3
20 0 U 19
21 1 U 20
22 0 L 4
23 1 U 22
24 0 U -1
25 1 U 24
26 0 U 10
27 0 U 18
28 1 U 27
29 0 U 28
30 1 U 29
31 0 U 13
32 0 U -1
33 1 U 32
34 1 U 33
35 0 U 12
36 0 U 35
37 1 U 6
38 0 U 37
39 1 U 38
40 0 L 39
41 0 U 40
42 1 U 41
43 0 U 42
44 0 U 43
45 0 U 44
46 1 U 45
47 1 U 46
48 0 U -1
49 0 U 48
50 0 U 10
51 0 U 50
52 1 U 20
53 1 U 52
54 1 U 49
55 1 L 35
56 1 L 2
57 1 U 19
58 0 U 57
59 0 U 47
60 0 U 59
61 0 U 60
62 1 U 59
63 0 U 62
64 0 U 49
65 0 U 6
66 0 U 65
67 1 L 4
68 0 U 28
69 0 U 68
70 1 U 69
71 1 U 64
72 1 U -1
73 1 U 72
74 0 U 73
75 0 U 74
76 0 U 75
77 0 U 76
78 1 U 77
79
0 1 U -1
1 1 L 0
2 0 U 1
3 1 U -1
4 1 U 2
5 1 U 4
6 0 U 5
7 1 U 6
8 1 U -1
9 0 U 8
10 0 L 5
11 1 U 10
12 1 U 11
13 1 U 12
14 1 L 11
15 1 U 14
16 0 L 6
17 0 U 16
18 0 U 11
19 0 U 3
20 0 U 19
21 1 U 20
22 0 U 21
23 1 U 22
24 0 U -1
25 1 U 24
26 0 U 10
27 0 L 23
28 1 U 27
29 0 U 28
30 1 U 29
31 0 U 13
32 0 U -1
33 1 U 32
34 1 U 33
35 0 U 12
36 0 U 35
37 1 U 36
38 0 U 37
39 1 U 38
40 0 L 39
41 0 U 40
42 1 U 24
43 0 U 42
44 1 U 27
45 0 U 44
46 1 U 45
47 1 U 46
48 0 U -1
49 0 U 48
50 1 U 49
51 0 U 50
52 1 U 51
53 1 U 52
54 1 U 49
55 1 L 35
56 0 U -1
57 1 U 19
58 0 U 57
59 0 U 47
60 0 U 59
61 0 U 60
62 1 U 59
63 0 U 62
64 0 U 49
65 0 U 6
66 0 U 65
67 1 L 4
68 0 U 28
69 0 U 68
70 1 U 69
71 1 U 64
72 1 U -1
73 1 U 65
74 0 U 73
75 0 U 74
76 1 U 31
77 0 U 76
78 1 U 77
79
0 1 U -1
1 1 U 0
2 0 U 1
3 1 U -1
4 1 U 2
5 1 L 3
6 0 U 5
7 1 U 6
8 1 U -1
9 0 U 8
10 0 U 9
11 1 U 10
12 1 U 11
13 0 L -1
14 0 U 13
15 0 U 14
16 0 U 3
17 0 U 16
18 1 U 13
19 0 U 3
20 0 L 14
21 1 U 20
22 0 U 21
23 1 U 22
24 0 U -1
25 1 U 24
26 0 U 10
27 0 L 23
28 1 U 27
29 0 U 28
30 1 U 29
31 0 U 13
32 0 U -1
33 1 U 32
34 1 U 18
35 0 L 0
36 0 U 35
37 1 U 36
38 1 L 4
39 0 L 8
40 0 L 39
41 0 U 40
42 0 U 11
43 0 U 42
44 0 U 43
45 0 U 44
46 1 U 45
47 1 U 46
48 0 U -1
49 0 U 48
50 1 U 49
51 0 U 50
52 1 L 18
53 1 U 52
54 0 U 33
55 1 L 35
56 0 U -1
57 1 U 19
58 0 U 57
59 0 U 47
60 0 U 59
61 0 U 60
62 1 U 59
63 0 U 62
64 0 U 49
65 0 U 0
66 1 U 41
67 1 L 4
68 0 U 28
69 0 U 68
70 0 L 41
71 1 U 64
72 1 U -1
73 1 U 72
74 0 U 73
75 0 U 74
76 0 U 75
77 0 U 76
78 1 U 77
79
0 1 U -1
1 1 U 0
2 0 U 1
3 1 U -1
4 1 U 2
5 1 U 4
6 0 U 5
7 1 U 6
8 1 U -1
9 0 U 8
10 0 U 9
11 1 U 10
12 1 U 11
13 0 U 12
14 0 U 13
15 0 U 14
16 0 U 3
17 0 U 16
18 0 U 11
19 0 U 3
20 0 U 19
21 1 U 20
22 0 U 21
23 1 U 22
24 0 U -1
25 1 U 24
26 0 U 10
27 0 L 23
28 1 U 27
29 0 U 28
30 1 U 29
31 0 U 13
32 0 U -1
33 1 U 32
34 1 U 33
35 0 U 12
36 0 U 35
37 1 U 36
38 0 U 37
39 1 U 38
40 0 L 39
41 0 U 40
42 1 U 41
43 0 U 42
44 0 U 43
45 0 U 44
46 1 U 6
47 1 U 46
48 0 U -1
49 0 U 48
50 1 U 49
51 0 U 31
52 1 U 51
53 1 U 52
54 1 U 49
55 1 L 35
56 0 U -1
57 1 U 19
58 0 U 57
59 0 U 47
60 0 U 59
61 0 U 60
62 1 U 59
63 0 U 62
64 0 U 49
65 0 U 6
66 0 U 65
67 1 L 4
68 0 U 28
69 0 U 68
70 1 U 69
71 1 U 64
72 1 U -1
73 1 U 72
74 0 U 73
75 1 U 67
76 0 U 75
77 0 U 76
78 1 U 77
79
0 0 U -1
1 1 U 0
2 0 U 1
3 1 U -1
4 1 L 3
5 1 U 4
6 0 U 5
7 1 U 6
8 1 U -1
9 1 L 1
10 0 U 9
11 1 U 10
12 1 U 11
13 0 U 12
14 0 U 13
15 0 U 14
16 0 U 3
17 0 U 16
18 0 U 11
19 0 U 3
20 0 U 19
21 1 U 20
22 0 U 21
23 1 U 22
24 0 U -1
25 1 U 24
26 0 U 10
27 0 L 23
28 1 U 27
29 0 U 28
30 1 U 29
31 0 U 13
32 0 U -1
33 1 U 32
34 1 U 18
35 0 L 22
36 0 U 35
37 1 U 36
38 0 U 37
39 1 U 38
40 0 L 39
41 0 U 40
42 1 L 14
43 0 U 42
44 0 U 43
45 0 U 44
46 1 U 45
47 1 U 46
48 0 U -1
49 1 U 44
50 1 U 49
51 0 U 50
52 1 U 51
53 1 U 52
54 1 U 49
55 0 L 15
56 0 U -1
57 1 L 13
58 0 U 57
59 0 U 47
60 0 U 59
61 0 U 60
62 1 U 59
63 0 U 62
64 0 U 49
65 1 U 16
66 0 U 65
67 1 L 4
68 0 U 28
69 0 U 68
70 1 U 69
71 1 U 64
72 1 U -1
73 1 U 72
74 0 U 73
75 0 U 74
76 0 U 75
77 0 U 76
78 1 L 17
