47
0 0 U -1
1 0 U 0
2 1 U 1
3 0 U 2
4 1 U 3
5 1 U 4
6 1 U -1
7 1 U 6
8 1 U 7
9 0 U 8
10 0 U 9
11 1 U 10
12 0 U -1
13 1 U 12
14 0 U 13
15 0 U 14
16 1 U 15
17 0 U 16
18 1 U -1
19 0 U 18
20 0 U 19
21 1 U 20
22 0 U 21
23 1 U 22
24 0 U -1
25 1 U 24
26 1 U 25
27 0 U 26
28 1 U 27
29 0 U 28
30 0 U -1
31 1 U 30
32 1 U 31
33 1 U 32
34 0 U 33
35 0 U 34
36 0 U -1
37 0 U 36
38 1 U 37
39 0 U 38
40 1 U 39
41 1 U 40
42 0 U -1
43 1 U 42
44 0 U 43
45 1 U 44
46 0 U 45
47
0 0 U -1
1 0 U 0
2 1 U 1
3 0 U 2
4 1 U 3
5 1 U 4
6 1 U -1
7 1 U 6
8 0 L 1
9 0 U 8
10 0 U 9
11 1 U 10
12 0 U -1
13 1 L 6
14 0 U 13
15 0 U 14
16 1 U 15
17 0 U 16
18 1 U -1
19 0 U 18
20 0 L 0
21 1 U 20
22 0 U 21
23 0 U 9
24 0 U -1
25 1 U 24
26 1 U 25
27 0 U 26
28 1 U 27
29 0 U 28
30 0 U -1
31 0 U 7
32 1 U 31
33 1 U 32
34 0 U 33
35 0 U 34
36 0 U -1
37 0 U 36
38 1 U 37
39 0 U 38
40 0 L 13
41 1 U 40
42 0 U -1
43 1 U 42
44 0 U 43
45 1 U 44
46 0 U 45
47
0 0 U -1
1 0 U 0
2 1 U 1
3 0 U 2
4 1 U 3
5 1 U 4
6 1 U -1
7 1 U 6
8 1 U 7
9 0 U 8
10 0 U 9
11 1 U 10
12 0 L -1
13 1 U 12
14 0 U 13
15 0 U 14
16 1 U 15
17 0 U 16
18 1 U -1
19 0 U 18
20 0 U 19
21 1 U 20
22 0 U 21
23 1 U 22
24 0 U -1
25 1 U 24
26 1 U 25
27 0 U 26
28 1 U 27
29 0 U 28
30 1 U 1
31 1 U 30
32 1 U 31
33 1 U 32
34 0 U 33
35 0 U 34
36 0 U -1
37 0 U 36
38 1 U 37
39 0 U 38
40 1 U 39
41 1 U 40
42 0 U -1
43 1 U 6
44 0 U 43
45 1 U 44
46 0 U 45
47
0 0 U -1
1 0 L 0
2 0 U -1
3 0 U 2
4 1 U 3
5 1 U 4
6 1 U -1
7 1 U 6
8 1 U 7
9 0 U 8
10 0 U 9
11 1 U 10
12 0 U -1
13 1 U 12
14 0 U 13
15 0 U 14
16 1 U 15
17 0 U 16
18 1 U -1
19 0 U 18
20 0 U 19
21 1 U 20
22 0 U 21
23 1 L 3
24 1 L 13
25 1 U 24
26 1 U 25
27 0 U 26
28 1 U 27
29 0 U 28
30 0 U -1
31 1 U 30
32 1 U 31
33 1 U 32
34 0 U 33
35 0 U 34
36 0 U -1
37 0 U 36
38 1 U 37
39 0 U 38
40 1 U 39
41 1 U 40
42 0 U -1
43 1 U 42
44 0 U 43
45 1 U 44
46 0 U 45
47
0 0 U -1
1 0 U 0
2 0 L 0
3 1 U 1
4 1 U 3
5 1 U 4
6 1 U -1
7 1 U 6
8 1 U 7
9 0 U 8
10 0 U 9
11 1 U 10
12 0 U -1
13 1 U 12
14 0 U 13
15 0 U 14
16 1 U 15
17 1 U -1
18 1 U -1
19 0 U 18
20 0 U 19
21 1 U 20
22 0 U 21
23 1 U 22
24 0 U -1
25 1 U 24
26 1 U 25
27 0 U 26
28 1 U 27
29 0 L 15
30 0 U -1
31 1 U 30
32 1 U 31
33 1 U 32
34 0 U 33
35 0 U 34
36 0 U -1
37 0 U 36
38 1 U 37
39 0 U 38
40 1 U 39
41 1 U 40
42 0 U -1
43 1 U 42
44 0 U 43
45 1 U 44
46 0 U 45
47
0 0 U -1
1 0 L 0
2 1 U 1
3 0 U 2
4 1 U 3
5 1 U 4
6 1 U -1
7 1 U 6
8 0 L -1
9 0 U 8
10 0 U 9
11 1 U 10
12 0 U -1
13 1 U 12
14 0 U 13
15 0 U 14
16 1 U 15
17 0 U 16
18 1 U -1
19 0 U 18
20 0 U 19
21 1 U 20
22 0 U 21
23 1 U -1
24 0 U -1
25 1 U 24
26 0 L -1
27 0 U 26
28 1 U 27
29 0 U 28
30 0 U -1
31 1 U 30
32 1 U 31
33 1 U 32
34 0 U 33
35 0 U 34
36 1 L 5
37 0 U 36
38 1 U 37
39 0 U 30
40 1 L 29
41 1 U 40
42 0 U -1
43 1 U 42
44 0 U 43
45 1 U 44
46 0 U 45
47
0 0 U -1
1 0 U 0
2 1 U 1
3 0 U 2
4 1 U 3
5 1 U 4
6 1 U -1
7 1 U 6
8 1 U 7
9 0 U 8
10 0 U 9
11 1 U 10
12 0 U 9
13 1 U 12
14 0 U 13
15 0 U 14
16 1 L 5
17 0 U 16
18 1 U -1
19 0 U 18
20 0 U 19
21 1 U 20
22 0 U 21
23 1 U 22
24 0 L 23
25 1 U 24
26 1 U 25
27 0 U 26
28 1 U 27
29 0 U 28
30 0 U -1
31 1 U 30
32 1 U 31
33 1 U 32
34 0 U 33
35 0 U 34
36 0 U -1
37 0 U 36
38 1 U 37
39 0 U 38
40 1 U 39
41 1 U 40
42 0 U -1
43 1 U 42
44 0 U 43
45 1 L 26
46 0 U 45
47
0 0 U -1
1 0 U 0
2 1 L 1
3 0 U 2
4 1 U 3
5 1 U 4
6 1 U -1
7 1 U 6
8 1 U 7
9 0 U 8
10 0 U 9
11 1 U 10
12 0 U -1
13 1 U 12
14 0 U 13
15 0 U 14
16 1 U 15
17 0 U 16
18 1 U -1
19 0 U 18
20 0 U 19
21 1 U 20
22 0 U 21
23 1 L 8
24 0 U -1
25 1 U 24
26 1 U 25
27 0 U 26
28 1 U 27
29 0 U 28
30 1 U 8
31 1 U 30
32 1 U 31
33 1 U 32
34 1 U 30
35 0 U 34
36 0 U -1
37 0 U 36
38 1 U 37
39 0 U 38
40 1 U 39
41 1 U 40
42 0 U -1
43 1 U 42
44 1 L 12
45 0 U 44
46 0 U 45
47
0 0 L -1
1 0 U 0
2 1 U 1
3 0 U 2
4 1 U 3
5 1 U 4
6 1 U -1
7 1 U 6
8 1 U 7
9 0 U 8
10 0 U 9
11 1 U 10
12 0 U -1
13 1 U 12
14 0 U 13
15 1 L 8
16 1 U 15
17 0 U 16
18 0 L 10
19 0 U 18
20 0 U 19
21 0 L 7
22 1 L 12
23 1 U 22
24 0 U -1
25 1 U 24
26 1 U 25
27 0 U 26
28 0 L 19
29 0 U 28
30 0 U -1
31 1 U 30
32 1 U 31
33 1 U 32
34 0 U 33
35 0 U 34
36 0 U -1
37 0 U 36
38 1 U 37
39 0 U 38
40 1 U 39
41 1 U 40
42 0 U -1
43 1 U 42
44 0 U 43
45 1 U 44
46 1 L 40
47
0 0 U -1
1 0 U 0
2 1 U 1
3 0 U 2
4 1 U 3
5 1 U 3
6 1 U -1
7 1 U 6
8 1 U 7
9 0 U 8
10 0 U 9
11 1 U 10
12 0 U -1
13 1 U 12
14 0 U 13
15 0 L 3
16 1 U 15
17 0 U 16
18 1 U -1
19 0 U 18
20 0 U 19
21 0 L 4
22 0 U 21
23 1 U 22
24 0 U -1
25 1 U 24
26 1 U 25
27 0 U 26
28 1 U 27
29 1 U 28
30 0 U -1
31 1 U 30
32 1 U 31
33 1 U 32
34 0 U 33
35 0 U 1
36 0 U -1
37 0 U 36
38 1 U 37
39 0 U 38
40 1 U 39
41 1 U 40
42 0 U -1
43 1 U 42
44 0 U 43
45 1 U 44
46 0 U 45
47
0 0 U -1
1 0 U 0
2 1 U 1
3 0 U 2
4 1 U 3
5 1 U 4
6 1 U -1
7 1 U 6
8 1 U 7
9 0 U 8
10 0 U 9
11 1 U 10
12 0 U -1
13 0 L 6
14 0 U 13
15 0 U 14
16 1 U 15
17 0 U 16
18 1 U -1
19 0 U 18
20 0 U 19
21 1 U 20
22 0 U 21
23 1 U 22
24 0 U -1
25 1 U 24
26 1 U 25
27 0 U 26
28 1 U 27
29 0 U 28
30 0 U -1
31 1 U 30
32 1 U 31
33 1 U 9
34 0 U 33
35 0 L 26
36 0 U -1
37 0 U 36
38 1 L 11
39 0 U 38
40 0 L 5
41 1 U 40
42 0 U -1
43 1 U 42
44 0 U 43
45 1 U 44
46 0 U 45
47
0 0 U -1
1 0 U 0
2 1 U 1
3 0 U 2
4 1 U 3
5 1 U 4
6 1 U -1
7 1 U 6
8 1 U 7
9 0 U 8
10 0 U 9
11 1 U 10
12 0 U -1
13 1 U 10
14 0 U 13
15 0 U 14
16 1 U 15
17 0 U 16
18 1 U -1
19 0 U 18
20 0 U 19
21 1 U 20
22 0 U 21
23 1 U 22
24 0 U -1
25 1 U 24
26 1 U 25
27 0 U 26
28 1 U 27
29 0 U 28
30 0 U -1
31 1 U 30
32 0 U 5
33 1 U 32
34 0 U 33
35 0 U 34
36 0 U -1
37 0 U 26
38 1 L 7
39 0 U 38
40 1 U 39
41 1 U 40
42 0 U -1
43 1 U 42
44 0 U 11
45 1 U 44
46 0 U 8
47
0 0 L -1
1 0 U 0
2 1 U 1
3 0 U 2
4 1 U 3
5 1 U 4
6 0 L 5
7 1 U 6
8 1 U 7
9 0 U 8
10 0 U 9
11 1 U 10
12 0 U -1
13 1 U 12
14 1 L 0
15 0 U 14
16 1 U 15
17 0 U 16
18 1 U -1
19 0 U 18
20 0 U 19
21 1 U 20
22 0 U 21
23 1 U 22
24 0 U -1
25 1 U 24
26 1 U 25
27 0 U 26
28 1 U 27
29 0 U 28
30 1 U 12
31 1 U 30
32 0 L 24
33 1 U 32
34 0 U 33
35 0 U 34
36 0 U -1
37 0 U 36
38 1 U 37
39 0 U 38
40 1 U 39
41 1 U 40
42 0 U -1
43 1 U 42
44 0 U 43
45 1 U 44
46 0 U 45
47
0 0 U -1
1 0 U 0
2 1 U 1
3 0 U 2
4 1 U 3
5 1 U 4
6 1 U -1
7 1 U 6
8 1 U 7
9 0 U 8
10 0 U 9
11 1 U 10
12 0 U -1
13 1 U 12
14 0 U 13
15 0 U 14
16 1 U 15
17 0 U 16
18 1 U -1
19 0 U 18
20 0 U 19
21 1 U 20
22 0 U 21
23 1 U 22
24 0 U -1
25 1 U 24
26 1 U 25
27 0 U 26
28 1 U 27
29 0 U 15
30 0 U -1
31 1 U 30
32 1 U 31
33 1 U 32
34 0 U 33
35 0 U 34
36 1 U 35
37 0 U 36
38 1 U 37
39 0 U 38
40 1 U 39
41 1 U 40
42 1 U 1
43 0 U 39
44 0 U 43
45 1 U 44
46 0 U 45
47
0 0 L -1
1 0 U 0
2 1 U 1
3 0 U 2
4 1 L 2
5 1 U 4
6 1 U -1
7 1 U 6
8 1 U 7
9 0 U 8
10 0 U 9
11 1 U 10
12 0 U -1
13 1 U 12
14 0 U 13
15 0 U 14
16 1 L 0
17 0 U 16
18 1 U -1
19 0 U 18
20 0 U 19
21 1 L -1
22 0 U 10
23 1 U 22
24 0 U -1
25 1 U 24
26 1 U 25
27 0 U 26
28 1 U 27
29 0 U 28
30 0 U -1
31 0 L 15
32 1 U 31
33 1 U 32
34 0 U 33
35 0 U 34
36 1 L -1
37 0 U 36
38 1 U 37
39 0 U 38
40 1 U 39
41 1 U 40
42 0 U -1
43 1 U 42
44 0 U 43
45 1 U 44
46 0 U 45
47
0 0 L -1
1 0 U 0
2 1 U 1
3 0 U 2
4 1 L 2
5 1 U 4
6 1 U -1
7 1 U 6
8 1 U 7
9 0 U 8
10 1 L 4
11 0 L 0
12 0 U -1
13 1 U 12
14 0 U 13
15 0 U 14
16 1 L 0
17 0 U 16
18 1 U -1
19 0 U 18
20 0 U 19
21 1 L -1
22 0 U 10
23 1 U 22
24 0 U 1
25 1 U 24
26 1 U 25
27 0 U 26
28 1 U 27
29 0 U 28
30 0 U -1
31 1 L 12
32 1 U 31
33 1 U 32
34 1 L 13
35 1 L 29
36 1 L -1
37 0 U 36
38 1 U 37
39 0 U 38
40 1 U 39
41 1 U 40
42 0 U -1
43 1 U 42
44 0 U 43
45 1 U 44
46 0 U 45
47
0 0 U -1
1 0 U 0
2 1 U 1
3 0 U 2
4 1 L 2
5 1 U 4
6 1 U -1
7 1 U 6
8 0 U 7
9 0 U 8
10 0 U 9
11 1 U 10
12 0 U -1
13 1 U 12
14 0 U 13
15 0 U 14
16 1 L 0
17 1 U 14
18 1 U -1
19 0 U 18
20 0 U 19
21 1 L -1
22 0 U 10
23 1 U 22
24 0 U -1
25 1 U 24
26 1 U 25
27 0 U 26
28 1 U 27
29 0 U 28
30 0 U -1
31 0 L 15
32 1 U 31
33 1 U 32
34 0 U 33
35 0 U 34
36 0 U 13
37 0 U 36
38 1 U 37
39 0 U 38
40 1 U 39
41 1 U 40
42 0 U -1
43 1 U 42
44 0 U 43
45 1 U 44
46 1 U 18
47
0 0 L -1
1 0 U 0
2 1 U 1
3 0 U 2
4 1 L 2
5 1 L 1
6 1 U -1
7 1 U 4
8 0 U 2
9 0 U 8
10 0 U 9
11 1 U 10
12 0 U -1
13 1 U 12
14 0 U 13
15 0 U 14
16 1 L 0
17 0 U 16
18 1 U -1
19 0 U 18
20 0 U 19
21 1 L -1
22 0 U 10
23 1 U 22
24 0 U -1
25 1 U 24
26 1 U 25
27 0 U 26
28 1 U 27
29 0 U 28
30 0 U -1
31 0 L 15
32 1 U 31
33 1 U 5
34 0 U 33
35 0 U 34
36 1 L -1
37 0 U 36
38 1 U 37
39 0 U 38
40 1 U 39
41 1 U 40
42 0 U -1
43 1 U 42
44 0 U 43
45 1 U 44
46 0 U 45
47
0 0 L -1
1 0 U 0
2 1 U 1
3 0 U 2
4 1 L 2
5 1 U 4
6 1 U -1
7 1 U 6
8 1 U 7
9 0 U 8
10 0 U 9
11 1 U 10
12 0 U -1
13 0 L 11
14 0 U 13
15 0 U 14
16 1 L 0
17 0 U 16
18 1 U -1
19 0 U 18
20 0 U 19
21 1 L -1
22 0 U 10
23 1 U 22
24 0 U -1
25 1 U 24
26 1 U 25
27 0 U 26
28 1 U 27
29 0 U 28
30 0 U -1
31 0 L 15
32 1 U 31
33 1 U 32
34 0 U 33
35 0 U 34
36 1 L -1
37 0 U 36
38 1 U 37
39 0 U 38
40 1 U 39
41 1 U 40
42 0 U -1
43 1 U 42
44 0 U 43
45 1 U 44
46 0 U -1
47
0 0 L -1
1 0 U 0
2 1 U 1
3 0 U 2
4 1 L 2
5 1 U 4
6 1 U -1
7 1 L -1
8 1 U 7
9 0 U 8
10 0 U 9
11 1 U 10
12 0 U -1
13 1 U 12
14 0 U 13
15 0 U 14
16 1 L 0
17 0 U 16
18 1 U -1
19 0 U 18
20 0 L 16
21 1 L -1
22 0 U 10
23 1 U 22
24 0 U -1
25 1 U 24
26 1 U 25
27 0 U 26
28 1 U 27
29 0 U 28
30 0 U -1
31 0 L 15
32 1 U 31
33 1 U 32
34 0 U 33
35 0 U 19
36 1 L -1
37 0 U 36
38 1 U 37
39 0 U 38
40 1 U 39
41 1 U 40
42 0 U -1
43 1 U 42
44 0 U 43
45 1 U 44
46 0 U 45
47
0 0 L -1
1 0 U 0
2 1 U 1
3 0 U 2
4 1 L 2
5 1 U 4
6 1 U -1
7 1 U 6
8 1 U 7
9 0 L 6
10 0 U 9
11 1 U 10
12 0 U -1
13 1 U 12
14 0 U 13
15 0 U 14
16 1 L 0
17 0 U 16
18 1 U -1
19 0 U 1
20 0 U 19
21 1 L -1
22 1 U 9
23 1 U 22
24 0 U -1
25 1 U 24
26 1 U 25
27 1 L 8
28 1 U 27
29 0 U 28
30 0 U -1
31 0 L 15
32 1 U 31
33 1 U 32
34 0 U 33
35 0 U 34
36 1 L -1
37 0 U 36
38 1 U 37
39 0 U 38
40 1 U 39
41 1 U 27
42 0 U -1
43 1 U 42
44 0 U 2
45 1 U 44
46 0 U 45
47
0 0 L -1
1 0 U 0
2 1 U 1
3 0 U 2
4 1 L 2
5 1 U 4
6 1 U -1
7 1 L 5
8 1 U -1
9 0 U 8
10 0 U 9
11 1 U 10
12 0 U -1
13 1 U 12
14 0 U 13
15 0 U 14
16 1 L 0
17 0 L 15
18 1 U -1
19 0 U 18
20 0 U 19
21 1 L -1
22 0 U 10
23 1 U 22
24 0 U -1
25 1 U 24
26 1 U 25
27 0 U 26
28 1 U 27
29 0 U 28
30 0 U -1
31 0 L 2
32 1 U 31
33 1 U 32
34 0 U 33
35 0 U 34
36 1 L -1
37 0 U 36
38 1 U 37
39 0 U 38
40 1 U 21
41 1 U 40
42 0 L 17
43 1 U 42
44 0 U 43
45 1 U 44
46 0 U 45
47
0 0 L -1
1 0 U 0
2 1 U 1
3 0 U 2
4 1 L 2
5 1 U 4
6 1 U -1
7 1 U 6
8 1 L -1
9 0 U 8
10 0 U 9
11 1 U 10
12 0 U -1
13 1 U 12
14 0 U 13
15 0 U 14
16 1 L 0
17 0 U 16
18 1 U -1
19 0 U 18
20 0 U 19
21 1 L -1
22 0 U 10
23 1 U 22
24 0 U -1
25 1 U 24
26 1 U 25
27 1 L -1
28 1 U 27
29 0 U 28
30 0 U -1
31 0 L 15
32 1 U 31
33 1 U 32
34 0 U 33
35 0 U 34
36 1 L -1
37 0 U 36
38 1 U 37
39 0 U 38
40 1 U 39
41 1 U 40
42 0 U -1
43 0 U -1
44 0 U 43
45 1 U 44
46 0 U 45
47
0 0 L -1
1 0 U 0
2 1 U 1
3 0 U 2
4 1 L 2
5 1 U 4
6 1 U -1
7 1 U 6
8 1 U 7
9 0 U 8
10 0 U 9
11 1 U 10
12 0 U -1
13 1 U 12
14 0 U 13
15 0 U 14
16 1 L 0
17 0 U 16
18 1 U -1
19 0 U 18
20 0 U 19
21 1 L -1
22 0 U 10
23 1 U 22
24 0 U -1
25 1 U 24
26 1 U 25
27 0 U 26
28 1 U 27
29 0 U 28
30 0 U -1
31 0 L 15
32 1 U 31
33 1 U 32
34 0 U 4
35 0 U 34
36 1 L -1
37 0 U 36
38 1 U 37
39 0 U 38
40 1 U 39
41 1 U 40
42 0 U -1
43 1 U 42
44 0 U 43
45 1 U 44
46 0 U 45
47
0 0 L -1
1 0 U 0
2 1 U 1
3 0 U 2
4 1 L 2
5 1 U 4
6 1 U -1
7 1 U 6
8 1 U 7
9 0 U 8
10 0 U 9
11 1 L 10
12 0 U 6
13 1 U 12
14 0 U 13
15 0 U 14
16 1 U 6
17 0 U 16
18 1 U -1
19 0 U 18
20 0 U 19
21 1 U 18
22 0 U 19
23 1 U 22
24 0 U -1
25 1 U 24
26 1 U 25
27 0 U 26
28 0 L 20
29 0 U 28
30 1 U 3
31 0 L 15
32 1 U 31
33 1 U 32
34 0 U 18
35 1 L 21
36 1 L 29
37 0 U 36
38 0 U 12
39 0 U 38
40 1 U 39
41 1 U 40
42 0 U -1
43 1 U 42
44 0 L 8
45 1 U 44
46 0 U 45
47
0 0 L -1
1 0 U 0
2 1 U 1
3 0 U 2
4 1 L 2
5 1 U 4
6 1 U -1
7 1 U 6
8 1 U 7
9 0 U 8
10 0 U 9
11 1 U 10
12 0 U -1
13 1 U 12
14 0 U 13
15 0 U 14
16 1 L 0
17 0 U 16
18 1 U -1
19 1 U 8
20 0 U 19
21 0 L 13
22 0 U 10
23 1 U 22
24 0 U -1
25 1 U 24
26 1 U 25
27 0 U 26
28 1 U 27
29 0 L 19
30 0 U -1
31 0 L 15
32 1 U 2
33 1 U 32
34 0 U 33
35 0 U 34
36 1 L -1
37 0 U 36
38 1 U 37
39 0 U 38
40 1 U 39
41 1 U 40
42 0 U -1
43 1 U 42
44 0 U 43
45 1 L 11
46 0 U 45
47
0 0 L -1
1 0 U 0
2 1 U 1
3 0 U 2
4 1 L 2
5 1 U 4
6 1 U -1
7 0 U 4
8 1 U 7
9 0 U 8
10 0 U 9
11 1 L 2
12 0 U -1
13 1 U 12
14 0 U 13
15 0 U 14
16 1 L 0
17 0 U 16
18 1 U -1
19 0 U 18
20 0 U 19
21 1 L -1
22 0 U 10
23 1 U 22
24 0 U -1
25 1 U 24
26 1 U 25
27 0 U 26
28 1 U 27
29 0 U 28
30 0 U -1
31 0 L 15
32 1 U 31
33 1 U 32
34 0 U 33
35 0 U 34
36 1 L -1
37 0 U 36
38 1 U 37
39 0 U 38
40 1 U 39
41 1 U 40
42 0 U -1
43 1 U 42
44 0 U 43
45 1 U 44
46 0 U 45
47
0 0 L -1
1 0 U 0
2 1 U 1
3 0 U 2
4 1 L 2
5 1 U 4
6 1 U -1
7 1 U 6
8 1 U 7
9 0 U 8
10 1 L 1
11 1 U 10
12 0 U -1
13 1 U 12
14 0 U 13
15 0 U 14
16 1 L 0
17 0 U 16
18 1 U -1
19 0 U 18
20 0 U 19
21 1 L -1
22 0 U 10
23 1 U 22
24 0 U 21
25 1 U 24
26 1 U 25
27 0 U 26
28 0 L 23
29 0 U 28
30 0 U -1
31 0 L 15
32 1 U 31
33 1 U 22
34 0 U 33
35 0 U 34
36 1 L -1
37 0 U 36
38 0 L 4
39 0 U 38
40 0 L 19
41 1 U 40
42 0 U -1
43 1 U 25
44 0 U 43
45 1 U 44
46 0 U 45
47
0 0 L -1
1 0 U 0
2 1 U 1
3 0 U 2
4 0 U 2
5 1 U 4
6 1 U -1
7 1 U 6
8 1 U 7
9 0 U 8
10 0 U 9
11 1 U 10
12 0 U -1
13 1 U 12
14 0 U 13
15 0 U 14
16 1 U 3
17 0 U 16
18 1 U -1
19 0 U 18
20 0 U 19
21 1 L -1
22 0 U 10
23 1 U 22
24 0 U -1
25 1 U 24
26 1 U 25
27 0 U 26
28 1 U 27
29 0 U 28
30 0 U -1
31 0 L 15
32 1 U 31
33 1 U 32
34 0 U 33
35 0 U 34
36 1 L -1
37 0 U 36
38 1 U 37
39 0 U 38
40 1 U 39
41 1 U 40
42 0 U -1
43 1 U 42
44 0 U 43
45 1 U 44
46 0 U 45
47
0 0 U -1
1 0 L -1
2 1 U 1
3 0 U 2
4 1 L 2
5 1 U 4
6 1 U -1
7 1 U 6
8 1 L 7
9 1 U 6
10 0 U 9
11 1 U 10
12 0 U -1
13 1 U 12
14 0 U 13
15 0 U 14
16 1 L 0
17 0 U 16
18 0 U 10
19 0 U 18
20 0 U 19
21 1 L -1
22 0 U 10
23 1 U 22
24 0 U -1
25 1 U 24
26 0 U 25
27 0 U 26
28 1 U 27
29 0 U 28
30 0 U -1
31 0 L 15
32 1 U 31
33 1 U 32
34 0 U 33
35 0 U 34
36 1 L -1
37 0 U 5
38 1 U 37
39 0 U 38
40 1 U 39
41 1 U 40
42 0 U -1
43 1 U 42
44 0 U 43
45 1 U 44
46 0 U 45
47
0 0 L -1
1 0 U 0
2 1 U 1
3 0 U 2
4 1 L 2
5 1 U 4
6 0 U -1
7 1 U 6
8 1 U 0
9 0 U 8
10 0 U 9
11 1 U 10
12 0 U -1
13 1 U 12
14 1 L -1
15 0 U 14
16 1 L 0
17 0 U 16
18 1 U -1
19 0 U 18
20 0 U 19
21 1 L -1
22 0 L 12
23 1 U 22
24 0 U -1
25 1 U 24
26 1 U 25
27 0 U 26
28 1 U 27
29 0 U 28
30 0 U -1
31 0 L 15
32 1 U 31
33 1 U 32
34 0 U 33
35 0 U 34
36 1 L -1
37 0 U 36
38 1 U 37
39 0 U 38
40 1 U 39
41 1 U 40
42 0 U -1
43 1 U 42
44 0 U 43
45 1 U 44
46 0 U 45
47
0 0 L -1
1 0 U 0
2 1 U 1
3 0 U 2
4 0 U 1
5 1 U 4
6 1 U -1
7 1 U 6
8 1 U 7
9 0 U 8
10 0 U 9
11 1 U 10
12 0 U -1
13 1 U 12
14 0 U 13
15 0 U 14
16 1 L 0
17 0 U 16
18 1 U -1
19 0 U 18
20 0 U 19
21 1 L -1
22 0 U 10
23 1 U 22
24 0 U -1
25 1 U 20
26 1 L 24
27 0 U 26
28 1 U 27
29 0 U 28
30 0 U -1
31 0 L 15
32 1 U 31
33 1 U 32
34 0 U 33
35 0 U 34
36 0 U -1
37 0 U 36
38 1 U 37
39 0 U 38
40 1 U 39
41 1 U 40
42 0 U -1
43 0 L 12
44 0 U 17
45 1 U 44
46 0 U 45
47
0 0 L -1
1 0 U 0
2 1 U 1
3 1 U 0
4 1 L 2
5 1 U 4
6 1 U -1
7 1 U 6
8 1 U 7
9 0 U 8
10 0 U 9
11 1 U 10
12 0 U -1
13 1 U 12
14 0 U 13
15 0 U 14
16 1 L 0
17 0 U 16
18 1 U -1
19 0 U 18
20 0 U 19
21 1 L -1
22 0 U 10
23 1 U 22
24 0 U -1
25 1 U 24
26 1 U 25
27 0 U 26
28 1 U 27
29 0 U 28
30 0 L 16
31 0 L 15
32 1 U 31
33 1 U 32
34 0 U 33
35 1 U 4
36 1 L -1
37 0 U 36
38 1 U 37
39 0 U 38
40 1 U 39
41 1 U 40
42 0 U -1
43 1 U 42
44 0 U 43
45 1 U 44
46 0 U 45
47
0 0 L -1
1 0 U 0
2 1 U 1
3 0 U 0
4 1 L 2
5 1 U 4
6 1 U -1
7 1 U 6
8 1 U 7
9 0 U 8
10 0 U 9
11 1 U 10
12 0 U -1
13 1 U 12
14 0 U 13
15 0 U 14
16 1 L 0
17 0 U 16
18 1 U -1
19 0 U 18
20 0 U 19
21 1 L 16
22 0 U 10
23 1 U 22
24 0 U -1
25 1 U 24
26 1 U 25
27 0 U 26
28 1 U 27
29 0 U 28
30 0 U -1
31 0 L 15
32 1 U 31
33 1 U 32
34 0 U 33
35 0 U 34
36 1 U 5
37 0 U 36
38 1 U 4
39 0 U 38
40 1 U 39
41 1 U 40
42 0 U -1
43 1 U 42
44 0 U 43
45 1 U 44
46 0 U 45
47
0 0 L -1
1 0 U 0
2 1 U 1
3 0 U 2
4 1 L 2
5 1 U 4
6 1 U -1
7 1 U 6
8 1 U 7
9 0 U 8
10 0 U 9
11 1 U 10
12 0 U -1
13 1 U 12
14 0 U 13
15 0 U 14
16 1 L 0
17 0 U 16
18 1 U 14
19 0 U 18
20 0 U 19
21 1 L -1
22 0 U 10
23 1 U 22
24 0 U -1
25 1 U 24
26 1 U 25
27 1 L 12
28 1 U 27
29 0 U 28
30 0 U -1
31 0 L 15
32 1 U 31
33 1 U 32
34 0 U 33
35 0 U 34
36 1 L -1
37 0 U 36
38 1 U 37
39 1 L 37
40 1 U 39
41 1 U 40
42 0 U -1
43 1 U 42
44 0 U 43
45 1 U 44
46 0 U 45
47
0 0 L -1
1 0 U 0
2 1 U 1
3 0 U 2
4 1 L 2
5 1 U 4
6 1 U -1
7 1 U 6
8 1 U 7
9 0 U 8
10 0 U 9
11 1 U 10
12 0 U -1
13 1 U 12
14 0 U 13
15 0 U 14
16 1 L 0
17 0 U 16
18 1 U -1
19 1 U 16
20 0 U 19
21 1 L -1
22 0 U 10
23 1 L 9
24 0 U -1
25 1 U 24
26 1 U 25
27 1 L 6
28 1 U 27
29 0 U 28
30 0 U -1
31 1 L 21
32 1 U 31
33 1 U 32
34 1 L 5
35 0 U 34
36 1 L -1
37 0 U 36
38 1 U 37
39 0 U 38
40 1 U 39
41 1 U 40
42 0 U -1
43 1 U 42
44 0 U 32
45 1 U 44
46 0 U 45
47
0 0 L -1
1 0 U 0
2 1 U 1
3 0 U 2
4 1 L 2
5 1 U 4
6 1 U -1
7 1 U 6
8 1 U 7
9 0 U 8
10 0 U 9
11 1 U 10
12 0 U -1
13 1 U -1
14 0 U 13
15 0 U 14
16 1 L 0
17 0 U 16
18 1 U -1
19 0 U 18
20 0 U 19
21 1 L -1
22 0 U 10
23 1 U 22
24 0 U -1
25 1 U 24
26 1 U 25
27 0 U 26
28 1 U 27
29 0 U 28
30 0 U -1
31 0 L 15
32 1 U 31
33 1 U 32
34 0 U 33
35 0 U 34
36 1 L -1
37 0 U 36
38 1 U 37
39 0 U 21
40 1 U 39
41 1 U 40
42 0 U -1
43 1 U 42
44 0 U 43
45 1 U 44
46 0 U 45
47
0 0 L -1
1 0 U 0
2 1 U 1
3 0 U 2
4 1 L 2
5 1 U 4
6 1 U -1
7 1 U 6
8 0 U 7
9 0 U 8
10 0 U 9
11 0 L 1
12 0 U -1
13 1 U 12
14 0 U 13
15 0 U 14
16 0 L 3
17 0 U 16
18 1 U -1
19 0 U 18
20 0 U 19
21 1 L 5
22 0 U 10
23 1 U 22
24 0 L 3
25 1 U 24
26 1 U 25
27 0 L 25
28 1 U 27
29 0 U 28
30 0 U -1
31 0 L 15
32 1 U 31
33 1 U 32
34 1 U 18
35 0 U 34
36 1 L -1
37 0 U 36
38 1 U 37
39 0 U 38
40 1 U 39
41 1 U 40
42 0 U -1
43 1 U 42
44 0 U 43
45 1 U 44
46 0 U 45
47
0 0 L -1
1 0 U 0
2 1 U 1
3 0 U 2
4 1 L 2
5 1 U 4
6 1 U -1
7 1 U 6
8 1 U 7
9 0 U 8
10 0 U 9
11 1 U 10
12 0 U -1
13 1 U 12
14 0 U 13
15 0 U 14
16 1 L 0
17 0 U 16
18 1 U -1
19 0 U 18
20 1 U 15
21 1 L -1
22 0 U 10
23 1 U 22
24 0 U -1
25 1 U 24
26 1 U 25
27 0 U 26
28 1 U 27
29 0 U 28
30 0 U -1
31 0 L 15
32 1 U 28
33 1 U 32
34 0 U 33
35 0 U 34
36 1 L -1
37 0 U 36
38 1 U 37
39 0 U 38
40 1 U 39
41 1 L 20
42 0 U -1
43 1 U 42
44 0 U 43
45 1 U 44
46 0 U 45
47
0 0 L -1
1 0 U 0
2 1 U 1
3 0 U 2
4 1 L 2
5 0 L 0
6 1 U -1
7 1 U 6
8 1 U 7
9 0 U 8
10 0 U 9
11 1 U 10
12 0 U -1
13 1 U 12
14 0 U 13
15 0 U 14
16 1 L 0
17 0 U 16
18 1 U -1
19 1 L 8
20 0 U 19
21 1 L -1
22 0 U 10
23 1 U 22
24 0 U -1
25 1 U 24
26 1 U 25
27 0 U 26
28 1 U 27
29 0 U 28
30 1 U 17
31 0 L 15
32 0 L 27
33 1 U 32
34 0 U 33
35 0 U 34
36 1 L -1
37 0 U 36
38 1 U 37
39 0 U 38
40 1 U 39
41 1 U 40
42 0 U -1
43 1 U 42
44 0 U 43
45 1 U 44
46 0 U 45
47
0 0 L -1
1 0 U 0
2 1 U 1
3 0 U 2
4 1 L 2
5 1 U 4
6 1 U -1
7 1 U 6
8 0 U 0
9 0 U 8
10 0 U 9
11 1 U 10
12 0 U -1
13 1 U 12
14 0 U 13
15 0 U 14
16 1 L 0
17 0 U 16
18 1 U -1
19 0 U 18
20 0 U 19
21 1 L -1
22 0 U 10
23 1 U 22
24 0 U -1
25 1 U 24
26 1 U 25
27 0 U 26
28 1 U 27
29 0 U 28
30 0 U -1
31 0 L 15
32 1 U 31
33 1 U 29
34 0 U 33
35 0 U 34
36 1 L -1
37 0 U 36
38 1 U 37
39 0 U 38
40 1 U 39
41 0 L 36
42 0 U -1
43 1 U 42
44 0 U 43
45 1 U 44
46 0 U 45
47
0 0 L -1
1 0 U 0
2 1 U 1
3 0 U 2
4 1 L 2
5 1 U 4
6 1 U -1
7 1 U 6
8 1 U 7
9 0 U 8
10 0 U 9
11 1 U 10
12 0 U -1
13 1 U 12
14 0 U 13
15 0 U 14
16 1 L 0
17 0 U 16
18 1 U -1
19 0 U 18
20 1 U 11
21 1 L -1
22 0 U 10
23 1 L 0
24 0 U -1
25 1 U 24
26 1 U 25
27 0 U 26
28 1 U 27
29 0 U 28
30 0 U -1
31 0 L 15
32 1 U 31
33 1 U 32
34 0 U 33
35 0 U 34
36 1 L -1
37 0 U 36
38 1 U 37
39 0 U 38
40 1 U 39
41 1 U 40
42 0 U -1
43 1 U 42
44 0 U 43
45 1 U 44
46 0 U 45
47
0 0 L -1
1 0 U 0
2 1 U 1
3 0 U 2
4 1 L 2
5 0 U 1
6 1 U -1
7 1 U 6
8 1 U 7
9 0 U 8
10 0 U 9
11 1 U 10
12 0 U -1
13 1 U 12
14 0 U 13
15 0 U 14
16 1 L 0
17 0 U 16
18 1 U -1
19 1 U 16
20 0 U 19
21 1 L -1
22 0 U 10
23 1 U 22
24 0 U -1
25 1 U 24
26 1 U 25
27 0 U 26
28 1 U 27
29 0 U 28
30 0 U -1
31 0 L 15
32 1 U 31
33 1 U 32
34 0 U 33
35 0 U 34
36 1 L -1
37 1 U 33
38 0 U 27
39 0 U 38
40 1 U 39
41 1 U 40
42 0 U -1
43 1 U 42
44 0 U 25
45 1 U 44
46 0 U 45
47
0 0 L -1
1 0 U 0
2 1 U 1
3 0 U 2
4 1 L 2
5 1 U 4
6 1 U -1
7 1 U 6
8 1 U 2
9 0 U 8
10 0 U 9
11 1 U 10
12 0 U -1
13 1 U 12
14 0 U 13
15 0 U 14
16 1 L 0
17 0 U 16
18 1 U -1
19 0 U 18
20 0 U 19
21 1 L -1
22 0 U 10
23 0 U 6
24 0 U -1
25 1 U 24
26 1 U 25
27 0 U 26
28 1 U 27
29 1 L 9
30 0 U -1
31 0 L 15
32 1 U 31
33 1 U 32
34 0 U 33
35 0 U 34
36 1 L -1
37 0 U 36
38 1 U 37
39 0 U 38
40 1 U 39
41 1 U 40
42 1 L 39
43 1 U 42
44 0 U 43
45 1 U 44
46 0 U 45
47
0 0 L -1
1 0 U 0
2 1 U 1
3 0 U 2
4 1 L 2
5 1 U 4
6 1 U -1
7 1 U 6
8 1 U 7
9 0 U 8
10 0 U 9
11 1 U 10
12 0 U -1
13 1 L 0
14 0 U 13
15 0 L 13
16 1 L 0
17 0 U 16
18 1 U -1
19 0 U 18
20 0 U 19
21 1 L -1
22 0 L 11
23 1 U 22
24 0 U -1
25 1 U 24
26 1 U 25
27 0 U 26
28 1 U 27
29 0 U 28
30 0 U -1
31 0 L 15
32 1 U 31
33 1 U 32
34 0 U 33
35 0 U 34
36 1 L -1
37 0 U 36
38 1 U 37
39 0 U 38
40 1 L 1
41 1 U 40
42 0 U -1
43 1 U 42
44 0 U 43
45 1 U 44
46 0 U 45
47
0 0 L -1
1 0 U 0
2 1 U 1
3 1 L 0
4 1 L 2
5 1 U 4
6 0 L 2
7 1 U 6
8 1 U 7
9 0 U 8
10 0 U 9
11 1 U 8
12 0 U -1
13 1 U 7
14 0 U 13
15 0 U 14
16 1 L 0
17 0 L 4
18 1 U -1
19 0 U 18
20 0 U 19
21 1 L -1
22 0 U 10
23 1 L 4
24 0 U -1
25 1 U 24
26 1 U 25
27 0 U 26
28 1 U 27
29 0 U 28
30 0 U -1
31 0 L 15
32 0 U 4
33 1 U 32
34 0 U 33
35 0 U 34
36 1 L -1
37 0 U 36
38 1 U 37
39 0 U 38
40 1 U 39
41 1 U 40
42 0 U -1
43 1 U 42
44 0 U 43
45 1 U 44
46 0 U 45
47
0 0 L -1
1 0 U 0
2 1 U 1
3 0 U 2
4 0 L 1
5 0 L 0
6 1 U -1
7 1 U 6
8 1 U 7
9 0 U 8
10 0 U 9
11 1 U 10
12 0 U -1
13 1 U 12
14 1 U 4
15 1 L 6
16 1 L 0
17 0 U 16
18 1 U -1
19 0 U 18
20 0 U 19
21 1 L 7
22 0 U 10
23 1 U 22
24 0 U -1
25 1 U 24
26 1 U 25
27 0 U 26
28 1 U 27
29 0 U 28
30 0 U -1
31 0 L 15
32 0 U 15
33 1 U 32
34 0 U 33
35 0 U 34
36 1 L -1
37 0 U 36
38 1 U 37
39 0 U 38
40 1 U 39
41 1 U 40
42 0 U -1
43 1 U 42
44 1 L 11
45 1 U 44
46 0 U 45
47
0 0 L -1
1 0 U 0
2 1 U 1
3 0 U 2
4 1 L 2
5 1 U 4
6 1 U -1
7 1 U 6
8 0 L 2
9 0 U 8
10 1 U 4
11 1 U 10
12 0 U -1
13 1 U 12
14 1 L 12
15 0 U 14
16 1 L 0
17 0 U 16
18 1 U -1
19 0 U 18
20 1 L 2
21 1 L -1
22 0 U 10
23 1 U 22
24 0 U -1
25 1 U 24
26 1 U 25
27 0 U 26
28 1 U 27
29 0 U 28
30 0 U -1
31 0 L 15
32 1 U 31
33 1 U 32
34 0 U 33
35 0 U 34
36 1 L -1
37 0 U 36
38 1 U 37
39 0 U 38
40 1 U 39
41 1 U 40
42 0 U -1
43 1 U 42
44 0 U 43
45 1 U 44
46 0 U 45
47
0 0 L -1
1 0 U 0
2 1 L -1
3 0 U 2
4 1 L 2
5 1 U 4
6 1 U 1
7 1 L 4
8 1 U 7
9 0 U 8
10 0 U 9
11 1 U 10
12 0 U -1
13 1 U 12
14 0 U 8
15 0 U 14
16 1 L 0
17 0 U 16
18 1 U -1
19 0 U 18
20 0 U 19
21 1 L -1
22 0 U 10
23 1 U 22
24 0 U -1
25 1 U 24
26 1 U 10
27 0 U 26
28 1 U 27
29 1 L 15
30 0 U -1
31 0 L 15
32 1 U 31
33 1 U 9
34 0 U 33
35 0 U 34
36 1 L -1
37 0 U 36
38 1 U 37
39 0 U 38
40 1 U 39
41 1 U 40
42 0 U -1
43 0 L 18
44 0 U 43
45 1 U 44
46 0 U 45
47
0 0 L -1
1 0 U 0
2 1 U 1
3 0 U 2
4 1 L 2
5 1 U 4
6 1 U -1
7 1 U 6
8 1 U 7
9 0 U 8
10 0 U 9
11 1 U 10
12 0 U -1
13 1 U 12
14 0 U 13
15 0 U 14
16 1 L 0
17 0 U 16
18 1 U -1
19 0 U 18
20 0 U 19
21 1 L -1
22 0 U 6
23 1 U 22
24 0 L -1
25 1 U 24
26 1 U 25
27 0 U 26
28 1 U 27
29 0 U 28
30 0 U -1
31 0 L 15
32 1 U 31
33 1 U 32
34 0 U 33
35 0 U 34
36 1 L -1
37 0 U 36
38 1 U 37
39 0 U 11
40 1 U 39
41 1 U 40
42 0 U -1
43 1 U 42
44 0 U 43
45 0 U 35
46 0 U 45
47
0 0 U -1
1 0 U 0
2 1 U 1
3 0 U 2
4 1 L 2
5 1 U 4
6 1 U -1
7 1 L 1
8 1 U 7
9 0 U 8
10 0 U 9
11 1 U 10
12 0 U -1
13 1 U 12
14 0 U 13
15 0 U 14
16 1 L 0
17 0 U 16
18 1 U -1
19 0 U 18
20 1 U 7
21 1 U 0
22 0 U 10
23 1 U 22
24 0 U 22
25 1 U 24
26 1 U 25
27 0 U 26
28 1 U 27
29 0 U 28
30 0 U -1
31 0 L 15
32 1 U 31
33 1 U 32
34 0 U 33
35 0 U 34
36 0 U 28
37 0 U 36
38 1 U 37
39 0 U 38
40 1 U 39
41 1 U 40
42 0 U -1
43 1 U 42
44 0 U 43
45 1 U 44
46 1 U 34
47
0 0 L -1
1 0 U 0
2 1 U 1
3 0 U 2
4 1 L 2
5 1 U 4
6 1 U -1
7 1 U 6
8 1 U 7
9 0 U 8
10 0 U 9
11 1 U 10
12 0 U -1
13 1 U 12
14 0 U 13
15 0 U 14
16 1 L 0
17 0 U 16
18 1 U -1
19 0 U 18
20 0 U 19
21 1 L -1
22 0 U 10
23 1 U 22
24 0 U -1
25 1 U 24
26 1 U 25
27 0 U 26
28 1 U 27
29 0 L 7
30 0 U -1
31 0 L 15
32 1 U 31
33 1 U 32
34 0 U 33
35 0 U 34
36 1 L -1
37 0 U 36
38 1 U 37
39 0 U 38
40 1 U 39
41 1 U 40
42 0 U -1
43 1 U 42
44 0 U 43
45 0 U 23
46 0 U 45
47
0 0 L -1
1 0 U 0
2 1 U 1
3 0 U 2
4 1 L 2
5 1 U 4
6 1 U -1
7 1 U 6
8 1 U 7
9 0 U 8
10 0 U 9
11 1 L 10
12 0 U -1
13 1 U 11
14 0 U 13
15 0 U 14
16 1 L 2
17 0 U 16
18 1 U -1
19 0 U 18
20 0 U 19
21 1 U 11
22 0 U 10
23 1 U 22
24 0 U -1
25 1 U 24
26 1 U 25
27 0 U 26
28 1 U 27
29 0 U 28
30 0 U -1
31 0 L 15
32 1 U 31
33 1 U 32
34 0 U 33
35 0 U 34
36 1 L -1
37 0 U 36
38 1 U 37
39 1 U 21
40 1 U 39
41 1 U 40
42 0 U -1
43 1 U 42
44 0 U 43
45 1 U 44
46 0 U 45
47
0 0 L -1
1 0 U 0
2 1 U 1
3 0 U 2
4 1 L 2
5 1 U 4
6 1 U -1
7 1 U 6
8 1 U 7
9 0 U 8
10 0 U 9
11 1 U 10
12 0 U -1
13 1 U 12
14 0 U 13
15 0 U 14
16 1 L 0
17 0 U 16
18 1 U -1
19 0 U 18
20 0 U 19
21 1 L -1
22 0 U 10
23 1 U 22
24 0 L 10
25 1 U 24
26 1 U 25
27 0 U 26
28 1 U 27
29 0 U 28
30 0 U -1
31 0 L 15
32 1 U 31
33 1 U 32
34 0 U 33
35 0 U 34
36 0 U 16
37 0 U 36
38 1 U 37
39 0 U 38
40 1 U 39
41 1 L 40
42 0 U -1
43 1 U 42
44 0 U 43
45 1 U 44
46 0 U 45
47
0 0 U -1
1 0 U 0
2 1 U 1
3 0 U 2
4 1 L 2
5 1 U 4
6 1 U -1
7 1 U 6
8 1 L 1
9 1 L 6
10 0 U 9
11 0 U 4
12 0 U -1
13 1 U 12
14 0 U 13
15 0 U 14
16 1 L 0
17 0 U 16
18 1 U -1
19 0 U 18
20 0 U 19
21 1 L -1
22 0 U 10
23 1 U 22
24 0 U -1
25 1 U 24
26 1 U 25
27 0 U 26
28 1 U 27
29 0 U 28
30 0 U -1
31 0 L 15
32 1 U 31
33 1 U 32
34 0 U 33
35 0 U 34
36 1 L -1
37 0 U 13
38 1 U 37
39 0 U 38
40 0 L 2
41 1 U 40
42 0 U -1
43 1 U 42
44 0 U 43
45 1 U 44
46 0 U 45
47
0 0 L -1
1 0 U 0
2 1 U 1
3 1 L 2
4 1 L 2
5 1 U 4
6 1 U -1
7 1 U 6
8 1 U 7
9 0 U 8
10 0 U 9
11 1 U 10
12 0 U -1
13 1 U 12
14 0 L 1
15 0 U 14
16 1 L 0
17 0 U 16
18 1 U -1
19 0 U 18
20 0 U 19
21 1 L -1
22 1 L 3
23 1 U 22
24 0 U -1
25 1 U 24
26 1 U 25
27 0 U 26
28 1 U 27
29 0 U 28
30 0 U -1
31 1 L 26
32 1 U 31
33 1 U 32
34 0 U 33
35 0 U 34
36 1 L -1
37 0 U 36
38 1 U 37
39 0 U 38
40 1 U 39
41 1 U 40
42 0 U -1
43 1 U 42
44 0 U 43
45 1 U 44
46 1 L 27
47
0 0 L -1
1 0 U 0
2 1 U 1
3 0 L 2
4 1 L 2
5 1 U 4
6 1 U -1
7 0 U -1
8 1 U 7
9 0 U 8
10 1 L 5
11 0 U 0
12 0 U -1
13 1 L 5
14 0 U 13
15 0 U 14
16 1 L 0
17 0 U 16
18 1 U -1
19 0 U 18
20 0 U 19
21 1 L -1
22 0 U 10
23 1 U 22
24 0 U -1
25 1 U 24
26 1 U 25
27 0 U 26
28 1 U 27
29 0 U 28
30 0 U -1
31 0 L 15
32 1 U 31
33 1 U 32
34 0 U 33
35 1 U 16
36 1 L -1
37 0 U 36
38 1 U 37
39 0 U 38
40 1 U 39
41 1 U 40
42 0 U 22
43 1 U 42
44 0 U 43
45 1 U 44
46 0 U 45
47
0 1 U -1
1 1 L 0
2 1 U 1
3 1 L 2
4 1 L 2
5 1 U 4
6 1 U -1
7 1 U 6
8 1 U 7
9 0 U 8
10 0 U 9
11 1 U 10
12 0 U 7
13 1 U 12
14 0 U 13
15 0 U 14
16 1 L 0
17 0 U 16
18 1 U -1
19 0 U 18
20 0 U 19
21 1 L -1
22 0 U 10
23 1 U 18
24 0 U -1
25 1 U 24
26 1 U 25
27 0 U 26
28 1 U 27
29 0 U 28
30 0 U -1
31 0 L 15
32 1 U 22
33 1 U 32
34 0 U 33
35 1 L 26
36 1 L -1
37 0 U 36
38 1 U 37
39 0 U 38
40 1 U 39
41 1 U 40
42 0 U -1
43 1 U 42
44 0 U 43
45 0 U 3
46 0 U 45
47
0 1 U -1
1 0 U 0
2 1 U 1
3 0 U 2
4 1 L 2
5 1 U 4
6 1 U -1
7 1 U 6
8 1 U 7
9 0 U 8
10 0 U 9
11 1 U 10
12 0 U -1
13 1 U 12
14 0 U 13
15 0 U 14
16 1 L 0
17 0 U 16
18 1 U -1
19 0 U 18
20 0 U 19
21 1 L -1
22 0 U 10
23 1 U 22
24 0 U -1
25 1 U 24
26 1 U 25
27 0 U 26
28 1 U 27
29 0 U 28
30 0 U -1
31 0 L 15
32 1 U 31
33 1 U 32
34 0 U 33
35 0 U 34
36 1 L -1
37 0 U 36
38 1 U 37
39 0 U 38
40 1 U 39
41 1 U 40
42 0 U -1
43 1 U 42
44 0 U 43
45 1 U 44
46 1 U 31
47
0 0 L -1
1 1 L -1
2 1 U 1
3 0 U 2
4 1 L 2
5 1 U 4
6 1 U -1
7 1 U 6
8 1 U 7
9 0 U 8
10 1 L 9
11 1 U 10
12 0 U -1
13 1 U 12
14 0 U 13
15 0 U 14
16 1 L 0
17 0 U 16
18 1 U -1
19 0 U 18
20 0 U 19
21 1 L -1
22 0 U 10
23 1 U 22
24 0 U -1
25 1 U 24
26 1 U 25
27 0 U 26
28 1 U 27
29 0 U 28
30 0 U -1
31 0 L 15
32 1 U 31
33 1 U 32
34 0 U 33
35 0 U 34
36 1 L -1
37 0 U 36
38 1 U 37
39 0 U 38
40 1 U 39
41 1 U 40
42 0 U -1
43 1 U 42
44 0 U 43
45 1 U 44
46 0 U 45
47
0 0 L -1
1 0 U 0
2 1 U 1
3 0 L -1
4 0 U 1
5 1 U 4
6 1 U -1
7 1 U 6
8 0 U 7
9 0 U 8
10 0 U 9
11 1 U 10
12 0 U -1
13 1 U 12
14 0 U 13
15 0 U 14
16 1 L 0
17 0 U 16
18 1 U -1
19 0 U 18
20 0 U 19
21 1 U -1
22 1 U 15
23 0 L 0
24 0 U -1
25 1 U 24
26 0 U 1
27 0 U 26
28 1 U 27
29 0 U 28
30 0 U -1
31 0 L 15
32 1 U 25
33 1 U 32
34 0 U 33
35 0 U 34
36 1 U 30
37 0 U 36
38 1 U 37
39 0 L 9
40 1 U 39
41 1 U 40
42 0 U -1
43 1 U 42
44 0 U 43
45 1 U 44
46 0 U 45
47
0 0 L -1
1 0 U 0
2 1 U 1
3 0 U 2
4 1 L 2
5 1 U 4
6 1 U -1
7 1 U 6
8 1 U 7
9 1 L 1
10 0 U 9
11 1 U 10
12 0 U -1
13 1 U 12
14 0 U 13
15 0 U 14
16 1 L 0
17 0 U 16
18 1 U -1
19 1 U 4
20 0 U 19
21 1 L -1
22 0 U 10
23 1 U 22
24 0 U -1
25 1 U 24
26 1 U 25
27 0 U 26
28 1 U 27
29 0 U 28
30 0 U -1
31 0 L 15
32 1 U 31
33 1 U 32
34 0 U 33
35 0 U 34
36 1 L -1
37 0 U 36
38 1 U 37
39 0 U 38
40 1 U 39
41 1 U 40
42 0 U -1
43 1 U 42
44 0 U 43
45 1 U 44
46 0 U 45
47
0 0 L -1
1 0 U 0
2 1 U 1
3 0 U 2
4 1 L 2
5 1 U 4
6 1 U -1
7 1 U 6
8 1 U 7
9 0 U 8
10 0 U 9
11 1 U 10
12 0 U -1
13 1 U 12
14 1 L 13
15 0 U 14
16 1 L 0
17 0 U 16
18 1 U -1
19 0 U 18
20 0 U 19
21 1 L -1
22 0 U 10
23 1 U 22
24 0 U -1
25 1 U 24
26 1 U 25
27 0 U 26
28 1 U 27
29 0 U 28
30 0 U -1
31 1 U 2
32 1 U 31
33 1 U 32
34 0 U 33
35 0 U 34
36 1 L -1
37 0 U 36
38 0 U 0
39 0 U 38
40 1 U 39
41 1 U 40
42 0 U -1
43 1 L 11
44 0 U 43
45 1 U 44
46 0 U 45
47
0 0 L -1
1 0 L 0
2 1 U 1
3 0 U 2
4 1 L 2
5 1 U 4
6 0 L 1
7 1 U 6
8 1 U 7
9 0 U 8
10 0 U 9
11 1 U 10
12 0 U -1
13 1 U 12
14 0 U 13
15 0 U 14
16 1 L 0
17 0 U 16
18 1 U -1
19 0 U 18
20 0 U 19
21 1 L -1
22 0 U 10
23 1 L 20
24 0 U -1
25 1 U 24
26 1 U 25
27 0 U 26
28 1 U 27
29 0 U 28
30 0 U -1
31 0 L 15
32 1 L 23
33 1 U 32
34 0 U 33
35 0 U 3
36 1 L -1
37 0 U 36
38 0 U 33
39 0 U 38
40 1 U 39
41 1 U 40
42 0 U -1
43 1 U 42
44 0 U 43
45 1 U 44
46 0 U 45
47
0 0 L -1
1 0 U 0
2 1 U 1
3 0 U 2
4 1 L 2
5 1 U 4
6 1 U -1
7 1 U 6
8 1 U 7
9 0 U 8
10 0 U 9
11 1 U 10
12 0 L 10
13 1 L 12
14 0 U 13
15 0 U 14
16 1 L 0
17 0 U 16
18 1 U -1
19 0 U 18
20 0 U 19
21 1 L -1
22 0 U 10
23 1 U 22
24 0 U -1
25 1 U 24
26 1 U 25
27 0 U 26
28 1 U 27
29 0 U 28
30 0 U -1
31 0 L 15
32 1 U 31
33 1 U 32
34 0 U 33
35 0 U 34
36 1 L -1
37 0 U 36
38 1 L 4
39 0 U 38
40 1 U 39
41 1 U 40
42 0 U -1
43 1 U 42
44 0 U 43
45 1 U 44
46 0 U 45
47
0 1 U -1
1 0 U 0
2 1 U 1
3 0 U 2
4 1 L 2
5 1 U 4
6 1 U -1
7 1 U 6
8 1 U 7
9 0 U 8
10 0 U 9
11 1 U 10
12 0 U -1
13 0 L 12
14 0 U 13
15 0 U 14
16 1 U 12
17 0 U 16
18 1 U -1
19 0 U 18
20 0 U 19
21 1 L -1
22 0 U 10
23 1 L 2
24 0 U -1
25 1 U 24
26 1 U 25
27 0 U 26
28 1 U 27
29 0 U 28
30 0 U -1
31 0 L 15
32 1 U 31
33 1 U 32
34 0 U 33
35 0 U 34
36 1 U 8
37 0 U 36
38 1 U 37
39 0 U 38
40 1 U 39
41 1 U 40
42 0 U -1
43 1 U 42
44 0 U 43
45 1 U 44
46 0 U 45
47
0 0 L -1
1 0 U 0
2 1 U 1
3 0 U 2
4 1 L 2
5 1 U 4
6 1 L 1
7 1 U 6
8 1 U 7
9 0 U 8
10 0 U 9
11 1 U 10
12 0 U -1
13 1 U 12
14 0 U 13
15 0 U 14
16 1 L 0
17 1 U 4
18 1 U -1
19 0 U 18
20 0 U 19
21 1 L -1
22 0 U 10
23 1 U 22
24 0 U -1
25 1 U 24
26 0 L 1
27 0 U 26
28 1 U 27
29 1 L 17
30 1 U 12
31 0 L 15
32 1 U 31
33 0 U 1
34 0 U 33
35 0 U 34
36 1 L -1
37 0 U 36
38 1 U 37
39 1 L 10
40 1 U 39
41 1 U 40
42 0 U -1
43 1 U 42
44 0 U 43
45 1 U 44
46 1 L 10
47
0 0 L -1
1 0 U 0
2 1 U 1
3 0 U 2
4 1 L 2
5 1 U 4
6 1 U -1
7 1 U 6
8 0 U 7
9 0 U 8
10 0 U 9
11 1 U 10
12 0 U -1
13 1 U 12
14 0 U 13
15 0 U 14
16 1 L 0
17 0 U 16
18 1 U 3
19 0 U 18
20 0 U 19
21 1 L -1
22 0 U 10
23 1 U 22
24 0 U -1
25 1 U 24
26 1 U 25
27 0 U 26
28 1 U 27
29 1 U 12
30 0 U -1
31 0 L 15
32 1 U 31
33 1 U 32
34 0 U 33
35 0 U 24
36 1 L -1
37 0 U 36
38 1 U 37
39 0 U 38
40 1 U 39
41 1 U 40
42 0 U -1
43 1 U 42
44 0 U 43
45 1 U 44
46 0 U 45
47
0 0 L -1
1 0 U 0
2 1 U 1
3 0 U 2
4 1 L 2
5 1 U 4
6 1 U -1
7 1 U 6
8 1 U 7
9 0 U 8
10 0 U 9
11 1 U 10
12 0 U -1
13 1 U 12
14 0 U 13
15 0 U 14
16 1 L 0
17 0 U 16
18 1 U -1
19 0 U 18
20 0 U 19
21 1 L -1
22 0 U 10
23 1 U 22
24 0 U -1
25 1 U 24
26 1 U 25
27 0 U 26
28 1 U 27
29 0 U 28
30 0 U -1
31 0 L 15
32 1 U 31
33 1 U 32
34 0 U 33
35 0 U 34
36 1 L -1
37 0 U 36
38 1 U 37
39 0 U 38
40 1 U 39
41 1 U 40
42 1 L 40
43 1 U 42
44 0 U 43
45 1 U 44
46 0 U 45
47
0 0 L -1
1 0 U 0
2 1 U 1
3 0 U 2
4 1 L 2
5 1 U 4
6 1 U -1
7 1 U 6
8 1 U 7
9 0 U 8
10 0 U 9
11 1 U 10
12 0 U -1
13 1 L 9
14 0 U 13
15 0 L 8
16 1 L 0
17 0 U 16
18 1 L 14
19 0 U 18
20 0 U 19
21 1 L -1
22 1 U 21
23 1 L 20
24 0 U -1
25 1 U 24
26 1 U 0
27 0 U 26
28 1 U 27
29 0 U 28
30 0 U -1
31 0 L 15
32 1 U 31
33 1 U 32
34 1 U 9
35 0 U 34
36 1 L -1
37 0 U 36
38 0 U 3
39 0 U 38
40 1 U 39
41 1 U 40
42 0 U 8
43 1 U 42
44 0 U 43
45 1 U 44
46 0 U 45
47
0 0 L -1
1 0 U 0
2 1 U 1
3 0 U 2
4 1 L 2
5 1 U 4
6 1 U -1
7 1 U 6
8 1 U 7
9 0 U 8
10 0 U 9
11 1 U 10
12 0 U 2
13 1 U 12
14 0 U 13
15 1 L 8
16 1 U 0
17 1 L 13
18 1 U -1
19 0 U 18
20 0 U 3
21 1 L -1
22 0 U 10
23 1 U 22
24 0 U -1
25 1 U 24
26 1 L 0
27 0 U 26
28 1 U 27
29 0 U 28
30 0 U -1
31 0 L 15
32 1 U 31
33 1 U 32
34 0 U 33
35 0 U 34
36 1 L -1
37 0 U 36
38 1 U 37
39 0 U 38
40 1 U 39
41 1 U 40
42 0 U -1
43 1 U 42
44 0 U 43
45 1 U 44
46 0 U 45
47
0 0 L -1
1 0 U 0
2 1 U 1
3 0 U 2
4 1 L 2
5 1 U 4
6 1 U -1
7 1 U 1
8 1 U 7
9 1 L -1
10 0 U 9
11 1 L 8
12 0 U -1
13 1 U 12
14 0 U 13
15 0 U 14
16 1 L 0
17 0 U 14
18 1 U -1
19 0 U 18
20 0 U 19
21 1 L -1
22 1 U 9
23 1 U 22
24 0 U -1
25 1 U 7
26 1 U 25
27 0 U 26
28 1 U 27
29 0 U 28
30 0 U -1
31 0 L 15
32 1 U 31
33 1 U 6
34 0 U 33
35 0 U 34
36 1 L -1
37 0 U 36
38 1 U 37
39 0 U 38
40 1 U 39
41 1 U 40
42 0 U -1
43 1 U 42
44 0 U 43
45 1 U 44
46 0 U 45
47
0 0 L -1
1 0 U 0
2 1 U 1
3 0 U 2
4 1 L 2
5 1 U 4
6 1 U -1
7 1 U 6
8 1 U 7
9 0 U 8
10 0 U 9
11 1 U 10
12 0 U -1
13 1 U 12
14 0 U 13
15 0 U 14
16 1 L 0
17 0 U 16
18 1 U -1
19 0 U 18
20 0 U 19
21 0 U 18
22 0 U 10
23 0 U 22
24 0 U -1
25 1 U 24
26 1 U 25
27 0 U 26
28 1 U 27
29 0 U 28
30 1 L 9
31 0 L 15
32 1 U 31
33 1 U 32
34 0 U 33
35 0 U 34
36 1 L -1
37 0 U 36
38 1 L 4
39 0 U 38
40 1 U 39
41 1 U 40
42 0 U -1
43 1 U 42
44 0 U 43
45 1 U 44
46 0 U 45
47
0 0 L -1
1 0 U 0
2 1 U 1
3 0 U 2
4 1 L 2
5 1 U 4
6 1 U -1
7 1 U 6
8 1 U 7
9 0 U 8
10 0 U 9
11 1 U 10
12 0 U -1
13 1 U 12
14 0 U 13
15 0 U 14
16 1 L 13
17 0 U 16
18 1 U -1
19 0 U 18
20 0 U 19
21 1 L -1
22 0 U 10
23 1 U 22
24 0 U -1
25 1 U 24
26 1 U 25
27 0 U 26
28 0 U 8
29 0 U 28
30 0 U -1
31 0 L 15
32 1 U 18
33 1 U 32
34 0 U 33
35 0 U 34
36 1 L -1
37 0 U 36
38 0 L 0
39 0 U 38
40 1 U 39
41 1 U 40
42 0 U -1
43 1 U 42
44 0 U 43
45 1 U 44
46 0 U 45
47
0 1 L -1
1 0 U 0
2 1 U 1
3 0 U 2
4 1 U 3
5 1 U 4
6 1 U -1
7 1 U 6
8 0 L -1
9 0 U 8
10 0 U 9
11 1 U 10
12 0 U -1
13 1 U 12
14 1 U 12
15 0 U 14
16 1 L 0
17 0 U 16
18 1 U -1
19 0 U 18
20 0 U 19
21 1 L -1
22 0 U 10
23 1 U 22
24 0 U -1
25 1 U 24
26 1 U 25
27 0 U 26
28 0 L 7
29 0 U 28
30 1 U 12
31 0 L 15
32 1 U 31
33 1 U 32
34 0 U 33
35 0 U 34
36 1 L -1
37 0 U 36
38 1 U 37
39 0 U 38
40 1 U 39
41 1 U 40
42 0 U -1
43 1 U 42
44 0 U 43
45 1 U 44
46 0 U 45
47
0 0 L -1
1 0 U 0
2 1 U 1
3 0 U 2
4 1 L 2
5 1 U 4
6 1 U -1
7 1 U 6
8 1 U 7
9 0 U 8
10 0 U 9
11 1 U 10
12 1 U 8
13 1 U 12
14 0 U 13
15 0 U 14
16 1 L 0
17 0 U 16
18 1 U -1
19 0 U 18
20 0 U 19
21 1 L -1
22 0 U 10
23 1 U 22
24 0 U -1
25 1 U 24
26 1 U 25
27 0 U 26
28 1 U 27
29 0 U 28
30 0 U -1
31 1 U 20
32 0 U 27
33 0 L 0
34 0 U 33
35 0 U 34
36 1 L -1
37 0 U 36
38 1 U 37
39 0 U 38
40 1 U 39
41 1 U 40
42 0 U -1
43 1 U 42
44 0 U 43
45 1 U 44
46 1 L 37
47
0 0 L -1
1 0 U 0
2 1 U 1
3 1 L 0
4 1 L 2
5 1 U 4
6 1 U -1
7 1 U 6
8 1 U 7
9 0 U 8
10 0 U 9
11 1 U 10
12 0 U -1
13 1 U 12
14 0 U 13
15 0 U 14
16 1 L 0
17 0 U 16
18 0 U 8
19 0 U 18
20 0 U 19
21 1 L -1
22 0 U 10
23 1 U 22
24 0 U -1
25 1 U 7
26 1 U 25
27 0 U 26
28 1 U 27
29 0 U 28
30 0 U -1
31 0 L 15
32 1 U 31
33 1 U 32
34 0 U 33
35 0 U 34
36 1 L -1
37 0 U 36
38 1 L 17
39 0 U 38
40 1 U 39
41 1 U 40
42 0 U -1
43 1 U 42
44 0 U 43
45 1 U 38
46 0 U 45
47
0 0 L -1
1 0 U 0
2 1 U 1
3 0 U 2
4 1 L 2
5 1 U 4
6 1 U -1
7 1 U 6
8 1 U 7
9 0 U 8
10 0 U 9
11 1 U 10
12 0 U -1
13 1 U 12
14 0 U 13
15 0 U 14
16 1 L 0
17 0 U 16
18 1 U -1
19 0 U 18
20 0 U 19
21 1 L -1
22 1 U 1
23 1 U 22
24 0 U -1
25 1 U 24
26 1 U 25
27 0 U 26
28 1 U 27
29 0 U 28
30 0 U -1
31 0 L 15
32 1 U 31
33 1 U 32
34 0 U 33
35 0 U 34
36 1 L -1
37 0 U 36
38 1 L 0
39 0 U 38
40 1 L 17
41 1 U 40
42 0 U -1
43 1 U 42
44 0 U 43
45 1 U 44
46 1 L 37
47
0 0 L -1
1 0 U 0
2 1 U 1
3 0 U 2
4 1 L 2
5 1 U 4
6 1 U -1
7 1 U 6
8 1 U 7
9 0 U 8
10 0 U 9
11 1 U 10
12 0 U -1
13 1 U 12
14 0 U 13
15 0 U 14
16 1 L 0
17 0 U 16
18 1 U -1
19 0 U 18
20 1 U 0
21 1 L -1
22 0 U 10
23 1 U 22
24 0 U -1
25 1 U 24
26 1 U 25
27 0 U 26
28 1 U 27
29 0 U 28
30 1 L 26
31 0 L 15
32 1 U 31
33 1 U 32
34 0 U 33
35 0 U 34
36 1 L -1
37 0 U 36
38 1 U 37
39 0 U 38
40 0 U 23
41 1 U 40
42 0 U -1
43 1 U 42
44 0 U 43
45 1 U 44
46 0 U 45
47
0 0 L -1
1 0 U 0
2 1 U 1
3 0 U 2
4 1 L 2
5 1 U 4
6 1 U -1
7 1 U 6
8 1 U 7
9 0 U 8
10 1 U 2
11 1 U 10
12 0 U -1
13 0 U 6
14 0 U 13
15 0 U 14
16 1 L 0
17 1 U 2
18 1 U -1
19 0 U 18
20 0 U 19
21 1 L -1
22 0 U 10
23 1 U 22
24 0 U -1
25 1 U 24
26 1 U 25
27 0 U 26
28 1 U 27
29 0 U 28
30 0 U -1
31 0 L 15
32 1 U 31
33 1 U 32
34 0 U 33
35 0 U 34
36 1 L -1
37 0 U 36
38 1 U 37
39 0 U 38
40 1 U 39
41 1 U 40
42 0 U -1
43 1 U 42
44 0 U 43
45 1 U 44
46 0 U 45
47
0 0 L -1
1 0 U 0
2 1 U 1
3 0 U 2
4 1 L 2
5 1 U 4
6 1 U 0
7 0 U 6
8 1 U 7
9 0 U 8
10 1 U 3
11 1 U 10
12 0 U -1
13 1 U 12
14 1 U 12
15 0 U 14
16 1 L 0
17 0 U 16
18 1 U -1
19 0 U 6
20 0 U 19
21 1 L -1
22 0 U 10
23 1 U 22
24 0 U -1
25 1 U 24
26 1 U 25
27 0 U 26
28 1 U 11
29 0 U 28
30 0 U -1
31 0 L 15
32 1 U 31
33 1 U 32
34 0 U 33
35 0 U 34
36 1 L 32
37 0 U 36
38 1 U 37
39 0 U 38
40 1 U 39
41 1 U 40
42 0 U -1
43 1 U 42
44 0 U 43
45 1 U 44
46 0 U 45
47
0 0 L -1
1 0 U 0
2 1 U 1
3 0 U 2
4 1 L 2
5 1 U 4
6 1 U -1
7 1 U 6
8 1 U 7
9 0 U 8
10 0 U 9
11 1 U 10
12 0 U -1
13 1 U 12
14 0 U 13
15 0 U 14
16 1 L 0
17 0 U 16
18 1 U -1
19 1 U 17
20 1 U 10
21 0 U 15
22 0 U 10
23 1 U 22
24 0 U -1
25 1 U 24
26 0 U 20
27 0 U 26
28 1 U 27
29 0 U 28
30 0 U -1
31 0 U 16
32 1 U 31
33 1 U 32
34 0 U 33
35 0 U 34
36 0 U 20
37 0 U 36
38 1 U 37
39 0 U 38
40 1 U 10
41 1 U 40
42 1 U 0
43 1 U 42
44 0 U 43
45 0 L -1
46 0 U 45
47
0 0 L -1
1 0 U 0
2 1 U 1
3 0 U 2
4 1 L 2
5 1 U 4
6 1 U -1
7 1 U 6
8 1 U 6
9 0 U 8
10 0 U 9
11 1 U 10
12 0 U -1
13 1 U 12
14 0 U 13
15 0 U 14
16 1 L 0
17 0 U 16
18 1 U -1
19 0 U 18
20 0 U 19
21 1 L -1
22 0 U 10
23 1 U 22
24 0 U -1
25 1 U 24
26 1 U 25
27 0 U 26
28 1 U 27
29 0 U 28
30 0 U -1
31 0 L 15
32 0 L 29
33 1 U 32
34 0 U 33
35 0 U 34
36 1 L -1
37 0 U 36
38 1 U 37
39 0 U 38
40 1 U 39
41 0 U 22
42 0 U -1
43 1 U 42
44 0 U 43
45 0 U 30
46 0 U 31
47
0 0 L -1
1 0 U 0
2 1 U 1
3 0 U 0
4 1 L 2
5 1 U 4
6 1 U -1
7 1 U 6
8 1 U 7
9 0 U 8
10 0 U 9
11 1 U 10
12 0 U -1
13 1 U 12
14 0 U 13
15 0 U 14
16 1 L 0
17 0 U 16
18 1 U -1
19 0 U 18
20 0 U 19
21 1 L -1
22 0 U 10
23 1 U 22
24 0 U -1
25 1 U 24
26 1 U 25
27 0 U -1
28 1 U 27
29 0 U 28
30 0 U -1
31 0 L 15
32 1 U 31
33 0 U 20
34 0 U 33
35 1 L 13
36 1 L -1
37 1 L 8
38 1 U 37
39 0 U 38
40 1 U 39
41 1 U 40
42 0 U -1
43 1 U 42
44 1 U 10
45 1 U 44
46 0 U 45
47
0 1 U -1
1 0 U 0
2 1 U 1
3 0 U 2
4 1 L 2
5 1 L 3
6 1 U -1
7 0 U 3
8 1 U 7
9 0 U 8
10 0 U 9
11 1 U 10
12 0 U -1
13 1 U 12
14 0 U 13
15 0 U 14
16 1 L 0
17 0 U 16
18 1 U -1
19 0 U 18
20 0 U 19
21 1 L 19
22 0 U 10
23 1 U 22
24 0 U -1
25 1 U 24
26 1 U 25
27 0 U 1
28 1 U 27
29 0 U 28
30 0 U -1
31 0 L 15
32 1 U 31
33 1 U 32
34 0 U 33
35 0 U 34
36 1 L -1
37 0 U 36
38 1 U 37
39 0 U 38
40 1 U 39
41 1 U 40
42 0 U -1
43 1 U 42
44 0 U 43
45 1 U 44
46 0 U 45
47
0 0 L -1
1 0 U 0
2 1 U 1
3 0 U 2
4 1 U 3
5 1 U 4
6 1 U -1
7 1 U 6
8 1 U 7
9 0 U 8
10 0 U 9
11 1 U 10
12 0 U -1
13 1 L 9
14 0 U 13
15 0 U 14
16 1 L 0
17 1 U 7
18 1 U -1
19 0 U 18
20 0 U 19
21 1 L -1
22 1 L 3
23 1 U 22
24 0 U -1
25 1 U 24
26 1 U 25
27 0 U 26
28 1 U 27
29 0 U 28
30 0 U -1
31 0 L 15
32 1 U 31
33 1 U 32
34 0 U 33
35 0 U 34
36 1 L -1
37 0 U 36
38 1 U 37
39 0 U 38
40 1 U 39
41 1 U 40
42 0 U -1
43 1 U 42
44 0 U 43
45 1 U 44
46 0 U 45
47
0 0 L -1
1 0 U 0
2 1 U 1
3 0 U 2
4 1 U -1
5 1 U 4
6 1 U -1
7 1 U 6
8 1 U 7
9 0 U 8
10 0 U 9
11 1 U 10
12 0 U -1
13 1 U 12
14 0 U 13
15 0 U 14
16 1 L 0
17 1 U 9
18 1 L 1
19 0 U 18
20 0 U 19
21 1 L -1
22 0 U 10
23 0 L 10
24 0 U -1
25 1 U 24
26 1 U 25
27 0 U 26
28 1 U 1
29 0 U 28
30 0 U -1
31 0 L 15
32 1 U 31
33 1 U 32
34 0 U 33
35 0 U 34
36 1 L -1
37 0 U 36
38 1 U 37
39 0 U 38
40 1 U 39
41 1 U 14
42 0 U -1
43 1 U 42
44 0 U 43
45 1 U 44
46 0 U 45
47
0 1 U -1
1 0 U 0
2 1 U 1
3 0 U 2
4 1 L 2
5 1 U 4
6 1 U -1
7 1 U 6
8 1 U 7
9 0 U 8
10 0 U 9
11 1 U 10
12 0 U -1
13 1 U 12
14 0 U 13
15 0 U 14
16 1 L 0
17 0 U 16
18 1 U -1
19 1 U 7
20 0 U 19
21 1 L 5
22 1 U 1
23 1 U 22
24 0 L 13
25 1 U 24
26 1 U 25
27 0 U 26
28 1 U 27
29 0 U 28
30 0 U -1
31 0 L 15
32 1 U 31
33 1 U 32
34 0 U 33
35 0 U 34
36 0 L 30
37 0 U 36
38 1 U 37
39 1 L 21
40 1 U 39
41 1 U 37
42 0 U -1
43 1 U 42
44 0 U 43
45 1 U 44
46 0 U 45
47
0 0 L -1
1 0 U 0
2 1 U 1
3 0 U 2
4 0 L -1
5 1 U 4
6 1 U -1
7 1 U 6
8 1 U 7
9 0 U 8
10 0 U 9
11 1 U 10
12 0 U -1
13 1 U 12
14 0 U 13
15 0 U 14
16 1 L 10
17 0 U 16
18 1 U -1
19 0 U 18
20 0 U 19
21 1 L -1
22 0 U 10
23 0 L -1
24 0 U -1
25 0 U 4
26 1 U 25
27 0 U 26
28 1 U 27
29 0 U 28
30 0 U -1
31 0 L 15
32 1 U 31
33 1 U 32
34 0 L 19
35 0 U 34
36 1 L -1
37 0 U 36
38 1 U 37
39 0 U 38
40 1 U 39
41 1 U 40
42 0 U -1
43 1 U 42
44 0 U 43
45 1 U 44
46 0 U 45
47
0 0 L -1
1 1 L -1
2 1 U 1
3 0 U 2
4 1 L 2
5 1 U 4
6 1 U -1
7 1 U 6
8 1 U 7
9 1 L 6
10 0 U 9
11 1 U 10
12 0 U -1
13 1 L 1
14 0 U 13
15 0 U 14
16 1 L 0
17 0 U 16
18 1 U -1
19 0 U 18
20 0 U 19
21 1 L -1
22 0 U 10
23 1 U 22
24 0 U -1
25 1 U 24
26 1 U 25
27 0 U 26
28 1 U 27
29 0 U 28
30 0 U -1
31 0 L 15
32 1 L 16
33 1 U 32
34 0 U 33
35 0 U 34
36 1 L -1
37 0 U 36
38 1 U 37
39 0 U 38
40 1 U 39
41 1 U 40
42 0 L 5
43 1 U 42
44 0 U 43
45 1 U 44
46 0 U 45
47
0 0 L -1
1 0 U 0
2 1 U 1
3 0 U 2
4 1 L 2
5 1 U 4
6 0 L -1
7 1 U 6
8 1 U 7
9 1 U 3
10 0 U 9
11 1 U 10
12 0 U -1
13 1 U 12
14 0 U 13
15 0 U 14
16 1 L 0
17 0 U 16
18 1 U -1
19 0 U 18
20 0 U 19
21 1 L -1
22 0 U 10
23 1 U 22
24 0 U -1
25 1 U 24
26 1 U 25
27 0 U 26
28 1 U 27
29 0 U 28
30 0 U -1
31 0 L 15
32 1 U 31
33 1 U 32
34 0 U 33
35 0 U 34
36 1 L -1
37 0 U 36
38 1 L 8
39 0 U 38
40 1 U 39
41 1 U 40
42 1 U 20
43 1 U 42
44 0 U 43
45 0 L 22
46 1 L 14
47
0 0 L -1
1 0 U 0
2 1 U 1
3 0 U 2
4 1 L 2
5 1 U 4
6 1 U -1
7 1 U 6
8 1 U 7
9 0 U 8
10 0 U 9
11 1 U 10
12 0 U -1
13 1 U 12
14 0 U 13
15 0 U 14
16 1 L 0
17 0 U 16
18 1 U -1
19 0 U 18
20 0 U 19
21 1 L -1
22 0 U 10
23 1 U 22
24 0 U -1
25 1 U 24
26 1 U 25
27 0 U 26
28 1 U 27
29 0 U 28
30 0 U -1
31 0 L 15
32 1 U 31
33 1 U 32
34 0 U 33
35 0 U 34
36 1 L -1
37 0 U 36
38 1 U 37
39 1 U -1
40 1 U 39
41 1 U 40
42 0 U -1
43 1 U 42
44 0 U 43
45 1 U 44
46 0 U 45
47
0 0 L -1
1 0 U 0
2 1 U 1
3 0 U 2
4 1 L 2
5 1 U 4
6 1 U -1
7 1 U 6
8 1 U 7
9 0 U 8
10 0 U 9
11 1 U 10
12 0 L 0
13 1 U 12
14 0 U 13
15 0 U 14
16 1 L 0
17 0 U 16
18 1 U -1
19 0 U 18
20 0 U 19
21 1 L -1
22 0 U 10
23 1 U 22
24 0 U -1
25 1 U 24
26 1 U 25
27 0 U 5
28 1 U 27
29 0 U 28
30 0 U -1
31 0 L 15
32 1 U 6
33 1 U 32
34 0 U 33
35 0 U 34
36 1 L -1
37 0 U 36
38 1 U 37
39 0 U 38
40 1 U 39
41 1 U 40
42 0 U -1
43 1 U 42
44 0 U 43
45 1 U 44
46 0 U 45
47
0 0 L -1
1 0 U 0
2 1 U 1
3 0 U 2
4 1 L 2
5 1 U 4
6 1 U -1
7 1 U 6
8 1 U 7
9 0 U 8
10 0 U 4
11 1 U 10
12 0 U -1
13 1 U 12
14 0 U 13
15 0 U 14
16 1 L 0
17 0 U 16
18 1 U -1
19 0 U 18
20 1 U 6
21 1 L -1
22 0 U 10
23 1 U 22
24 0 U -1
25 1 U 24
26 1 U 25
27 0 U 26
28 1 L 24
29 0 U 28
30 0 U -1
31 0 L 15
32 1 U 31
33 1 U 32
34 0 U 33
35 0 U 34
36 0 U 30
37 0 U 36
38 1 U 37
39 0 U 38
40 1 U 39
41 1 U 40
42 0 U -1
43 1 U 42
44 0 U 43
45 0 U -1
46 0 U 45
47
0 0 L -1
1 0 U 0
2 1 U 1
3 0 U 2
4 1 L 2
5 1 U 4
6 1 U -1
7 1 U 6
8 1 U 7
9 0 U 8
10 0 U 9
11 1 U 10
12 0 U -1
13 1 U 12
14 0 U 13
15 0 U 14
16 1 L 0
17 0 U 16
18 1 U -1
19 0 U 18
20 0 U 19
21 1 L -1
22 0 U 10
23 1 L 17
24 0 U -1
25 1 U 24
26 1 U 25
27 0 U 26
28 1 U 27
29 0 U 28
30 0 U -1
31 0 L 15
32 1 U 31
33 1 U 32
34 0 U 33
35 0 U 34
36 1 L -1
37 0 U 36
38 1 U 37
39 0 U 3
40 1 U 39
41 1 U 40
42 0 U -1
43 1 U 42
44 0 U 43
45 1 U 44
46 0 U 45
47
0 0 L -1
1 0 U 0
2 1 U 1
3 1 L 0
4 1 L 2
5 1 U 4
6 1 U -1
7 1 U 6
8 1 U 7
9 0 U 8
10 0 U 9
11 1 U 10
12 1 L 1
13 1 U 12
14 0 U 13
15 0 U 14
16 1 L 0
17 1 L 2
18 1 U -1
19 0 U 18
20 0 U 19
21 0 L 1
22 0 U 10
23 1 U 22
24 0 U -1
25 1 U 24
26 1 U 25
27 0 U 26
28 1 U 27
29 0 U 28
30 0 L 29
31 0 L 15
32 1 U 31
33 1 U 32
34 0 U 33
35 0 U 34
36 1 L -1
37 0 U 36
38 0 L 23
39 0 U 38
40 0 L 25
41 1 U 40
42 0 U -1
43 1 U 19
44 0 U 43
45 1 U 44
46 0 U 45
47
0 0 L -1
1 0 U 0
2 1 U 1
3 0 U 2
4 1 L 2
5 1 U 4
6 1 U -1
7 1 U 6
8 1 U 7
9 0 U 8
10 0 U 9
11 1 U 10
12 0 U -1
13 1 U 12
14 0 U 13
15 0 L 5
16 1 L 0
17 1 U 16
18 1 U -1
19 0 U 18
20 0 U 19
21 1 L -1
22 0 U 10
23 1 U 22
24 1 L 22
25 1 U 24
26 1 U 25
27 0 U 26
28 1 U 27
29 0 U 28
30 0 U -1
31 0 L 15
32 1 U 31
33 1 U 32
34 0 U 33
35 1 U 8
36 1 L -1
37 0 U 36
38 1 U 37
39 0 U 9
40 1 U 39
41 1 U 40
42 0 U -1
43 1 U 42
44 0 U 43
45 1 U 44
46 0 U 45
47
0 0 L -1
1 0 U 0
2 1 U 1
3 0 U 2
4 1 L 2
5 1 U 4
6 1 U -1
7 0 U 4
8 1 U 7
9 0 U 8
10 0 U 9
11 1 U 10
12 0 U -1
13 0 L 11
14 0 U 13
15 0 U 14
16 1 L 0
17 0 U 16
18 1 U -1
19 0 U 18
20 0 U 19
21 1 L -1
22 0 L 10
23 1 U 22
24 0 U -1
25 1 U 24
26 1 U 25
27 1 L -1
28 1 U 27
29 0 U 28
30 0 U -1
31 0 L 15
32 1 U 31
33 1 U 32
34 0 U 33
35 0 U 34
36 1 L -1
37 0 U 36
38 1 U 37
39 0 U 38
40 1 L 31
41 1 L 19
42 0 U -1
43 1 U 42
44 0 U 43
45 1 U 44
46 0 U 45
47
0 0 L -1
1 0 U 0
2 1 U 1
3 0 U 2
4 1 L 2
5 1 U 4
6 1 U -1
7 1 U 6
8 0 U 1
9 0 U 8
10 0 U 9
11 1 U 10
12 0 U -1
13 1 U 12
14 1 L 10
15 0 U 14
16 1 L 0
17 0 U 16
18 1 U -1
19 0 U 18
20 0 U 19
21 1 L -1
22 0 U 10
23 1 U 22
24 0 U -1
25 1 U 24
26 1 U 25
27 0 U 26
28 1 U 27
29 0 U 28
30 0 U -1
31 0 L 15
32 1 U 31
33 1 U 32
34 0 U 33
35 0 U 34
36 1 L -1
37 0 U 36
38 1 U 37
39 0 U 38
40 1 U 39
41 1 U 40
42 0 U -1
43 1 U 42
44 0 U 43
45 1 U 44
46 0 U 45
47
0 0 L -1
1 0 U 0
2 1 U 1
3 0 U 2
4 1 L 2
5 1 U 4
6 1 U -1
7 1 U 6
8 1 U 7
9 0 U 8
10 0 U 9
11 1 U 10
12 0 U -1
13 1 U 12
14 0 U 13
15 0 U 14
16 1 L 0
17 0 U 16
18 1 U -1
19 0 U 18
20 0 U 19
21 1 L -1
22 0 U 10
23 1 U 22
24 0 U -1
25 1 U 24
26 1 U 25
27 0 U 26
28 1 U 27
29 0 U 28
30 0 U -1
31 0 L 15
32 1 U 31
33 0 U 4
34 0 U 33
35 0 U 34
36 1 L -1
37 0 U 36
38 1 U 37
39 1 L 7
40 1 U 39
41 1 U 40
42 0 U -1
43 1 U 42
44 0 U 43
45 1 U 44
46 0 U 45
47
0 0 L -1
1 1 U 0
2 1 U 1
3 0 U 2
4 1 L 2
5 1 U 4
6 1 U -1
7 1 U 6
8 1 U 7
9 0 U 8
10 0 U 0
11 1 U 10
12 0 U -1
13 1 U 12
14 0 U 13
15 0 U 14
16 1 L 0
17 1 L 9
18 1 U -1
19 0 U 18
20 0 U 19
21 1 L -1
22 0 U 10
23 1 U 22
24 0 U -1
25 1 U 24
26 1 U 25
27 0 U 26
28 1 L 11
29 0 U 28
30 0 U -1
31 0 L 15
32 1 U 31
33 0 U 21
34 0 U 33
35 0 U 34
36 1 L -1
37 0 U 36
38 1 U 37
39 0 U 38
40 0 L 37
41 1 U 40
42 0 U -1
43 1 U 42
44 0 U 43
45 1 U 44
46 0 U 45
47
0 0 L -1
1 0 U 0
2 1 U 1
3 1 U 1
4 1 L 2
5 1 U 4
6 1 U -1
7 1 U 6
8 1 U 7
9 0 U 8
10 0 U 9
11 1 U 10
12 0 L 0
13 1 U 12
14 0 U 13
15 0 U 14
16 1 L 0
17 0 U 16
18 1 U -1
19 0 U 18
20 0 U 19
21 1 L -1
22 0 U 10
23 1 U 22
24 0 U -1
25 0 L 21
26 1 U 25
27 0 L 18
28 0 U 16
29 0 U 28
30 0 U -1
31 1 L 0
32 1 U 31
33 1 U 32
34 0 U 33
35 1 L 19
36 1 L -1
37 0 U 36
38 1 U 37
39 0 U 38
40 1 U 38
41 1 U 40
42 0 U -1
43 1 U 42
44 0 U 43
45 1 U 44
46 0 U 45
47
0 1 U -1
1 0 U 0
2 1 U 1
3 0 U 2
4 1 U 0
5 1 U 4
6 1 U -1
7 1 U 6
8 1 U 7
9 0 U 8
10 0 U 9
11 1 U 10
12 0 U -1
13 1 U 12
14 0 U 13
15 0 U 14
16 1 L 0
17 0 U 16
18 1 U -1
19 0 U 18
20 1 L 15
21 1 L -1
22 0 U 10
23 1 U 22
24 0 U -1
25 1 U 24
26 1 U 25
27 0 U 26
28 1 U 27
29 0 U 28
30 0 U -1
31 0 L 15
32 1 U 31
33 1 U 32
34 0 U 33
35 0 U 34
36 1 L -1
37 0 U 36
38 1 U 37
39 0 U 38
40 1 U 39
41 0 L 30
42 0 U -1
43 1 U 42
44 0 U 43
45 1 U 44
46 0 L 27
47
0 0 L -1
1 0 U 0
2 1 U 1
3 0 U 2
4 1 L 2
5 1 U 4
6 1 U -1
7 1 U 6
8 1 U 7
9 0 U 8
10 0 U 9
11 1 U 10
12 0 U -1
13 1 U 12
14 0 U 13
15 0 U 14
16 1 L 0
17 0 U 16
18 1 U -1
19 0 U 18
20 0 U 19
21 1 L -1
22 0 U 10
23 1 U 22
24 0 U -1
25 1 U 24
26 1 U 25
27 0 U 26
28 1 U 27
29 0 U 28
30 0 L -1
31 0 L 15
32 1 L 10
33 1 U 32
34 0 U -1
35 0 U 34
36 0 L 10
37 0 U 36
38 1 U 37
39 0 U 38
40 1 U 39
41 1 U 40
42 0 U -1
43 1 U 42
44 0 U 43
45 1 U 44
46 0 U 45
47
0 0 L -1
1 0 U 0
2 1 U 1
3 0 U 2
4 1 L 2
5 1 U 4
6 1 U -1
7 1 U 6
8 1 U 7
9 0 U 8
10 0 U 9
11 1 U 10
12 0 U -1
13 1 U 12
14 0 U 13
15 0 U 14
16 1 U 8
17 0 U 16
18 1 U -1
19 0 U 18
20 0 U 19
21 1 L -1
22 0 U 10
23 1 U 22
24 0 U -1
25 1 U 24
26 1 L 17
27 0 L 26
28 1 U 27
29 0 U 28
30 0 U -1
31 0 L 15
32 1 U 31
33 1 U 32
34 0 U 33
35 0 U 34
36 1 L -1
37 0 U 36
38 0 U 1
39 0 U 38
40 1 U 39
41 1 U 40
42 0 U -1
43 1 U 42
44 0 U 43
45 0 U 30
46 0 U 45
47
0 0 L -1
1 1 L 0
2 1 U 1
3 0 U 2
4 1 L 2
5 1 L 2
6 1 U -1
7 1 U 6
8 1 U 7
9 0 U 8
10 0 U 0
11 1 U 10
12 0 U -1
13 1 U 12
14 0 U 13
15 0 U 14
16 1 L 0
17 0 U 16
18 1 U -1
19 0 U 18
20 0 U 19
21 1 L -1
22 0 U 10
23 1 U 22
24 0 U -1
25 0 U 9
26 1 U 25
27 0 U 26
28 1 U 27
29 0 U 28
30 1 U 12
31 0 U 16
32 1 U 31
33 1 U 32
34 0 U 33
35 0 U 34
36 1 L -1
37 0 U 36
38 1 U 37
39 0 U 38
40 1 U 39
41 1 U 40
42 0 U -1
43 1 U 42
44 0 U 43
45 1 U 44
46 0 U 45
