38
0 1 U -1
1 0 U 0
2 1 U 1
3 0 U 2
4 0 U 3
5 0 U 4
6 1 U -1
7 0 U 6
8 0 U 7
9 1 U 8
10 1 U 9
11 0 U 10
12 0 U -1
13 0 U 12
14 1 U 13
15 1 U 14
16 0 U 15
17 0 U 16
18 0 U -1
19 1 U 18
20 1 U 19
21 1 U 20
22 0 U 21
23 1 U 22
24 0 U -1
25 0 U 24
26 0 U 25
27 1 U 26
28 1 U 27
29 1 U 28
30 1 U -1
31 0 U 30
32 0 U 31
33 1 U 32
34 0 U 33
35 1 U 34
36 0 U -1
37 0 U 36
38
0 1 U -1
1 0 U 0
2 1 U 1
3 0 U 2
4 0 U 3
5 0 U 4
6 1 U -1
7 1 U 6
8 0 U 7
9 1 U 8
10 1 U 9
11 0 U 10
12 0 U -1
13 0 U 12
14 1 U 13
15 1 U 14
16 0 U 15
17 0 U 0
18 0 U -1
19 1 U 18
20 1 U 19
21 1 U 20
22 0 U 21
23 1 U 22
24 0 U -1
25 0 U 24
26 0 U 25
27 1 U 26
28 1 U 27
29 1 U 28
30 1 U -1
31 0 U 30
32 0 U 31
33 1 U 32
34 0 U 33
35 1 U 34
36 0 U -1
37 0 U 36
38
0 1 U -1
1 0 U 0
2 1 U 1
3 0 U 2
4 0 U 3
5 0 U 4
6 1 U -1
7 0 U 6
8 0 U 7
9 1 L 6
10 1 U 9
11 0 U 10
12 0 U 9
13 0 U 12
14 1 U 13
15 1 U 14
16 1 U 13
17 0 U 16
18 1 U 15
19 1 U 18
20 1 U 19
21 1 U 20
22 0 U 21
23 1 U 22
24 0 U -1
25 0 U 24
26 0 U 25
27 1 U 26
28 1 L 27
29 1 U 10
30 1 U -1
31 0 U 30
32 0 U 31
33 1 U 32
34 0 U 33
35 1 U 34
36 0 U -1
37 0 U 36
38
0 1 U -1
1 0 U 0
2 1 U 1
3 0 U 2
4 0 U 3
5 0 U 4
6 1 U -1
7 0 U 6
8 0 U 7
9 1 U 8
10 1 U 9
11 0 U 10
12 0 U -1
13 0 U 12
14 1 U 10
15 1 U 14
16 0 U 15
17 1 L 3
18 0 U -1
19 0 L 0
20 1 U 19
21 1 U 20
22 0 U 21
23 1 U 22
24 0 U -1
25 0 U 24
26 0 U 25
27 1 U 26
28 1 U 27
29 0 L 11
30 1 U -1
31 0 U 30
32 0 U 31
33 1 U 32
34 0 U 33
35 1 U 34
36 0 U -1
37 0 U 36
38
0 0 L -1
1 0 U 0
2 1 U 1
3 0 U 2
4 0 U 3
5 0 U 1
6 1 U -1
7 0 U 6
8 0 U 7
9 1 U 8
10 1 U 9
11 0 U 10
12 0 U -1
13 0 U 12
14 1 U 10
15 0 L 0
16 0 U 15
17 1 L 3
18 0 U -1
19 0 L 1
20 1 U 19
21 1 U 20
22 0 U 21
23 1 U 22
24 0 U -1
25 0 U 24
26 0 U 25
27 1 U 26
28 1 U 27
29 0 L 11
30 1 U -1
31 0 U 30
32 0 U 31
33 1 U 32
34 0 U 33
35 1 U 34
36 0 U -1
37 0 U 36
38
0 1 U -1
1 0 U 0
2 1 L 0
3 0 U 2
4 1 U 3
5 0 U 4
6 1 U -1
7 0 U 6
8 0 U 7
9 1 U 8
10 1 U 9
11 0 U 10
12 0 U -1
13 0 U 12
14 1 U 10
15 1 U 14
16 0 U 15
17 1 L 3
18 0 U -1
19 1 U 14
20 1 U 19
21 1 U 20
22 0 U 21
23 1 U 22
24 0 U -1
25 0 U 24
26 0 U 25
27 0 U 22
28 1 U 27
29 0 U 20
30 1 U -1
31 1 U 18
32 0 U 31
33 1 L 27
34 0 U 33
35 1 U 34
36 0 U -1
37 0 U 36
38
0 1 U -1
1 0 U 0
2 1 U 1
3 0 U 2
4 0 U 3
5 1 L 2
6 1 U -1
7 0 U 6
8 0 U 7
9 1 L 2
10 1 U 9
11 0 U 10
12 0 U -1
13 0 U 12
14 1 U 10
15 1 U 14
16 0 U 15
17 0 U 1
18 0 U -1
19 0 L 0
20 1 U 19
21 1 U 20
22 0 U 21
23 1 U 22
24 0 U -1
25 0 U 24
26 0 U 25
27 1 U 26
28 1 U 27
29 0 L 11
30 1 U -1
31 0 U 30
32 0 U 31
33 1 U 32
34 0 U 33
35 1 U 34
36 0 U -1
37 0 U 36
38
0 0 L -1
1 0 U 0
2 1 U 1
3 0 U 2
4 0 U 3
5 0 U 4
6 1 U -1
7 0 U 6
8 1 U 2
9 1 U 8
10 1 U 9
11 0 U 10
12 0 U -1
13 0 U 12
14 1 U 10
15 1 U 14
16 0 U 15
17 1 L 3
18 0 U -1
19 0 L 0
20 1 U 19
21 1 U 20
22 0 U 21
23 1 U 22
24 0 U -1
25 0 U 24
26 0 U 25
27 1 U 26
28 1 U 27
29 0 L 11
30 0 U 0
31 0 U 30
32 0 U 31
33 1 U 32
34 0 U 33
35 1 U 34
36 0 U -1
37 0 U 36
38
0 1 U -1
1 0 U 0
2 0 U -1
3 0 U 2
4 0 U 3
5 0 U 4
6 1 U -1
7 0 U 6
8 0 U 7
9 1 U 8
10 1 U 9
11 0 U 10
12 0 U -1
13 0 U 12
14 1 U 10
15 1 U 14
16 0 U 15
17 1 L 3
18 0 U -1
19 0 L 0
20 1 U 19
21 1 U 20
22 0 U 21
23 1 U 22
24 0 U -1
25 0 U 24
26 0 U 25
27 1 U 26
28 1 U 27
29 0 U -1
30 1 U -1
31 0 U 30
32 0 U 31
33 1 U 32
34 0 U 33
35 1 U 34
36 1 U 30
37 0 U 36
38
0 0 L -1
1 0 U 0
2 1 U 1
3 0 U 2
4 0 U 3
5 0 U 4
6 1 U -1
7 0 U 6
8 1 L 2
9 1 U 8
10 1 L 5
11 0 U 10
12 0 U -1
13 0 U 12
14 1 U 10
15 1 U 14
16 0 L 4
17 1 L 3
18 0 U 12
19 0 L 0
20 1 U 19
21 1 U 20
22 0 U 21
23 1 U 22
24 0 U -1
25 0 U 24
26 0 U 25
27 1 U 26
28 0 U 8
29 0 L 11
30 1 U -1
31 0 U 30
32 0 U 31
33 1 U 32
34 0 U 33
35 1 U 34
36 0 U -1
37 0 U 36
38
0 1 U -1
1 0 U 0
2 1 U 1
3 0 U 2
4 0 U 3
5 0 U 4
6 0 U 0
7 0 U 6
8 0 U 7
9 1 U 8
10 1 U 9
11 0 U 10
12 0 U -1
13 0 U 12
14 1 U 10
15 1 U 14
16 0 U 15
17 1 L 3
18 0 U -1
19 0 L 0
20 1 U 19
21 1 U 20
22 0 U 4
23 1 U 22
24 0 U -1
25 0 U 24
26 1 L 6
27 1 U 26
28 1 U 27
29 0 L 11
30 1 U -1
31 0 U 30
32 0 U 31
33 1 U 32
34 0 U 33
35 0 L 17
36 0 U -1
37 0 U 36
38
0 1 U -1
1 0 U 0
2 1 U 1
3 0 U 2
4 0 U 3
5 0 U 4
6 1 U -1
7 0 U 6
8 0 U 7
9 1 U 8
10 1 U 9
11 0 U 10
12 0 U 1
13 0 U 12
14 1 U 10
15 1 U 14
16 0 L 7
17 0 L 1
18 0 U -1
19 0 L 0
20 1 U 19
21 1 U 20
22 0 U 21
23 1 U 22
24 0 U -1
25 0 U 24
26 0 U 25
27 1 U 26
28 1 U 27
29 0 L 11
30 1 U -1
31 1 U 3
32 0 U 31
33 1 U 32
34 0 U 33
35 1 U 34
36 1 U 32
37 0 U 36
38
0 1 U -1
1 1 U 0
2 1 U 1
3 0 U 2
4 0 U 3
5 0 U 4
6 1 U -1
7 1 L 4
8 0 U 7
9 1 U 8
10 1 U 9
11 0 U 10
12 1 L 5
13 1 L 10
14 1 U 10
15 0 L 1
16 0 U 15
17 1 L 3
18 0 U -1
19 0 L 0
20 1 U 19
21 1 U 20
22 0 U 21
23 1 L 6
24 0 U -1
25 0 U 24
26 0 U 25
27 1 U 26
28 1 U 27
29 0 L 11
30 0 L 1
31 0 U 30
32 0 U 31
33 1 U 32
34 0 U 33
35 1 U 34
36 0 U -1
37 0 U 36
38
0 1 U -1
1 0 U 0
2 1 U 1
3 0 U 2
4 0 U 3
5 0 U 4
6 1 U -1
7 0 L 5
8 0 U 7
9 1 U 8
10 1 U 9
11 0 U 10
12 0 U -1
13 0 L -1
14 1 U 10
15 1 U 14
16 0 U 15
17 1 L 3
18 0 U -1
19 0 L 0
20 1 U 19
21 1 U 20
22 0 U 21
23 1 U 22
24 0 U -1
25 0 U 24
26 0 U 25
27 1 U 26
28 1 U 27
29 0 L 11
30 1 U -1
31 0 U 30
32 0 U 31
33 1 U 32
34 0 U 33
35 1 U 34
36 0 U -1
37 1 L 1
38
0 1 U -1
1 0 U 0
2 1 U 1
3 0 U 2
4 0 U 3
5 0 L -1
6 1 U -1
7 0 U 6
8 0 U -1
9 1 U 8
10 1 U 9
11 0 U 10
12 0 U -1
13 0 U 12
14 1 U 10
15 0 U -1
16 0 U 15
17 1 L 3
18 0 U -1
19 0 L 0
20 1 U 19
21 1 U 20
22 0 U 21
23 1 U 22
24 0 U -1
25 0 U 24
26 0 U 25
27 1 U 26
28 1 U 27
29 0 L 11
30 1 U -1
31 0 U 30
32 0 U 31
33 1 U 32
34 0 L 22
35 1 U 21
36 0 U -1
37 0 U 36
38
0 1 U -1
1 0 U 0
2 1 L 0
3 0 U 2
4 0 U 3
5 1 U 3
6 1 U 2
7 0 U 6
8 0 U 7
9 1 U 8
10 1 U 9
11 0 U 10
12 0 U -1
13 0 U 12
14 1 U 10
15 1 U 14
16 0 U 15
17 1 L 3
18 0 U -1
19 0 L 0
20 1 U 19
21 1 U 20
22 0 U 21
23 1 U 22
24 0 U -1
25 1 U 16
26 0 U 25
27 1 U 26
28 1 U 27
29 0 L 11
30 1 U -1
31 0 U 30
32 0 U 31
33 1 L 19
34 0 U 33
35 1 U 34
36 1 U 33
37 0 U 36
38
0 1 U -1
1 0 U 0
2 1 U 1
3 0 U 2
4 0 U 3
5 0 U 4
6 1 U -1
7 1 U 5
8 0 U 7
9 1 U 8
10 1 U 9
11 0 U 10
12 0 U -1
13 0 U 12
14 1 U 10
15 1 U 14
16 0 U 15
17 1 L 3
18 0 U -1
19 0 L 0
20 1 U 19
21 1 U 20
22 0 U 21
23 1 U 22
24 0 U -1
25 0 U 24
26 0 U 25
27 1 U 26
28 1 U 27
29 0 L 11
30 1 L -1
31 1 L 3
32 0 U 7
33 1 U 32
34 0 U 33
35 1 U 34
36 0 U -1
37 0 U 36
38
0 1 U -1
1 0 U 0
2 1 U 1
3 0 U 2
4 0 U 3
5 0 U 4
6 1 U -1
7 1 U 4
8 0 U 7
9 1 U 8
10 1 U 9
11 0 U 10
12 0 U 7
13 0 U 12
14 1 U 10
15 1 U 14
16 0 U 15
17 1 L 3
18 0 U -1
19 0 U 0
20 1 U 19
21 1 U 20
22 0 U 21
23 1 U 22
24 0 U -1
25 0 U 24
26 0 U 25
27 1 U 26
28 1 U 27
29 0 L 11
30 1 U -1
31 0 U 30
32 0 U 31
33 1 U 32
34 0 U 33
35 1 U 34
36 0 U -1
37 0 U 36
38
0 1 U -1
1 0 U 0
2 1 U 1
3 0 U 2
4 0 U 3
5 0 U 4
6 1 U -1
7 0 U 6
8 0 U 7
9 1 U 8
10 1 U 9
11 0 U 10
12 0 U -1
13 0 U 12
14 1 U 10
15 1 U 14
16 0 U 15
17 1 L 3
18 0 U -1
19 0 L 0
20 1 U 19
21 1 U 20
22 0 U 21
23 1 U 22
24 0 U -1
25 0 U 24
26 0 U 25
27 1 U 26
28 1 U 27
29 0 L 11
30 1 U 3
31 0 U 30
32 0 U 31
33 1 L 12
34 0 U 33
35 1 U 34
36 0 L 23
37 0 U 36
38
0 1 U -1
1 0 U 0
2 1 L 0
3 0 U 2
4 0 U 3
5 0 U 4
6 1 U -1
7 0 U 6
8 0 U 7
9 1 U 8
10 1 U 9
11 0 U 10
12 0 U -1
13 0 U 12
14 1 U 10
15 1 U 14
16 0 U 15
17 1 L 3
18 0 U -1
19 0 L 0
20 0 L 16
21 1 U 20
22 0 U 21
23 1 U 22
24 0 U -1
25 0 U 24
26 0 U 25
27 1 U 26
28 1 U 27
29 0 L 11
30 1 U -1
31 1 U 1
32 0 U 31
33 1 U 32
34 0 U 33
35 1 U 34
36 0 U -1
37 0 U 36
38
0 1 U -1
1 0 U 0
2 1 U 1
3 0 U 2
4 0 U 3
5 0 U 4
6 1 U -1
7 0 U 6
8 0 U 7
9 1 U 8
10 1 U 9
11 0 U 10
12 0 U -1
13 0 U 12
14 1 U 10
15 1 U 14
16 0 U 15
17 1 L 3
18 0 U -1
19 0 L 0
20 1 U 7
21 1 U 20
22 0 U 21
23 1 U 22
24 0 U -1
25 0 U 24
26 0 U 25
27 1 U 26
28 1 U 27
29 0 L 11
30 1 U -1
31 0 U 30
32 0 U 31
33 1 U 32
34 0 U 33
35 1 U 34
36 0 U -1
37 0 U 36
38
0 1 U -1
1 0 U 0
2 1 U 1
3 0 U 2
4 0 U 3
5 0 U 4
6 1 U -1
7 0 U 6
8 0 U 7
9 1 U 1
10 1 U 9
11 0 U 10
12 0 U -1
13 0 U 12
14 1 U 10
15 1 U 14
16 0 U 15
17 1 L 3
18 1 L 7
19 0 L 0
20 1 U 19
21 1 U 20
22 0 U 21
23 1 U 22
24 0 U -1
25 0 U 24
26 0 U 25
27 1 U 26
28 0 U 4
29 0 L 11
30 0 U 29
31 0 U 30
32 0 U 31
33 1 U 32
34 0 U 33
35 1 U 34
36 1 L 2
37 1 L 3
38
0 1 U -1
1 0 L -1
2 0 U 0
3 0 U 2
4 0 U 3
5 0 U 4
6 1 U -1
7 0 U 6
8 0 L -1
9 1 U 8
10 1 U 9
11 0 U 10
12 1 U 0
13 0 U 12
14 1 U 10
15 1 U 14
16 0 L 7
17 1 L 3
18 0 U -1
19 0 L 0
20 1 U 19
21 1 U 20
22 0 U 21
23 1 U 22
24 1 L 6
25 0 U 24
26 0 U 25
27 1 U 26
28 1 U 27
29 0 L 11
30 1 U -1
31 0 U 30
32 0 U 31
33 1 U 32
34 0 U 14
35 1 U 34
36 0 U -1
37 0 U 36
38
0 1 U -1
1 1 U 0
2 1 U -1
3 0 U 2
4 0 U 3
5 0 U 4
6 1 U -1
7 0 U 6
8 0 U 7
9 1 U 8
10 1 U 9
11 0 U 10
12 0 U -1
13 0 U 12
14 1 U 10
15 0 L 3
16 0 U 15
17 1 U 2
18 0 U -1
19 0 L 0
20 1 U 19
21 1 U 20
22 0 U 21
23 1 U 22
24 0 U -1
25 0 U 24
26 0 U 25
27 1 U 26
28 1 U 27
29 0 L 11
30 1 U -1
31 0 U 30
32 0 U 31
33 1 U 32
34 0 U 33
35 1 U 34
36 0 U -1
37 0 U 36
38
0 1 U -1
1 0 U 0
2 1 U 1
3 0 U 2
4 0 U 3
5 0 U 4
6 1 U -1
7 1 U 4
8 0 U 7
9 1 U 8
10 1 U 9
11 0 U 10
12 0 U -1
13 0 U 12
14 1 U 10
15 1 U 14
16 0 U 15
17 1 L 3
18 0 U -1
19 0 L 0
20 1 U 19
21 1 U 20
22 0 U 21
23 1 U 22
24 0 U -1
25 0 U 24
26 0 U 25
27 1 U 26
28 1 U 27
29 0 L 11
30 1 U -1
31 0 U 30
32 0 U 31
33 1 U 32
34 0 U 33
35 1 U 34
36 0 U -1
37 0 U 36
38
0 1 U -1
1 0 U 0
2 1 U 1
3 0 U 2
4 0 U 3
5 0 U 4
6 1 U -1
7 0 U 6
8 0 U 7
9 1 U 8
10 1 U 9
11 0 U 10
12 0 U -1
13 0 U 12
14 1 U 10
15 1 U 14
16 0 U 15
17 1 L 3
18 0 U -1
19 0 L 0
20 1 U 19
21 1 U 20
22 0 U 21
23 1 U 22
24 1 L 12
25 0 L 12
26 1 U 7
27 1 U 26
28 1 U 27
29 0 L 11
30 1 U -1
31 0 U 30
32 0 U 31
33 1 U 32
34 0 U 33
35 1 U 34
36 0 U -1
37 0 U 36
38
0 1 U -1
1 0 U 0
2 1 U 1
3 0 U 2
4 0 U 3
5 0 U 4
6 1 U -1
7 0 U 6
8 0 U 7
9 1 U 8
10 1 U 9
11 0 U 10
12 0 U -1
13 0 U 12
14 1 U 10
15 1 U 14
16 0 U 15
17 1 L 3
18 0 U -1
19 0 L 0
20 1 U 19
21 1 U 20
22 0 U 21
23 1 U 22
24 1 L 17
25 0 U 24
26 0 U 25
27 1 U 26
28 1 U 27
29 0 L 11
30 1 U -1
31 0 U 30
32 0 U 31
33 1 U 32
34 0 U 33
35 1 U 34
36 0 U -1
37 0 U 36
38
0 1 U -1
1 0 U 0
2 0 U -1
3 0 U 2
4 0 U 3
5 0 U 4
6 1 U -1
7 0 U 6
8 0 U 7
9 1 U 8
10 1 U 9
11 0 U 10
12 0 U -1
13 0 U 12
14 1 L 2
15 1 U 14
16 0 U 15
17 1 L 3
18 0 U -1
19 0 L 0
20 1 U 19
21 1 U 20
22 0 U 21
23 0 L 13
24 0 U -1
25 0 U 24
26 0 U 25
27 1 U 26
28 1 U 27
29 0 L 11
30 1 U -1
31 0 U 30
32 0 U 31
33 1 U 32
34 0 U 33
35 1 U 34
36 0 U -1
37 0 U 36
38
0 1 U -1
1 0 U 0
2 1 U 1
3 0 U 2
4 0 U 3
5 0 U 4
6 1 U -1
7 0 U 6
8 0 U 7
9 1 U 8
10 1 U 9
11 0 U 10
12 0 U -1
13 0 U 12
14 1 U 10
15 1 U 14
16 0 U 15
17 1 L 3
18 0 U -1
19 0 L 0
20 1 U 19
21 1 U 20
22 1 L 10
23 0 U 1
24 0 U -1
25 0 U 24
26 0 U 25
27 1 U 26
28 1 U 27
29 0 L 11
30 1 U -1
31 0 U 30
32 0 U 31
33 1 U 32
34 0 U 33
35 1 U 34
36 0 U -1
37 0 U 36
38
0 1 U -1
1 0 U 0
2 0 L -1
3 0 U 2
4 0 U 3
5 0 U 4
6 1 U 5
7 0 U 6
8 0 U 7
9 1 U 8
10 1 U 9
11 0 U 10
12 0 L 3
13 0 U 12
14 1 U 10
15 1 U 14
16 0 U 15
17 1 L 3
18 0 U -1
19 0 L 0
20 1 U 19
21 1 U 20
22 0 U 21
23 1 U 22
24 0 U -1
25 0 U 24
26 0 U 25
27 1 U 26
28 1 U 27
29 0 L 11
30 1 U -1
31 0 U 30
32 0 U 31
33 1 U 32
34 0 U 33
35 1 U 34
36 0 U -1
37 0 L 15
38
0 1 U -1
1 0 U 0
2 1 U 1
3 0 U 2
4 0 U 3
5 0 U 4
6 1 U -1
7 0 U 6
8 0 U 7
9 1 U 8
10 1 U 9
11 0 U 10
12 0 U -1
13 0 U 12
14 0 L 4
15 1 U 14
16 0 U 15
17 1 L 3
18 0 U -1
19 0 L 0
20 1 U 19
21 1 U 20
22 0 U 21
23 1 U 22
24 0 U -1
25 1 U 21
26 0 U 25
27 1 U 26
28 0 U 25
29 0 L 11
30 1 U -1
31 0 U 30
32 0 L 16
33 1 U 32
34 0 U 33
35 1 U 34
36 0 L 0
37 0 U 36
38
0 1 U -1
1 1 L -1
2 1 U 1
3 0 U 2
4 0 U 3
5 0 U 4
6 1 U -1
7 0 U 6
8 1 L 2
9 1 U 8
10 1 U 9
11 0 U 10
12 0 U -1
13 0 U 12
14 1 U 10
15 0 U 6
16 1 U 15
17 1 L 3
18 0 U -1
19 0 L 0
20 1 U 19
21 1 U 20
22 0 U 21
23 1 U 22
24 0 U -1
25 0 U 24
26 1 U 7
27 1 U 26
28 1 U 27
29 0 L 11
30 1 U -1
31 0 U 30
32 0 U 31
33 0 U 9
34 0 U 33
35 1 U 34
36 0 U -1
37 0 U 36
38
0 1 U -1
1 0 U 0
2 1 U 1
3 0 U 2
4 1 U 1
5 0 U -1
6 1 U -1
7 0 U 6
8 0 U 7
9 1 U 8
10 1 U 9
11 0 U 10
12 0 U -1
13 0 U 12
14 1 U 0
15 0 L 10
16 0 U 15
17 1 L 3
18 0 U -1
19 0 L 0
20 0 U 5
21 0 U 18
22 0 U 2
23 1 U 22
24 0 U -1
25 0 U 24
26 1 L 17
27 1 U 26
28 1 U 27
29 0 L 11
30 1 U -1
31 0 U 30
32 0 U 31
33 1 U 32
34 0 U 33
35 1 U 34
36 0 U -1
37 0 U 36
38
0 1 U -1
1 0 U 0
2 1 U 1
3 0 U 2
4 0 U 3
5 0 U 4
6 1 U -1
7 0 U 6
8 0 U 7
9 1 U 8
10 1 U 9
11 0 U 10
12 0 U -1
13 0 U 12
14 1 U 10
15 1 U 14
16 0 U 15
17 1 L 3
18 0 U -1
19 0 L 0
20 1 U 19
21 1 U 20
22 0 U 21
23 1 U 22
24 0 U -1
25 0 U 24
26 0 U 25
27 0 U 6
28 1 U 27
29 0 L 11
30 1 U -1
31 0 U 30
32 0 U 31
33 1 U 32
34 0 U 33
35 1 U 34
36 0 U -1
37 0 U 36
38
0 0 L -1
1 0 U 0
2 1 L 0
3 0 U 2
4 0 U 3
5 0 U 4
6 1 U -1
7 0 U 6
8 0 U 7
9 1 U 8
10 1 U 9
11 0 U 10
12 0 U -1
13 0 U 12
14 1 U 10
15 1 U 14
16 0 U 15
17 1 L 3
18 0 U -1
19 0 L 0
20 1 U 19
21 1 U 20
22 0 U 21
23 1 U 22
24 0 U -1
25 0 U 24
26 0 U 25
27 1 U 26
28 1 U 27
29 0 L 11
30 1 U -1
31 0 U 30
32 0 U 31
33 1 U 32
34 0 L 13
35 1 U 34
36 0 U -1
37 1 L 15
38
0 1 U -1
1 1 U -1
2 1 U 1
3 0 U 2
4 0 L -1
5 0 U 4
6 1 U -1
7 0 U 6
8 0 U 7
9 1 U 8
10 1 U 9
11 0 U 10
12 0 U -1
13 0 U 12
14 1 U 10
15 1 U 14
16 0 U 15
17 1 L 3
18 1 L 8
19 0 L 0
20 1 U 19
21 1 U 20
22 0 U 21
23 1 U 22
24 0 U -1
25 0 U 24
26 0 U 25
27 1 U 26
28 1 U 27
29 0 L 11
30 1 U -1
31 0 U 30
32 0 U 31
33 1 L 0
34 0 U 33
35 1 U 34
36 0 U -1
37 0 U 36
38
0 1 L -1
1 0 L 0
2 1 U 1
3 0 U 2
4 0 U 3
5 0 U -1
6 1 U -1
7 0 U 6
8 0 U 7
9 1 U 8
10 0 L 3
11 0 U 10
12 0 U -1
13 0 U 12
14 1 U 10
15 1 U 14
16 0 U 15
17 1 L 3
18 0 U -1
19 0 L 0
20 1 U 19
21 0 L 8
22 0 U 21
23 1 U 22
24 0 U -1
25 0 U 24
26 0 L 2
27 1 U 26
28 1 U 27
29 0 L 11
30 1 L 10
31 0 U 30
32 0 U 31
33 1 U 32
34 0 U 33
35 1 U 34
36 0 U -1
37 0 U 36
38
0 0 L -1
1 0 U 0
2 1 U 1
3 1 L 1
4 0 U 3
5 0 U 4
6 1 U -1
7 0 U 6
8 0 U 7
9 1 U 8
10 1 U 9
11 0 U 10
12 0 U -1
13 0 U 12
14 1 U 10
15 1 U 14
16 0 U 15
17 1 L 3
18 0 U -1
19 0 L 0
20 1 U 19
21 1 U 20
22 1 L 17
23 1 U 22
24 0 U -1
25 0 U 24
26 0 U 25
27 1 U 26
28 1 U 27
29 0 L 11
30 1 U -1
31 0 U 30
32 0 U 31
33 1 U 32
34 0 U 33
35 1 U 34
36 1 L 26
37 0 U 36
38
0 1 U -1
1 0 U 0
2 1 U 1
3 0 U 2
4 0 U 3
5 0 U 4
6 1 U -1
7 0 U 6
8 0 U 7
9 0 U 0
10 1 U 9
11 0 U 10
12 0 U -1
13 0 U 12
14 1 U 10
15 1 U 14
16 1 L 11
17 1 L 3
18 0 U -1
19 0 L 0
20 1 U 19
21 1 U 20
22 1 U 20
23 1 U 22
24 0 U -1
25 0 U 24
26 0 U 25
27 1 U 26
28 1 U 27
29 0 L 13
30 1 U -1
31 0 U 30
32 0 U 31
33 1 U 32
34 0 U 33
35 1 U 34
36 1 U 23
37 0 U 36
38
0 1 U -1
1 0 U 0
2 1 U 1
3 0 L -1
4 0 U 3
5 0 U 4
6 1 U -1
7 0 U 6
8 0 U 7
9 0 U 4
10 1 U 9
11 0 U 10
12 0 U -1
13 0 U 12
14 1 U 10
15 1 U 14
16 0 U 15
17 1 L 3
18 1 L 9
19 0 L 0
20 1 U 19
21 1 U 20
22 0 U 21
23 1 U 22
24 0 U -1
25 0 L 12
26 0 U 25
27 1 U 26
28 1 U 27
29 0 L 11
30 1 U -1
31 0 U 30
32 0 U 31
33 1 U 32
34 1 U 17
35 1 U 34
36 0 U -1
37 0 U 36
38
0 1 U -1
1 0 U 0
2 1 U 1
3 0 U 2
4 0 U 3
5 0 U 4
6 1 U -1
7 0 U 6
8 0 U 7
9 1 U 8
10 1 U 9
11 0 U 10
12 0 U -1
13 0 U 12
14 1 U 10
15 1 U 14
16 0 U 15
17 1 L 3
18 0 U -1
19 0 L 0
20 1 U 19
21 1 U 20
22 0 U 21
23 1 U 14
24 0 U -1
25 1 U 19
26 0 U 23
27 1 U 23
28 0 L 26
29 0 L 11
30 1 U -1
31 0 U 30
32 0 U 31
33 1 U 32
34 0 U 33
35 1 U 34
36 0 U -1
37 0 U 36
38
0 1 U -1
1 0 U 0
2 1 U 1
3 0 L 0
4 0 U 3
5 0 U 4
6 1 U -1
7 0 U 6
8 0 U 7
9 1 U 2
10 1 U 9
11 0 U 10
12 0 U -1
13 0 U 12
14 1 U 10
15 1 U 14
16 0 U 15
17 1 L 3
18 0 U -1
19 1 L 2
20 1 U 19
21 1 U 20
22 0 U 21
23 1 U 22
24 0 L 14
25 0 U -1
26 0 U 25
27 1 L 20
28 1 U 27
29 0 L 11
30 1 U -1
31 0 U 30
32 0 U 31
33 1 U 32
34 0 U 33
35 1 U 34
36 0 U -1
37 0 U 36
38
0 1 U -1
1 0 L 0
2 1 U 1
3 0 U 2
4 0 U 3
5 0 U 4
6 0 U 4
7 0 U 6
8 0 U 7
9 0 L 6
10 1 U 9
11 0 U 10
12 0 U -1
13 0 U 12
14 1 U 10
15 1 U 14
16 0 U 15
17 0 L 11
18 0 U -1
19 0 L 0
20 1 U 19
21 1 U 20
22 0 U 21
23 1 U 22
24 1 L 0
25 0 U 24
26 0 U 25
27 1 U 26
28 1 U 27
29 0 L 11
30 1 U -1
31 0 U 30
32 0 U 31
33 1 U 32
34 0 U 33
35 1 U 34
36 0 U -1
37 0 U 36
38
0 1 U -1
1 0 U 0
2 1 U 1
3 0 U 2
4 0 U 3
5 0 U 4
6 1 U -1
7 0 U 6
8 0 U 7
9 1 U 8
10 1 U 6
11 0 U 10
12 0 U -1
13 0 U 12
14 1 U 10
15 1 U 14
16 0 U 15
17 1 L 3
18 0 U -1
19 0 L 0
20 1 U 19
21 1 U 20
22 0 U 21
23 0 U 18
24 0 U -1
25 0 U 24
26 0 U 25
27 1 U 26
28 1 U 27
29 1 L 24
30 1 U -1
31 0 U 30
32 0 U 31
33 1 U 32
34 0 U 33
35 1 U 34
36 0 U -1
37 0 U 36
38
0 1 U -1
1 0 U 0
2 1 U 1
3 0 U 2
4 0 U 3
5 0 U 4
6 1 U -1
7 0 U 6
8 0 U 7
9 1 U 8
10 1 U 9
11 0 U 0
12 0 U -1
13 1 U 5
14 1 U 10
15 1 U 14
16 0 U 15
17 1 L 3
18 0 U -1
19 0 L 0
20 1 U 19
21 1 U 20
22 0 U 21
23 1 U 22
24 0 U -1
25 0 U 24
26 0 U 25
27 1 U 26
28 1 U 27
29 1 U 12
30 1 U -1
31 0 U 30
32 0 U 31
33 1 U 32
34 0 U 33
35 1 U 34
36 0 U -1
37 0 U 36
38
0 1 L -1
1 0 U 0
2 0 L 0
3 0 U 2
4 0 U 3
5 0 U 4
6 1 U -1
7 0 U 6
8 0 U 7
9 0 L 1
10 1 U 9
11 0 U 10
12 0 U 3
13 0 U 12
14 1 U 10
15 1 U 14
16 0 U 15
17 1 L 3
18 0 U -1
19 0 L 10
20 1 U 19
21 1 U 20
22 0 U 21
23 1 U 22
24 0 U -1
25 0 U 24
26 0 U 25
27 1 U 26
28 1 U 27
29 1 U 7
30 1 U -1
31 0 U 30
32 0 L 9
33 1 U 32
34 0 U 33
35 1 U 34
36 1 U 27
37 0 U 36
38
0 0 U -1
1 0 U 0
2 1 U 1
3 0 U 2
4 0 U 3
5 0 U 4
6 1 U -1
7 0 U 6
8 0 U 7
9 1 U 8
10 1 U 9
11 0 U 10
12 0 U -1
13 0 U 4
14 1 U 10
15 1 U 14
16 0 U 15
17 1 L 3
18 0 U -1
19 0 L 0
20 1 U 19
21 1 U 20
22 0 U 21
23 0 U 2
24 0 U -1
25 0 U 24
26 0 U 25
27 1 U 26
28 0 U 2
29 0 L 11
30 1 U 6
31 0 U 30
32 0 U 31
33 1 U 32
34 0 U 33
35 1 U 34
36 0 U -1
37 0 U 36
38
0 1 U -1
1 0 U 0
2 0 U -1
3 0 U 2
4 0 U 3
5 0 U 4
6 1 U -1
7 0 U 6
8 0 U 7
9 1 U 8
10 1 U 9
11 0 U 10
12 0 L 3
13 0 U 12
14 1 U 10
15 1 U 14
16 0 U 15
17 1 L 3
18 0 U -1
19 0 L 0
20 1 U 19
21 1 U 20
22 0 U 21
23 1 U 22
24 0 L 3
25 0 U 24
26 0 U 25
27 1 U 26
28 1 U 1
29 0 L 11
30 1 U 6
31 0 U 30
32 0 U 31
33 1 U 32
34 0 U 33
35 1 U 34
36 0 U -1
37 0 U 36
38
0 1 U -1
1 0 U 0
2 1 U 1
3 0 U 2
4 0 U 3
5 1 U -1
6 1 U -1
7 0 U 6
8 0 U 7
9 1 U 8
10 1 U 9
11 0 U 10
12 0 U -1
13 0 U 12
14 1 U 10
15 1 U 14
16 0 L 4
17 1 U 5
18 0 U -1
19 0 L 0
20 1 U 19
21 1 U 20
22 0 U 21
23 1 U 22
24 0 U -1
25 0 U 24
26 0 U 25
27 1 U 26
28 1 U 27
29 0 L 11
30 1 U -1
31 0 U 30
32 0 U 31
33 1 U 32
34 1 U 8
35 1 U 34
36 0 U -1
37 0 U 36
38
0 1 U -1
1 0 U 0
2 1 U 1
3 0 U 2
4 0 U 3
5 0 U 4
6 1 U -1
7 0 U 6
8 0 U 7
9 0 U 2
10 1 U 9
11 0 U 10
12 0 U -1
13 0 U 12
14 1 U 10
15 1 L 4
16 0 L 12
17 1 L 3
18 0 U -1
19 0 L 0
20 1 U 19
21 1 U 20
22 0 U 21
23 1 U 22
24 0 U -1
25 0 U 24
26 0 U 25
27 1 U 26
28 1 U 27
29 0 L 11
30 1 U -1
31 0 U 30
32 0 U 31
33 1 U 32
34 0 U 33
35 1 U 34
36 0 U -1
37 0 U 36
38
0 1 U -1
1 0 U 0
2 1 U 1
3 0 U 2
4 0 U 3
5 0 U 4
6 1 U -1
7 0 U 6
8 1 L -1
9 0 U 2
10 1 U 9
11 0 U 10
12 0 U -1
13 0 U 12
14 1 U 10
15 1 U 14
16 0 U 15
17 1 L 3
18 0 U -1
19 0 L 0
20 1 U 19
21 1 U 20
22 0 U 21
23 1 U 22
24 0 U -1
25 0 U 24
26 0 U 25
27 1 U 26
28 1 U 27
29 0 L 11
30 1 U -1
31 0 U 30
32 0 U 31
33 1 U 32
34 0 U 33
35 1 U 34
36 0 U -1
37 0 U 36
38
0 1 U -1
1 0 U 0
2 1 U 1
3 0 U 2
4 0 U 3
5 0 U 4
6 1 U -1
7 1 L 0
8 0 U 7
9 1 U 8
10 1 U 8
11 0 U 10
12 0 U -1
13 0 U 12
14 1 U 10
15 1 U 14
16 1 U 4
17 1 L 3
18 0 U -1
19 0 L 0
20 1 U 19
21 1 U 20
22 0 U 21
23 1 U 22
24 0 U -1
25 0 U 24
26 0 U 25
27 1 U 26
28 1 U 27
29 0 L 11
30 1 U -1
31 0 U 30
32 0 U 31
33 0 U 14
34 0 U 33
35 1 U 34
36 0 U -1
37 0 U 36
38
0 1 U -1
1 0 U -1
2 1 L 0
3 0 U 2
4 0 U 3
5 0 U 4
6 1 U -1
7 0 U 6
8 0 U 7
9 1 U 8
10 1 U 2
11 0 U 10
12 0 U 10
13 0 U 12
14 1 U 10
15 1 U 14
16 0 U 15
17 1 L 3
18 0 U -1
19 0 L 0
20 1 U 19
21 1 U 20
22 0 U 21
23 1 U 22
24 0 U -1
25 1 L 2
26 0 U 25
27 1 U 26
28 1 U 27
29 0 L 11
30 1 U -1
31 0 U 30
32 0 U 31
33 1 U 32
34 0 U 33
35 1 U 34
36 0 U -1
37 0 U 36
38
0 1 U -1
1 0 U 0
2 1 U 1
3 0 U 2
4 0 U 3
5 0 U 4
6 1 U -1
7 0 U 6
8 0 U 7
9 1 U 8
10 1 U 9
11 0 U 10
12 0 U -1
13 0 U 12
14 1 U 10
15 1 U 14
16 0 U 15
17 1 L 3
18 0 U -1
19 0 L 0
20 1 U 19
21 1 U 20
22 0 U 21
23 1 U 22
24 0 U -1
25 0 U 24
26 0 U 25
27 1 U 26
28 1 U 27
29 0 L 11
30 1 U -1
31 0 U 30
32 0 U 31
33 1 U 32
34 1 L 21
35 0 L 34
36 0 U -1
37 0 U 36
38
0 1 U -1
1 0 U 0
2 0 U 0
3 0 U 2
4 0 U 3
5 0 U 4
6 1 U -1
7 0 U 6
8 0 U 7
9 1 U 8
10 1 L -1
11 0 U 10
12 0 U -1
13 0 U 12
14 1 U 10
15 1 U 14
16 0 U 15
17 1 L 3
18 0 U -1
19 0 L 0
20 1 U 19
21 1 U 20
22 0 U 21
23 1 U 22
24 0 U -1
25 0 U 24
26 0 U 25
27 1 U 26
28 1 U 27
29 0 L 27
30 1 U -1
31 0 U 30
32 0 U 31
33 1 U 32
34 0 U 33
35 1 U 34
36 0 U -1
37 0 U 36
38
0 0 L -1
1 0 U 0
2 1 U 1
3 0 U 2
4 0 U 3
5 0 U 4
6 1 U -1
7 1 U 4
8 0 U 7
9 1 U 8
10 1 U 9
11 0 U 10
12 0 U -1
13 0 U 12
14 1 U 10
15 1 U 12
16 0 U 15
17 1 U 6
18 0 U -1
19 0 L 0
20 1 U 19
21 1 U 20
22 0 U 21
23 1 U 22
24 0 U -1
25 0 U 24
26 0 U 25
27 1 U 26
28 0 L 18
29 1 L 8
30 1 U -1
31 0 U 30
32 0 U 31
33 1 U 32
34 0 U 33
35 1 U 34
36 0 U -1
37 0 U 36
38
0 1 U -1
1 0 U 0
2 1 U 1
3 0 U 2
4 0 U 3
5 0 U 4
6 1 U -1
7 0 U 6
8 0 U 7
9 1 U 8
10 1 U 9
11 0 U 10
12 0 U -1
13 0 U 12
14 1 U 10
15 1 U 14
16 0 U 15
17 1 L 3
18 0 U -1
19 0 L 0
20 1 U 19
21 1 U 20
22 0 U 21
23 1 U 22
24 0 U -1
25 0 U 24
26 0 U 25
27 1 U 26
28 1 U 27
29 0 L 11
30 1 U -1
31 0 U 6
32 0 U 31
33 0 L 23
34 0 U 33
35 1 L 31
36 0 U -1
37 0 U 36
38
0 0 L -1
1 0 U 0
2 1 U 1
3 0 U 2
4 0 U 3
5 0 U 4
6 1 U -1
7 0 U 6
8 0 U 7
9 1 U 8
10 1 U 9
11 0 U 10
12 0 U -1
13 0 U 12
14 1 U 10
15 1 U 14
16 0 U 15
17 1 U 0
18 0 U -1
19 0 L 0
20 1 U 19
21 1 U 20
22 0 U 6
23 1 U 22
24 0 U -1
25 0 L 14
26 0 U 25
27 1 U 26
28 1 U 27
29 0 L 11
30 1 U -1
31 0 U 9
32 0 U 31
33 1 U 32
34 0 U 33
35 1 U 34
36 0 U -1
37 0 U 36
38
0 1 U -1
1 0 U 0
2 1 U 1
3 0 U 2
4 0 U 3
5 1 U 4
6 1 U -1
7 0 U 6
8 0 U 7
9 1 L -1
10 1 U 9
11 0 U 10
12 0 U -1
13 0 U 12
14 1 U 10
15 1 U 14
16 0 U 15
17 1 L 3
18 0 U -1
19 0 L 0
20 1 U 19
21 0 L 6
22 0 U 21
23 1 U 22
24 0 U -1
25 0 U 24
26 0 U 25
27 1 U 26
28 1 U 27
29 0 L 11
30 1 U -1
31 0 U 30
32 0 U 31
33 1 U 32
34 0 U 33
35 1 U 34
36 0 U -1
37 0 U 36
38
0 1 U -1
1 0 U 0
2 1 U 1
3 0 U 2
4 0 U 3
5 0 U 4
6 1 U -1
7 0 U 6
8 0 U 7
9 1 U 8
10 1 U 3
11 0 U 10
12 0 U -1
13 0 U 12
14 1 U 10
15 1 U 14
16 0 U 15
17 1 L 3
18 0 U -1
19 0 L 0
20 1 U 19
21 1 L 11
22 0 U 21
23 1 U 22
24 0 U -1
25 0 U 24
26 0 L 18
27 1 U 26
28 1 U 27
29 0 L 11
30 1 U -1
31 0 U 30
32 0 U 31
33 1 U 32
34 0 U 33
35 1 U 34
36 0 U -1
37 0 U 36
