40
0 0 U -1
1 0 U 0
2 1 U 1
3 0 U 2
4 0 U 3
5 1 U 4
6 0 U -1
7 0 U 6
8 0 U 7
9 1 U 8
10 1 U 9
11 1 U 10
12 1 U -1
13 1 U 12
14 0 U 13
15 0 U 14
16 0 U 15
17 0 U 16
18 0 U -1
19 1 U 18
20 0 U 19
21 0 U 20
22 1 U 21
23 1 U 22
24 0 U -1
25 0 U 24
26 1 U 25
27 0 U 26
28 0 U 27
29 0 U 28
30 0 U -1
31 1 U 30
32 0 U 31
33 0 U 32
34 0 U 33
35 0 U 34
36 1 U -1
37 0 U 36
38 0 U 37
39 0 U 38
40
0 0 U -1
1 0 U 0
2 1 U 1
3 0 U 2
4 0 U 3
5 1 U 4
6 0 U -1
7 0 U 6
8 0 U 7
9 1 U 8
10 1 U 9
11 1 U 10
12 1 U -1
13 1 U 12
14 0 U 13
15 0 U 14
16 0 U 15
17 0 U 16
18 0 U -1
19 1 U 18
20 0 U 19
21 0 U 20
22 1 U 21
23 1 L 22
24 0 U -1
25 0 U 24
26 1 U 25
27 0 U 26
28 0 U 27
29 0 U 28
30 0 U -1
31 1 U 30
32 1 L 7
33 0 U 32
34 0 U 33
35 0 U 34
36 1 U 23
37 0 U 36
38 0 U 37
39 0 U 38
40
0 0 U -1
1 0 U 0
2 1 U 1
3 0 U 2
4 0 U 3
5 1 U 4
6 0 U -1
7 0 U 6
8 0 U 7
9 1 U 8
10 1 U 9
11 1 U 10
12 1 U -1
13 1 U 12
14 0 U 13
15 0 U 14
16 0 U 15
17 0 U 16
18 0 U -1
19 0 L 2
20 0 U 19
21 0 U 20
22 1 U 21
23 1 L 22
24 0 U -1
25 1 U 10
26 1 U 25
27 0 U 26
28 0 U 27
29 1 L 3
30 0 U -1
31 1 U 30
32 1 L 7
33 0 U 32
34 0 U 33
35 0 U 34
36 1 U 23
37 0 U 36
38 0 U 37
39 0 U 38
40
0 0 U -1
1 0 U 0
2 1 L 1
3 0 U 2
4 0 U 3
5 1 U 4
6 0 U -1
7 0 U 6
8 0 U 7
9 1 U 8
10 1 U 9
11 1 U 10
12 1 U -1
13 1 U 12
14 0 U 13
15 0 U 14
16 0 U 15
17 0 U 16
18 1 L 3
19 1 U 18
20 0 U 19
21 0 U 20
22 1 U 21
23 0 L 12
24 0 U -1
25 0 U 24
26 1 U 25
27 0 U 26
28 0 U 27
29 0 U 28
30 0 U -1
31 1 U 30
32 0 U 26
33 0 U 32
34 0 U 33
35 0 U 34
36 1 U 23
37 0 U 36
38 0 U 37
39 0 U 38
40
0 0 U -1
1 0 U 0
2 1 L 1
3 0 U 1
4 0 U 3
5 1 U 4
6 0 U -1
7 1 L 4
8 1 L 2
9 1 U 8
10 1 U 9
11 1 U 10
12 1 U -1
13 1 U 12
14 0 U 13
15 0 U 14
16 0 U 15
17 0 U 16
18 1 L 3
19 1 U 18
20 0 U 19
21 0 U 20
22 1 U 21
23 0 L 4
24 0 U -1
25 0 U 24
26 1 U 25
27 0 U 26
28 1 L 4
29 1 U 26
30 0 U -1
31 1 L 2
32 0 U 26
33 0 U 32
34 0 U 33
35 0 U 34
36 0 U 27
37 0 U 36
38 0 U 37
39 0 U 38
40
0 0 U -1
1 0 U 0
2 1 L 1
3 0 U 2
4 0 U 3
5 1 U 4
6 0 U -1
7 0 U 6
8 0 U 7
9 1 U 8
10 1 U 9
11 1 U 10
12 1 U -1
13 1 U 12
14 0 U 13
15 0 U 14
16 0 U 15
17 0 U 16
18 1 L 3
19 1 U 18
20 0 U 19
21 0 U 20
22 1 U 21
23 0 L 12
24 0 U -1
25 0 U 24
26 1 U 25
27 0 U 26
28 0 U 27
29 0 U 28
30 0 U -1
31 1 U 30
32 0 U 26
33 0 U 32
34 0 U 33
35 0 U 34
36 1 L 1
37 0 U 12
38 0 U 37
39 0 U 38
40
0 0 U -1
1 0 U 0
2 1 L 1
3 0 U 2
4 0 U 3
5 1 U 4
6 0 U -1
7 0 U 6
8 0 U 7
9 1 U 8
10 1 U 9
11 1 U 10
12 1 U -1
13 1 U 12
14 0 U 13
15 0 U 14
16 1 L 0
17 0 U 16
18 1 L 3
19 1 U 18
20 0 U 19
21 0 U 20
22 1 U 21
23 0 L 12
24 0 U -1
25 0 U 24
26 1 U 25
27 1 U 4
28 0 U 27
29 0 U 28
30 0 U -1
31 1 U 30
32 0 U 26
33 0 U 32
34 0 U 33
35 0 U 34
36 1 U 23
37 0 U 36
38 0 U 37
39 0 U 38
40
0 0 U -1
1 0 U 0
2 1 L 1
3 0 U 2
4 0 U 3
5 1 U 4
6 0 U -1
7 0 U 6
8 0 U 7
9 1 U 8
10 1 U 9
11 1 U 10
12 1 U -1
13 1 U 12
14 0 U 13
15 1 L 11
16 0 U 15
17 0 U 16
18 1 L 3
19 1 U 18
20 0 U 19
21 0 L 12
22 1 U 21
23 0 L 12
24 0 U -1
25 0 U 24
26 1 U 25
27 1 U 22
28 0 U 27
29 0 U 28
30 0 U -1
31 1 U 30
32 1 L 25
33 0 U 32
34 0 U 33
35 0 U 34
36 1 U 23
37 0 U 28
38 0 U 37
39 0 U 38
40
0 0 U -1
1 0 U 0
2 1 L 1
3 0 U 2
4 0 U 3
5 0 U 2
6 0 U -1
7 0 U 6
8 0 U 7
9 1 U 8
10 1 U 9
11 1 U 10
12 1 U -1
13 1 U 12
14 0 U 13
15 0 U 14
16 1 L 5
17 0 U 16
18 0 L 17
19 1 U 18
20 0 U 19
21 0 U 20
22 0 L -1
23 0 L 12
24 0 U -1
25 0 U 24
26 1 U 25
27 0 L 9
28 0 U 27
29 0 U 28
30 0 U -1
31 1 U 30
32 0 U 26
33 0 U 32
34 0 U 7
35 0 U 34
36 1 U 23
37 0 U 36
38 0 U 31
39 0 U 38
40
0 0 U -1
1 0 U 0
2 1 L 1
3 0 U 2
4 0 U 3
5 1 U 4
6 0 U -1
7 0 U 6
8 0 U 7
9 1 U 8
10 1 U 9
11 1 U 10
12 1 U -1
13 1 U 12
14 0 U 13
15 0 U 14
16 0 U 15
17 0 L 8
18 1 L 3
19 1 U 18
20 0 U 19
21 0 U 20
22 1 U 21
23 0 L 12
24 0 U -1
25 0 U 24
26 1 U 25
27 0 U 26
28 0 U 27
29 0 U 28
30 0 U -1
31 1 U 30
32 0 U 26
33 0 U 32
34 0 U 33
35 0 U 34
36 1 U 23
37 0 U 36
38 0 U 37
39 0 U 38
40
0 0 U -1
1 0 U 0
2 0 L 1
3 0 U 2
4 0 U 3
5 1 U 4
6 0 U -1
7 1 U 3
8 0 U 7
9 1 U 8
10 1 U 9
11 1 U 10
12 1 U -1
13 1 U 12
14 0 U 13
15 0 U 14
16 0 U 15
17 0 U 16
18 1 L 3
19 1 U 18
20 0 U 19
21 0 U 20
22 0 U 20
23 0 L 12
24 0 U -1
25 0 U 24
26 1 U 25
27 0 U 26
28 0 U 27
29 0 U 28
30 0 U -1
31 1 U 30
32 0 U 26
33 0 U 32
34 0 U 33
35 0 U 34
36 0 L 11
37 0 U 36
38 0 U 37
39 0 U 38
40
0 0 U -1
1 0 U 0
2 1 L 1
3 0 U 2
4 0 U 3
5 1 U 4
6 0 U -1
7 0 U 6
8 0 U 7
9 1 U 8
10 1 U 9
11 1 U 10
12 1 U -1
13 1 U 12
14 0 U 13
15 0 U 14
16 0 U 15
17 0 U 16
18 1 L 3
19 1 U 18
20 0 U 19
21 0 U 20
22 1 U 21
23 0 L 12
24 0 U -1
25 0 U 24
26 1 U 25
27 0 U 26
28 0 U 27
29 0 U 28
30 0 U -1
31 1 U 30
32 1 L 0
33 0 U 32
34 0 U 33
35 0 U 34
36 1 U 23
37 0 U 36
38 0 U 37
39 0 U 38
40
0 0 U -1
1 0 U 0
2 0 L 1
3 0 U 2
4 0 U 3
5 1 U 4
6 0 U -1
7 0 U 6
8 0 U 7
9 1 U 8
10 1 U 9
11 1 U 10
12 1 U -1
13 1 U 12
14 0 U 13
15 0 U 14
16 0 U 15
17 0 U 16
18 1 L 3
19 1 U 18
20 0 L -1
21 0 U 20
22 1 U 21
23 0 L 12
24 0 U -1
25 1 U 13
26 1 U 25
27 0 U 26
28 0 U 27
29 0 U 28
30 0 U -1
31 1 U 30
32 0 U 26
33 0 U 32
34 1 L 1
35 0 U 34
36 1 U 23
37 0 U 36
38 0 U 37
39 0 U 38
40
0 0 U -1
1 0 L 0
2 1 L 1
3 0 U 2
4 0 U 3
5 1 U 4
6 0 U -1
7 0 U 6
8 0 U 7
9 1 U 8
10 1 U 9
11 1 U 10
12 1 U -1
13 1 U 12
14 0 U 13
15 0 U 14
16 0 U 2
17 0 U 16
18 1 L 3
19 0 U -1
20 0 U 19
21 0 U 0
22 1 U 21
23 0 L 12
24 0 U -1
25 0 U 14
26 1 U 25
27 0 U 26
28 0 U 27
29 0 U 28
30 0 U -1
31 1 U 30
32 0 U 26
33 0 U 32
34 0 U 33
35 0 L 33
36 1 U 23
37 0 U 36
38 0 U 37
39 0 L 6
40
0 0 U -1
1 0 U 0
2 1 L 1
3 0 U 2
4 0 U 3
5 1 U 4
6 0 U -1
7 0 U 6
8 0 U 7
9 1 U 8
10 1 U 9
11 1 U 10
12 1 U -1
13 1 U 12
14 0 U 13
15 0 U 14
16 0 U 15
17 0 U 16
18 1 L 3
19 1 U 18
20 0 U 19
21 0 U 20
22 1 U 21
23 0 L 12
24 0 U -1
25 0 U 24
26 1 U 25
27 0 U 26
28 0 U 27
29 0 U 28
30 0 U -1
31 1 U 30
32 0 U 26
33 0 U 32
34 0 U 33
35 0 U 34
36 1 U 23
37 0 U 36
38 0 U 37
39 0 U 38
40
0 0 U -1
1 1 L 0
2 1 L 1
3 0 U 2
4 0 U 3
5 1 U 4
6 0 U -1
7 0 U 6
8 0 U 7
9 1 U 8
10 1 U 9
11 1 U 10
12 1 U -1
13 1 U 12
14 0 U 13
15 0 U 14
16 0 U 15
17 0 U 16
18 1 L 3
19 1 U 18
20 0 U 19
21 0 U 20
22 1 L 12
23 0 L 12
24 1 U 16
25 0 U 24
26 1 U 25
27 0 U 26
28 0 U 27
29 0 U 28
30 0 U -1
31 1 U 30
32 1 U 3
33 0 L 22
34 0 U 33
35 0 U 34
36 1 U 23
37 0 U 36
38 0 U 37
39 0 U 38
40
0 0 U -1
1 0 U 0
2 1 L 1
3 0 U 2
4 0 U 3
5 1 U 4
6 0 U -1
7 0 U 6
8 0 U 7
9 1 U 6
10 1 U 9
11 1 U 10
12 1 U -1
13 1 U 12
14 0 U 13
15 0 U 14
16 0 U 15
17 0 U 16
18 1 L 3
19 1 U 18
20 0 U 19
21 0 U 20
22 1 U 21
23 1 L 11
24 0 U -1
25 0 U 24
26 1 L 10
27 0 U 26
28 0 U 27
29 0 U 28
30 0 U -1
31 1 U 30
32 0 U 26
33 0 U 32
34 0 U 33
35 0 U 34
36 1 U 23
37 0 U 36
38 0 U 37
39 0 U 38
40
0 1 L -1
1 0 U 0
2 1 L 1
3 0 U 2
4 0 U 3
5 1 U 4
6 0 U -1
7 0 U 6
8 0 U 7
9 1 U 8
10 1 U 9
11 1 U 10
12 1 U -1
13 1 U 12
14 0 U 13
15 1 L 10
16 0 U 15
17 0 U 9
18 1 L 3
19 1 U 18
20 0 U 19
21 0 U 20
22 1 U 21
23 0 L 12
24 0 U -1
25 0 U 24
26 1 U 25
27 0 U 26
28 0 U 27
29 0 U 28
30 0 U -1
31 1 U 30
32 0 U 26
33 0 U 32
34 0 U 33
35 0 U 34
36 1 U 23
37 0 U 36
38 1 L 6
39 0 U -1
40
0 0 U -1
1 0 U 0
2 1 U 1
3 0 U 2
4 0 U 3
5 1 U 4
6 0 U -1
7 0 U 6
8 0 U 7
9 1 U 6
10 1 U 9
11 1 U 10
12 1 U -1
13 1 U 12
14 1 L -1
15 0 U 14
16 1 L 4
17 0 U 16
18 1 L 3
19 1 U 18
20 0 U 19
21 0 U 20
22 1 U 21
23 0 L 12
24 0 U -1
25 0 U 24
26 1 U 17
27 0 U 26
28 0 U 27
29 0 U 28
30 0 U -1
31 1 U 30
32 0 U 26
33 0 U 32
34 0 U 33
35 0 L 27
36 1 U 23
37 0 U 36
38 0 U 37
39 0 U 38
40
0 0 U -1
1 0 U 0
2 1 L 1
3 0 U 2
4 0 U 3
5 1 U 4
6 0 U -1
7 0 U 6
8 0 U 7
9 1 U 8
10 1 U 9
11 1 U -1
12 1 U -1
13 1 U 12
14 0 U 13
15 0 U 14
16 0 U 15
17 0 U 16
18 1 L 3
19 1 U 18
20 0 U 19
21 0 U 20
22 1 U 21
23 0 L 12
24 0 U -1
25 0 L 15
26 1 U 25
27 0 U 26
28 0 U 27
29 0 U 28
30 0 U -1
31 1 U 30
32 0 U 26
33 0 U 32
34 0 U 33
35 0 U 34
36 1 U 23
37 0 U 36
38 0 U 37
39 0 U 38
40
0 0 U -1
1 0 U 0
2 1 L 1
3 0 U 2
4 0 U 3
5 1 U 4
6 0 U -1
7 0 U 6
8 0 U 3
9 1 U 8
10 1 L 7
11 1 U 10
12 1 U -1
13 1 U 12
14 0 U 13
15 0 U 14
16 1 L 14
17 0 U 16
18 1 L 3
19 1 U 18
20 0 U 19
21 0 U 20
22 1 U 21
23 0 L 12
24 0 U -1
25 0 U 24
26 1 U 25
27 0 U 26
28 0 U 27
29 0 U 16
30 0 U -1
31 1 U 30
32 0 U 26
33 0 L 13
34 0 U 33
35 0 U 34
36 1 U 23
37 0 U 36
38 0 U 37
39 0 U 38
40
0 0 U -1
1 0 U 0
2 1 U -1
3 0 U 2
4 0 U 3
5 1 U 4
6 0 U -1
7 1 L 0
8 0 U 7
9 1 U 8
10 1 U 9
11 1 U 10
12 1 U -1
13 1 U 12
14 0 U 13
15 0 U 14
16 0 U 15
17 0 U 16
18 1 L 3
19 1 U 18
20 0 U 19
21 0 U 20
22 1 U 21
23 0 L 12
24 0 U -1
25 0 U 24
26 1 U 25
27 1 L 8
28 1 U 7
29 0 U 28
30 0 U -1
31 1 U 30
32 0 U 26
33 0 U 32
34 0 L 4
35 0 U 34
36 1 U 23
37 0 U 36
38 0 U 37
39 0 U 38
40
0 0 U -1
1 0 U 0
2 1 L 0
3 0 U 2
4 0 U 3
5 1 U 4
6 0 U -1
7 0 U 6
8 0 U 7
9 1 U -1
10 1 U 9
11 1 U 10
12 1 U -1
13 1 U 12
14 0 U 13
15 0 L 10
16 0 U 15
17 0 U 16
18 1 L 3
19 1 U 18
20 0 U 19
21 0 U 20
22 1 U 21
23 0 L 12
24 0 U -1
25 0 U 24
26 1 U 25
27 0 U 26
28 0 U 27
29 0 U 28
30 0 U -1
31 1 U 30
32 0 U 26
33 0 U 32
34 0 U 33
35 0 U 34
36 1 U 23
37 0 L 6
38 0 U 37
39 0 U 38
40
0 0 U -1
1 0 U 0
2 0 U -1
3 0 U 2
4 0 U 3
5 1 U 4
6 0 U -1
7 0 U 6
8 0 U 7
9 1 U 8
10 1 U 9
11 0 U 0
12 1 U -1
13 1 U 12
14 1 L 0
15 0 U 14
16 0 U 15
17 1 U 15
18 1 L 3
19 1 U 18
20 0 U 19
21 0 U 20
22 1 U 21
23 0 L 12
24 0 U 7
25 0 U 24
26 1 U 25
27 0 U 26
28 0 U 27
29 0 U 28
30 0 U -1
31 1 U 30
32 0 U 26
33 0 U 32
34 0 U 33
35 0 U 34
36 0 L 4
37 0 U 36
38 0 U 37
39 0 U 36
40
0 0 U -1
1 0 U 0
2 1 L 1
3 0 U 2
4 0 U 3
5 1 U 4
6 0 U -1
7 0 U 6
8 0 U 7
9 1 U 8
10 1 U 9
11 1 U 10
12 1 U -1
13 1 U 12
14 0 U 13
15 1 U 1
16 0 U 15
17 0 U 16
18 1 L 3
19 1 U 18
20 0 U 19
21 0 L 3
22 1 U 21
23 0 L 12
24 0 U -1
25 0 U 24
26 1 L 25
27 0 U 26
28 0 U 27
29 0 U 28
30 0 U -1
31 0 L 7
32 0 U 26
33 0 U 32
34 0 U 33
35 0 U 34
36 1 U 23
37 0 U 36
38 0 U 37
39 0 U 38
40
0 0 U -1
1 0 U 0
2 1 L 1
3 0 U 2
4 0 U 3
5 1 U 4
6 0 U -1
7 0 U 6
8 0 U 7
9 1 U 8
10 1 U 9
11 1 U 10
12 1 U -1
13 1 U 12
14 0 U 13
15 0 U 14
16 1 U 13
17 0 U 16
18 1 L 3
19 1 U 18
20 0 U 19
21 0 U 20
22 1 U 21
23 0 L 12
24 0 U -1
25 0 U 24
26 0 L 18
27 0 U 26
28 0 U 27
29 0 U 28
30 0 U -1
31 1 U 30
32 0 U 26
33 1 U 11
34 0 U 33
35 0 U 34
36 0 L 25
37 0 U 36
38 0 U 37
39 0 U 38
