63
0 1 U -1
1 1 U 0
2 1 U 1
3 0 U 2
4 1 U 3
5 1 U 4
6 1 U 5
7 0 U -1
8 1 U 7
9 0 U 8
10 0 U 9
11 0 U 10
12 1 U 11
13 0 U 12
14 1 U -1
15 0 U 14
16 0 U 15
17 0 U 16
18 0 U 17
19 0 U 18
20 1 U 19
21 1 U -1
22 0 U 21
23 1 U 22
24 0 U 23
25 1 U 24
26 1 U 25
27 1 U 26
28 1 U -1
29 0 U 28
30 1 U 29
31 0 U 30
32 0 U 31
33 1 U 32
34 0 U 33
35 0 U -1
36 1 U 35
37 0 U 36
38 0 U 37
39 1 U 38
40 1 U 39
41 0 U 40
42 1 U -1
43 1 U 42
44 1 U 43
45 1 U 44
46 1 U 45
47 1 U 46
48 1 U 47
49 1 U -1
50 1 U 49
51 0 U 50
52 1 U 51
53 1 U 52
54 1 U 53
55 0 U 54
56 1 U -1
57 0 U 56
58 0 U 57
59 0 U 58
60 1 U 59
61 0 U 60
62 1 U 61
63
0 1 U -1
1 1 U 0
2 1 U 0
3 0 U 2
4 1 U 3
5 1 U 4
6 1 U 5
7 0 U -1
8 1 U 7
9 0 U 8
10 0 U 9
11 0 U 10
12 1 U 11
13 0 U 7
14 1 U -1
15 0 U 14
16 0 U 15
17 0 U 16
18 0 U 17
19 0 U 0
20 1 L 17
21 1 U -1
22 0 U 21
23 1 U 22
24 0 U 23
25 1 U 24
26 1 U 25
27 1 U 26
28 1 U -1
29 0 U 28
30 1 U 29
31 0 U 30
32 0 U 31
33 1 U 32
34 0 U 33
35 0 U -1
36 1 U 35
37 0 U 36
38 0 U 37
39 1 U 38
40 1 U 39
41 0 U 40
42 1 U -1
43 1 U 42
44 1 U 43
45 1 U 14
46 1 U 45
47 1 U 46
48 1 U 47
49 1 U -1
50 1 U 49
51 0 U 50
52 1 U 51
53 1 U 52
54 1 U 53
55 0 U 54
56 1 U -1
57 1 U 9
58 0 U 57
59 0 U 58
60 1 U 59
61 0 U 60
62 1 U 61
63
0 1 U -1
1 1 U 0
2 1 U 1
3 0 U 2
4 1 U 3
5 1 L 4
6 1 U 5
7 0 U -1
8 1 U 7
9 0 U 8
10 0 U 9
11 0 U 10
12 1 U 11
13 0 U 12
14 1 U -1
15 0 U 14
16 0 U 15
17 0 U 16
18 0 U 17
19 0 U 18
20 1 U 19
21 1 U -1
22 0 U 21
23 1 U 22
24 0 U 23
25 1 U 24
26 1 U 25
27 1 U 26
28 1 U -1
29 1 L 12
30 1 U 29
31 0 U 30
32 0 U 31
33 1 U 32
34 0 U 33
35 0 U -1
36 1 U 35
37 0 U 36
38 0 U 37
39 1 U 38
40 1 U 39
41 0 U 40
42 1 L 34
43 1 U 42
44 1 U 43
45 1 U 44
46 1 U 45
47 1 U 46
48 1 U 47
49 1 U -1
50 1 U 22
51 0 U 50
52 1 U 51
53 1 U 52
54 1 U 53
55 0 U 54
56 0 L 50
57 0 U 56
58 0 U 57
59 0 U 58
60 1 U 59
61 0 U 60
62 1 U 61
63
0 1 L -1
1 1 U 0
2 1 U 1
3 0 U 2
4 1 U 3
5 1 U 4
6 1 U 5
7 0 U -1
8 1 U 7
9 0 U 8
10 0 U 9
11 0 U 10
12 1 U 11
13 1 U -1
14 1 U -1
15 0 U 14
16 0 U 15
17 0 U 16
18 0 U 17
19 0 U 18
20 0 U -1
21 1 U -1
22 0 U 21
23 1 U 22
24 0 U 23
25 1 U 24
26 1 U 25
27 1 L 26
28 1 U -1
29 0 U 28
30 1 U 29
31 0 U 30
32 0 U 9
33 1 U 25
34 0 U 33
35 0 U -1
36 1 U 35
37 0 U 36
38 0 U 37
39 1 U 38
40 1 U 39
41 0 U 40
42 1 L 34
43 0 U 29
44 1 U 43
45 1 U 44
46 1 U 19
47 1 U 46
48 1 U 47
49 1 U -1
50 1 U 49
51 0 U 50
52 1 U 51
53 1 U 52
54 1 U 53
55 0 U 54
56 1 U -1
57 0 U 56
58 0 U 57
59 0 U 58
60 1 U 59
61 0 U 60
62 1 U 61
63
0 1 L -1
1 1 U 0
2 1 U 1
3 0 U 2
4 1 U 3
5 1 U 4
6 1 U 5
7 0 L 2
8 1 U 7
9 0 U 8
10 0 U 9
11 0 U 10
12 1 U 11
13 1 U -1
14 1 U -1
15 0 U 14
16 0 U 15
17 0 U 16
18 0 U 17
19 0 U 18
20 0 U -1
21 1 U -1
22 0 U 21
23 1 U 22
24 1 L 0
25 1 U 24
26 1 U 25
27 1 L 26
28 1 L 18
29 0 U 28
30 1 U 29
31 0 U 30
32 0 U 9
33 1 U 25
34 0 U 33
35 0 U -1
36 1 U 35
37 0 U 36
38 0 U 37
39 1 U 38
40 1 U 39
41 0 U 40
42 1 L 34
43 1 U 25
44 1 U 43
45 1 U 44
46 1 U 19
47 0 L 28
48 1 U 47
49 1 U -1
50 1 U 49
51 0 U 50
52 1 U 51
53 1 L 49
54 1 U 53
55 0 U 54
56 1 U -1
57 0 U 56
58 0 U 57
59 0 U 58
60 1 U 59
61 0 U 60
62 1 U 61
63
0 1 L -1
1 1 U 0
2 1 U 1
3 0 U 2
4 1 U 3
5 1 U 4
6 1 U 5
7 0 L 2
8 1 U 7
9 0 U 8
10 0 U 9
11 0 U 10
12 1 U 11
13 1 U -1
14 1 U -1
15 0 U 14
16 0 U 15
17 0 U 16
18 0 U 17
19 0 U 18
20 0 U -1
21 0 L 4
22 0 U 21
23 1 U 22
24 1 L 20
25 1 U 24
26 1 U 25
27 1 L 26
28 1 L 18
29 0 U 28
30 1 L 24
31 0 U 30
32 0 U 9
33 1 U 25
34 0 U 33
35 0 U -1
36 1 U 35
37 0 U 36
38 0 U 37
39 1 L 16
40 1 U 39
41 0 U 40
42 1 L 34
43 1 U 25
44 1 U 43
45 1 U 44
46 1 U 19
47 0 L 28
48 1 U 47
49 1 U -1
50 1 U 49
51 0 U 50
52 1 U 51
53 1 L 49
54 1 U 53
55 0 U 54
56 1 U -1
57 0 U 56
58 0 U 57
59 1 U 19
60 1 U 59
61 0 U 60
62 0 U 18
63
0 1 L -1
1 1 U 0
2 1 U 1
3 0 U 2
4 1 U 3
5 1 U 4
6 0 U 2
7 0 L 2
8 1 U 7
9 0 U 8
10 0 U 9
11 0 U 10
12 1 U 11
13 0 L 11
14 1 U -1
15 1 L 9
16 0 U 15
17 0 U 16
18 0 U 17
19 0 U 18
20 0 U -1
21 1 U -1
22 0 U 21
23 1 U 22
24 1 U 4
25 1 U 24
26 1 U 25
27 1 L 26
28 1 L 18
29 0 U 28
30 1 U 29
31 0 U 30
32 0 U 9
33 1 U 25
34 0 U 33
35 0 U -1
36 1 U 35
37 0 U 36
38 0 U 37
39 1 U 38
40 1 U 39
41 1 U 11
42 1 L 34
43 1 U 25
44 1 U 43
45 0 U 25
46 1 U 25
47 1 U 30
48 1 U 47
49 1 U -1
50 1 U 49
51 0 U 50
52 1 U 51
53 1 L 49
54 1 U 53
55 0 U 54
56 1 U -1
57 0 U 56
58 1 U 55
59 0 U 58
60 1 U 59
61 0 U 60
62 1 U 61
63
0 1 L -1
1 1 U 0
2 1 U 1
3 0 U 2
4 1 U 3
5 1 U 4
6 1 U 5
7 0 L 2
8 1 U 7
9 0 U 8
10 0 U 9
11 0 U 10
12 1 U 11
13 1 L 4
14 1 U -1
15 0 U 14
16 0 U 15
17 0 L 14
18 1 U 8
19 0 U 3
20 0 U -1
21 1 U -1
22 0 U 21
23 1 U 22
24 1 L 0
25 1 U 24
26 1 U 25
27 1 L 26
28 1 L 18
29 0 U 28
30 1 U 29
31 0 U 30
32 1 U 3
33 1 U 25
34 0 U 33
35 0 U -1
36 1 U 35
37 0 U 36
38 0 U 37
39 1 U 38
40 1 U 39
41 0 U 40
42 1 L 34
43 1 U 25
44 1 U 43
45 1 U 44
46 1 U 19
47 0 L 28
48 1 U 47
49 1 U -1
50 1 U 49
51 0 U 50
52 1 U 51
53 1 L 49
54 1 U 53
55 0 U 54
56 1 U -1
57 0 U 56
58 1 L 4
59 0 U 58
60 1 U 59
61 0 U 60
62 1 U 61
63
0 1 L -1
1 1 U 0
2 1 U 1
3 1 L -1
4 1 U 3
5 1 U 1
6 1 U 5
7 0 L 2
8 1 U 7
9 0 U 2
10 0 U 9
11 0 U 10
12 1 U 11
13 1 U -1
14 1 U -1
15 0 U 14
16 0 U 15
17 1 U 12
18 0 U 17
19 0 U 18
20 0 U -1
21 1 U 1
22 0 U 21
23 1 U 22
24 1 L 0
25 1 U 24
26 1 U 25
27 1 L 26
28 1 L 18
29 0 U 28
30 1 U 29
31 0 U 30
32 0 U 9
33 1 U 25
34 0 U 33
35 0 U -1
36 1 U 35
37 1 L 32
38 0 L 24
39 1 U 38
40 1 U 39
41 0 U 40
42 1 L 34
43 1 U 25
44 1 U 43
45 1 U 44
46 1 U 19
47 0 L 28
48 1 U 47
49 1 U -1
50 1 U 49
51 0 U 50
52 1 U 51
53 1 L 49
54 1 U 22
55 0 U 54
56 1 U -1
57 0 L 18
58 0 U 57
59 0 U 58
60 1 U 59
61 0 U 60
62 1 U 61
63
0 1 L -1
1 1 U 0
2 1 U 1
3 0 U 2
4 1 U 3
5 1 U 4
6 1 U 5
7 0 L 2
8 1 U 7
9 0 U 8
10 0 U 9
11 0 U 10
12 1 U 11
13 1 U -1
14 1 U -1
15 0 U 14
16 0 U 15
17 0 U 16
18 1 U 14
19 0 U 18
20 0 U -1
21 1 U 2
22 0 U 21
23 1 U 22
24 1 L 0
25 1 U 24
26 1 U 25
27 1 L 26
28 1 L 18
29 0 U 28
30 1 U 29
31 0 U 30
32 0 U 9
33 1 U 25
34 0 U 33
35 0 U -1
36 1 U 35
37 1 U 14
38 0 U 7
39 1 U 38
40 1 U 39
41 0 U 40
42 1 L 34
43 1 U 38
44 1 U 43
45 1 U 44
46 1 U 19
47 0 L 28
48 1 U 47
49 1 L 48
50 1 U 49
51 0 U 50
52 1 U 51
53 1 L 49
54 1 U 53
55 0 U 54
56 1 U -1
57 0 U 56
58 0 U 57
59 0 U 58
60 1 U 59
61 0 U 60
62 1 U 61
63
0 1 U -1
1 1 U 0
2 1 U 1
3 0 U 2
4 1 U 3
5 1 U 4
6 1 U 5
7 0 L 2
8 1 L 0
9 0 U 8
10 0 U 9
11 0 U 10
12 1 U 11
13 1 U -1
14 1 U -1
15 0 U 14
16 0 U 15
17 0 U 16
18 0 U 17
19 0 U 18
20 0 U -1
21 1 U -1
22 0 U 21
23 1 U 22
24 1 L 0
25 1 U 24
26 1 U 7
27 1 L 26
28 1 L 18
29 0 U 28
30 1 U 29
31 0 U 30
32 0 U 9
33 1 U 25
34 0 U 33
35 0 L 31
36 1 U 35
37 0 U 36
38 0 U 37
39 1 U 38
40 1 U 39
41 0 U 40
42 1 L 34
43 1 U 25
44 1 U 43
45 1 U 44
46 1 U 19
47 0 L 28
48 1 U 47
49 1 U -1
50 1 U 49
51 0 U 50
52 1 U 51
53 1 L 49
54 1 U 53
55 0 U 54
56 1 U -1
57 0 U 56
58 0 U 57
59 0 U 58
60 1 U 59
61 0 U 60
62 1 U 61
63
0 1 L -1
1 1 U 0
2 1 U 1
3 0 U 2
4 1 U 3
5 1 U 4
6 1 U 5
7 0 L 2
8 1 U 7
9 0 U 8
10 0 U 9
11 0 U 10
12 1 L 11
13 1 U -1
14 1 U -1
15 0 U 14
16 0 U 15
17 0 U 16
18 1 U 8
19 0 U 18
20 0 U -1
21 1 U -1
22 0 U 21
23 1 U 22
24 1 L 0
25 1 U 24
26 1 U 25
27 1 L 26
28 1 L 18
29 0 U 28
30 1 U 29
31 0 U 30
32 0 U 9
33 1 U 25
34 0 U 12
35 0 U -1
36 1 U 34
37 0 U 36
38 1 L 5
39 1 U 38
40 1 U 39
41 1 U 4
42 1 L 34
43 1 U 25
44 1 U 43
45 1 U 44
46 1 U 19
47 0 L 28
48 1 U 47
49 1 U -1
50 1 U 49
51 0 U 50
52 1 U 51
53 1 L 49
54 1 U 53
55 0 U 54
56 1 U -1
57 0 U 56
58 0 U 53
59 0 U 58
60 1 U 59
61 0 U 60
62 1 U 61
63
0 1 L -1
1 1 U 0
2 1 U 1
3 0 U 2
4 0 L 2
5 1 U 4
6 1 L 5
7 0 L 2
8 1 U 7
9 0 U 8
10 0 L -1
11 0 U 10
12 1 U 11
13 1 U -1
14 1 U -1
15 0 U 14
16 0 U 15
17 1 U 16
18 0 U 17
19 0 U 18
20 0 U -1
21 1 U 18
22 1 U 3
23 1 U 22
24 1 L 0
25 1 U 24
26 1 U 25
27 1 L 26
28 1 L 18
29 0 U 28
30 1 U 29
31 0 U 30
32 0 U 9
33 1 U 25
34 0 U 33
35 0 U -1
36 1 U 35
37 0 U 36
38 0 L 20
39 1 U 38
40 0 L 29
41 0 U 40
42 1 L 34
43 1 U 25
44 1 U 43
45 1 U 44
46 1 U 19
47 0 L 28
48 1 U 47
49 1 U -1
50 1 U 49
51 0 U 50
52 1 U 51
53 0 L 40
54 0 U 42
55 0 U 54
56 1 U -1
57 1 L 51
58 0 U 57
59 0 U 58
60 1 U 59
61 0 U 60
62 1 U 61
63
0 1 L -1
1 1 U 0
2 1 U 1
3 0 U 2
4 1 U 3
5 1 U 4
6 0 U 4
7 0 L 2
8 1 U 7
9 0 U 8
10 0 U 9
11 0 U 10
12 1 U 11
13 1 U -1
14 1 U -1
15 1 L 5
16 0 U 15
17 0 U 16
18 0 U 17
19 0 L 8
20 0 U -1
21 1 U -1
22 0 U 21
23 1 U 22
24 1 L 0
25 1 U 14
26 1 L 6
27 1 L 26
28 1 L 18
29 0 U 28
30 1 U 29
31 0 U 30
32 0 U 9
33 1 U 25
34 0 U 33
35 1 L 6
36 1 U 35
37 0 U 36
38 0 L 12
39 1 U 38
40 1 U 39
41 0 U 40
42 1 L 34
43 1 U 25
44 1 U 43
45 1 U 44
46 1 U 19
47 0 L 28
48 0 L 29
49 1 U -1
50 1 U 49
51 0 U 50
52 1 U 51
53 1 L 49
54 0 L 16
55 0 U 54
56 1 U -1
57 0 U 56
58 0 U 57
59 1 L 15
60 1 U 59
61 0 U 60
62 1 U 61
63
0 1 L -1
1 1 U -1
2 1 U 1
3 0 U 2
4 1 U 3
5 1 U 4
6 1 U 5
7 0 L 2
8 1 U 7
9 1 U 6
10 0 U 9
11 0 U 10
12 1 U 11
13 1 U -1
14 1 U -1
15 0 U 14
16 0 U 15
17 0 U 16
18 0 U 17
19 0 U 18
20 0 U -1
21 1 U -1
22 0 U 21
23 1 U 22
24 0 L 10
25 1 U 24
26 1 L 20
27 1 L 26
28 1 L 18
29 0 U 28
30 1 U 29
31 0 U 30
32 0 U 9
33 1 U 25
34 0 U 33
35 0 U -1
36 1 U 35
37 0 U 36
38 0 U 37
39 1 U 38
40 1 L 6
41 0 U 40
42 1 L 34
43 1 U 25
44 1 U 43
45 1 U 44
46 0 L 18
47 0 L 28
48 1 U 47
49 1 U -1
50 1 U 49
51 0 U 50
52 1 U 51
53 1 L 49
54 1 U 53
55 0 U 54
56 1 U -1
57 0 U 56
58 0 U 57
59 1 L 14
60 1 U 59
61 0 L 48
62 1 U 61
63
0 1 L -1
1 1 U 0
2 1 U 1
3 0 U 2
4 1 U 3
5 1 U 4
6 1 U 5
7 0 L 2
8 1 U 7
9 0 U 8
10 0 U 9
11 0 U 10
12 1 U 11
13 1 U -1
14 0 U 0
15 0 U 14
16 0 U 15
17 0 U 16
18 0 U 17
19 0 U 18
20 0 U -1
21 1 U -1
22 0 U 21
23 1 U 22
24 1 L 0
25 1 U 24
26 1 U 25
27 1 L 26
28 1 L 18
29 0 U 28
30 1 L 16
31 0 U 30
32 0 U 9
33 1 U 25
34 0 U 33
35 0 U -1
36 1 U 35
37 0 U 36
38 0 U 37
39 1 U 38
40 1 U 39
41 0 U 40
42 1 L 34
43 1 U 25
44 1 U 43
45 1 U 44
46 1 U 19
47 0 L 18
48 1 U 47
49 1 U -1
50 1 U 49
51 0 U 50
52 1 U 51
53 1 L 49
54 1 U 53
55 0 U 54
56 1 U -1
57 0 U 56
58 0 U 57
59 0 U 58
60 1 U 59
61 0 U 60
62 1 L 29
63
0 1 L -1
1 1 U 0
2 0 U -1
3 0 U 2
4 1 U 3
5 1 U 4
6 0 U -1
7 0 L 2
8 1 U 7
9 0 U 8
10 0 U 8
11 0 U 10
12 1 U 11
13 1 U -1
14 1 U -1
15 0 U 14
16 0 U 15
17 0 U 16
18 0 U 17
19 0 U 18
20 0 U -1
21 1 U -1
22 0 U 21
23 1 U 22
24 1 L 0
25 1 U 24
26 1 U 25
27 1 L 26
28 1 L 18
29 0 U 28
30 1 U 29
31 0 U 30
32 0 U 9
33 1 U 25
34 0 U 33
35 0 U -1
36 1 U 35
37 1 L 15
38 0 U 37
39 1 U 38
40 1 U 39
41 0 U 40
42 1 L 34
43 1 U 25
44 1 U 43
45 1 U 44
46 1 U 19
47 0 L 28
48 1 U 47
49 1 U -1
50 1 U 49
51 1 L 27
52 1 U 51
53 1 L 49
54 1 U 53
55 0 U 54
56 1 U -1
57 1 L 23
58 0 U 57
59 0 U 58
60 1 U 59
61 0 U 60
62 1 U 61
63
0 0 U -1
1 1 U 0
2 1 U 1
3 0 U 2
4 1 U 3
5 1 U 4
6 1 U 5
7 0 L 2
8 1 U 7
9 0 U 8
10 0 U 9
11 0 U 10
12 0 L 7
13 1 U -1
14 1 U -1
15 0 U 14
16 0 U 15
17 0 U 16
18 0 U 17
19 0 L 17
20 0 U -1
21 1 U -1
22 0 U 21
23 1 U 22
24 1 L 0
25 1 U 24
26 1 U 25
27 1 L 26
28 1 L 18
29 0 U 28
30 1 U 29
31 0 U 30
32 0 U 9
33 1 U 25
34 0 U 33
35 0 U -1
36 1 U 35
37 0 U 36
38 0 U 37
39 0 L 20
40 1 U 39
41 0 U 40
42 1 L 34
43 1 U 25
44 1 U 43
45 1 U 44
46 1 U 19
47 0 L 28
48 1 U 47
49 1 U -1
50 1 U 49
51 0 U 50
52 1 U 51
53 1 L 49
54 1 U 53
55 0 U 46
56 1 U -1
57 0 U 56
58 0 U 57
59 1 L 40
60 1 U 59
61 0 U 60
62 1 U 61
63
0 1 L -1
1 1 U 0
2 0 L 0
3 0 U 2
4 1 U 3
5 1 U 4
6 1 U 5
7 0 L 2
8 1 U 7
9 0 U 8
10 0 U 9
11 0 U 10
12 1 U 11
13 1 U -1
14 1 U -1
15 0 U 14
16 0 U 15
17 0 U 16
18 0 U 17
19 0 U 18
20 0 U -1
21 1 U -1
22 0 U 21
23 1 U 22
24 1 L 0
25 1 U 24
26 1 U 25
27 1 L 26
28 1 L 18
29 0 U 28
30 1 U 2
31 0 U 30
32 0 U 9
33 1 U 25
34 0 U 33
35 0 U -1
36 1 U 35
37 0 U 36
38 0 U 37
39 1 U 38
40 1 U 2
41 0 U 40
42 1 L 34
43 1 U 25
44 1 U 43
45 1 U 44
46 1 U 19
47 0 L 28
48 1 U 47
49 1 U -1
50 1 U 49
51 0 U 50
52 1 U 51
53 0 U 28
54 1 U 53
55 0 U 54
56 1 U -1
57 1 L 9
58 0 U 57
59 0 U 43
60 1 U 59
61 1 U 40
62 1 U 61
63
0 1 L -1
1 1 U 0
2 1 U 1
3 0 U 2
4 1 U 3
5 1 U 4
6 1 U 5
7 0 L 2
8 1 U 7
9 0 U 8
10 0 U 9
11 0 U 10
12 1 U 11
13 1 U -1
14 1 U -1
15 0 U 14
16 0 U 15
17 0 U 16
18 0 U 17
19 1 U 12
20 1 U 18
21 1 U -1
22 0 U 21
23 0 L 6
24 1 L 0
25 1 U 24
26 1 U 25
27 1 L 26
28 1 L 18
29 0 U 28
30 1 U 29
31 0 U 30
32 0 U 9
33 0 L 1
34 0 U 33
35 0 U 3
36 1 L 9
37 0 U 36
38 0 U 37
39 1 U 38
40 1 U 39
41 0 U 40
42 1 L 34
43 1 U 25
44 1 U 43
45 1 U 44
46 1 U 19
47 0 L 12
48 1 U 42
49 0 L 7
50 1 U 49
51 0 U 50
52 1 U 51
53 1 L 49
54 1 U 53
55 0 U 54
56 1 U -1
57 0 U 56
58 0 U 57
59 0 U 58
60 1 U 59
61 0 U 28
62 1 U 61
63
0 1 L -1
1 1 U 0
2 1 U 1
3 0 U 2
4 0 L 2
5 1 U 4
6 1 U 5
7 0 L 2
8 1 U 0
9 0 U 8
10 0 U 9
11 0 U 10
12 1 U 11
13 1 U -1
14 1 U -1
15 0 U 14
16 0 U 15
17 0 U 16
18 0 U 17
19 0 U 18
20 0 U -1
21 1 U -1
22 0 U 21
23 1 U 22
24 1 L 0
25 1 U 24
26 1 U 25
27 1 L 26
28 1 L 18
29 0 U 28
30 1 U 29
31 1 L 6
32 0 U 9
33 1 U 25
34 0 U 33
35 0 U -1
36 1 U 35
37 0 U 36
38 0 U 37
39 1 U 38
40 1 U 39
41 0 U 40
42 1 L 34
43 1 U 25
44 1 U 43
45 1 U 44
46 1 U 19
47 0 L 28
48 1 U 47
49 1 U -1
50 1 U 49
51 0 U 50
52 1 U 51
53 1 L 49
54 1 U 53
55 0 U 54
56 1 U -1
57 0 U 56
58 0 U 57
59 0 U 58
60 1 U 59
61 0 U 60
62 1 U 61
63
0 1 L -1
1 1 U 0
2 1 U 1
3 0 U 2
4 1 U 3
5 1 U 4
6 1 U 5
7 0 L 2
8 1 U 7
9 0 U 8
10 0 U 9
11 0 U 10
12 1 U 11
13 1 U -1
14 1 U -1
15 0 U 14
16 0 U 15
17 0 U 16
18 0 U 17
19 0 U 18
20 0 U -1
21 1 U -1
22 0 U 21
23 1 U 22
24 1 L 0
25 1 U 24
26 1 U 25
27 1 L 26
28 1 L 18
29 0 U 28
30 1 U 29
31 0 U 30
32 0 U 9
33 1 L 24
34 0 U 33
35 0 U -1
36 1 U 35
37 0 U 36
38 0 U 37
39 1 L 23
40 1 U 39
41 0 U 40
42 1 L 34
43 1 U 25
44 0 L 43
45 1 U 44
46 1 U 2
47 0 L 28
48 1 U 47
49 1 U -1
50 1 U 49
51 0 U 50
52 1 U 51
53 1 L 49
54 0 L 28
55 1 L 39
56 1 U -1
57 0 U 56
58 0 U 57
59 0 U 58
60 1 U 59
61 0 U 60
62 1 L 29
63
0 1 L -1
1 1 U 0
2 1 U 1
3 0 U 2
4 1 U 3
5 1 U 4
6 1 U 5
7 0 L 2
8 1 U 7
9 0 U 8
10 0 U 9
11 0 U 10
12 1 U 11
13 1 L 1
14 1 U -1
15 0 U 14
16 0 U 15
17 0 U 16
18 0 U 17
19 0 U 18
20 0 U -1
21 0 L 17
22 0 U 21
23 1 U 22
24 1 L 0
25 1 U 24
26 1 U 25
27 1 L 26
28 1 L 18
29 0 U 28
30 1 U 29
31 0 U 30
32 1 U 29
33 1 U 25
34 0 U 33
35 0 U -1
36 1 L 5
37 0 L 2
38 0 U 37
39 1 U 38
40 1 U 39
41 0 U 40
42 1 L 34
43 1 U 25
44 1 U 43
45 1 U 44
46 1 U 19
47 0 L 28
48 1 U 47
49 1 U -1
50 1 L 32
51 0 U 50
52 1 U 47
53 1 L 49
54 1 U 53
55 0 U 54
56 1 U -1
57 0 U 56
58 0 U 57
59 0 U 33
60 1 U 59
61 0 U 60
62 1 U 61
63
0 1 L -1
1 1 U 0
2 1 U 1
3 0 U 2
4 1 U 3
5 1 U 4
6 1 U 5
7 0 L 2
8 1 U 7
9 0 U 8
10 0 U 9
11 0 U 10
12 1 U 11
13 1 U -1
14 1 U -1
15 0 U 14
16 0 U 15
17 0 U 16
18 0 U 17
19 0 U 18
20 0 U -1
21 1 U -1
22 0 U 21
23 1 U 22
24 1 L 0
25 1 U 24
26 1 U 25
27 0 L 14
28 1 L 18
29 0 U 28
30 1 U 29
31 0 U 30
32 0 U 9
33 1 U 25
34 0 U 33
35 0 U -1
36 1 U 35
37 0 U 36
38 0 U 37
39 0 L 14
40 1 U 39
41 0 U 40
42 1 L 34
43 0 U 37
44 1 U 43
45 1 U 44
46 0 L 38
47 0 L 28
48 1 U 47
49 1 U 44
50 1 U 49
51 0 U 50
52 1 U 51
53 1 L 49
54 1 U 53
55 0 U 54
56 1 U -1
57 0 U 56
58 0 U 57
59 0 U 58
60 1 U 59
61 0 U 44
62 1 U 61
63
0 1 L -1
1 1 U 0
2 1 U 1
3 0 U 2
4 1 U 3
5 1 U 4
6 1 U 5
7 0 L 2
8 1 U 7
9 0 U 8
10 0 U 9
11 0 U 10
12 1 U 11
13 1 U -1
14 1 U -1
15 0 U 14
16 0 U 15
17 0 U 16
18 0 U 17
19 0 U 18
20 0 U -1
21 1 U -1
22 0 U 21
23 1 U 22
24 1 L 0
25 1 U 24
26 1 U 25
27 0 U 22
28 0 L 11
29 0 U 28
30 1 U 29
31 0 U 30
32 0 U 9
33 1 U 25
34 0 U 33
35 0 U -1
36 1 U 35
37 0 U 23
38 0 U 37
39 1 U 38
40 1 U 39
41 0 U 40
42 1 L 34
43 1 U 25
44 1 U 43
45 1 U 44
46 0 U 7
47 0 L 28
48 1 U 47
49 1 U -1
50 1 U 49
51 0 U 50
52 1 U 51
53 0 L 2
54 0 L 28
55 0 U 54
56 1 U -1
57 0 U 56
58 0 U 57
59 1 U 6
60 1 U 59
61 0 U 60
62 1 U 61
63
0 1 L -1
1 1 U 0
2 1 U 1
3 0 U 2
4 1 U 3
5 1 U 4
6 1 U 5
7 0 L 2
8 1 U 7
9 0 U 8
10 0 U 9
11 0 U 10
12 1 U 11
13 1 U -1
14 1 U -1
15 0 U 14
16 1 U 1
17 0 U 16
18 0 U 17
19 0 U 18
20 1 U 14
21 1 U -1
22 0 U 21
23 1 U 22
24 1 L 0
25 1 U 24
26 1 U 25
27 1 L 26
28 0 U 15
29 0 U 28
30 1 U 29
31 0 U 30
32 0 U 9
33 1 U 25
34 0 U 33
35 0 U -1
36 1 U 35
37 1 U 5
38 0 U 37
39 1 U 38
40 1 U 39
41 0 U 40
42 1 L 34
43 1 U 25
44 1 U 43
45 1 U 44
46 1 U 19
47 0 L 28
48 1 U 47
49 1 U -1
50 1 U 49
51 0 U 50
52 1 U 51
53 1 L 49
54 1 U 53
55 0 U 54
56 1 U -1
57 0 U 56
58 0 U 57
59 0 L 6
60 1 U 59
61 0 U 60
62 1 U 61
63
0 1 L -1
1 1 U 0
2 1 U 1
3 0 U 2
4 1 U 3
5 1 U 4
6 1 U 5
7 0 L 2
8 1 U 7
9 0 U 8
10 0 U 3
11 0 U 10
12 1 U 11
13 1 U -1
14 1 U -1
15 0 U 14
16 0 U 15
17 0 U 16
18 0 U 17
19 0 U 18
20 0 U -1
21 1 U -1
22 0 U 21
23 1 U 22
24 1 L 0
25 1 L 9
26 1 U 25
27 1 L 26
28 1 L 18
29 0 U 28
30 1 U 29
31 0 U 30
32 0 U 9
33 1 U 25
34 0 U 33
35 0 U -1
36 1 U 35
37 0 U 36
38 0 U 37
39 1 U 38
40 0 U 19
41 0 U 39
42 1 L 34
43 1 U 25
44 1 U 43
45 1 U 44
46 1 U 19
47 0 L 28
48 1 U 47
49 1 U -1
50 1 U 49
51 0 U 50
52 1 U 51
53 1 L 49
54 1 U 53
55 0 U 54
56 1 U -1
57 0 U 56
58 0 U 57
59 0 U 58
60 0 U 54
61 0 U 60
62 1 U 61
63
0 1 L -1
1 1 U 0
2 1 U 1
3 0 U 2
4 1 U 3
5 1 L 1
6 1 U 5
7 0 L 2
8 1 U 7
9 0 U 8
10 0 U 9
11 0 U 10
12 1 U 11
13 1 U -1
14 1 U -1
15 0 U 14
16 0 U 15
17 0 U 16
18 0 U 6
19 0 U 18
20 0 U -1
21 1 U -1
22 0 U 13
23 1 U 22
24 1 L 0
25 1 U 24
26 1 U 25
27 1 L 26
28 1 L 18
29 0 L 2
30 1 U 29
31 0 U 30
32 0 U 9
33 1 U 25
34 0 U 33
35 0 U -1
36 1 U 35
37 0 U 36
38 1 U 5
39 1 U 38
40 1 U 39
41 0 U 40
42 1 L 34
43 1 U 25
44 1 U 43
45 1 U 44
46 1 U 19
47 0 L 28
48 1 U 47
49 1 U -1
50 1 U 49
51 0 U 50
52 1 U 51
53 1 L 49
54 1 U 53
55 0 U 54
56 1 U -1
57 0 U 56
58 0 U 57
59 0 U 58
60 1 U 59
61 0 U 60
62 1 U 61
63
0 1 L -1
1 1 U 0
2 1 U 1
3 0 U 2
4 1 U 3
5 1 U 4
6 1 U 5
7 0 L 2
8 1 U 7
9 0 U 8
10 0 U 9
11 0 U 10
12 1 U 11
13 1 U -1
14 1 U -1
15 0 U 14
16 0 U 15
17 0 U 16
18 0 U 17
19 0 U 18
20 0 U -1
21 1 U -1
22 0 U 21
23 1 U 22
24 1 L 0
25 1 U 24
26 1 U 25
27 1 L 26
28 1 L 18
29 0 U 28
30 1 U 29
31 0 U 30
32 0 U 9
33 1 U 25
34 0 U 33
35 0 U -1
36 1 U 35
37 0 U 36
38 0 U 37
39 1 U 38
40 1 U 39
41 0 U 40
42 1 L 34
43 1 U 25
44 1 U 43
45 1 U 44
46 1 U 19
47 0 L 28
48 1 U 47
49 1 U -1
50 1 U 49
51 0 U 50
52 1 U 51
53 1 L 49
54 1 U 53
55 0 U 54
56 1 U -1
57 0 U 56
58 0 U 57
59 0 U 58
60 1 U 59
61 0 U 60
62 0 L 35
63
0 1 L -1
1 1 U 0
2 1 U 1
3 0 U 2
4 1 U 3
5 1 U 4
6 1 U 5
7 0 L 2
8 1 L 2
9 0 U 8
10 0 U 9
11 0 U 10
12 1 U 11
13 1 U -1
14 1 U -1
15 0 U 14
16 0 U 15
17 0 U 16
18 0 U 17
19 0 U 18
20 0 U -1
21 1 U -1
22 0 U 21
23 1 U 22
24 0 L 1
25 1 U 24
26 1 U 25
27 0 U 24
28 1 L 18
29 0 U 28
30 1 U 29
31 0 U 30
32 0 U 9
33 1 U 25
34 0 U 33
35 0 U -1
36 1 U 35
37 0 U 36
38 0 U 37
39 1 U 38
40 1 U 39
41 0 L 4
42 1 L 34
43 1 U 25
44 1 U 43
45 1 U 44
46 1 U 19
47 0 L 28
48 1 U 47
49 0 U 30
50 1 U 49
51 0 U 50
52 1 U 51
53 0 U 42
54 1 U 53
55 0 U 54
56 1 U -1
57 0 U 56
58 0 U 57
59 0 U 58
60 1 U 59
61 0 U 60
62 1 U 61
63
0 1 L -1
1 1 U 0
2 1 U 1
3 0 U 2
4 1 U 3
5 0 L 3
6 1 U 5
7 0 L 2
8 1 U 7
9 0 U 8
10 0 U 9
11 0 U 10
12 1 U 11
13 1 U -1
14 1 U -1
15 0 U 14
16 0 U 15
17 0 U 16
18 0 U 17
19 0 L 13
20 0 U -1
21 1 U -1
22 0 U 21
23 1 U 22
24 1 L 0
25 1 L 10
26 0 U 17
27 1 L 26
28 1 L 18
29 0 U 28
30 1 U 29
31 0 U 30
32 0 U 9
33 1 U 25
34 0 U 33
35 0 U -1
36 1 U 35
37 0 U 36
38 0 U 37
39 1 U 38
40 1 U 39
41 0 L 9
42 1 L 34
43 1 U 25
44 1 U 43
45 1 U 44
46 1 U 19
47 0 L 28
48 1 U 47
49 1 U -1
50 1 U 49
51 0 U 50
52 1 U 51
53 1 L 49
54 1 U 53
55 0 U 54
56 1 U -1
57 0 U 56
58 0 U 57
59 0 L 23
60 1 U 59
61 0 U 60
62 1 U 61
63
0 1 L -1
1 1 U 0
2 1 U 1
3 0 U 2
4 0 L 0
5 1 U 4
6 1 U 5
7 0 L 2
8 1 U 7
9 1 U 2
10 0 U 9
11 0 L 6
12 1 U 11
13 1 U -1
14 1 U -1
15 0 U 14
16 0 U 15
17 0 U 16
18 0 U 17
19 0 U 18
20 0 U -1
21 1 U -1
22 0 U 21
23 1 U 22
24 1 L 0
25 1 U 24
26 1 U 25
27 1 L 26
28 1 L 18
29 1 U 14
30 1 L 25
31 0 U 30
32 0 U 9
33 1 U 25
34 0 U 33
35 0 U -1
36 1 U 35
37 0 U 36
38 0 U 37
39 1 L 38
40 1 U 39
41 0 U 40
42 1 L 34
43 1 U 25
44 1 U 43
45 1 U 44
46 1 U 19
47 0 L 28
48 1 U 47
49 1 U -1
50 1 U 49
51 0 U 50
52 1 U 51
53 1 L 49
54 1 U 53
55 0 U 54
56 1 U -1
57 0 U 56
58 0 U 57
59 0 U 58
60 1 U 59
61 0 U 60
62 1 U 61
63
0 1 L -1
1 1 U 0
2 1 U 1
3 0 U 2
4 1 U 3
5 1 U 4
6 1 U 5
7 0 L 2
8 1 U 7
9 0 U 8
10 0 U 9
11 0 U 10
12 1 U 11
13 1 U -1
14 1 U -1
15 0 U 14
16 0 U 15
17 0 U 16
18 0 U 17
19 0 U 18
20 0 U -1
21 1 U -1
22 0 U 21
23 1 U 22
24 1 L 0
25 1 U 24
26 1 U 25
27 1 L 26
28 1 L 18
29 0 U 28
30 1 U 29
31 0 U 30
32 0 U 9
33 1 U 25
34 0 U 33
35 0 U -1
36 1 U 35
37 0 U 36
38 0 U 37
39 0 U -1
40 1 U 39
41 0 U 40
42 1 U 17
43 1 U 25
44 1 U 43
45 1 U 44
46 1 U 19
47 0 L 28
48 1 U 47
49 1 U -1
50 1 U 49
51 0 U 50
52 1 U 51
53 1 L 49
54 1 U 53
55 0 U 54
56 1 U -1
57 0 U 56
58 0 U 57
59 0 U 58
60 1 U 59
61 0 U 60
62 1 U 61
63
0 1 L -1
1 1 U 0
2 1 U 1
3 0 U 2
4 1 U 3
5 1 U 4
6 1 U 5
7 1 L 2
8 1 U 7
9 0 U 8
10 0 U 9
11 0 U 10
12 1 U 11
13 1 U 7
14 1 U -1
15 0 U 14
16 1 U 8
17 0 U 16
18 0 U 17
19 0 U 18
20 0 U -1
21 1 U -1
22 0 U 0
23 1 U 22
24 1 L 0
25 1 U 24
26 1 U 25
27 1 L 26
28 1 L 18
29 0 U 28
30 1 U 29
31 0 U 30
32 0 U 9
33 1 L 31
34 0 L 12
35 0 U -1
36 1 U 35
37 0 U 36
38 0 U 37
39 1 U 38
40 1 U 39
41 1 U 3
42 1 L 34
43 1 U 25
44 1 U 43
45 1 U 44
46 1 U 19
47 0 L 28
48 0 U 15
49 1 U -1
50 1 U 49
51 0 U 50
52 1 U 51
53 1 L 49
54 1 U 53
55 0 U 54
56 1 U -1
57 0 U 56
58 0 U 57
59 0 U 58
60 1 U 59
61 0 U 60
62 1 U 61
63
0 1 L -1
1 1 U 0
2 1 U 1
3 0 U 2
4 1 U 3
5 1 U 4
6 1 U 5
7 0 L 2
8 1 U 7
9 0 U 8
10 0 U 9
11 0 U 10
12 1 U 11
13 1 U -1
14 1 U -1
15 0 U 14
16 0 U 15
17 0 U 16
18 0 U 17
19 0 U 18
20 0 U -1
21 1 U -1
22 0 U 21
23 1 U 22
24 1 L 0
25 1 U 24
26 1 U 25
27 1 L 26
28 1 L 18
29 0 L 27
30 1 U 29
31 0 U 30
32 0 U 9
33 1 U 25
34 0 U 33
35 0 U -1
36 1 U 35
37 0 L 3
38 0 U 37
39 1 L 13
40 1 U 39
41 0 U 40
42 1 L 34
43 1 U 25
44 1 U 43
45 1 U 44
46 1 U 19
47 0 L 28
48 1 U 47
49 1 U -1
50 1 U 49
51 0 U 50
52 1 U 51
53 1 L 49
54 1 U 53
55 1 L 18
56 1 U -1
57 0 U 56
58 0 U 57
59 1 U 17
60 1 U 59
61 0 U 60
62 1 U 61
63
0 1 L -1
1 1 U 0
2 1 U 1
3 0 U 2
4 1 U 3
5 1 U 4
6 1 U 5
7 0 L 2
8 1 U 7
9 0 U 8
10 0 U 9
11 1 L 1
12 1 U 11
13 1 U -1
14 0 L 7
15 0 L 7
16 0 U 15
17 0 U 16
18 0 U 17
19 0 U 18
20 0 U -1
21 1 U -1
22 0 L 6
23 1 U 22
24 1 L 0
25 1 U 24
26 1 U 25
27 1 L 26
28 1 L 18
29 0 U 28
30 1 U 29
31 0 U 30
32 0 U 9
33 1 U 25
34 0 U 33
35 0 U -1
36 1 U 35
37 0 U 36
38 0 U 37
39 1 U 38
40 1 U 39
41 0 U 40
42 1 L 34
43 1 U 25
44 1 U 43
45 1 U 44
46 1 L 21
47 0 L 28
48 1 U 47
49 1 U -1
50 1 U 49
51 0 U 50
52 1 U 51
53 1 L 40
54 1 U 53
55 0 U 54
56 1 U -1
57 0 U 56
58 0 U 57
59 0 U 58
60 1 U 59
61 1 L 46
62 1 U 61
63
0 1 L -1
1 1 U 0
2 0 L 0
3 0 U 2
4 1 U 3
5 1 U 3
6 1 U 5
7 0 L 2
8 1 U 7
9 0 U 8
10 0 U 9
11 0 U 10
12 1 U 11
13 1 U -1
14 1 U -1
15 0 U 14
16 0 U 15
17 0 U 16
18 0 U 17
19 0 U 18
20 0 U -1
21 1 U -1
22 0 U 21
23 1 U 22
24 1 L 0
25 1 U 24
26 1 U 25
27 1 L 26
28 1 L 18
29 0 U 28
30 0 U 3
31 0 U 30
32 0 U 9
33 0 L 17
34 0 U 33
35 0 U -1
36 1 U 35
37 0 U 36
38 0 U 37
39 1 U 38
40 1 U 39
41 0 U 40
42 1 L 34
43 1 L 30
44 1 U 43
45 1 U 44
46 1 U 19
47 0 U 8
48 1 U 47
49 1 U -1
50 0 U 42
51 0 U 35
52 1 U 11
53 1 L 49
54 1 U 53
55 0 U 54
56 0 U 22
57 1 U 14
58 0 U 57
59 0 U 58
60 1 U 59
61 0 U 40
62 1 U 61
63
0 1 L -1
1 1 U 0
2 1 U 1
3 0 U 2
4 1 L -1
5 1 U 4
6 1 U 5
7 1 U 2
8 1 U 7
9 0 U 8
10 0 U 9
11 0 U 10
12 1 U 11
13 1 U -1
14 1 U -1
15 0 U 14
16 0 U 15
17 0 U 16
18 0 U 17
19 0 U 18
20 0 U -1
21 1 U -1
22 0 U 21
23 1 U 22
24 1 L 0
25 1 U 24
26 1 U 25
27 1 L 26
28 1 L 18
29 0 U 28
30 1 U 29
31 0 U 30
32 0 U 9
33 1 U 25
34 0 U 33
35 0 U -1
36 1 U 35
37 0 U 36
38 1 U 25
39 1 U 38
40 1 U 39
41 0 U 40
42 1 L 34
43 1 U 25
44 1 U 43
45 1 U 44
46 1 U 10
47 0 L 28
48 0 L 35
49 1 U -1
50 1 U 49
51 1 L 28
52 1 U 51
53 1 L 49
54 0 L 23
55 0 U 54
56 1 U -1
57 0 U 56
58 0 U 57
59 0 U 58
60 1 U 59
61 1 U 41
62 1 U 61
63
0 1 L -1
1 1 U 0
2 1 U 1
3 0 U 2
4 1 U 3
5 1 U 4
6 1 U 5
7 0 L 2
8 1 U 7
9 0 U 8
10 1 U 3
11 0 U 10
12 1 U 11
13 1 U -1
14 1 U -1
15 0 U 14
16 0 U 15
17 0 U 16
18 0 U 17
19 0 U 18
20 0 U -1
21 1 U -1
22 0 U 21
23 1 U 22
24 1 L 0
25 1 U 24
26 1 U 25
27 1 L 26
28 1 L 18
29 0 U 28
30 1 U 29
31 0 U 30
32 0 U 9
33 1 U 25
34 0 U 33
35 0 U -1
36 1 U 35
37 0 U 36
38 0 U 37
39 1 U 38
40 1 U 39
41 0 U 40
42 1 L 34
43 1 U 25
44 0 U 35
45 1 U 44
46 1 U 19
47 0 L 28
48 1 U 47
49 1 U -1
50 1 U 49
51 1 L 19
52 1 U 51
53 1 L 49
54 1 U 53
55 0 U -1
56 1 U -1
57 0 U 56
58 0 U 57
59 0 U 58
60 1 U 59
61 0 U 60
62 1 U 61
63
0 1 L -1
1 1 U 0
2 1 U 1
3 1 U -1
4 1 U 3
5 1 U 4
6 1 U 5
7 0 L 2
8 1 U 7
9 0 U 8
10 0 U 9
11 0 U 10
12 1 U 11
13 1 U -1
14 1 U -1
15 0 U 4
16 0 U 15
17 0 U 16
18 0 U 17
19 0 U 18
20 1 U 10
21 1 U -1
22 0 U 21
23 1 U 22
24 1 L 0
25 1 U 24
26 1 U 25
27 1 L 26
28 1 L 18
29 0 U 28
30 1 U 29
31 0 U 30
32 0 U 9
33 1 U 25
34 0 U 33
35 0 U -1
36 1 U 35
37 0 U 36
38 0 U 37
39 1 U 38
40 1 U 39
41 0 U 40
42 1 L 34
43 1 U 25
44 1 U 43
45 1 U 44
46 0 U 10
47 0 L 28
48 1 U 47
49 1 U -1
50 0 L 45
51 0 U 50
52 1 U 51
53 1 L 49
54 1 U 53
55 1 U 5
56 1 U -1
57 0 U 56
58 0 U 57
59 0 U 58
60 1 U 59
61 0 U 60
62 1 U 61
63
0 1 L -1
1 1 U 0
2 1 U 1
3 0 U 2
4 1 U 3
5 1 U 4
6 1 U 5
7 0 L 2
8 1 U 7
9 1 L 3
10 0 U 9
11 0 U 10
12 0 U 0
13 1 U -1
14 1 U -1
15 0 U 14
16 0 U 15
17 0 U 16
18 0 U 17
19 0 U 18
20 0 U -1
21 1 U -1
22 1 L 19
23 1 U 22
24 1 L 0
25 1 L 3
26 1 U 25
27 1 L -1
28 1 L 18
29 0 U 28
30 1 U 29
31 0 U 30
32 0 U 9
33 1 U 25
34 0 U 33
35 0 U -1
36 1 U 35
37 0 U 36
38 0 U 37
39 1 U 38
40 0 U 22
41 0 U 40
42 1 L 34
43 1 U 25
44 1 U 43
45 0 L 4
46 1 U 19
47 0 L 28
48 1 U 47
49 1 U -1
50 0 L 49
51 0 U 50
52 1 U 51
53 1 L 49
54 1 U 53
55 0 U 54
56 1 U -1
57 0 U 0
58 0 U 57
59 0 U 58
60 1 U 59
61 0 U 60
62 1 U 61
63
0 1 L -1
1 1 U 0
2 1 U 1
3 0 U 2
4 1 U 3
5 0 L -1
6 1 U 5
7 0 L 2
8 1 U 7
9 0 U 8
10 0 U 9
11 0 U 10
12 0 L 4
13 1 U -1
14 1 U -1
15 1 L 14
16 0 U 15
17 0 U 16
18 0 U 17
19 0 L 9
20 0 U -1
21 1 U -1
22 0 U 21
23 1 U 22
24 1 L 0
25 1 U 24
26 1 U 25
27 1 L 26
28 1 L 18
29 0 L 27
30 1 U 29
31 0 U 30
32 0 U 9
33 1 U 25
34 0 U 33
35 0 U -1
36 1 U 35
37 0 U 36
38 0 U 37
39 1 U 38
40 1 U 39
41 0 U 40
42 1 L 34
43 1 U 25
44 1 U 43
45 0 U -1
46 1 U 19
47 0 L 28
48 1 U 47
49 1 U -1
50 1 U 46
51 0 U 50
52 1 U 51
53 1 L 49
54 1 U 53
55 0 U 54
56 0 U 20
57 0 U 56
58 0 U 57
59 0 U 58
60 1 U 59
61 0 U 60
62 1 U 61
63
0 0 L -1
1 1 U 0
2 1 U 1
3 0 U 2
4 1 U 3
5 1 L 4
6 1 U 5
7 1 U 3
8 1 U 7
9 0 U 8
10 0 U 6
11 0 U 10
12 1 U 11
13 1 U -1
14 1 U -1
15 0 U 14
16 1 U 3
17 0 U 16
18 0 U 17
19 1 L 6
20 0 U -1
21 0 U -1
22 0 U 21
23 1 U 22
24 1 L 19
25 1 U 24
26 1 U 25
27 1 L 26
28 1 L 18
29 0 U 5
30 0 L 15
31 0 U 30
32 0 U 9
33 1 U 18
34 0 U 33
35 0 U 9
36 1 U 35
37 0 U 36
38 0 U 37
39 1 U 38
40 1 U 39
41 0 U 40
42 1 L 34
43 1 U 25
44 1 U 43
45 1 U 44
46 1 U 19
47 0 L 28
48 1 U 47
49 1 U -1
50 1 U 49
51 0 U 50
52 1 U 51
53 1 L 49
54 1 U 53
55 0 U 54
56 1 U 13
57 0 U 56
58 0 U 57
59 0 U 58
60 1 L 22
61 0 U 60
62 1 U 61
63
0 1 L -1
1 1 U 0
2 1 U 1
3 0 U 2
4 1 U 3
5 0 L 3
6 1 U 5
7 0 L 2
8 1 U 7
9 0 U 8
10 0 U 9
11 0 U 10
12 1 U 11
13 1 U -1
14 1 U -1
15 0 U 14
16 0 U 15
17 0 U 16
18 0 U 17
19 0 L 17
20 0 U -1
21 1 U -1
22 0 U 21
23 1 U 22
24 1 L 0
25 1 U 24
26 1 U 25
27 1 L 26
28 1 L 18
29 0 U 28
30 1 U 29
31 0 U 30
32 0 U 9
33 1 U 25
34 0 U 33
35 0 U -1
36 1 U 35
37 0 U 36
38 0 U 37
39 1 U 12
40 1 U 39
41 0 U 40
42 1 L 34
43 1 U 25
44 1 U 43
45 1 U 44
46 1 U 19
47 0 L 28
48 1 U 47
49 1 U -1
50 1 U 49
51 0 U 50
52 1 U 51
53 1 L 49
54 1 U 53
55 0 U 54
56 1 U -1
57 0 U 56
58 0 U 57
59 0 U 58
60 1 U 59
61 0 L 42
62 1 U 61
63
0 1 L -1
1 1 U 0
2 1 U 1
3 0 U 2
4 1 U 3
5 1 U 4
6 1 U 5
7 0 L 2
8 1 U 7
9 0 U 1
10 0 U 9
11 0 L 7
12 1 U 11
13 1 U -1
14 1 U -1
15 0 U 14
16 0 U 15
17 0 U 16
18 0 U 17
19 0 U 18
20 0 U -1
21 1 U -1
22 0 U 21
23 1 U 22
24 1 L 0
25 1 U 24
26 1 U 25
27 1 L 26
28 0 L 9
29 0 U 28
30 1 U 29
31 0 U 30
32 0 U 9
33 1 U 25
34 0 U 33
35 0 U -1
36 1 U 35
37 1 L 12
38 1 U 17
39 1 U 38
40 1 U 39
41 0 U 40
42 1 L 34
43 1 U 25
44 1 U 43
45 1 U 44
46 1 U 19
47 0 L 28
48 1 U 47
49 1 U -1
50 0 U 49
51 0 U 50
52 1 U 51
53 1 L 49
54 1 U 53
55 0 U 54
56 1 U -1
57 0 U 56
58 0 U 57
59 0 U 58
60 1 U 59
61 1 U 24
62 1 U 61
63
0 0 L -1
1 1 U 0
2 1 U 1
3 0 U 2
4 1 U 3
5 1 U 4
6 1 U 5
7 0 L 2
8 1 U 7
9 0 U 8
10 0 U 9
11 0 U 10
12 1 U 9
13 1 L 0
14 1 U -1
15 0 U 14
16 0 U 15
17 0 U 16
18 0 U 17
19 0 U 18
20 0 U -1
21 1 U -1
22 0 U 21
23 1 U 22
24 1 L 0
25 0 L 11
26 1 U 9
27 1 L 26
28 1 L 18
29 0 U 28
30 1 U 29
31 0 U 30
32 0 U 9
33 1 U 25
34 0 U 33
35 0 U -1
36 1 U 35
37 0 U 36
38 0 U 37
39 1 U 16
40 1 U 39
41 0 U 40
42 0 L 21
43 1 U 25
44 0 U 35
45 1 U 44
46 1 U 19
47 0 L 28
48 1 U 47
49 1 U -1
50 1 U 49
51 0 U 50
52 1 U 51
53 1 L 49
54 1 U 53
55 0 U 54
56 1 U -1
57 1 U 28
58 1 U 37
59 0 U 58
60 1 U 59
61 0 U 60
62 1 L 2
63
0 1 L -1
1 1 U 0
2 1 U 1
3 0 U 2
4 1 U 3
5 1 U 4
6 1 U 5
7 0 L 2
8 1 U 7
9 0 U 8
10 0 U 9
11 0 U 10
12 1 U 11
13 1 U -1
14 1 U -1
15 0 U 14
16 0 U 15
17 0 U 16
18 0 U 17
19 0 U 18
20 0 U -1
21 1 U 8
22 0 U 21
23 1 U 22
24 1 L 0
25 1 U 24
26 1 U 25
27 1 L 26
28 1 L 18
29 0 U 28
30 1 U 29
31 0 U 30
32 0 U 9
33 0 U 30
34 0 U 33
35 0 U -1
36 1 U 35
37 0 U 36
38 0 U 37
39 1 U 38
40 1 U 39
41 0 U 40
42 1 L 34
43 1 U 25
44 1 U 30
45 1 U 44
46 1 U 19
47 0 L 28
48 1 U 47
49 1 U -1
50 1 U 49
51 0 U 50
52 1 U 51
53 1 L 49
54 1 U 53
55 0 U 54
56 1 U -1
57 0 U 56
58 0 U 57
59 0 U 58
60 1 U 59
61 0 U 60
62 1 U 61
63
0 1 L -1
1 1 U 0
2 1 U 1
3 0 U 2
4 1 U 3
5 1 U 4
6 1 L 0
7 0 L 2
8 0 L 7
9 0 U 8
10 0 U 9
11 0 U 10
12 1 U 11
13 1 U -1
14 1 L 1
15 0 U 14
16 0 U 15
17 1 L 1
18 1 L 13
19 0 U 18
20 1 L 5
21 1 U -1
22 0 U 21
23 1 U 22
24 1 L 0
25 1 U 24
26 1 U 25
27 1 L 26
28 1 L 18
29 0 U 28
30 1 U 29
31 0 U 30
32 0 U 9
33 1 U 25
34 0 U 33
35 0 U -1
36 1 U 35
37 0 U 36
38 0 U 37
39 1 U 38
40 1 U 39
41 0 U 40
42 0 U 11
43 0 L 1
44 1 U 43
45 1 L 2
46 1 U 19
47 0 L 28
48 0 U 1
49 1 U -1
50 0 U 31
51 0 U 50
52 0 L 15
53 1 U 47
54 1 U 53
55 0 U 3
56 0 L 49
57 0 U 56
58 0 U 57
59 0 L 7
60 1 U 59
61 0 U 60
62 0 L 9
63
0 1 L -1
1 1 U 0
2 1 U 1
3 1 L 1
4 1 U 3
5 1 U 4
6 1 U 5
7 0 L 2
8 1 U 7
9 0 U 8
10 0 U 9
11 0 L 7
12 1 U 11
13 1 U -1
14 1 U -1
15 0 L 14
16 0 U 15
17 0 U 16
18 0 U 17
19 0 U 18
20 0 U -1
21 0 L 10
22 0 U 21
23 1 U 22
24 1 L 0
25 1 U 24
26 1 U 25
27 1 L 26
28 1 L 18
29 0 U 28
30 1 U 29
31 0 U 30
32 0 U 9
33 1 U 25
34 0 U 33
35 0 L 32
36 0 U 31
37 0 U 36
38 0 U 37
39 1 U 38
40 1 U 39
41 0 U 40
42 1 L 34
43 1 L 6
44 1 U 43
45 1 U 44
46 1 U 19
47 0 U 21
48 1 L 20
49 1 U -1
50 1 U 49
51 0 U 50
52 1 U 51
53 1 L 49
54 1 U 53
55 0 U 54
56 0 L 52
57 0 L 8
58 0 U 57
59 0 U 58
60 1 U 59
61 0 L 41
62 1 U 61
63
0 1 L -1
1 1 U 0
2 1 U 1
3 1 L 0
4 1 U 3
5 1 U 4
6 1 U 5
7 0 U -1
8 1 U 7
9 0 L 7
10 0 U 9
11 0 U 10
12 1 U 11
13 1 U -1
14 1 U -1
15 0 U 14
16 0 U 15
17 0 U 16
18 1 L 13
19 0 U 18
20 0 U -1
21 1 U -1
22 0 U 21
23 1 U 22
24 1 U 18
25 1 U 24
26 1 U 25
27 1 L 26
28 1 L 18
29 0 U 15
30 0 L 10
31 0 U 30
32 0 U 9
33 1 U 25
34 0 U 33
35 0 U -1
36 1 U 35
37 0 U 36
38 0 L 11
39 1 U 38
40 1 U 39
41 1 U 16
42 1 L 34
43 1 U 25
44 1 U 43
45 1 U 44
46 1 U 19
47 0 L 28
48 1 U 47
49 1 U -1
50 1 U 49
51 0 U 50
52 0 L 35
53 1 L 49
54 1 U 53
55 0 U 54
56 0 U 49
57 0 U 56
58 0 U 57
59 1 U 54
60 1 U 49
61 0 U 60
62 1 U 61
63
0 1 L -1
1 1 U 0
2 1 U 1
3 0 U 2
4 1 U 3
5 1 U 4
6 1 U 3
7 0 L 2
8 1 U 7
9 0 U 8
10 0 U 9
11 0 U 10
12 1 U 11
13 1 U -1
14 1 U -1
15 0 U 14
16 0 U 15
17 0 U 16
18 0 L 13
19 0 U 18
20 0 U -1
21 1 U -1
22 0 U 21
23 1 U 22
24 1 L 0
25 1 U 24
26 1 U 25
27 1 L 26
28 1 L 18
29 0 U 28
30 1 U 29
31 0 U 30
32 1 L 10
33 1 U 25
34 0 U 33
35 0 U -1
36 1 U 35
37 1 L 34
38 0 U 37
39 1 U 38
40 1 U 39
41 0 U 40
42 1 L 34
43 1 U 25
44 0 U 7
45 1 U 44
46 1 U 19
47 1 L 4
48 1 L 0
49 1 U -1
50 1 U 49
51 0 U 50
52 1 U 51
53 1 L 49
54 1 U 53
55 1 U 46
56 1 U -1
57 0 U 56
58 0 U 57
59 0 U 58
60 1 U 59
61 0 U 60
62 1 U 61
63
0 1 L -1
1 1 U 0
2 1 U 1
3 0 U 2
4 1 U 3
5 1 U 4
6 1 U 3
7 0 L 2
8 1 U 7
9 0 U 8
10 0 U 9
11 0 U 10
12 1 U 11
13 1 U -1
14 1 U -1
15 0 U 14
16 0 U 15
17 0 U 16
18 0 L 13
19 0 U 18
20 0 U -1
21 1 U -1
22 0 U 21
23 1 U 22
24 1 L 0
25 1 U 24
26 1 U 25
27 1 L 26
28 1 L 18
29 1 L 23
30 1 U 29
31 0 U 30
32 1 L 10
33 1 U 25
34 0 U 33
35 0 U -1
36 1 U 35
37 1 L 34
38 0 U 37
39 1 U 38
40 1 U 39
41 0 U 40
42 1 L 34
43 1 U 25
44 0 U 7
45 0 L -1
46 1 U 19
47 0 L 8
48 1 L 0
49 1 U -1
50 1 U 49
51 0 U 50
52 1 U 51
53 1 L 49
54 1 U 53
55 1 U 46
56 1 U 4
57 0 U 56
58 0 U 57
59 0 U 58
60 1 U 59
61 0 U 60
62 0 L 22
63
0 1 L -1
1 1 U 0
2 1 U 1
3 0 U 2
4 1 U 3
5 1 U 4
6 1 U 3
7 0 L 2
8 1 U 7
9 0 U 8
10 0 U 9
11 1 U 2
12 1 U 11
13 1 U -1
14 1 U -1
15 0 U 14
16 0 U 15
17 0 U 16
18 0 L 13
19 0 U 18
20 0 U -1
21 1 U -1
22 0 U 21
23 1 U 22
24 1 L 0
25 1 U 24
26 1 U 25
27 0 L 12
28 1 L 18
29 0 U 28
30 1 U 29
31 0 U 30
32 1 L 10
33 1 U 25
34 0 U 33
35 0 U -1
36 1 U 35
37 1 L 34
38 0 U 37
39 1 U 38
40 0 L 26
41 0 U 40
42 1 L 34
43 1 U 25
44 0 U 7
45 1 U 44
46 0 U 5
47 1 L 4
48 1 L 0
49 1 U -1
50 1 U 49
51 0 U 50
52 0 L 34
53 1 L 49
54 1 U 53
55 0 L 13
56 1 U -1
57 0 U 56
58 0 U 57
59 0 U 58
60 1 U 59
61 0 U 60
62 1 U 30
63
0 1 L -1
1 1 U 0
2 0 U -1
3 0 U 2
4 0 U 3
5 1 U 4
6 1 U 3
7 0 L 2
8 1 U 7
9 0 U 8
10 0 U 9
11 0 U 10
12 1 U 11
13 1 U -1
14 1 U -1
15 0 U 14
16 0 U 2
17 0 U 16
18 0 L 13
19 0 U 18
20 0 U -1
21 1 U -1
22 0 U 21
23 1 U 22
24 1 L 0
25 1 U 24
26 1 U 25
27 1 L 26
28 1 L 18
29 0 U 28
30 1 U 29
31 0 U 30
32 1 L 10
33 1 U 25
34 0 U 33
35 0 U -1
36 1 U 35
37 1 L 34
38 0 U 37
39 1 U 38
40 1 U 39
41 0 U 40
42 1 L 34
43 1 U 7
44 0 U 7
45 0 L 20
46 1 U 19
47 1 L 4
48 1 L 0
49 1 U -1
50 1 U 49
51 0 U 50
52 0 L 50
53 1 L 49
54 1 U 53
55 1 U 46
56 1 U -1
57 0 U 56
58 0 U 57
59 0 U 58
60 1 U 59
61 0 U 60
62 1 U 61
63
0 1 L -1
1 1 U 0
2 1 U 1
3 0 U 2
4 1 U 3
5 1 U 4
6 1 U 3
7 0 L 2
8 1 U 7
9 0 U 8
10 0 U 9
11 0 U 10
12 1 U 11
13 1 U -1
14 1 U -1
15 1 U 0
16 0 U 15
17 0 U 16
18 0 L 13
19 0 U 18
20 0 U -1
21 1 U -1
22 0 L 5
23 1 U 22
24 1 L 0
25 1 U 24
26 1 U 25
27 1 L 26
28 1 L 18
29 0 U 28
30 1 U 29
31 0 U 30
32 1 L 10
33 1 U 25
34 0 U 33
35 0 U -1
36 1 U 35
37 1 L 34
38 0 U 37
39 1 U 38
40 1 U 39
41 0 U 40
42 1 L 34
43 0 U 38
44 0 U 7
45 1 U 44
46 1 U 19
47 1 L 4
48 1 L 0
49 1 U -1
50 1 U 49
51 0 U 50
52 1 U 51
53 1 L 49
54 1 U 53
55 1 U 46
56 1 U -1
57 1 L 13
58 0 U 57
59 0 U 58
60 1 U 59
61 0 U 60
62 1 U 61
63
0 1 L -1
1 1 U 0
2 1 U 1
3 0 U 2
4 1 U 3
5 1 U 4
6 1 U 3
7 0 L 2
8 1 U 7
9 0 U 8
10 0 U 9
11 0 U 10
12 1 U 11
13 1 U -1
14 1 U -1
15 0 U 14
16 0 U 15
17 0 U 16
18 0 L 13
19 0 U 18
20 0 U -1
21 1 U -1
22 0 U 21
23 1 U 22
24 1 L 0
25 1 U 24
26 1 U 25
27 1 L 26
28 1 L 18
29 0 U 28
30 1 U 29
31 0 U 30
32 1 L 10
33 1 U 25
34 0 U 33
35 0 U -1
36 1 U 35
37 1 L 34
38 1 L 25
39 1 U 38
40 1 U 39
41 0 U 40
42 1 L 34
43 1 U 25
44 0 U 7
45 1 U 44
46 1 U 19
47 1 L 4
48 1 L 0
49 1 U -1
50 1 U 49
51 0 U 50
52 1 U 51
53 1 L 49
54 1 U 53
55 1 U 46
56 1 U -1
57 0 U 56
58 0 U 57
59 0 U 58
60 1 U 59
61 0 U 60
62 1 U 61
63
0 1 L -1
1 1 U 0
2 1 U 1
3 0 U 2
4 1 U 3
5 1 U 4
6 1 U 3
7 0 L 2
8 1 U 7
9 0 U 8
10 0 U 9
11 0 U 10
12 1 U 11
13 1 U -1
14 1 U -1
15 0 U 14
16 0 U 10
17 0 U 16
18 0 L 13
19 0 U 18
20 0 U -1
21 1 U -1
22 0 U 21
23 1 U 22
24 1 L 0
25 1 U 24
26 1 U 25
27 1 L 26
28 1 L 18
29 0 U 28
30 1 U 29
31 0 U 30
32 1 L 10
33 1 U 25
34 0 U 33
35 1 L 5
36 1 L 8
37 1 L 34
38 0 U 37
39 0 U -1
40 1 U 39
41 0 U 40
42 1 L 34
43 1 U 25
44 0 U 7
45 1 U 44
46 1 U 19
47 1 L 4
48 1 L 0
49 1 U -1
50 1 U 49
51 0 U 50
52 1 U 51
53 0 U 34
54 1 U 53
55 1 U 46
56 1 U -1
57 1 U 4
58 0 U 57
59 0 U 58
60 1 U 59
61 0 U 60
62 1 U 61
63
0 1 L -1
1 1 U 0
2 1 U 1
3 0 U 2
4 1 U 3
5 1 U 4
6 1 U 3
7 0 L 2
8 1 U 7
9 0 U 8
10 0 U 9
11 0 U 10
12 1 U 11
13 1 U -1
14 1 U -1
15 0 U 14
16 0 U 15
17 0 U 16
18 1 L 14
19 1 U 14
20 0 U -1
21 1 U -1
22 0 U 21
23 1 U 4
24 1 L 0
25 1 U 24
26 1 U 25
27 1 L 26
28 1 L 18
29 0 U 28
30 1 U 29
31 0 U 30
32 1 L 10
33 1 U 25
34 0 U 33
35 0 U -1
36 1 U 35
37 1 L 34
38 0 U 37
39 1 U 38
40 0 L 32
41 0 U 40
42 0 L 34
43 1 U 25
44 0 U 7
45 1 U 44
46 1 U 19
47 1 L 4
48 1 L 0
49 1 U -1
50 1 U 49
51 0 U 50
52 1 U 51
53 1 L 49
54 1 L 10
55 1 U 46
56 1 U -1
57 0 U 56
58 0 U 57
59 0 U 58
60 1 L 22
61 0 U 60
62 1 U 61
63
0 1 L -1
1 1 U 0
2 1 U 1
3 0 U 2
4 1 U 3
5 1 U 4
6 1 U 3
7 0 L 2
8 1 U 7
9 0 U 8
10 0 U 9
11 0 U 10
12 1 U 11
13 1 U -1
14 1 U -1
15 0 U 14
16 0 U 15
17 0 U 16
18 0 L 13
19 0 U 18
20 0 U -1
21 1 U -1
22 0 U 21
23 0 L 16
24 1 L 0
25 1 U 24
26 1 U 25
27 1 L 26
28 1 L 18
29 0 U 28
30 1 U 29
31 0 U 30
32 1 L 10
33 1 U 25
34 0 U 33
35 0 U -1
36 1 U 35
37 1 L 34
38 1 L 31
39 1 U 38
40 1 U 39
41 0 U 40
42 1 L 34
43 1 U 25
44 0 U 7
45 1 U 44
46 1 U 19
47 1 L 4
48 1 L 0
49 1 U -1
50 1 U 49
51 0 U 50
52 1 U 51
53 1 L 49
54 1 U 53
55 1 U 46
56 1 U -1
57 0 U 56
58 0 U 57
59 0 U 58
60 0 U 57
61 0 U 60
62 1 U 61
63
0 1 L -1
1 1 U 0
2 1 U 1
3 0 U 2
4 1 U 3
5 1 U 4
6 1 U 3
7 0 L 2
8 1 U 7
9 0 U 8
10 0 U 9
11 0 U 10
12 0 U 11
13 1 U -1
14 1 U -1
15 0 U 14
16 0 U 15
17 0 U 16
18 0 L 13
19 0 U 18
20 0 U -1
21 1 U -1
22 0 U 21
23 1 U 22
24 1 L 0
25 1 U 24
26 1 U 25
27 1 L 26
28 1 L 18
29 0 U 28
30 1 U 29
31 0 U 30
32 1 L 10
33 1 U 25
34 0 U 33
35 0 U -1
36 1 U 35
37 1 L 34
38 0 U 37
39 1 U 38
40 1 U 39
41 0 U 40
42 1 L 34
43 1 U 25
44 0 U 7
45 1 U 44
46 1 U 19
47 1 L 4
48 1 L 0
49 1 U -1
50 1 L 26
51 0 U 50
52 1 U 51
53 1 L 49
54 1 U 53
55 1 U 46
56 1 U -1
57 0 U 56
58 0 U 57
59 0 U 58
60 1 U 59
61 0 U 60
62 0 U 26
63
0 1 L -1
1 0 L 0
2 0 U 1
3 0 U 2
4 1 U 3
5 1 U 4
6 0 L 0
7 0 L 2
8 1 U 7
9 0 L 3
10 0 U 9
11 0 U 10
12 1 U 11
13 1 U -1
14 1 U -1
15 0 U 14
16 0 U 15
17 0 U 16
18 0 L 13
19 0 U 18
20 0 U -1
21 1 U -1
22 1 L 7
23 1 U 22
24 1 L 0
25 1 U 24
26 0 U 13
27 1 L 26
28 1 L 18
29 0 U 28
30 1 U 29
31 0 U 30
32 1 L 10
33 0 U 7
34 0 U 33
35 0 U -1
36 1 U 35
37 1 L 34
38 0 U 37
39 1 U 30
40 1 U 39
41 0 U 32
42 1 L 34
43 1 U 25
44 0 U 7
45 1 U 44
46 1 U 19
47 1 L 4
48 1 L 0
49 1 U -1
50 1 U 49
51 1 L 43
52 1 U 51
53 1 L 49
54 1 U 53
55 1 U 46
56 1 L 6
57 0 U 56
58 0 U 57
59 0 U 58
60 1 U 59
61 0 U 60
62 1 U 61
63
0 1 L -1
1 0 L -1
2 1 U 1
3 0 U 2
4 1 U 3
5 1 U 4
6 1 U 3
7 0 L 2
8 1 U 7
9 0 U 8
10 0 U 9
11 0 U 10
12 1 U 11
13 1 U -1
14 1 U -1
15 0 U 14
16 0 U 15
17 0 U 16
18 0 L 13
19 0 U 18
20 1 U 1
21 1 U -1
22 0 U 21
23 1 U 22
24 1 L 0
25 1 L 19
26 1 U 25
27 1 L 26
28 0 U 12
29 0 U 28
30 1 U 29
31 0 U 30
32 1 L 10
33 1 U 25
34 0 U 33
35 0 U -1
36 1 U 35
37 1 L 34
38 0 U 37
39 1 U 38
40 1 U 39
41 0 U 40
42 1 L 34
43 0 L 39
44 0 U 7
45 1 U 44
46 1 U 19
47 0 U 15
48 1 L 0
49 1 U -1
50 1 U 49
51 0 U 50
52 1 U 51
53 1 L 45
54 1 U 53
55 1 U 46
56 1 U -1
57 0 U 56
58 0 U 57
59 0 U 58
60 1 U 59
61 0 U 60
62 1 U 61
63
0 1 L -1
1 1 U 0
2 1 U 1
3 0 U 2
4 1 U 3
5 1 U 4
6 1 U 3
7 0 L 2
8 1 U 7
9 0 U 2
10 0 U 9
11 0 U 10
12 1 U 11
13 1 U -1
14 1 U -1
15 0 U 14
16 0 U 15
17 0 L 11
18 0 L 13
19 0 U 18
20 0 U -1
21 1 U -1
22 0 L 12
23 1 U 22
24 0 L 22
25 1 U 24
26 1 U 25
27 1 L 26
28 1 L 18
29 0 U 28
30 1 U 29
31 0 U 30
32 0 L 2
33 1 U 25
34 0 U 33
35 0 U -1
36 1 U 35
37 1 L 34
38 0 U 37
39 1 U 38
40 1 U 39
41 0 U 40
42 1 L 34
43 1 U 25
44 0 U 7
45 1 U 44
46 0 U 29
47 1 L 4
48 1 L 0
49 1 U -1
50 1 U 49
51 0 U 50
52 1 U 51
53 1 L 49
54 1 U 53
55 1 U 46
56 1 U -1
57 0 U 56
58 0 U 57
59 0 U 58
60 1 U 59
61 0 U 60
62 1 U 61
63
0 1 L -1
1 1 U 0
2 1 U 1
3 0 U 2
4 1 U 3
5 1 U 4
6 1 U 3
7 0 L 2
8 1 U 7
9 1 U 8
10 0 U 9
11 1 L 2
12 1 U 11
13 1 U -1
14 1 U -1
15 0 U 14
16 0 U 15
17 0 U 16
18 0 L 13
19 0 U 18
20 0 U -1
21 0 U 7
22 0 U 21
23 1 U 22
24 1 L 0
25 1 U 24
26 1 U 25
27 1 L 26
28 1 L 18
29 0 U 28
30 1 U 29
31 0 U 30
32 1 L 10
33 1 U 25
34 0 U 33
35 0 U -1
36 1 U 35
37 1 L 34
38 0 U 37
39 1 U 38
40 1 U 39
41 0 U 40
42 1 L 34
43 0 U 4
44 0 U 7
45 1 U 44
46 1 U 19
47 1 L 4
48 1 L 0
49 1 U -1
50 1 U 49
51 0 U 49
52 1 U 51
53 1 L 49
54 1 U 53
55 1 U 46
56 1 U -1
57 0 U 56
58 1 L 33
59 0 U 58
60 1 U 21
61 0 U 60
62 0 U 5
63
0 1 L -1
1 1 U 0
2 1 U 1
3 0 U 2
4 1 U -1
5 1 U 4
6 1 U 3
7 0 L 2
8 1 L 5
9 1 U 7
10 0 U 9
11 0 L 5
12 1 U 11
13 1 U -1
14 1 U -1
15 0 U 14
16 1 U 4
17 0 U 16
18 0 L 13
19 0 U 18
20 0 U -1
21 0 L 20
22 0 U 21
23 1 L 20
24 1 L 0
25 1 U 24
26 1 U 25
27 0 L 19
28 1 L 18
29 0 U 28
30 1 U 29
31 0 U 30
32 1 L 10
33 1 U 25
34 0 U 33
35 0 U -1
36 1 U 35
37 1 L 35
38 0 U 37
39 1 U 38
40 1 U 39
41 0 U 40
42 1 L 34
43 0 U 12
44 0 U 7
45 1 U 44
46 1 U 19
47 0 L 22
48 1 L 0
49 1 U -1
50 1 U 49
51 0 U 50
52 1 U 51
53 1 L 49
54 1 U 53
55 1 U 46
56 1 L 5
57 0 U 56
58 0 U 57
59 0 U 58
60 1 U 59
61 0 U 60
62 1 U 61
63
0 1 L -1
1 1 U 0
2 1 U 1
3 0 U 2
4 1 U 3
5 1 U 4
6 1 U 3
7 0 L 2
8 1 U 7
9 0 U 8
10 0 U 9
11 0 U 10
12 1 U 11
13 1 U -1
14 1 U -1
15 0 U 14
16 0 U 15
17 0 U 16
18 0 L 13
19 0 U 18
20 0 U -1
21 1 U -1
22 0 U 21
23 1 U 22
24 1 L 0
25 1 U 24
26 1 U 25
27 1 L 26
28 0 U 24
29 0 U 28
30 1 U 29
31 0 U 30
32 1 L 10
33 1 U 25
34 0 U 33
35 1 L 19
36 1 U 35
37 1 L 34
38 0 U 37
39 1 U 38
40 1 U 39
41 0 U 40
42 0 U 30
43 1 U 25
44 0 U 7
45 1 U 44
46 1 U 19
47 1 U 17
48 1 L 0
49 1 U -1
50 1 U 49
51 0 U 50
52 1 U 51
53 1 L 49
54 1 U 53
55 1 U 46
56 1 U 9
57 0 U 56
58 0 U 57
59 0 U 58
60 1 U 59
61 0 U 60
62 1 U 61
63
0 1 L -1
1 1 U 0
2 1 U 1
3 0 U 2
4 1 U 2
5 1 U 4
6 1 L 1
7 0 L 2
8 1 U 7
9 1 L 7
10 0 L 8
11 0 U 10
12 1 U 11
13 1 U -1
14 1 U -1
15 0 U 14
16 0 U 15
17 0 U 16
18 0 L 13
19 0 U 18
20 0 U -1
21 1 U -1
22 0 U 21
23 1 U 19
24 1 L 0
25 1 U 24
26 1 U 25
27 1 L 26
28 0 U 24
29 0 U 28
30 1 U 29
31 0 U 30
32 1 L 10
33 1 U 25
34 0 U 33
35 1 L 19
36 1 U 35
37 1 L 34
38 0 U 36
39 1 U 4
40 1 U 35
41 0 U 40
42 0 U 30
43 1 U 25
44 0 U 7
45 1 U 44
46 1 U 19
47 1 U 17
48 1 L 0
49 1 U -1
50 1 U 49
51 1 L 35
52 1 U 51
53 1 L 49
54 1 U 53
55 1 U 46
56 1 U 9
57 0 U 56
58 0 U 57
59 0 U 58
60 1 U 59
61 0 U 60
62 0 U 11
63
0 1 L -1
1 1 U 0
2 1 U 1
3 0 U 2
4 1 U 3
5 1 U 4
6 1 U 3
7 0 L 2
8 1 U 7
9 0 U 8
10 0 U 9
11 0 U 10
12 1 U 11
13 1 U -1
14 1 U -1
15 0 U 14
16 0 U 15
17 0 U 16
18 0 L 13
19 0 U 18
20 0 U -1
21 1 U -1
22 0 U 21
23 1 U 22
24 1 L 17
25 1 U 24
26 1 U 25
27 1 L 26
28 0 U 24
29 0 U 28
30 1 U 29
31 0 U 30
32 1 L 10
33 1 U 25
34 0 U 33
35 1 L 19
36 1 U 35
37 1 L 34
38 0 U 37
39 1 U 7
40 1 U 39
41 0 U 40
42 0 U 30
43 1 U 25
44 0 U 7
45 1 U 44
46 1 U 19
47 0 U 29
48 1 U 7
49 1 U -1
50 1 U 49
51 0 U 50
52 1 U 51
53 1 L 49
54 1 U 53
55 1 U 46
56 1 U 9
57 0 U 56
58 0 U 57
59 0 U 58
60 1 U 59
61 0 U 60
62 1 U 61
63
0 1 L -1
1 1 U 0
2 1 U 1
3 0 U 2
4 1 U 3
5 1 U 4
6 1 L 0
7 0 L 2
8 1 U 7
9 0 U 8
10 0 U 9
11 1 U 10
12 1 U 11
13 1 U -1
14 1 U -1
15 0 L 11
16 0 U 15
17 0 U 16
18 0 L 13
19 0 U 18
20 0 U -1
21 1 U -1
22 0 U 21
23 1 U 22
24 1 L 0
25 1 U 24
26 1 U 25
27 1 L 26
28 0 U 24
29 0 U 28
30 1 U 29
31 0 U 30
32 1 L 10
33 1 U 25
34 0 U 33
35 1 L 19
36 1 U 35
37 1 L 34
38 0 U 37
39 1 U 38
40 1 U 39
41 0 U 40
42 0 U 30
43 1 U 25
44 0 U 7
45 1 U 44
46 1 U 19
47 1 U 17
48 1 L 0
49 1 U -1
50 1 U 49
51 0 U 50
52 1 U 51
53 1 L 49
54 1 U 53
55 1 U 46
56 1 U 9
57 0 U 32
58 0 U 57
59 0 U 58
60 0 U 9
61 0 U 60
62 1 U 61
63
0 1 L -1
1 1 U 0
2 1 U 1
3 0 U 2
4 1 U 3
5 1 U -1
6 1 U 3
7 0 L 2
8 0 U 4
9 0 U 8
10 0 U 9
11 0 U 10
12 1 U 11
13 1 U -1
14 1 U -1
15 0 U 14
16 0 U 15
17 0 U 16
18 0 L 13
19 1 U 6
20 0 U -1
21 1 U -1
22 0 U 21
23 1 U 22
24 1 L 0
25 1 U 24
26 1 U 25
27 1 L 26
28 0 U 24
29 0 U 28
30 0 L 3
31 0 U 30
32 1 L 10
33 1 U 25
34 0 U 33
35 1 L 19
36 0 L 34
37 1 L 34
38 0 U 37
39 1 U 38
40 1 U 39
41 0 U 40
42 0 U 30
43 1 U 25
44 0 U 7
45 1 L 21
46 1 U 19
47 1 U 17
48 1 L 0
49 1 U -1
50 1 U 49
51 0 U 14
52 1 U 51
53 1 L 7
54 1 U 53
55 1 U 46
56 1 U 9
57 0 U 56
58 0 U 57
59 0 U 58
60 1 U 59
61 0 U 60
62 1 U 61
63
0 1 L -1
1 1 U 0
2 1 U 1
3 0 U 2
4 1 U 3
5 1 U 4
6 1 U 3
7 0 L 2
8 1 U 7
9 1 U 0
10 0 U 9
11 0 U 10
12 1 U 11
13 1 U -1
14 1 U -1
15 0 U 14
16 0 U 15
17 0 U 16
18 0 L 13
19 0 U 18
20 0 U -1
21 1 U -1
22 0 U 13
23 1 U 22
24 1 L 0
25 1 U 24
26 1 U 25
27 1 L 26
28 0 U 24
29 0 U 28
30 1 U 29
31 0 U 30
32 1 L 10
33 1 U 25
34 0 U 33
35 1 L 19
36 1 U 35
37 1 L 36
38 0 U 37
39 1 U 38
40 1 U 39
41 0 U 40
42 0 U 30
43 1 U 25
44 0 U 7
45 1 U 44
46 1 U 19
47 1 U 17
48 1 L 0
49 0 U 0
50 1 U 49
51 0 U 50
52 1 U 51
53 1 L 49
54 1 U 53
55 1 U 46
56 1 U 9
57 0 U 56
58 0 U 57
59 0 U 58
60 0 L 56
61 0 U 60
62 1 U 61
63
0 1 L -1
1 1 U 0
2 1 U 1
3 0 U 2
4 1 U 3
5 1 U 4
6 0 L 2
7 0 L 2
8 0 L 2
9 0 U 8
10 0 U 9
11 0 U 10
12 1 U 11
13 1 U -1
14 1 U -1
15 0 U 14
16 0 U 15
17 0 U 16
18 0 L 13
19 0 U 18
20 0 U -1
21 1 U -1
22 0 U 21
23 1 U 22
24 1 L 0
25 1 U 24
26 1 U 25
27 1 L 26
28 0 U 24
29 0 U 28
30 1 U 29
31 0 U 30
32 1 U 2
33 1 U 25
34 0 U 33
35 1 L 19
36 1 U 35
37 1 L 34
38 0 U 37
39 1 U 38
40 1 U 39
41 0 U 40
42 0 U 30
43 1 U 25
44 1 L 9
45 1 U 44
46 1 U 19
47 1 U 17
48 1 L 0
49 1 U -1
50 1 U 49
51 0 U 50
52 1 U 51
53 1 L 49
54 1 U 53
55 1 U 46
56 1 U 9
57 0 U 56
58 0 L 24
59 0 U 58
60 1 U 59
61 0 U 60
62 1 U 61
63
0 1 L -1
1 1 U 0
2 1 U 1
3 0 U 2
4 1 U 3
5 1 U 4
6 0 U -1
7 0 L 2
8 1 U 7
9 0 U 8
10 0 U 9
11 0 U 10
12 1 U 11
13 1 L 6
14 1 U -1
15 0 U 14
16 0 U 15
17 1 L 9
18 0 L 13
19 0 U 18
20 0 U -1
21 1 U -1
22 0 U 21
23 1 U 22
24 1 L 0
25 1 U 24
26 1 U 25
27 1 L 26
28 0 U 24
29 0 U 28
30 1 U 29
31 0 U 30
32 1 L 10
33 1 U 25
34 0 U 33
35 1 L 19
36 1 U 0
37 1 L 34
38 0 U 37
39 0 L 18
40 1 L 34
41 0 U 40
42 0 U 30
43 1 U 25
44 1 L 27
45 0 L 13
46 1 U 19
47 1 U 17
48 1 L 0
49 1 U -1
50 1 U 49
51 0 U 50
52 1 U 51
53 1 L 49
54 1 U 53
55 1 U 46
56 1 U 9
57 0 U 56
58 0 U 57
59 0 U 58
60 1 U 59
61 0 U 60
62 1 U 61
63
0 1 L -1
1 1 U 0
2 0 L 0
3 0 U 2
4 1 U -1
5 1 U 4
6 1 U 3
7 0 L 2
8 1 U 7
9 0 U 8
10 1 L 1
11 0 U 9
12 0 L 3
13 1 U -1
14 1 U -1
15 0 U 14
16 0 U 15
17 0 U 16
18 0 L 13
19 0 U 18
20 0 U -1
21 1 U -1
22 0 U 21
23 1 U 22
24 1 L 0
25 1 U 24
26 1 U 25
27 1 L 26
28 0 U 24
29 0 U 28
30 1 U 29
31 1 L 24
32 1 U 30
33 1 U 25
34 0 U 33
35 1 L 19
36 1 U 35
37 1 L 34
38 0 U 37
39 1 U 38
40 1 U 39
41 0 U 40
42 0 L 28
43 1 U 25
44 0 U 7
45 1 U 44
46 1 U 19
47 1 U 17
48 1 L 0
49 1 U -1
50 1 U 49
51 0 U 50
52 1 U 51
53 1 L 49
54 1 U 53
55 1 U 46
56 1 U 9
57 0 U 56
58 0 U 57
59 0 U 58
60 1 U 59
61 0 U 60
62 1 U 61
63
0 1 L -1
1 1 U 0
2 1 U 1
3 0 U 2
4 1 U 3
5 1 U 4
6 1 U 3
7 0 L 2
8 1 U 7
9 0 L 3
10 0 U 9
11 0 U 10
12 1 U 11
13 1 U -1
14 1 U -1
15 0 U 14
16 0 U 15
17 0 U 16
18 0 L 13
19 0 U 18
20 1 U 15
21 1 U -1
22 0 U 21
23 1 U 22
24 1 L 0
25 1 U 24
26 1 U 25
27 1 L 26
28 0 U 24
29 0 L 10
30 1 U 29
31 0 U 30
32 1 L 10
33 1 U 25
34 0 U 33
35 1 L 19
36 1 U 35
37 1 L 34
38 0 U 37
39 1 U 38
40 1 U 39
41 0 U 40
42 0 U 30
43 1 U 25
44 0 U 7
45 0 U 7
46 1 U 19
47 1 U 17
48 1 L 0
49 1 U -1
50 1 U 49
51 0 U 50
52 1 U 51
53 1 L 49
54 1 U 53
55 1 L 35
56 1 U 9
57 0 U 56
58 0 U 57
59 0 U 58
60 1 U 59
61 0 U 60
62 0 L 34
63
0 1 L -1
1 1 U 0
2 1 U 1
3 0 U 2
4 1 U 3
5 1 U 4
6 1 U 3
7 0 L 2
8 0 L 5
9 0 U 8
10 0 U 9
11 0 U 10
12 1 U 11
13 1 U -1
14 1 U -1
15 0 U 14
16 0 U 15
17 0 U 16
18 0 L 13
19 0 U 18
20 0 U -1
21 1 U -1
22 0 U 21
23 1 U 22
24 1 L 0
25 1 U 24
26 1 U 25
27 1 U 17
28 0 U 24
29 0 U 28
30 1 U 29
31 0 U 30
32 1 L 10
33 1 U 25
34 0 U 33
35 1 L 19
36 1 U 35
37 1 L 34
38 0 U 37
39 1 U 38
40 1 U 39
41 0 U 40
42 0 U 30
43 0 U 7
44 0 U 7
45 1 U 44
46 1 U 19
47 1 U 17
48 1 L 0
49 1 U -1
50 1 U 49
51 0 U 50
52 1 U 51
53 1 L 49
54 1 U 53
55 1 U 46
56 1 U 9
57 0 U 56
58 0 U 57
59 0 U 58
60 1 U 59
61 0 U 60
62 1 U 61
63
0 1 L -1
1 1 U 0
2 1 U 1
3 0 U 2
4 1 U 3
5 1 U 4
6 1 U 3
7 0 L 5
8 1 U 7
9 0 U 8
10 0 U 9
11 0 U 10
12 1 L 4
13 1 U -1
14 1 U -1
15 0 U 14
16 1 U 9
17 0 U 16
18 1 U 8
19 0 U 18
20 0 U -1
21 1 U -1
22 0 U 21
23 1 U 22
24 1 L 0
25 1 U 24
26 0 U 25
27 1 L 26
28 0 U 24
29 0 U 28
30 1 U 29
31 0 U 30
32 1 L 10
33 1 U 25
34 0 U 33
35 1 L 19
36 1 U 35
37 1 L 34
38 0 U 37
39 1 U 38
40 1 U 39
41 0 U 40
42 0 U 30
43 1 U 25
44 0 U 7
45 1 U 44
46 1 U 19
47 1 U 17
48 1 L 0
49 1 L 33
50 1 U 49
51 0 U 50
52 1 U 34
53 1 L 49
54 1 U 53
55 1 U 4
56 1 U 9
57 0 U 56
58 0 U 57
59 0 U 16
60 1 U 59
61 0 U 60
62 0 L 10
63
0 1 L -1
1 0 L -1
2 1 U 1
3 0 U 2
4 1 U 3
5 1 U 4
6 0 L 2
7 0 L 2
8 1 U 7
9 0 U 8
10 0 U 9
11 0 U 10
12 1 U 11
13 1 U -1
14 1 U -1
15 0 U 14
16 0 U 15
17 1 L 2
18 0 L 13
19 0 U 18
20 0 U -1
21 1 U -1
22 0 U 21
23 1 U 22
24 1 L 0
25 1 U 24
26 0 L -1
27 1 L 26
28 0 U 24
29 0 U 28
30 1 U 29
31 0 U 30
32 1 L 10
33 1 U 25
34 0 U 33
35 1 L 19
36 1 U 35
37 1 L 34
38 0 U 37
39 1 U 38
40 1 U 39
41 0 U 40
42 0 U 30
43 1 U 25
44 0 U 7
45 1 U 44
46 1 U 19
47 1 U 17
48 1 L 0
49 1 U -1
50 1 U 49
51 0 U 50
52 1 U 51
53 1 L 49
54 1 L 51
55 1 U 46
56 0 L 19
57 1 L 7
58 0 U 57
59 0 U 58
60 1 U 59
61 0 U 60
62 0 U 21
63
0 1 L -1
1 1 U 0
2 0 U 0
3 0 U 2
4 1 U 3
5 1 U 4
6 1 U 3
7 0 L 2
8 1 L 0
9 0 U 8
10 0 U 9
11 0 U 10
12 1 U 11
13 1 U -1
14 1 U 7
15 1 L 0
16 0 U 15
17 0 U 16
18 0 L 13
19 1 U 14
20 0 U -1
21 1 U -1
22 0 U 21
23 1 U 22
24 1 L 0
25 1 U 24
26 1 U 25
27 1 L 26
28 0 U 24
29 0 U 28
30 1 U 29
31 1 L 3
32 1 L 10
33 1 U 25
34 0 U 33
35 1 L 19
36 1 U 35
37 1 L 34
38 0 U 37
39 1 U 38
40 1 L 18
41 0 L 14
42 0 U 30
43 1 L 33
44 0 U 7
45 1 U 44
46 1 U 19
47 1 U 17
48 1 L 0
49 1 U -1
50 1 U 30
51 0 U 50
52 1 U 51
53 1 L 49
54 1 U 53
55 1 U 46
56 1 U 9
57 0 U 56
58 0 U 57
59 1 U 4
60 0 L 40
61 1 L 20
62 1 U 61
63
0 1 L -1
1 0 L -1
2 1 U 1
3 0 U 2
4 1 U 3
5 0 U -1
6 1 U 3
7 0 L 1
8 1 U 7
9 0 U 8
10 0 U 9
11 0 U 10
12 1 U 11
13 1 U -1
14 1 U -1
15 0 U 14
16 0 U 15
17 0 U 16
18 0 L 13
19 0 U 12
20 0 U -1
21 1 U 17
22 0 U 21
23 1 U 22
24 1 L 0
25 1 U 24
26 1 U 25
27 1 L 26
28 0 U 24
29 0 U 28
30 1 U 29
31 0 U 30
32 1 L 10
33 1 U 25
34 0 U 33
35 1 L 19
36 1 L 2
37 1 L 34
38 0 U 37
39 1 U 38
40 1 U 39
41 0 U 40
42 0 U 30
43 1 U 25
44 0 U 7
45 1 U 44
46 1 U 19
47 1 U 17
48 1 L 0
49 1 U -1
50 1 U 49
51 1 U 9
52 1 U 51
53 1 L 49
54 1 L 17
55 1 U 46
56 0 L 26
57 1 U 14
58 0 L 50
59 0 U 58
60 0 L -1
61 0 U 60
62 1 U 61
63
0 1 L -1
1 1 L 0
2 1 U 1
3 0 U 2
4 1 U 3
5 1 L 0
6 1 U 1
7 0 L 2
8 1 U 7
9 0 U 8
10 0 U 2
11 0 U 10
12 1 U 11
13 1 U -1
14 1 U -1
15 0 U 14
16 0 U 15
17 0 U 16
18 0 U 14
19 0 U 18
20 0 U -1
21 1 U -1
22 0 U 21
23 1 U 22
24 1 L 0
25 1 U 24
26 1 U 25
27 1 L 26
28 0 U 24
29 0 U 28
30 1 U 29
31 0 U 30
32 1 L 10
33 1 U 25
34 0 U 33
35 1 L 19
36 1 U 35
37 1 L 34
38 0 L 26
39 1 U 38
40 1 U 39
41 0 U 40
42 0 U 30
43 1 U 25
44 0 U 7
45 1 U 5
46 1 U 19
47 1 U 17
48 1 L 0
49 1 U -1
50 1 U 49
51 0 U 50
52 1 U 51
53 1 L 49
54 1 U 53
55 1 U 46
56 1 U 9
57 0 U 56
58 0 U 57
59 0 U 58
60 1 U 59
61 0 U 60
62 1 U 61
